:Data_list: 20151124_Gp_part_5m.txt
:Created: 2015 Nov 25 0011 UTC
# Prepared by the U.S. Dept. of Commerce, NOAA, Space Weather Prediction Center
# Please send comments and suggestions to SWPC.Webmaster@noaa.gov 
# 
# Label: P > 1 = Particles at >1 Mev
# Label: P > 5 = Particles at >5 Mev
# Label: P >10 = Particles at >10 Mev
# Label: P >30 = Particles at >30 Mev
# Label: P >50 = Particles at >50 Mev
# Label: P>100 = Particles at >100 Mev
# Label: E>0.8 = Electrons at >0.8 Mev
# Label: E>2.0 = Electrons at >2.0 Mev
# Label: E>4.0 = Electrons at >4.0 Mev
# Units: Particles = Protons/cm2-s-sr
# Units: Electrons = Electrons/cm2-s-sr
# Source: GOES-13
# Location: W075
# Missing data: -1.00e+05
#
#                      5-minute  GOES-13 Solar Particle and Electron Flux
#
#                 Modified Seconds
# UTC Date  Time   Julian  of the
# YR MO DA  HHMM    Day     Day     P > 1     P > 5     P >10     P >30     P >50     P>100     E>0.8     E>2.0     E>4.0
#-------------------------------------------------------------------------------------------------------------------------
2015 11 24  0000   57350      0   8.88e-01  1.08e-01  8.32e-02  5.11e-02  4.13e-02  2.15e-02  2.89e+03  7.97e+01 -1.00e+05
2015 11 24  0005   57350    300   9.62e-01  1.49e-01  1.24e-01  8.97e-02  4.72e-02  2.15e-02  2.82e+03  7.53e+01 -1.00e+05
2015 11 24  0010   57350    600   9.34e-01  1.57e-01  1.32e-01  9.99e-02  9.02e-02  3.72e-02  2.76e+03  7.72e+01 -1.00e+05
2015 11 24  0015   57350    900   8.62e-01  1.37e-01  1.12e-01  5.76e-02  4.78e-02  2.81e-02  2.81e+03  7.77e+01 -1.00e+05
2015 11 24  0020   57350   1200   1.06e+00  3.25e-01  3.00e-01  1.28e-01  8.46e-02  4.52e-02  2.83e+03  7.25e+01 -1.00e+05
2015 11 24  0025   57350   1500   2.11e+00  5.08e-01  2.24e-01  8.14e-02  7.16e-02  3.24e-02  2.81e+03  7.68e+01 -1.00e+05
2015 11 24  0030   57350   1800   1.28e+00  2.16e-01  1.26e-01  8.24e-02  7.26e-02  5.28e-02  2.78e+03  7.47e+01 -1.00e+05
2015 11 24  0035   57350   2100   1.41e+00  3.15e-01  1.56e-01  5.11e-02  4.13e-02  2.15e-02  2.75e+03  7.59e+01 -1.00e+05
2015 11 24  0040   57350   2400   1.15e+00  2.25e-01  1.34e-01  8.97e-02  6.08e-02  3.55e-02  2.78e+03  7.51e+01 -1.00e+05
2015 11 24  0045   57350   2700   7.02e-01  1.61e-01  1.35e-01  1.03e-01  8.11e-02  3.32e-02  2.76e+03  7.90e+01 -1.00e+05
2015 11 24  0050   57350   3000   8.83e-01  1.30e-01  1.05e-01  7.25e-02  6.27e-02  4.29e-02  2.75e+03  7.93e+01 -1.00e+05
2015 11 24  0055   57350   3300   7.21e-01  1.81e-01  1.56e-01  1.00e-01  9.04e-02  3.84e-02  2.73e+03  7.41e+01 -1.00e+05
2015 11 24  0100   57350   3600   1.28e+00  2.55e-01  1.42e-01  7.96e-02  4.77e-02  2.15e-02  2.76e+03  7.24e+01 -1.00e+05
2015 11 24  0105   57350   3900   1.07e+00  2.82e-01  2.57e-01  1.38e-01  1.17e-01  6.28e-02  2.74e+03  7.09e+01 -1.00e+05
2015 11 24  0110   57350   4200   1.56e+00  2.92e-01  1.75e-01  1.42e-01  1.32e-01  6.51e-02  2.73e+03  7.30e+01 -1.00e+05
2015 11 24  0115   57350   4500   6.48e-01  1.49e-01  1.24e-01  8.97e-02  4.72e-02  2.15e-02  2.74e+03  7.21e+01 -1.00e+05
2015 11 24  0120   57350   4800   1.24e+00  4.00e-01  2.40e-01  7.77e-02  5.60e-02  2.52e-02  2.73e+03  7.56e+01 -1.00e+05
2015 11 24  0125   57350   5100   7.31e-01  1.48e-01  1.23e-01  6.65e-02  4.47e-02  2.15e-02  2.71e+03  7.61e+01 -1.00e+05
2015 11 24  0130   57350   5400   7.05e-01  1.22e-01  9.72e-02  6.50e-02  5.52e-02  3.55e-02  2.70e+03  7.38e+01 -1.00e+05
2015 11 24  0135   57350   5700   7.77e-01  1.97e-01  1.54e-01  9.34e-02  4.71e-02  2.15e-02  2.74e+03  7.55e+01 -1.00e+05
2015 11 24  0140   57350   6000   6.96e-01  1.32e-01  1.07e-01  5.11e-02  4.13e-02  2.15e-02  2.75e+03  7.50e+01 -1.00e+05
2015 11 24  0145   57350   6300   1.42e+00  3.94e-01  1.84e-01  5.61e-02  4.63e-02  2.31e-02  2.74e+03  7.60e+01 -1.00e+05
2015 11 24  0150   57350   6600   7.26e-01  1.32e-01  1.07e-01  7.49e-02  6.51e-02  2.92e-02  2.76e+03  7.23e+01 -1.00e+05
2015 11 24  0155   57350   6900   8.23e-01  1.94e-01  1.68e-01  1.36e-01  1.26e-01  6.68e-02  2.77e+03  7.58e+01 -1.00e+05
2015 11 24  0200   57350   7200   9.06e-01  2.25e-01  1.37e-01  9.27e-02  6.84e-02  4.45e-02  2.75e+03  7.42e+01 -1.00e+05
2015 11 24  0205   57350   7500   1.31e+00  3.82e-01  2.27e-01  1.29e-01  1.19e-01  5.93e-02  2.74e+03  7.76e+01 -1.00e+05
2015 11 24  0210   57350   7800   7.06e-01  2.18e-01  1.93e-01  7.30e-02  4.62e-02  2.15e-02  2.74e+03  7.48e+01 -1.00e+05
2015 11 24  0215   57350   8100   8.03e-01  1.91e-01  1.66e-01  8.11e-02  7.13e-02  3.12e-02  2.74e+03  8.01e+01 -1.00e+05
2015 11 24  0220   57350   8400   7.53e-01  1.89e-01  1.63e-01  1.31e-01  1.21e-01  4.73e-02  2.74e+03  7.69e+01 -1.00e+05
2015 11 24  0225   57350   8700   8.46e-01  1.65e-01  1.25e-01  8.98e-02  8.00e-02  6.03e-02  2.74e+03  7.35e+01 -1.00e+05
2015 11 24  0230   57350   9000   7.54e-01  2.46e-01  2.20e-01  8.53e-02  4.72e-02  2.15e-02  2.74e+03  7.59e+01 -1.00e+05
2015 11 24  0235   57350   9300   9.59e-01  2.02e-01  1.06e-01  7.25e-02  6.27e-02  4.29e-02  2.73e+03  7.87e+01 -1.00e+05
2015 11 24  0240   57350   9600   1.32e+00  2.14e-01  1.18e-01  8.48e-02  7.50e-02  5.53e-02  2.70e+03  7.72e+01 -1.00e+05
2015 11 24  0245   57350   9900   6.46e-01  2.10e-01  1.85e-01  5.11e-02  4.13e-02  2.15e-02  2.67e+03  7.41e+01 -1.00e+05
2015 11 24  0250   57350  10200   7.05e-01  1.72e-01  1.47e-01  1.15e-01  1.05e-01  7.16e-02  2.61e+03  6.97e+01 -1.00e+05
2015 11 24  0255   57350  10500   7.69e-01  1.40e-01  1.15e-01  8.31e-02  7.33e-02  5.36e-02  2.61e+03  7.33e+01 -1.00e+05
2015 11 24  0300   57350  10800   6.41e-01  1.48e-01  1.23e-01  9.03e-02  6.85e-02  2.92e-02  2.61e+03  7.65e+01 -1.00e+05
2015 11 24  0305   57350  11100   6.35e-01  1.90e-01  1.65e-01  8.48e-02  7.50e-02  5.53e-02  2.58e+03  7.51e+01 -1.00e+05
2015 11 24  0310   57350  11400   5.81e-01  1.79e-01  1.54e-01  1.02e-01  6.92e-02  4.29e-02  2.55e+03  7.03e+01 -1.00e+05
2015 11 24  0315   57350  11700   7.87e-01  1.99e-01  1.04e-01  7.03e-02  6.05e-02  4.08e-02  2.55e+03  7.42e+01 -1.00e+05
2015 11 24  0320   57350  12000   6.18e-01  1.86e-01  1.61e-01  1.15e-01  1.05e-01  4.98e-02  2.54e+03  7.11e+01 -1.00e+05
2015 11 24  0325   57350  12300   1.34e+00  3.01e-01  1.82e-01  1.47e-01  1.01e-01  7.02e-02  2.54e+03  7.14e+01 -1.00e+05
2015 11 24  0330   57350  12600   1.37e+00  5.26e-01  3.17e-01  1.51e-01  1.13e-01  6.97e-02  2.51e+03  7.11e+01 -1.00e+05
2015 11 24  0335   57350  12900   6.99e-01  1.42e-01  1.00e-01  6.50e-02  5.52e-02  3.55e-02  2.48e+03  7.53e+01 -1.00e+05
2015 11 24  0340   57350  13200   5.05e-01  1.13e-01  8.82e-02  5.61e-02  4.63e-02  2.31e-02  2.50e+03  7.24e+01 -1.00e+05
2015 11 24  0345   57350  13500   7.39e-01  1.35e-01  1.10e-01  5.51e-02  4.53e-02  2.56e-02  2.52e+03  7.49e+01 -1.00e+05
2015 11 24  0350   57350  13800   7.70e-01  2.10e-01  1.85e-01  5.11e-02  4.13e-02  2.15e-02  2.51e+03  7.62e+01 -1.00e+05
2015 11 24  0355   57350  14100   8.63e-01  1.61e-01  1.19e-01  8.31e-02  5.93e-02  3.55e-02  2.54e+03  6.80e+01 -1.00e+05
2015 11 24  0400   57350  14400   9.27e-01  2.68e-01  1.73e-01  1.27e-01  1.07e-01  4.61e-02  2.54e+03  7.43e+01 -1.00e+05
2015 11 24  0405   57350  14700   6.93e-01  1.37e-01  1.12e-01  5.76e-02  4.78e-02  2.81e-02  2.53e+03  7.37e+01 -1.00e+05
2015 11 24  0410   57350  15000   1.11e+00  2.50e-01  1.21e-01  8.74e-02  7.76e-02  3.32e-02  2.58e+03  7.75e+01 -1.00e+05
2015 11 24  0415   57350  15300   1.17e+00  2.32e-01  1.36e-01  1.01e-01  6.14e-02  3.30e-02  2.57e+03  7.65e+01 -1.00e+05
2015 11 24  0420   57350  15600   7.25e-01  1.52e-01  1.12e-01  7.76e-02  6.78e-02  4.81e-02  2.56e+03  7.12e+01 -1.00e+05
2015 11 24  0425   57350  15900   7.86e-01  1.36e-01  1.10e-01  7.77e-02  5.60e-02  2.52e-02  2.60e+03  7.37e+01 -1.00e+05
2015 11 24  0430   57350  16200   8.90e-01  2.39e-01  1.49e-01  6.75e-02  5.77e-02  3.80e-02  2.60e+03  7.76e+01 -1.00e+05
2015 11 24  0435   57350  16500   9.44e-01  2.10e-01  1.18e-01  7.30e-02  4.62e-02  2.15e-02  2.61e+03  8.12e+01 -1.00e+05
2015 11 24  0440   57350  16800   7.91e-01  2.07e-01  1.66e-01  8.07e-02  7.03e-02  5.04e-02  2.65e+03  7.55e+01 -1.00e+05
2015 11 24  0445   57350  17100   5.76e-01  1.36e-01  1.11e-01  7.84e-02  6.86e-02  4.89e-02  2.62e+03  7.84e+01 -1.00e+05
2015 11 24  0450   57350  17400   8.57e-01  2.31e-01  2.06e-01  7.79e-02  5.14e-02  2.43e-02  2.65e+03  7.57e+01 -1.00e+05
2015 11 24  0455   57350  17700   7.65e-01  1.34e-01  1.09e-01  7.70e-02  6.73e-02  3.77e-02  2.65e+03  7.58e+01 -1.00e+05
2015 11 24  0500   57350  18000   6.39e-01  1.20e-01  9.52e-02  6.28e-02  4.71e-02  2.56e-02  2.61e+03  7.78e+01 -1.00e+05
2015 11 24  0505   57350  18300   7.52e-01  2.70e-01  2.45e-01  1.75e-01  1.65e-01  8.25e-02  2.64e+03  7.36e+01 -1.00e+05
2015 11 24  0510   57350  18600   8.36e-01  2.74e-01  2.49e-01  1.06e-01  6.90e-02  4.14e-02  2.61e+03  7.60e+01 -1.00e+05
2015 11 24  0515   57350  18900   1.07e+00  1.87e-01  9.52e-02  5.11e-02  4.13e-02  2.15e-02  2.60e+03  7.49e+01 -1.00e+05
2015 11 24  0520   57350  19200   1.16e+00  2.42e-01  1.47e-01  1.13e-01  9.10e-02  6.77e-02  2.59e+03  7.57e+01 -1.00e+05
2015 11 24  0525   57350  19500   9.01e-01  2.57e-01  2.31e-01  9.55e-02  4.71e-02  2.15e-02  2.59e+03  7.60e+01 -1.00e+05
2015 11 24  0530   57350  19800   8.02e-01  1.08e-01  8.32e-02  5.11e-02  4.13e-02  2.15e-02  2.58e+03  7.96e+01 -1.00e+05
2015 11 24  0535   57350  20100   8.18e-01  1.32e-01  1.07e-01  5.11e-02  4.13e-02  2.15e-02  2.59e+03  7.70e+01 -1.00e+05
2015 11 24  0540   57350  20400   1.41e+00  3.00e-01  1.38e-01  1.05e-01  9.49e-02  7.51e-02  2.58e+03  7.69e+01 -1.00e+05
2015 11 24  0545   57350  20700   1.63e+00  2.93e-01  1.52e-01  8.83e-02  4.72e-02  2.15e-02  2.58e+03  7.51e+01 -1.00e+05
2015 11 24  0550   57350  21000   7.57e-01  1.53e-01  1.28e-01  9.60e-02  8.44e-02  3.52e-02  2.58e+03  7.84e+01 -1.00e+05
2015 11 24  0555   57350  21300   8.92e-01  2.18e-01  1.29e-01  8.48e-02  7.50e-02  5.53e-02  2.54e+03  7.80e+01 -1.00e+05
2015 11 24  0600   57350  21600   7.55e-01  1.51e-01  1.26e-01  9.27e-02  5.06e-02  2.15e-02  2.58e+03  7.85e+01 -1.00e+05
2015 11 24  0605   57350  21900   1.11e+00  3.85e-01  2.07e-01  5.11e-02  4.13e-02  2.15e-02  2.60e+03  7.57e+01 -1.00e+05
2015 11 24  0610   57350  22200   9.35e-01  1.26e-01  1.01e-01  6.86e-02  5.88e-02  2.72e-02  2.60e+03  8.15e+01 -1.00e+05
2015 11 24  0615   57350  22500   7.46e-01  2.10e-01  1.85e-01  5.11e-02  4.13e-02  2.15e-02  2.63e+03  8.11e+01 -1.00e+05
2015 11 24  0620   57350  22800   1.44e+00  4.24e-01  2.46e-01  8.83e-02  4.72e-02  2.15e-02  2.71e+03  7.94e+01 -1.00e+05
2015 11 24  0625   57350  23100   9.31e-01  1.78e-01  1.35e-01  5.11e-02  4.13e-02  2.15e-02  2.66e+03  8.25e+01 -1.00e+05
2015 11 24  0630   57350  23400   7.85e-01  2.10e-01  1.85e-01  5.11e-02  4.13e-02  2.15e-02  2.73e+03  8.55e+01 -1.00e+05
2015 11 24  0635   57350  23700   1.29e+00  1.90e-01  9.36e-02  5.99e-02  4.33e-02  2.15e-02  2.74e+03  8.50e+01 -1.00e+05
2015 11 24  0640   57350  24000   8.24e-01  1.24e-01  9.91e-02  6.65e-02  4.47e-02  2.15e-02  2.76e+03  8.19e+01 -1.00e+05
2015 11 24  0645   57350  24300   6.06e-01  1.61e-01  1.36e-01  1.02e-01  6.36e-02  3.80e-02  2.76e+03  8.09e+01 -1.00e+05
2015 11 24  0650   57350  24600   1.66e+00  2.62e-01  1.49e-01  1.15e-01  1.06e-01  7.52e-02  2.79e+03  8.52e+01 -1.00e+05
2015 11 24  0655   57350  24900   1.29e+00  2.00e-01  1.75e-01  1.41e-01  1.04e-01  3.93e-02  2.81e+03  8.17e+01 -1.00e+05
2015 11 24  0700   57350  25200   9.41e-01  1.37e-01  1.12e-01  5.76e-02  4.78e-02  2.81e-02  2.88e+03  9.00e+01 -1.00e+05
2015 11 24  0705   57350  25500   7.81e-01  1.67e-01  1.42e-01  1.09e-01  8.73e-02  3.52e-02  2.91e+03  8.35e+01 -1.00e+05
2015 11 24  0710   57350  25800   9.40e-01  1.82e-01  1.57e-01  1.24e-01  9.16e-02  6.52e-02  2.91e+03  9.02e+01 -1.00e+05
2015 11 24  0715   57350  26100   9.41e-01  1.52e-01  1.27e-01  9.47e-02  8.50e-02  6.52e-02  2.91e+03  8.85e+01 -1.00e+05
2015 11 24  0720   57350  26400   9.19e-01  2.13e-01  1.88e-01  5.51e-02  4.53e-02  2.56e-02  2.92e+03  9.54e+01 -1.00e+05
2015 11 24  0725   57350  26700   1.01e+00  1.29e-01  1.04e-01  6.98e-02  6.00e-02  3.20e-02  2.92e+03  8.95e+01 -1.00e+05
2015 11 24  0730   57350  27000   9.31e-01  1.26e-01  1.01e-01  6.82e-02  5.40e-02  3.30e-02  2.93e+03  9.16e+01 -1.00e+05
2015 11 24  0735   57350  27300   9.20e-01  1.08e-01  8.32e-02  5.11e-02  4.13e-02  2.15e-02  2.95e+03  9.56e+01 -1.00e+05
2015 11 24  0740   57350  27600   1.24e+00  2.50e-01  1.61e-01  6.94e-02  5.96e-02  3.99e-02  2.92e+03  8.88e+01 -1.00e+05
2015 11 24  0745   57350  27900   1.10e+00  1.47e-01  1.22e-01  7.00e-02  6.02e-02  4.05e-02  2.91e+03  9.30e+01 -1.00e+05
2015 11 24  0750   57350  28200   1.02e+00  1.95e-01  1.70e-01  1.38e-01  1.28e-01  4.93e-02  2.92e+03  8.38e+01 -1.00e+05
2015 11 24  0755   57350  28500   1.88e+00  2.41e-01  1.53e-01  9.47e-02  8.50e-02  6.52e-02  2.92e+03  9.26e+01 -1.00e+05
2015 11 24  0800   57350  28800   1.92e+00  2.24e-01  1.32e-01  9.74e-02  6.04e-02  2.52e-02  2.94e+03  9.53e+01 -1.00e+05
2015 11 24  0805   57350  29100   8.44e-01  1.46e-01  1.21e-01  5.11e-02  4.13e-02  2.15e-02  2.93e+03  9.27e+01 -1.00e+05
2015 11 24  0810   57350  29400   9.88e-01  1.78e-01  1.53e-01  1.21e-01  1.11e-01  7.36e-02  2.96e+03  9.22e+01 -1.00e+05
2015 11 24  0815   57350  29700   8.81e-01  1.52e-01  1.27e-01  9.49e-02  8.51e-02  6.54e-02  3.00e+03  8.75e+01 -1.00e+05
2015 11 24  0820   57350  30000   7.99e-01  1.46e-01  1.21e-01  8.91e-02  7.93e-02  3.99e-02  2.95e+03  9.42e+01 -1.00e+05
2015 11 24  0825   57350  30300   1.09e+00  1.89e-01  1.63e-01  1.31e-01  1.21e-01  4.73e-02  3.01e+03  9.45e+01 -1.00e+05
2015 11 24  0830   57350  30600   1.53e+00  2.04e-01  1.12e-01  7.85e-02  6.87e-02  4.32e-02  3.04e+03  9.65e+01 -1.00e+05
2015 11 24  0835   57350  30900   1.49e+00  2.10e-01  1.19e-01  5.11e-02  4.13e-02  2.15e-02  3.06e+03  9.59e+01 -1.00e+05
2015 11 24  0840   57350  31200   1.04e+00  1.48e-01  1.23e-01  6.65e-02  4.47e-02  2.15e-02  3.07e+03  9.70e+01 -1.00e+05
2015 11 24  0845   57350  31500   1.17e+00  1.30e-01  8.65e-02  5.11e-02  4.13e-02  2.15e-02  3.11e+03  1.01e+02 -1.00e+05
2015 11 24  0850   57350  31800   1.12e+00  1.77e-01  1.51e-01  8.24e-02  7.26e-02  5.28e-02  3.10e+03  1.03e+02 -1.00e+05
2015 11 24  0855   57350  32100   2.17e+00  2.26e-01  1.35e-01  6.65e-02  4.47e-02  2.15e-02  3.09e+03  1.05e+02 -1.00e+05
2015 11 24  0900   57350  32400   1.53e+00  2.10e-01  1.85e-01  5.11e-02  4.13e-02  2.15e-02  3.11e+03  1.03e+02 -1.00e+05
2015 11 24  0905   57350  32700   2.07e+00  1.95e-01  9.83e-02  6.46e-02  4.94e-02  2.81e-02  3.15e+03  1.05e+02 -1.00e+05
2015 11 24  0910   57350  33000   1.16e+00  2.57e-01  2.32e-01  1.08e-01  9.18e-02  7.02e-02  3.16e+03  9.89e+01 -1.00e+05
2015 11 24  0915   57350  33300   2.62e+00  3.07e-01  1.88e-01  1.53e-01  1.18e-01  4.81e-02  3.16e+03  9.94e+01 -1.00e+05
2015 11 24  0920   57350  33600   1.79e+00  2.32e-01  1.72e-01  1.34e-01  1.24e-01  7.94e-02  3.22e+03  1.01e+02 -1.00e+05
2015 11 24  0925   57350  33900   1.43e+00  2.67e-01  2.42e-01  1.10e-01  7.69e-02  5.05e-02  3.25e+03  9.92e+01 -1.00e+05
2015 11 24  0930   57350  34200   1.48e+00  1.92e-01  1.67e-01  1.21e-01  9.48e-02  7.02e-02  3.25e+03  9.73e+01 -1.00e+05
2015 11 24  0935   57350  34500   1.85e+00  1.30e-01  8.65e-02  5.11e-02  4.13e-02  2.15e-02  3.29e+03  1.13e+02 -1.00e+05
2015 11 24  0940   57350  34800   1.62e+00  2.38e-01  2.13e-01  8.73e-02  7.75e-02  5.78e-02  3.35e+03  1.03e+02 -1.00e+05
2015 11 24  0945   57350  35100   1.68e+00  1.82e-01  1.57e-01  1.25e-01  1.15e-01  4.53e-02  3.40e+03  1.11e+02 -1.00e+05
2015 11 24  0950   57350  35400   1.71e+00  1.35e-01  1.01e-01  6.23e-02  5.25e-02  2.52e-02  3.40e+03  1.13e+02 -1.00e+05
2015 11 24  0955   57350  35700   2.67e+00  1.81e-01  8.45e-02  5.11e-02  4.13e-02  2.15e-02  3.46e+03  1.14e+02 -1.00e+05
2015 11 24  1000   57350  36000   1.91e+00  2.02e-01  1.77e-01  1.42e-01  7.09e-02  2.72e-02  3.49e+03  1.13e+02 -1.00e+05
2015 11 24  1005   57350  36300   1.80e+00  1.17e-01  9.22e-02  6.01e-02  5.03e-02  3.05e-02  3.48e+03  1.17e+02 -1.00e+05
2015 11 24  1010   57350  36600   1.70e+00  1.53e-01  1.27e-01  7.74e-02  6.76e-02  4.79e-02  3.55e+03  1.17e+02 -1.00e+05
2015 11 24  1015   57350  36900   3.10e+00  2.84e-01  1.72e-01  1.38e-01  1.29e-01  5.23e-02  3.56e+03  1.19e+02 -1.00e+05
2015 11 24  1020   57350  37200   2.00e+00  2.39e-01  2.14e-01  7.96e-02  4.77e-02  2.15e-02  3.58e+03  1.20e+02 -1.00e+05
2015 11 24  1025   57350  37500   2.29e+00  2.02e-01  1.61e-01  8.98e-02  8.00e-02  6.03e-02  3.68e+03  1.20e+02 -1.00e+05
2015 11 24  1030   57350  37800   1.99e+00  1.45e-01  1.20e-01  8.77e-02  7.79e-02  3.44e-02  3.69e+03  1.23e+02 -1.00e+05
2015 11 24  1035   57350  38100   2.06e+00  1.91e-01  1.66e-01  1.34e-01  1.24e-01  7.94e-02  3.75e+03  1.18e+02 -1.00e+05
2015 11 24  1040   57350  38400   2.05e+00  1.38e-01  1.13e-01  8.11e-02  7.13e-02  3.12e-02  3.74e+03  1.25e+02 -1.00e+05
2015 11 24  1045   57350  38700   2.22e+00  1.61e-01  1.28e-01  9.38e-02  8.40e-02  5.82e-02  3.73e+03  1.20e+02 -1.00e+05
2015 11 24  1050   57350  39000   3.90e+00  2.85e-01  1.20e-01  6.01e-02  5.03e-02  3.05e-02  3.76e+03  1.24e+02 -1.00e+05
2015 11 24  1055   57350  39300   2.62e+00  1.88e-01  1.05e-01  6.23e-02  5.25e-02  2.52e-02  3.75e+03  1.28e+02 -1.00e+05
2015 11 24  1100   57350  39600   2.41e+00  1.78e-01  1.35e-01  5.11e-02  4.13e-02  2.15e-02  3.74e+03  1.24e+02 -1.00e+05
2015 11 24  1105   57350  39900   2.98e+00  1.94e-01  9.84e-02  6.50e-02  5.52e-02  3.55e-02  3.76e+03  1.25e+02 -1.00e+05
2015 11 24  1110   57350  40200   2.36e+00  1.72e-01  1.47e-01  1.02e-01  9.24e-02  7.27e-02  3.78e+03  1.24e+02 -1.00e+05
2015 11 24  1115   57350  40500   2.22e+00  1.20e-01  9.47e-02  6.25e-02  5.28e-02  3.30e-02  3.78e+03  1.27e+02 -1.00e+05
2015 11 24  1120   57350  40800   2.43e+00  1.46e-01  1.04e-01  6.82e-02  5.40e-02  3.30e-02  3.83e+03  1.29e+02 -1.00e+05
2015 11 24  1125   57350  41100   4.01e+00  2.38e-01  9.73e-02  6.40e-02  5.42e-02  3.18e-02  3.87e+03  1.33e+02 -1.00e+05
2015 11 24  1130   57350  41400   2.51e+00  1.10e-01  8.48e-02  5.26e-02  4.28e-02  2.31e-02  3.90e+03  1.33e+02 -1.00e+05
2015 11 24  1135   57350  41700   2.35e+00  1.08e-01  8.32e-02  5.11e-02  4.13e-02  2.15e-02  3.91e+03  1.38e+02 -1.00e+05
2015 11 24  1140   57350  42000   2.65e+00  2.52e-01  2.27e-01  9.44e-02  5.99e-02  3.30e-02  3.93e+03  1.37e+02 -1.00e+05
2015 11 24  1145   57350  42300   2.37e+00  2.16e-01  1.91e-01  1.13e-01  9.76e-02  6.04e-02  3.94e+03  1.33e+02 -1.00e+05
2015 11 24  1150   57350  42600   2.86e+00  2.99e-01  2.59e-01  1.24e-01  9.16e-02  6.52e-02  3.97e+03  1.37e+02 -1.00e+05
2015 11 24  1155   57350  42900   4.37e+00  3.94e-01  2.12e-01  5.34e-02  4.18e-02  2.15e-02  4.07e+03  1.41e+02 -1.00e+05
2015 11 24  1200   57350  43200   3.66e+00  2.49e-01  1.67e-01  1.25e-01  1.15e-01  4.53e-02  4.09e+03  1.41e+02 -1.00e+05
2015 11 24  1205   57350  43500   2.98e+00  1.50e-01  1.25e-01  9.27e-02  8.30e-02  2.30e-02  4.10e+03  1.45e+02 -1.00e+05
2015 11 24  1210   57350  43800   2.85e+00  2.48e-01  2.23e-01  8.91e-02  5.12e-02  2.56e-02  4.20e+03  1.42e+02 -1.00e+05
2015 11 24  1215   57350  44100   3.10e+00  1.91e-01  1.66e-01  1.34e-01  1.24e-01  5.29e-02  4.27e+03  1.45e+02 -1.00e+05
2015 11 24  1220   57350  44400   5.05e+00  2.14e-01  9.35e-02  5.99e-02  4.33e-02  2.15e-02  4.26e+03  1.53e+02 -1.00e+05
2015 11 24  1225   57350  44700   3.89e+00  2.10e-01  1.28e-01  8.43e-02  5.75e-02  2.52e-02  4.26e+03  1.46e+02 -1.00e+05
2015 11 24  1230   57350  45000   3.22e+00  1.75e-01  1.50e-01  8.21e-02  7.23e-02  5.26e-02  4.34e+03  1.46e+02 -1.00e+05
2015 11 24  1235   57350  45300   3.27e+00  2.19e-01  1.94e-01  5.99e-02  4.33e-02  2.15e-02  4.45e+03  1.52e+02 -1.00e+05
2015 11 24  1240   57350  45600   3.21e+00  1.35e-01  1.10e-01  7.74e-02  6.76e-02  4.79e-02  4.44e+03  1.48e+02 -1.00e+05
2015 11 24  1245   57350  45900   3.18e+00  1.60e-01  1.35e-01  1.03e-01  9.28e-02  4.76e-02  4.45e+03  1.55e+02 -1.00e+05
2015 11 24  1250   57350  46200   3.94e+00  1.76e-01  1.33e-01  7.30e-02  4.62e-02  2.15e-02  4.44e+03  1.55e+02 -1.00e+05
2015 11 24  1255   57350  46500   3.13e+00  1.76e-01  1.51e-01  1.05e-01  8.72e-02  6.52e-02  4.36e+03  1.52e+02 -1.00e+05
2015 11 24  1300   57350  46800   3.20e+00  2.80e-01  2.54e-01  1.24e-01  1.14e-01  6.28e-02  4.39e+03  1.48e+02 -1.00e+05
2015 11 24  1305   57350  47100   6.47e+00  2.97e-01  1.27e-01  9.37e-02  8.39e-02  3.52e-02  4.43e+03  1.55e+02 -1.00e+05
2015 11 24  1310   57350  47400   4.40e+00  1.87e-01  9.52e-02  5.11e-02  4.13e-02  2.15e-02  4.41e+03  1.56e+02 -1.00e+05
2015 11 24  1315   57350  47700   3.76e+00  2.94e-01  2.52e-01  1.22e-01  8.47e-02  2.30e-02  4.45e+03  1.50e+02 -1.00e+05
2015 11 24  1320   57350  48000   3.46e+00  1.56e-01  1.14e-01  7.77e-02  5.23e-02  2.81e-02  4.42e+03  1.54e+02 -1.00e+05
2015 11 24  1325   57350  48300   5.47e+00  3.85e-01  2.07e-01  5.11e-02  4.13e-02  2.15e-02  4.46e+03  1.50e+02 -1.00e+05
2015 11 24  1330   57350  48600   5.90e+00  2.14e-01  9.34e-02  6.01e-02  5.03e-02  3.05e-02  4.47e+03  1.61e+02 -1.00e+05
2015 11 24  1335   57350  48900   3.33e+00  1.41e-01  1.16e-01  8.32e-02  6.34e-02  3.38e-02  4.46e+03  1.66e+02 -1.00e+05
2015 11 24  1340   57350  49200   4.94e+00  2.10e-01  1.19e-01  5.11e-02  4.13e-02  2.15e-02  4.50e+03  1.62e+02 -1.00e+05
2015 11 24  1345   57350  49500   6.39e+00  3.39e-01  2.00e-01  1.65e-01  1.31e-01  5.58e-02  4.53e+03  1.61e+02 -1.00e+05
2015 11 24  1350   57350  49800   5.28e+00  3.38e-01  2.17e-01  1.66e-01  1.02e-01  5.29e-02  4.53e+03  1.68e+02 -1.00e+05
2015 11 24  1355   57350  50100   3.29e+00  1.27e-01  1.02e-01  7.00e-02  6.02e-02  4.05e-02  4.53e+03  1.64e+02 -1.00e+05
2015 11 24  1400   57350  50400   3.76e+00  1.11e-01  8.56e-02  5.34e-02  4.18e-02  2.15e-02  4.65e+03  1.63e+02 -1.00e+05
2015 11 24  1405   57350  50700   4.68e+00  2.39e-01  1.48e-01  1.04e-01  9.43e-02  3.69e-02  4.65e+03  1.65e+02 -1.00e+05
2015 11 24  1410   57350  51000   3.47e+00  1.82e-01  1.57e-01  1.25e-01  1.15e-01  4.53e-02  4.68e+03  1.68e+02 -1.00e+05
2015 11 24  1415   57350  51300   3.56e+00  1.89e-01  1.64e-01  1.31e-01  1.22e-01  7.03e-02  4.71e+03  1.70e+02 -1.00e+05
2015 11 24  1420   57350  51600   3.98e+00  2.29e-01  2.04e-01  7.12e-02  5.09e-02  2.81e-02  4.73e+03  1.66e+02 -1.00e+05
2015 11 24  1425   57350  51900   3.86e+00  2.40e-01  2.15e-01  1.38e-01  1.14e-01  6.99e-02  4.73e+03  1.74e+02 -1.00e+05
2015 11 24  1430   57350  52200   3.85e+00  2.10e-01  1.85e-01  5.11e-02  4.13e-02  2.15e-02  4.74e+03  1.66e+02 -1.00e+05
2015 11 24  1435   57350  52500   4.77e+00  2.23e-01  1.31e-01  8.53e-02  4.72e-02  2.15e-02  4.76e+03  1.76e+02 -1.00e+05
2015 11 24  1440   57350  52800   5.28e+00  2.61e-01  1.83e-01  6.86e-02  5.88e-02  2.72e-02  4.74e+03  1.78e+02 -1.00e+05
2015 11 24  1445   57350  53100   3.76e+00  1.64e-01  1.39e-01  1.07e-01  9.52e-02  5.49e-02  4.84e+03  1.70e+02 -1.00e+05
2015 11 24  1450   57350  53400   6.60e+00  3.71e-01  2.29e-01  7.30e-02  4.62e-02  2.15e-02  4.89e+03  1.74e+02 -1.00e+05
2015 11 24  1455   57350  53700   6.31e+00  1.88e-01  9.68e-02  5.26e-02  4.28e-02  2.31e-02  4.90e+03  1.75e+02 -1.00e+05
2015 11 24  1500   57350  54000   4.83e+00  2.76e-01  2.33e-01  8.43e-02  5.38e-02  2.81e-02  4.88e+03  1.77e+02 -1.00e+05
2015 11 24  1505   57350  54300   5.72e+00  1.87e-01  9.52e-02  5.11e-02  4.13e-02  2.15e-02  4.89e+03  1.80e+02 -1.00e+05
2015 11 24  1510   57350  54600   8.33e+00  2.93e-01  1.21e-01  8.74e-02  7.76e-02  3.32e-02  4.90e+03  1.77e+02 -1.00e+05
2015 11 24  1515   57350  54900   3.95e+00  1.33e-01  1.08e-01  7.14e-02  4.59e-02  2.15e-02  4.92e+03  1.80e+02 -1.00e+05
2015 11 24  1520   57350  55200   6.00e+00  2.50e-01  1.58e-01  1.12e-01  1.03e-01  4.13e-02  4.94e+03  1.75e+02 -1.00e+05
2015 11 24  1525   57350  55500   4.35e+00  1.62e-01  1.37e-01  1.04e-01  9.47e-02  5.49e-02  4.85e+03  1.79e+02 -1.00e+05
2015 11 24  1530   57350  55800   4.05e+00  1.61e-01  1.35e-01  1.03e-01  8.11e-02  3.32e-02  4.78e+03  1.72e+02 -1.00e+05
2015 11 24  1535   57350  56100   5.90e+00  2.61e-01  1.73e-01  9.43e-02  8.45e-02  6.48e-02  4.77e+03  1.76e+02 -1.00e+05
2015 11 24  1540   57350  56400   4.73e+00  2.39e-01  1.98e-01  7.17e-02  6.19e-02  4.22e-02  4.77e+03  1.74e+02 -1.00e+05
2015 11 24  1545   57350  56700   4.37e+00  1.58e-01  1.33e-01  9.92e-02  5.21e-02  2.15e-02  4.85e+03  1.81e+02 -1.00e+05
2015 11 24  1550   57350  57000   5.29e+00  1.30e-01  8.65e-02  5.11e-02  4.13e-02  2.15e-02  4.93e+03  1.86e+02 -1.00e+05
2015 11 24  1555   57350  57300   5.78e+00  1.89e-01  1.26e-01  8.74e-02  7.76e-02  3.32e-02  4.94e+03  1.87e+02 -1.00e+05
2015 11 24  1600   57350  57600   6.23e+00  2.81e-01  2.15e-01  1.75e-01  1.66e-01  8.44e-02  4.94e+03  1.87e+02 -1.00e+05
2015 11 24  1605   57350  57900   4.51e+00  1.27e-01  1.02e-01  6.94e-02  5.96e-02  3.99e-02  4.95e+03  1.81e+02 -1.00e+05
2015 11 24  1610   57350  58200   6.35e+00  3.06e-01  2.38e-01  1.46e-01  1.04e-01  5.67e-02  4.89e+03  1.81e+02 -1.00e+05
2015 11 24  1615   57350  58500   4.54e+00  2.05e-01  1.80e-01  8.97e-02  7.81e-02  3.32e-02  4.81e+03  1.78e+02 -1.00e+05
2015 11 24  1620   57350  58800   7.35e+00  3.22e-01  1.93e-01  1.59e-01  1.42e-01  5.34e-02  4.74e+03  1.76e+02 -1.00e+05
2015 11 24  1625   57350  59100   6.99e+00  4.79e-01  2.48e-01  1.09e-01  8.78e-02  6.46e-02  4.71e+03  1.74e+02 -1.00e+05
2015 11 24  1630   57350  59400   7.96e+00  2.67e-01  1.09e-01  7.61e-02  6.63e-02  3.40e-02  4.71e+03  1.77e+02 -1.00e+05
2015 11 24  1635   57350  59700   4.15e+00  1.32e-01  1.07e-01  7.49e-02  6.51e-02  2.92e-02  4.71e+03  1.74e+02 -1.00e+05
2015 11 24  1640   57350  60000   4.27e+00  2.73e-01  2.48e-01  1.18e-01  7.68e-02  4.79e-02  4.71e+03  1.70e+02 -1.00e+05
2015 11 24  1645   57350  60300   4.04e+00  1.60e-01  1.35e-01  1.02e-01  8.16e-02  3.62e-02  4.70e+03  1.72e+02 -1.00e+05
2015 11 24  1650   57350  60600   4.10e+00  1.61e-01  1.36e-01  5.61e-02  4.63e-02  2.31e-02  4.70e+03  1.73e+02 -1.00e+05
2015 11 24  1655   57350  60900   4.05e+00  1.25e-01  9.97e-02  6.75e-02  5.77e-02  3.80e-02  4.70e+03  1.77e+02 -1.00e+05
2015 11 24  1700   57350  61200   4.01e+00  1.32e-01  1.07e-01  7.49e-02  6.51e-02  2.92e-02  4.72e+03  1.74e+02 -1.00e+05
2015 11 24  1705   57350  61500   5.98e+00  2.24e-01  1.32e-01  8.73e-02  5.06e-02  2.31e-02  4.71e+03  1.71e+02 -1.00e+05
2015 11 24  1710   57350  61800   6.38e+00  2.75e-01  1.86e-01  9.47e-02  8.50e-02  6.52e-02  4.70e+03  1.67e+02 -1.00e+05
2015 11 24  1715   57350  62100   4.11e+00  1.70e-01  1.45e-01  1.12e-01  1.03e-01  4.13e-02  4.71e+03  1.77e+02 -1.00e+05
2015 11 24  1720   57350  62400   6.99e+00  2.28e-01  1.07e-01  7.30e-02  4.62e-02  2.15e-02  4.68e+03  1.68e+02 -1.00e+05
2015 11 24  1725   57350  62700   4.11e+00  1.95e-01  1.70e-01  1.38e-01  1.28e-01  4.93e-02  4.60e+03  1.69e+02 -1.00e+05
2015 11 24  1730   57350  63000   3.85e+00  1.36e-01  1.10e-01  7.77e-02  5.60e-02  2.52e-02  4.49e+03  1.77e+02 -1.00e+05
2015 11 24  1735   57350  63300   4.22e+00  2.24e-01  1.99e-01  1.66e-01  1.39e-01  5.13e-02  4.59e+03  1.71e+02 -1.00e+05
2015 11 24  1740   57350  63600   4.11e+00  1.74e-01  1.49e-01  7.99e-02  7.01e-02  5.04e-02  4.67e+03  1.65e+02 -1.00e+05
2015 11 24  1745   57350  63900   4.43e+00  3.42e-01  3.17e-01  2.83e-01  2.05e-01  9.49e-02  4.70e+03  1.73e+02 -1.00e+05
2015 11 24  1750   57350  64200   8.63e+00  2.57e-01  1.14e-01  7.96e-02  4.77e-02  2.15e-02  4.68e+03  1.70e+02 -1.00e+05
2015 11 24  1755   57350  64500   4.18e+00  2.11e-01  1.86e-01  1.54e-01  1.44e-01  6.48e-02  4.54e+03  1.69e+02 -1.00e+05
2015 11 24  1800   57350  64800   7.44e+00  2.40e-01  9.97e-02  6.19e-02  5.16e-02  2.50e-02  4.47e+03  1.67e+02 -1.00e+05
2015 11 24  1805   57350  65100   3.70e+00  1.93e-01  1.67e-01  1.31e-01  1.21e-01  4.71e-02  4.46e+03  1.67e+02 -1.00e+05
2015 11 24  1810   57350  65400   3.82e+00  1.27e-01  9.19e-02  5.42e-02  4.39e-02  2.37e-02  4.45e+03  1.68e+02 -1.00e+05
2015 11 24  1815   57350  65700   3.63e+00  1.14e-01  8.83e-02  5.23e-02  4.21e-02  2.19e-02  4.45e+03  1.70e+02 -1.00e+05
2015 11 24  1820   57350  66000   7.28e+00  3.74e-01  1.51e-01  5.23e-02  4.21e-02  2.19e-02  4.45e+03  1.73e+02 -1.00e+05
2015 11 24  1825   57350  66300   7.40e+00  4.64e-01  2.41e-01  1.30e-01  1.20e-01  6.66e-02  4.45e+03  1.60e+02 -1.00e+05
2015 11 24  1830   57350  66600   7.22e+00  4.74e-01  2.18e-01  8.14e-02  5.77e-02  3.36e-02  4.45e+03  1.71e+02 -1.00e+05
2015 11 24  1835   57350  66900   3.80e+00  1.86e-01  1.61e-01  1.25e-01  1.14e-01  4.51e-02  4.45e+03  1.64e+02 -1.00e+05
2015 11 24  1840   57350  67200   3.68e+00  1.49e-01  1.24e-01  8.63e-02  4.80e-02  2.19e-02  4.45e+03  1.66e+02 -1.00e+05
2015 11 24  1845   57350  67500   3.78e+00  3.29e-01  3.03e-01  1.29e-01  9.15e-02  6.33e-02  4.35e+03  1.59e+02 -1.00e+05
2015 11 24  1850   57350  67800   4.10e+00  2.28e-01  1.93e-01  8.74e-02  5.14e-02  2.37e-02  4.32e+03  1.54e+02 -1.00e+05
2015 11 24  1855   57350  68100   3.54e+00  2.38e-01  2.12e-01  8.70e-02  7.67e-02  3.30e-02  4.33e+03  1.55e+02 -1.00e+05
2015 11 24  1900   57350  68400   5.47e+00  3.43e-01  2.21e-01  1.13e-01  9.17e-02  6.83e-02  4.32e+03  1.56e+02 -1.00e+05
2015 11 24  1905   57350  68700   3.58e+00  1.48e-01  1.23e-01  8.65e-02  7.62e-02  2.33e-02  4.27e+03  1.52e+02 -1.00e+05
2015 11 24  1910   57350  69000   3.27e+00  1.14e-01  8.83e-02  5.23e-02  4.21e-02  2.19e-02  4.27e+03  1.63e+02 -1.00e+05
2015 11 24  1915   57350  69300   7.09e+00  5.02e-01  2.03e-01  5.23e-02  4.21e-02  2.19e-02  4.27e+03  1.54e+02 -1.00e+05
2015 11 24  1920   57350  69600   3.77e+00  1.14e-01  8.83e-02  5.23e-02  4.21e-02  2.19e-02  4.26e+03  1.56e+02 -1.00e+05
2015 11 24  1925   57350  69900   5.62e+00  4.24e-01  3.06e-01  1.36e-01  9.30e-02  6.33e-02  4.24e+03  1.58e+02 -1.00e+05
2015 11 24  1930   57350  70200   3.29e+00  1.66e-01  1.40e-01  8.11e-02  7.08e-02  3.24e-02  4.21e+03  1.51e+02 -1.00e+05
2015 11 24  1935   57350  70500   3.08e+00  1.49e-01  1.23e-01  8.70e-02  7.67e-02  3.30e-02  4.16e+03  1.56e+02 -1.00e+05
2015 11 24  1940   57350  70800   4.53e+00  2.25e-01  1.41e-01  9.22e-02  4.80e-02  2.19e-02  4.12e+03  1.51e+02 -1.00e+05
2015 11 24  1945   57350  71100   3.14e+00  1.48e-01  1.22e-01  8.64e-02  7.61e-02  5.59e-02  4.16e+03  1.47e+02 -1.00e+05
2015 11 24  1950   57350  71400   4.52e+00  1.85e-01  1.23e-01  8.07e-02  7.04e-02  3.10e-02  4.17e+03  1.56e+02 -1.00e+05
2015 11 24  1955   57350  71700   3.38e+00  1.33e-01  1.07e-01  7.09e-02  6.06e-02  3.75e-02  4.19e+03  1.53e+02 -1.00e+05
2015 11 24  2000   57350  72000   5.84e+00  2.49e-01  1.29e-01  9.13e-02  8.10e-02  6.09e-02  4.18e+03  1.46e+02 -1.00e+05
2015 11 24  2005   57350  72300   3.33e+00  1.49e-01  1.23e-01  8.60e-02  4.97e-02  2.19e-02  4.12e+03  1.53e+02 -1.00e+05
2015 11 24  2010   57350  72600   3.77e+00  1.26e-01  9.01e-02  5.23e-02  4.21e-02  2.19e-02  4.10e+03  1.48e+02 -1.00e+05
2015 11 24  2015   57350  72900   3.32e+00  1.55e-01  1.29e-01  9.32e-02  8.30e-02  3.50e-02  4.11e+03  1.53e+02 -1.00e+05
2015 11 24  2020   57350  73200   4.91e+00  2.49e-01  1.41e-01  1.03e-01  9.29e-02  5.12e-02  4.05e+03  1.44e+02 -1.00e+05
2015 11 24  2025   57350  73500   4.26e+00  2.01e-01  1.18e-01  7.15e-02  6.12e-02  4.11e-02  4.00e+03  1.47e+02 -1.00e+05
2015 11 24  2030   57350  73800   3.99e+00  2.49e-01  1.68e-01  1.21e-01  8.77e-02  6.09e-02  4.00e+03  1.41e+02 -1.00e+05
2015 11 24  2035   57350  74100   3.15e+00  1.33e-01  9.78e-02  5.98e-02  4.38e-02  2.19e-02  3.96e+03  1.45e+02 -1.00e+05
2015 11 24  2040   57350  74400   2.61e+00  1.14e-01  8.83e-02  5.23e-02  4.21e-02  2.19e-02  3.95e+03  1.44e+02 -1.00e+05
2015 11 24  2045   57350  74700   2.65e+00  1.14e-01  8.83e-02  5.23e-02  4.21e-02  2.19e-02  3.92e+03  1.48e+02 -1.00e+05
2015 11 24  2050   57350  75000   2.70e+00  1.24e-01  9.79e-02  6.19e-02  5.16e-02  2.50e-02  3.91e+03  1.43e+02 -1.00e+05
2015 11 24  2055   57350  75300   3.09e+00  2.96e-01  2.60e-01  9.92e-02  5.26e-02  2.19e-02  3.89e+03  1.38e+02 -1.00e+05
2015 11 24  2100   57350  75600   2.48e+00  1.14e-01  8.83e-02  5.23e-02  4.21e-02  2.19e-02  3.85e+03  1.41e+02 -1.00e+05
2015 11 24  2105   57350  75900   3.66e+00  2.46e-01  1.80e-01  1.37e-01  1.27e-01  4.91e-02  3.83e+03  1.39e+02 -1.00e+05
2015 11 24  2110   57350  76200   2.82e+00  1.26e-01  9.01e-02  5.23e-02  4.21e-02  2.19e-02  3.80e+03  1.36e+02 -1.00e+05
2015 11 24  2115   57350  76500   3.54e+00  2.14e-01  1.30e-01  5.23e-02  4.21e-02  2.19e-02  3.75e+03  1.35e+02 -1.00e+05
2015 11 24  2120   57350  76800   2.60e+00  1.21e-01  9.51e-02  5.91e-02  4.89e-02  2.87e-02  3.76e+03  1.33e+02 -1.00e+05
2015 11 24  2125   57350  77100   2.19e+00  2.14e-01  1.88e-01  9.38e-02  8.35e-02  6.33e-02  3.73e+03  1.39e+02 -1.00e+05
2015 11 24  2130   57350  77400   4.64e+00  2.63e-01  9.68e-02  5.91e-02  4.89e-02  2.87e-02  3.70e+03  1.34e+02 -1.00e+05
2015 11 24  2135   57350  77700   2.62e+00  1.26e-01  9.01e-02  5.23e-02  4.21e-02  2.19e-02  3.62e+03  1.37e+02 -1.00e+05
2015 11 24  2140   57350  78000   3.30e+00  2.12e-01  1.17e-01  7.89e-02  6.87e-02  4.85e-02  3.62e+03  1.28e+02 -1.00e+05
2015 11 24  2145   57350  78300   2.08e+00  1.26e-01  9.01e-02  5.23e-02  4.21e-02  2.19e-02  3.60e+03  1.25e+02 -1.00e+05
2015 11 24  2150   57350  78600   2.13e+00  1.62e-01  1.37e-01  9.92e-02  5.26e-02  2.19e-02  3.57e+03  1.31e+02 -1.00e+05
2015 11 24  2155   57350  78900   2.16e+00  1.87e-01  1.61e-01  5.97e-02  4.95e-02  2.93e-02  3.56e+03  1.27e+02 -1.00e+05
2015 11 24  2200   57350  79200   2.39e+00  1.68e-01  1.33e-01  5.23e-02  4.21e-02  2.19e-02  3.52e+03  1.32e+02 -1.00e+05
2015 11 24  2205   57350  79500   2.61e+00  2.05e-01  1.51e-01  1.10e-01  9.96e-02  5.51e-02  3.49e+03  1.20e+02 -1.00e+05
2015 11 24  2210   57350  79800   1.78e+00  1.30e-01  1.04e-01  6.82e-02  5.79e-02  2.70e-02  3.46e+03  1.28e+02 -1.00e+05
2015 11 24  2215   57350  80100   2.89e+00  2.09e-01  1.16e-01  7.75e-02  6.73e-02  4.71e-02  3.43e+03  1.26e+02 -1.00e+05
2015 11 24  2220   57350  80400   1.87e+00  1.80e-01  1.54e-01  1.18e-01  1.08e-01  4.31e-02  3.42e+03  1.21e+02 -1.00e+05
2015 11 24  2225   57350  80700   2.13e+00  2.86e-01  2.60e-01  1.32e-01  1.16e-01  4.51e-02  3.38e+03  1.24e+02 -1.00e+05
2015 11 24  2230   57350  81000   2.26e+00  1.92e-01  1.08e-01  6.16e-02  5.13e-02  3.12e-02  3.40e+03  1.24e+02 -1.00e+05
2015 11 24  2235   57350  81300   2.07e+00  1.26e-01  9.29e-02  5.56e-02  4.54e-02  2.30e-02  3.35e+03  1.27e+02 -1.00e+05
2015 11 24  2240   57350  81600   1.86e+00  1.72e-01  1.47e-01  8.20e-02  7.17e-02  3.60e-02  3.35e+03  1.18e+02 -1.00e+05
2015 11 24  2245   57350  81900   1.63e+00  1.58e-01  1.32e-01  9.57e-02  8.55e-02  6.22e-02  3.34e+03  1.18e+02 -1.00e+05
2015 11 24  2250   57350  82200   3.47e+00  2.58e-01  1.14e-01  7.64e-02  6.62e-02  4.60e-02  3.28e+03  1.17e+02 -1.00e+05
2015 11 24  2255   57350  82500   2.01e+00  1.68e-01  1.42e-01  1.06e-01  9.55e-02  3.91e-02  3.28e+03  1.17e+02 -1.00e+05
2015 11 24  2300   57350  82800   1.96e+00  2.14e-01  1.88e-01  1.25e-01  1.14e-01  4.51e-02  3.26e+03  1.19e+02 -1.00e+05
2015 11 24  2305   57350  83100   1.79e+00  1.23e-01  9.76e-02  6.16e-02  5.13e-02  3.12e-02  3.23e+03  1.19e+02 -1.00e+05
2015 11 24  2310   57350  83400   1.88e+00  1.15e-01  8.93e-02  5.33e-02  4.23e-02  2.19e-02  3.23e+03  1.20e+02 -1.00e+05
2015 11 24  2315   57350  83700   2.01e+00  2.00e-01  1.75e-01  7.64e-02  6.62e-02  4.60e-02  3.19e+03  1.16e+02 -1.00e+05
2015 11 24  2320   57350  84000   1.87e+00  2.66e-01  2.40e-01  9.26e-02  5.11e-02  2.19e-02  3.12e+03  1.15e+02 -1.00e+05
2015 11 24  2325   57350  84300   1.78e+00  1.37e-01  1.11e-01  7.53e-02  6.50e-02  3.22e-02  3.13e+03  1.12e+02 -1.00e+05
2015 11 24  2330   57350  84600   1.54e+00  1.26e-01  9.01e-02  5.23e-02  4.21e-02  2.19e-02  3.09e+03  1.15e+02 -1.00e+05
2015 11 24  2335   57350  84900   2.45e+00  1.86e-01  9.03e-02  5.23e-02  4.21e-02  2.19e-02  3.06e+03  1.08e+02 -1.00e+05
2015 11 24  2340   57350  85200   1.53e+00  1.81e-01  1.56e-01  1.20e-01  1.09e-01  4.81e-02  3.04e+03  1.14e+02 -1.00e+05
2015 11 24  2345   57350  85500   1.74e+00  1.68e-01  1.42e-01  1.06e-01  9.59e-02  7.57e-02  3.07e+03  1.07e+02 -1.00e+05
2015 11 24  2350   57350  85800   1.44e+00  1.14e-01  8.83e-02  5.23e-02  4.21e-02  2.19e-02  3.01e+03  1.10e+02 -1.00e+05
2015 11 24  2355   57350  86100   1.61e+00  1.74e-01  1.48e-01  5.91e-02  4.89e-02  2.87e-02  3.00e+03  1.13e+02 -1.00e+05
