:Data_list: 20150531_Gs_part_5m.txt
:Created: 2015 Jun 01 0011 UTC
# Prepared by the U.S. Dept. of Commerce, NOAA, Space Weather Prediction Center
# Please send comments and suggestions to SWPC.Webmaster@noaa.gov 
# 
# Label: P > 1 = Particles at >1 Mev
# Label: P > 5 = Particles at >5 Mev
# Label: P >10 = Particles at >10 Mev
# Label: P >30 = Particles at >30 Mev
# Label: P >50 = Particles at >50 Mev
# Label: P>100 = Particles at >100 Mev
# Label: E>0.8 = Electrons at >0.8 Mev
# Label: E>2.0 = Electrons at >2.0 Mev
# Label: E>4.0 = Electrons at >4.0 Mev
# Units: Particles = Protons/cm2-s-sr
# Units: Electrons = Electrons/cm2-s-sr
# Source: GOES-15
# Location: W135
# Missing data: -1.00e+05
#
#                      5-minute  GOES-15 Solar Particle and Electron Flux
#
#                 Modified Seconds
# UTC Date  Time   Julian  of the
# YR MO DA  HHMM    Day     Day     P > 1     P > 5     P >10     P >30     P >50     P>100     E>0.8     E>2.0     E>4.0
#-------------------------------------------------------------------------------------------------------------------------
2015 05 31  0000   57173      0   7.40e+00  2.24e-01  1.73e-01  1.28e-01  9.50e-02  2.99e-02  2.56e+03  1.11e+01 -1.00e+05
2015 05 31  0005   57173    300   5.82e+00  2.51e-01  2.27e-01  1.86e-01  1.51e-01  6.42e-02  2.58e+03  1.21e+01 -1.00e+05
2015 05 31  0010   57173    600   1.03e+01  2.77e-01  1.43e-01  5.17e-02  3.78e-02  1.82e-02  2.57e+03  1.57e+01 -1.00e+05
2015 05 31  0015   57173    900   5.29e+00  1.24e-01  1.00e-01  6.12e-02  5.32e-02  3.54e-02  2.54e+03  1.38e+01 -1.00e+05
2015 05 31  0020   57173   1200   1.17e+01  3.10e-01  1.07e-01  6.48e-02  4.07e-02  1.82e-02  2.53e+03  1.60e+01 -1.00e+05
2015 05 31  0025   57173   1500   5.37e+00  1.42e-01  1.18e-01  7.85e-02  7.06e-02  2.93e-02  2.52e+03  1.22e+01 -1.00e+05
2015 05 31  0030   57173   1800   5.37e+00  1.47e-01  1.23e-01  4.40e-02  3.60e-02  1.82e-02  2.48e+03  1.42e+01 -1.00e+05
2015 05 31  0035   57173   2100   5.34e+00  1.44e-01  1.20e-01  4.40e-02  3.60e-02  1.82e-02  2.47e+03  1.50e+01 -1.00e+05
2015 05 31  0040   57173   2400   6.39e+00  2.07e-01  1.50e-01  7.12e-02  6.32e-02  4.54e-02  2.44e+03  1.42e+01 -1.00e+05
2015 05 31  0045   57173   2700   4.52e+00  1.15e-01  9.11e-02  5.17e-02  3.78e-02  1.82e-02  2.43e+03  1.35e+01 -1.00e+05
2015 05 31  0050   57173   3000   6.73e+00  3.04e-01  1.97e-01  6.48e-02  4.07e-02  1.82e-02  2.37e+03  1.35e+01 -1.00e+05
2015 05 31  0055   57173   3300   3.93e+00  2.26e-01  2.02e-01  1.35e-01  1.27e-01  4.74e-02  2.35e+03  1.23e+01 -1.00e+05
2015 05 31  0100   57173   3600   3.94e+00  2.39e-01  2.15e-01  6.13e-02  5.33e-02  3.55e-02  2.25e+03  1.40e+01 -1.00e+05
2015 05 31  0105   57173   3900   4.81e+00  1.82e-01  1.27e-01  4.72e-02  3.92e-02  1.92e-02  2.24e+03  1.04e+01 -1.00e+05
2015 05 31  0110   57173   4200   3.54e+00  1.67e-01  1.43e-01  6.87e-02  6.07e-02  4.29e-02  2.19e+03  1.06e+01 -1.00e+05
2015 05 31  0115   57173   4500   5.31e+00  2.12e-01  1.05e-01  5.14e-02  4.34e-02  2.56e-02  2.21e+03  1.05e+01 -1.00e+05
2015 05 31  0120   57173   4800   3.63e+00  2.48e-01  2.24e-01  7.07e-02  5.54e-02  3.55e-02  2.17e+03  9.96e+00 -1.00e+05
2015 05 31  0125   57173   5100   4.36e+00  1.47e-01  8.93e-02  4.40e-02  3.60e-02  1.82e-02  2.16e+03  1.06e+01 -1.00e+05
2015 05 31  0130   57173   5400   5.69e+00  4.34e-01  2.05e-01  7.61e-02  6.82e-02  5.03e-02  2.13e+03  7.58e+00 -1.00e+05
2015 05 31  0135   57173   5700   3.93e+00  2.41e-01  1.95e-01  5.97e-02  5.18e-02  2.32e-02  2.10e+03  8.49e+00 -1.00e+05
2015 05 31  0140   57173   6000   3.26e+00  1.49e-01  1.25e-01  4.52e-02  3.63e-02  1.82e-02  2.06e+03  9.32e+00 -1.00e+05
2015 05 31  0145   57173   6300   5.26e+00  2.30e-01  9.65e-02  5.44e-02  4.64e-02  2.48e-02  2.05e+03  7.84e+00 -1.00e+05
2015 05 31  0150   57173   6600   2.74e+00  1.07e-01  8.31e-02  4.40e-02  3.60e-02  1.82e-02  2.01e+03  9.99e+00 -1.00e+05
2015 05 31  0155   57173   6900   2.57e+00  1.39e-01  1.15e-01  4.89e-02  4.09e-02  2.31e-02  2.01e+03  8.13e+00 -1.00e+05
2015 05 31  0200   57173   7200   2.53e+00  1.12e-01  8.80e-02  4.89e-02  4.09e-02  2.31e-02  1.98e+03  7.97e+00 -1.00e+05
2015 05 31  0205   57173   7500   2.50e+00  1.99e-01  1.76e-01  8.48e-02  7.68e-02  3.13e-02  1.97e+03  7.41e+00 -1.00e+05
2015 05 31  0210   57173   7800   2.62e+00  2.25e-01  2.01e-01  4.40e-02  3.60e-02  1.82e-02  1.95e+03  7.02e+00 -1.00e+05
2015 05 31  0215   57173   8100   3.44e+00  2.23e-01  1.18e-01  6.37e-02  5.58e-02  3.79e-02  1.94e+03  5.56e+00 -1.00e+05
2015 05 31  0220   57173   8400   2.44e+00  2.25e-01  2.01e-01  9.31e-02  6.90e-02  2.73e-02  1.93e+03  4.70e+00 -1.00e+05
2015 05 31  0225   57173   8700   2.28e+00  2.26e-01  1.99e-01  1.09e-01  1.01e-01  5.74e-02  1.90e+03  6.24e+00 -1.00e+05
2015 05 31  0230   57173   9000   2.04e+00  1.07e-01  8.31e-02  4.40e-02  3.60e-02  1.82e-02  1.88e+03  9.44e+00 -1.00e+05
2015 05 31  0235   57173   9300   2.73e+00  1.90e-01  1.39e-01  9.39e-02  5.46e-02  2.12e-02  1.88e+03  8.06e+00 -1.00e+05
2015 05 31  0240   57173   9600   2.04e+00  1.07e-01  8.31e-02  4.40e-02  3.60e-02  1.82e-02  1.88e+03  7.84e+00 -1.00e+05
2015 05 31  0245   57173   9900   1.87e+00  1.47e-01  1.23e-01  4.40e-02  3.60e-02  1.82e-02  1.86e+03  8.42e+00 -1.00e+05
2015 05 31  0250   57173  10200   1.93e+00  1.42e-01  1.18e-01  7.79e-02  4.42e-02  2.06e-02  1.84e+03  6.03e+00 -1.00e+05
2015 05 31  0255   57173  10500   1.86e+00  1.29e-01  1.05e-01  6.60e-02  5.63e-02  3.79e-02  1.81e+03  3.70e+00 -1.00e+05
2015 05 31  0300   57173  10800   3.09e+00  2.23e-01  8.73e-02  4.52e-02  3.63e-02  1.82e-02  1.79e+03  6.74e+00 -1.00e+05
2015 05 31  0305   57173  11100   2.24e+00  2.95e-01  2.40e-01  8.60e-02  7.81e-02  6.02e-02  1.77e+03  6.70e+00 -1.00e+05
2015 05 31  0310   57173  11400   1.40e+00  1.47e-01  1.23e-01  4.40e-02  3.60e-02  1.82e-02  1.73e+03  8.51e+00 -1.00e+05
2015 05 31  0315   57173  11700   1.71e+00  1.44e-01  1.20e-01  8.03e-02  5.38e-02  3.05e-02  1.67e+03  5.60e+00 -1.00e+05
2015 05 31  0320   57173  12000   1.41e+00  1.07e-01  8.31e-02  4.40e-02  3.60e-02  1.82e-02  1.67e+03  6.93e+00 -1.00e+05
2015 05 31  0325   57173  12300   1.47e+00  1.47e-01  1.23e-01  8.36e-02  7.56e-02  5.78e-02  1.63e+03  4.89e+00 -1.00e+05
2015 05 31  0330   57173  12600   9.84e-01  1.45e-01  1.21e-01  8.08e-02  5.17e-02  2.12e-02  1.60e+03  2.60e+00 -1.00e+05
2015 05 31  0335   57173  12900   1.96e+00  2.09e-01  1.03e-01  4.89e-02  4.09e-02  2.31e-02  1.55e+03  6.81e+00 -1.00e+05
2015 05 31  0340   57173  13200   9.50e-01  1.12e-01  8.80e-02  4.89e-02  4.09e-02  2.31e-02  1.53e+03  4.70e+00 -1.00e+05
2015 05 31  0345   57173  13500   1.39e+00  2.07e-01  1.22e-01  7.23e-02  6.43e-02  2.73e-02  1.50e+03  4.36e+00 -1.00e+05
2015 05 31  0350   57173  13800   9.59e-01  1.24e-01  1.00e-01  6.13e-02  5.33e-02  3.55e-02  1.49e+03  2.22e+00 -1.00e+05
2015 05 31  0355   57173  14100   1.15e+00  2.25e-01  2.01e-01  4.40e-02  3.60e-02  1.82e-02  1.48e+03  4.99e+00 -1.00e+05
2015 05 31  0400   57173  14400   1.04e+00  1.34e-01  1.10e-01  7.12e-02  6.32e-02  4.54e-02  1.43e+03  5.26e+00 -1.00e+05
2015 05 31  0405   57173  14700   1.53e+00  2.99e-01  1.35e-01  4.40e-02  3.60e-02  1.82e-02  1.45e+03  6.11e+00 -1.00e+05
2015 05 31  0410   57173  15000   1.48e+00  3.44e-01  2.07e-01  6.60e-02  5.80e-02  2.53e-02  1.41e+03  3.33e+00 -1.00e+05
2015 05 31  0415   57173  15300   1.74e+00  2.67e-01  8.59e-02  4.40e-02  3.60e-02  1.82e-02  1.40e+03  7.57e+00 -1.00e+05
2015 05 31  0420   57173  15600   8.83e-01  1.17e-01  9.26e-02  5.35e-02  4.55e-02  2.12e-02  1.40e+03  5.32e+00 -1.00e+05
2015 05 31  0425   57173  15900   1.05e+00  1.73e-01  1.22e-01  5.35e-02  4.55e-02  2.12e-02  1.41e+03  4.09e+00 -1.00e+05
2015 05 31  0430   57173  16200   1.82e+00  2.45e-01  8.60e-02  4.40e-02  3.60e-02  1.82e-02  1.39e+03  5.37e+00 -1.00e+05
2015 05 31  0435   57173  16500   1.46e+00  2.51e-01  9.55e-02  5.35e-02  4.55e-02  2.12e-02  1.36e+03  3.40e+00 -1.00e+05
2015 05 31  0440   57173  16800   1.38e+00  1.99e-01  8.94e-02  4.72e-02  3.92e-02  1.92e-02  1.37e+03  5.82e+00 -1.00e+05
2015 05 31  0445   57173  17100   1.02e+00  1.48e-01  9.20e-02  4.72e-02  3.92e-02  1.92e-02  1.36e+03  4.15e+00 -1.00e+05
2015 05 31  0450   57173  17400   9.65e-01  1.48e-01  1.24e-01  8.46e-02  7.67e-02  5.31e-02  1.37e+03  3.07e+00 -1.00e+05
2015 05 31  0455   57173  17700   1.18e+00  2.13e-01  1.14e-01  7.23e-02  6.43e-02  2.73e-02  1.37e+03  4.96e+00 -1.00e+05
2015 05 31  0500   57173  18000   8.75e-01  1.74e-01  1.16e-01  4.40e-02  3.60e-02  1.82e-02  1.37e+03  4.91e+00 -1.00e+05
2015 05 31  0505   57173  18300   7.12e-01  1.49e-01  1.25e-01  8.45e-02  4.52e-02  1.82e-02  1.33e+03  4.93e+00 -1.00e+05
2015 05 31  0510   57173  18600   6.84e-01  1.10e-01  8.63e-02  4.72e-02  3.92e-02  1.92e-02  1.34e+03  4.30e+00 -1.00e+05
2015 05 31  0515   57173  18900   9.13e-01  2.05e-01  9.81e-02  4.40e-02  3.60e-02  1.82e-02  1.34e+03  5.34e+00 -1.00e+05
2015 05 31  0520   57173  19200   4.58e-01  1.41e-01  1.17e-01  7.74e-02  6.95e-02  4.74e-02  1.34e+03  2.91e+00 -1.00e+05
2015 05 31  0525   57173  19500   1.34e+00  2.96e-01  1.16e-01  7.37e-02  6.57e-02  4.78e-02  1.31e+03  2.56e+00 -1.00e+05
2015 05 31  0530   57173  19800   6.46e-01  2.30e-01  1.25e-01  7.12e-02  6.32e-02  4.54e-02  1.30e+03  3.16e+00 -1.00e+05
2015 05 31  0535   57173  20100   6.63e-01  2.92e-01  1.89e-01  1.46e-01  1.38e-01  6.95e-02  1.28e+03  1.82e+00 -1.00e+05
2015 05 31  0540   57173  20400   9.29e-01  2.79e-01  1.48e-01  6.13e-02  5.33e-02  3.55e-02  1.29e+03  4.89e+00 -1.00e+05
2015 05 31  0545   57173  20700   5.39e-01  1.63e-01  1.39e-01  4.72e-02  3.92e-02  1.92e-02  1.30e+03  4.83e+00 -1.00e+05
2015 05 31  0550   57173  21000   3.22e-01  1.60e-01  1.36e-01  9.73e-02  8.94e-02  3.53e-02  1.29e+03  6.65e+00 -1.00e+05
2015 05 31  0555   57173  21300   5.14e-01  1.07e-01  8.31e-02  4.40e-02  3.60e-02  1.82e-02  1.25e+03  5.44e+00 -1.00e+05
2015 05 31  0600   57173  21600   7.54e-01  1.77e-01  1.24e-01  7.98e-02  7.18e-02  5.39e-02  1.24e+03  1.42e+00 -1.00e+05
2015 05 31  0605   57173  21900   7.63e-01  2.58e-01  2.12e-01  8.05e-02  5.65e-02  2.32e-02  1.24e+03  5.57e+00 -1.00e+05
2015 05 31  0610   57173  22200   5.07e-01  1.29e-01  1.05e-01  6.48e-02  4.07e-02  1.82e-02  1.24e+03  5.25e+00 -1.00e+05
2015 05 31  0615   57173  22500   6.71e-01  2.65e-01  2.07e-01  4.40e-02  3.60e-02  1.82e-02  1.24e+03  4.02e+00 -1.00e+05
2015 05 31  0620   57173  22800   6.02e-01  2.34e-01  1.30e-01  8.71e-02  5.79e-02  2.32e-02  1.20e+03  3.54e+00 -1.00e+05
2015 05 31  0625   57173  23100   3.93e-01  1.47e-01  1.23e-01  4.40e-02  3.60e-02  1.82e-02  1.17e+03  6.40e+00 -1.00e+05
2015 05 31  0630   57173  23400   4.76e-01  1.42e-01  1.18e-01  7.86e-02  7.07e-02  5.28e-02  1.14e+03  5.47e+00 -1.00e+05
2015 05 31  0635   57173  23700   3.42e-01  2.51e-01  2.27e-01  7.43e-02  6.01e-02  4.04e-02  1.13e+03  4.77e+00 -1.00e+05
2015 05 31  0640   57173  24000   1.22e+00  3.23e-01  1.21e-01  7.79e-02  4.37e-02  1.82e-02  1.12e+03  6.45e+00 -1.00e+05
2015 05 31  0645   57173  24300   7.60e-01  2.18e-01  1.13e-01  5.88e-02  5.08e-02  3.30e-02  1.11e+03  3.66e+00 -1.00e+05
2015 05 31  0650   57173  24600   4.72e-01  2.15e-01  1.92e-01  1.52e-01  1.22e-01  5.35e-02  1.10e+03  2.41e+00 -1.00e+05
2015 05 31  0655   57173  24900   5.38e-01  2.05e-01  1.06e-01  5.35e-02  4.55e-02  2.12e-02  1.13e+03  4.62e+00 -1.00e+05
2015 05 31  0700   57173  25200   5.19e-01  2.26e-01  1.52e-01  1.04e-01  9.33e-02  4.81e-02  1.13e+03  3.16e+00 -1.00e+05
2015 05 31  0705   57173  25500   4.32e-01  1.29e-01  1.05e-01  6.48e-02  4.07e-02  1.82e-02  1.14e+03  6.95e+00 -1.00e+05
2015 05 31  0710   57173  25800   4.49e-01  1.56e-01  1.32e-01  6.62e-02  5.83e-02  4.04e-02  1.12e+03  4.59e+00 -1.00e+05
2015 05 31  0715   57173  26100   5.06e-01  2.10e-01  1.13e-01  6.07e-02  5.27e-02  2.69e-02  1.14e+03  5.21e+00 -1.00e+05
2015 05 31  0720   57173  26400   3.70e-01  1.07e-01  8.31e-02  4.40e-02  3.60e-02  1.82e-02  1.10e+03  7.24e+00 -1.00e+05
2015 05 31  0725   57173  26700   3.49e-01  1.47e-01  8.93e-02  4.40e-02  3.60e-02  1.82e-02  1.09e+03  6.61e+00 -1.00e+05
2015 05 31  0730   57173  27000   5.47e-01  1.42e-01  1.18e-01  7.73e-02  4.18e-02  1.82e-02  1.04e+03  4.61e+00 -1.00e+05
2015 05 31  0735   57173  27300   3.13e-01  1.48e-01  1.24e-01  8.34e-02  4.67e-02  2.31e-02  1.01e+03  4.43e+00 -1.00e+05
2015 05 31  0740   57173  27600   3.30e-01  1.79e-01  1.55e-01  1.16e-01  1.08e-01  4.14e-02  9.47e+02  8.97e+00 -1.00e+05
2015 05 31  0745   57173  27900   4.55e-01  2.83e-01  1.30e-01  8.71e-02  5.79e-02  2.32e-02  8.87e+02  4.73e+00 -1.00e+05
2015 05 31  0750   57173  28200   2.84e-01  1.10e-01  8.63e-02  4.72e-02  3.92e-02  1.92e-02  8.35e+02  4.75e+00 -1.00e+05
2015 05 31  0755   57173  28500   2.48e-01  1.07e-01  8.31e-02  4.40e-02  3.60e-02  1.82e-02  7.85e+02  5.03e+00 -1.00e+05
2015 05 31  0800   57173  28800   3.23e-01  1.84e-01  1.60e-01  9.52e-02  5.43e-02  2.12e-02  7.79e+02  3.77e+00 -1.00e+05
2015 05 31  0805   57173  29100   6.58e-01  2.53e-01  1.47e-01  5.63e-02  4.84e-02  3.05e-02  7.92e+02  5.74e+00 -1.00e+05
2015 05 31  0810   57173  29400   4.93e-01  3.62e-01  2.21e-01  1.77e-01  1.04e-01  3.33e-02  7.92e+02  3.06e+00 -1.00e+05
2015 05 31  0815   57173  29700   3.31e-01  2.05e-01  9.81e-02  4.40e-02  3.60e-02  1.82e-02  8.04e+02  3.88e+00 -1.00e+05
2015 05 31  0820   57173  30000   5.15e-01  2.43e-01  1.08e-01  6.54e-02  4.85e-02  2.80e-02  8.41e+02  5.78e+00 -1.00e+05
2015 05 31  0825   57173  30300   4.81e-01  2.20e-01  1.10e-01  6.78e-02  5.86e-02  4.04e-02  8.54e+02  3.43e+00 -1.00e+05
2015 05 31  0830   57173  30600   1.37e-01  1.10e-01  8.55e-02  4.64e-02  3.85e-02  2.06e-02  9.01e+02  5.35e+00 -1.00e+05
2015 05 31  0835   57173  30900   4.89e-01  2.36e-01  1.01e-01  5.83e-02  3.93e-02  1.82e-02  8.83e+02  4.31e+00 -1.00e+05
2015 05 31  0840   57173  31200   2.43e-01  1.29e-01  1.05e-01  6.60e-02  5.80e-02  2.53e-02  9.09e+02  5.44e+00 -1.00e+05
2015 05 31  0845   57173  31500   4.21e-01  2.98e-01  2.40e-01  7.57e-02  4.18e-02  1.82e-02  9.08e+02  6.17e+00 -1.00e+05
2015 05 31  0850   57173  31800   3.85e-01  1.64e-01  1.40e-01  9.95e-02  5.45e-02  2.12e-02  8.98e+02  3.29e+00 -1.00e+05
2015 05 31  0855   57173  32100   4.68e-01  1.92e-01  1.68e-01  1.29e-01  1.21e-01  4.54e-02  9.44e+02  5.91e+00 -1.00e+05
2015 05 31  0900   57173  32400   3.45e-01  1.48e-01  1.03e-01  5.97e-02  5.18e-02  2.32e-02  9.24e+02  3.88e+00 -1.00e+05
2015 05 31  0905   57173  32700   4.23e-01  1.97e-01  8.62e-02  4.40e-02  3.60e-02  1.82e-02  9.74e+02  8.15e+00 -1.00e+05
2015 05 31  0910   57173  33000   1.42e-01  1.15e-01  9.11e-02  5.17e-02  3.78e-02  1.82e-02  1.01e+03  4.19e+00 -1.00e+05
2015 05 31  0915   57173  33300   5.27e-01  2.61e-01  2.37e-01  8.86e-02  7.87e-02  6.02e-02  1.04e+03  6.39e+00 -1.00e+05
2015 05 31  0920   57173  33600   4.51e-01  1.84e-01  1.26e-01  7.89e-02  4.18e-02  1.82e-02  1.06e+03  5.32e+00 -1.00e+05
2015 05 31  0925   57173  33900   3.98e-01  1.35e-01  1.11e-01  7.23e-02  6.43e-02  2.73e-02  1.07e+03  8.21e+00 -1.00e+05
2015 05 31  0930   57173  34200   5.44e-01  2.89e-01  2.65e-01  1.00e-01  9.22e-02  4.63e-02  1.11e+03  6.88e+00 -1.00e+05
2015 05 31  0935   57173  34500   4.46e-01  2.27e-01  2.03e-01  1.02e-01  9.45e-02  5.54e-02  1.13e+03  5.69e+00 -1.00e+05
2015 05 31  0940   57173  34800   6.66e-01  1.97e-01  8.62e-02  4.40e-02  3.60e-02  1.82e-02  1.16e+03  7.02e+00 -1.00e+05
2015 05 31  0945   57173  35100   5.93e-01  2.67e-01  2.43e-01  9.34e-02  5.67e-02  3.05e-02  1.16e+03  6.37e+00 -1.00e+05
2015 05 31  0950   57173  35400   5.25e-01  1.34e-01  1.10e-01  7.12e-02  6.32e-02  4.54e-02  1.17e+03  8.51e+00 -1.00e+05
2015 05 31  0955   57173  35700   4.75e-01  1.08e-01  8.43e-02  4.52e-02  3.63e-02  1.82e-02  1.18e+03  7.16e+00 -1.00e+05
2015 05 31  1000   57173  36000   4.38e-01  1.24e-01  1.00e-01  6.13e-02  5.33e-02  3.55e-02  1.18e+03  6.63e+00 -1.00e+05
2015 05 31  1005   57173  36300   4.61e-01  1.39e-01  1.15e-01  7.61e-02  6.82e-02  5.03e-02  1.21e+03  8.87e+00 -1.00e+05
2015 05 31  1010   57173  36600   5.75e-01  1.08e-01  8.43e-02  4.52e-02  3.63e-02  1.82e-02  1.22e+03  1.10e+01 -1.00e+05
2015 05 31  1015   57173  36900   1.20e+00  3.38e-01  1.09e-01  6.78e-02  5.98e-02  1.84e-02  1.24e+03  8.05e+00 -1.00e+05
2015 05 31  1020   57173  37200   5.85e-01  2.53e-01  2.29e-01  7.14e-02  4.22e-02  1.82e-02  1.24e+03  7.78e+00 -1.00e+05
2015 05 31  1025   57173  37500   7.06e-01  2.27e-01  2.03e-01  6.12e-02  4.72e-02  2.12e-02  1.25e+03  7.86e+00 -1.00e+05
2015 05 31  1030   57173  37800   5.45e-01  2.26e-01  2.02e-01  4.52e-02  3.63e-02  1.82e-02  1.26e+03  8.73e+00 -1.00e+05
2015 05 31  1035   57173  38100   5.13e-01  1.69e-01  1.45e-01  1.04e-01  6.89e-02  4.54e-02  1.27e+03  6.31e+00 -1.00e+05
2015 05 31  1040   57173  38400   7.84e-01  2.66e-01  2.11e-01  8.54e-02  6.46e-02  4.30e-02  1.29e+03  6.54e+00 -1.00e+05
2015 05 31  1045   57173  38700   5.84e-01  1.56e-01  1.32e-01  7.23e-02  6.43e-02  2.73e-02  1.30e+03  8.53e+00 -1.00e+05
2015 05 31  1050   57173  39000   4.87e-01  1.36e-01  1.12e-01  7.19e-02  5.00e-02  2.80e-02  1.34e+03  6.15e+00 -1.00e+05
2015 05 31  1055   57173  39300   1.12e+00  2.60e-01  1.25e-01  8.26e-02  6.39e-02  4.29e-02  1.36e+03  6.43e+00 -1.00e+05
2015 05 31  1100   57173  39600   8.13e-01  2.06e-01  1.12e-01  5.97e-02  5.18e-02  2.32e-02  1.37e+03  9.43e+00 -1.00e+05
2015 05 31  1105   57173  39900   7.70e-01  1.58e-01  1.34e-01  9.34e-02  5.67e-02  3.05e-02  1.37e+03  8.93e+00 -1.00e+05
2015 05 31  1110   57173  40200   1.05e+00  2.81e-01  1.65e-01  1.10e-01  1.02e-01  3.94e-02  1.39e+03  9.15e+00 -1.00e+05
2015 05 31  1115   57173  40500   5.70e-01  1.46e-01  1.22e-01  5.63e-02  4.84e-02  3.05e-02  1.40e+03  1.11e+01 -1.00e+05
2015 05 31  1120   57173  40800   8.05e-01  2.38e-01  1.31e-01  7.57e-02  4.18e-02  1.82e-02  1.42e+03  8.70e+00 -1.00e+05
2015 05 31  1125   57173  41100   8.28e-01  1.42e-01  1.18e-01  7.41e-02  6.62e-02  3.45e-02  1.42e+03  5.79e+00 -1.00e+05
2015 05 31  1130   57173  41400   8.11e-01  1.50e-01  1.19e-01  7.85e-02  7.06e-02  2.93e-02  1.45e+03  9.41e+00 -1.00e+05
2015 05 31  1135   57173  41700   1.38e+00  2.45e-01  1.38e-01  4.40e-02  3.60e-02  1.82e-02  1.46e+03  1.12e+01 -1.00e+05
2015 05 31  1140   57173  42000   9.18e-01  2.05e-01  1.81e-01  1.07e-01  7.39e-02  5.03e-02  1.49e+03  8.48e+00 -1.00e+05
2015 05 31  1145   57173  42300   1.68e+00  2.90e-01  1.22e-01  7.97e-02  7.08e-02  2.93e-02  1.52e+03  1.25e+01 -1.00e+05
2015 05 31  1150   57173  42600   8.34e-01  1.51e-01  1.27e-01  4.89e-02  4.09e-02  2.31e-02  1.50e+03  1.16e+01 -1.00e+05
2015 05 31  1155   57173  42900   1.03e+00  1.87e-01  1.63e-01  9.16e-02  7.55e-02  5.53e-02  1.52e+03  1.03e+01 -1.00e+05
2015 05 31  1200   57173  43200   9.05e-01  2.22e-01  1.98e-01  8.44e-02  6.62e-02  4.54e-02  1.53e+03  1.09e+01 -1.00e+05
2015 05 31  1205   57173  43500   7.84e-01  1.52e-01  1.28e-01  8.86e-02  6.45e-02  1.84e-02  1.55e+03  1.15e+01 -1.00e+05
2015 05 31  1210   57173  43800   1.58e+00  2.80e-01  2.27e-01  7.79e-02  6.99e-02  4.92e-02  1.54e+03  1.02e+01 -1.00e+05
2015 05 31  1215   57173  44100   1.03e+00  1.19e-01  9.54e-02  5.63e-02  4.84e-02  3.05e-02  1.55e+03  1.28e+01 -1.00e+05
2015 05 31  1220   57173  44400   9.18e-01  1.41e-01  1.17e-01  7.73e-02  6.33e-02  4.37e-02  1.55e+03  7.59e+00 -1.00e+05
2015 05 31  1225   57173  44700   9.17e-01  1.51e-01  1.27e-01  5.14e-02  4.34e-02  2.56e-02  1.57e+03  1.21e+01 -1.00e+05
2015 05 31  1230   57173  45000   8.52e-01  1.56e-01  1.32e-01  6.62e-02  5.83e-02  4.04e-02  1.58e+03  1.34e+01 -1.00e+05
2015 05 31  1235   57173  45300   1.29e+00  1.74e-01  1.50e-01  7.61e-02  6.24e-02  4.29e-02  1.59e+03  1.08e+01 -1.00e+05
2015 05 31  1240   57173  45600   1.17e+00  1.07e-01  8.31e-02  4.40e-02  3.60e-02  1.82e-02  1.60e+03  1.13e+01 -1.00e+05
2015 05 31  1245   57173  45900   1.52e+00  2.39e-01  1.40e-01  6.16e-02  5.36e-02  3.05e-02  1.63e+03  1.27e+01 -1.00e+05
2015 05 31  1250   57173  46200   1.33e+00  2.80e-01  2.56e-01  1.18e-01  9.89e-02  3.73e-02  1.63e+03  1.32e+01 -1.00e+05
2015 05 31  1255   57173  46500   1.30e+00  1.94e-01  1.70e-01  1.30e-01  9.51e-02  4.98e-02  1.66e+03  8.52e+00 -1.00e+05
2015 05 31  1300   57173  46800   1.19e+00  1.29e-01  1.05e-01  6.48e-02  4.07e-02  1.82e-02  1.69e+03  1.28e+01 -1.00e+05
2015 05 31  1305   57173  47100   2.47e+00  3.42e-01  1.65e-01  7.00e-02  6.12e-02  1.84e-02  1.69e+03  1.19e+01 -1.00e+05
2015 05 31  1310   57173  47400   1.84e+00  2.94e-01  2.48e-01  8.71e-02  5.79e-02  2.32e-02  1.70e+03  1.31e+01 -1.00e+05
2015 05 31  1315   57173  47700   1.28e+00  1.89e-01  1.65e-01  1.25e-01  9.55e-02  3.53e-02  1.72e+03  1.18e+01 -1.00e+05
2015 05 31  1320   57173  48000   2.65e+00  4.84e-01  2.52e-01  6.66e-02  4.30e-02  2.06e-02  1.74e+03  1.25e+01 -1.00e+05
2015 05 31  1325   57173  48300   1.54e+00  2.23e-01  1.99e-01  6.80e-02  4.39e-02  1.92e-02  1.78e+03  1.22e+01 -1.00e+05
2015 05 31  1330   57173  48600   2.25e+00  2.05e-01  9.81e-02  4.40e-02  3.60e-02  1.82e-02  1.79e+03  1.43e+01 -1.00e+05
2015 05 31  1335   57173  48900   1.72e+00  1.23e-01  9.95e-02  6.04e-02  5.24e-02  3.46e-02  1.83e+03  1.41e+01 -1.00e+05
2015 05 31  1340   57173  49200   1.64e+00  1.62e-01  1.38e-01  6.78e-02  5.86e-02  4.04e-02  1.86e+03  1.46e+01 -1.00e+05
2015 05 31  1345   57173  49500   1.85e+00  2.25e-01  2.01e-01  4.40e-02  3.60e-02  1.82e-02  1.88e+03  1.39e+01 -1.00e+05
2015 05 31  1350   57173  49800   2.35e+00  2.18e-01  1.62e-01  1.16e-01  7.91e-02  5.28e-02  1.90e+03  1.24e+01 -1.00e+05
2015 05 31  1355   57173  50100   2.45e+00  3.07e-01  2.49e-01  8.45e-02  4.52e-02  1.82e-02  1.93e+03  1.31e+01 -1.00e+05
2015 05 31  1400   57173  50400   2.04e+00  1.35e-01  1.11e-01  7.14e-02  4.22e-02  1.82e-02  1.95e+03  1.32e+01 -1.00e+05
2015 05 31  1405   57173  50700   1.98e+00  1.10e-01  8.63e-02  4.72e-02  3.92e-02  1.92e-02  1.97e+03  1.63e+01 -1.00e+05
2015 05 31  1410   57173  51000   2.51e+00  2.12e-01  1.56e-01  7.86e-02  7.07e-02  5.28e-02  1.99e+03  1.48e+01 -1.00e+05
2015 05 31  1415   57173  51300   2.15e+00  1.17e-01  9.30e-02  5.38e-02  4.59e-02  2.80e-02  2.02e+03  1.32e+01 -1.00e+05
2015 05 31  1420   57173  51600   2.21e+00  1.26e-01  1.02e-01  6.25e-02  5.46e-02  3.42e-02  2.04e+03  1.91e+01 -1.00e+05
2015 05 31  1425   57173  51900   3.39e+00  2.26e-01  1.20e-01  6.54e-02  4.85e-02  2.80e-02  2.05e+03  1.51e+01 -1.00e+05
2015 05 31  1430   57173  52200   3.48e+00  2.59e-01  1.54e-01  6.37e-02  5.58e-02  3.79e-02  2.06e+03  1.39e+01 -1.00e+05
2015 05 31  1435   57173  52500   3.40e+00  3.31e-01  2.26e-01  5.63e-02  4.84e-02  3.05e-02  2.07e+03  1.83e+01 -1.00e+05
2015 05 31  1440   57173  52800   2.54e+00  1.68e-01  1.44e-01  7.54e-02  6.75e-02  4.96e-02  2.11e+03  1.14e+01 -1.00e+05
2015 05 31  1445   57173  53100   2.44e+00  1.40e-01  1.16e-01  7.57e-02  4.18e-02  1.82e-02  2.12e+03  1.83e+01 -1.00e+05
2015 05 31  1450   57173  53400   2.43e+00  1.45e-01  1.21e-01  8.21e-02  7.42e-02  5.63e-02  2.14e+03  1.51e+01 -1.00e+05
2015 05 31  1455   57173  53700   3.26e+00  1.72e-01  1.16e-01  7.12e-02  6.32e-02  4.54e-02  2.17e+03  1.33e+01 -1.00e+05
2015 05 31  1500   57173  54000   2.70e+00  1.45e-01  1.21e-01  8.15e-02  6.94e-02  5.03e-02  2.20e+03  1.60e+01 -1.00e+05
2015 05 31  1505   57173  54300   4.93e+00  2.45e-01  1.14e-01  6.71e-02  5.83e-02  2.53e-02  2.19e+03  2.06e+01 -1.00e+05
2015 05 31  1510   57173  54600   2.80e+00  2.43e-01  2.19e-01  1.16e-01  9.78e-02  5.73e-02  2.21e+03  1.46e+01 -1.00e+05
2015 05 31  1515   57173  54900   4.16e+00  2.25e-01  1.20e-01  6.62e-02  5.83e-02  4.04e-02  2.22e+03  1.82e+01 -1.00e+05
2015 05 31  1520   57173  55200   3.68e+00  2.02e-01  1.47e-01  1.02e-01  8.22e-02  6.10e-02  2.23e+03  1.68e+01 -1.00e+05
2015 05 31  1525   57173  55500   4.70e+00  2.14e-01  1.08e-01  5.38e-02  4.59e-02  2.80e-02  2.23e+03  1.76e+01 -1.00e+05
2015 05 31  1530   57173  55800   2.97e+00  1.88e-01  1.64e-01  8.92e-02  6.54e-02  4.29e-02  2.23e+03  1.89e+01 -1.00e+05
2015 05 31  1535   57173  56100   3.56e+00  1.78e-01  1.21e-01  7.55e-02  5.46e-02  3.30e-02  2.23e+03  1.80e+01 -1.00e+05
2015 05 31  1540   57173  56400   3.03e+00  1.08e-01  8.43e-02  4.52e-02  3.63e-02  1.82e-02  2.27e+03  2.15e+01 -1.00e+05
2015 05 31  1545   57173  56700   3.29e+00  1.47e-01  1.23e-01  8.36e-02  7.56e-02  5.78e-02  2.23e+03  1.78e+01 -1.00e+05
2015 05 31  1550   57173  57000   5.73e+00  3.03e-01  1.72e-01  8.56e-02  6.07e-02  3.79e-02  2.29e+03  1.37e+01 -1.00e+05
2015 05 31  1555   57173  57300   3.54e+00  1.14e-01  9.05e-02  5.14e-02  4.34e-02  2.56e-02  2.33e+03  1.83e+01 -1.00e+05
2015 05 31  1600   57173  57600   3.87e+00  2.37e-01  2.13e-01  5.70e-02  4.47e-02  2.56e-02  2.39e+03  2.17e+01 -1.00e+05
2015 05 31  1605   57173  57900   7.31e+00  2.86e-01  1.52e-01  1.10e-01  1.02e-01  3.94e-02  2.48e+03  1.93e+01 -1.00e+05
2015 05 31  1610   57173  58200   8.26e+00  3.93e-01  2.11e-01  8.64e-02  7.85e-02  6.06e-02  2.47e+03  1.79e+01 -1.00e+05
2015 05 31  1615   57173  58500   9.56e+00  2.67e-01  8.59e-02  4.40e-02  3.60e-02  1.82e-02  2.54e+03  2.74e+01 -1.00e+05
2015 05 31  1620   57173  58800   9.66e+00  2.74e-01  1.16e-01  7.37e-02  6.57e-02  4.78e-02  2.63e+03  2.17e+01 -1.00e+05
2015 05 31  1625   57173  59100   5.86e+00  2.39e-01  2.15e-01  6.06e-02  4.93e-02  3.05e-02  2.66e+03  2.21e+01 -1.00e+05
2015 05 31  1630   57173  59400   5.78e+00  1.32e-01  1.08e-01  6.87e-02  6.07e-02  4.29e-02  2.63e+03  2.33e+01 -1.00e+05
2015 05 31  1635   57173  59700   5.91e+00  1.47e-01  1.23e-01  4.40e-02  3.60e-02  1.82e-02  2.73e+03  2.23e+01 -1.00e+05
2015 05 31  1640   57173  60000   6.53e+00  2.58e-01  2.34e-01  7.57e-02  4.18e-02  1.82e-02  2.75e+03  2.29e+01 -1.00e+05
2015 05 31  1645   57173  60300   6.49e+00  1.10e-01  8.63e-02  4.72e-02  3.92e-02  1.92e-02  2.77e+03  2.71e+01 -1.00e+05
2015 05 31  1650   57173  60600   6.63e+00  1.19e-01  9.54e-02  5.63e-02  4.84e-02  3.05e-02  2.82e+03  2.51e+01 -1.00e+05
2015 05 31  1655   57173  60900   8.12e+00  1.50e-01  9.22e-02  4.69e-02  3.86e-02  2.06e-02  2.77e+03  2.36e+01 -1.00e+05
2015 05 31  1700   57173  61200   6.60e+00  1.35e-01  1.11e-01  7.23e-02  6.43e-02  2.73e-02  2.76e+03  2.73e+01 -1.00e+05
2015 05 31  1705   57173  61500   8.10e+00  1.69e-01  1.11e-01  6.48e-02  4.07e-02  1.82e-02  2.75e+03  2.27e+01 -1.00e+05
2015 05 31  1710   57173  61800   6.60e+00  1.10e-01  8.55e-02  4.64e-02  3.85e-02  2.06e-02  2.79e+03  2.71e+01 -1.00e+05
2015 05 31  1715   57173  62100   7.20e+00  4.02e-01  3.78e-01  1.96e-01  1.27e-01  4.85e-02  2.86e+03  2.77e+01 -1.00e+05
2015 05 31  1720   57173  62400   7.21e+00  1.15e-01  9.11e-02  5.17e-02  3.78e-02  1.82e-02  2.78e+03  2.57e+01 -1.00e+05
2015 05 31  1725   57173  62700   7.14e+00  1.35e-01  1.11e-01  7.14e-02  4.22e-02  1.82e-02  2.89e+03  2.64e+01 -1.00e+05
2015 05 31  1730   57173  63000   7.87e+00  1.08e-01  8.43e-02  4.52e-02  3.63e-02  1.82e-02  2.94e+03  2.87e+01 -1.00e+05
2015 05 31  1735   57173  63300   9.99e+00  2.02e-01  1.47e-01  7.25e-02  6.00e-02  4.08e-02  3.04e+03  2.62e+01 -1.00e+05
2015 05 31  1740   57173  63600   1.57e+01  3.61e-01  1.71e-01  8.38e-02  5.84e-02  3.55e-02  3.08e+03  2.89e+01 -1.00e+05
2015 05 31  1745   57173  63900   1.03e+01  1.49e-01  9.05e-02  4.52e-02  3.63e-02  1.82e-02  3.08e+03  3.39e+01 -1.00e+05
2015 05 31  1750   57173  64200   1.64e+01  2.87e-01  1.19e-01  5.97e-02  5.18e-02  2.32e-02  3.08e+03  3.78e+01 -1.00e+05
2015 05 31  1755   57173  64500   8.50e+00  1.66e-01  1.42e-01  7.14e-02  6.34e-02  4.56e-02  3.08e+03  3.27e+01 -1.00e+05
2015 05 31  1800   57173  64800   8.67e+00  1.07e-01  8.31e-02  4.40e-02  3.60e-02  1.82e-02  3.09e+03  3.93e+01 -1.00e+05
2015 05 31  1805   57173  65100   1.16e+01  1.47e-01  8.93e-02  4.40e-02  3.60e-02  1.82e-02  3.09e+03  4.12e+01 -1.00e+05
2015 05 31  1810   57173  65400   1.44e+01  2.05e-01  9.81e-02  4.40e-02  3.60e-02  1.82e-02  3.19e+03  4.03e+01 -1.00e+05
2015 05 31  1815   57173  65700   9.94e+00  2.25e-01  2.01e-01  4.40e-02  3.60e-02  1.82e-02  3.16e+03  4.26e+01 -1.00e+05
2015 05 31  1820   57173  66000   1.79e+01  2.45e-01  8.60e-02  4.40e-02  3.60e-02  1.82e-02  3.15e+03  4.66e+01 -1.00e+05
2015 05 31  1825   57173  66300   1.81e+01  2.46e-01  8.72e-02  4.52e-02  3.63e-02  1.82e-02  3.11e+03  4.29e+01 -1.00e+05
2015 05 31  1830   57173  66600   1.73e+01  1.97e-01  8.62e-02  4.40e-02  3.60e-02  1.82e-02  3.10e+03  3.94e+01 -1.00e+05
2015 05 31  1835   57173  66900   9.98e+00  1.17e-01  9.30e-02  5.38e-02  4.59e-02  2.80e-02  3.12e+03  4.01e+01 -1.00e+05
2015 05 31  1840   57173  67200   9.81e+00  1.66e-01  1.42e-01  1.01e-01  5.45e-02  2.12e-02  3.08e+03  4.00e+01 -1.00e+05
2015 05 31  1845   57173  67500   9.81e+00  1.45e-01  1.21e-01  4.72e-02  3.92e-02  1.92e-02  3.08e+03  4.30e+01 -1.00e+05
2015 05 31  1850   57173  67800   9.82e+00  2.33e-01  2.09e-01  5.17e-02  3.78e-02  1.82e-02  3.08e+03  4.17e+01 -1.00e+05
2015 05 31  1855   57173  68100   1.28e+01  1.47e-01  8.93e-02  4.40e-02  3.60e-02  1.82e-02  3.08e+03  4.24e+01 -1.00e+05
2015 05 31  1900   57173  68400   1.80e+01  2.16e-01  1.06e-01  6.36e-02  4.62e-02  2.56e-02  3.08e+03  4.14e+01 -1.00e+05
2015 05 31  1905   57173  68700   1.05e+01  1.34e-01  1.10e-01  4.40e-02  3.60e-02  1.82e-02  3.08e+03  4.74e+01 -1.00e+05
2015 05 31  1910   57173  69000   1.68e+01  2.76e-01  1.71e-01  7.13e-02  6.33e-02  4.54e-02  3.09e+03  4.13e+01 -1.00e+05
2015 05 31  1915   57173  69300   1.87e+01  1.97e-01  8.62e-02  4.40e-02  3.60e-02  1.82e-02  3.08e+03  4.27e+01 -1.00e+05
2015 05 31  1920   57173  69600   1.59e+01  2.55e-01  1.50e-01  5.88e-02  5.08e-02  3.30e-02  3.08e+03  4.49e+01 -1.00e+05
2015 05 31  1925   57173  69900   1.08e+01  1.54e-01  1.30e-01  9.11e-02  8.31e-02  3.33e-02  3.08e+03  3.87e+01 -1.00e+05
2015 05 31  1930   57173  70200   1.79e+01  2.86e-01  1.84e-01  1.42e-01  1.30e-01  5.65e-02  3.08e+03  4.17e+01 -1.00e+05
2015 05 31  1935   57173  70500   1.42e+01  1.93e-01  1.36e-01  9.04e-02  5.99e-02  3.55e-02  3.08e+03  4.16e+01 -1.00e+05
2015 05 31  1940   57173  70800   1.45e+01  1.63e-01  1.06e-01  6.13e-02  5.33e-02  3.55e-02  3.08e+03  4.29e+01 -1.00e+05
2015 05 31  1945   57173  71100   1.13e+01  2.25e-01  2.01e-01  4.40e-02  3.60e-02  1.82e-02  3.08e+03  4.56e+01 -1.00e+05
2015 05 31  1950   57173  71400   1.16e+01  1.30e-01  1.07e-01  6.74e-02  5.94e-02  4.16e-02  3.08e+03  3.91e+01 -1.00e+05
2015 05 31  1955   57173  71700   2.31e+01  2.52e-01  9.34e-02  5.14e-02  4.34e-02  2.56e-02  3.08e+03  4.12e+01 -1.00e+05
2015 05 31  2000   57173  72000   1.11e+01  1.80e-01  1.56e-01  7.57e-02  4.18e-02  1.82e-02  3.05e+03  4.22e+01 -1.00e+05
2015 05 31  2005   57173  72300   1.08e+01  1.56e-01  1.32e-01  6.62e-02  5.83e-02  4.04e-02  3.05e+03  4.26e+01 -1.00e+05
2015 05 31  2010   57173  72600   1.07e+01  2.11e-01  1.87e-01  6.60e-02  5.80e-02  2.53e-02  3.02e+03  4.14e+01 -1.00e+05
2015 05 31  2015   57173  72900   1.04e+01  1.86e-01  1.62e-01  6.54e-02  4.85e-02  2.80e-02  2.99e+03  4.18e+01 -1.00e+05
2015 05 31  2020   57173  73200   1.51e+01  2.68e-01  1.59e-01  1.04e-01  9.61e-02  3.91e-02  2.92e+03  4.28e+01 -1.00e+05
2015 05 31  2025   57173  73500   1.05e+01  1.07e-01  8.31e-02  4.40e-02  3.60e-02  1.82e-02  2.99e+03  4.16e+01 -1.00e+05
2015 05 31  2030   57173  73800   1.02e+01  1.07e-01  8.31e-02  4.40e-02  3.60e-02  1.82e-02  2.93e+03  4.31e+01 -1.00e+05
2015 05 31  2035   57173  74100   1.13e+01  1.76e-01  1.26e-01  8.08e-02  5.17e-02  2.12e-02  2.92e+03  3.74e+01 -1.00e+05
2015 05 31  2040   57173  74400   1.65e+01  3.77e-01  2.01e-01  5.83e-02  3.93e-02  1.82e-02  2.91e+03  3.41e+01 -1.00e+05
2015 05 31  2045   57173  74700   1.48e+01  2.83e-01  1.49e-01  5.83e-02  3.93e-02  1.82e-02  2.90e+03  4.21e+01 -1.00e+05
2015 05 31  2050   57173  75000   8.91e+00  1.17e-01  9.35e-02  5.44e-02  4.64e-02  2.48e-02  2.83e+03  3.50e+01 -1.00e+05
2015 05 31  2055   57173  75300   1.22e+01  2.05e-01  9.81e-02  4.40e-02  3.60e-02  1.82e-02  2.77e+03  3.60e+01 -1.00e+05
2015 05 31  2100   57173  75600   8.12e+00  1.30e-01  1.06e-01  6.65e-02  5.85e-02  2.70e-02  2.82e+03  3.83e+01 -1.00e+05
2015 05 31  2105   57173  75900   9.97e+00  1.48e-01  9.74e-02  5.35e-02  4.55e-02  2.12e-02  2.81e+03  3.54e+01 -1.00e+05
2015 05 31  2110   57173  76200   1.17e+01  2.09e-01  1.49e-01  1.04e-01  9.57e-02  3.73e-02  2.76e+03  3.24e+01 -1.00e+05
2015 05 31  2115   57173  76500   9.02e+00  2.51e-01  2.24e-01  1.80e-01  1.09e-01  3.48e-02  2.75e+03  3.46e+01 -1.00e+05
2015 05 31  2120   57173  76800   1.41e+01  3.01e-01  1.72e-01  5.79e-02  4.00e-02  1.87e-02  2.77e+03  3.47e+01 -1.00e+05
2015 05 31  2125   57173  77100   1.90e+01  3.05e-01  8.91e-02  4.41e-02  3.64e-02  1.85e-02  2.76e+03  3.48e+01 -1.00e+05
2015 05 31  2130   57173  77400   9.08e+00  1.13e-01  8.61e-02  4.40e-02  3.64e-02  1.85e-02  2.85e+03  3.69e+01 -1.00e+05
2015 05 31  2135   57173  77700   9.59e+00  1.27e-01  1.01e-01  5.85e-02  4.80e-02  2.93e-02  2.89e+03  3.63e+01 -1.00e+05
2015 05 31  2140   57173  78000   9.91e+00  1.46e-01  1.20e-01  7.69e-02  4.38e-02  1.85e-02  2.89e+03  4.12e+01 -1.00e+05
2015 05 31  2145   57173  78300   1.51e+01  2.34e-01  1.05e-01  4.40e-02  3.64e-02  1.85e-02  2.91e+03  3.78e+01 -1.00e+05
2015 05 31  2150   57173  78600   9.78e+00  1.49e-01  1.23e-01  8.06e-02  6.26e-02  4.17e-02  2.91e+03  3.68e+01 -1.00e+05
2015 05 31  2155   57173  78900   1.01e+01  1.51e-01  1.25e-01  8.27e-02  6.99e-02  2.88e-02  2.92e+03  3.92e+01 -1.00e+05
2015 05 31  2200   57173  79200   1.52e+01  2.75e-01  1.51e-01  9.02e-02  5.14e-02  2.07e-02  2.92e+03  3.70e+01 -1.00e+05
2015 05 31  2205   57173  79500   9.87e+00  1.13e-01  8.63e-02  4.41e-02  3.64e-02  1.85e-02  2.92e+03  3.57e+01 -1.00e+05
2015 05 31  2210   57173  79800   9.82e+00  2.12e-01  1.86e-01  1.07e-01  9.97e-02  3.89e-02  2.91e+03  3.83e+01 -1.00e+05
2015 05 31  2215   57173  80100   9.65e+00  1.49e-01  1.23e-01  7.91e-02  4.22e-02  1.85e-02  2.91e+03  3.66e+01 -1.00e+05
2015 05 31  2220   57173  80400   1.00e+01  1.13e-01  8.61e-02  4.40e-02  3.64e-02  1.85e-02  2.92e+03  3.75e+01 -1.00e+05
2015 05 31  2225   57173  80700   9.75e+00  1.19e-01  9.31e-02  5.07e-02  3.79e-02  1.85e-02  2.92e+03  4.02e+01 -1.00e+05
2015 05 31  2230   57173  81000   9.94e+00  2.00e-01  1.71e-01  1.27e-01  1.04e-01  3.89e-02  2.93e+03  4.01e+01 -1.00e+05
2015 05 31  2235   57173  81300   1.28e+01  1.76e-01  9.59e-02  4.40e-02  3.64e-02  1.85e-02  2.92e+03  4.03e+01 -1.00e+05
2015 05 31  2240   57173  81600   9.53e+00  1.76e-01  1.49e-01  1.07e-01  9.97e-02  3.89e-02  2.93e+03  3.54e+01 -1.00e+05
2015 05 31  2245   57173  81900   1.01e+01  1.13e-01  8.61e-02  4.40e-02  3.64e-02  1.85e-02  3.02e+03  4.09e+01 -1.00e+05
2015 05 31  2250   57173  82200   9.71e+00  2.53e-01  2.26e-01  9.48e-02  8.72e-02  3.48e-02  2.92e+03  3.68e+01 -1.00e+05
2015 05 31  2255   57173  82500   8.32e+00  1.42e-01  1.16e-01  7.28e-02  4.55e-02  2.19e-02  2.85e+03  3.45e+01 -1.00e+05
2015 05 31  2300   57173  82800   8.69e+00  1.73e-01  1.46e-01  5.73e-02  4.96e-02  3.18e-02  2.89e+03  3.61e+01 -1.00e+05
2015 05 31  2305   57173  83100   1.22e+01  2.68e-01  1.40e-01  7.76e-02  4.22e-02  1.85e-02  2.85e+03  3.73e+01 -1.00e+05
2015 05 31  2310   57173  83400   8.34e+00  1.80e-01  1.50e-01  1.07e-01  9.97e-02  3.89e-02  2.75e+03  3.32e+01 -1.00e+05
2015 05 31  2315   57173  83700   7.73e+00  1.57e-01  1.31e-01  8.85e-02  8.09e-02  3.28e-02  2.78e+03  3.64e+01 -1.00e+05
2015 05 31  2320   57173  84000   1.21e+01  2.34e-01  1.11e-01  5.09e-02  4.33e-02  2.07e-02  2.76e+03  3.60e+01 -1.00e+05
2015 05 31  2325   57173  84300   8.04e+00  1.49e-01  1.23e-01  6.38e-02  4.08e-02  1.85e-02  2.75e+03  3.51e+01 -1.00e+05
2015 05 31  2330   57173  84600   1.39e+01  3.73e-01  2.03e-01  4.40e-02  3.64e-02  1.85e-02  2.82e+03  3.50e+01 -1.00e+05
2015 05 31  2335   57173  84900   8.25e+00  1.63e-01  1.37e-01  9.48e-02  8.72e-02  3.48e-02  2.79e+03  3.48e+01 -1.00e+05
2015 05 31  2340   57173  85200   1.20e+01  2.73e-01  1.47e-01  8.65e-02  7.73e-02  5.90e-02  2.77e+03  3.56e+01 -1.00e+05
2015 05 31  2345   57173  85500   7.47e+00  2.59e-01  2.33e-01  8.59e-02  4.84e-02  2.19e-02  2.75e+03  3.39e+01 -1.00e+05
2015 05 31  2350   57173  85800   6.81e+00  1.19e-01  9.31e-02  5.07e-02  3.79e-02  1.85e-02  2.74e+03  3.11e+01 -1.00e+05
2015 05 31  2355   57173  86100   7.04e+00  1.13e-01  8.61e-02  4.40e-02  3.64e-02  1.85e-02  2.72e+03  2.58e+01 -1.00e+05
