:Data_list: 20151109_Gp_part_5m.txt
:Created: 2015 Nov 10 0011 UTC
# Prepared by the U.S. Dept. of Commerce, NOAA, Space Weather Prediction Center
# Please send comments and suggestions to SWPC.Webmaster@noaa.gov 
# 
# Label: P > 1 = Particles at >1 Mev
# Label: P > 5 = Particles at >5 Mev
# Label: P >10 = Particles at >10 Mev
# Label: P >30 = Particles at >30 Mev
# Label: P >50 = Particles at >50 Mev
# Label: P>100 = Particles at >100 Mev
# Label: E>0.8 = Electrons at >0.8 Mev
# Label: E>2.0 = Electrons at >2.0 Mev
# Label: E>4.0 = Electrons at >4.0 Mev
# Units: Particles = Protons/cm2-s-sr
# Units: Electrons = Electrons/cm2-s-sr
# Source: GOES-13
# Location: W075
# Missing data: -1.00e+05
#
#                      5-minute  GOES-13 Solar Particle and Electron Flux
#
#                 Modified Seconds
# UTC Date  Time   Julian  of the
# YR MO DA  HHMM    Day     Day     P > 1     P > 5     P >10     P >30     P >50     P>100     E>0.8     E>2.0     E>4.0
#-------------------------------------------------------------------------------------------------------------------------
2015 11 09  0000   57335      0   2.94e+00  1.23e-01  9.80e-02  6.21e-02  4.30e-02  2.09e-02  2.80e+04  1.29e+03 -1.00e+05
2015 11 09  0005   57335    300   2.82e+00  2.20e-01  1.95e-01  1.59e-01  1.25e-01  4.80e-02  2.63e+04  1.19e+03 -1.00e+05
2015 11 09  0010   57335    600   4.77e+00  2.28e-01  1.33e-01  9.59e-02  8.63e-02  5.79e-02  2.58e+04  1.17e+03 -1.00e+05
2015 11 09  0015   57335    900   7.20e+00  2.91e-01  9.97e-02  6.21e-02  4.30e-02  2.09e-02  3.20e+04  1.64e+03 -1.00e+05
2015 11 09  0020   57335   1200   3.26e+00  1.83e-01  1.58e-01  7.71e-02  6.75e-02  2.97e-02  3.36e+04  1.81e+03 -1.00e+05
2015 11 09  0025   57335   1500   3.30e+00  1.83e-01  1.58e-01  1.22e-01  8.72e-02  3.37e-02  3.42e+04  1.78e+03 -1.00e+05
2015 11 09  0030   57335   1800   3.37e+00  1.40e-01  1.15e-01  4.98e-02  4.02e-02  2.09e-02  3.28e+04  1.59e+03 -1.00e+05
2015 11 09  0035   57335   2100   3.03e+00  1.23e-01  9.80e-02  6.21e-02  4.30e-02  2.09e-02  3.23e+04  1.50e+03 -1.00e+05
2015 11 09  0040   57335   2400   6.21e+00  5.08e-01  1.99e-01  4.98e-02  4.02e-02  2.09e-02  2.96e+04  1.33e+03 -1.00e+05
2015 11 09  0045   57335   2700   3.01e+00  1.10e-01  8.53e-02  4.98e-02  4.02e-02  2.09e-02  3.02e+04  1.30e+03 -1.00e+05
2015 11 09  0050   57335   3000   2.57e+00  1.10e-01  8.53e-02  4.98e-02  4.02e-02  2.09e-02  2.67e+04  1.18e+03 -1.00e+05
2015 11 09  0055   57335   3300   2.51e+00  1.13e-01  8.84e-02  5.28e-02  4.32e-02  2.39e-02  2.55e+04  1.11e+03 -1.00e+05
2015 11 09  0100   57335   3600   2.63e+00  1.75e-01  1.50e-01  1.14e-01  1.01e-01  5.44e-02  2.61e+04  1.11e+03 -1.00e+05
2015 11 09  0105   57335   3900   4.12e+00  2.09e-01  1.17e-01  6.99e-02  6.03e-02  4.01e-02  2.56e+04  1.07e+03 -1.00e+05
2015 11 09  0110   57335   4200   3.16e+00  1.38e-01  1.13e-01  7.76e-02  6.80e-02  4.87e-02  2.65e+04  1.13e+03 -1.00e+05
2015 11 09  0115   57335   4500   4.50e+00  2.22e-01  1.28e-01  7.98e-02  5.89e-02  3.63e-02  2.57e+04  1.10e+03 -1.00e+05
2015 11 09  0120   57335   4800   3.34e+00  1.61e-01  1.36e-01  1.01e-01  9.09e-02  5.58e-02  2.65e+04  1.12e+03 -1.00e+05
2015 11 09  0125   57335   5100   2.68e+00  1.50e-01  1.25e-01  8.96e-02  8.00e-02  3.37e-02  2.73e+04  1.16e+03 -1.00e+05
2015 11 09  0130   57335   5400   2.90e+00  1.43e-01  1.18e-01  8.18e-02  4.74e-02  2.09e-02  2.82e+04  1.20e+03 -1.00e+05
2015 11 09  0135   57335   5700   2.60e+00  1.36e-01  1.12e-01  7.52e-02  4.59e-02  2.09e-02  2.77e+04  1.19e+03 -1.00e+05
2015 11 09  0140   57335   6000   4.06e+00  1.93e-01  9.80e-02  4.98e-02  4.02e-02  2.09e-02  2.70e+04  1.13e+03 -1.00e+05
2015 11 09  0145   57335   6300   2.12e+00  1.10e-01  8.53e-02  4.98e-02  4.02e-02  2.09e-02  2.62e+04  1.06e+03 -1.00e+05
2015 11 09  0150   57335   6600   2.59e+00  2.12e-01  1.67e-01  7.76e-02  6.80e-02  4.87e-02  2.70e+04  1.09e+03 -1.00e+05
2015 11 09  0155   57335   6900   1.79e+00  1.30e-01  1.05e-01  6.86e-02  4.44e-02  2.09e-02  2.49e+04  1.01e+03 -1.00e+05
2015 11 09  0200   57335   7200   1.91e+00  1.10e-01  8.53e-02  4.98e-02  4.02e-02  2.09e-02  2.32e+04  9.17e+02 -1.00e+05
2015 11 09  0205   57335   7500   1.62e+00  1.46e-01  1.21e-01  8.44e-02  4.59e-02  2.09e-02  2.42e+04  9.93e+02 -1.00e+05
2015 11 09  0210   57335   7800   3.05e+00  2.45e-01  1.02e-01  6.46e-02  5.50e-02  2.56e-02  2.30e+04  9.70e+02 -1.00e+05
2015 11 09  0215   57335   8100   1.61e+00  1.40e-01  1.15e-01  7.96e-02  7.00e-02  3.93e-02  2.31e+04  9.85e+02 -1.00e+05
2015 11 09  0220   57335   8400   3.69e+00  4.63e-01  2.12e-01  9.99e-02  9.03e-02  7.10e-02  2.31e+04  1.01e+03 -1.00e+05
2015 11 09  0225   57335   8700   1.48e+00  1.16e-01  9.09e-02  5.53e-02  4.57e-02  2.64e-02  2.21e+04  1.02e+03 -1.00e+05
2015 11 09  0230   57335   9000   1.78e+00  1.95e-01  1.56e-01  1.17e-01  7.28e-02  3.91e-02  2.22e+04  1.02e+03 -1.00e+05
2015 11 09  0235   57335   9300   1.53e+00  1.10e-01  8.53e-02  4.98e-02  4.02e-02  2.09e-02  2.09e+04  9.84e+02 -1.00e+05
2015 11 09  0240   57335   9600   2.13e+00  1.93e-01  9.80e-02  4.98e-02  4.02e-02  2.09e-02  2.20e+04  1.02e+03 -1.00e+05
2015 11 09  0245   57335   9900   1.46e+00  1.36e-01  8.92e-02  4.98e-02  4.02e-02  2.09e-02  2.14e+04  1.03e+03 -1.00e+05
2015 11 09  0250   57335  10200   1.00e+00  1.50e-01  1.25e-01  8.94e-02  7.03e-02  2.97e-02  2.15e+04  9.66e+02 -1.00e+05
2015 11 09  0255   57335  10500   1.26e+00  1.93e-01  9.80e-02  4.98e-02  4.02e-02  2.09e-02  2.20e+04  9.54e+02 -1.00e+05
2015 11 09  0300   57335  10800   1.54e+00  3.46e-01  2.10e-01  8.44e-02  4.59e-02  2.09e-02  2.12e+04  8.51e+02 -1.00e+05
2015 11 09  0305   57335  11100   9.14e-01  1.82e-01  1.57e-01  4.98e-02  4.02e-02  2.09e-02  1.99e+04  7.70e+02 -1.00e+05
2015 11 09  0310   57335  11400   9.08e-01  2.96e-01  2.71e-01  8.28e-02  4.59e-02  2.09e-02  1.66e+04  5.32e+02 -1.00e+05
2015 11 09  0315   57335  11700   1.16e+00  3.37e-01  2.06e-01  9.25e-02  8.29e-02  6.36e-02  1.41e+04  4.19e+02 -1.00e+05
2015 11 09  0320   57335  12000   7.27e-01  1.36e-01  8.92e-02  4.98e-02  4.02e-02  2.09e-02  1.43e+04  4.00e+02 -1.00e+05
2015 11 09  0325   57335  12300   8.06e-01  1.97e-01  1.02e-01  6.46e-02  5.50e-02  2.56e-02  1.49e+04  4.17e+02 -1.00e+05
2015 11 09  0330   57335  12600   8.37e-01  1.10e-01  8.53e-02  4.98e-02  4.02e-02  2.09e-02  1.50e+04  4.49e+02 -1.00e+05
2015 11 09  0335   57335  12900   8.18e-01  2.55e-01  2.30e-01  8.94e-02  7.03e-02  2.97e-02  1.47e+04  4.24e+02 -1.00e+05
2015 11 09  0340   57335  13200   8.48e-01  3.18e-01  2.16e-01  1.02e-01  9.26e-02  3.77e-02  1.27e+04  3.97e+02 -1.00e+05
2015 11 09  0345   57335  13500   1.01e+00  1.21e-01  9.58e-02  6.03e-02  5.07e-02  3.14e-02  1.55e+04  6.01e+02 -1.00e+05
2015 11 09  0350   57335  13800   1.72e+00  1.45e-01  1.20e-01  8.46e-02  7.50e-02  5.57e-02  2.46e+04  1.32e+03 -1.00e+05
2015 11 09  0355   57335  14100   1.83e+00  1.26e-01  1.01e-01  6.52e-02  5.56e-02  3.63e-02  2.88e+04  1.62e+03 -1.00e+05
2015 11 09  0400   57335  14400   1.85e+00  1.68e-01  1.22e-01  8.18e-02  4.74e-02  2.09e-02  2.30e+04  1.14e+03 -1.00e+05
2015 11 09  0405   57335  14700   1.60e+00  3.13e-01  2.88e-01  2.50e-01  1.62e-01  4.98e-02  1.90e+04  7.65e+02 -1.00e+05
2015 11 09  0410   57335  15000   2.22e+00  2.65e-01  1.70e-01  4.98e-02  4.02e-02  2.09e-02  2.23e+04  1.02e+03 -1.00e+05
2015 11 09  0415   57335  15300   1.39e+00  1.10e-01  8.53e-02  4.98e-02  4.02e-02  2.09e-02  2.66e+04  1.34e+03 -1.00e+05
2015 11 09  0420   57335  15600   1.64e+00  1.10e-01  8.53e-02  4.98e-02  4.02e-02  2.09e-02  2.70e+04  1.35e+03 -1.00e+05
2015 11 09  0425   57335  15900   1.80e+00  1.44e-01  1.20e-01  8.34e-02  5.92e-02  2.56e-02  2.86e+04  1.43e+03 -1.00e+05
2015 11 09  0430   57335  16200   4.95e+00  2.35e-01  2.10e-01  8.96e-02  8.00e-02  3.37e-02  2.20e+04  1.03e+03 -1.00e+05
2015 11 09  0435   57335  16500   9.66e+01  1.10e-01  8.53e-02  4.98e-02  4.02e-02  2.09e-02  3.16e+04  1.73e+03 -1.00e+05
2015 11 09  0440   57335  16800   7.39e+01  1.73e-01  1.48e-01  1.12e-01  1.03e-01  5.48e-02  3.32e+04  2.06e+03 -1.00e+05
2015 11 09  0445   57335  17100   1.45e+02  3.13e-01  1.20e-01  8.30e-02  7.34e-02  2.22e-02  4.15e+04  2.76e+03 -1.00e+05
2015 11 09  0450   57335  17400   1.03e+02  1.43e-01  1.19e-01  8.29e-02  6.88e-02  2.97e-02  5.29e+04  3.79e+03 -1.00e+05
2015 11 09  0455   57335  17700   7.46e+01  1.97e-01  1.72e-01  1.36e-01  1.25e-01  7.19e-02  5.43e+04  3.98e+03 -1.00e+05
2015 11 09  0500   57335  18000   1.19e+02  2.53e-01  1.05e-01  6.77e-02  5.81e-02  3.89e-02  5.68e+04  4.33e+03 -1.00e+05
2015 11 09  0505   57335  18300   6.02e+01  1.95e-01  1.70e-01  6.21e-02  4.30e-02  2.09e-02  5.44e+04  4.01e+03 -1.00e+05
2015 11 09  0510   57335  18600   6.31e+01  1.93e-01  9.80e-02  4.98e-02  4.02e-02  2.09e-02  5.08e+04  3.47e+03 -1.00e+05
2015 11 09  0515   57335  18900   1.65e+01  1.12e-01  8.76e-02  5.20e-02  4.24e-02  2.16e-02  4.64e+04  2.87e+03 -1.00e+05
2015 11 09  0520   57335  19200   5.49e+01  2.55e-01  1.61e-01  1.12e-01  6.63e-02  4.13e-02  5.13e+04  3.52e+03 -1.00e+05
2015 11 09  0525   57335  19500   2.57e+01  1.74e-01  1.50e-01  1.13e-01  6.63e-02  3.63e-02  4.50e+04  2.77e+03 -1.00e+05
2015 11 09  0530   57335  19800   1.59e+01  1.75e-01  1.29e-01  8.83e-02  4.89e-02  2.09e-02  4.11e+04  2.36e+03 -1.00e+05
2015 11 09  0535   57335  20100   3.25e+01  3.91e-01  1.93e-01  7.51e-02  6.55e-02  4.62e-02  4.38e+04  2.57e+03 -1.00e+05
2015 11 09  0540   57335  20400   1.75e+01  1.58e-01  1.33e-01  9.65e-02  6.65e-02  4.13e-02  4.29e+04  2.52e+03 -1.00e+05
2015 11 09  0545   57335  20700   9.69e+00  1.60e-01  1.35e-01  9.99e-02  9.03e-02  7.10e-02  3.88e+04  2.08e+03 -1.00e+05
2015 11 09  0550   57335  21000   5.30e+00  1.34e-01  1.09e-01  7.33e-02  6.37e-02  4.22e-02  3.30e+04  1.48e+03 -1.00e+05
2015 11 09  0555   57335  21300   3.99e+00  1.36e-01  1.11e-01  7.51e-02  6.55e-02  4.62e-02  3.33e+04  1.51e+03 -1.00e+05
2015 11 09  0600   57335  21600   3.61e+00  1.10e-01  8.53e-02  4.98e-02  4.02e-02  2.09e-02  3.34e+04  1.49e+03 -1.00e+05
2015 11 09  0605   57335  21900   5.15e+00  2.65e-01  1.70e-01  4.98e-02  4.02e-02  2.09e-02  3.60e+04  1.79e+03 -1.00e+05
2015 11 09  0610   57335  22200   3.18e+00  1.63e-01  1.38e-01  1.03e-01  9.32e-02  4.00e-02  3.74e+04  2.01e+03 -1.00e+05
2015 11 09  0615   57335  22500   3.67e+00  2.40e-01  2.15e-01  1.09e-01  6.16e-02  3.14e-02  3.72e+04  2.16e+03 -1.00e+05
2015 11 09  0620   57335  22800   4.04e+00  1.41e-01  9.47e-02  5.53e-02  4.57e-02  2.64e-02  3.59e+04  2.13e+03 -1.00e+05
2015 11 09  0625   57335  23100   2.90e+00  1.50e-01  1.26e-01  9.00e-02  8.04e-02  6.11e-02  3.16e+04  1.92e+03 -1.00e+05
2015 11 09  0630   57335  23400   4.18e+00  3.40e-01  1.70e-01  4.98e-02  4.02e-02  2.09e-02  3.07e+04  1.89e+03 -1.00e+05
2015 11 09  0635   57335  23700   4.01e+00  2.22e-01  1.02e-01  6.46e-02  5.50e-02  2.56e-02  2.79e+04  1.67e+03 -1.00e+05
2015 11 09  0640   57335  24000   2.49e+00  2.57e-01  2.11e-01  1.01e-01  5.78e-02  2.89e-02  3.04e+04  1.69e+03 -1.00e+05
2015 11 09  0645   57335  24300   2.52e+00  2.61e-01  1.68e-01  8.01e-02  7.05e-02  5.12e-02  2.86e+04  1.48e+03 -1.00e+05
2015 11 09  0650   57335  24600   1.43e+00  1.28e-01  1.03e-01  6.77e-02  5.81e-02  3.89e-02  2.94e+04  1.35e+03 -1.00e+05
2015 11 09  0655   57335  24900   1.63e+00  1.62e-01  1.15e-01  7.52e-02  4.59e-02  2.09e-02  2.36e+04  8.34e+02 -1.00e+05
2015 11 09  0700   57335  25200   1.30e+00  1.69e-01  1.44e-01  1.08e-01  7.58e-02  4.99e-02  1.69e+04  5.92e+02 -1.00e+05
2015 11 09  0705   57335  25500   1.00e+00  2.06e-01  1.62e-01  1.21e-01  7.79e-02  4.87e-02  1.39e+04  5.68e+02 -1.00e+05
2015 11 09  0710   57335  25800   3.06e+00  2.80e-01  8.93e-02  5.20e-02  4.24e-02  2.16e-02  1.84e+04  7.47e+02 -1.00e+05
2015 11 09  0715   57335  26100   2.28e+00  2.61e-01  2.36e-01  1.05e-01  7.03e-02  4.38e-02  1.86e+04  8.89e+02 -1.00e+05
2015 11 09  0720   57335  26400   3.73e+00  1.84e-01  1.59e-01  1.24e-01  1.14e-01  5.52e-02  2.27e+04  1.18e+03 -1.00e+05
2015 11 09  0725   57335  26700   1.89e+01  2.22e-01  1.69e-01  1.28e-01  9.83e-02  3.77e-02  2.59e+04  1.37e+03 -1.00e+05
2015 11 09  0730   57335  27000   1.96e+01  1.82e-01  1.57e-01  4.98e-02  4.02e-02  2.09e-02  2.43e+04  1.36e+03 -1.00e+05
2015 11 09  0735   57335  27300   3.74e+01  1.70e-01  1.23e-01  8.28e-02  4.59e-02  2.09e-02  2.57e+04  1.46e+03 -1.00e+05
2015 11 09  0740   57335  27600   2.00e+01  1.36e-01  8.92e-02  4.98e-02  4.02e-02  2.09e-02  2.58e+04  1.35e+03 -1.00e+05
2015 11 09  0745   57335  27900   2.25e+01  1.12e-01  8.76e-02  5.20e-02  4.24e-02  2.16e-02  2.72e+04  1.42e+03 -1.00e+05
2015 11 09  0750   57335  28200   1.17e+02  2.03e-01  1.08e-01  6.03e-02  5.07e-02  3.14e-02  3.07e+04  1.68e+03 -1.00e+05
2015 11 09  0755   57335  28500   1.16e+02  1.75e-01  1.50e-01  1.15e-01  1.05e-01  4.18e-02  3.27e+04  1.85e+03 -1.00e+05
2015 11 09  0800   57335  28800   1.53e+02  1.43e-01  1.18e-01  5.28e-02  4.32e-02  2.39e-02  3.27e+04  1.85e+03 -1.00e+05
2015 11 09  0805   57335  29100   1.10e+02  2.01e-01  1.76e-01  6.86e-02  4.44e-02  2.09e-02  3.55e+04  1.94e+03 -1.00e+05
2015 11 09  0810   57335  29400   7.75e+01  1.88e-01  1.63e-01  1.27e-01  1.18e-01  4.58e-02  3.83e+04  2.07e+03 -1.00e+05
2015 11 09  0815   57335  29700   2.36e+01  1.96e-01  1.71e-01  1.34e-01  9.50e-02  3.57e-02  3.96e+04  2.19e+03 -1.00e+05
2015 11 09  0820   57335  30000   1.28e+01  1.36e-01  8.92e-02  4.98e-02  4.02e-02  2.09e-02  3.97e+04  2.24e+03 -1.00e+05
2015 11 09  0825   57335  30300   1.21e+01  2.53e-01  1.28e-01  9.05e-02  7.28e-02  5.12e-02  4.04e+04  2.45e+03 -1.00e+05
2015 11 09  0830   57335  30600   5.70e+00  1.46e-01  1.21e-01  8.54e-02  7.58e-02  3.94e-02  3.79e+04  2.43e+03 -1.00e+05
2015 11 09  0835   57335  30900   8.34e+00  2.79e-01  1.85e-01  7.02e-02  6.06e-02  4.13e-02  3.85e+04  2.51e+03 -1.00e+05
2015 11 09  0840   57335  31200   7.70e+00  2.13e-01  8.73e-02  4.98e-02  4.02e-02  2.09e-02  4.16e+04  2.97e+03 -1.00e+05
2015 11 09  0845   57335  31500   3.13e+00  2.22e-01  1.98e-01  1.62e-01  1.52e-01  6.91e-02  4.15e+04  2.87e+03 -1.00e+05
2015 11 09  0850   57335  31800   2.62e+00  1.38e-01  1.13e-01  7.76e-02  6.80e-02  4.87e-02  4.15e+04  2.76e+03 -1.00e+05
2015 11 09  0855   57335  32100   2.59e+00  1.57e-01  1.32e-01  9.60e-02  7.18e-02  2.97e-02  4.01e+04  2.57e+03 -1.00e+05
2015 11 09  0900   57335  32400   4.37e+00  2.16e-01  1.19e-01  8.14e-02  7.18e-02  4.66e-02  3.88e+04  2.38e+03 -1.00e+05
2015 11 09  0905   57335  32700   5.07e+00  1.93e-01  9.80e-02  4.98e-02  4.02e-02  2.09e-02  4.07e+04  2.54e+03 -1.00e+05
2015 11 09  0910   57335  33000   3.08e+00  2.08e-01  1.83e-01  7.52e-02  4.59e-02  2.09e-02  3.99e+04  2.24e+03 -1.00e+05
2015 11 09  0915   57335  33300   2.52e+00  1.36e-01  8.92e-02  4.98e-02  4.02e-02  2.09e-02  3.88e+04  2.16e+03 -1.00e+05
2015 11 09  0920   57335  33600   2.03e+00  1.94e-01  1.69e-01  1.33e-01  1.15e-01  4.79e-02  3.51e+04  2.35e+03 -1.00e+05
2015 11 09  0925   57335  33900   3.82e+00  3.05e-01  2.40e-01  1.25e-01  1.07e-01  6.03e-02  3.77e+04  2.39e+03 -1.00e+05
2015 11 09  0930   57335  34200   7.51e+00  2.08e-01  1.07e-01  6.86e-02  4.44e-02  2.09e-02  3.86e+04  2.96e+03 -1.00e+05
2015 11 09  0935   57335  34500   5.01e+00  1.10e-01  8.53e-02  4.98e-02  4.02e-02  2.09e-02  4.04e+04  2.97e+03 -1.00e+05
2015 11 09  0940   57335  34800   7.62e+00  2.12e-01  1.18e-01  7.02e-02  6.06e-02  4.13e-02  3.93e+04  2.87e+03 -1.00e+05
2015 11 09  0945   57335  35100   6.14e+00  1.12e-01  8.76e-02  5.20e-02  4.24e-02  2.16e-02  3.96e+04  2.73e+03 -1.00e+05
2015 11 09  0950   57335  35400   6.77e+00  1.10e-01  8.53e-02  4.98e-02  4.02e-02  2.09e-02  3.76e+04  2.33e+03 -1.00e+05
2015 11 09  0955   57335  35700   7.77e+00  1.10e-01  8.53e-02  4.98e-02  4.02e-02  2.09e-02  3.88e+04  2.46e+03 -1.00e+05
2015 11 09  1000   57335  36000   7.70e+00  1.38e-01  9.22e-02  5.28e-02  4.32e-02  2.39e-02  3.79e+04  2.17e+03 -1.00e+05
2015 11 09  1005   57335  36300   7.15e+00  1.48e-01  1.02e-01  6.21e-02  4.30e-02  2.09e-02  4.31e+04  2.47e+03 -1.00e+05
2015 11 09  1010   57335  36600   1.16e+01  2.63e-01  9.56e-02  5.83e-02  4.87e-02  2.36e-02  4.70e+04  2.86e+03 -1.00e+05
2015 11 09  1015   57335  36900   4.69e+00  1.10e-01  8.53e-02  4.98e-02  4.02e-02  2.09e-02  4.45e+04  2.77e+03 -1.00e+05
2015 11 09  1020   57335  37200   4.58e+00  1.16e-01  9.09e-02  5.53e-02  4.57e-02  2.64e-02  3.79e+04  2.48e+03 -1.00e+05
2015 11 09  1025   57335  37500   5.27e+00  1.30e-01  1.05e-01  6.97e-02  5.28e-02  3.14e-02  3.59e+04  2.29e+03 -1.00e+05
2015 11 09  1030   57335  37800   1.13e+01  2.80e-01  2.55e-01  9.03e-02  5.59e-02  2.36e-02  3.34e+04  2.44e+03 -1.00e+05
2015 11 09  1035   57335  38100   9.96e+00  1.23e-01  9.84e-02  6.25e-02  4.35e-02  2.15e-02  3.28e+04  2.30e+03 -1.00e+05
2015 11 09  1040   57335  38400   2.55e+01  2.60e-01  1.34e-01  9.49e-02  5.03e-02  2.09e-02  3.69e+04  2.70e+03 -1.00e+05
2015 11 09  1045   57335  38700   2.57e+01  1.37e-01  1.12e-01  7.62e-02  5.43e-02  3.14e-02  3.89e+04  2.99e+03 -1.00e+05
2015 11 09  1050   57335  39000   5.06e+01  2.21e-01  1.28e-01  8.01e-02  7.05e-02  5.12e-02  3.71e+04  2.82e+03 -1.00e+05
2015 11 09  1055   57335  39300   4.08e+01  2.60e-01  2.35e-01  9.94e-02  6.33e-02  3.63e-02  3.80e+04  2.76e+03 -1.00e+05
2015 11 09  1100   57335  39600   6.92e+01  2.36e-01  8.72e-02  4.98e-02  4.02e-02  2.09e-02  3.61e+04  2.68e+03 -1.00e+05
2015 11 09  1105   57335  39900   5.19e+01  1.10e-01  8.53e-02  4.98e-02  4.02e-02  2.09e-02  4.43e+04  3.37e+03 -1.00e+05
2015 11 09  1110   57335  40200   9.68e+01  2.14e-01  1.21e-01  7.27e-02  6.31e-02  4.38e-02  5.06e+04  4.12e+03 -1.00e+05
2015 11 09  1115   57335  40500   6.82e+01  1.10e-01  8.53e-02  4.98e-02  4.02e-02  2.09e-02  5.23e+04  4.33e+03 -1.00e+05
2015 11 09  1120   57335  40800   7.04e+01  1.75e-01  1.50e-01  1.15e-01  1.05e-01  4.18e-02  5.71e+04  4.88e+03 -1.00e+05
2015 11 09  1125   57335  41100   1.59e+02  3.38e-01  1.86e-01  1.47e-01  1.03e-01  3.77e-02  6.37e+04  5.68e+03 -1.00e+05
2015 11 09  1130   57335  41400   1.32e+02  1.89e-01  8.74e-02  4.98e-02  4.02e-02  2.09e-02  6.19e+04  5.40e+03 -1.00e+05
2015 11 09  1135   57335  41700   7.74e+01  1.23e-01  9.83e-02  6.27e-02  5.31e-02  3.39e-02  6.21e+04  5.42e+03 -1.00e+05
2015 11 09  1140   57335  42000   5.77e+01  1.16e-01  9.13e-02  5.55e-02  4.15e-02  2.09e-02  5.88e+04  4.98e+03 -1.00e+05
2015 11 09  1145   57335  42300   5.58e+01  1.82e-01  1.57e-01  1.20e-01  8.89e-02  4.33e-02  6.57e+04  5.75e+03 -1.00e+05
2015 11 09  1150   57335  42600   1.01e+02  2.73e-01  1.03e-01  6.52e-02  5.56e-02  3.63e-02  6.68e+04  6.11e+03 -1.00e+05
2015 11 09  1155   57335  42900   5.36e+01  1.10e-01  8.53e-02  4.98e-02  4.02e-02  2.09e-02  7.00e+04  6.28e+03 -1.00e+05
2015 11 09  1200   57335  43200   1.10e+02  2.77e-01  1.14e-01  7.66e-02  6.25e-02  2.77e-02  6.45e+04  5.57e+03 -1.00e+05
2015 11 09  1205   57335  43500   5.77e+01  2.78e-01  2.53e-01  2.15e-01  1.13e-01  2.22e-02  7.07e+04  6.56e+03 -1.00e+05
2015 11 09  1210   57335  43800   1.07e+02  3.13e-01  1.02e-01  6.52e-02  5.56e-02  3.63e-02  7.54e+04  7.32e+03 -1.00e+05
2015 11 09  1215   57335  44100   4.09e+01  1.26e-01  1.01e-01  6.52e-02  5.56e-02  3.63e-02  7.54e+04  7.49e+03 -1.00e+05
2015 11 09  1220   57335  44400   5.18e+01  1.41e-01  9.51e-02  5.55e-02  4.15e-02  2.09e-02  8.14e+04  8.78e+03 -1.00e+05
2015 11 09  1225   57335  44700   4.88e+01  1.10e-01  8.53e-02  4.98e-02  4.02e-02  2.09e-02  8.43e+04  9.51e+03 -1.00e+05
2015 11 09  1230   57335  45000   5.13e+01  2.35e-01  2.10e-01  8.96e-02  8.00e-02  3.37e-02  7.86e+04  8.54e+03 -1.00e+05
2015 11 09  1235   57335  45300   4.60e+01  1.70e-01  1.45e-01  9.16e-02  8.20e-02  4.15e-02  7.79e+04  8.41e+03 -1.00e+05
2015 11 09  1240   57335  45600   5.38e+01  2.97e-01  2.72e-01  2.34e-01  1.21e-01  2.22e-02  7.74e+04  8.47e+03 -1.00e+05
2015 11 09  1245   57335  45900   1.01e+02  3.02e-01  1.32e-01  9.49e-02  8.53e-02  6.61e-02  8.63e+04  1.04e+04 -1.00e+05
2015 11 09  1250   57335  46200   5.52e+01  3.61e-01  1.79e-01  1.40e-01  8.21e-02  2.97e-02  8.79e+04  1.12e+04 -1.00e+05
2015 11 09  1255   57335  46500   2.32e+01  2.16e-01  1.50e-01  1.07e-01  9.69e-02  5.46e-02  8.69e+04  1.13e+04 -1.00e+05
2015 11 09  1300   57335  46800   2.64e+01  2.34e-01  1.39e-01  4.98e-02  4.02e-02  2.09e-02  8.87e+04  1.22e+04 -1.00e+05
2015 11 09  1305   57335  47100   1.54e+01  2.43e-01  2.18e-01  7.71e-02  6.75e-02  2.97e-02  9.52e+04  1.47e+04 -1.00e+05
2015 11 09  1310   57335  47400   1.52e+01  1.86e-01  1.61e-01  1.02e-01  7.87e-02  3.58e-02  9.78e+04  1.50e+04 -1.00e+05
2015 11 09  1315   57335  47700   1.94e+01  2.25e-01  1.34e-01  8.61e-02  7.66e-02  5.73e-02  1.01e+05  1.61e+04 -1.00e+05
2015 11 09  1320   57335  48000   1.24e+01  1.96e-01  1.49e-01  4.98e-02  4.02e-02  2.09e-02  9.85e+04  1.50e+04 -1.00e+05
2015 11 09  1325   57335  48300   1.01e+01  1.31e-01  1.06e-01  7.01e-02  6.05e-02  4.12e-02  9.85e+04  1.54e+04 -1.00e+05
2015 11 09  1330   57335  48600   1.16e+01  2.99e-01  1.79e-01  8.34e-02  5.92e-02  2.56e-02  8.73e+04  1.22e+04 -1.00e+05
2015 11 09  1335   57335  48900   6.78e+00  1.26e-01  1.01e-01  6.52e-02  5.56e-02  3.63e-02  9.68e+04  1.48e+04 -1.00e+05
2015 11 09  1340   57335  49200   9.40e+00  2.03e-01  1.08e-01  6.03e-02  5.07e-02  3.14e-02  8.57e+04  1.22e+04 -1.00e+05
2015 11 09  1345   57335  49500   1.21e+01  2.00e-01  1.06e-01  5.78e-02  4.82e-02  2.89e-02  8.73e+04  1.17e+04 -1.00e+05
2015 11 09  1350   57335  49800   1.26e+01  3.10e-01  1.74e-01  4.98e-02  4.02e-02  2.09e-02  8.32e+04  1.13e+04 -1.00e+05
2015 11 09  1355   57335  50100   6.38e+00  2.45e-01  1.99e-01  8.72e-02  4.90e-02  2.39e-02  7.93e+04  9.46e+03 -1.00e+05
2015 11 09  1400   57335  50400   5.13e+00  1.36e-01  8.92e-02  4.98e-02  4.02e-02  2.09e-02  7.44e+04  8.38e+03 -1.00e+05
2015 11 09  1405   57335  50700   5.63e+00  1.89e-01  1.43e-01  5.28e-02  4.32e-02  2.39e-02  6.96e+04  7.74e+03 -1.00e+05
2015 11 09  1410   57335  51000   8.03e+00  1.98e-01  9.73e-02  5.95e-02  4.67e-02  2.64e-02  6.61e+04  7.15e+03 -1.00e+05
2015 11 09  1415   57335  51300   5.05e+00  1.91e-01  1.66e-01  1.29e-01  7.37e-02  3.17e-02  7.08e+04  8.24e+03 -1.00e+05
2015 11 09  1420   57335  51600   6.61e+00  1.93e-01  9.80e-02  4.98e-02  4.02e-02  2.09e-02  7.12e+04  8.55e+03 -1.00e+05
2015 11 09  1425   57335  51900   4.24e+00  1.16e-01  9.09e-02  5.53e-02  4.57e-02  2.64e-02  7.04e+04  8.24e+03 -1.00e+05
2015 11 09  1430   57335  52200   5.06e+00  2.50e-01  2.04e-01  9.42e-02  5.64e-02  3.14e-02  6.61e+04  7.47e+03 -1.00e+05
2015 11 09  1435   57335  52500   6.41e+00  1.89e-01  8.74e-02  4.98e-02  4.02e-02  2.09e-02  6.53e+04  7.65e+03 -1.00e+05
2015 11 09  1440   57335  52800   3.66e+00  1.96e-01  1.71e-01  1.35e-01  1.25e-01  5.37e-02  7.00e+04  8.57e+03 -1.00e+05
2015 11 09  1445   57335  53100   4.45e+00  1.40e-01  1.15e-01  4.98e-02  4.02e-02  2.09e-02  7.74e+04  1.02e+04 -1.00e+05
2015 11 09  1450   57335  53400   6.77e+00  2.72e-01  1.50e-01  9.59e-02  7.18e-02  3.01e-02  7.86e+04  1.06e+04 -1.00e+05
2015 11 09  1455   57335  53700   7.24e+00  2.25e-01  2.00e-01  9.65e-02  6.65e-02  4.13e-02  8.57e+04  1.39e+04 -1.00e+05
2015 11 09  1500   57335  54000   9.22e+00  1.78e-01  1.53e-01  1.16e-01  7.38e-02  4.87e-02  9.79e+04  1.79e+04 -1.00e+05
2015 11 09  1505   57335  54300   1.02e+01  2.13e-01  8.73e-02  4.98e-02  4.02e-02  2.09e-02  9.29e+04  1.68e+04 -1.00e+05
2015 11 09  1510   57335  54600   5.11e+00  1.19e-01  9.38e-02  5.83e-02  4.87e-02  2.36e-02  8.50e+04  1.30e+04 -1.00e+05
2015 11 09  1515   57335  54900   4.57e+00  1.48e-01  1.23e-01  8.59e-02  4.60e-02  2.09e-02  7.98e+04  1.16e+04 -1.00e+05
2015 11 09  1520   57335  55200   4.23e+00  2.03e-01  1.59e-01  1.19e-01  8.11e-02  5.37e-02  7.36e+04  9.38e+03 -1.00e+05
2015 11 09  1525   57335  55500   4.35e+00  1.80e-01  1.55e-01  1.19e-01  1.00e-01  5.65e-02  7.69e+04  1.04e+04 -1.00e+05
2015 11 09  1530   57335  55800   4.73e+00  1.64e-01  1.39e-01  5.28e-02  4.32e-02  2.39e-02  7.58e+04  1.09e+04 -1.00e+05
2015 11 09  1535   57335  56100   4.82e+00  2.50e-01  2.23e-01  1.57e-01  1.32e-01  5.45e-02  6.52e+04  8.61e+03 -1.00e+05
2015 11 09  1540   57335  56400   5.06e+00  1.10e-01  8.53e-02  4.98e-02  4.02e-02  2.09e-02  6.40e+04  8.52e+03 -1.00e+05
2015 11 09  1545   57335  56700   5.89e+00  1.61e-01  1.36e-01  4.98e-02  4.02e-02  2.09e-02  6.33e+04  8.74e+03 -1.00e+05
2015 11 09  1550   57335  57000   1.16e+01  2.86e-01  1.16e-01  7.86e-02  6.44e-02  4.38e-02  6.67e+04  9.43e+03 -1.00e+05
2015 11 09  1555   57335  57300   6.27e+00  1.98e-01  1.73e-01  1.38e-01  1.28e-01  6.10e-02  8.11e+04  1.32e+04 -1.00e+05
2015 11 09  1600   57335  57600   4.18e+00  2.78e-01  1.83e-01  6.79e-02  5.05e-02  2.89e-02  6.87e+04  8.55e+03 -1.00e+05
2015 11 09  1605   57335  57900   4.31e+00  1.10e-01  8.53e-02  4.98e-02  4.02e-02  2.09e-02  6.59e+04  7.94e+03 -1.00e+05
2015 11 09  1610   57335  58200   7.53e+00  1.63e-01  1.38e-01  1.02e-01  7.39e-02  3.38e-02  4.82e+04  5.65e+03 -1.00e+05
2015 11 09  1615   57335  58500   1.54e+01  2.30e-01  1.15e-01  7.71e-02  6.75e-02  2.97e-02  4.20e+04  4.99e+03 -1.00e+05
2015 11 09  1620   57335  58800   1.80e+01  2.99e-01  8.75e-02  5.04e-02  4.08e-02  2.15e-02  3.22e+04  3.46e+03 -1.00e+05
2015 11 09  1625   57335  59100   8.44e+00  1.46e-01  1.21e-01  8.58e-02  7.37e-02  5.37e-02  2.56e+04  2.23e+03 -1.00e+05
2015 11 09  1630   57335  59400   1.42e+01  2.42e-01  1.47e-01  5.55e-02  4.15e-02  2.09e-02  1.97e+04  1.56e+03 -1.00e+05
2015 11 09  1635   57335  59700   1.01e+01  2.73e-01  2.27e-01  1.04e-01  8.03e-02  2.28e-02  2.05e+04  1.59e+03 -1.00e+05
2015 11 09  1640   57335  60000   1.19e+01  2.77e-01  1.82e-01  6.21e-02  4.30e-02  2.09e-02  2.18e+04  1.79e+03 -1.00e+05
2015 11 09  1645   57335  60300   7.91e+00  1.65e-01  1.19e-01  4.98e-02  4.02e-02  2.09e-02  2.14e+04  1.71e+03 -1.00e+05
2015 11 09  1650   57335  60600   7.48e+00  1.34e-01  1.09e-01  7.32e-02  5.74e-02  3.63e-02  1.92e+04  1.53e+03 -1.00e+05
2015 11 09  1655   57335  60900   1.07e+01  1.75e-01  1.29e-01  8.93e-02  5.72e-02  3.14e-02  2.18e+04  1.71e+03 -1.00e+05
2015 11 09  1700   57335  61200   6.10e+00  1.23e-01  9.80e-02  6.21e-02  4.30e-02  2.09e-02  2.09e+04  1.57e+03 -1.00e+05
2015 11 09  1705   57335  61500   4.68e+00  1.53e-01  1.28e-01  9.25e-02  8.29e-02  6.36e-02  2.01e+04  1.49e+03 -1.00e+05
2015 11 09  1710   57335  61800   7.00e+00  2.49e-01  2.24e-01  1.88e-01  1.60e-01  7.83e-02  1.96e+04  1.52e+03 -1.00e+05
2015 11 09  1715   57335  62100   1.12e+01  2.28e-01  1.35e-01  8.75e-02  7.79e-02  5.86e-02  1.89e+04  1.55e+03 -1.00e+05
2015 11 09  1720   57335  62400   5.38e+00  1.56e-01  1.31e-01  9.49e-02  8.15e-02  2.65e-02  1.69e+04  1.37e+03 -1.00e+05
2015 11 09  1725   57335  62700   6.41e+00  2.51e-01  2.27e-01  9.57e-02  7.66e-02  3.17e-02  1.72e+04  1.39e+03 -1.00e+05
2015 11 09  1730   57335  63000   1.14e+01  5.56e-01  2.46e-01  6.25e-02  4.35e-02  2.15e-02  1.59e+04  1.24e+03 -1.00e+05
2015 11 09  1735   57335  63300   5.12e+00  1.31e-01  1.06e-01  7.08e-02  6.12e-02  2.77e-02  1.55e+04  1.23e+03 -1.00e+05
2015 11 09  1740   57335  63600   4.89e+00  1.41e-01  1.16e-01  8.01e-02  7.05e-02  5.12e-02  1.51e+04  1.23e+03 -1.00e+05
2015 11 09  1745   57335  63900   7.11e+00  3.28e-01  2.46e-01  8.24e-02  7.29e-02  4.41e-02  1.38e+04  1.12e+03 -1.00e+05
2015 11 09  1750   57335  64200   5.38e+00  3.10e-01  2.85e-01  2.47e-01  1.55e-01  6.10e-02  1.39e+04  1.14e+03 -1.00e+05
2015 11 09  1755   57335  64500   4.57e+00  1.62e-01  1.37e-01  7.27e-02  6.31e-02  4.38e-02  1.36e+04  1.15e+03 -1.00e+05
2015 11 09  1800   57335  64800   4.75e+00  2.49e-01  2.24e-01  1.12e-01  9.41e-02  5.63e-02  1.35e+04  1.14e+03 -1.00e+05
2015 11 09  1805   57335  65100   5.02e+00  2.94e-01  2.56e-01  2.16e-01  1.38e-01  4.38e-02  1.24e+04  1.06e+03 -1.00e+05
2015 11 09  1810   57335  65400   4.27e+00  1.10e-01  8.53e-02  4.98e-02  4.02e-02  2.09e-02  1.33e+04  1.15e+03 -1.00e+05
2015 11 09  1815   57335  65700   5.91e+00  2.03e-01  1.08e-01  6.03e-02  5.07e-02  3.14e-02  1.36e+04  1.20e+03 -1.00e+05
2015 11 09  1820   57335  66000   3.80e+00  1.83e-01  1.58e-01  1.21e-01  8.35e-02  3.76e-02  1.49e+04  1.32e+03 -1.00e+05
2015 11 09  1825   57335  66300   4.15e+00  1.90e-01  1.65e-01  6.03e-02  5.07e-02  3.14e-02  1.70e+04  1.45e+03 -1.00e+05
2015 11 09  1830   57335  66600   3.07e+00  2.23e-01  1.80e-01  9.14e-02  8.18e-02  6.25e-02  1.67e+04  1.39e+03 -1.00e+05
2015 11 09  1835   57335  66900   3.22e+00  3.22e-01  2.98e-01  2.58e-01  1.26e-01  2.22e-02  1.80e+04  1.41e+03 -1.00e+05
2015 11 09  1840   57335  67200   3.03e+00  1.66e-01  1.41e-01  1.06e-01  8.85e-02  5.79e-02  1.96e+04  1.54e+03 -1.00e+05
2015 11 09  1845   57335  67500   6.24e+00  3.37e-01  1.68e-01  1.30e-01  9.68e-02  7.08e-02  2.10e+04  1.66e+03 -1.00e+05
2015 11 09  1850   57335  67800   3.45e+00  1.58e-01  1.33e-01  8.98e-02  8.02e-02  3.41e-02  2.22e+04  1.76e+03 -1.00e+05
2015 11 09  1855   57335  68100   3.92e+00  1.58e-01  1.33e-01  9.65e-02  6.65e-02  4.13e-02  2.40e+04  2.09e+03 -1.00e+05
2015 11 09  1900   57335  68400   3.65e+00  1.94e-01  1.69e-01  1.33e-01  1.14e-01  4.38e-02  2.24e+04  1.85e+03 -1.00e+05
2015 11 09  1905   57335  68700   6.64e+00  3.06e-01  1.79e-01  1.40e-01  1.06e-01  3.97e-02  1.83e+04  1.38e+03 -1.00e+05
2015 11 09  1910   57335  69000   4.08e+00  1.92e-01  1.67e-01  1.30e-01  9.36e-02  6.85e-02  1.53e+04  1.14e+03 -1.00e+05
2015 11 09  1915   57335  69300   4.07e+00  1.63e-01  1.23e-01  8.37e-02  5.45e-02  2.41e-02  1.49e+04  1.08e+03 -1.00e+05
2015 11 09  1920   57335  69600   3.34e+00  2.26e-01  2.01e-01  1.66e-01  1.56e-01  6.66e-02  1.33e+04  8.78e+02 -1.00e+05
2015 11 09  1925   57335  69900   3.84e+00  2.36e-01  1.92e-01  9.00e-02  8.04e-02  6.11e-02  9.61e+03  5.17e+02 -1.00e+05
2015 11 09  1930   57335  70200   7.66e+00  2.56e-01  1.73e-01  1.27e-01  1.18e-01  4.62e-02  9.78e+03  5.15e+02 -1.00e+05
2015 11 09  1935   57335  70500   6.09e+00  2.31e-01  2.06e-01  1.68e-01  9.83e-02  4.33e-02  1.01e+04  5.20e+02 -1.00e+05
2015 11 09  1940   57335  70800   7.29e+00  2.23e-01  1.61e-01  1.18e-01  1.04e-01  5.76e-02  1.09e+04  6.23e+02 -1.00e+05
2015 11 09  1945   57335  71100   5.60e+00  1.28e-01  1.03e-01  6.77e-02  5.81e-02  3.89e-02  1.26e+04  6.72e+02 -1.00e+05
2015 11 09  1950   57335  71400   9.44e+00  5.96e-01  3.15e-01  8.99e-02  6.50e-02  4.13e-02  1.31e+04  6.76e+02 -1.00e+05
2015 11 09  1955   57335  71700   3.88e+00  3.06e-01  2.81e-01  1.36e-01  1.20e-01  4.27e-02  1.36e+04  6.56e+02 -1.00e+05
2015 11 09  2000   57335  72000   4.85e+00  2.28e-01  2.03e-01  9.49e-02  5.03e-02  2.09e-02  1.47e+04  7.23e+02 -1.00e+05
2015 11 09  2005   57335  72300   7.86e+00  2.65e-01  1.81e-01  1.33e-01  8.85e-02  5.23e-02  1.63e+04  7.45e+02 -1.00e+05
2015 11 09  2010   57335  72600   1.01e+01  2.90e-01  1.86e-01  1.49e-01  1.39e-01  8.50e-02  1.72e+04  7.96e+02 -1.00e+05
2015 11 09  2015   57335  72900   1.56e+01  5.14e-01  2.10e-01  9.74e-02  8.78e-02  6.85e-02  1.90e+04  8.59e+02 -1.00e+05
2015 11 09  2020   57335  73200   7.94e+00  3.10e-01  2.85e-01  2.47e-01  1.62e-01  7.22e-02  2.17e+04  9.79e+02 -1.00e+05
2015 11 09  2025   57335  73500   1.36e+01  3.00e-01  1.52e-01  1.12e-01  6.42e-02  3.89e-02  2.15e+04  9.73e+02 -1.00e+05
2015 11 09  2030   57335  73800   6.28e+00  3.72e-01  3.48e-01  9.10e-02  4.59e-02  2.09e-02  2.04e+04  8.98e+02 -1.00e+05
2015 11 09  2035   57335  74100   5.74e+00  3.03e-01  2.78e-01  2.40e-01  1.61e-01  4.98e-02  2.06e+04  8.79e+02 -1.00e+05
2015 11 09  2040   57335  74400   5.57e+00  2.35e-01  2.10e-01  1.72e-01  9.85e-02  4.15e-02  2.09e+04  8.78e+02 -1.00e+05
2015 11 09  2045   57335  74700   9.17e+00  4.11e-01  2.47e-01  1.33e-01  9.36e-02  6.85e-02  2.04e+04  8.45e+02 -1.00e+05
2015 11 09  2050   57335  75000   7.27e+00  2.20e-01  1.31e-01  8.37e-02  5.44e-02  2.36e-02  2.12e+04  8.24e+02 -1.00e+05
2015 11 09  2055   57335  75300   1.01e+01  3.67e-01  2.33e-01  1.92e-01  9.97e-02  3.37e-02  2.20e+04  8.73e+02 -1.00e+05
2015 11 09  2100   57335  75600   4.97e+00  1.89e-01  1.64e-01  1.27e-01  8.17e-02  4.48e-02  2.22e+04  8.48e+02 -1.00e+05
2015 11 09  2105   57335  75900   4.08e+00  1.98e-01  1.73e-01  1.36e-01  9.61e-02  7.10e-02  2.16e+04  8.49e+02 -1.00e+05
2015 11 09  2110   57335  76200   3.51e+00  5.44e-01  5.19e-01  1.13e-01  6.12e-02  3.63e-02  2.06e+04  8.40e+02 -1.00e+05
2015 11 09  2115   57335  76500   3.45e+00  2.41e-01  2.16e-01  1.77e-01  1.05e-01  6.00e-02  2.02e+04  8.59e+02 -1.00e+05
2015 11 09  2120   57335  76800   3.24e+00  3.23e-01  2.98e-01  2.42e-01  1.11e-01  2.21e-02  1.94e+04  9.05e+02 -1.00e+05
2015 11 09  2125   57335  77100   3.49e+00  6.91e-01  6.66e-01  3.83e-01  2.49e-01  8.26e-02  1.86e+04  9.04e+02 -1.00e+05
2015 11 09  2130   57335  77400   2.80e+00  2.94e-01  2.69e-01  2.28e-01  1.08e-01  3.57e-02  1.68e+04  8.19e+02 -1.00e+05
2015 11 09  2135   57335  77700   3.79e+00  8.40e-01  7.90e-01  3.95e-01  2.28e-01  7.84e-02  1.55e+04  7.11e+02 -1.00e+05
2015 11 09  2140   57335  78000   4.79e+00  8.62e-01  6.46e-01  2.25e-01  1.22e-01  6.40e-02  1.40e+04  6.51e+02 -1.00e+05
2015 11 09  2145   57335  78300   3.13e+00  4.43e-01  4.18e-01  3.00e-01  1.88e-01  7.46e-02  1.37e+04  6.12e+02 -1.00e+05
2015 11 09  2150   57335  78600   3.67e+00  3.48e-01  2.55e-01  1.40e-01  8.08e-02  5.61e-02  1.39e+04  5.34e+02 -1.00e+05
2015 11 09  2155   57335  78900   2.46e+00  6.24e-01  5.99e-01  1.11e-01  4.86e-02  2.16e-02  1.30e+04  4.79e+02 -1.00e+05
2015 11 09  2200   57335  79200   2.95e+00  4.90e-01  2.95e-01  8.44e-02  4.59e-02  2.09e-02  1.48e+04  5.38e+02 -1.00e+05
2015 11 09  2205   57335  79500   1.97e+00  1.93e-01  1.46e-01  1.04e-01  4.56e-02  2.09e-02  1.65e+04  6.54e+02 -1.00e+05
2015 11 09  2210   57335  79800   3.48e+00  8.59e-01  7.54e-01  2.62e-01  1.09e-01  2.21e-02  1.67e+04  6.87e+02 -1.00e+05
2015 11 09  2215   57335  80100   1.97e+00  5.62e-01  5.37e-01  1.34e-01  7.85e-02  5.37e-02  1.15e+04  4.39e+02 -1.00e+05
2015 11 09  2220   57335  80400   1.96e+00  6.77e-01  6.53e-01  1.31e-01  7.09e-02  4.62e-02  7.93e+03  2.96e+02 -1.00e+05
2015 11 09  2225   57335  80700   1.77e+00  2.71e-01  2.46e-01  1.44e-01  8.33e-02  5.86e-02  9.63e+03  3.18e+02 -1.00e+05
2015 11 09  2230   57335  81000   2.30e+00  5.34e-01  5.09e-01  4.15e-01  1.77e-01  2.22e-02  1.26e+04  4.19e+02 -1.00e+05
2015 11 09  2235   57335  81300   4.80e+00  4.57e-01  2.55e-01  1.93e-01  9.13e-02  3.17e-02  1.49e+04  4.99e+02 -1.00e+05
2015 11 09  2240   57335  81600   6.51e+00  9.04e-01  6.10e-01  9.94e-02  4.58e-02  2.09e-02  1.89e+04  6.55e+02 -1.00e+05
2015 11 09  2245   57335  81900   6.90e+00  3.87e-01  2.53e-01  2.10e-01  9.98e-02  3.37e-02  2.08e+04  6.99e+02 -1.00e+05
2015 11 09  2250   57335  82200   1.17e+01  1.34e+00  6.88e-01  1.06e-01  4.56e-02  2.09e-02  2.31e+04  8.05e+02 -1.00e+05
2015 11 09  2255   57335  82500   1.16e+01  1.15e+00  7.31e-01  3.01e-01  1.66e-01  4.98e-02  2.31e+04  8.08e+02 -1.00e+05
2015 11 09  2300   57335  82800   1.30e+01  1.73e+00  1.21e+00  3.52e-01  1.75e-01  5.77e-02  2.28e+04  7.81e+02 -1.00e+05
2015 11 09  2305   57335  83100   1.13e+01  1.54e+00  9.26e-01  2.47e-01  1.25e-01  4.20e-02  2.34e+04  7.96e+02 -1.00e+05
2015 11 09  2310   57335  83400   8.95e+00  1.04e+00  8.43e-01  3.16e-01  1.59e-01  4.78e-02  2.41e+04  8.09e+02 -1.00e+05
2015 11 09  2315   57335  83700   1.18e+01  1.71e+00  1.13e+00  3.37e-01  1.89e-01  8.56e-02  2.23e+04  7.03e+02 -1.00e+05
2015 11 09  2320   57335  84000   1.19e+01  2.11e+00  1.42e+00  1.31e-01  5.02e-02  2.64e-02  2.15e+04  6.82e+02 -1.00e+05
2015 11 09  2325   57335  84300   1.56e+01  4.03e+00  2.11e+00  3.10e-01  1.24e-01  3.97e-02  1.95e+04  5.77e+02 -1.00e+05
2015 11 09  2330   57335  84600   1.61e+01  3.18e+00  1.58e+00  1.63e-01  8.28e-02  5.90e-02  2.23e+04  6.67e+02 -1.00e+05
2015 11 09  2335   57335  84900   1.72e+01  2.80e+00  1.33e+00  4.20e-01  1.76e-01  5.18e-02  2.48e+04  7.76e+02 -1.00e+05
2015 11 09  2340   57335  85200   1.63e+01  3.93e+00  1.94e+00  1.64e-01  7.72e-02  5.37e-02  2.47e+04  7.51e+02 -1.00e+05
2015 11 09  2345   57335  85500   1.68e+01  4.35e+00  2.52e+00  6.12e-01  2.25e-01  5.49e-02  2.06e+04  5.91e+02 -1.00e+05
2015 11 09  2350   57335  85800   1.51e+01  3.59e+00  1.76e+00  2.47e-01  1.04e-01  5.63e-02  2.33e+04  6.57e+02 -1.00e+05
2015 11 09  2355   57335  86100   1.93e+01  3.96e+00  2.17e+00  2.31e-01  1.11e-01  7.30e-02  2.37e+04  6.55e+02 -1.00e+05
