:Data_list: 20150731_Gp_part_5m.txt
:Created: 2015 Aug 01 0011 UTC
# Prepared by the U.S. Dept. of Commerce, NOAA, Space Weather Prediction Center
# Please send comments and suggestions to SWPC.Webmaster@noaa.gov 
# 
# Label: P > 1 = Particles at >1 Mev
# Label: P > 5 = Particles at >5 Mev
# Label: P >10 = Particles at >10 Mev
# Label: P >30 = Particles at >30 Mev
# Label: P >50 = Particles at >50 Mev
# Label: P>100 = Particles at >100 Mev
# Label: E>0.8 = Electrons at >0.8 Mev
# Label: E>2.0 = Electrons at >2.0 Mev
# Label: E>4.0 = Electrons at >4.0 Mev
# Units: Particles = Protons/cm2-s-sr
# Units: Electrons = Electrons/cm2-s-sr
# Source: GOES-13
# Location: W075
# Missing data: -1.00e+05
#
#                      5-minute  GOES-13 Solar Particle and Electron Flux
#
#                 Modified Seconds
# UTC Date  Time   Julian  of the
# YR MO DA  HHMM    Day     Day     P > 1     P > 5     P >10     P >30     P >50     P>100     E>0.8     E>2.0     E>4.0
#-------------------------------------------------------------------------------------------------------------------------
2015 07 31  0000   57234      0   9.10e-01  2.26e-01  1.14e-01  5.96e-02  5.05e-02  3.15e-02  9.23e+02  4.01e-01 -1.00e+05
2015 07 31  0005   57234    300   5.19e-01  2.37e-01  1.40e-01  4.88e-02  3.97e-02  2.07e-02  7.23e+02  1.37e+00 -1.00e+05
2015 07 31  0010   57234    600   4.88e-01  1.70e-01  1.45e-01  1.12e-01  1.03e-01  6.35e-02  6.42e+02  1.33e-01 -1.00e+05
2015 07 31  0015   57234    900   4.61e-01  1.22e-01  9.73e-02  6.46e-02  5.54e-02  3.64e-02  5.86e+02  1.33e-01 -1.00e+05
2015 07 31  0020   57234   1200   4.46e-01  1.98e-01  1.01e-01  5.52e-02  4.11e-02  2.07e-02  4.03e+02  1.33e-01 -1.00e+05
2015 07 31  0025   57234   1500   1.60e-01  1.06e-01  8.16e-02  4.88e-02  3.97e-02  2.07e-02  2.06e+02  1.29e+00 -1.00e+05
2015 07 31  0030   57234   1800   4.05e-01  2.22e-01  1.38e-01  9.42e-02  6.55e-02  2.95e-02  1.08e+02  1.33e-01 -1.00e+05
2015 07 31  0035   57234   2100   2.81e-01  1.57e-01  1.32e-01  8.50e-02  6.58e-02  4.39e-02  1.03e+02  1.33e-01 -1.00e+05
2015 07 31  0040   57234   2400   3.39e-01  1.34e-01  1.09e-01  7.63e-02  6.71e-02  3.51e-02  1.68e+02  1.33e-01 -1.00e+05
2015 07 31  0045   57234   2700   1.44e-01  1.06e-01  8.16e-02  4.88e-02  3.97e-02  2.07e-02  1.65e+02  3.10e-01 -1.00e+05
2015 07 31  0050   57234   3000   4.24e-01  1.19e-01  9.41e-02  6.12e-02  4.89e-02  2.90e-02  1.74e+02  1.33e-01 -1.00e+05
2015 07 31  0055   57234   3300   4.85e-01  2.44e-01  2.18e-01  1.83e-01  1.39e-01  4.91e-02  1.57e+02  1.33e-01 -1.00e+05
2015 07 31  0100   57234   3600   4.05e-01  1.45e-01  1.20e-01  8.72e-02  7.81e-02  3.30e-02  1.29e+02  1.33e-01 -1.00e+05
2015 07 31  0105   57234   3900   8.81e-01  4.13e-01  1.99e-01  9.35e-02  8.43e-02  3.50e-02  9.87e+01  1.33e-01 -1.00e+05
2015 07 31  0110   57234   4200   1.61e-01  1.34e-01  1.09e-01  6.47e-02  5.55e-02  3.48e-02  8.47e+01  1.33e-01 -1.00e+05
2015 07 31  0115   57234   4500   2.44e-01  2.02e-01  1.77e-01  1.08e-01  7.92e-02  2.29e-02  8.88e+01  1.33e-01 -1.00e+05
2015 07 31  0120   57234   4800   3.88e-01  1.64e-01  1.39e-01  1.06e-01  9.69e-02  3.91e-02  7.03e+01  1.33e-01 -1.00e+05
2015 07 31  0125   57234   5100   5.24e-01  1.96e-01  9.64e-02  6.18e-02  4.26e-02  2.07e-02  5.58e+01  1.33e-01 -1.00e+05
2015 07 31  0130   57234   5400   2.19e-01  1.13e-01  8.82e-02  5.52e-02  4.11e-02  2.07e-02  3.95e+01  1.33e-01 -1.00e+05
2015 07 31  0135   57234   5700   3.95e-01  1.99e-01  1.74e-01  5.59e-02  4.67e-02  2.30e-02  3.80e+01  1.33e-01 -1.00e+05
2015 07 31  0140   57234   6000   2.12e-01  1.06e-01  8.16e-02  4.88e-02  3.97e-02  2.07e-02  2.84e+01  2.19e+00 -1.00e+05
2015 07 31  0145   57234   6300   1.66e-01  1.38e-01  1.14e-01  8.10e-02  7.18e-02  3.10e-02  2.29e+01  1.33e-01 -1.00e+05
2015 07 31  0150   57234   6600   1.93e-01  1.66e-01  1.41e-01  8.78e-02  4.55e-02  2.07e-02  1.36e+01  1.33e-01 -1.00e+05
2015 07 31  0155   57234   6900   2.57e-01  1.61e-01  1.36e-01  6.95e-02  6.04e-02  4.14e-02  6.42e+00  1.33e-01 -1.00e+05
2015 07 31  0200   57234   7200   2.15e-01  1.13e-01  8.82e-02  5.52e-02  4.11e-02  2.07e-02  5.78e+00  7.38e-01 -1.00e+05
2015 07 31  0205   57234   7500   1.53e-01  1.26e-01  1.01e-01  6.84e-02  5.93e-02  2.70e-02  4.95e+00  1.33e-01 -1.00e+05
2015 07 31  0210   57234   7800   4.85e-01  2.20e-01  9.63e-02  6.18e-02  4.26e-02  2.07e-02  3.18e+00  1.86e+00 -1.00e+05
2015 07 31  0215   57234   8100   3.29e-01  2.00e-01  1.75e-01  8.76e-02  6.84e-02  2.90e-02  2.92e+00  1.33e-01 -1.00e+05
2015 07 31  0220   57234   8400   5.13e-01  4.45e-01  3.06e-01  1.81e-01  1.38e-01  6.98e-02  2.90e+00  1.33e-01 -1.00e+05
2015 07 31  0225   57234   8700   1.44e-01  1.17e-01  9.24e-02  5.96e-02  5.05e-02  3.15e-02  3.97e+00  1.33e-01 -1.00e+05
2015 07 31  0230   57234   9000   2.39e-01  2.12e-01  1.87e-01  5.96e-02  5.05e-02  3.15e-02  3.11e+00  1.33e-01 -1.00e+05
2015 07 31  0235   57234   9300   3.33e-01  1.92e-01  1.67e-01  1.30e-01  8.78e-02  5.55e-02  2.60e+00  1.33e-01 -1.00e+05
2015 07 31  0240   57234   9600   1.89e-01  1.62e-01  1.37e-01  8.98e-02  6.49e-02  4.14e-02  2.57e+00  1.33e-01 -1.00e+05
2015 07 31  0245   57234   9900   3.15e-01  1.92e-01  9.47e-02  4.88e-02  3.97e-02  2.07e-02  2.86e+00  1.14e+00 -1.00e+05
2015 07 31  0250   57234  10200   2.00e-01  1.34e-01  8.59e-02  4.88e-02  3.97e-02  2.07e-02  4.20e+00  1.33e-01 -1.00e+05
2015 07 31  0255   57234  10500   4.07e-01  3.05e-01  2.81e-01  1.26e-01  8.40e-02  5.53e-02  5.45e+00  1.33e-01 -1.00e+05
2015 07 31  0300   57234  10800   2.38e-01  1.59e-01  1.34e-01  1.01e-01  9.22e-02  4.32e-02  6.80e+00  1.33e-01 -1.00e+05
2015 07 31  0305   57234  11100   5.22e-01  2.61e-01  9.36e-02  5.96e-02  5.05e-02  3.15e-02  9.40e+00  1.33e-01 -1.00e+05
2015 07 31  0310   57234  11400   1.68e-01  1.41e-01  1.16e-01  8.27e-02  5.56e-02  3.15e-02  9.01e+00  1.33e-01 -1.00e+05
2015 07 31  0315   57234  11700   7.37e-01  6.26e-01  2.58e-01  6.84e-02  5.93e-02  2.70e-02  8.37e+00  1.33e-01 -1.00e+05
2015 07 31  0320   57234  12000   6.14e-01  2.95e-01  1.29e-01  9.46e-02  8.52e-02  6.62e-02  6.61e+00  1.33e-01 -1.00e+05
2015 07 31  0325   57234  12300   3.90e-01  2.36e-01  8.94e-02  5.52e-02  4.11e-02  2.07e-02  3.89e+00  1.33e-01 -1.00e+05
2015 07 31  0330   57234  12600   2.37e-01  2.10e-01  1.85e-01  1.51e-01  1.17e-01  4.31e-02  3.27e+00  1.33e-01 -1.00e+05
2015 07 31  0335   57234  12900   5.31e-01  4.37e-01  1.97e-01  6.18e-02  4.26e-02  2.07e-02  2.82e+00  1.33e-01 -1.00e+05
2015 07 31  0340   57234  13200   2.84e-01  2.20e-01  1.95e-01  7.54e-02  6.62e-02  4.73e-02  3.52e+00  1.33e-01 -1.00e+05
2015 07 31  0345   57234  13500   1.52e-01  1.25e-01  9.98e-02  6.71e-02  5.79e-02  3.89e-02  3.94e+00  7.42e-01 -1.00e+05
2015 07 31  0350   57234  13800   2.57e-01  2.08e-01  1.12e-01  6.66e-02  5.59e-02  3.64e-02  3.44e+00  1.33e-01 -1.00e+05
2015 07 31  0355   57234  14100   1.64e-01  1.13e-01  8.87e-02  5.59e-02  4.67e-02  2.30e-02  2.92e+00  1.33e-01 -1.00e+05
2015 07 31  0400   57234  14400   3.65e-01  2.19e-01  1.21e-01  7.49e-02  4.55e-02  2.07e-02  2.66e+00  2.76e+00 -1.00e+05
2015 07 31  0405   57234  14700   2.30e-01  2.03e-01  1.78e-01  4.88e-02  3.97e-02  2.07e-02  3.32e+00  1.33e-01 -1.00e+05
2015 07 31  0410   57234  15000   2.76e-01  2.27e-01  1.31e-01  6.78e-02  5.04e-02  2.90e-02  3.58e+00  1.33e-01 -1.00e+05
2015 07 31  0415   57234  15300   4.43e-01  2.96e-01  2.00e-01  5.96e-02  5.05e-02  3.15e-02  3.07e+00  1.33e-01 -1.00e+05
2015 07 31  0420   57234  15600   2.17e-01  1.90e-01  1.65e-01  1.32e-01  1.08e-01  4.11e-02  3.33e+00  1.33e-01 -1.00e+05
2015 07 31  0425   57234  15900   1.52e-01  1.25e-01  1.00e-01  4.88e-02  3.97e-02  2.07e-02  6.92e+00  1.33e-01 -1.00e+05
2015 07 31  0430   57234  16200   6.74e-01  4.96e-01  2.01e-01  7.20e-02  6.29e-02  4.39e-02  2.53e+00  4.81e-01 -1.00e+05
2015 07 31  0435   57234  16500   2.30e-01  2.03e-01  1.78e-01  4.88e-02  3.97e-02  2.07e-02  2.58e+00  1.33e-01 -1.00e+05
2015 07 31  0440   57234  16800   2.41e-01  1.06e-01  8.16e-02  4.88e-02  3.97e-02  2.07e-02  2.50e+00  1.24e+00 -1.00e+05
2015 07 31  0445   57234  17100   3.02e-01  2.54e-01  1.58e-01  9.81e-02  6.87e-02  4.39e-02  2.36e+00  1.33e-01 -1.00e+05
2015 07 31  0450   57234  17400   1.34e-01  1.06e-01  8.16e-02  4.88e-02  3.97e-02  2.07e-02  2.50e+00  1.33e-01 -1.00e+05
2015 07 31  0455   57234  17700   2.76e-01  2.31e-01  1.83e-01  4.88e-02  3.97e-02  2.07e-02  2.34e+00  4.51e-01 -1.00e+05
2015 07 31  0500   57234  18000   1.67e-01  1.40e-01  1.15e-01  8.14e-02  4.70e-02  2.07e-02  2.49e+00  1.33e-01 -1.00e+05
2015 07 31  0505   57234  18300   3.86e-01  1.76e-01  1.51e-01  5.58e-02  4.19e-02  2.16e-02  3.06e+00  1.33e-01 -1.00e+05
2015 07 31  0510   57234  18600   3.95e-01  1.82e-01  1.58e-01  9.18e-02  8.27e-02  6.37e-02  2.27e+00  1.33e-01 -1.00e+05
2015 07 31  0515   57234  18900   4.79e-01  1.90e-01  8.96e-02  5.52e-02  4.11e-02  2.07e-02  2.46e+00  1.33e-01 -1.00e+05
2015 07 31  0520   57234  19200   3.87e-01  1.91e-01  1.66e-01  6.84e-02  5.93e-02  2.70e-02  2.42e+00  1.33e-01 -1.00e+05
2015 07 31  0525   57234  19500   2.51e-01  2.23e-01  1.99e-01  7.45e-02  6.53e-02  4.63e-02  2.34e+00  1.33e-01 -1.00e+05
2015 07 31  0530   57234  19800   3.81e-01  2.01e-01  1.30e-01  8.88e-02  7.97e-02  3.92e-02  2.43e+00  1.33e-01 -1.00e+05
2015 07 31  0535   57234  20100   2.37e-01  2.10e-01  1.85e-01  5.52e-02  4.11e-02  2.07e-02  2.53e+00  1.33e-01 -1.00e+05
2015 07 31  0540   57234  20400   2.36e-01  1.40e-01  1.15e-01  8.14e-02  4.70e-02  2.07e-02  2.49e+00  1.33e-01 -1.00e+05
2015 07 31  0545   57234  20700   2.20e-01  1.40e-01  1.15e-01  8.14e-02  4.70e-02  2.07e-02  2.99e+00  1.33e-01 -1.00e+05
2015 07 31  0550   57234  21000   2.21e-01  1.87e-01  1.40e-01  6.95e-02  6.04e-02  4.14e-02  3.29e+00  1.33e-01 -1.00e+05
2015 07 31  0555   57234  21300   2.55e-01  1.06e-01  8.16e-02  4.88e-02  3.97e-02  2.07e-02  2.80e+00  1.33e-01 -1.00e+05
2015 07 31  0600   57234  21600   2.36e-01  1.34e-01  1.09e-01  7.55e-02  4.64e-02  2.16e-02  2.57e+00  1.33e-01 -1.00e+05
2015 07 31  0605   57234  21900   2.01e-01  1.42e-01  1.17e-01  8.44e-02  7.52e-02  5.62e-02  2.60e+00  3.02e-01 -1.00e+05
2015 07 31  0610   57234  22200   4.51e-01  3.77e-01  1.75e-01  5.52e-02  4.11e-02  2.07e-02  2.64e+00  1.33e-01 -1.00e+05
2015 07 31  0615   57234  22500   2.80e-01  2.31e-01  1.34e-01  8.65e-02  4.55e-02  2.07e-02  2.38e+00  1.33e-01 -1.00e+05
2015 07 31  0620   57234  22800   4.00e-01  1.83e-01  8.31e-02  4.88e-02  3.97e-02  2.07e-02  2.54e+00  1.33e-01 -1.00e+05
2015 07 31  0625   57234  23100   3.20e-01  1.94e-01  1.69e-01  8.84e-02  7.92e-02  3.73e-02  2.28e+00  1.33e-01 -1.00e+05
2015 07 31  0630   57234  23400   2.82e-01  1.34e-01  8.59e-02  4.88e-02  3.97e-02  2.07e-02  2.38e+00  1.33e-01 -1.00e+05
2015 07 31  0635   57234  23700   3.00e-01  2.22e-01  1.76e-01  1.40e-01  1.31e-01  7.02e-02  2.47e+00  1.33e-01 -1.00e+05
2015 07 31  0640   57234  24000   2.43e-01  1.67e-01  1.21e-01  8.39e-02  7.13e-02  5.13e-02  2.50e+00  1.33e-01 -1.00e+05
2015 07 31  0645   57234  24300   2.82e-01  2.23e-01  1.98e-01  6.83e-02  4.41e-02  2.07e-02  2.66e+00  1.33e-01 -1.00e+05
2015 07 31  0650   57234  24600   1.34e-01  1.06e-01  8.16e-02  4.88e-02  3.97e-02  2.07e-02  3.30e+00  3.19e-01 -1.00e+05
2015 07 31  0655   57234  24900   3.29e-01  2.07e-01  8.30e-02  4.88e-02  3.97e-02  2.07e-02  3.66e+00  1.33e-01 -1.00e+05
2015 07 31  0700   57234  25200   3.37e-01  2.15e-01  1.16e-01  8.19e-02  7.28e-02  5.38e-02  3.21e+00  1.33e-01 -1.00e+05
2015 07 31  0705   57234  25500   2.95e-01  1.06e-01  8.16e-02  4.88e-02  3.97e-02  2.07e-02  3.77e+00  1.33e-01 -1.00e+05
2015 07 31  0710   57234  25800   2.35e-01  1.75e-01  1.26e-01  8.80e-02  4.85e-02  2.07e-02  4.09e+00  1.33e-01 -1.00e+05
2015 07 31  0715   57234  26100   3.67e-01  1.64e-01  1.39e-01  1.06e-01  9.69e-02  3.91e-02  4.62e+00  1.33e-01 -1.00e+05
2015 07 31  0720   57234  26400   5.19e-01  2.03e-01  1.78e-01  4.88e-02  3.97e-02  2.07e-02  4.79e+00  1.72e+00 -1.00e+05
2015 07 31  0725   57234  26700   2.32e-01  1.25e-01  1.00e-01  4.88e-02  3.97e-02  2.07e-02  5.58e+00  3.60e-01 -1.00e+05
2015 07 31  0730   57234  27000   4.61e-01  1.64e-01  1.39e-01  1.06e-01  9.65e-02  7.73e-02  7.21e+00  1.33e-01 -1.00e+05
2015 07 31  0735   57234  27300   4.23e-01  1.14e-01  8.88e-02  5.61e-02  4.69e-02  2.36e-02  8.51e+00  1.33e-01 -1.00e+05
2015 07 31  0740   57234  27600   3.19e-01  1.58e-01  1.33e-01  9.99e-02  8.58e-02  3.50e-02  1.01e+01  1.33e-01 -1.00e+05
2015 07 31  0745   57234  27900   1.39e-01  1.06e-01  8.16e-02  4.88e-02  3.97e-02  2.07e-02  1.14e+01  4.74e+00 -1.00e+05
2015 07 31  0750   57234  28200   3.44e-01  1.20e-01  9.49e-02  6.21e-02  5.29e-02  3.40e-02  1.27e+01  1.33e-01 -1.00e+05
2015 07 31  0755   57234  28500   1.72e-01  1.45e-01  1.20e-01  8.72e-02  7.81e-02  3.30e-02  1.55e+01  7.28e-01 -1.00e+05
2015 07 31  0800   57234  28800   2.30e-01  1.53e-01  1.05e-01  4.88e-02  3.97e-02  2.07e-02  2.02e+01  1.16e+00 -1.00e+05
2015 07 31  0805   57234  29100   4.87e-01  2.48e-01  1.51e-01  8.51e-02  4.55e-02  2.07e-02  2.37e+01  1.33e-01 -1.00e+05
2015 07 31  0810   57234  29400   2.89e-01  1.30e-01  1.05e-01  7.20e-02  6.29e-02  4.39e-02  2.52e+01  1.33e-01 -1.00e+05
2015 07 31  0815   57234  29700   4.91e-01  2.15e-01  1.91e-01  6.46e-02  5.54e-02  3.64e-02  2.67e+01  1.33e-01 -1.00e+05
2015 07 31  0820   57234  30000   4.51e-01  2.79e-01  1.16e-01  6.21e-02  5.29e-02  3.40e-02  2.81e+01  6.94e-01 -1.00e+05
2015 07 31  0825   57234  30300   2.58e-01  1.58e-01  1.33e-01  9.99e-02  8.58e-02  3.50e-02  2.46e+01  1.33e-01 -1.00e+05
2015 07 31  0830   57234  30600   2.77e-01  2.01e-01  1.76e-01  1.44e-01  1.34e-01  5.11e-02  2.57e+01  1.33e-01 -1.00e+05
2015 07 31  0835   57234  30900   3.54e-01  1.61e-01  1.37e-01  7.53e-02  6.62e-02  3.15e-02  3.15e+01  1.33e-01 -1.00e+05
2015 07 31  0840   57234  31200   6.12e-01  1.83e-01  8.31e-02  4.88e-02  3.97e-02  2.07e-02  4.11e+01  1.98e-01 -1.00e+05
2015 07 31  0845   57234  31500   8.29e-01  2.90e-01  1.69e-01  1.35e-01  1.25e-01  6.06e-02  5.41e+01  1.33e-01 -1.00e+05
2015 07 31  0850   57234  31800   3.07e-01  1.51e-01  1.27e-01  4.88e-02  3.97e-02  2.07e-02  5.85e+01  1.33e-01 -1.00e+05
2015 07 31  0855   57234  32100   4.28e-01  1.63e-01  1.39e-01  5.76e-02  4.43e-02  2.41e-02  6.09e+01  1.33e-01 -1.00e+05
2015 07 31  0900   57234  32400   4.63e-01  2.07e-01  1.48e-01  1.09e-01  9.94e-02  4.89e-02  6.61e+01  1.33e-01 -1.00e+05
2015 07 31  0905   57234  32700   3.30e-01  1.90e-01  1.65e-01  1.32e-01  1.08e-01  4.11e-02  6.79e+01  1.33e-01 -1.00e+05
2015 07 31  0910   57234  33000   1.54e-01  1.27e-01  1.02e-01  6.95e-02  6.04e-02  4.14e-02  6.93e+01  1.33e-01 -1.00e+05
2015 07 31  0915   57234  33300   3.49e-01  1.60e-01  1.36e-01  1.03e-01  9.36e-02  4.87e-02  6.91e+01  1.33e-01 -1.00e+05
2015 07 31  0920   57234  33600   5.31e-01  1.06e-01  8.16e-02  4.88e-02  3.97e-02  2.07e-02  7.21e+01  1.33e-01 -1.00e+05
2015 07 31  0925   57234  33900   4.86e-01  1.91e-01  1.67e-01  1.33e-01  9.31e-02  3.50e-02  8.50e+01  1.33e-01 -1.00e+05
2015 07 31  0930   57234  34200   5.30e-01  4.02e-01  2.27e-01  8.44e-02  7.52e-02  5.62e-02  8.34e+01  1.33e-01 -1.00e+05
2015 07 31  0935   57234  34500   2.23e-01  1.06e-01  8.16e-02  4.88e-02  3.97e-02  2.07e-02  9.37e+01  1.33e-01 -1.00e+05
2015 07 31  0940   57234  34800   2.16e-01  1.06e-01  8.16e-02  4.88e-02  3.97e-02  2.07e-02  8.97e+01  2.29e+00 -1.00e+05
2015 07 31  0945   57234  35100   4.47e-01  1.33e-01  1.08e-01  7.49e-02  4.55e-02  2.07e-02  9.66e+01  6.60e-01 -1.00e+05
2015 07 31  0950   57234  35400   7.91e-01  2.47e-01  1.50e-01  8.36e-02  4.55e-02  2.07e-02  9.15e+01  1.33e-01 -1.00e+05
2015 07 31  0955   57234  35700   5.09e-01  2.07e-01  8.30e-02  4.88e-02  3.97e-02  2.07e-02  9.57e+01  1.33e-01 -1.00e+05
2015 07 31  1000   57234  36000   3.70e-01  2.46e-01  2.21e-01  9.46e-02  6.41e-02  3.89e-02  9.36e+01  1.33e-01 -1.00e+05
2015 07 31  1005   57234  36300   4.82e-01  1.70e-01  1.45e-01  1.12e-01  1.03e-01  4.11e-02  9.78e+01  1.33e-01 -1.00e+05
2015 07 31  1010   57234  36600   4.26e-01  2.48e-01  1.10e-01  7.58e-02  6.66e-02  3.33e-02  1.14e+02  9.11e-01 -1.00e+05
2015 07 31  1015   57234  36900   3.21e-01  1.66e-01  1.19e-01  6.71e-02  5.79e-02  3.89e-02  1.10e+02  1.33e-01 -1.00e+05
2015 07 31  1020   57234  37200   3.32e-01  1.68e-01  1.43e-01  1.10e-01  8.91e-02  6.30e-02  1.25e+02  1.33e-01 -1.00e+05
2015 07 31  1025   57234  37500   5.60e-01  3.17e-01  2.55e-01  1.13e-01  8.87e-02  3.50e-02  1.26e+02  1.33e-01 -1.00e+05
2015 07 31  1030   57234  37800   2.97e-01  1.32e-01  1.07e-01  5.52e-02  4.11e-02  2.07e-02  1.26e+02  1.33e-01 -1.00e+05
2015 07 31  1035   57234  38100   3.61e-01  2.23e-01  1.99e-01  8.77e-02  7.86e-02  5.73e-02  1.24e+02  1.33e-01 -1.00e+05
2015 07 31  1040   57234  38400   4.12e-01  1.51e-01  1.04e-01  6.71e-02  5.79e-02  3.89e-02  1.27e+02  1.33e-01 -1.00e+05
2015 07 31  1045   57234  38700   2.94e-01  1.26e-01  1.01e-01  6.86e-02  5.94e-02  2.76e-02  1.21e+02  7.76e-01 -1.00e+05
2015 07 31  1050   57234  39000   3.88e-01  1.46e-01  1.21e-01  8.76e-02  6.84e-02  2.90e-02  1.36e+02  1.33e-01 -1.00e+05
2015 07 31  1055   57234  39300   5.40e-01  2.16e-01  1.92e-01  6.18e-02  4.26e-02  2.07e-02  1.44e+02  3.69e-01 -1.00e+05
2015 07 31  1100   57234  39600   4.73e-01  1.38e-01  1.14e-01  6.18e-02  4.26e-02  2.07e-02  1.51e+02  6.77e-01 -1.00e+05
2015 07 31  1105   57234  39900   4.72e-01  1.20e-01  9.49e-02  6.18e-02  4.26e-02  2.07e-02  1.26e+02  8.36e-01 -1.00e+05
2015 07 31  1110   57234  40200   3.91e-01  3.36e-01  1.73e-01  5.76e-02  4.43e-02  2.41e-02  1.21e+02  1.33e-01 -1.00e+05
2015 07 31  1115   57234  40500   5.79e-01  1.34e-01  8.59e-02  4.88e-02  3.97e-02  2.07e-02  1.22e+02  4.66e-01 -1.00e+05
2015 07 31  1120   57234  40800   4.91e-01  1.54e-01  1.30e-01  9.53e-02  5.63e-02  3.15e-02  1.03e+02  1.33e-01 -1.00e+05
2015 07 31  1125   57234  41100   2.72e-01  1.38e-01  1.14e-01  8.10e-02  7.18e-02  3.10e-02  1.07e+02  5.76e-01 -1.00e+05
2015 07 31  1130   57234  41400   4.91e-01  1.59e-01  1.35e-01  1.02e-01  9.27e-02  4.50e-02  1.25e+02  1.33e-01 -1.00e+05
2015 07 31  1135   57234  41700   5.19e-01  1.72e-01  1.19e-01  8.07e-02  7.15e-02  2.20e-02  1.15e+02  2.18e-01 -1.00e+05
2015 07 31  1140   57234  42000   7.19e-01  2.45e-01  1.49e-01  6.95e-02  6.04e-02  4.14e-02  1.47e+02  1.33e-01 -1.00e+05
2015 07 31  1145   57234  42300   4.15e-01  2.03e-01  1.78e-01  4.96e-02  4.05e-02  2.09e-02  1.54e+02  1.33e-01 -1.00e+05
2015 07 31  1150   57234  42600   2.96e-01  1.17e-01  9.23e-02  5.94e-02  4.66e-02  2.65e-02  1.73e+02  1.33e-01 -1.00e+05
2015 07 31  1155   57234  42900   2.61e-01  1.30e-01  1.05e-01  7.20e-02  6.29e-02  4.39e-02  2.13e+02  1.33e-01 -1.00e+05
2015 07 31  1200   57234  43200   8.42e-01  2.48e-01  2.11e-01  1.25e-01  1.16e-01  4.51e-02  2.08e+02  1.33e-01 -1.00e+05
2015 07 31  1205   57234  43500   3.28e-01  1.12e-01  8.74e-02  5.47e-02  4.55e-02  2.65e-02  1.78e+02  1.33e-01 -1.00e+05
2015 07 31  1210   57234  43800   6.52e-01  2.29e-01  2.04e-01  1.17e-01  9.79e-02  5.42e-02  2.97e+02  1.33e-01 -1.00e+05
2015 07 31  1215   57234  44100   5.33e-01  1.25e-01  1.00e-01  4.88e-02  3.97e-02  2.07e-02  2.23e+02  7.85e-01 -1.00e+05
2015 07 31  1220   57234  44400  -1.00e+05 -1.00e+05 -1.00e+05 -1.00e+05 -1.00e+05 -1.00e+05 -1.00e+05 -1.00e+05 -1.00e+05
2015 07 31  1225   57234  44700  -1.00e+05 -1.00e+05 -1.00e+05 -1.00e+05 -1.00e+05 -1.00e+05 -1.00e+05 -1.00e+05 -1.00e+05
2015 07 31  1230   57234  45000  -1.00e+05 -1.00e+05 -1.00e+05 -1.00e+05 -1.00e+05 -1.00e+05 -1.00e+05 -1.00e+05 -1.00e+05
2015 07 31  1235   57234  45300  -1.00e+05 -1.00e+05 -1.00e+05 -1.00e+05 -1.00e+05 -1.00e+05 -1.00e+05 -1.00e+05 -1.00e+05
2015 07 31  1240   57234  45600  -1.00e+05 -1.00e+05 -1.00e+05 -1.00e+05 -1.00e+05 -1.00e+05 -1.00e+05 -1.00e+05 -1.00e+05
2015 07 31  1245   57234  45900  -1.00e+05 -1.00e+05 -1.00e+05 -1.00e+05 -1.00e+05 -1.00e+05 -1.00e+05 -1.00e+05 -1.00e+05
2015 07 31  1250   57234  46200  -1.00e+05 -1.00e+05 -1.00e+05 -1.00e+05 -1.00e+05 -1.00e+05 -1.00e+05 -1.00e+05 -1.00e+05
2015 07 31  1255   57234  46500  -1.00e+05 -1.00e+05 -1.00e+05 -1.00e+05 -1.00e+05 -1.00e+05 -1.00e+05 -1.00e+05 -1.00e+05
2015 07 31  1300   57234  46800  -1.00e+05 -1.00e+05 -1.00e+05 -1.00e+05 -1.00e+05 -1.00e+05 -1.00e+05 -1.00e+05 -1.00e+05
2015 07 31  1305   57234  47100  -1.00e+05 -1.00e+05 -1.00e+05 -1.00e+05 -1.00e+05 -1.00e+05 -1.00e+05 -1.00e+05 -1.00e+05
2015 07 31  1310   57234  47400  -1.00e+05 -1.00e+05 -1.00e+05 -1.00e+05 -1.00e+05 -1.00e+05 -1.00e+05 -1.00e+05 -1.00e+05
2015 07 31  1315   57234  47700  -1.00e+05 -1.00e+05 -1.00e+05 -1.00e+05 -1.00e+05 -1.00e+05 -1.00e+05 -1.00e+05 -1.00e+05
2015 07 31  1320   57234  48000  -1.00e+05 -1.00e+05 -1.00e+05 -1.00e+05 -1.00e+05 -1.00e+05 -1.00e+05 -1.00e+05 -1.00e+05
2015 07 31  1325   57234  48300  -1.00e+05 -1.00e+05 -1.00e+05 -1.00e+05 -1.00e+05 -1.00e+05 -1.00e+05 -1.00e+05 -1.00e+05
2015 07 31  1330   57234  48600  -1.00e+05 -1.00e+05 -1.00e+05 -1.00e+05 -1.00e+05 -1.00e+05 -1.00e+05 -1.00e+05 -1.00e+05
2015 07 31  1335   57234  48900  -1.00e+05 -1.00e+05 -1.00e+05 -1.00e+05 -1.00e+05 -1.00e+05 -1.00e+05 -1.00e+05 -1.00e+05
2015 07 31  1340   57234  49200  -1.00e+05 -1.00e+05 -1.00e+05 -1.00e+05 -1.00e+05 -1.00e+05 -1.00e+05 -1.00e+05 -1.00e+05
2015 07 31  1345   57234  49500  -1.00e+05 -1.00e+05 -1.00e+05 -1.00e+05 -1.00e+05 -1.00e+05 -1.00e+05 -1.00e+05 -1.00e+05
2015 07 31  1350   57234  49800  -1.00e+05 -1.00e+05 -1.00e+05 -1.00e+05 -1.00e+05 -1.00e+05 -1.00e+05 -1.00e+05 -1.00e+05
2015 07 31  1355   57234  50100  -1.00e+05 -1.00e+05 -1.00e+05 -1.00e+05 -1.00e+05 -1.00e+05 -1.00e+05 -1.00e+05 -1.00e+05
2015 07 31  1400   57234  50400  -1.00e+05 -1.00e+05 -1.00e+05 -1.00e+05 -1.00e+05 -1.00e+05 -1.00e+05 -1.00e+05 -1.00e+05
2015 07 31  1405   57234  50700  -1.00e+05 -1.00e+05 -1.00e+05 -1.00e+05 -1.00e+05 -1.00e+05 -1.00e+05 -1.00e+05 -1.00e+05
2015 07 31  1410   57234  51000  -1.00e+05 -1.00e+05 -1.00e+05 -1.00e+05 -1.00e+05 -1.00e+05 -1.00e+05 -1.00e+05 -1.00e+05
2015 07 31  1415   57234  51300  -1.00e+05 -1.00e+05 -1.00e+05 -1.00e+05 -1.00e+05 -1.00e+05 -1.00e+05 -1.00e+05 -1.00e+05
2015 07 31  1420   57234  51600  -1.00e+05 -1.00e+05 -1.00e+05 -1.00e+05 -1.00e+05 -1.00e+05 -1.00e+05 -1.00e+05 -1.00e+05
2015 07 31  1425   57234  51900   3.22e+00  1.26e-01  1.02e-01  6.83e-02  4.41e-02  2.07e-02  1.97e+03  1.12e+01 -1.00e+05
2015 07 31  1430   57234  52200   3.82e+00  3.37e-01  2.40e-01  9.69e-02  5.31e-02  2.41e-02  2.24e+03  8.76e+00 -1.00e+05
2015 07 31  1435   57234  52500   5.80e+00  3.48e-01  2.51e-01  8.80e-02  4.85e-02  2.07e-02  2.36e+03  9.78e+00 -1.00e+05
2015 07 31  1440   57234  52800   5.42e+00  3.56e-01  2.13e-01  6.71e-02  5.79e-02  3.89e-02  2.50e+03  1.17e+01 -1.00e+05
2015 07 31  1445   57234  53100   3.51e+00  1.66e-01  1.41e-01  8.78e-02  4.55e-02  2.07e-02  2.32e+03  1.10e+01 -1.00e+05
2015 07 31  1450   57234  53400   3.37e+00  1.06e-01  8.16e-02  4.88e-02  3.97e-02  2.07e-02  2.45e+03  9.01e+00 -1.00e+05
2015 07 31  1455   57234  53700   3.23e+00  1.47e-01  1.22e-01  8.93e-02  8.01e-02  4.10e-02  2.55e+03  1.14e+01 -1.00e+05
2015 07 31  1500   57234  54000   4.27e+00  3.44e-01  1.99e-01  4.88e-02  3.97e-02  2.07e-02  2.37e+03  1.07e+01 -1.00e+05
2015 07 31  1505   57234  54300   3.52e+00  2.65e-01  2.22e-01  9.90e-02  5.49e-02  2.30e-02  2.39e+03  8.62e+00 -1.00e+05
2015 07 31  1510   57234  54600   2.53e+00  1.06e-01  8.16e-02  4.88e-02  3.97e-02  2.07e-02  2.52e+03  1.07e+01 -1.00e+05
2015 07 31  1515   57234  54900   4.40e+00  1.83e-01  8.31e-02  4.88e-02  3.97e-02  2.07e-02  2.60e+03  1.08e+01 -1.00e+05
2015 07 31  1520   57234  55200   2.32e+00  2.37e-01  2.12e-01  8.14e-02  4.70e-02  2.07e-02  2.65e+03  1.27e+01 -1.00e+05
2015 07 31  1525   57234  55500   2.47e+00  2.08e-01  1.83e-01  9.68e-02  8.76e-02  6.86e-02  2.88e+03  1.19e+01 -1.00e+05
2015 07 31  1530   57234  55800   3.91e+00  1.93e-01  1.11e-01  6.84e-02  5.93e-02  2.70e-02  2.81e+03  1.33e+01 -1.00e+05
2015 07 31  1535   57234  56100   3.89e+00  1.34e-01  8.59e-02  4.88e-02  3.97e-02  2.07e-02  2.93e+03  1.27e+01 -1.00e+05
2015 07 31  1540   57234  56400   4.31e+00  2.96e-01  2.51e-01  1.26e-01  9.03e-02  6.37e-02  3.07e+03  1.39e+01 -1.00e+05
2015 07 31  1545   57234  56700   4.00e+00  1.34e-01  8.59e-02  4.88e-02  3.97e-02  2.07e-02  3.41e+03  1.87e+01 -1.00e+05
2015 07 31  1550   57234  57000   3.17e+00  1.41e-01  1.16e-01  4.88e-02  3.97e-02  2.07e-02  3.40e+03  1.75e+01 -1.00e+05
2015 07 31  1555   57234  57300   3.90e+00  1.34e-01  8.59e-02  4.88e-02  3.97e-02  2.07e-02  3.53e+03  1.68e+01 -1.00e+05
2015 07 31  1600   57234  57600   2.91e+00  1.25e-01  1.00e-01  4.88e-02  3.97e-02  2.07e-02  3.30e+03  1.46e+01 -1.00e+05
2015 07 31  1605   57234  57900   2.74e+00  1.36e-01  1.11e-01  7.84e-02  6.92e-02  2.20e-02  3.36e+03  1.45e+01 -1.00e+05
2015 07 31  1610   57234  58200   2.94e+00  1.64e-01  1.39e-01  1.06e-01  9.69e-02  3.91e-02  3.41e+03  1.20e+01 -1.00e+05
2015 07 31  1615   57234  58500   3.66e+00  1.58e-01  1.33e-01  1.00e-01  8.10e-02  3.30e-02  3.35e+03  1.40e+01 -1.00e+05
2015 07 31  1620   57234  58800   4.37e+00  1.63e-01  1.38e-01  1.05e-01  9.59e-02  5.79e-02  3.40e+03  1.35e+01 -1.00e+05
2015 07 31  1625   57234  59100   3.50e+00  2.22e-01  9.87e-02  6.46e-02  5.54e-02  3.64e-02  3.02e+03  1.11e+01 -1.00e+05
2015 07 31  1630   57234  59400   3.02e+00  1.34e-01  8.59e-02  4.88e-02  3.97e-02  2.07e-02  3.55e+03  1.60e+01 -1.00e+05
2015 07 31  1635   57234  59700   2.88e+00  1.73e-01  1.48e-01  1.14e-01  7.43e-02  2.90e-02  3.61e+03  1.70e+01 -1.00e+05
2015 07 31  1640   57234  60000   1.87e+00  1.22e-01  9.73e-02  6.46e-02  5.54e-02  3.64e-02  3.29e+03  1.02e+01 -1.00e+05
2015 07 31  1645   57234  60300   2.87e+00  1.41e-01  1.16e-01  4.88e-02  3.97e-02  2.07e-02  3.76e+03  1.28e+01 -1.00e+05
2015 07 31  1650   57234  60600   2.16e+00  1.62e-01  1.37e-01  6.22e-02  5.30e-02  2.50e-02  3.41e+03  1.10e+01 -1.00e+05
2015 07 31  1655   57234  60900   2.73e+00  2.03e-01  1.78e-01  4.88e-02  3.97e-02  2.07e-02  3.38e+03  1.18e+01 -1.00e+05
2015 07 31  1700   57234  61200   2.72e+00  1.77e-01  1.53e-01  1.19e-01  9.06e-02  3.75e-02  3.40e+03  1.00e+01 -1.00e+05
2015 07 31  1705   57234  61500   2.55e+00  1.79e-01  1.54e-01  8.72e-02  7.81e-02  3.30e-02  3.39e+03  1.08e+01 -1.00e+05
2015 07 31  1710   57234  61800   2.68e+00  1.20e-01  9.51e-02  6.23e-02  5.32e-02  2.56e-02  3.42e+03  1.03e+01 -1.00e+05
2015 07 31  1715   57234  62100   2.68e+00  1.06e-01  8.16e-02  4.88e-02  3.97e-02  2.07e-02  3.39e+03  1.25e+01 -1.00e+05
2015 07 31  1720   57234  62400   2.75e+00  1.56e-01  1.31e-01  6.46e-02  5.54e-02  3.64e-02  3.40e+03  1.29e+01 -1.00e+05
2015 07 31  1725   57234  62700   5.17e+00  4.79e-01  2.04e-01  5.22e-02  4.30e-02  2.41e-02  3.54e+03  1.35e+01 -1.00e+05
2015 07 31  1730   57234  63000   4.12e+00  1.92e-01  9.47e-02  4.88e-02  3.97e-02  2.07e-02  3.57e+03  1.18e+01 -1.00e+05
2015 07 31  1735   57234  63300   2.51e+00  1.06e-01  8.16e-02  4.88e-02  3.97e-02  2.07e-02  3.48e+03  1.58e+01 -1.00e+05
2015 07 31  1740   57234  63600   2.95e+00  2.03e-01  1.79e-01  1.45e-01  1.10e-01  4.11e-02  3.61e+03  1.30e+01 -1.00e+05
2015 07 31  1745   57234  63900   3.20e+00  2.63e-01  2.18e-01  9.43e-02  8.51e-02  6.62e-02  4.01e+03  1.52e+01 -1.00e+05
2015 07 31  1750   57234  64200   2.73e+00  2.21e-01  1.96e-01  7.66e-02  6.74e-02  4.84e-02  3.70e+03  1.05e+01 -1.00e+05
2015 07 31  1755   57234  64500   3.72e+00  2.11e-01  1.13e-01  4.88e-02  3.97e-02  2.07e-02  3.73e+03  1.43e+01 -1.00e+05
2015 07 31  1800   57234  64800   4.13e+00  4.13e-01  2.00e-01  4.88e-02  3.97e-02  2.07e-02  3.58e+03  1.38e+01 -1.00e+05
2015 07 31  1805   57234  65100   2.16e+00  1.76e-01  1.51e-01  5.52e-02  4.11e-02  2.07e-02  3.56e+03  1.13e+01 -1.00e+05
2015 07 31  1810   57234  65400   1.98e+00  1.36e-01  1.11e-01  7.84e-02  6.92e-02  2.20e-02  3.53e+03  1.04e+01 -1.00e+05
2015 07 31  1815   57234  65700   1.86e+00  2.21e-01  1.97e-01  7.20e-02  6.29e-02  4.39e-02  3.46e+03  1.05e+01 -1.00e+05
2015 07 31  1820   57234  66000   2.66e+00  3.39e-01  1.79e-01  7.95e-02  7.03e-02  5.13e-02  3.31e+03  7.02e+00 -1.00e+05
2015 07 31  1825   57234  66300   1.01e+00  1.06e-01  8.16e-02  4.88e-02  3.97e-02  2.07e-02  3.21e+03  8.81e+00 -1.00e+05
2015 07 31  1830   57234  66600   1.39e+00  2.13e-01  1.19e-01  7.41e-02  6.49e-02  4.59e-02  3.04e+03  5.19e+00 -1.00e+05
2015 07 31  1835   57234  66900   1.30e+00  1.06e-01  8.16e-02  4.88e-02  3.97e-02  2.07e-02  2.94e+03  5.92e+00 -1.00e+05
2015 07 31  1840   57234  67200   1.87e+00  3.22e-01  2.25e-01  8.14e-02  4.70e-02  2.07e-02  2.92e+03  7.61e+00 -1.00e+05
2015 07 31  1845   57234  67500   9.36e-01  1.40e-01  1.15e-01  8.14e-02  4.70e-02  2.07e-02  2.81e+03  7.04e+00 -1.00e+05
2015 07 31  1850   57234  67800   9.86e-01  1.48e-01  1.23e-01  8.22e-02  7.30e-02  5.40e-02  2.71e+03  5.82e+00 -1.00e+05
2015 07 31  1855   57234  68100   9.25e-01  1.38e-01  1.13e-01  8.03e-02  6.66e-02  4.63e-02  2.65e+03  4.54e+00 -1.00e+05
2015 07 31  1900   57234  68400   7.38e-01  1.06e-01  8.16e-02  4.88e-02  3.97e-02  2.07e-02  2.40e+03  5.01e+00 -1.00e+05
2015 07 31  1905   57234  68700   7.84e-01  1.52e-01  1.27e-01  9.46e-02  8.52e-02  6.62e-02  2.42e+03  1.51e+00 -1.00e+05
2015 07 31  1910   57234  69000   8.43e-01  2.62e-01  2.37e-01  1.15e-01  1.06e-01  5.27e-02  2.53e+03  1.20e+00 -1.00e+05
2015 07 31  1915   57234  69300   1.21e+00  2.96e-01  2.71e-01  2.37e-01  1.66e-01  7.56e-02  2.58e+03  1.33e-01 -1.00e+05
2015 07 31  1920   57234  69600   9.25e-01  1.26e-01  1.01e-01  6.84e-02  5.93e-02  2.70e-02  2.74e+03  4.24e+00 -1.00e+05
2015 07 31  1925   57234  69900   1.21e+00  1.38e-01  1.14e-01  8.10e-02  7.18e-02  3.10e-02  2.78e+03  3.45e+00 -1.00e+05
2015 07 31  1930   57234  70200   1.34e+00  1.51e-01  1.27e-01  4.88e-02  3.97e-02  2.07e-02  2.99e+03  4.80e+00 -1.00e+05
2015 07 31  1935   57234  70500   8.93e-01  1.51e-01  1.26e-01  9.35e-02  8.43e-02  3.50e-02  2.85e+03  6.21e+00 -1.00e+05
2015 07 31  1940   57234  70800   7.96e-01  1.25e-01  9.98e-02  4.96e-02  4.05e-02  2.09e-02  2.76e+03  7.46e+00 -1.00e+05
2015 07 31  1945   57234  71100   8.45e-01  2.21e-01  1.97e-01  7.20e-02  6.29e-02  4.39e-02  2.65e+03  4.31e+00 -1.00e+05
2015 07 31  1950   57234  71400   7.40e-01  1.15e-01  8.99e-02  5.72e-02  4.80e-02  2.90e-02  2.50e+03  3.32e+00 -1.00e+05
2015 07 31  1955   57234  71700   7.33e-01  1.34e-01  8.59e-02  4.88e-02  3.97e-02  2.07e-02  2.34e+03  5.16e+00 -1.00e+05
2015 07 31  2000   57234  72000   7.62e-01  2.01e-01  1.39e-01  9.99e-02  8.58e-02  3.50e-02  2.23e+03  3.03e+00 -1.00e+05
2015 07 31  2005   57234  72300   6.49e-01  1.06e-01  8.16e-02  4.88e-02  3.97e-02  2.07e-02  2.19e+03  4.61e+00 -1.00e+05
2015 07 31  2010   57234  72600   4.90e-01  1.93e-01  1.11e-01  6.84e-02  5.93e-02  2.70e-02  2.06e+03  5.60e-01 -1.00e+05
2015 07 31  2015   57234  72900   5.95e-01  2.60e-01  2.36e-01  1.09e-01  6.94e-02  4.14e-02  1.90e+03  1.68e+00 -1.00e+05
2015 07 31  2020   57234  73200   5.63e-01  1.25e-01  9.98e-02  6.71e-02  5.79e-02  3.89e-02  1.80e+03  2.66e+00 -1.00e+05
2015 07 31  2025   57234  73500   6.20e-01  2.19e-01  1.95e-01  6.95e-02  6.04e-02  4.14e-02  1.77e+03  3.03e+00 -1.00e+05
2015 07 31  2030   57234  73800   9.79e-01  2.91e-01  1.94e-01  5.22e-02  4.30e-02  2.41e-02  1.58e+03  2.92e+00 -1.00e+05
2015 07 31  2035   57234  74100   5.43e-01  1.45e-01  1.20e-01  8.73e-02  7.32e-02  3.10e-02  1.54e+03  6.78e-01 -1.00e+05
2015 07 31  2040   57234  74400   4.60e-01  1.33e-01  1.08e-01  7.49e-02  4.55e-02  2.07e-02  1.50e+03  2.78e+00 -1.00e+05
2015 07 31  2045   57234  74700   7.00e-01  1.61e-01  1.37e-01  8.36e-02  4.55e-02  2.07e-02  1.44e+03  1.20e+00 -1.00e+05
2015 07 31  2050   57234  75000   1.20e+00  1.89e-01  8.89e-02  5.47e-02  4.55e-02  2.65e-02  1.50e+03  1.43e+00 -1.00e+05
2015 07 31  2055   57234  75300   7.96e-01  2.41e-01  2.16e-01  8.51e-02  4.55e-02  2.07e-02  1.42e+03  1.35e+00 -1.00e+05
2015 07 31  2100   57234  75600   5.27e-01  2.07e-01  1.11e-01  6.48e-02  5.35e-02  3.40e-02  1.21e+03  3.46e-01 -1.00e+05
2015 07 31  2105   57234  75900   5.31e-01  1.32e-01  1.07e-01  7.47e-02  6.55e-02  2.90e-02  9.91e+02  1.33e-01 -1.00e+05
2015 07 31  2110   57234  76200   6.99e-01  2.38e-01  2.11e-01  1.77e-01  1.37e-01  4.91e-02  9.90e+02  1.33e-01 -1.00e+05
2015 07 31  2115   57234  76500   1.37e-01  1.10e-01  8.50e-02  5.22e-02  4.30e-02  2.41e-02  8.75e+02  1.33e-01 -1.00e+05
2015 07 31  2120   57234  76800   4.12e-01  1.06e-01  8.16e-02  4.88e-02  3.97e-02  2.07e-02  7.40e+02  1.92e+00 -1.00e+05
2015 07 31  2125   57234  77100   4.16e-01  2.03e-01  1.78e-01  4.88e-02  3.97e-02  2.07e-02  7.64e+02  2.79e+00 -1.00e+05
2015 07 31  2130   57234  77400   3.70e-01  1.36e-01  1.11e-01  7.84e-02  6.92e-02  2.20e-02  5.12e+02  1.33e-01 -1.00e+05
2015 07 31  2135   57234  77700   4.95e-01  1.87e-01  1.62e-01  7.47e-02  6.55e-02  2.90e-02  3.91e+02  1.33e-01 -1.00e+05
2015 07 31  2140   57234  78000   3.86e-01  1.59e-01  1.34e-01  8.14e-02  4.70e-02  2.07e-02  3.41e+02  1.33e-01 -1.00e+05
2015 07 31  2145   57234  78300   3.92e-01  1.32e-01  1.08e-01  7.49e-02  6.57e-02  2.97e-02  4.30e+02  1.33e-01 -1.00e+05
2015 07 31  2150   57234  78600   3.97e-01  1.41e-01  1.16e-01  4.88e-02  3.97e-02  2.07e-02  4.59e+02  1.08e+00 -1.00e+05
2015 07 31  2155   57234  78900   7.27e-01  3.93e-01  1.53e-01  4.88e-02  3.97e-02  2.07e-02  4.32e+02  1.33e-01 -1.00e+05
2015 07 31  2200   57234  79200   4.37e-01  1.85e-01  1.60e-01  1.27e-01  1.18e-01  5.49e-02  4.48e+02  1.33e-01 -1.00e+05
2015 07 31  2205   57234  79500   3.15e-01  1.65e-01  1.19e-01  8.19e-02  7.28e-02  5.38e-02  4.24e+02  1.33e-01 -1.00e+05
2015 07 31  2210   57234  79800   1.60e-01  1.33e-01  1.08e-01  7.49e-02  4.55e-02  2.07e-02  3.85e+02  1.33e-01 -1.00e+05
2015 07 31  2215   57234  80100   5.10e-01  1.38e-01  1.14e-01  8.10e-02  7.18e-02  3.10e-02  3.99e+02  1.33e-01 -1.00e+05
2015 07 31  2220   57234  80400   7.69e-01  2.28e-01  1.36e-01  1.01e-01  6.66e-02  2.70e-02  5.21e+02  1.33e-01 -1.00e+05
2015 07 31  2225   57234  80700   3.49e-01  1.06e-01  8.16e-02  4.88e-02  3.97e-02  2.07e-02  6.57e+02  2.56e-01 -1.00e+05
2015 07 31  2230   57234  81000   5.28e-01  1.64e-01  1.39e-01  1.06e-01  9.69e-02  3.91e-02  8.17e+02  6.44e-01 -1.00e+05
2015 07 31  2235   57234  81300   5.11e-01  2.39e-01  2.14e-01  9.50e-02  5.55e-02  2.30e-02  8.96e+02  1.33e-01 -1.00e+05
2015 07 31  2240   57234  81600   5.09e-01  2.15e-01  9.63e-02  6.22e-02  5.30e-02  2.50e-02  7.06e+02  1.33e-01 -1.00e+05
2015 07 31  2245   57234  81900   4.30e-01  1.83e-01  1.58e-01  8.10e-02  7.18e-02  3.10e-02  6.67e+02  1.33e-01 -1.00e+05
2015 07 31  2250   57234  82200   2.00e-01  1.41e-01  1.17e-01  4.96e-02  4.05e-02  2.09e-02  7.59e+02  1.33e-01 -1.00e+05
2015 07 31  2255   57234  82500   2.72e-01  1.26e-01  1.02e-01  6.83e-02  4.41e-02  2.07e-02  7.04e+02  1.33e-01 -1.00e+05
2015 07 31  2300   57234  82800   4.77e-01  2.10e-01  1.85e-01  5.52e-02  4.11e-02  2.07e-02  6.44e+02  1.91e+00 -1.00e+05
2015 07 31  2305   57234  83100   2.72e-01  1.06e-01  8.16e-02  4.88e-02  3.97e-02  2.07e-02  7.14e+02  7.10e-01 -1.00e+05
2015 07 31  2310   57234  83400   4.38e-01  1.87e-01  1.62e-01  7.47e-02  6.55e-02  2.90e-02  8.05e+02  1.33e-01 -1.00e+05
2015 07 31  2315   57234  83700   6.41e-01  1.95e-01  9.80e-02  5.22e-02  4.30e-02  2.41e-02  1.01e+03  1.33e-01 -1.00e+05
2015 07 31  2320   57234  84000   8.34e-01  4.04e-01  2.27e-01  8.39e-02  7.13e-02  5.13e-02  9.31e+02  1.33e-01 -1.00e+05
2015 07 31  2325   57234  84300   4.39e-01  1.36e-01  1.11e-01  7.84e-02  6.92e-02  2.20e-02  7.49e+02  1.33e-01 -1.00e+05
2015 07 31  2330   57234  84600   2.61e-01  1.59e-01  1.34e-01  8.21e-02  4.78e-02  2.16e-02  8.52e+02  1.33e-01 -1.00e+05
2015 07 31  2335   57234  84900   8.20e-01  3.30e-01  1.32e-01  9.79e-02  8.87e-02  5.22e-02  7.52e+02  1.33e-01 -1.00e+05
2015 07 31  2340   57234  85200   2.94e-01  1.44e-01  1.19e-01  8.63e-02  7.71e-02  5.18e-02  8.48e+02  1.33e-01 -1.00e+05
2015 07 31  2345   57234  85500   6.23e-01  1.46e-01  1.21e-01  8.76e-02  6.84e-02  2.90e-02  8.18e+02  1.33e-01 -1.00e+05
2015 07 31  2350   57234  85800   4.44e-01  1.25e-01  1.00e-01  4.88e-02  3.97e-02  2.07e-02  7.95e+02  1.42e+00 -1.00e+05
2015 07 31  2355   57234  86100   4.55e-01  2.18e-01  1.22e-01  7.70e-02  6.78e-02  4.88e-02  7.63e+02  1.66e+00 -1.00e+05
