:Data_list: 20151018_Gp_part_5m.txt
:Created: 2015 Oct 19 0011 UTC
# Prepared by the U.S. Dept. of Commerce, NOAA, Space Weather Prediction Center
# Please send comments and suggestions to SWPC.Webmaster@noaa.gov 
# 
# Label: P > 1 = Particles at >1 Mev
# Label: P > 5 = Particles at >5 Mev
# Label: P >10 = Particles at >10 Mev
# Label: P >30 = Particles at >30 Mev
# Label: P >50 = Particles at >50 Mev
# Label: P>100 = Particles at >100 Mev
# Label: E>0.8 = Electrons at >0.8 Mev
# Label: E>2.0 = Electrons at >2.0 Mev
# Label: E>4.0 = Electrons at >4.0 Mev
# Units: Particles = Protons/cm2-s-sr
# Units: Electrons = Electrons/cm2-s-sr
# Source: GOES-13
# Location: W075
# Missing data: -1.00e+05
#
#                      5-minute  GOES-13 Solar Particle and Electron Flux
#
#                 Modified Seconds
# UTC Date  Time   Julian  of the
# YR MO DA  HHMM    Day     Day     P > 1     P > 5     P >10     P >30     P >50     P>100     E>0.8     E>2.0     E>4.0
#-------------------------------------------------------------------------------------------------------------------------
2015 10 18  0000   57313      0   5.68e+00  2.72e-01  1.26e-01  7.96e-02  6.99e-02  5.08e-02  6.71e+03  2.35e+02 -1.00e+05
2015 10 18  0005   57313    300   4.67e+00  2.27e-01  1.19e-01  7.04e-02  6.08e-02  2.77e-02  6.49e+03  2.28e+02 -1.00e+05
2015 10 18  0010   57313    600   2.61e+00  1.69e-01  1.47e-01  1.14e-01  1.05e-01  4.15e-02  6.23e+03  2.16e+02 -1.00e+05
2015 10 18  0015   57313    900   2.01e+00  1.16e-01  9.36e-02  6.06e-02  4.23e-02  2.07e-02  6.04e+03  2.11e+02 -1.00e+05
2015 10 18  0020   57313   1200   1.97e+00  2.29e-01  2.06e-01  8.77e-02  7.75e-02  5.83e-02  5.77e+03  1.86e+02 -1.00e+05
2015 10 18  0025   57313   1500   1.42e+00  1.69e-01  1.47e-01  7.96e-02  6.99e-02  5.08e-02  5.27e+03  1.80e+02 -1.00e+05
2015 10 18  0030   57313   1800   3.20e+00  3.27e-01  1.78e-01  1.06e-01  9.59e-02  5.25e-02  4.60e+03  2.13e+02 -1.00e+05
2015 10 18  0035   57313   2100   2.68e+00  1.87e-01  1.01e-01  6.56e-02  5.59e-02  3.12e-02  4.41e+03  2.85e+02 -1.00e+05
2015 10 18  0040   57313   2400   1.24e+00  1.36e-01  1.14e-01  8.02e-02  4.67e-02  2.07e-02  4.05e+03  3.01e+02 -1.00e+05
2015 10 18  0045   57313   2700   1.56e+00  2.05e-01  1.52e-01  1.13e-01  8.09e-02  3.54e-02  3.13e+03  2.17e+02 -1.00e+05
2015 10 18  0050   57313   3000   1.45e+00  1.92e-01  1.70e-01  8.92e-02  7.95e-02  3.34e-02  2.83e+03  1.63e+02 -1.00e+05
2015 10 18  0055   57313   3300   1.45e+00  2.15e-01  1.18e-01  6.97e-02  6.00e-02  4.09e-02  2.35e+03  1.35e+02 -1.00e+05
2015 10 18  0100   57313   3600   1.86e+00  1.68e-01  9.18e-02  4.94e-02  3.98e-02  2.07e-02  2.63e+03  1.86e+02 -1.00e+05
2015 10 18  0105   57313   3900   1.49e+00  2.08e-01  1.86e-01  1.11e-01  9.23e-02  5.04e-02  3.67e+03  2.70e+02 -1.00e+05
2015 10 18  0110   57313   4200   1.86e+00  3.78e-01  3.04e-01  1.20e-01  7.71e-02  4.84e-02  4.41e+03  3.68e+02 -1.00e+05
2015 10 18  0115   57313   4500   1.88e+00  1.82e-01  1.07e-01  6.47e-02  5.51e-02  3.60e-02  4.66e+03  3.52e+02 -1.00e+05
2015 10 18  0120   57313   4800   9.10e-01  2.54e-01  2.32e-01  1.96e-01  1.15e-01  3.75e-02  4.00e+03  2.70e+02 -1.00e+05
2015 10 18  0125   57313   5100   6.07e-01  1.66e-01  1.39e-01  4.94e-02  3.98e-02  2.07e-02  2.44e+03  1.27e+02 -1.00e+05
2015 10 18  0130   57313   5400   1.17e+00  5.12e-01  2.89e-01  9.55e-02  5.24e-02  2.36e-02  2.88e+03  1.57e+02 -1.00e+05
2015 10 18  0135   57313   5700   7.97e-01  2.65e-01  2.43e-01  1.19e-01  9.60e-02  3.75e-02  3.03e+03  1.82e+02 -1.00e+05
2015 10 18  0140   57313   6000   8.38e-01  2.06e-01  1.84e-01  1.01e-01  9.10e-02  5.59e-02  3.92e+03  2.26e+02 -1.00e+05
2015 10 18  0145   57313   6300   1.50e+00  1.73e-01  8.41e-02  4.94e-02  3.98e-02  2.07e-02  4.18e+03  2.78e+02 -1.00e+05
2015 10 18  0150   57313   6600   2.83e+00  1.93e-01  1.17e-01  7.37e-02  4.52e-02  2.07e-02  5.67e+03  4.03e+02 -1.00e+05
2015 10 18  0155   57313   6900   4.68e+00  2.10e-01  9.55e-02  6.06e-02  4.23e-02  2.07e-02  6.11e+03  4.29e+02 -1.00e+05
2015 10 18  0200   57313   7200   3.03e+00  1.44e-01  1.22e-01  8.92e-02  7.95e-02  3.34e-02  7.54e+03  6.49e+02 -1.00e+05
2015 10 18  0205   57313   7500   4.70e+00  1.79e-01  1.03e-01  6.06e-02  4.23e-02  2.07e-02  8.64e+03  7.70e+02 -1.00e+05
2015 10 18  0210   57313   7800   3.02e+00  1.52e-01  1.30e-01  8.02e-02  4.67e-02  2.07e-02  7.54e+03  6.00e+02 -1.00e+05
2015 10 18  0215   57313   8100   2.35e+00  1.81e-01  1.59e-01  8.34e-02  7.38e-02  3.36e-02  6.75e+03  4.50e+02 -1.00e+05
2015 10 18  0220   57313   8400   2.00e+00  1.81e-01  1.58e-01  1.26e-01  1.16e-01  6.40e-02  5.88e+03  3.81e+02 -1.00e+05
2015 10 18  0225   57313   8700   2.77e+00  2.01e-01  1.28e-01  8.59e-02  7.52e-02  5.58e-02  4.79e+03  2.86e+02 -1.00e+05
2015 10 18  0230   57313   9000   1.87e+00  2.39e-01  2.14e-01  8.89e-02  5.03e-02  2.14e-02  4.99e+03  2.71e+02 -1.00e+05
2015 10 18  0235   57313   9300   1.85e+00  1.88e-01  1.66e-01  1.33e-01  1.23e-01  4.75e-02  5.36e+03  2.89e+02 -1.00e+05
2015 10 18  0240   57313   9600   3.31e+00  1.98e-01  8.40e-02  4.94e-02  3.98e-02  2.07e-02  5.11e+03  2.55e+02 -1.00e+05
2015 10 18  0245   57313   9900   1.92e+00  1.04e-01  8.21e-02  4.94e-02  3.98e-02  2.07e-02  4.79e+03  2.26e+02 -1.00e+05
2015 10 18  0250   57313  10200   3.72e+00  2.31e-01  1.03e-01  4.94e-02  3.98e-02  2.07e-02  5.32e+03  2.55e+02 -1.00e+05
2015 10 18  0255   57313  10500   2.00e+00  1.32e-01  1.10e-01  7.20e-02  6.24e-02  4.33e-02  5.24e+03  2.30e+02 -1.00e+05
2015 10 18  0300   57313  10800   2.96e+00  2.62e-01  1.86e-01  4.94e-02  3.98e-02  2.07e-02  5.03e+03  2.10e+02 -1.00e+05
2015 10 18  0305   57313  11100   4.27e+00  3.68e-01  1.65e-01  7.09e-02  6.12e-02  2.96e-02  4.76e+03  1.95e+02 -1.00e+05
2015 10 18  0310   57313  11400   1.98e+00  2.12e-01  1.90e-01  6.72e-02  5.75e-02  3.85e-02  4.56e+03  1.77e+02 -1.00e+05
2015 10 18  0315   57313  11700   3.27e+00  2.39e-01  1.02e-01  6.71e-02  4.37e-02  2.07e-02  4.35e+03  1.66e+02 -1.00e+05
2015 10 18  0320   57313  12000   1.59e+00  1.22e-01  9.99e-02  6.72e-02  5.75e-02  3.85e-02  4.41e+03  1.61e+02 -1.00e+05
2015 10 18  0325   57313  12300   1.48e+00  1.04e-01  8.21e-02  4.94e-02  3.98e-02  2.07e-02  4.33e+03  1.56e+02 -1.00e+05
2015 10 18  0330   57313  12600   2.12e+00  1.78e-01  9.25e-02  5.78e-02  4.82e-02  2.34e-02  4.42e+03  1.55e+02 -1.00e+05
2015 10 18  0335   57313  12900   2.46e+00  2.17e-01  1.29e-01  9.37e-02  7.12e-02  4.84e-02  4.36e+03  1.41e+02 -1.00e+05
2015 10 18  0340   57313  13200   1.42e+00  1.50e-01  1.27e-01  9.33e-02  4.96e-02  2.07e-02  4.06e+03  1.35e+02 -1.00e+05
2015 10 18  0345   57313  13500   1.95e+00  2.47e-01  1.41e-01  9.35e-02  8.38e-02  5.03e-02  4.19e+03  1.34e+02 -1.00e+05
2015 10 18  0350   57313  13800   1.66e+00  2.03e-01  1.03e-01  4.94e-02  3.98e-02  2.07e-02  4.08e+03  1.20e+02 -1.00e+05
2015 10 18  0355   57313  14100   1.45e+00  1.87e-01  1.54e-01  1.18e-01  7.92e-02  2.20e-02  4.00e+03  1.03e+02 -1.00e+05
2015 10 18  0400   57313  14400   2.03e+00  2.86e-01  1.11e-01  5.98e-02  5.01e-02  3.10e-02  3.90e+03  1.08e+02 -1.00e+05
2015 10 18  0405   57313  14700   1.03e+00  2.20e-01  1.98e-01  7.71e-02  6.74e-02  4.84e-02  3.74e+03  8.31e+01 -1.00e+05
2015 10 18  0410   57313  15000   8.16e-01  1.98e-01  1.76e-01  4.94e-02  3.98e-02  2.07e-02  3.62e+03  1.14e+02 -1.00e+05
2015 10 18  0415   57313  15300   1.45e+00  6.24e-01  3.06e-01  8.68e-02  4.82e-02  2.07e-02  3.75e+03  1.25e+02 -1.00e+05
2015 10 18  0420   57313  15600   8.97e-01  2.69e-01  8.92e-02  5.48e-02  4.52e-02  2.61e-02  4.53e+03  1.03e+02 -1.00e+05
2015 10 18  0425   57313  15900   5.35e-01  1.84e-01  1.08e-01  4.94e-02  3.98e-02  2.07e-02  5.45e+03  1.23e+02 -1.00e+05
2015 10 18  0430   57313  16200   5.44e-01  1.17e-01  9.49e-02  6.22e-02  5.26e-02  3.35e-02  5.11e+03  1.23e+02 -1.00e+05
2015 10 18  0435   57313  16500   5.01e-01  1.27e-01  1.05e-01  7.22e-02  6.25e-02  4.34e-02  4.52e+03  9.15e+01 -1.00e+05
2015 10 18  0440   57313  16800   5.33e-01  1.20e-01  9.79e-02  4.94e-02  3.98e-02  2.07e-02  3.30e+03  6.61e+01 -1.00e+05
2015 10 18  0445   57313  17100   1.10e+00  3.15e-01  1.20e-01  7.22e-02  6.25e-02  4.34e-02  2.50e+03  4.52e+01 -1.00e+05
2015 10 18  0450   57313  17400   6.16e-01  1.60e-01  1.38e-01  1.05e-01  9.53e-02  7.24e-02  3.71e+03  6.78e+01 -1.00e+05
2015 10 18  0455   57313  17700   4.66e-01  1.31e-01  1.08e-01  7.57e-02  6.60e-02  4.69e-02  2.99e+03  4.94e+01 -1.00e+05
2015 10 18  0500   57313  18000   5.92e-01  1.54e-01  1.32e-01  9.96e-02  8.99e-02  5.01e-02  2.16e+03  2.69e+01 -1.00e+05
2015 10 18  0505   57313  18300   6.18e-01  1.22e-01  9.45e-02  6.06e-02  4.23e-02  2.07e-02  1.24e+03  1.76e+01 -1.00e+05
2015 10 18  0510   57313  18600   7.55e-01  1.31e-01  1.05e-01  7.22e-02  6.25e-02  4.34e-02  1.30e+03  1.79e+01 -1.00e+05
2015 10 18  0515   57313  18900   5.11e-01  1.58e-01  1.31e-01  8.02e-02  4.67e-02  2.07e-02  7.60e+02  1.28e+01 -1.00e+05
2015 10 18  0520   57313  19200   3.34e-01  1.29e-01  1.07e-01  7.37e-02  4.52e-02  2.07e-02  6.51e+02  1.58e+01 -1.00e+05
2015 10 18  0525   57313  19500   6.07e-01  1.04e-01  8.21e-02  4.94e-02  3.98e-02  2.07e-02  2.56e+03  7.80e+01 -1.00e+05
2015 10 18  0530   57313  19800   9.86e-01  1.64e-01  1.41e-01  7.86e-02  6.89e-02  3.71e-02  2.52e+03  7.80e+01 -1.00e+05
2015 10 18  0535   57313  20100   8.52e-01  1.49e-01  1.22e-01  8.68e-02  4.82e-02  2.07e-02  2.36e+03  1.03e+02 -1.00e+05
2015 10 18  0540   57313  20400   2.19e+00  2.33e-01  1.68e-01  1.27e-01  1.18e-01  4.77e-02  2.19e+03  1.07e+02 -1.00e+05
2015 10 18  0545   57313  20700   3.05e+00  3.72e-01  1.58e-01  5.78e-02  4.82e-02  2.34e-02  2.90e+03  1.53e+02 -1.00e+05
2015 10 18  0550   57313  21000   2.48e+00  1.99e-01  1.77e-01  9.43e-02  7.09e-02  2.94e-02  3.25e+03  1.61e+02 -1.00e+05
2015 10 18  0555   57313  21300   4.94e+00  2.93e-01  2.01e-01  1.66e-01  1.43e-01  8.65e-02  3.06e+03  1.34e+02 -1.00e+05
2015 10 18  0600   57313  21600   6.02e+00  4.55e-01  2.71e-01  9.43e-02  5.79e-02  3.10e-02  2.50e+03  1.14e+02 -1.00e+05
2015 10 18  0605   57313  21900   6.70e+00  4.02e-01  2.38e-01  9.46e-02  6.62e-02  2.74e-02  2.64e+03  1.24e+02 -1.00e+05
2015 10 18  0610   57313  22200   3.86e+00  1.38e-01  1.12e-01  7.82e-02  5.81e-02  3.60e-02  2.38e+03  9.97e+01 -1.00e+05
2015 10 18  0615   57313  22500   3.83e+00  1.40e-01  1.18e-01  8.49e-02  7.52e-02  3.91e-02  2.44e+03  1.16e+02 -1.00e+05
2015 10 18  0620   57313  22800   3.12e+00  1.30e-01  1.07e-01  7.47e-02  6.50e-02  4.42e-02  2.69e+03  1.05e+02 -1.00e+05
2015 10 18  0625   57313  23100   2.99e+00  2.06e-01  1.83e-01  1.50e-01  1.32e-01  4.96e-02  2.68e+03  1.03e+02 -1.00e+05
2015 10 18  0630   57313  23400   3.04e+00  1.38e-01  1.10e-01  6.06e-02  4.23e-02  2.07e-02  2.54e+03  9.60e+01 -1.00e+05
2015 10 18  0635   57313  23700   2.46e+00  1.57e-01  1.34e-01  1.02e-01  9.20e-02  3.75e-02  2.94e+03  1.15e+02 -1.00e+05
2015 10 18  0640   57313  24000   2.48e+00  1.26e-01  9.88e-02  4.94e-02  3.98e-02  2.07e-02  3.04e+03  1.08e+02 -1.00e+05
2015 10 18  0645   57313  24300   4.29e+00  2.71e-01  1.86e-01  1.52e-01  1.42e-01  7.57e-02  2.96e+03  1.04e+02 -1.00e+05
2015 10 18  0650   57313  24600   4.31e+00  1.74e-01  8.62e-02  5.15e-02  4.19e-02  2.14e-02  3.58e+03  1.32e+02 -1.00e+05
2015 10 18  0655   57313  24900   2.30e+00  1.20e-01  9.79e-02  4.94e-02  3.98e-02  2.07e-02  4.38e+03  1.47e+02 -1.00e+05
2015 10 18  0700   57313  25200   3.73e+00  2.13e-01  1.17e-01  6.72e-02  5.75e-02  3.85e-02  4.54e+03  1.69e+02 -1.00e+05
2015 10 18  0705   57313  25500   2.97e+00  2.62e-01  1.86e-01  4.94e-02  3.98e-02  2.07e-02  4.68e+03  1.67e+02 -1.00e+05
2015 10 18  0710   57313  25800   3.14e+00  2.57e-01  1.03e-01  4.94e-02  3.98e-02  2.07e-02  5.65e+03  1.90e+02 -1.00e+05
2015 10 18  0715   57313  26100   1.34e+00  1.69e-01  1.47e-01  1.14e-01  1.05e-01  4.15e-02  6.68e+03  1.91e+02 -1.00e+05
2015 10 18  0720   57313  26400   9.92e-01  1.82e-01  1.59e-01  1.27e-01  1.17e-01  4.55e-02  5.52e+03  1.74e+02 -1.00e+05
2015 10 18  0725   57313  26700   9.35e-01  2.03e-01  1.27e-01  4.94e-02  3.98e-02  2.07e-02  5.63e+03  1.53e+02 -1.00e+05
2015 10 18  0730   57313  27000   5.44e-01  1.04e-01  8.21e-02  4.94e-02  3.98e-02  2.07e-02  5.24e+03  1.31e+02 -1.00e+05
2015 10 18  0735   57313  27300   5.90e-01  2.62e-01  1.86e-01  4.94e-02  3.98e-02  2.07e-02  4.79e+03  1.26e+02 -1.00e+05
2015 10 18  0740   57313  27600   6.36e-01  2.71e-01  2.49e-01  1.14e-01  7.54e-02  2.94e-02  6.25e+03  1.62e+02 -1.00e+05
2015 10 18  0745   57313  27900   5.22e-01  1.43e-01  1.17e-01  8.30e-02  5.72e-02  3.35e-02  7.36e+03  1.83e+02 -1.00e+05
2015 10 18  0750   57313  28200   1.09e+00  2.25e-01  2.02e-01  1.70e-01  1.60e-01  7.81e-02  4.04e+03  9.37e+01 -1.00e+05
2015 10 18  0755   57313  28500   1.95e+00  1.93e-01  1.71e-01  1.38e-01  1.20e-01  4.55e-02  4.63e+03  1.16e+02 -1.00e+05
2015 10 18  0800   57313  28800   2.59e+00  1.38e-01  1.16e-01  8.29e-02  7.32e-02  3.14e-02  8.58e+03  2.87e+02 -1.00e+05
2015 10 18  0805   57313  29100   5.56e+00  1.50e-01  1.27e-01  9.33e-02  4.96e-02  2.07e-02  1.23e+04  5.39e+02 -1.00e+05
2015 10 18  0810   57313  29400   8.49e+00  1.32e-01  1.09e-01  7.66e-02  6.70e-02  2.94e-02  1.23e+04  6.39e+02 -1.00e+05
2015 10 18  0815   57313  29700   9.69e+00  2.20e-01  1.98e-01  1.39e-01  1.30e-01  4.96e-02  1.49e+04  7.49e+02 -1.00e+05
2015 10 18  0820   57313  30000   1.12e+01  1.31e-01  1.08e-01  7.53e-02  5.69e-02  2.54e-02  1.54e+04  7.71e+02 -1.00e+05
2015 10 18  0825   57313  30300   8.28e+00  1.79e-01  1.56e-01  1.23e-01  1.01e-01  5.98e-02  1.49e+04  6.82e+02 -1.00e+05
2015 10 18  0830   57313  30600   3.90e+00  1.04e-01  8.21e-02  4.94e-02  3.98e-02  2.07e-02  1.35e+04  5.70e+02 -1.00e+05
2015 10 18  0835   57313  30900   6.42e+00  2.48e-01  8.92e-02  5.48e-02  4.52e-02  2.61e-02  1.21e+04  5.09e+02 -1.00e+05
2015 10 18  0840   57313  31200   3.25e+00  1.24e-01  1.02e-01  6.90e-02  5.93e-02  4.03e-02  1.08e+04  3.44e+02 -1.00e+05
2015 10 18  0845   57313  31500   2.70e+00  1.04e-01  8.21e-02  4.94e-02  3.98e-02  2.07e-02  1.24e+04  4.72e+02 -1.00e+05
2015 10 18  0850   57313  31800   1.88e+00  1.13e-01  9.05e-02  5.78e-02  4.82e-02  2.34e-02  1.54e+04  5.53e+02 -1.00e+05
2015 10 18  0855   57313  32100   1.45e+00  1.41e-01  1.19e-01  8.59e-02  7.52e-02  5.58e-02  1.43e+04  3.95e+02 -1.00e+05
2015 10 18  0900   57313  32400   2.84e+00  1.79e-01  1.04e-01  6.22e-02  5.26e-02  3.35e-02  1.15e+04  2.39e+02 -1.00e+05
2015 10 18  0905   57313  32700   1.76e+00  1.04e-01  8.21e-02  4.94e-02  3.98e-02  2.07e-02  8.41e+03  1.66e+02 -1.00e+05
2015 10 18  0910   57313  33000   1.47e+00  1.44e-01  1.22e-01  8.92e-02  7.95e-02  3.34e-02  6.10e+03  7.79e+01 -1.00e+05
2015 10 18  0915   57313  33300   1.23e+00  2.85e-01  1.06e-01  7.22e-02  6.25e-02  4.34e-02  1.29e+03  1.46e+01 -1.00e+05
2015 10 18  0920   57313  33600   2.73e-01  1.18e-01  9.60e-02  6.33e-02  5.28e-02  3.35e-02  1.31e+03  1.29e+01 -1.00e+05
2015 10 18  0925   57313  33900   5.06e-01  2.22e-01  1.99e-01  7.46e-02  5.34e-02  3.10e-02  1.19e+03  1.42e+01 -1.00e+05
2015 10 18  0930   57313  34200   4.93e-01  2.12e-01  1.37e-01  5.98e-02  5.01e-02  3.10e-02  6.86e+02  1.51e+01 -1.00e+05
2015 10 18  0935   57313  34500   6.88e-01  1.24e-01  1.02e-01  6.87e-02  5.55e-02  2.54e-02  1.20e+03  2.71e+01 -1.00e+05
2015 10 18  0940   57313  34800   1.12e+00  2.46e-01  1.53e-01  1.07e-01  8.35e-02  3.34e-02  1.38e+03  2.79e+01 -1.00e+05
2015 10 18  0945   57313  35100   9.94e-01  2.22e-01  1.24e-01  8.92e-02  7.95e-02  3.34e-02  6.49e+02  2.31e+01 -1.00e+05
2015 10 18  0950   57313  35400   5.16e-01  1.98e-01  1.75e-01  1.43e-01  1.33e-01  6.09e-02  2.48e+02  8.77e+00 -1.00e+05
2015 10 18  0955   57313  35700   1.35e+00  3.67e-01  2.92e-01  9.67e-02  5.82e-02  3.35e-02  2.76e+02  4.44e+00 -1.00e+05
2015 10 18  1000   57313  36000   1.48e+00  1.50e-01  1.28e-01  9.54e-02  8.58e-02  3.55e-02  1.47e+02  4.46e+00 -1.00e+05
2015 10 18  1005   57313  36300   1.03e+00  1.75e-01  1.53e-01  1.21e-01  1.11e-01  4.35e-02  1.72e+02  6.40e+00 -1.00e+05
2015 10 18  1010   57313  36600   3.33e+00  1.73e-01  8.41e-02  4.94e-02  3.98e-02  2.07e-02  2.31e+02  1.45e+01 -1.00e+05
2015 10 18  1015   57313  36900   5.53e+00  2.32e-01  1.56e-01  5.40e-02  4.08e-02  2.07e-02  5.81e+02  5.23e+01 -1.00e+05
2015 10 18  1020   57313  37200   6.24e+00  2.26e-01  2.04e-01  8.45e-02  7.49e-02  5.58e-02  9.33e+02  8.06e+01 -1.00e+05
2015 10 18  1025   57313  37500   9.70e+00  1.57e-01  1.35e-01  1.01e-01  6.42e-02  3.95e-02  1.10e+03  8.79e+01 -1.00e+05
2015 10 18  1030   57313  37800   1.24e+01  1.31e-01  1.05e-01  7.22e-02  6.25e-02  4.34e-02  1.36e+03  9.88e+01 -1.00e+05
2015 10 18  1035   57313  38100   1.13e+01  1.63e-01  1.41e-01  7.81e-02  6.85e-02  3.52e-02  1.99e+03  1.19e+02 -1.00e+05
2015 10 18  1040   57313  38400   2.43e+01  3.98e-01  2.34e-01  8.47e-02  4.54e-02  2.07e-02  2.05e+03  1.13e+02 -1.00e+05
2015 10 18  1045   57313  38700   9.06e+00  1.82e-01  1.59e-01  1.26e-01  9.76e-02  3.78e-02  2.36e+03  1.42e+02 -1.00e+05
2015 10 18  1050   57313  39000   1.20e+01  1.44e-01  1.22e-01  8.92e-02  7.95e-02  3.34e-02  2.82e+03  1.78e+02 -1.00e+05
2015 10 18  1055   57313  39300   9.54e+00  1.40e-01  1.17e-01  4.94e-02  3.98e-02  2.07e-02  3.29e+03  2.12e+02 -1.00e+05
2015 10 18  1100   57313  39600   1.14e+01  1.89e-01  1.67e-01  9.35e-02  8.38e-02  5.03e-02  3.80e+03  2.47e+02 -1.00e+05
2015 10 18  1105   57313  39900   1.67e+01  3.29e-01  2.31e-01  1.44e-01  9.94e-02  4.86e-02  3.84e+03  2.43e+02 -1.00e+05
2015 10 18  1110   57313  40200   1.08e+01  1.38e-01  1.16e-01  8.29e-02  7.32e-02  3.14e-02  4.41e+03  2.83e+02 -1.00e+05
2015 10 18  1115   57313  40500   9.53e+00  3.29e-01  3.06e-01  9.72e-02  5.57e-02  3.10e-02  4.47e+03  3.01e+02 -1.00e+05
2015 10 18  1120   57313  40800   1.87e+01  2.47e-01  1.16e-01  8.08e-02  6.42e-02  3.32e-02  5.01e+03  3.27e+02 -1.00e+05
2015 10 18  1125   57313  41100   8.37e+00  2.10e-01  1.83e-01  5.73e-02  4.76e-02  2.86e-02  5.26e+03  3.35e+02 -1.00e+05
2015 10 18  1130   57313  41400   8.81e+00  1.50e-01  1.28e-01  9.54e-02  8.58e-02  3.55e-02  5.64e+03  3.48e+02 -1.00e+05
2015 10 18  1135   57313  41700   1.03e+01  1.04e-01  8.21e-02  4.94e-02  3.98e-02  2.07e-02  6.19e+03  3.74e+02 -1.00e+05
2015 10 18  1140   57313  42000   9.74e+00  1.34e-01  1.11e-01  7.82e-02  5.81e-02  3.60e-02  6.29e+03  3.72e+02 -1.00e+05
2015 10 18  1145   57313  42300   1.22e+01  2.62e-01  1.86e-01  4.94e-02  3.98e-02  2.07e-02  6.40e+03  3.77e+02 -1.00e+05
2015 10 18  1150   57313  42600   1.33e+01  2.66e-01  1.72e-01  1.37e-01  1.13e-01  5.65e-02  6.87e+03  4.02e+02 -1.00e+05
2015 10 18  1155   57313  42900   7.12e+00  1.57e-01  1.29e-01  4.94e-02  3.98e-02  2.07e-02  7.21e+03  4.75e+02 -1.00e+05
2015 10 18  1200   57313  43200   6.12e+00  1.21e-01  9.87e-02  6.60e-02  5.64e-02  3.30e-02  7.44e+03  5.08e+02 -1.00e+05
2015 10 18  1205   57313  43500   5.45e+00  1.25e-01  1.03e-01  7.04e-02  6.07e-02  2.74e-02  6.62e+03  4.70e+02 -1.00e+05
2015 10 18  1210   57313  43800   8.49e+00  2.79e-01  1.61e-01  1.26e-01  9.75e-02  3.75e-02  5.77e+03  3.34e+02 -1.00e+05
2015 10 18  1215   57313  44100   1.03e+01  2.09e-01  1.22e-01  8.70e-02  7.73e-02  5.83e-02  5.87e+03  2.94e+02 -1.00e+05
2015 10 18  1220   57313  44400   1.63e+01  2.83e-01  1.04e-01  6.97e-02  6.00e-02  4.09e-02  6.37e+03  3.44e+02 -1.00e+05
2015 10 18  1225   57313  44700   1.47e+01  3.94e-01  2.14e-01  8.61e-02  6.76e-02  4.42e-02  5.98e+03  3.13e+02 -1.00e+05
2015 10 18  1230   57313  45000   1.54e+01  2.29e-01  1.37e-01  9.44e-02  8.48e-02  6.57e-02  6.74e+03  3.31e+02 -1.00e+05
2015 10 18  1235   57313  45300   1.05e+01  1.51e-01  1.28e-01  9.49e-02  6.57e-02  4.09e-02  8.01e+03  4.48e+02 -1.00e+05
2015 10 18  1240   57313  45600   6.00e+00  1.73e-01  1.51e-01  1.18e-01  1.06e-01  4.55e-02  6.28e+03  3.48e+02 -1.00e+05
2015 10 18  1245   57313  45900   8.26e+00  3.00e-01  2.77e-01  8.47e-02  4.54e-02  2.07e-02  6.94e+03  3.58e+02 -1.00e+05
2015 10 18  1250   57313  46200   1.08e+01  3.58e-01  2.49e-01  1.37e-01  8.83e-02  4.64e-02  7.41e+03  3.67e+02 -1.00e+05
2015 10 18  1255   57313  46500   7.67e+00  2.39e-01  1.35e-01  1.01e-01  9.10e-02  5.59e-02  6.40e+03  3.21e+02 -1.00e+05
2015 10 18  1300   57313  46800   5.52e+00  2.02e-01  1.26e-01  6.71e-02  4.37e-02  2.07e-02  6.73e+03  3.20e+02 -1.00e+05
2015 10 18  1305   57313  47100   3.77e+00  1.60e-01  1.37e-01  9.94e-02  8.97e-02  7.07e-02  6.76e+03  2.93e+02 -1.00e+05
2015 10 18  1310   57313  47400   6.20e+00  2.66e-01  1.08e-01  7.34e-02  5.89e-02  3.85e-02  6.28e+03  2.84e+02 -1.00e+05
2015 10 18  1315   57313  47700   5.80e+00  2.95e-01  1.51e-01  4.94e-02  3.98e-02  2.07e-02  7.78e+03  3.40e+02 -1.00e+05
2015 10 18  1320   57313  48000   4.81e+00  1.15e-01  8.83e-02  5.48e-02  4.52e-02  2.61e-02  7.96e+03  3.27e+02 -1.00e+05
2015 10 18  1325   57313  48300   3.99e+00  1.23e-01  1.00e-01  6.71e-02  4.37e-02  2.07e-02  7.34e+03  2.89e+02 -1.00e+05
2015 10 18  1330   57313  48600   4.79e+00  1.50e-01  1.28e-01  9.54e-02  8.58e-02  3.55e-02  7.89e+03  2.92e+02 -1.00e+05
2015 10 18  1335   57313  48900   3.82e+00  1.77e-01  1.55e-01  8.29e-02  7.32e-02  3.14e-02  6.96e+03  2.36e+02 -1.00e+05
2015 10 18  1340   57313  49200   5.99e+00  1.86e-01  1.10e-01  6.71e-02  4.37e-02  2.07e-02  7.91e+03  2.72e+02 -1.00e+05
2015 10 18  1345   57313  49500   4.33e+00  1.29e-01  1.01e-01  6.71e-02  4.37e-02  2.07e-02  7.90e+03  2.66e+02 -1.00e+05
2015 10 18  1350   57313  49800   3.78e+00  2.01e-01  1.79e-01  1.46e-01  1.37e-01  7.74e-02  7.79e+03  2.65e+02 -1.00e+05
2015 10 18  1355   57313  50100   3.95e+00  1.10e-01  8.75e-02  5.48e-02  4.52e-02  2.61e-02  7.94e+03  2.77e+02 -1.00e+05
2015 10 18  1400   57313  50400   4.11e+00  1.13e-01  9.05e-02  5.78e-02  4.82e-02  2.34e-02  7.85e+03  2.74e+02 -1.00e+05
2015 10 18  1405   57313  50700   7.31e+00  2.65e-01  8.59e-02  5.15e-02  4.19e-02  2.14e-02  7.41e+03  2.58e+02 -1.00e+05
2015 10 18  1410   57313  51000   3.56e+00  2.55e-01  2.33e-01  8.02e-02  4.67e-02  2.07e-02  7.55e+03  2.64e+02 -1.00e+05
2015 10 18  1415   57313  51300   3.34e+00  1.91e-01  1.69e-01  1.31e-01  1.11e-01  5.28e-02  8.04e+03  2.71e+02 -1.00e+05
2015 10 18  1420   57313  51600   5.01e+00  2.05e-01  1.06e-01  5.23e-02  4.27e-02  2.36e-02  8.20e+03  2.76e+02 -1.00e+05
2015 10 18  1425   57313  51900   3.06e+00  1.18e-01  9.57e-02  6.27e-02  4.44e-02  2.14e-02  8.20e+03  2.80e+02 -1.00e+05
2015 10 18  1430   57313  52200   4.90e+00  2.66e-01  1.61e-01  1.13e-01  8.18e-02  4.09e-02  7.95e+03  2.53e+02 -1.00e+05
2015 10 18  1435   57313  52500   4.09e+00  1.84e-01  1.08e-01  4.94e-02  3.98e-02  2.07e-02  8.44e+03  2.50e+02 -1.00e+05
2015 10 18  1440   57313  52800   2.52e+00  2.71e-01  2.49e-01  8.06e-02  4.71e-02  2.11e-02  7.73e+03  2.18e+02 -1.00e+05
2015 10 18  1445   57313  53100   5.90e+00  2.52e-01  1.23e-01  8.81e-02  6.47e-02  2.74e-02  9.06e+03  2.77e+02 -1.00e+05
2015 10 18  1450   57313  53400   3.97e+00  1.30e-01  1.08e-01  6.82e-02  5.86e-02  3.95e-02  9.20e+03  2.73e+02 -1.00e+05
2015 10 18  1455   57313  53700   4.15e+00  2.03e-01  1.81e-01  1.47e-01  8.94e-02  3.14e-02  1.07e+04  3.03e+02 -1.00e+05
2015 10 18  1500   57313  54000   6.04e+00  2.59e-01  2.24e-01  1.02e-01  9.21e-02  3.78e-02  1.12e+04  2.99e+02 -1.00e+05
2015 10 18  1505   57313  54300   6.62e+00  1.52e-01  1.25e-01  9.07e-02  5.32e-02  2.61e-02  1.07e+04  2.63e+02 -1.00e+05
2015 10 18  1510   57313  54600   6.77e+00  1.27e-01  1.05e-01  7.22e-02  6.25e-02  4.34e-02  1.10e+04  2.77e+02 -1.00e+05
2015 10 18  1515   57313  54900   5.69e+00  2.04e-01  1.82e-01  1.50e-01  1.38e-01  5.74e-02  1.10e+04  2.48e+02 -1.00e+05
2015 10 18  1520   57313  55200   5.76e+00  2.13e-01  1.91e-01  1.14e-01  7.56e-02  2.20e-02  1.07e+04  2.29e+02 -1.00e+05
2015 10 18  1525   57313  55500   6.61e+00  1.42e-01  1.20e-01  7.52e-02  6.13e-02  4.09e-02  1.10e+04  2.16e+02 -1.00e+05
2015 10 18  1530   57313  55800   8.25e+00  1.78e-01  8.89e-02  5.40e-02  4.08e-02  2.07e-02  1.03e+04  1.86e+02 -1.00e+05
2015 10 18  1535   57313  56100   3.36e+00  1.56e-01  1.34e-01  6.74e-02  5.78e-02  3.87e-02  1.01e+04  1.68e+02 -1.00e+05
2015 10 18  1540   57313  56400   3.48e+00  1.04e-01  8.21e-02  4.94e-02  3.98e-02  2.07e-02  1.02e+04  1.68e+02 -1.00e+05
2015 10 18  1545   57313  56700   3.54e+00  1.34e-01  1.12e-01  7.96e-02  6.99e-02  5.08e-02  1.16e+04  1.99e+02 -1.00e+05
2015 10 18  1550   57313  57000   5.11e+00  2.22e-01  1.09e-01  7.46e-02  6.50e-02  4.59e-02  1.05e+04  1.67e+02 -1.00e+05
2015 10 18  1555   57313  57300   5.48e+00  2.39e-01  1.30e-01  9.49e-02  6.14e-02  2.54e-02  1.15e+04  1.76e+02 -1.00e+05
2015 10 18  1600   57313  57600   6.03e+00  3.66e-01  1.11e-01  7.71e-02  6.74e-02  4.84e-02  1.16e+04  1.77e+02 -1.00e+05
2015 10 18  1605   57313  57900   2.29e+00  1.04e-01  8.21e-02  4.94e-02  3.98e-02  2.07e-02  1.13e+04  1.64e+02 -1.00e+05
2015 10 18  1610   57313  58200   2.49e+00  1.34e-01  1.12e-01  7.95e-02  6.99e-02  4.07e-02  1.20e+04  1.88e+02 -1.00e+05
2015 10 18  1615   57313  58500   2.62e+00  1.44e-01  1.17e-01  6.71e-02  4.37e-02  2.07e-02  1.18e+04  1.85e+02 -1.00e+05
2015 10 18  1620   57313  58800   3.12e+00  2.14e-01  1.38e-01  4.94e-02  3.98e-02  2.07e-02  1.14e+04  1.73e+02 -1.00e+05
2015 10 18  1625   57313  59100   2.02e+00  2.94e-01  2.71e-01  1.04e-01  5.62e-02  2.61e-02  1.17e+04  1.83e+02 -1.00e+05
2015 10 18  1630   57313  59400   2.01e+00  1.38e-01  1.16e-01  6.71e-02  4.37e-02  2.07e-02  1.18e+04  1.86e+02 -1.00e+05
2015 10 18  1635   57313  59700   1.83e+00  1.04e-01  8.21e-02  4.94e-02  3.98e-02  2.07e-02  1.18e+04  1.79e+02 -1.00e+05
2015 10 18  1640   57313  60000   3.79e+00  4.59e-01  2.24e-01  1.11e-01  1.02e-01  7.44e-02  1.16e+04  1.79e+02 -1.00e+05
2015 10 18  1645   57313  60300   2.01e+00  1.19e-01  9.67e-02  6.41e-02  5.44e-02  2.54e-02  1.20e+04  1.87e+02 -1.00e+05
2015 10 18  1650   57313  60600   2.82e+00  1.68e-01  9.18e-02  4.94e-02  3.98e-02  2.07e-02  1.17e+04  1.86e+02 -1.00e+05
2015 10 18  1655   57313  60900   1.89e+00  1.98e-01  1.76e-01  4.94e-02  3.98e-02  2.07e-02  1.13e+04  1.76e+02 -1.00e+05
2015 10 18  1700   57313  61200   2.09e+00  1.80e-01  1.56e-01  1.21e-01  8.68e-02  3.36e-02  1.16e+04  1.72e+02 -1.00e+05
2015 10 18  1705   57313  61500   1.78e+00  1.07e-01  8.34e-02  4.99e-02  4.04e-02  2.11e-02  1.12e+04  1.67e+02 -1.00e+05
2015 10 18  1710   57313  61800   2.15e+00  2.23e-01  1.99e-01  8.41e-02  7.46e-02  5.53e-02  1.17e+04  1.73e+02 -1.00e+05
2015 10 18  1715   57313  62100   1.88e+00  2.60e-01  2.36e-01  1.20e-01  8.27e-02  5.53e-02  1.16e+04  1.67e+02 -1.00e+05
2015 10 18  1720   57313  62400   2.09e+00  2.15e-01  1.91e-01  1.22e-01  8.20e-02  3.16e-02  1.19e+04  1.62e+02 -1.00e+05
2015 10 18  1725   57313  62700   2.93e+00  2.05e-01  9.83e-02  4.99e-02  4.04e-02  2.11e-02  1.18e+04  1.58e+02 -1.00e+05
2015 10 18  1730   57313  63000   2.08e+00  1.51e-01  1.27e-01  8.23e-02  4.76e-02  2.11e-02  1.22e+04  1.60e+02 -1.00e+05
2015 10 18  1735   57313  63300   3.25e+00  2.12e-01  9.82e-02  4.99e-02  4.04e-02  2.11e-02  1.23e+04  1.53e+02 -1.00e+05
2015 10 18  1740   57313  63600   2.04e+00  1.59e-01  1.35e-01  1.00e-01  5.71e-02  2.80e-02  1.22e+04  1.47e+02 -1.00e+05
2015 10 18  1745   57313  63900   1.75e+00  1.31e-01  1.07e-01  6.26e-02  4.32e-02  2.11e-02  1.17e+04  1.34e+02 -1.00e+05
2015 10 18  1750   57313  64200   1.81e+00  1.71e-01  1.47e-01  6.98e-02  6.02e-02  4.09e-02  1.21e+04  1.33e+02 -1.00e+05
2015 10 18  1755   57313  64500   1.90e+00  2.19e-01  1.95e-01  1.61e-01  1.32e-01  8.20e-02  1.26e+04  1.40e+02 -1.00e+05
2015 10 18  1800   57313  64800   1.92e+00  1.58e-01  1.34e-01  8.88e-02  4.91e-02  2.11e-02  1.36e+04  1.63e+02 -1.00e+05
2015 10 18  1805   57313  65100   1.88e+00  1.51e-01  1.27e-01  9.40e-02  8.45e-02  6.52e-02  1.34e+04  1.48e+02 -1.00e+05
2015 10 18  1810   57313  65400   1.53e+00  1.41e-01  1.18e-01  8.41e-02  7.46e-02  5.53e-02  1.31e+04  1.39e+02 -1.00e+05
2015 10 18  1815   57313  65700   2.13e+00  2.05e-01  1.81e-01  6.19e-02  5.23e-02  3.30e-02  1.45e+04  1.60e+02 -1.00e+05
2015 10 18  1820   57313  66000   1.58e+00  1.17e-01  9.29e-02  5.93e-02  4.59e-02  2.55e-02  1.34e+04  1.32e+02 -1.00e+05
2015 10 18  1825   57313  66300   2.03e+00  1.49e-01  9.15e-02  5.19e-02  4.24e-02  2.31e-02  1.37e+04  1.41e+02 -1.00e+05
2015 10 18  1830   57313  66600   1.53e+00  1.34e-01  1.10e-01  7.57e-02  4.62e-02  2.11e-02  1.35e+04  1.30e+02 -1.00e+05
2015 10 18  1835   57313  66900   2.59e+00  2.56e-01  1.05e-01  6.92e-02  4.47e-02  2.11e-02  1.39e+04  1.39e+02 -1.00e+05
2015 10 18  1840   57313  67200   2.00e+00  2.28e-01  1.22e-01  6.68e-02  5.72e-02  3.79e-02  1.37e+04  1.35e+02 -1.00e+05
2015 10 18  1845   57313  67500   1.47e+00  2.09e-01  1.85e-01  6.68e-02  5.72e-02  3.79e-02  1.32e+04  1.28e+02 -1.00e+05
2015 10 18  1850   57313  67800   1.42e+00  1.19e-01  9.53e-02  6.19e-02  5.23e-02  3.30e-02  1.45e+04  1.41e+02 -1.00e+05
2015 10 18  1855   57313  68100   1.60e+00  2.15e-01  1.91e-01  1.58e-01  1.48e-01  6.81e-02  1.47e+04  1.43e+02 -1.00e+05
2015 10 18  1900   57313  68400   1.69e+00  2.18e-01  1.94e-01  1.59e-01  1.20e-01  4.37e-02  1.45e+04  1.42e+02 -1.00e+05
2015 10 18  1905   57313  68700   1.78e+00  1.52e-01  1.28e-01  4.99e-02  4.04e-02  2.11e-02  1.44e+04  1.43e+02 -1.00e+05
2015 10 18  1910   57313  69000   2.65e+00  2.47e-01  1.11e-01  6.68e-02  5.72e-02  3.79e-02  1.56e+04  1.61e+02 -1.00e+05
2015 10 18  1915   57313  69300   2.01e+00  1.48e-01  8.96e-02  4.99e-02  4.04e-02  2.11e-02  1.51e+04  1.43e+02 -1.00e+05
2015 10 18  1920   57313  69600   1.63e+00  1.07e-01  8.34e-02  4.99e-02  4.04e-02  2.11e-02  1.63e+04  1.71e+02 -1.00e+05
2015 10 18  1925   57313  69900   1.69e+00  1.07e-01  8.34e-02  4.99e-02  4.04e-02  2.11e-02  1.57e+04  1.57e+02 -1.00e+05
2015 10 18  1930   57313  70200   1.55e+00  1.54e-01  1.30e-01  9.58e-02  7.13e-02  2.96e-02  1.53e+04  1.49e+02 -1.00e+05
2015 10 18  1935   57313  70500   1.42e+00  1.34e-01  1.10e-01  7.57e-02  4.62e-02  2.11e-02  1.62e+04  1.69e+02 -1.00e+05
2015 10 18  1940   57313  70800   1.79e+00  1.41e-01  1.17e-01  4.99e-02  4.04e-02  2.11e-02  1.66e+04  1.77e+02 -1.00e+05
2015 10 18  1945   57313  71100   2.16e+00  2.25e-01  1.74e-01  1.36e-01  1.27e-01  6.02e-02  1.67e+04  1.73e+02 -1.00e+05
2015 10 18  1950   57313  71400   1.67e+00  1.49e-01  1.07e-01  7.03e-02  6.07e-02  2.76e-02  1.67e+04  1.66e+02 -1.00e+05
2015 10 18  1955   57313  71700   2.48e+00  3.43e-01  1.76e-01  7.67e-02  6.71e-02  4.78e-02  1.68e+04  1.73e+02 -1.00e+05
2015 10 18  2000   57313  72000   1.67e+00  1.55e-01  1.31e-01  8.81e-02  4.82e-02  2.15e-02  1.70e+04  1.69e+02 -1.00e+05
2015 10 18  2005   57313  72300   1.59e+00  1.07e-01  8.34e-02  4.99e-02  4.04e-02  2.11e-02  1.72e+04  1.87e+02 -1.00e+05
2015 10 18  2010   57313  72600   2.63e+00  2.66e-01  1.60e-01  1.02e-01  5.94e-02  3.05e-02  1.71e+04  1.75e+02 -1.00e+05
2015 10 18  2015   57313  72900   1.77e+00  1.54e-01  1.31e-01  9.71e-02  8.76e-02  4.26e-02  1.70e+04  1.70e+02 -1.00e+05
2015 10 18  2020   57313  73200   2.56e+00  2.07e-01  1.21e-01  7.65e-02  6.70e-02  2.96e-02  1.67e+04  1.62e+02 -1.00e+05
2015 10 18  2025   57313  73500   1.44e+00  1.07e-01  8.34e-02  4.99e-02  4.04e-02  2.11e-02  1.68e+04  1.63e+02 -1.00e+05
2015 10 18  2030   57313  73800   2.32e+00  2.80e-01  1.75e-01  1.27e-01  1.07e-01  4.17e-02  1.66e+04  1.64e+02 -1.00e+05
2015 10 18  2035   57313  74100   2.33e+00  2.05e-01  9.83e-02  4.99e-02  4.04e-02  2.11e-02  1.60e+04  1.58e+02 -1.00e+05
2015 10 18  2040   57313  74400   2.62e+00  3.89e-01  1.90e-01  7.65e-02  6.70e-02  2.96e-02  1.60e+04  1.54e+02 -1.00e+05
2015 10 18  2045   57313  74700   2.32e+00  2.41e-01  1.36e-01  1.01e-01  8.60e-02  6.52e-02  1.61e+04  1.57e+02 -1.00e+05
2015 10 18  2050   57313  75000   3.07e+00  4.53e-01  1.75e-01  6.64e-02  5.52e-02  3.54e-02  1.57e+04  1.41e+02 -1.00e+05
2015 10 18  2055   57313  75300   1.28e+00  1.34e-01  1.10e-01  7.65e-02  6.70e-02  2.96e-02  1.50e+04  1.42e+02 -1.00e+05
2015 10 18  2100   57313  75600   1.40e+00  2.83e-01  2.59e-01  2.23e-01  1.31e-01  4.17e-02  1.52e+04  1.40e+02 -1.00e+05
2015 10 18  2105   57313  75900   1.02e+00  1.07e-01  8.34e-02  4.99e-02  4.04e-02  2.11e-02  1.49e+04  1.38e+02 -1.00e+05
2015 10 18  2110   57313  76200   1.93e+00  2.27e-01  1.21e-01  6.47e-02  5.29e-02  3.30e-02  1.49e+04  1.33e+02 -1.00e+05
2015 10 18  2115   57313  76500   1.86e+00  2.21e-01  1.15e-01  6.68e-02  5.72e-02  3.79e-02  1.50e+04  1.35e+02 -1.00e+05
2015 10 18  2120   57313  76800   2.01e+00  2.24e-01  1.19e-01  8.23e-02  4.76e-02  2.11e-02  1.46e+04  1.37e+02 -1.00e+05
2015 10 18  2125   57313  77100   2.05e+00  2.43e-01  1.31e-01  8.11e-02  7.15e-02  2.24e-02  1.39e+04  1.24e+02 -1.00e+05
2015 10 18  2130   57313  77400   1.40e+00  1.42e-01  1.18e-01  5.15e-02  4.19e-02  2.15e-02  1.39e+04  1.27e+02 -1.00e+05
2015 10 18  2135   57313  77700   2.32e+00  2.14e-01  8.51e-02  4.99e-02  4.04e-02  2.11e-02  1.37e+04  1.22e+02 -1.00e+05
2015 10 18  2140   57313  78000   1.44e+00  1.15e-01  9.12e-02  5.77e-02  4.82e-02  2.36e-02  1.30e+04  1.16e+02 -1.00e+05
2015 10 18  2145   57313  78300   1.10e+00  1.95e-01  1.71e-01  5.15e-02  4.19e-02  2.15e-02  1.27e+04  1.11e+02 -1.00e+05
2015 10 18  2150   57313  78600   1.24e+00  1.54e-01  1.30e-01  9.54e-02  5.06e-02  2.11e-02  1.22e+04  9.96e+01 -1.00e+05
2015 10 18  2155   57313  78900   2.51e+00  2.37e-01  8.50e-02  4.99e-02  4.04e-02  2.11e-02  1.20e+04  9.85e+01 -1.00e+05
2015 10 18  2200   57313  79200   1.29e+00  2.48e-01  2.24e-01  1.08e-01  9.34e-02  3.77e-02  1.32e+04  9.89e+01 -1.00e+05
2015 10 18  2205   57313  79500   1.46e+00  1.35e-01  1.11e-01  7.70e-02  5.25e-02  2.36e-02  1.39e+04  1.17e+02 -1.00e+05
2015 10 18  2210   57313  79800   1.93e+00  2.52e-01  1.95e-01  6.76e-02  4.97e-02  2.80e-02  1.53e+04  1.31e+02 -1.00e+05
2015 10 18  2215   57313  80100   2.06e+00  1.48e-01  8.96e-02  4.99e-02  4.04e-02  2.11e-02  1.55e+04  1.28e+02 -1.00e+05
2015 10 18  2220   57313  80400   1.59e+00  1.40e-01  1.17e-01  8.32e-02  7.36e-02  3.31e-02  1.54e+04  1.25e+02 -1.00e+05
2015 10 18  2225   57313  80700   1.57e+00  1.27e-01  1.03e-01  6.92e-02  4.47e-02  2.11e-02  1.57e+04  1.24e+02 -1.00e+05
2015 10 18  2230   57313  81000   3.27e+00  3.76e-01  1.93e-01  4.99e-02  4.04e-02  2.11e-02  1.61e+04  1.30e+02 -1.00e+05
2015 10 18  2235   57313  81300   1.77e+00  1.31e-01  1.07e-01  6.68e-02  5.72e-02  3.79e-02  1.57e+04  1.21e+02 -1.00e+05
2015 10 18  2240   57313  81600   1.70e+00  1.24e-01  1.00e-01  6.68e-02  5.72e-02  3.79e-02  1.59e+04  1.23e+02 -1.00e+05
2015 10 18  2245   57313  81900   1.60e+00  1.07e-01  8.34e-02  4.99e-02  4.04e-02  2.11e-02  1.61e+04  1.19e+02 -1.00e+05
2015 10 18  2250   57313  82200   1.26e+00  1.09e-01  8.49e-02  5.15e-02  4.19e-02  2.15e-02  1.52e+04  1.13e+02 -1.00e+05
2015 10 18  2255   57313  82500   1.88e+00  1.48e-01  8.96e-02  4.99e-02  4.04e-02  2.11e-02  1.53e+04  1.10e+02 -1.00e+05
2015 10 18  2300   57313  82800   3.01e+00  2.80e-01  8.68e-02  5.19e-02  4.24e-02  2.31e-02  1.49e+04  1.07e+02 -1.00e+05
2015 10 18  2305   57313  83100   1.76e+00  2.07e-01  1.26e-01  8.28e-02  7.32e-02  3.16e-02  1.52e+04  1.04e+02 -1.00e+05
2015 10 18  2310   57313  83400   1.62e+00  1.21e-01  9.75e-02  6.38e-02  4.95e-02  2.36e-02  1.55e+04  1.08e+02 -1.00e+05
2015 10 18  2315   57313  83700   1.41e+00  1.20e-01  9.64e-02  6.26e-02  4.32e-02  2.11e-02  1.53e+04  1.04e+02 -1.00e+05
2015 10 18  2320   57313  84000   1.45e+00  1.65e-01  1.41e-01  1.08e-01  9.83e-02  3.97e-02  1.48e+04  1.03e+02 -1.00e+05
2015 10 18  2325   57313  84300   1.20e+00  1.44e-01  1.21e-01  7.57e-02  4.62e-02  2.11e-02  1.50e+04  9.71e+01 -1.00e+05
2015 10 18  2330   57313  84600   2.10e+00  3.11e-01  2.06e-01  7.42e-02  6.47e-02  4.54e-02  1.46e+04  9.08e+01 -1.00e+05
2015 10 18  2335   57313  84900   1.27e+00  1.18e-01  9.40e-02  4.99e-02  4.04e-02  2.11e-02  1.43e+04  9.67e+01 -1.00e+05
2015 10 18  2340   57313  85200   1.32e+00  1.41e-01  1.17e-01  4.99e-02  4.04e-02  2.11e-02  1.43e+04  1.03e+02 -1.00e+05
2015 10 18  2345   57313  85500   1.32e+00  1.18e-01  9.40e-02  4.99e-02  4.04e-02  2.11e-02  1.43e+04  9.03e+01 -1.00e+05
2015 10 18  2350   57313  85800   1.40e+00  1.09e-01  8.49e-02  5.15e-02  4.19e-02  2.15e-02  1.43e+04  9.61e+01 -1.00e+05
2015 10 18  2355   57313  86100   1.40e+00  1.29e-01  1.05e-01  7.18e-02  6.22e-02  4.29e-02  1.43e+04  9.31e+01 -1.00e+05
