:Data_list: 20151227_Gs_part_5m.txt
:Created: 2015 Dec 28 0011 UTC
# Prepared by the U.S. Dept. of Commerce, NOAA, Space Weather Prediction Center
# Please send comments and suggestions to SWPC.Webmaster@noaa.gov 
# 
# Label: P > 1 = Particles at >1 Mev
# Label: P > 5 = Particles at >5 Mev
# Label: P >10 = Particles at >10 Mev
# Label: P >30 = Particles at >30 Mev
# Label: P >50 = Particles at >50 Mev
# Label: P>100 = Particles at >100 Mev
# Label: E>0.8 = Electrons at >0.8 Mev
# Label: E>2.0 = Electrons at >2.0 Mev
# Label: E>4.0 = Electrons at >4.0 Mev
# Units: Particles = Protons/cm2-s-sr
# Units: Electrons = Electrons/cm2-s-sr
# Source: GOES-15
# Location: W135
# Missing data: -1.00e+05
#
#                      5-minute  GOES-15 Solar Particle and Electron Flux
#
#                 Modified Seconds
# UTC Date  Time   Julian  of the
# YR MO DA  HHMM    Day     Day     P > 1     P > 5     P >10     P >30     P >50     P>100     E>0.8     E>2.0     E>4.0
#-------------------------------------------------------------------------------------------------------------------------
2015 12 27  0000   57383      0   3.38e+01  1.96e-01  1.68e-01  1.23e-01  1.02e-01  5.03e-02  5.63e+04  2.30e+03 -1.00e+05
2015 12 27  0005   57383    300   3.89e+01  1.74e-01  1.04e-01  5.19e-02  4.20e-02  2.21e-02  5.47e+04  2.24e+03 -1.00e+05
2015 12 27  0010   57383    600   2.96e+01  2.18e-01  1.91e-01  8.16e-02  7.17e-02  5.19e-02  5.48e+04  2.23e+03 -1.00e+05
2015 12 27  0015   57383    900   2.67e+01  1.79e-01  1.52e-01  1.06e-01  6.05e-02  2.42e-02  5.48e+04  2.23e+03 -1.00e+05
2015 12 27  0020   57383   1200   4.80e+01  2.95e-01  1.26e-01  7.71e-02  4.66e-02  2.09e-02  5.40e+04  2.09e+03 -1.00e+05
2015 12 27  0025   57383   1500   3.04e+01  1.75e-01  1.39e-01  9.24e-02  8.25e-02  3.43e-02  5.67e+04  2.14e+03 -1.00e+05
2015 12 27  0030   57383   1800   4.89e+01  2.87e-01  1.72e-01  1.24e-01  1.14e-01  4.44e-02  5.59e+04  2.10e+03 -1.00e+05
2015 12 27  0035   57383   2100   2.53e+01  1.43e-01  1.16e-01  7.05e-02  4.52e-02  2.09e-02  5.59e+04  2.06e+03 -1.00e+05
2015 12 27  0040   57383   2400   2.50e+01  3.45e-01  3.17e-01  8.88e-02  4.66e-02  2.09e-02  5.49e+04  1.98e+03 -1.00e+05
2015 12 27  0045   57383   2700   2.36e+01  2.22e-01  1.95e-01  1.50e-01  1.25e-01  4.64e-02  5.49e+04  1.89e+03 -1.00e+05
2015 12 27  0050   57383   3000   2.14e+01  3.10e-01  2.83e-01  8.74e-02  4.66e-02  2.09e-02  5.41e+04  1.79e+03 -1.00e+05
2015 12 27  0055   57383   3300   2.31e+01  1.94e-01  1.67e-01  5.06e-02  4.07e-02  2.09e-02  5.28e+04  1.60e+03 -1.00e+05
2015 12 27  0100   57383   3600   2.24e+01  1.74e-01  1.47e-01  1.02e-01  9.22e-02  7.19e-02  5.45e+04  1.62e+03 -1.00e+05
2015 12 27  0105   57383   3900   2.30e+01  1.29e-01  1.01e-01  5.68e-02  4.69e-02  2.71e-02  5.54e+04  1.73e+03 -1.00e+05
2015 12 27  0110   57383   4200   2.34e+01  1.33e-01  1.06e-01  6.13e-02  5.14e-02  2.52e-02  5.58e+04  1.67e+03 -1.00e+05
2015 12 27  0115   57383   4500   2.25e+01  1.70e-01  1.43e-01  9.87e-02  8.88e-02  3.63e-02  5.64e+04  1.67e+03 -1.00e+05
2015 12 27  0120   57383   4800   2.41e+01  1.33e-01  1.06e-01  6.18e-02  5.19e-02  3.21e-02  5.78e+04  1.73e+03 -1.00e+05
2015 12 27  0125   57383   5100   4.11e+01  2.80e-01  1.67e-01  1.18e-01  8.09e-02  4.22e-02  5.87e+04  1.75e+03 -1.00e+05
2015 12 27  0130   57383   5400   2.94e+01  1.51e-01  1.24e-01  7.91e-02  6.92e-02  4.94e-02  6.32e+04  1.86e+03 -1.00e+05
2015 12 27  0135   57383   5700   4.61e+01  3.02e-01  1.84e-01  5.19e-02  4.20e-02  2.21e-02  6.29e+04  1.83e+03 -1.00e+05
2015 12 27  0140   57383   6000   3.00e+01  2.01e-01  1.60e-01  8.62e-02  7.63e-02  3.23e-02  6.22e+04  1.77e+03 -1.00e+05
2015 12 27  0145   57383   6300   2.40e+01  1.58e-01  1.31e-01  8.66e-02  7.66e-02  5.68e-02  6.27e+04  1.67e+03 -1.00e+05
2015 12 27  0150   57383   6600   2.54e+01  1.31e-01  1.04e-01  5.93e-02  4.94e-02  2.96e-02  6.34e+04  1.64e+03 -1.00e+05
2015 12 27  0155   57383   6900   2.10e+01  1.22e-01  9.51e-02  5.06e-02  4.07e-02  2.09e-02  6.29e+04  1.57e+03 -1.00e+05
2015 12 27  0200   57383   7200   2.68e+01  3.22e-01  2.53e-01  5.06e-02  4.07e-02  2.09e-02  6.36e+04  1.44e+03 -1.00e+05
2015 12 27  0205   57383   7500   2.30e+01  2.17e-01  1.89e-01  7.91e-02  6.92e-02  4.94e-02  6.40e+04  1.48e+03 -1.00e+05
2015 12 27  0210   57383   7800   2.13e+01  1.56e-01  1.29e-01  8.44e-02  7.45e-02  4.77e-02  6.20e+04  1.39e+03 -1.00e+05
2015 12 27  0215   57383   8100   2.61e+01  3.08e-01  2.15e-01  1.57e-01  9.35e-02  3.51e-02  6.00e+04  1.32e+03 -1.00e+05
2015 12 27  0220   57383   8400   1.36e+01  2.02e-01  1.74e-01  5.13e-02  4.15e-02  2.15e-02  5.27e+04  1.11e+03 -1.00e+05
2015 12 27  0225   57383   8700   9.11e+00  1.24e-01  9.60e-02  5.13e-02  4.15e-02  2.15e-02  5.07e+04  1.06e+03 -1.00e+05
2015 12 27  0230   57383   9000   1.06e+01  1.25e-01  9.68e-02  5.30e-02  4.32e-02  2.32e-02  5.37e+04  1.12e+03 -1.00e+05
2015 12 27  0235   57383   9300   1.20e+01  1.42e-01  1.14e-01  7.02e-02  6.05e-02  3.71e-02  5.48e+04  1.13e+03 -1.00e+05
2015 12 27  0240   57383   9600   1.22e+01  1.23e-01  9.51e-02  5.13e-02  4.15e-02  2.15e-02  5.68e+04  1.20e+03 -1.00e+05
2015 12 27  0245   57383   9900   1.86e+01  2.65e-01  1.58e-01  9.81e-02  5.72e-02  2.81e-02  5.73e+04  1.23e+03 -1.00e+05
2015 12 27  0250   57383  10200   1.35e+01  1.48e-01  1.20e-01  5.13e-02  4.15e-02  2.15e-02  5.96e+04  1.32e+03 -1.00e+05
2015 12 27  0255   57383  10500   1.26e+01  1.48e-01  1.20e-01  7.65e-02  6.47e-02  2.87e-02  5.96e+04  1.31e+03 -1.00e+05
2015 12 27  0300   57383  10800   1.24e+01  1.66e-01  1.38e-01  5.79e-02  4.82e-02  2.81e-02  6.04e+04  1.31e+03 -1.00e+05
2015 12 27  0305   57383  11100   1.17e+01  1.23e-01  9.51e-02  5.13e-02  4.15e-02  2.15e-02  5.90e+04  1.25e+03 -1.00e+05
2015 12 27  0310   57383  11400   1.21e+01  1.76e-01  1.48e-01  9.26e-02  8.29e-02  3.48e-02  5.90e+04  1.22e+03 -1.00e+05
2015 12 27  0315   57383  11700   1.20e+01  2.15e-01  1.87e-01  1.43e-01  1.33e-01  5.09e-02  6.05e+04  1.26e+03 -1.00e+05
2015 12 27  0320   57383  12000   1.36e+01  1.92e-01  1.64e-01  6.76e-02  5.78e-02  2.67e-02  6.12e+04  1.24e+03 -1.00e+05
2015 12 27  0325   57383  12300   1.28e+01  2.43e-01  2.15e-01  9.17e-02  5.18e-02  2.57e-02  6.00e+04  1.26e+03 -1.00e+05
2015 12 27  0330   57383  12600   2.18e+01  2.13e-01  9.82e-02  5.13e-02  4.15e-02  2.15e-02  6.18e+04  1.30e+03 -1.00e+05
2015 12 27  0335   57383  12900   2.88e+01  3.07e-01  9.79e-02  5.13e-02  4.15e-02  2.15e-02  6.42e+04  1.35e+03 -1.00e+05
2015 12 27  0340   57383  13200   1.41e+01  2.02e-01  1.74e-01  5.13e-02  4.15e-02  2.15e-02  6.27e+04  1.37e+03 -1.00e+05
2015 12 27  0345   57383  13500   1.21e+01  1.24e-01  9.60e-02  5.13e-02  4.15e-02  2.15e-02  6.27e+04  1.32e+03 -1.00e+05
2015 12 27  0350   57383  13800   1.91e+01  2.22e-01  1.08e-01  6.05e-02  4.36e-02  2.15e-02  6.08e+04  1.27e+03 -1.00e+05
2015 12 27  0355   57383  14100   1.06e+01  1.24e-01  9.60e-02  5.13e-02  4.15e-02  2.15e-02  5.78e+04  1.20e+03 -1.00e+05
2015 12 27  0400   57383  14400   1.98e+01  2.85e-01  9.80e-02  5.13e-02  4.15e-02  2.15e-02  5.72e+04  1.15e+03 -1.00e+05
2015 12 27  0405   57383  14700   1.17e+01  1.74e-01  1.19e-01  7.02e-02  6.05e-02  3.71e-02  5.55e+04  1.11e+03 -1.00e+05
2015 12 27  0410   57383  15000   9.56e+00  1.33e-01  1.05e-01  6.05e-02  4.36e-02  2.15e-02  5.75e+04  1.14e+03 -1.00e+05
2015 12 27  0415   57383  15300   1.09e+01  1.95e-01  1.67e-01  5.13e-02  4.15e-02  2.15e-02  5.73e+04  1.15e+03 -1.00e+05
2015 12 27  0420   57383  15600   1.17e+01  1.34e-01  1.06e-01  6.05e-02  4.36e-02  2.15e-02  5.70e+04  1.11e+03 -1.00e+05
2015 12 27  0425   57383  15900   8.34e+00  2.65e-01  2.37e-01  7.49e-02  4.81e-02  2.32e-02  5.46e+04  1.09e+03 -1.00e+05
2015 12 27  0430   57383  16200   9.04e+00  1.66e-01  1.38e-01  9.33e-02  5.10e-02  2.15e-02  5.46e+04  1.03e+03 -1.00e+05
2015 12 27  0435   57383  16500   8.44e+00  2.19e-01  1.91e-01  1.47e-01  1.14e-01  4.28e-02  5.20e+04  9.82e+02 -1.00e+05
2015 12 27  0440   57383  16800   7.60e+00  3.29e-01  3.01e-01  1.15e-01  6.11e-02  2.47e-02  4.99e+04  9.47e+02 -1.00e+05
2015 12 27  0445   57383  17100   7.57e+00  2.50e-01  2.22e-01  1.55e-01  9.37e-02  3.27e-02  4.97e+04  9.10e+02 -1.00e+05
2015 12 27  0450   57383  17400   1.19e+01  2.38e-01  9.81e-02  5.13e-02  4.15e-02  2.15e-02  4.93e+04  8.84e+02 -1.00e+05
2015 12 27  0455   57383  17700   8.67e+00  1.23e-01  9.51e-02  5.13e-02  4.15e-02  2.15e-02  4.93e+04  8.86e+02 -1.00e+05
2015 12 27  0500   57383  18000   7.46e+00  1.27e-01  9.92e-02  5.55e-02  4.57e-02  2.57e-02  4.84e+04  8.68e+02 -1.00e+05
2015 12 27  0505   57383  18300   7.15e+00  1.30e-01  1.02e-01  5.79e-02  4.82e-02  2.81e-02  4.67e+04  8.38e+02 -1.00e+05
2015 12 27  0510   57383  18600   9.44e+00  2.27e-01  1.19e-01  6.05e-02  4.36e-02  2.15e-02  4.66e+04  8.00e+02 -1.00e+05
2015 12 27  0515   57383  18900   6.22e+00  1.23e-01  9.51e-02  5.13e-02  4.15e-02  2.15e-02  4.36e+04  7.57e+02 -1.00e+05
2015 12 27  0520   57383  19200   1.23e+01  3.50e-01  9.94e-02  5.30e-02  4.32e-02  2.32e-02  4.15e+04  7.04e+02 -1.00e+05
2015 12 27  0525   57383  19500   9.96e+00  4.47e-01  2.06e-01  7.34e-02  6.36e-02  4.36e-02  3.94e+04  6.52e+02 -1.00e+05
2015 12 27  0530   57383  19800   9.06e+00  4.42e-01  1.94e-01  5.13e-02  4.15e-02  2.15e-02  3.67e+04  6.07e+02 -1.00e+05
2015 12 27  0535   57383  20100   3.86e+00  1.52e-01  1.24e-01  8.01e-02  7.03e-02  3.07e-02  3.44e+04  5.57e+02 -1.00e+05
2015 12 27  0540   57383  20400   4.62e+00  2.24e-01  1.64e-01  5.13e-02  4.15e-02  2.15e-02  3.23e+04  5.25e+02 -1.00e+05
2015 12 27  0545   57383  20700   3.94e+00  1.60e-01  1.01e-01  5.13e-02  4.15e-02  2.15e-02  3.05e+04  4.91e+02 -1.00e+05
2015 12 27  0550   57383  21000   3.00e+00  1.53e-01  1.25e-01  8.02e-02  4.80e-02  2.15e-02  2.90e+04  4.78e+02 -1.00e+05
2015 12 27  0555   57383  21300   2.82e+00  1.63e-01  1.31e-01  8.64e-02  7.66e-02  3.27e-02  2.82e+04  4.59e+02 -1.00e+05
2015 12 27  0600   57383  21600   3.44e+00  2.68e-01  1.58e-01  1.10e-01  6.24e-02  2.47e-02  2.34e+04  3.92e+02 -1.00e+05
2015 12 27  0605   57383  21900   2.45e+00  1.69e-01  1.41e-01  5.13e-02  4.15e-02  2.15e-02  1.69e+04  2.59e+02 -1.00e+05
2015 12 27  0610   57383  22200   3.55e+00  2.65e-01  1.58e-01  9.87e-02  6.50e-02  3.81e-02  1.81e+04  2.70e+02 -1.00e+05
2015 12 27  0615   57383  22500   3.03e+00  2.07e-01  1.79e-01  1.34e-01  1.02e-01  3.88e-02  1.89e+04  2.79e+02 -1.00e+05
2015 12 27  0620   57383  22800   3.78e+00  3.65e-01  3.07e-01  1.06e-01  7.43e-02  4.80e-02  1.86e+04  2.90e+02 -1.00e+05
2015 12 27  0625   57383  23100   5.61e+00  2.38e-01  9.81e-02  5.13e-02  4.15e-02  2.15e-02  2.16e+04  3.30e+02 -1.00e+05
2015 12 27  0630   57383  23400   3.23e+00  2.42e-01  2.14e-01  7.38e-02  6.41e-02  2.87e-02  1.93e+04  3.17e+02 -1.00e+05
2015 12 27  0635   57383  23700   3.02e+00  1.70e-01  1.42e-01  9.69e-02  6.27e-02  3.56e-02  2.10e+04  3.62e+02 -1.00e+05
2015 12 27  0640   57383  24000   2.92e+00  1.36e-01  1.08e-01  6.35e-02  4.75e-02  2.57e-02  2.07e+04  3.86e+02 -1.00e+05
2015 12 27  0645   57383  24300   6.36e+00  3.86e-01  1.52e-01  1.06e-01  9.62e-02  4.19e-02  1.82e+04  3.63e+02 -1.00e+05
2015 12 27  0650   57383  24600   2.71e+00  2.76e-01  2.48e-01  9.58e-02  8.60e-02  4.70e-02  1.45e+04  2.83e+02 -1.00e+05
2015 12 27  0655   57383  24900   2.68e+00  2.04e-01  1.76e-01  1.32e-01  1.23e-01  5.54e-02  1.28e+04  2.52e+02 -1.00e+05
2015 12 27  0700   57383  25200   5.42e+00  3.37e-01  1.74e-01  1.26e-01  8.66e-02  5.79e-02  1.24e+04  2.45e+02 -1.00e+05
2015 12 27  0705   57383  25500   2.70e+00  1.72e-01  1.44e-01  9.89e-02  8.91e-02  3.68e-02  1.39e+04  2.89e+02 -1.00e+05
2015 12 27  0710   57383  25800   2.82e+00  1.51e-01  1.23e-01  7.84e-02  5.28e-02  2.81e-02  1.88e+04  3.81e+02 -1.00e+05
2015 12 27  0715   57383  26100   4.33e+00  2.35e-01  1.40e-01  8.33e-02  6.13e-02  2.67e-02  2.23e+04  4.56e+02 -1.00e+05
2015 12 27  0720   57383  26400   3.75e+00  2.24e-01  1.64e-01  1.14e-01  1.02e-01  4.08e-02  2.35e+04  5.37e+02 -1.00e+05
2015 12 27  0725   57383  26700   3.16e+00  2.40e-01  2.12e-01  9.45e-02  7.37e-02  5.04e-02  2.71e+04  6.17e+02 -1.00e+05
2015 12 27  0730   57383  27000   3.40e+00  1.78e-01  1.50e-01  5.13e-02  4.15e-02  2.15e-02  2.62e+04  6.08e+02 -1.00e+05
2015 12 27  0735   57383  27300   3.37e+00  2.12e-01  1.84e-01  6.05e-02  4.36e-02  2.15e-02  2.13e+04  4.89e+02 -1.00e+05
2015 12 27  0740   57383  27600   3.12e+00  2.08e-01  1.80e-01  1.35e-01  9.23e-02  3.48e-02  1.90e+04  4.26e+02 -1.00e+05
2015 12 27  0745   57383  27900   3.83e+00  1.61e-01  1.02e-01  5.13e-02  4.15e-02  2.15e-02  2.03e+04  4.53e+02 -1.00e+05
2015 12 27  0750   57383  28200   3.18e+00  1.23e-01  9.51e-02  5.13e-02  4.15e-02  2.15e-02  2.38e+04  5.37e+02 -1.00e+05
2015 12 27  0755   57383  28500   3.46e+00  1.70e-01  1.42e-01  9.67e-02  5.95e-02  2.47e-02  2.32e+04  5.27e+02 -1.00e+05
2015 12 27  0800   57383  28800   6.96e+00  3.07e-01  9.79e-02  5.13e-02  4.15e-02  2.15e-02  2.32e+04  5.13e+02 -1.00e+05
2015 12 27  0805   57383  29100   3.39e+00  1.23e-01  9.51e-02  5.13e-02  4.15e-02  2.15e-02  2.26e+04  5.04e+02 -1.00e+05
2015 12 27  0810   57383  29400   3.39e+00  1.23e-01  9.51e-02  5.13e-02  4.15e-02  2.15e-02  2.09e+04  4.44e+02 -1.00e+05
2015 12 27  0815   57383  29700   5.05e+00  2.90e-01  1.74e-01  1.27e-01  1.05e-01  4.21e-02  2.08e+04  4.37e+02 -1.00e+05
2015 12 27  0820   57383  30000   5.92e+00  2.62e-01  9.81e-02  5.13e-02  4.15e-02  2.15e-02  2.13e+04  4.59e+02 -1.00e+05
2015 12 27  0825   57383  30300   5.13e+00  2.13e-01  9.82e-02  5.13e-02  4.15e-02  2.15e-02  2.19e+04  4.58e+02 -1.00e+05
2015 12 27  0830   57383  30600   4.93e+00  3.34e-01  2.26e-01  8.02e-02  4.80e-02  2.15e-02  2.20e+04  4.68e+02 -1.00e+05
2015 12 27  0835   57383  30900   4.84e+00  2.54e-01  1.46e-01  8.62e-02  4.76e-02  2.15e-02  2.07e+04  4.29e+02 -1.00e+05
2015 12 27  0840   57383  31200   3.01e+00  1.30e-01  1.02e-01  5.79e-02  4.82e-02  2.81e-02  1.96e+04  3.92e+02 -1.00e+05
2015 12 27  0845   57383  31500   5.14e+00  2.59e-01  1.20e-01  7.28e-02  6.30e-02  4.30e-02  1.91e+04  3.86e+02 -1.00e+05
2015 12 27  0850   57383  31800   3.10e+00  2.02e-01  1.74e-01  5.13e-02  4.15e-02  2.15e-02  1.88e+04  3.89e+02 -1.00e+05
2015 12 27  0855   57383  32100   2.93e+00  1.59e-01  1.31e-01  5.13e-02  4.15e-02  2.15e-02  2.07e+04  4.37e+02 -1.00e+05
2015 12 27  0900   57383  32400   2.70e+00  1.42e-01  1.14e-01  7.03e-02  6.06e-02  4.05e-02  2.04e+04  4.32e+02 -1.00e+05
2015 12 27  0905   57383  32700   2.51e+00  1.23e-01  9.51e-02  5.13e-02  4.15e-02  2.15e-02  2.03e+04  4.46e+02 -1.00e+05
2015 12 27  0910   57383  33000   5.31e+00  2.13e-01  9.82e-02  5.13e-02  4.15e-02  2.15e-02  1.74e+04  4.03e+02 -1.00e+05
2015 12 27  0915   57383  33300   2.33e+00  1.61e-01  1.33e-01  8.91e-02  7.72e-02  3.27e-02  1.75e+04  4.05e+02 -1.00e+05
2015 12 27  0920   57383  33600   2.39e+00  1.24e-01  9.60e-02  5.13e-02  4.15e-02  2.15e-02  1.81e+04  4.14e+02 -1.00e+05
2015 12 27  0925   57383  33900   2.74e+00  2.77e-01  2.49e-01  1.15e-01  8.79e-02  3.48e-02  1.82e+04  4.03e+02 -1.00e+05
2015 12 27  0930   57383  34200   8.05e+00  2.63e-01  1.48e-01  9.98e-02  5.24e-02  2.15e-02  2.39e+04  5.50e+02 -1.00e+05
2015 12 27  0935   57383  34500   4.33e+00  1.68e-01  1.40e-01  9.51e-02  6.04e-02  3.31e-02  2.72e+04  5.78e+02 -1.00e+05
2015 12 27  0940   57383  34800   5.11e+00  1.23e-01  9.51e-02  5.13e-02  4.15e-02  2.15e-02  3.30e+04  6.99e+02 -1.00e+05
2015 12 27  0945   57383  35100   5.19e+00  1.60e-01  1.01e-01  5.13e-02  4.15e-02  2.15e-02  3.19e+04  6.54e+02 -1.00e+05
2015 12 27  0950   57383  35400   5.50e+00  4.11e-01  3.83e-01  1.45e-01  9.65e-02  6.53e-02  3.48e+04  7.30e+02 -1.00e+05
2015 12 27  0955   57383  35700   5.72e+01  3.15e-01  2.56e-01  7.36e-02  4.65e-02  2.15e-02  3.75e+04  7.38e+02 -1.00e+05
2015 12 27  1000   57383  36000   1.61e+02  2.05e-01  1.77e-01  5.55e-02  4.57e-02  2.57e-02  3.92e+04  7.39e+02 -1.00e+05
2015 12 27  1005   57383  36300   6.63e+01  1.83e-01  1.24e-01  7.36e-02  4.65e-02  2.15e-02  4.25e+04  8.52e+02 -1.00e+05
2015 12 27  1010   57383  36600   2.68e+01  1.23e-01  9.51e-02  5.13e-02  4.15e-02  2.15e-02  4.61e+04  9.00e+02 -1.00e+05
2015 12 27  1015   57383  36900   2.63e+01  3.43e-01  2.86e-01  8.77e-02  7.79e-02  5.79e-02  5.01e+04  1.05e+03 -1.00e+05
2015 12 27  1020   57383  37200   4.18e+01  2.22e-01  1.15e-01  6.76e-02  5.78e-02  2.67e-02  5.61e+04  1.21e+03 -1.00e+05
2015 12 27  1025   57383  37500   2.61e+01  2.38e-01  2.10e-01  8.62e-02  4.76e-02  2.15e-02  5.45e+04  1.21e+03 -1.00e+05
2015 12 27  1030   57383  37800   1.97e+01  1.46e-01  1.18e-01  7.37e-02  5.36e-02  3.06e-02  5.32e+04  1.16e+03 -1.00e+05
2015 12 27  1035   57383  38100   1.48e+01  1.51e-01  1.23e-01  7.84e-02  5.28e-02  2.81e-02  5.06e+04  1.08e+03 -1.00e+05
2015 12 27  1040   57383  38400   1.47e+01  2.18e-01  1.10e-01  5.13e-02  4.15e-02  2.15e-02  4.88e+04  1.05e+03 -1.00e+05
2015 12 27  1045   57383  38700   1.22e+01  2.38e-01  1.31e-01  7.28e-02  6.30e-02  4.30e-02  5.19e+04  1.13e+03 -1.00e+05
2015 12 27  1050   57383  39000   1.11e+01  2.51e-01  1.44e-01  8.56e-02  6.21e-02  3.81e-02  5.25e+04  1.17e+03 -1.00e+05
2015 12 27  1055   57383  39300   8.52e+00  1.77e-01  1.17e-01  6.71e-02  4.51e-02  2.15e-02  5.11e+04  1.11e+03 -1.00e+05
2015 12 27  1100   57383  39600   7.39e+00  3.08e-01  2.80e-01  2.15e-01  1.15e-01  2.26e-02  5.02e+04  1.13e+03 -1.00e+05
2015 12 27  1105   57383  39900   1.17e+01  2.60e-01  1.21e-01  7.45e-02  6.20e-02  4.12e-02  5.08e+04  1.15e+03 -1.00e+05
2015 12 27  1110   57383  40200   9.22e+00  2.54e-01  1.46e-01  8.62e-02  4.76e-02  2.15e-02  5.11e+04  1.19e+03 -1.00e+05
2015 12 27  1115   57383  40500   5.87e+00  3.03e-01  2.75e-01  8.02e-02  7.05e-02  5.04e-02  5.06e+04  1.21e+03 -1.00e+05
2015 12 27  1120   57383  40800   6.92e+00  1.83e-01  1.24e-01  7.36e-02  4.65e-02  2.15e-02  5.10e+04  1.21e+03 -1.00e+05
2015 12 27  1125   57383  41100   5.03e+00  1.55e-01  1.26e-01  8.27e-02  7.29e-02  5.29e-02  5.00e+04  1.23e+03 -1.00e+05
2015 12 27  1130   57383  41400   6.56e+00  2.49e-01  1.43e-01  8.52e-02  7.54e-02  5.54e-02  4.69e+04  1.10e+03 -1.00e+05
2015 12 27  1135   57383  41700   8.61e+00  3.08e-01  1.22e-01  7.53e-02  6.55e-02  4.55e-02  4.61e+04  1.07e+03 -1.00e+05
2015 12 27  1140   57383  42000   4.34e+00  1.23e-01  9.51e-02  5.13e-02  4.15e-02  2.15e-02  4.66e+04  1.09e+03 -1.00e+05
2015 12 27  1145   57383  42300   6.72e+00  2.87e-01  1.63e-01  1.02e-01  8.49e-02  3.48e-02  4.78e+04  1.14e+03 -1.00e+05
2015 12 27  1150   57383  42600   4.40e+00  2.29e-01  2.01e-01  1.43e-01  1.19e-01  7.16e-02  4.78e+04  1.20e+03 -1.00e+05
2015 12 27  1155   57383  42900   8.21e+00  2.72e-01  1.33e-01  8.62e-02  6.99e-02  4.80e-02  4.77e+04  1.20e+03 -1.00e+05
2015 12 27  1200   57383  43200   8.21e+00  2.82e-01  2.40e-01  1.49e-01  7.80e-02  2.87e-02  4.68e+04  1.25e+03 -1.00e+05
2015 12 27  1205   57383  43500   5.03e+00  1.56e-01  1.28e-01  8.36e-02  5.65e-02  2.47e-02  4.60e+04  1.19e+03 -1.00e+05
2015 12 27  1210   57383  43800   6.50e+00  1.40e-01  1.12e-01  6.79e-02  5.81e-02  3.81e-02  4.66e+04  1.17e+03 -1.00e+05
2015 12 27  1215   57383  44100   6.88e+00  1.95e-01  1.37e-01  8.80e-02  7.22e-02  5.04e-02  4.66e+04  1.21e+03 -1.00e+05
2015 12 27  1220   57383  44400   6.04e+00  2.08e-01  1.80e-01  7.28e-02  6.30e-02  4.30e-02  4.76e+04  1.26e+03 -1.00e+05
2015 12 27  1225   57383  44700   6.14e+00  2.25e-01  1.97e-01  1.17e-01  1.08e-01  5.82e-02  4.66e+04  1.28e+03 -1.00e+05
2015 12 27  1230   57383  45000   6.65e+00  1.63e-01  1.07e-01  5.77e-02  4.58e-02  2.27e-02  4.66e+04  1.23e+03 -1.00e+05
2015 12 27  1235   57383  45300   5.61e+00  1.84e-01  1.56e-01  1.11e-01  7.19e-02  4.58e-02  4.61e+04  1.21e+03 -1.00e+05
2015 12 27  1240   57383  45600   5.64e+00  3.14e-01  2.86e-01  1.25e-01  9.99e-02  6.19e-02  4.43e+04  1.18e+03 -1.00e+05
2015 12 27  1245   57383  45900   5.38e+00  1.39e-01  1.11e-01  6.71e-02  4.51e-02  2.15e-02  4.47e+04  1.20e+03 -1.00e+05
2015 12 27  1250   57383  46200   8.51e+00  2.38e-01  1.23e-01  7.49e-02  4.81e-02  2.32e-02  4.53e+04  1.22e+03 -1.00e+05
2015 12 27  1255   57383  46500   5.56e+00  1.24e-01  9.60e-02  5.13e-02  4.15e-02  2.15e-02  4.60e+04  1.24e+03 -1.00e+05
2015 12 27  1300   57383  46800   7.03e+00  2.21e-01  1.21e-01  6.40e-02  5.21e-02  2.47e-02  4.40e+04  1.20e+03 -1.00e+05
2015 12 27  1305   57383  47100   7.05e+00  2.61e-01  1.55e-01  9.60e-02  5.26e-02  2.27e-02  4.70e+04  1.25e+03 -1.00e+05
2015 12 27  1310   57383  47400   5.81e+00  2.58e-01  2.30e-01  1.85e-01  1.42e-01  5.09e-02  4.66e+04  1.20e+03 -1.00e+05
2015 12 27  1315   57383  47700   8.22e+00  3.41e-01  1.96e-01  1.49e-01  1.31e-01  7.74e-02  3.75e+04  1.06e+03 -1.00e+05
2015 12 27  1320   57383  48000   1.50e+01  2.64e-01  1.24e-01  7.73e-02  5.83e-02  3.56e-02  4.60e+04  1.13e+03 -1.00e+05
2015 12 27  1325   57383  48300   7.08e+00  1.62e-01  1.02e-01  5.30e-02  4.32e-02  2.32e-02  4.36e+04  1.15e+03 -1.00e+05
2015 12 27  1330   57383  48600   1.05e+01  3.51e-01  2.36e-01  1.05e-01  9.57e-02  4.01e-02  4.46e+04  1.14e+03 -1.00e+05
2015 12 27  1335   57383  48900   1.02e+01  1.63e-01  1.04e-01  5.40e-02  4.21e-02  2.15e-02  4.79e+04  1.21e+03 -1.00e+05
2015 12 27  1340   57383  49200   8.64e+00  1.42e-01  1.14e-01  7.03e-02  6.06e-02  4.05e-02  4.80e+04  1.23e+03 -1.00e+05
2015 12 27  1345   57383  49500   1.12e+01  1.29e-01  1.01e-01  5.70e-02  4.60e-02  2.57e-02  4.88e+04  1.27e+03 -1.00e+05
2015 12 27  1350   57383  49800   1.46e+01  1.67e-01  1.08e-01  5.88e-02  4.84e-02  2.81e-02  4.47e+04  1.01e+03 -1.00e+05
2015 12 27  1355   57383  50100   1.26e+01  2.87e-01  1.80e-01  1.21e-01  7.65e-02  5.04e-02  4.05e+04  9.71e+02 -1.00e+05
2015 12 27  1400   57383  50400   9.25e+00  1.75e-01  1.47e-01  1.02e-01  6.41e-02  3.81e-02  5.12e+04  1.05e+03 -1.00e+05
2015 12 27  1405   57383  50700   1.24e+01  1.71e-01  1.43e-01  9.89e-02  8.91e-02  3.68e-02  4.84e+04  1.12e+03 -1.00e+05
2015 12 27  1410   57383  51000   2.01e+01  1.57e-01  1.29e-01  8.52e-02  7.54e-02  5.54e-02  5.32e+04  1.30e+03 -1.00e+05
2015 12 27  1415   57383  51300   5.31e+01  2.08e-01  1.80e-01  1.37e-01  1.27e-01  4.89e-02  6.17e+04  1.56e+03 -1.00e+05
2015 12 27  1420   57383  51600   3.32e+02  2.80e-01  1.42e-01  9.51e-02  8.53e-02  6.53e-02  6.47e+04  1.64e+03 -1.00e+05
2015 12 27  1425   57383  51900   6.90e+02  5.98e-01  2.62e-01  8.77e-02  7.79e-02  5.79e-02  6.54e+04  1.87e+03 -1.00e+05
2015 12 27  1430   57383  52200   3.48e+02  1.23e-01  9.51e-02  5.13e-02  4.15e-02  2.15e-02  7.27e+04  2.21e+03 -1.00e+05
2015 12 27  1435   57383  52500   2.13e+02  1.24e-01  9.60e-02  5.13e-02  4.15e-02  2.15e-02  7.02e+04  2.15e+03 -1.00e+05
2015 12 27  1440   57383  52800   1.08e+02  1.23e-01  9.51e-02  5.13e-02  4.15e-02  2.15e-02  7.11e+04  2.40e+03 -1.00e+05
2015 12 27  1445   57383  53100   6.46e+01  2.18e-01  1.90e-01  1.43e-01  7.79e-02  2.87e-02  7.53e+04  2.56e+03 -1.00e+05
2015 12 27  1450   57383  53400   6.93e+01  3.38e-01  2.00e-01  1.37e-01  1.27e-01  4.89e-02  7.53e+04  2.77e+03 -1.00e+05
2015 12 27  1455   57383  53700   5.14e+01  2.38e-01  1.25e-01  7.78e-02  6.80e-02  4.80e-02  7.24e+04  2.79e+03 -1.00e+05
2015 12 27  1500   57383  54000   5.33e+01  2.66e-01  1.27e-01  8.02e-02  7.05e-02  5.04e-02  6.75e+04  2.40e+03 -1.00e+05
2015 12 27  1505   57383  54300   2.06e+01  2.02e-01  1.74e-01  5.13e-02  4.15e-02  2.15e-02  6.49e+04  2.48e+03 -1.00e+05
2015 12 27  1510   57383  54600   2.59e+01  2.74e-01  2.46e-01  1.99e-01  1.26e-01  5.31e-02  7.20e+04  2.84e+03 -1.00e+05
2015 12 27  1515   57383  54900   2.41e+01  1.23e-01  9.51e-02  5.13e-02  4.15e-02  2.15e-02  7.09e+04  2.92e+03 -1.00e+05
2015 12 27  1520   57383  55200   2.18e+01  1.61e-01  1.33e-01  8.90e-02  7.93e-02  4.32e-02  7.12e+04  3.01e+03 -1.00e+05
2015 12 27  1525   57383  55500   3.56e+01  2.13e-01  9.82e-02  5.13e-02  4.15e-02  2.15e-02  7.52e+04  3.28e+03 -1.00e+05
2015 12 27  1530   57383  55800   2.21e+01  1.44e-01  1.16e-01  7.26e-02  6.28e-02  4.28e-02  7.53e+04  3.30e+03 -1.00e+05
2015 12 27  1535   57383  56100   4.05e+01  5.91e-01  3.08e-01  8.02e-02  4.80e-02  2.15e-02  7.33e+04  3.13e+03 -1.00e+05
2015 12 27  1540   57383  56400   1.86e+01  1.99e-01  1.71e-01  1.26e-01  8.66e-02  5.79e-02  7.31e+04  3.17e+03 -1.00e+05
2015 12 27  1545   57383  56700   2.03e+01  1.27e-01  9.88e-02  5.50e-02  4.52e-02  2.27e-02  7.71e+04  3.39e+03 -1.00e+05
2015 12 27  1550   57383  57000   2.30e+01  1.82e-01  1.54e-01  1.11e-01  1.01e-01  6.02e-02  7.60e+04  3.41e+03 -1.00e+05
2015 12 27  1555   57383  57300   3.99e+01  2.27e-01  1.19e-01  6.05e-02  4.36e-02  2.15e-02  7.93e+04  3.74e+03 -1.00e+05
2015 12 27  1600   57383  57600   2.81e+01  2.45e-01  2.17e-01  9.20e-02  4.76e-02  2.15e-02  8.08e+04  4.01e+03 -1.00e+05
2015 12 27  1605   57383  57900   2.54e+01  1.76e-01  1.48e-01  8.12e-02  7.14e-02  2.26e-02  7.81e+04  3.67e+03 -1.00e+05
2015 12 27  1610   57383  58200   3.00e+01  1.66e-01  1.38e-01  9.33e-02  5.10e-02  2.15e-02  8.19e+04  4.18e+03 -1.00e+05
2015 12 27  1615   57383  58500   2.91e+01  2.37e-01  2.09e-01  1.62e-01  9.37e-02  4.13e-02  8.72e+04  4.63e+03 -1.00e+05
2015 12 27  1620   57383  58800   3.78e+01  1.96e-01  1.68e-01  1.24e-01  1.10e-01  6.96e-02  8.42e+04  4.45e+03 -1.00e+05
2015 12 27  1625   57383  59100   3.27e+01  2.19e-01  1.91e-01  8.36e-02  5.65e-02  2.47e-02  8.81e+04  4.91e+03 -1.00e+05
2015 12 27  1630   57383  59400   3.63e+01  1.57e-01  1.29e-01  8.52e-02  7.54e-02  5.54e-02  8.71e+04  4.70e+03 -1.00e+05
2015 12 27  1635   57383  59700   2.96e+01  1.69e-01  1.41e-01  9.76e-02  8.78e-02  6.78e-02  8.48e+04  4.48e+03 -1.00e+05
2015 12 27  1640   57383  60000   3.41e+01  1.33e-01  1.05e-01  6.05e-02  4.36e-02  2.15e-02  8.79e+04  5.15e+03 -1.00e+05
2015 12 27  1645   57383  60300   3.85e+01  1.23e-01  9.51e-02  5.13e-02  4.15e-02  2.15e-02  9.31e+04  5.20e+03 -1.00e+05
2015 12 27  1650   57383  60600   5.70e+01  2.22e-01  1.11e-01  6.36e-02  5.27e-02  2.78e-02  9.08e+04  5.27e+03 -1.00e+05
2015 12 27  1655   57383  60900   3.76e+01  1.92e-01  1.50e-01  1.03e-01  7.06e-02  2.87e-02  8.79e+04  4.85e+03 -1.00e+05
2015 12 27  1700   57383  61200   5.89e+01  2.64e-01  9.98e-02  5.30e-02  4.32e-02  2.32e-02  8.95e+04  5.18e+03 -1.00e+05
2015 12 27  1705   57383  61500   3.19e+01  1.72e-01  1.44e-01  9.93e-02  7.28e-02  4.80e-02  9.18e+04  5.12e+03 -1.00e+05
2015 12 27  1710   57383  61800   2.65e+01  2.08e-01  1.80e-01  1.34e-01  8.69e-02  5.59e-02  8.69e+04  4.69e+03 -1.00e+05
2015 12 27  1715   57383  62100   5.66e+01  4.16e-01  2.37e-01  1.05e-01  8.76e-02  6.53e-02  9.00e+04  5.10e+03 -1.00e+05
2015 12 27  1720   57383  62400   3.28e+01  1.47e-01  1.19e-01  7.51e-02  6.53e-02  3.36e-02  9.28e+04  5.16e+03 -1.00e+05
2015 12 27  1725   57383  62700   3.53e+01  1.48e-01  1.20e-01  7.61e-02  6.38e-02  4.30e-02  9.08e+04  4.86e+03 -1.00e+05
2015 12 27  1730   57383  63000   5.75e+01  2.38e-01  9.81e-02  5.13e-02  4.15e-02  2.15e-02  8.44e+04  4.85e+03 -1.00e+05
2015 12 27  1735   57383  63300   3.29e+01  2.05e-01  1.77e-01  1.33e-01  1.16e-01  4.48e-02  9.04e+04  4.69e+03 -1.00e+05
2015 12 27  1740   57383  63600   3.20e+01  1.23e-01  9.51e-02  5.13e-02  4.15e-02  2.15e-02  9.18e+04  4.90e+03 -1.00e+05
2015 12 27  1745   57383  63900   3.26e+01  2.39e-01  2.11e-01  1.01e-01  8.67e-02  4.52e-02  8.75e+04  4.81e+03 -1.00e+05
2015 12 27  1750   57383  64200   3.37e+01  1.23e-01  9.51e-02  5.13e-02  4.15e-02  2.15e-02  9.22e+04  5.39e+03 -1.00e+05
2015 12 27  1755   57383  64500   3.54e+01  2.08e-01  1.80e-01  1.37e-01  1.27e-01  4.89e-02  9.59e+04  5.50e+03 -1.00e+05
2015 12 27  1800   57383  64800   2.89e+01  1.23e-01  9.51e-02  5.13e-02  4.15e-02  2.15e-02  8.79e+04  4.71e+03 -1.00e+05
2015 12 27  1805   57383  65100   3.03e+01  1.60e-01  1.32e-01  8.67e-02  4.95e-02  2.15e-02  8.92e+04  5.31e+03 -1.00e+05
2015 12 27  1810   57383  65400   3.20e+01  1.74e-01  1.46e-01  1.03e-01  9.28e-02  7.27e-02  9.53e+04  5.40e+03 -1.00e+05
2015 12 27  1815   57383  65700   6.34e+01  5.08e-01  2.99e-01  8.62e-02  4.76e-02  2.15e-02  8.98e+04  5.31e+03 -1.00e+05
2015 12 27  1820   57383  66000   6.40e+01  2.97e-01  1.89e-01  5.13e-02  4.15e-02  2.15e-02  1.01e+05  6.33e+03 -1.00e+05
2015 12 27  1825   57383  66300   4.20e+01  1.87e-01  1.59e-01  1.15e-01  9.27e-02  3.68e-02  8.92e+04  4.76e+03 -1.00e+05
2015 12 27  1830   57383  66600   4.70e+01  1.75e-01  1.40e-01  9.53e-02  8.55e-02  4.52e-02  9.55e+04  5.87e+03 -1.00e+05
2015 12 27  1835   57383  66900   5.75e+01  2.39e-01  1.80e-01  5.13e-02  4.15e-02  2.15e-02  9.74e+04  5.55e+03 -1.00e+05
2015 12 27  1840   57383  67200   4.95e+01  2.18e-01  1.90e-01  6.71e-02  4.51e-02  2.15e-02  9.30e+04  5.88e+03 -1.00e+05
2015 12 27  1845   57383  67500   4.46e+01  1.23e-01  9.51e-02  5.13e-02  4.15e-02  2.15e-02  9.67e+04  5.32e+03 -1.00e+05
2015 12 27  1850   57383  67800   7.64e+01  2.99e-01  1.35e-01  8.67e-02  4.95e-02  2.15e-02  9.02e+04  5.14e+03 -1.00e+05
2015 12 27  1855   57383  68100   4.04e+01  1.99e-01  1.71e-01  1.26e-01  9.33e-02  4.89e-02  8.96e+04  5.09e+03 -1.00e+05
2015 12 27  1900   57383  68400   5.39e+01  1.85e-01  1.27e-01  7.78e-02  6.80e-02  4.80e-02  9.74e+04  5.70e+03 -1.00e+05
2015 12 27  1905   57383  68700   4.34e+01  1.95e-01  1.67e-01  1.22e-01  7.98e-02  3.07e-02  9.18e+04  4.87e+03 -1.00e+05
2015 12 27  1910   57383  69000   4.36e+01  2.02e-01  1.74e-01  5.13e-02  4.15e-02  2.15e-02  8.38e+04  4.88e+03 -1.00e+05
2015 12 27  1915   57383  69300   4.95e+01  2.13e-01  1.85e-01  1.38e-01  6.96e-02  2.67e-02  9.31e+04  5.72e+03 -1.00e+05
2015 12 27  1920   57383  69600   7.84e+01  2.40e-01  1.33e-01  7.53e-02  6.55e-02  4.55e-02  9.42e+04  5.44e+03 -1.00e+05
2015 12 27  1925   57383  69900   5.74e+01  1.69e-01  1.41e-01  9.63e-02  5.49e-02  2.57e-02  9.12e+04  5.49e+03 -1.00e+05
2015 12 27  1930   57383  70200   5.93e+01  1.75e-01  1.47e-01  1.02e-01  6.97e-02  4.30e-02  8.79e+04  5.45e+03 -1.00e+05
2015 12 27  1935   57383  70500   1.25e+02  2.62e-01  9.81e-02  5.13e-02  4.15e-02  2.15e-02  9.85e+04  6.63e+03 -1.00e+05
2015 12 27  1940   57383  70800   6.72e+01  1.40e-01  1.12e-01  6.71e-02  4.51e-02  2.15e-02  9.72e+04  5.82e+03 -1.00e+05
2015 12 27  1945   57383  71100   8.71e+01  2.81e-01  1.75e-01  1.16e-01  8.04e-02  5.29e-02  9.16e+04  5.83e+03 -1.00e+05
2015 12 27  1950   57383  71400   7.65e+01  1.63e-01  1.04e-01  5.40e-02  4.21e-02  2.15e-02  9.35e+04  5.92e+03 -1.00e+05
2015 12 27  1955   57383  71700   1.08e+02  4.23e-01  2.08e-01  7.03e-02  6.06e-02  4.05e-02  9.52e+04  5.70e+03 -1.00e+05
2015 12 27  2000   57383  72000   7.54e+01  1.82e-01  1.26e-01  7.67e-02  6.69e-02  4.69e-02  9.35e+04  5.79e+03 -1.00e+05
2015 12 27  2005   57383  72300   6.58e+01  1.23e-01  9.51e-02  5.13e-02  4.15e-02  2.15e-02  9.83e+04  6.09e+03 -1.00e+05
2015 12 27  2010   57383  72600   1.14e+02  2.91e-01  1.46e-01  9.89e-02  8.91e-02  3.68e-02  9.82e+04  6.16e+03 -1.00e+05
2015 12 27  2015   57383  72900   6.63e+01  1.52e-01  1.24e-01  8.01e-02  7.03e-02  3.07e-02  9.32e+04  6.07e+03 -1.00e+05
2015 12 27  2020   57383  73200   9.03e+01  1.60e-01  1.01e-01  5.13e-02  4.15e-02  2.15e-02  1.02e+05  6.85e+03 -1.00e+05
2015 12 27  2025   57383  73500   1.19e+02  2.18e-01  1.08e-01  6.13e-02  5.15e-02  2.47e-02  1.00e+05  6.54e+03 -1.00e+05
2015 12 27  2030   57383  73800   7.23e+01  1.75e-01  1.47e-01  1.03e-01  7.06e-02  2.87e-02  1.00e+05  6.77e+03 -1.00e+05
2015 12 27  2035   57383  74100   6.90e+01  1.36e-01  1.08e-01  6.40e-02  5.21e-02  2.47e-02  9.86e+04  6.47e+03 -1.00e+05
2015 12 27  2040   57383  74400   1.30e+02  2.76e-01  1.36e-01  8.78e-02  4.76e-02  2.15e-02  9.86e+04  6.60e+03 -1.00e+05
2015 12 27  2045   57383  74700   7.70e+01  2.34e-01  2.06e-01  1.30e-01  1.13e-01  7.50e-02  1.01e+05  6.81e+03 -1.00e+05
2015 12 27  2050   57383  75000   7.85e+01  1.49e-01  1.21e-01  7.73e-02  6.76e-02  4.75e-02  1.04e+05  7.01e+03 -1.00e+05
2015 12 27  2055   57383  75300   8.49e+01  2.06e-01  1.78e-01  1.33e-01  9.10e-02  6.17e-02  1.03e+05  7.06e+03 -1.00e+05
2015 12 27  2100   57383  75600   8.09e+01  1.96e-01  1.68e-01  1.25e-01  1.15e-01  6.97e-02  1.02e+05  7.01e+03 -1.00e+05
2015 12 27  2105   57383  75900   4.68e+01  1.23e-01  9.51e-02  5.13e-02  4.15e-02  2.15e-02  9.10e+04  4.89e+03 -1.00e+05
2015 12 27  2110   57383  76200   5.95e+01  1.77e-01  1.17e-01  6.71e-02  4.51e-02  2.15e-02  8.35e+04  5.12e+03 -1.00e+05
2015 12 27  2115   57383  76500   5.31e+01  1.96e-01  1.68e-01  1.24e-01  1.14e-01  4.48e-02  9.54e+04  5.82e+03 -1.00e+05
2015 12 27  2120   57383  76800   4.56e+01  1.87e-01  1.59e-01  1.15e-01  8.59e-02  6.03e-02  8.88e+04  4.72e+03 -1.00e+05
2015 12 27  2125   57383  77100   4.52e+01  1.48e-01  1.20e-01  5.13e-02  4.15e-02  2.15e-02  8.18e+04  4.67e+03 -1.00e+05
2015 12 27  2130   57383  77400   6.50e+01  3.34e-01  2.74e-01  9.33e-02  5.10e-02  2.15e-02  8.84e+04  5.14e+03 -1.00e+05
2015 12 27  2135   57383  77700   7.14e+01  1.42e-01  1.14e-01  7.01e-02  4.90e-02  2.57e-02  9.21e+04  5.72e+03 -1.00e+05
2015 12 27  2140   57383  78000   9.98e+01  2.39e-01  1.80e-01  5.13e-02  4.15e-02  2.15e-02  9.97e+04  6.43e+03 -1.00e+05
2015 12 27  2145   57383  78300   1.17e+02  2.82e-01  1.91e-01  1.34e-01  7.75e-02  2.87e-02  9.37e+04  5.72e+03 -1.00e+05
2015 12 27  2150   57383  78600   8.40e+01  1.23e-01  9.51e-02  5.13e-02  4.15e-02  2.15e-02  8.97e+04  6.04e+03 -1.00e+05
2015 12 27  2155   57383  78900   9.92e+01  1.70e-01  1.10e-01  6.05e-02  4.36e-02  2.15e-02  9.68e+04  6.30e+03 -1.00e+05
2015 12 27  2200   57383  79200   1.76e+02  4.45e-01  1.66e-01  1.20e-01  9.66e-02  5.09e-02  9.14e+04  5.03e+03 -1.00e+05
2015 12 27  2205   57383  79500   1.37e+02  2.71e-01  1.31e-01  8.32e-02  5.19e-02  2.57e-02  9.34e+04  6.21e+03 -1.00e+05
2015 12 27  2210   57383  79800   9.39e+01  2.61e-01  1.55e-01  9.76e-02  8.78e-02  6.78e-02  9.34e+04  4.92e+03 -1.00e+05
2015 12 27  2215   57383  80100   6.08e+01  1.23e-01  9.51e-02  5.13e-02  4.15e-02  2.15e-02  8.72e+04  4.90e+03 -1.00e+05
2015 12 27  2220   57383  80400   5.96e+01  1.71e-01  1.43e-01  9.89e-02  8.91e-02  3.68e-02  8.50e+04  4.68e+03 -1.00e+05
2015 12 27  2225   57383  80700   7.10e+01  2.62e-01  2.03e-01  7.36e-02  4.65e-02  2.15e-02  9.09e+04  4.91e+03 -1.00e+05
2015 12 27  2230   57383  81000   8.86e+01  2.15e-01  9.94e-02  5.13e-02  4.15e-02  2.15e-02  8.70e+04  4.59e+03 -1.00e+05
2015 12 27  2235   57383  81300   8.96e+01  2.64e-01  1.50e-01  1.03e-01  7.75e-02  5.29e-02  8.36e+04  4.39e+03 -1.00e+05
2015 12 27  2240   57383  81600   5.30e+01  1.58e-01  1.30e-01  8.64e-02  7.66e-02  3.27e-02  8.72e+04  4.61e+03 -1.00e+05
2015 12 27  2245   57383  81900   5.50e+01  1.30e-01  1.02e-01  5.79e-02  4.82e-02  2.81e-02  8.79e+04  4.52e+03 -1.00e+05
2015 12 27  2250   57383  82200   5.74e+01  1.33e-01  1.05e-01  6.13e-02  5.15e-02  2.47e-02  8.81e+04  4.81e+03 -1.00e+05
2015 12 27  2255   57383  82500   5.33e+01  1.70e-01  1.42e-01  9.75e-02  7.05e-02  4.55e-02  8.73e+04  4.53e+03 -1.00e+05
2015 12 27  2300   57383  82800   9.65e+01  3.06e-01  1.47e-01  1.00e-01  9.02e-02  6.35e-02  8.66e+04  4.39e+03 -1.00e+05
2015 12 27  2305   57383  83100   5.49e+01  1.42e-01  1.14e-01  7.01e-02  4.90e-02  2.57e-02  7.88e+04  4.12e+03 -1.00e+05
2015 12 27  2310   57383  83400   4.63e+01  1.23e-01  9.51e-02  5.13e-02  4.15e-02  2.15e-02  8.89e+04  4.47e+03 -1.00e+05
2015 12 27  2315   57383  83700   3.95e+01  1.85e-01  1.57e-01  1.14e-01  1.04e-01  4.94e-02  7.70e+04  3.38e+03 -1.00e+05
2015 12 27  2320   57383  84000   4.01e+01  2.33e-01  2.05e-01  1.33e-01  1.21e-01  4.68e-02  7.18e+04  3.45e+03 -1.00e+05
2015 12 27  2325   57383  84300   5.75e+01  1.95e-01  1.39e-01  8.97e-02  7.99e-02  5.99e-02  7.78e+04  3.68e+03 -1.00e+05
2015 12 27  2330   57383  84600   4.66e+01  4.02e-01  3.74e-01  9.55e-02  4.75e-02  2.15e-02  8.14e+04  3.67e+03 -1.00e+05
2015 12 27  2335   57383  84900   5.44e+01  2.11e-01  1.51e-01  9.98e-02  5.24e-02  2.15e-02  7.58e+04  3.29e+03 -1.00e+05
2015 12 27  2340   57383  85200   3.98e+01  1.24e-01  9.60e-02  5.13e-02  4.15e-02  2.15e-02  7.40e+04  3.40e+03 -1.00e+05
2015 12 27  2345   57383  85500   6.15e+01  3.80e-01  2.33e-01  9.70e-02  5.47e-02  2.27e-02  7.32e+04  3.04e+03 -1.00e+05
2015 12 27  2350   57383  85800   5.92e+01  2.15e-01  9.94e-02  5.13e-02  4.15e-02  2.15e-02  7.33e+04  3.03e+03 -1.00e+05
2015 12 27  2355   57383  86100   3.53e+01  1.73e-01  1.45e-01  9.98e-02  5.24e-02  2.15e-02  7.15e+04  3.01e+03 -1.00e+05
