:Data_list: 20151102_Gp_part_5m.txt
:Created: 2015 Nov 03 0011 UTC
# Prepared by the U.S. Dept. of Commerce, NOAA, Space Weather Prediction Center
# Please send comments and suggestions to SWPC.Webmaster@noaa.gov 
# 
# Label: P > 1 = Particles at >1 Mev
# Label: P > 5 = Particles at >5 Mev
# Label: P >10 = Particles at >10 Mev
# Label: P >30 = Particles at >30 Mev
# Label: P >50 = Particles at >50 Mev
# Label: P>100 = Particles at >100 Mev
# Label: E>0.8 = Electrons at >0.8 Mev
# Label: E>2.0 = Electrons at >2.0 Mev
# Label: E>4.0 = Electrons at >4.0 Mev
# Units: Particles = Protons/cm2-s-sr
# Units: Electrons = Electrons/cm2-s-sr
# Source: GOES-13
# Location: W075
# Missing data: -1.00e+05
#
#                      5-minute  GOES-13 Solar Particle and Electron Flux
#
#                 Modified Seconds
# UTC Date  Time   Julian  of the
# YR MO DA  HHMM    Day     Day     P > 1     P > 5     P >10     P >30     P >50     P>100     E>0.8     E>2.0     E>4.0
#-------------------------------------------------------------------------------------------------------------------------
2015 11 02  0000   57328      0   2.75e+00  2.58e-01  1.26e-01  7.95e-02  6.85e-02  4.77e-02  2.12e+03  1.33e-01 -1.00e+05
2015 11 02  0005   57328    300   1.37e+00  1.21e-01  9.62e-02  5.37e-02  4.27e-02  2.18e-02  2.13e+03  1.36e-01 -1.00e+05
2015 11 02  0010   57328    600   1.54e+00  1.75e-01  1.29e-01  8.30e-02  7.12e-02  5.01e-02  2.14e+03  1.33e-01 -1.00e+05
2015 11 02  0015   57328    900   1.88e+00  2.36e-01  1.39e-01  9.21e-02  6.92e-02  2.92e-02  2.10e+03  1.33e-01 -1.00e+05
2015 11 02  0020   57328   1200   1.99e+00  2.29e-01  1.23e-01  7.70e-02  6.60e-02  4.52e-02  2.11e+03  1.33e-01 -1.00e+05
2015 11 02  0025   57328   1500   1.46e+00  1.58e-01  1.11e-01  6.03e-02  4.88e-02  2.78e-02  2.13e+03  5.14e-01 -1.00e+05
2015 11 02  0030   57328   1800   1.93e+00  2.16e-01  1.17e-01  7.04e-02  5.95e-02  2.72e-02  2.10e+03  1.33e-01 -1.00e+05
2015 11 02  0035   57328   2100   1.38e+00  1.47e-01  1.22e-01  7.95e-02  6.85e-02  4.77e-02  2.08e+03  1.33e-01 -1.00e+05
2015 11 02  0040   57328   2400   1.74e+00  2.80e-01  9.96e-02  5.37e-02  4.27e-02  2.18e-02  2.10e+03  1.74e+00 -1.00e+05
2015 11 02  0045   57328   2700   1.03e+00  1.43e-01  1.19e-01  7.45e-02  6.36e-02  4.27e-02  2.03e+03  6.12e-01 -1.00e+05
2015 11 02  0050   57328   3000   1.37e+00  1.67e-01  1.42e-01  9.93e-02  8.83e-02  6.75e-02  2.00e+03  1.33e-01 -1.00e+05
2015 11 02  0055   57328   3300   1.80e+00  2.57e-01  9.97e-02  5.37e-02  4.27e-02  2.18e-02  1.94e+03  1.65e+00 -1.00e+05
2015 11 02  0100   57328   3600   1.08e+00  1.44e-01  1.20e-01  7.70e-02  6.60e-02  4.52e-02  1.96e+03  1.33e-01 -1.00e+05
2015 11 02  0105   57328   3900   1.54e+00  2.05e-01  1.80e-01  5.37e-02  4.27e-02  2.18e-02  1.97e+03  1.33e-01 -1.00e+05
2015 11 02  0110   57328   4200   1.27e+00  1.64e-01  1.16e-01  6.91e-02  4.62e-02  2.18e-02  1.98e+03  1.33e-01 -1.00e+05
2015 11 02  0115   57328   4500   1.27e+00  1.41e-01  1.17e-01  7.20e-02  6.11e-02  4.02e-02  1.97e+03  1.36e+00 -1.00e+05
2015 11 02  0120   57328   4800   1.92e+00  2.29e-01  1.37e-01  8.28e-02  7.18e-02  5.10e-02  1.96e+03  1.33e-01 -1.00e+05
2015 11 02  0125   57328   5100   1.85e+00  3.12e-01  2.16e-01  7.56e-02  4.76e-02  2.18e-02  1.90e+03  1.33e-01 -1.00e+05
2015 11 02  0130   57328   5400   1.67e+00  2.16e-01  1.09e-01  6.25e-02  4.47e-02  2.18e-02  1.89e+03  1.33e-01 -1.00e+05
2015 11 02  0135   57328   5700   1.40e+00  2.07e-01  9.98e-02  5.37e-02  4.27e-02  2.18e-02  1.86e+03  1.33e-01 -1.00e+05
2015 11 02  0140   57328   6000   1.15e+00  2.85e-01  2.40e-01  1.18e-01  8.87e-02  6.25e-02  1.87e+03  1.33e-01 -1.00e+05
2015 11 02  0145   57328   6300   1.74e+00  2.62e-01  1.31e-01  8.47e-02  7.37e-02  5.28e-02  1.89e+03  1.33e-01 -1.00e+05
2015 11 02  0150   57328   6600   1.17e+00  1.70e-01  1.23e-01  7.56e-02  4.76e-02  2.18e-02  1.91e+03  1.33e-01 -1.00e+05
2015 11 02  0155   57328   6900   2.35e+00  3.74e-01  1.75e-01  6.71e-02  5.61e-02  3.53e-02  1.95e+03  1.33e-01 -1.00e+05
2015 11 02  0200   57328   7200   1.87e+00  2.41e-01  1.45e-01  8.87e-02  5.06e-02  2.18e-02  1.93e+03  1.33e-01 -1.00e+05
2015 11 02  0205   57328   7500   1.03e+00  1.64e-01  1.39e-01  9.68e-02  8.58e-02  6.50e-02  1.95e+03  1.33e-01 -1.00e+05
2015 11 02  0210   57328   7800   2.53e+00  2.80e-01  9.96e-02  5.37e-02  4.27e-02  2.18e-02  1.97e+03  1.49e+00 -1.00e+05
2015 11 02  0215   57328   8100   1.31e+00  1.32e-01  1.07e-01  5.97e-02  4.87e-02  2.78e-02  1.98e+03  1.33e-01 -1.00e+05
2015 11 02  0220   57328   8400   9.23e-01  1.82e-01  1.57e-01  1.14e-01  1.03e-01  4.13e-02  1.96e+03  2.25e-01 -1.00e+05
2015 11 02  0225   57328   8700   1.09e+00  1.49e-01  1.20e-01  7.67e-02  6.57e-02  2.92e-02  1.96e+03  1.33e-01 -1.00e+05
2015 11 02  0230   57328   9000   1.41e+00  1.48e-01  1.00e-01  5.37e-02  4.27e-02  2.18e-02  1.95e+03  1.33e-01 -1.00e+05
2015 11 02  0235   57328   9300   2.24e+00  2.94e-01  1.61e-01  1.15e-01  1.04e-01  4.21e-02  1.89e+03  1.33e-01 -1.00e+05
2015 11 02  0240   57328   9600   1.25e+00  1.62e-01  1.16e-01  6.96e-02  5.86e-02  3.77e-02  1.86e+03  1.33e-01 -1.00e+05
2015 11 02  0245   57328   9900   1.08e+00  1.69e-01  1.45e-01  1.02e-01  7.93e-02  5.52e-02  1.85e+03  1.33e-01 -1.00e+05
2015 11 02  0250   57328  10200   9.34e-01  1.94e-01  1.69e-01  1.27e-01  1.16e-01  4.54e-02  1.84e+03  1.33e-01 -1.00e+05
2015 11 02  0255   57328  10500   1.27e+00  2.41e-01  1.08e-01  6.21e-02  5.12e-02  3.03e-02  1.78e+03  1.33e-01 -1.00e+05
2015 11 02  0300   57328  10800   1.42e+00  2.39e-01  1.45e-01  8.95e-02  7.27e-02  5.01e-02  1.76e+03  1.33e-01 -1.00e+05
2015 11 02  0305   57328  11100   1.55e+00  2.15e-01  1.11e-01  6.48e-02  5.39e-02  2.78e-02  1.77e+03  1.33e-01 -1.00e+05
2015 11 02  0310   57328  11400   7.96e-01  1.37e-01  1.12e-01  6.96e-02  5.86e-02  3.77e-02  1.76e+03  7.08e-01 -1.00e+05
2015 11 02  0315   57328  11700   2.08e+00  5.05e-01  2.12e-01  7.70e-02  6.60e-02  4.52e-02  1.71e+03  1.33e-01 -1.00e+05
2015 11 02  0320   57328  12000   2.12e+00  3.46e-01  1.02e-01  5.60e-02  4.32e-02  2.18e-02  1.72e+03  1.33e-01 -1.00e+05
2015 11 02  0325   57328  12300   1.41e+00  2.05e-01  1.09e-01  5.37e-02  4.27e-02  2.18e-02  1.72e+03  1.33e-01 -1.00e+05
2015 11 02  0330   57328  12600   1.23e+00  2.07e-01  9.98e-02  5.37e-02  4.27e-02  2.18e-02  1.72e+03  1.33e-01 -1.00e+05
2015 11 02  0335   57328  12900   1.34e+00  2.11e-01  1.15e-01  5.37e-02  4.27e-02  2.18e-02  1.71e+03  9.34e-01 -1.00e+05
2015 11 02  0340   57328  13200   8.28e-01  1.51e-01  1.26e-01  5.37e-02  4.27e-02  2.18e-02  1.68e+03  1.33e-01 -1.00e+05
2015 11 02  0345   57328  13500   1.65e+00  4.09e-01  1.71e-01  5.60e-02  4.32e-02  2.18e-02  1.65e+03  1.57e+00 -1.00e+05
2015 11 02  0350   57328  13800   1.06e+00  2.52e-01  1.45e-01  9.77e-02  5.71e-02  3.03e-02  1.62e+03  1.33e-01 -1.00e+05
2015 11 02  0355   57328  14100   1.49e+00  2.96e-01  1.09e-01  5.72e-02  4.62e-02  2.54e-02  1.62e+03  2.57e-01 -1.00e+05
2015 11 02  0400   57328  14400   6.61e-01  1.51e-01  1.26e-01  5.37e-02  4.27e-02  2.18e-02  1.64e+03  8.87e-01 -1.00e+05
2015 11 02  0405   57328  14700   8.78e-01  1.71e-01  1.24e-01  7.16e-02  4.95e-02  2.54e-02  1.66e+03  1.33e-01 -1.00e+05
2015 11 02  0410   57328  15000   1.13e+00  1.99e-01  1.53e-01  7.70e-02  6.60e-02  4.52e-02  1.64e+03  2.28e-01 -1.00e+05
2015 11 02  0415   57328  15300   8.65e-01  1.21e-01  9.62e-02  5.37e-02  4.27e-02  2.18e-02  1.64e+03  1.33e-01 -1.00e+05
2015 11 02  0420   57328  15600   8.25e-01  1.21e-01  9.62e-02  5.37e-02  4.27e-02  2.18e-02  1.66e+03  1.33e-01 -1.00e+05
2015 11 02  0425   57328  15900   1.72e+00  2.08e-01  1.20e-01  6.65e-02  5.37e-02  2.52e-02  1.66e+03  4.75e-01 -1.00e+05
2015 11 02  0430   57328  16200   1.68e+00  2.35e-01  1.04e-01  5.79e-02  4.69e-02  2.32e-02  1.68e+03  1.33e-01 -1.00e+05
2015 11 02  0435   57328  16500   1.29e+00  2.38e-01  2.14e-01  7.56e-02  4.76e-02  2.18e-02  1.71e+03  9.10e-01 -1.00e+05
2015 11 02  0440   57328  16800   9.06e-01  1.27e-01  1.02e-01  5.37e-02  4.27e-02  2.18e-02  1.70e+03  1.33e-01 -1.00e+05
2015 11 02  0445   57328  17100   1.66e+00  2.07e-01  9.98e-02  5.37e-02  4.27e-02  2.18e-02  1.69e+03  1.33e-01 -1.00e+05
2015 11 02  0450   57328  17400   1.17e+00  1.27e-01  1.02e-01  5.37e-02  4.27e-02  2.18e-02  1.65e+03  1.61e+00 -1.00e+05
2015 11 02  0455   57328  17700   1.25e+00  2.41e-01  1.45e-01  5.97e-02  4.87e-02  2.78e-02  1.64e+03  1.33e-01 -1.00e+05
2015 11 02  0500   57328  18000   1.03e+00  1.27e-01  1.02e-01  5.37e-02  4.27e-02  2.18e-02  1.59e+03  2.26e+00 -1.00e+05
2015 11 02  0505   57328  18300   1.04e+00  1.37e-01  1.13e-01  6.71e-02  5.61e-02  3.53e-02  1.59e+03  1.33e-01 -1.00e+05
2015 11 02  0510   57328  18600   2.21e+00  4.22e-01  1.79e-01  1.31e-01  8.69e-02  6.00e-02  1.62e+03  1.33e-01 -1.00e+05
2015 11 02  0515   57328  18900   1.26e+00  1.37e-01  1.13e-01  6.71e-02  5.61e-02  3.53e-02  1.62e+03  1.33e-01 -1.00e+05
2015 11 02  0520   57328  19200   1.41e+00  2.18e-01  1.12e-01  6.62e-02  5.53e-02  3.33e-02  1.59e+03  1.33e-01 -1.00e+05
2015 11 02  0525   57328  19500   9.67e-01  1.69e-01  1.44e-01  1.02e-01  9.08e-02  6.99e-02  1.62e+03  1.33e-01 -1.00e+05
2015 11 02  0530   57328  19800   7.25e-01  1.69e-01  1.44e-01  1.02e-01  9.08e-02  3.73e-02  1.63e+03  1.33e-01 -1.00e+05
2015 11 02  0535   57328  20100   9.54e-01  1.54e-01  1.29e-01  8.69e-02  7.59e-02  5.51e-02  1.63e+03  1.33e-01 -1.00e+05
2015 11 02  0540   57328  20400   1.10e+00  1.64e-01  1.39e-01  5.47e-02  4.37e-02  2.29e-02  1.63e+03  1.33e-01 -1.00e+05
2015 11 02  0545   57328  20700   9.95e-01  1.30e-01  1.05e-01  6.25e-02  4.47e-02  2.18e-02  1.64e+03  1.33e-01 -1.00e+05
2015 11 02  0550   57328  21000   1.67e+00  4.13e-01  2.02e-01  5.37e-02  4.27e-02  2.18e-02  1.65e+03  1.33e-01 -1.00e+05
2015 11 02  0555   57328  21300   9.28e-01  1.21e-01  9.62e-02  5.37e-02  4.27e-02  2.18e-02  1.64e+03  1.79e+00 -1.00e+05
2015 11 02  0600   57328  21600   1.43e+00  2.13e-01  1.17e-01  5.60e-02  4.32e-02  2.18e-02  1.62e+03  1.33e-01 -1.00e+05
2015 11 02  0605   57328  21900   8.94e-01  1.37e-01  1.12e-01  6.91e-02  4.62e-02  2.18e-02  1.62e+03  1.33e-01 -1.00e+05
2015 11 02  0610   57328  22200   1.02e+00  1.27e-01  1.02e-01  5.37e-02  4.27e-02  2.18e-02  1.61e+03  1.33e-01 -1.00e+05
2015 11 02  0615   57328  22500   1.48e+00  2.05e-01  1.09e-01  5.37e-02  4.27e-02  2.18e-02  1.61e+03  1.33e-01 -1.00e+05
2015 11 02  0620   57328  22800   1.11e+00  2.26e-01  2.01e-01  7.70e-02  5.64e-02  3.28e-02  1.61e+03  1.00e+00 -1.00e+05
2015 11 02  0625   57328  23100   8.39e-01  1.85e-01  1.60e-01  1.18e-01  1.07e-01  4.00e-02  1.61e+03  1.33e-01 -1.00e+05
2015 11 02  0630   57328  23400   1.37e+00  2.20e-01  1.24e-01  6.25e-02  4.47e-02  2.18e-02  1.62e+03  2.16e+00 -1.00e+05
2015 11 02  0635   57328  23700   8.90e-01  2.12e-01  1.65e-01  6.71e-02  5.61e-02  3.53e-02  1.62e+03  1.33e-01 -1.00e+05
2015 11 02  0640   57328  24000   8.77e-01  1.47e-01  1.22e-01  7.95e-02  6.85e-02  4.77e-02  1.59e+03  1.33e-01 -1.00e+05
2015 11 02  0645   57328  24300   1.51e+00  2.92e-01  1.96e-01  6.25e-02  4.47e-02  2.18e-02  1.60e+03  1.33e-01 -1.00e+05
2015 11 02  0650   57328  24600   1.78e+00  3.40e-01  1.41e-01  9.56e-02  8.46e-02  5.79e-02  1.64e+03  1.33e-01 -1.00e+05
2015 11 02  0655   57328  24900   8.61e-01  1.21e-01  9.62e-02  5.37e-02  4.27e-02  2.18e-02  1.64e+03  1.25e+00 -1.00e+05
2015 11 02  0700   57328  25200   9.68e-01  2.20e-01  1.95e-01  1.53e-01  1.42e-01  7.76e-02  1.61e+03  1.33e-01 -1.00e+05
2015 11 02  0705   57328  25500   1.81e+00  2.66e-01  1.13e-01  6.65e-02  5.37e-02  2.52e-02  1.65e+03  1.33e-01 -1.00e+05
2015 11 02  0710   57328  25800   8.11e-01  1.34e-01  1.10e-01  6.71e-02  5.61e-02  3.53e-02  1.66e+03  1.33e-01 -1.00e+05
2015 11 02  0715   57328  26100   1.40e+00  2.15e-01  1.20e-01  6.46e-02  5.36e-02  3.28e-02  1.68e+03  1.33e-01 -1.00e+05
2015 11 02  0720   57328  26400   1.37e+00  3.62e-01  2.66e-01  8.87e-02  5.06e-02  2.18e-02  1.70e+03  1.33e-01 -1.00e+05
2015 11 02  0725   57328  26700   9.01e-01  1.23e-01  9.86e-02  5.60e-02  4.32e-02  2.18e-02  1.73e+03  1.33e-01 -1.00e+05
2015 11 02  0730   57328  27000   1.17e+00  2.20e-01  1.24e-01  6.25e-02  4.47e-02  2.18e-02  1.70e+03  1.33e-01 -1.00e+05
2015 11 02  0735   57328  27300   1.50e+00  2.26e-01  1.34e-01  7.93e-02  6.84e-02  4.75e-02  1.71e+03  1.33e-01 -1.00e+05
2015 11 02  0740   57328  27600   8.32e-01  1.24e-01  9.97e-02  5.72e-02  4.62e-02  2.54e-02  1.69e+03  1.33e-01 -1.00e+05
2015 11 02  0745   57328  27900   7.72e-01  1.21e-01  9.62e-02  5.37e-02  4.27e-02  2.18e-02  1.71e+03  1.80e+00 -1.00e+05
2015 11 02  0750   57328  28200   1.78e+00  4.04e-01  1.87e-01  5.37e-02  4.27e-02  2.18e-02  1.69e+03  1.39e+00 -1.00e+05
2015 11 02  0755   57328  28500   1.51e+00  3.02e-01  1.23e-01  7.70e-02  6.60e-02  4.52e-02  1.75e+03  1.33e-01 -1.00e+05
2015 11 02  0800   57328  28800   9.80e-01  2.33e-01  2.08e-01  8.94e-02  7.84e-02  5.76e-02  1.77e+03  1.33e-01 -1.00e+05
2015 11 02  0805   57328  29100   8.38e-01  2.05e-01  1.80e-01  5.37e-02  4.27e-02  2.18e-02  1.80e+03  1.33e-01 -1.00e+05
2015 11 02  0810   57328  29400   8.08e-01  1.82e-01  1.58e-01  8.92e-02  7.83e-02  3.33e-02  1.85e+03  1.33e-01 -1.00e+05
2015 11 02  0815   57328  29700   1.61e+00  2.07e-01  9.98e-02  5.37e-02  4.27e-02  2.18e-02  1.90e+03  1.33e-01 -1.00e+05
2015 11 02  0820   57328  30000   7.38e-01  1.47e-01  1.23e-01  8.00e-02  6.91e-02  4.82e-02  1.89e+03  1.33e-01 -1.00e+05
2015 11 02  0825   57328  30300   1.42e+00  2.35e-01  1.39e-01  8.36e-02  5.79e-02  3.28e-02  1.96e+03  1.33e-01 -1.00e+05
2015 11 02  0830   57328  30600   1.39e+00  3.62e-01  2.73e-01  7.25e-02  6.16e-02  3.53e-02  1.96e+03  1.33e-01 -1.00e+05
2015 11 02  0835   57328  30900   1.44e+00  2.57e-01  9.97e-02  5.37e-02  4.27e-02  2.18e-02  2.02e+03  1.33e-01 -1.00e+05
2015 11 02  0840   57328  31200   1.71e+00  3.04e-01  1.04e-01  5.79e-02  4.69e-02  2.32e-02  2.07e+03  1.33e-01 -1.00e+05
2015 11 02  0845   57328  31500   1.54e+00  3.01e-01  1.44e-01  9.67e-02  6.09e-02  3.28e-02  2.12e+03  1.33e-01 -1.00e+05
2015 11 02  0850   57328  31800   1.80e+00  2.81e-01  1.01e-01  5.47e-02  4.37e-02  2.29e-02  2.16e+03  1.33e-01 -1.00e+05
2015 11 02  0855   57328  32100   7.36e-01  1.50e-01  1.26e-01  8.30e-02  7.20e-02  3.13e-02  2.22e+03  1.33e-01 -1.00e+05
2015 11 02  0900   57328  32400   1.63e+00  2.30e-01  1.22e-01  7.56e-02  4.76e-02  2.18e-02  2.23e+03  1.35e-01 -1.00e+05
2015 11 02  0905   57328  32700   8.68e-01  1.22e-01  9.73e-02  5.47e-02  4.37e-02  2.29e-02  2.23e+03  2.09e-01 -1.00e+05
2015 11 02  0910   57328  33000   8.41e-01  1.50e-01  1.03e-01  5.60e-02  4.32e-02  2.18e-02  2.28e+03  1.33e-01 -1.00e+05
2015 11 02  0915   57328  33300   1.66e+00  2.68e-01  1.36e-01  8.95e-02  7.27e-02  5.01e-02  2.36e+03  1.33e-01 -1.00e+05
2015 11 02  0920   57328  33600   8.80e-01  1.21e-01  9.62e-02  5.37e-02  4.27e-02  2.18e-02  2.41e+03  6.86e-01 -1.00e+05
2015 11 02  0925   57328  33900   1.77e+00  2.45e-01  1.07e-01  5.37e-02  4.27e-02  2.18e-02  2.46e+03  1.18e+00 -1.00e+05
2015 11 02  0930   57328  34200   2.44e+00  2.97e-01  1.40e-01  9.37e-02  6.40e-02  3.77e-02  2.47e+03  1.33e-01 -1.00e+05
2015 11 02  0935   57328  34500   1.88e+00  2.68e-01  1.11e-01  6.46e-02  5.36e-02  3.28e-02  2.49e+03  1.33e-01 -1.00e+05
2015 11 02  0940   57328  34800   1.06e+00  2.08e-01  1.83e-01  5.72e-02  4.62e-02  2.54e-02  2.51e+03  1.48e+00 -1.00e+05
2015 11 02  0945   57328  35100   8.01e-01  1.42e-01  1.17e-01  7.45e-02  6.36e-02  4.27e-02  2.52e+03  1.36e-01 -1.00e+05
2015 11 02  0950   57328  35400   1.02e+00  1.21e-01  9.62e-02  5.37e-02  4.27e-02  2.18e-02  2.58e+03  2.47e+00 -1.00e+05
2015 11 02  0955   57328  35700   1.65e+00  2.07e-01  9.98e-02  5.37e-02  4.27e-02  2.18e-02  2.66e+03  1.64e+00 -1.00e+05
2015 11 02  1000   57328  36000   1.55e+00  2.72e-01  1.39e-01  9.13e-02  4.87e-02  2.18e-02  2.70e+03  1.33e-01 -1.00e+05
2015 11 02  1005   57328  36300   1.49e+00  2.22e-01  1.27e-01  7.20e-02  6.11e-02  4.02e-02  2.74e+03  1.33e-01 -1.00e+05
2015 11 02  1010   57328  36600   1.61e+00  3.16e-01  2.19e-01  1.63e-01  1.14e-01  4.13e-02  2.75e+03  1.33e-01 -1.00e+05
2015 11 02  1015   57328  36900   9.91e-01  2.05e-01  1.80e-01  5.37e-02  4.27e-02  2.18e-02  2.75e+03  1.33e-01 -1.00e+05
2015 11 02  1020   57328  37200   9.32e-01  1.58e-01  1.34e-01  8.98e-02  4.86e-02  2.18e-02  2.75e+03  1.33e-01 -1.00e+05
2015 11 02  1025   57328  37500   2.15e+00  4.80e-01  3.86e-01  1.18e-01  7.45e-02  4.77e-02  2.75e+03  1.33e-01 -1.00e+05
2015 11 02  1030   57328  37800   8.65e-01  1.21e-01  9.62e-02  5.37e-02  4.27e-02  2.18e-02  2.82e+03  8.64e-01 -1.00e+05
2015 11 02  1035   57328  38100   1.18e+00  1.78e-01  1.33e-01  8.69e-02  7.59e-02  5.51e-02  2.81e+03  1.33e-01 -1.00e+05
2015 11 02  1040   57328  38400   1.79e+00  2.05e-01  1.09e-01  5.37e-02  4.27e-02  2.18e-02  2.83e+03  2.65e+00 -1.00e+05
2015 11 02  1045   57328  38700   1.39e+00  2.07e-01  1.11e-01  5.60e-02  4.32e-02  2.18e-02  2.91e+03  2.76e+00 -1.00e+05
2015 11 02  1050   57328  39000   1.91e+00  2.82e-01  1.86e-01  1.39e-01  1.28e-01  4.94e-02  2.91e+03  1.33e-01 -1.00e+05
2015 11 02  1055   57328  39300   1.39e+00  2.17e-01  1.48e-01  9.76e-02  8.66e-02  4.34e-02  2.98e+03  1.33e-01 -1.00e+05
2015 11 02  1100   57328  39600   1.59e+00  1.48e-01  1.00e-01  5.37e-02  4.27e-02  2.18e-02  3.07e+03  1.33e-01 -1.00e+05
2015 11 02  1105   57328  39900   1.22e+00  1.53e-01  1.06e-01  5.37e-02  4.27e-02  2.18e-02  3.10e+03  7.35e-01 -1.00e+05
2015 11 02  1110   57328  40200   1.84e+00  2.43e-01  1.11e-01  6.46e-02  5.36e-02  3.28e-02  3.15e+03  3.04e+00 -1.00e+05
2015 11 02  1115   57328  40500   1.00e+00  1.21e-01  9.62e-02  5.37e-02  4.27e-02  2.18e-02  3.22e+03  2.71e+00 -1.00e+05
2015 11 02  1120   57328  40800   1.09e+00  1.62e-01  1.37e-01  9.43e-02  7.18e-02  4.77e-02  3.25e+03  1.33e-01 -1.00e+05
2015 11 02  1125   57328  41100   2.33e+00  2.70e-01  1.19e-01  7.28e-02  6.00e-02  2.72e-02  3.30e+03  2.74e+00 -1.00e+05
2015 11 02  1130   57328  41400   1.47e+00  2.04e-01  1.79e-01  1.08e-01  9.71e-02  3.93e-02  3.39e+03  1.33e-01 -1.00e+05
2015 11 02  1135   57328  41700   2.12e+00  4.76e-01  2.04e-01  5.72e-02  4.62e-02  2.54e-02  3.46e+03  1.36e+00 -1.00e+05
2015 11 02  1140   57328  42000   1.46e+00  1.58e-01  1.11e-01  6.46e-02  5.36e-02  3.28e-02  3.42e+03  1.33e-01 -1.00e+05
2015 11 02  1145   57328  42300   2.62e+00  5.20e-01  2.90e-01  7.56e-02  4.76e-02  2.18e-02  3.50e+03  1.33e-01 -1.00e+05
2015 11 02  1150   57328  42600   2.45e+00  2.80e-01  9.96e-02  5.37e-02  4.27e-02  2.18e-02  3.51e+03  1.33e-01 -1.00e+05
2015 11 02  1155   57328  42900   1.30e+00  1.21e-01  9.62e-02  5.37e-02  4.27e-02  2.18e-02  3.78e+03  2.69e+00 -1.00e+05
2015 11 02  1200   57328  43200   3.31e+00  2.56e-01  1.50e-01  1.04e-01  9.33e-02  7.24e-02  5.20e+03  2.51e+00 -1.00e+05
2015 11 02  1205   57328  43500   3.09e+00  3.82e-01  2.04e-01  5.67e-02  4.42e-02  2.29e-02  5.19e+03  1.52e+00 -1.00e+05
2015 11 02  1210   57328  43800   1.73e+00  1.51e-01  1.26e-01  5.37e-02  4.27e-02  2.18e-02  4.91e+03  4.89e+00 -1.00e+05
2015 11 02  1215   57328  44100   2.73e+00  2.33e-01  9.98e-02  5.37e-02  4.27e-02  2.18e-02  4.65e+03  2.07e+00 -1.00e+05
2015 11 02  1220   57328  44400   1.37e+00  1.47e-01  1.22e-01  7.95e-02  6.85e-02  4.77e-02  4.41e+03  3.04e+00 -1.00e+05
2015 11 02  1225   57328  44700   1.51e+00  1.39e-01  1.14e-01  7.16e-02  6.06e-02  3.17e-02  4.17e+03  2.16e+00 -1.00e+05
2015 11 02  1230   57328  45000   1.86e+00  2.24e-01  1.29e-01  7.20e-02  6.11e-02  4.02e-02  4.35e+03  3.27e+00 -1.00e+05
2015 11 02  1235   57328  45300   1.30e+00  1.21e-01  9.62e-02  5.37e-02  4.27e-02  2.18e-02  4.52e+03  3.19e+00 -1.00e+05
2015 11 02  1240   57328  45600   2.02e+00  1.81e-01  1.36e-01  8.94e-02  7.84e-02  5.76e-02  4.70e+03  2.24e-01 -1.00e+05
2015 11 02  1245   57328  45900   1.66e+00  1.65e-01  1.40e-01  9.78e-02  8.51e-02  3.53e-02  4.68e+03  2.97e+00 -1.00e+05
2015 11 02  1250   57328  46200   1.75e+00  1.53e-01  1.06e-01  5.97e-02  4.87e-02  2.78e-02  4.52e+03  4.42e+00 -1.00e+05
2015 11 02  1255   57328  46500   1.49e+00  1.79e-01  1.54e-01  9.55e-02  8.45e-02  3.53e-02  4.40e+03  2.70e+00 -1.00e+05
2015 11 02  1300   57328  46800   2.33e+00  2.07e-01  9.98e-02  5.37e-02  4.27e-02  2.18e-02  4.70e+03  2.98e+00 -1.00e+05
2015 11 02  1305   57328  47100   3.39e+00  2.81e-01  1.01e-01  5.47e-02  4.37e-02  2.29e-02  5.31e+03  6.01e+00 -1.00e+05
2015 11 02  1310   57328  47400   2.14e+00  1.21e-01  9.62e-02  5.37e-02  4.27e-02  2.18e-02  5.61e+03  9.12e+00 -1.00e+05
2015 11 02  1315   57328  47700   2.41e+00  1.40e-01  1.15e-01  7.22e-02  5.73e-02  3.53e-02  5.61e+03  2.66e+00 -1.00e+05
2015 11 02  1320   57328  48000   2.16e+00  1.51e-01  1.26e-01  5.37e-02  4.27e-02  2.18e-02  5.47e+03  3.44e+00 -1.00e+05
2015 11 02  1325   57328  48300   3.78e+00  2.22e-01  1.16e-01  6.96e-02  5.86e-02  3.77e-02  5.21e+03  2.71e+00 -1.00e+05
2015 11 02  1330   57328  48600   2.80e+00  1.83e-01  1.38e-01  9.13e-02  7.50e-02  5.26e-02  5.20e+03  7.71e-01 -1.00e+05
2015 11 02  1335   57328  48900   2.90e+00  1.63e-01  1.38e-01  9.55e-02  8.45e-02  3.53e-02  5.40e+03  5.95e+00 -1.00e+05
2015 11 02  1340   57328  49200   2.90e+00  1.76e-01  1.51e-01  1.09e-01  9.04e-02  6.75e-02  5.42e+03  3.06e+00 -1.00e+05
2015 11 02  1345   57328  49500   3.36e+00  2.15e-01  1.90e-01  1.47e-01  1.36e-01  5.77e-02  5.18e+03  5.45e+00 -1.00e+05
2015 11 02  1350   57328  49800   5.74e+00  4.63e-01  3.12e-01  9.27e-02  5.96e-02  2.52e-02  5.15e+03  4.54e+00 -1.00e+05
2015 11 02  1355   57328  50100   4.13e+00  1.80e-01  1.55e-01  1.12e-01  7.36e-02  2.92e-02  5.02e+03  4.71e+00 -1.00e+05
2015 11 02  1400   57328  50400   4.13e+00  2.42e-01  2.18e-01  8.98e-02  4.86e-02  2.18e-02  5.06e+03  7.86e+00 -1.00e+05
2015 11 02  1405   57328  50700   4.71e+00  1.73e-01  1.48e-01  5.37e-02  4.27e-02  2.18e-02  4.79e+03  6.55e+00 -1.00e+05
2015 11 02  1410   57328  51000   4.58e+00  1.64e-01  1.40e-01  9.52e-02  4.86e-02  2.18e-02  4.89e+03  4.41e+00 -1.00e+05
2015 11 02  1415   57328  51300   5.34e+00  1.21e-01  9.62e-02  5.37e-02  4.27e-02  2.18e-02  5.21e+03  9.20e+00 -1.00e+05
2015 11 02  1420   57328  51600   5.59e+00  1.57e-01  1.32e-01  8.89e-02  6.49e-02  4.02e-02  4.99e+03  8.86e+00 -1.00e+05
2015 11 02  1425   57328  51900   6.36e+00  2.44e-01  2.19e-01  9.13e-02  4.87e-02  2.18e-02  5.24e+03  9.65e+00 -1.00e+05
2015 11 02  1430   57328  52200   1.31e+01  3.00e-01  1.68e-01  1.21e-01  8.56e-02  5.76e-02  5.29e+03  8.64e+00 -1.00e+05
2015 11 02  1435   57328  52500   6.75e+00  1.21e-01  9.62e-02  5.37e-02  4.27e-02  2.18e-02  5.18e+03  1.35e+01 -1.00e+05
2015 11 02  1440   57328  52800   1.12e+01  2.41e-01  1.45e-01  5.97e-02  4.87e-02  2.78e-02  5.21e+03  2.41e+01 -1.00e+05
2015 11 02  1445   57328  53100   1.05e+01  1.48e-01  1.00e-01  5.37e-02  4.27e-02  2.18e-02  5.86e+03  2.92e+01 -1.00e+05
2015 11 02  1450   57328  53400   8.44e+00  1.29e-01  1.05e-01  6.21e-02  5.12e-02  3.03e-02  6.70e+03  2.90e+01 -1.00e+05
2015 11 02  1455   57328  53700   1.17e+01  1.48e-01  1.00e-01  5.37e-02  4.27e-02  2.18e-02  7.36e+03  3.46e+01 -1.00e+05
2015 11 02  1500   57328  54000   9.77e+00  1.57e-01  1.32e-01  8.94e-02  7.84e-02  5.76e-02  7.70e+03  3.71e+01 -1.00e+05
2015 11 02  1505   57328  54300   1.84e+01  2.22e-01  1.16e-01  6.96e-02  5.86e-02  3.77e-02  7.91e+03  3.88e+01 -1.00e+05
2015 11 02  1510   57328  54600   9.23e+00  1.71e-01  1.26e-01  7.95e-02  6.85e-02  4.77e-02  7.12e+03  3.55e+01 -1.00e+05
2015 11 02  1515   57328  54900   8.99e+00  1.21e-01  9.62e-02  5.37e-02  4.27e-02  2.18e-02  7.23e+03  3.57e+01 -1.00e+05
2015 11 02  1520   57328  55200   7.27e+00  1.27e-01  1.02e-01  5.97e-02  4.87e-02  2.78e-02  6.86e+03  3.24e+01 -1.00e+05
2015 11 02  1525   57328  55500   6.00e+00  1.33e-01  1.09e-01  6.21e-02  5.12e-02  3.03e-02  6.44e+03  2.77e+01 -1.00e+05
2015 11 02  1530   57328  55800   1.21e+01  2.55e-01  1.32e-01  8.56e-02  6.77e-02  2.92e-02  6.70e+03  2.63e+01 -1.00e+05
2015 11 02  1535   57328  56100   5.09e+00  2.11e-01  1.87e-01  6.68e-02  4.89e-02  2.32e-02  6.02e+03  2.65e+01 -1.00e+05
2015 11 02  1540   57328  56400   9.09e+00  4.74e-01  2.02e-01  5.37e-02  4.27e-02  2.18e-02  5.72e+03  2.14e+01 -1.00e+05
2015 11 02  1545   57328  56700   4.35e+00  1.23e-01  9.86e-02  5.60e-02  4.32e-02  2.18e-02  5.58e+03  1.90e+01 -1.00e+05
2015 11 02  1550   57328  57000   8.38e+00  2.18e-01  1.07e-01  5.37e-02  4.27e-02  2.18e-02  5.74e+03  1.90e+01 -1.00e+05
2015 11 02  1555   57328  57300   9.73e+00  2.20e-01  1.13e-01  6.71e-02  5.61e-02  3.53e-02  5.86e+03  1.91e+01 -1.00e+05
2015 11 02  1600   57328  57600   6.34e+00  2.46e-01  1.51e-01  9.55e-02  6.64e-02  4.02e-02  5.48e+03  1.55e+01 -1.00e+05
2015 11 02  1605   57328  57900   3.16e+00  1.59e-01  1.34e-01  9.19e-02  8.09e-02  6.00e-02  4.63e+03  6.22e+00 -1.00e+05
2015 11 02  1610   57328  58200   3.74e+00  1.64e-01  1.39e-01  9.53e-02  5.21e-02  2.18e-02  4.96e+03  1.30e+01 -1.00e+05
2015 11 02  1615   57328  58500   6.91e+00  2.88e-01  1.08e-01  6.21e-02  5.12e-02  3.03e-02  5.09e+03  1.15e+01 -1.00e+05
2015 11 02  1620   57328  58800   3.44e+00  1.86e-01  1.62e-01  8.30e-02  7.20e-02  3.13e-02  4.95e+03  1.16e+01 -1.00e+05
2015 11 02  1625   57328  59100   3.80e+00  1.27e-01  1.02e-01  5.37e-02  4.27e-02  2.18e-02  5.08e+03  9.23e+00 -1.00e+05
2015 11 02  1630   57328  59400   4.22e+00  1.53e-01  1.06e-01  5.97e-02  4.87e-02  2.78e-02  4.49e+03  1.32e+01 -1.00e+05
2015 11 02  1635   57328  59700   7.72e+00  2.07e-01  9.98e-02  5.37e-02  4.27e-02  2.18e-02  5.35e+03  1.01e+01 -1.00e+05
2015 11 02  1640   57328  60000   6.39e+00  2.46e-01  1.41e-01  9.43e-02  8.34e-02  6.25e-02  5.03e+03  1.06e+01 -1.00e+05
2015 11 02  1645   57328  60300   4.18e+00  1.64e-01  1.39e-01  9.53e-02  5.21e-02  2.18e-02  4.91e+03  8.68e+00 -1.00e+05
2015 11 02  1650   57328  60600   6.28e+00  2.27e-01  1.32e-01  7.70e-02  6.60e-02  4.52e-02  5.08e+03  9.55e+00 -1.00e+05
2015 11 02  1655   57328  60900   6.23e+00  2.20e-01  1.28e-01  7.35e-02  6.25e-02  3.90e-02  5.10e+03  9.54e+00 -1.00e+05
2015 11 02  1700   57328  61200   5.56e+00  2.54e-01  1.59e-01  6.21e-02  5.12e-02  3.03e-02  4.94e+03  1.01e+01 -1.00e+05
2015 11 02  1705   57328  61500   7.67e+00  3.44e-01  2.01e-01  5.37e-02  4.27e-02  2.18e-02  5.18e+03  9.48e+00 -1.00e+05
2015 11 02  1710   57328  61800   5.71e+00  1.48e-01  1.00e-01  5.37e-02  4.27e-02  2.18e-02  5.17e+03  1.19e+01 -1.00e+05
2015 11 02  1715   57328  62100   4.17e+00  1.52e-01  1.28e-01  8.50e-02  7.30e-02  3.39e-02  5.01e+03  8.52e+00 -1.00e+05
2015 11 02  1720   57328  62400   9.03e+00  3.43e-01  9.93e-02  5.37e-02  4.27e-02  2.18e-02  4.85e+03  1.05e+01 -1.00e+05
2015 11 02  1725   57328  62700   4.21e+00  1.37e-01  1.12e-01  6.91e-02  4.62e-02  2.18e-02  4.97e+03  8.21e+00 -1.00e+05
2015 11 02  1730   57328  63000   5.17e+00  1.76e-01  1.51e-01  8.68e-02  7.58e-02  2.28e-02  5.21e+03  9.89e+00 -1.00e+05
2015 11 02  1735   57328  63300   5.48e+00  1.21e-01  9.62e-02  5.37e-02  4.27e-02  2.18e-02  5.31e+03  9.97e+00 -1.00e+05
2015 11 02  1740   57328  63600   4.73e+00  1.37e-01  1.13e-01  6.71e-02  5.61e-02  3.53e-02  5.02e+03  6.20e+00 -1.00e+05
2015 11 02  1745   57328  63900   4.34e+00  1.21e-01  9.62e-02  5.37e-02  4.27e-02  2.18e-02  4.99e+03  1.12e+01 -1.00e+05
2015 11 02  1750   57328  64200   4.75e+00  2.41e-01  1.93e-01  6.25e-02  4.47e-02  2.18e-02  4.68e+03  8.02e+00 -1.00e+05
2015 11 02  1755   57328  64500   4.67e+00  1.53e-01  1.06e-01  5.37e-02  4.27e-02  2.18e-02  4.62e+03  5.60e+00 -1.00e+05
2015 11 02  1800   57328  64800   4.33e+00  1.21e-01  9.62e-02  5.37e-02  4.27e-02  2.18e-02  4.60e+03  7.92e+00 -1.00e+05
2015 11 02  1805   57328  65100   4.25e+00  2.08e-01  1.83e-01  6.25e-02  4.47e-02  2.18e-02  4.56e+03  7.26e+00 -1.00e+05
2015 11 02  1810   57328  65400   3.81e+00  1.21e-01  9.62e-02  5.37e-02  4.27e-02  2.18e-02  4.53e+03  7.51e+00 -1.00e+05
2015 11 02  1815   57328  65700   5.38e+00  3.05e-01  2.11e-01  7.70e-02  6.60e-02  4.52e-02  4.33e+03  4.28e+00 -1.00e+05
2015 11 02  1820   57328  66000   4.02e+00  1.21e-01  9.62e-02  5.37e-02  4.27e-02  2.18e-02  4.35e+03  9.78e+00 -1.00e+05
2015 11 02  1825   57328  66300   4.96e+00  1.90e-01  1.45e-01  9.93e-02  8.83e-02  6.75e-02  4.45e+03  5.12e+00 -1.00e+05
2015 11 02  1830   57328  66600   4.02e+00  2.32e-01  2.07e-01  8.18e-02  5.56e-02  3.03e-02  4.37e+03  4.02e+00 -1.00e+05
2015 11 02  1835   57328  66900   7.17e+00  3.51e-01  1.40e-01  5.78e-02  4.37e-02  2.20e-02  4.17e+03  6.14e+00 -1.00e+05
2015 11 02  1840   57328  67200   3.82e+00  1.23e-01  9.39e-02  5.36e-02  4.27e-02  2.20e-02  4.03e+03  6.90e+00 -1.00e+05
2015 11 02  1845   57328  67500   3.86e+00  1.62e-01  1.33e-01  9.15e-02  4.87e-02  2.20e-02  4.09e+03  3.97e+00 -1.00e+05
2015 11 02  1850   57328  67800   3.71e+00  2.16e-01  1.87e-01  1.47e-01  1.36e-01  6.48e-02  3.90e+03  2.10e+00 -1.00e+05
2015 11 02  1855   57328  68100   6.13e+00  4.85e-01  2.30e-01  5.38e-02  4.29e-02  2.21e-02  3.86e+03  5.32e+00 -1.00e+05
2015 11 02  1900   57328  68400   2.83e+00  1.36e-01  1.07e-01  6.71e-02  5.62e-02  3.55e-02  3.60e+03  3.95e+00 -1.00e+05
2015 11 02  1905   57328  68700   2.92e+00  1.62e-01  1.34e-01  6.21e-02  5.13e-02  3.06e-02  3.42e+03  3.57e+00 -1.00e+05
2015 11 02  1910   57328  69000   3.24e+00  1.56e-01  1.27e-01  5.36e-02  4.27e-02  2.20e-02  3.62e+03  2.93e+00 -1.00e+05
2015 11 02  1915   57328  69300   2.97e+00  1.60e-01  1.31e-01  6.12e-02  5.04e-02  2.86e-02  3.56e+03  4.28e+00 -1.00e+05
2015 11 02  1920   57328  69600   3.03e+00  1.34e-01  1.05e-01  6.46e-02  5.38e-02  3.30e-02  3.36e+03  3.21e+00 -1.00e+05
2015 11 02  1925   57328  69900   6.30e+00  3.15e-01  9.56e-02  5.36e-02  4.27e-02  2.20e-02  3.43e+03  3.80e+00 -1.00e+05
2015 11 02  1930   57328  70200   3.98e+00  2.51e-01  1.54e-01  7.20e-02  6.12e-02  4.05e-02  3.37e+03  4.32e+00 -1.00e+05
2015 11 02  1935   57328  70500   2.73e+00  1.41e-01  1.12e-01  7.20e-02  6.12e-02  4.05e-02  3.25e+03  4.94e+00 -1.00e+05
2015 11 02  1940   57328  70800   2.40e+00  1.39e-01  1.10e-01  6.96e-02  5.87e-02  3.80e-02  3.18e+03  5.49e+00 -1.00e+05
2015 11 02  1945   57328  71100   2.19e+00  1.23e-01  9.39e-02  5.36e-02  4.27e-02  2.20e-02  3.08e+03  2.49e+00 -1.00e+05
2015 11 02  1950   57328  71400   2.41e+00  1.23e-01  9.39e-02  5.36e-02  4.27e-02  2.20e-02  3.03e+03  3.36e+00 -1.00e+05
2015 11 02  1955   57328  71700   2.40e+00  1.46e-01  1.17e-01  7.70e-02  6.61e-02  4.54e-02  2.95e+03  5.00e+00 -1.00e+05
2015 11 02  2000   57328  72000   4.35e+00  2.68e-01  1.37e-01  9.29e-02  4.87e-02  2.20e-02  3.11e+03  1.33e-01 -1.00e+05
2015 11 02  2005   57328  72300   2.22e+00  1.23e-01  9.39e-02  5.36e-02  4.27e-02  2.20e-02  2.94e+03  3.54e+00 -1.00e+05
2015 11 02  2010   57328  72600   2.23e+00  1.23e-01  9.39e-02  5.36e-02  4.27e-02  2.20e-02  2.75e+03  4.96e+00 -1.00e+05
2015 11 02  2015   57328  72900   2.22e+00  1.78e-01  1.49e-01  1.08e-01  9.75e-02  5.55e-02  2.80e+03  7.18e-01 -1.00e+05
2015 11 02  2020   57328  73200   1.99e+00  1.23e-01  9.39e-02  5.36e-02  4.27e-02  2.20e-02  2.74e+03  4.13e+00 -1.00e+05
2015 11 02  2025   57328  73500   2.17e+00  1.76e-01  1.47e-01  1.07e-01  9.59e-02  7.51e-02  2.70e+03  2.43e+00 -1.00e+05
2015 11 02  2030   57328  73800   2.25e+00  1.74e-01  1.46e-01  1.04e-01  5.40e-02  2.20e-02  2.63e+03  1.99e+00 -1.00e+05
2015 11 02  2035   57328  74100   3.10e+00  2.68e-01  1.47e-01  8.94e-02  7.53e-02  3.21e-02  2.62e+03  1.53e+00 -1.00e+05
2015 11 02  2040   57328  74400   2.27e+00  1.23e-01  9.39e-02  5.36e-02  4.27e-02  2.20e-02  2.65e+03  2.88e+00 -1.00e+05
2015 11 02  2045   57328  74700   2.14e+00  2.14e-01  1.81e-01  1.40e-01  1.25e-01  4.82e-02  2.58e+03  8.69e-01 -1.00e+05
2015 11 02  2050   57328  75000   2.31e+00  1.62e-01  1.34e-01  6.21e-02  5.13e-02  3.06e-02  2.53e+03  6.07e-01 -1.00e+05
2015 11 02  2055   57328  75300   2.40e+00  1.47e-01  9.76e-02  5.36e-02  4.27e-02  2.20e-02  2.52e+03  3.79e+00 -1.00e+05
2015 11 02  2100   57328  75600   2.10e+00  1.59e-01  1.30e-01  5.36e-02  4.27e-02  2.20e-02  2.44e+03  5.56e+00 -1.00e+05
2015 11 02  2105   57328  75900   1.89e+00  2.16e-01  1.87e-01  1.46e-01  1.20e-01  4.84e-02  2.44e+03  1.33e-01 -1.00e+05
2015 11 02  2110   57328  76200   1.98e+00  1.80e-01  1.31e-01  5.36e-02  4.27e-02  2.20e-02  2.37e+03  4.00e+00 -1.00e+05
2015 11 02  2115   57328  76500   2.89e+00  2.27e-01  9.60e-02  5.36e-02  4.27e-02  2.20e-02  2.32e+03  3.04e+00 -1.00e+05
2015 11 02  2120   57328  76800   1.73e+00  1.23e-01  9.39e-02  5.36e-02  4.27e-02  2.20e-02  2.25e+03  1.07e+00 -1.00e+05
2015 11 02  2125   57328  77100   2.40e+00  2.05e-01  1.06e-01  5.36e-02  4.27e-02  2.20e-02  2.28e+03  1.33e-01 -1.00e+05
2015 11 02  2130   57328  77400   1.64e+00  1.69e-01  1.40e-01  9.93e-02  8.84e-02  6.77e-02  2.26e+03  2.45e-01 -1.00e+05
2015 11 02  2135   57328  77700   1.83e+00  1.52e-01  1.02e-01  5.78e-02  4.37e-02  2.20e-02  2.09e+03  2.57e+00 -1.00e+05
2015 11 02  2140   57328  78000   1.80e+00  2.15e-01  1.86e-01  8.51e-02  7.43e-02  3.21e-02  2.17e+03  1.33e-01 -1.00e+05
2015 11 02  2145   57328  78300   1.87e+00  2.34e-01  2.05e-01  5.36e-02  4.27e-02  2.20e-02  2.18e+03  1.46e+00 -1.00e+05
2015 11 02  2150   57328  78600   1.42e+00  1.23e-01  9.39e-02  5.36e-02  4.27e-02  2.20e-02  2.06e+03  3.11e+00 -1.00e+05
2015 11 02  2155   57328  78900   1.77e+00  1.48e-01  9.87e-02  5.47e-02  4.39e-02  2.31e-02  2.12e+03  3.19e+00 -1.00e+05
2015 11 02  2200   57328  79200   1.57e+00  1.51e-01  1.10e-01  6.70e-02  5.62e-02  2.88e-02  2.06e+03  1.28e+00 -1.00e+05
2015 11 02  2205   57328  79500   1.29e+00  1.66e-01  1.37e-01  9.68e-02  8.60e-02  6.52e-02  2.02e+03  1.62e+00 -1.00e+05
2015 11 02  2210   57328  79800   1.09e+00  1.59e-01  1.30e-01  5.36e-02  4.27e-02  2.20e-02  2.05e+03  1.33e-01 -1.00e+05
2015 11 02  2215   57328  80100   1.52e+00  1.61e-01  1.32e-01  9.08e-02  6.54e-02  4.05e-02  2.00e+03  1.33e-01 -1.00e+05
2015 11 02  2220   57328  80400   1.94e+00  2.05e-01  1.17e-01  6.63e-02  5.55e-02  2.61e-02  1.95e+03  1.24e+00 -1.00e+05
2015 11 02  2225   57328  80700   9.65e-01  2.30e-01  2.01e-01  6.01e-02  4.92e-02  2.41e-02  1.93e+03  1.33e-01 -1.00e+05
2015 11 02  2230   57328  81000   1.35e+00  2.62e-01  2.33e-01  1.91e-01  1.39e-01  5.64e-02  1.91e+03  1.33e-01 -1.00e+05
2015 11 02  2235   57328  81300   1.29e+00  1.54e-01  1.25e-01  8.44e-02  7.36e-02  5.29e-02  1.88e+03  1.33e-01 -1.00e+05
2015 11 02  2240   57328  81600   1.04e+00  1.24e-01  9.50e-02  5.47e-02  4.39e-02  2.31e-02  1.84e+03  2.98e+00 -1.00e+05
2015 11 02  2245   57328  81900   1.27e+00  1.66e-01  1.37e-01  8.37e-02  5.94e-02  2.61e-02  1.74e+03  1.62e+00 -1.00e+05
2015 11 02  2250   57328  82200   1.07e+00  1.23e-01  9.39e-02  5.36e-02  4.27e-02  2.20e-02  1.79e+03  2.41e+00 -1.00e+05
2015 11 02  2255   57328  82500   1.83e+00  2.09e-01  1.11e-01  5.78e-02  4.37e-02  2.20e-02  1.72e+03  3.44e+00 -1.00e+05
2015 11 02  2300   57328  82800   2.31e+00  3.36e-01  9.67e-02  5.47e-02  4.39e-02  2.31e-02  1.64e+03  1.83e+00 -1.00e+05
2015 11 02  2305   57328  83100   8.74e-01  1.36e-01  1.07e-01  6.63e-02  5.55e-02  2.61e-02  1.54e+03  3.85e-01 -1.00e+05
2015 11 02  2310   57328  83400   1.01e+00  2.17e-01  1.88e-01  1.48e-01  1.37e-01  5.23e-02  1.53e+03  1.33e-01 -1.00e+05
2015 11 02  2315   57328  83700   1.72e+00  2.32e-01  1.63e-01  1.15e-01  8.59e-02  3.42e-02  1.52e+03  8.54e-01 -1.00e+05
2015 11 02  2320   57328  84000   1.33e+00  1.59e-01  1.30e-01  5.36e-02  4.27e-02  2.20e-02  1.46e+03  2.37e+00 -1.00e+05
2015 11 02  2325   57328  84300   1.77e+00  1.95e-01  1.45e-01  5.36e-02  4.27e-02  2.20e-02  1.33e+03  2.49e+00 -1.00e+05
2015 11 02  2330   57328  84600   2.03e+00  1.84e-01  1.55e-01  1.14e-01  7.45e-02  4.54e-02  1.25e+03  3.77e-01 -1.00e+05
2015 11 02  2335   57328  84900   2.42e+00  2.05e-01  1.06e-01  5.36e-02  4.27e-02  2.20e-02  1.37e+03  1.67e+00 -1.00e+05
2015 11 02  2340   57328  85200   1.53e+00  1.89e-01  1.60e-01  6.21e-02  5.13e-02  3.06e-02  1.28e+03  1.33e-01 -1.00e+05
2015 11 02  2345   57328  85500   1.89e+00  2.00e-01  1.52e-01  7.20e-02  6.12e-02  4.05e-02  1.15e+03  9.60e-01 -1.00e+05
2015 11 02  2350   57328  85800   1.70e+00  2.30e-01  2.01e-01  1.41e-01  1.06e-01  4.02e-02  1.22e+03  1.33e-01 -1.00e+05
2015 11 02  2355   57328  86100   1.06e+00  1.23e-01  9.41e-02  5.38e-02  4.29e-02  2.21e-02  1.22e+03  2.80e+00 -1.00e+05
