:Data_list: 20150801_Gp_part_5m.txt
:Created: 2015 Aug 02 0011 UTC
# Prepared by the U.S. Dept. of Commerce, NOAA, Space Weather Prediction Center
# Please send comments and suggestions to SWPC.Webmaster@noaa.gov 
# 
# Label: P > 1 = Particles at >1 Mev
# Label: P > 5 = Particles at >5 Mev
# Label: P >10 = Particles at >10 Mev
# Label: P >30 = Particles at >30 Mev
# Label: P >50 = Particles at >50 Mev
# Label: P>100 = Particles at >100 Mev
# Label: E>0.8 = Electrons at >0.8 Mev
# Label: E>2.0 = Electrons at >2.0 Mev
# Label: E>4.0 = Electrons at >4.0 Mev
# Units: Particles = Protons/cm2-s-sr
# Units: Electrons = Electrons/cm2-s-sr
# Source: GOES-13
# Location: W075
# Missing data: -1.00e+05
#
#                      5-minute  GOES-13 Solar Particle and Electron Flux
#
#                 Modified Seconds
# UTC Date  Time   Julian  of the
# YR MO DA  HHMM    Day     Day     P > 1     P > 5     P >10     P >30     P >50     P>100     E>0.8     E>2.0     E>4.0
#-------------------------------------------------------------------------------------------------------------------------
2015 08 01  0000   57235      0   5.54e-01  1.26e-01  1.01e-01  6.84e-02  5.93e-02  2.70e-02  7.54e+02  2.67e+00 -1.00e+05
2015 08 01  0005   57235    300   6.84e-01  3.13e-01  1.51e-01  4.88e-02  3.97e-02  2.07e-02  7.57e+02  1.18e+00 -1.00e+05
2015 08 01  0010   57235    600   7.25e-01  2.07e-01  8.30e-02  4.88e-02  3.97e-02  2.07e-02  9.09e+02  1.33e-01 -1.00e+05
2015 08 01  0015   57235    900   2.81e-01  1.25e-01  1.00e-01  4.88e-02  3.97e-02  2.07e-02  1.04e+03  1.00e+00 -1.00e+05
2015 08 01  0020   57235   1200   2.98e-01  1.52e-01  1.28e-01  9.42e-02  6.99e-02  2.90e-02  1.11e+03  1.82e+00 -1.00e+05
2015 08 01  0025   57235   1500   4.73e-01  1.69e-01  1.25e-01  8.87e-02  7.96e-02  6.06e-02  1.11e+03  1.33e-01 -1.00e+05
2015 08 01  0030   57235   1800   7.94e-01  3.70e-01  3.22e-01  8.90e-02  4.54e-02  2.07e-02  1.17e+03  1.33e-01 -1.00e+05
2015 08 01  0035   57235   2100   7.80e-01  3.86e-01  2.03e-01  9.77e-02  8.46e-02  5.38e-02  8.16e+02  1.33e-01 -1.00e+05
2015 08 01  0040   57235   2400   5.32e-01  1.83e-01  1.58e-01  8.10e-02  7.18e-02  3.10e-02  1.20e+03  1.33e-01 -1.00e+05
2015 08 01  0045   57235   2700   6.54e-01  1.56e-01  1.09e-01  7.13e-02  5.50e-02  3.40e-02  1.61e+03  2.66e+00 -1.00e+05
2015 08 01  0050   57235   3000   7.11e-01  1.90e-01  8.96e-02  5.52e-02  4.11e-02  2.07e-02  1.64e+03  1.68e+00 -1.00e+05
2015 08 01  0055   57235   3300   6.71e-01  1.92e-01  9.47e-02  4.88e-02  3.97e-02  2.07e-02  1.32e+03  3.30e+00 -1.00e+05
2015 08 01  0100   57235   3600   4.28e-01  1.06e-01  8.16e-02  4.88e-02  3.97e-02  2.07e-02  9.67e+02  2.73e+00 -1.00e+05
2015 08 01  0105   57235   3900   5.86e-01  1.25e-01  1.00e-01  4.88e-02  3.97e-02  2.07e-02  9.80e+02  1.33e-01 -1.00e+05
2015 08 01  0110   57235   4200   7.96e-01  1.64e-01  1.39e-01  1.06e-01  9.69e-02  6.15e-02  1.60e+03  1.33e-01 -1.00e+05
2015 08 01  0115   57235   4500   2.11e+00  2.16e-01  1.74e-01  1.38e-01  1.14e-01  4.31e-02  2.89e+03  4.13e+00 -1.00e+05
2015 08 01  0120   57235   4800   1.08e+00  1.62e-01  1.37e-01  1.04e-01  7.57e-02  5.13e-02  4.19e+03  8.14e+00 -1.00e+05
2015 08 01  0125   57235   5100   2.00e+00  1.90e-01  1.65e-01  8.90e-02  7.98e-02  6.09e-02  5.36e+03  1.21e+01 -1.00e+05
2015 08 01  0130   57235   5400   5.54e+00  3.79e-01  1.41e-01  9.70e-02  5.49e-02  2.30e-02  6.69e+03  1.90e+01 -1.00e+05
2015 08 01  0135   57235   5700   3.11e+00  1.97e-01  1.00e-01  5.47e-02  4.55e-02  2.65e-02  5.77e+03  1.46e+01 -1.00e+05
2015 08 01  0140   57235   6000   2.15e+00  1.66e-01  1.18e-01  6.18e-02  4.26e-02  2.07e-02  4.80e+03  1.08e+01 -1.00e+05
2015 08 01  0145   57235   6300   1.68e+00  1.06e-01  8.16e-02  4.88e-02  3.97e-02  2.07e-02  4.77e+03  1.24e+01 -1.00e+05
2015 08 01  0150   57235   6600   1.59e+00  1.27e-01  1.03e-01  6.95e-02  5.27e-02  3.15e-02  4.95e+03  1.21e+01 -1.00e+05
2015 08 01  0155   57235   6900   2.48e+00  1.93e-01  1.06e-01  6.22e-02  5.30e-02  2.50e-02  4.97e+03  1.54e+01 -1.00e+05
2015 08 01  0200   57235   7200   1.52e+00  1.20e-01  9.49e-02  6.18e-02  4.26e-02  2.07e-02  4.79e+03  1.26e+01 -1.00e+05
2015 08 01  0205   57235   7500   1.88e+00  1.41e-01  1.16e-01  4.88e-02  3.97e-02  2.07e-02  5.01e+03  1.29e+01 -1.00e+05
2015 08 01  0210   57235   7800   2.76e+00  2.11e-01  1.13e-01  4.88e-02  3.97e-02  2.07e-02  4.42e+03  9.81e+00 -1.00e+05
2015 08 01  0215   57235   8100   3.08e+00  2.04e-01  1.04e-01  6.91e-02  4.48e-02  2.09e-02  4.76e+03  1.33e+01 -1.00e+05
2015 08 01  0220   57235   8400   3.31e+00  2.79e-01  1.12e-01  5.52e-02  4.11e-02  2.07e-02  4.58e+03  9.90e+00 -1.00e+05
2015 08 01  0225   57235   8700   1.83e+00  1.45e-01  1.20e-01  8.72e-02  7.81e-02  3.30e-02  4.56e+03  1.21e+01 -1.00e+05
2015 08 01  0230   57235   9000   1.93e+00  1.42e-01  1.17e-01  8.44e-02  7.53e-02  4.45e-02  4.39e+03  1.06e+01 -1.00e+05
2015 08 01  0235   57235   9300   1.53e+00  1.20e-01  9.49e-02  6.21e-02  5.29e-02  3.40e-02  3.58e+03  1.01e+01 -1.00e+05
2015 08 01  0240   57235   9600   1.26e+00  2.03e-01  1.78e-01  4.88e-02  3.97e-02  2.07e-02  3.64e+03  8.17e+00 -1.00e+05
2015 08 01  0245   57235   9900   1.32e+00  1.88e-01  1.39e-01  8.20e-02  4.54e-02  2.07e-02  3.47e+03  4.67e+00 -1.00e+05
2015 08 01  0250   57235  10200   1.13e+00  1.90e-01  1.65e-01  9.93e-02  9.01e-02  7.11e-02  3.52e+03  8.24e+00 -1.00e+05
2015 08 01  0255   57235  10500   1.22e+00  1.76e-01  1.30e-01  8.53e-02  7.40e-02  5.44e-02  3.65e+03  5.24e+00 -1.00e+05
2015 08 01  0300   57235  10800   1.30e+00  1.74e-01  1.49e-01  1.17e-01  1.08e-01  5.82e-02  3.73e+03  5.63e+00 -1.00e+05
2015 08 01  0305   57235  11100   1.64e+00  2.35e-01  1.87e-01  5.47e-02  4.55e-02  2.65e-02  3.82e+03  8.79e+00 -1.00e+05
2015 08 01  0310   57235  11400   1.88e+00  3.82e-01  1.96e-01  4.88e-02  3.97e-02  2.07e-02  3.80e+03  7.97e+00 -1.00e+05
2015 08 01  0315   57235  11700   1.01e+00  2.03e-01  1.78e-01  4.88e-02  3.97e-02  2.07e-02  3.73e+03  8.10e+00 -1.00e+05
2015 08 01  0320   57235  12000   1.31e+00  1.64e-01  1.39e-01  1.06e-01  9.69e-02  3.91e-02  3.61e+03  5.52e+00 -1.00e+05
2015 08 01  0325   57235  12300   8.60e-01  1.20e-01  9.49e-02  6.18e-02  4.26e-02  2.07e-02  3.80e+03  9.80e+00 -1.00e+05
2015 08 01  0330   57235  12600   1.56e+00  2.26e-01  1.29e-01  4.88e-02  3.97e-02  2.07e-02  3.99e+03  1.10e+01 -1.00e+05
2015 08 01  0335   57235  12900   9.05e-01  2.41e-01  2.17e-01  1.31e-01  1.21e-01  6.77e-02  3.97e+03  5.83e+00 -1.00e+05
2015 08 01  0340   57235  13200   6.93e-01  1.06e-01  8.16e-02  4.88e-02  3.97e-02  2.07e-02  3.89e+03  8.22e+00 -1.00e+05
2015 08 01  0345   57235  13500   9.24e-01  2.31e-01  1.83e-01  4.88e-02  3.97e-02  2.07e-02  3.98e+03  1.05e+01 -1.00e+05
2015 08 01  0350   57235  13800   1.22e+00  1.55e-01  1.30e-01  9.70e-02  7.42e-02  5.13e-02  3.46e+03  6.71e+00 -1.00e+05
2015 08 01  0355   57235  14100   1.42e+00  1.26e-01  1.01e-01  6.84e-02  5.82e-02  3.89e-02  4.69e+03  1.06e+01 -1.00e+05
2015 08 01  0400   57235  14400   1.95e+00  1.27e-01  1.02e-01  6.95e-02  6.04e-02  4.14e-02  5.62e+03  1.13e+01 -1.00e+05
2015 08 01  0405   57235  14700   2.56e+00  2.39e-01  1.41e-01  9.33e-02  4.54e-02  2.07e-02  5.09e+03  1.16e+01 -1.00e+05
2015 08 01  0410   57235  15000   1.82e+00  1.64e-01  1.40e-01  1.06e-01  8.72e-02  3.50e-02  4.75e+03  1.18e+01 -1.00e+05
2015 08 01  0415   57235  15300   1.70e+00  1.33e-01  1.08e-01  7.49e-02  4.55e-02  2.07e-02  5.14e+03  1.21e+01 -1.00e+05
2015 08 01  0420   57235  15600   1.90e+00  1.25e-01  1.00e-01  4.88e-02  3.97e-02  2.07e-02  5.53e+03  1.42e+01 -1.00e+05
2015 08 01  0425   57235  15900   2.69e+00  2.83e-01  2.58e-01  2.23e-01  1.44e-01  5.13e-02  5.92e+03  1.14e+01 -1.00e+05
2015 08 01  0430   57235  16200   2.74e+00  2.10e-01  1.85e-01  5.58e-02  4.19e-02  2.16e-02  6.51e+03  1.56e+01 -1.00e+05
2015 08 01  0435   57235  16500   5.87e+00  2.46e-01  1.09e-01  7.47e-02  6.55e-02  2.90e-02  6.99e+03  1.73e+01 -1.00e+05
2015 08 01  0440   57235  16800   5.45e+00  2.54e-01  1.21e-01  8.72e-02  7.81e-02  3.30e-02  7.27e+03  1.57e+01 -1.00e+05
2015 08 01  0445   57235  17100   3.31e+00  1.34e-01  8.59e-02  4.88e-02  3.97e-02  2.07e-02  7.49e+03  2.08e+01 -1.00e+05
2015 08 01  0450   57235  17400   4.44e+00  3.80e-01  2.00e-01  4.88e-02  3.97e-02  2.07e-02  7.22e+03  1.78e+01 -1.00e+05
2015 08 01  0455   57235  17700   2.35e+00  1.75e-01  1.51e-01  1.17e-01  9.35e-02  5.40e-02  6.87e+03  1.28e+01 -1.00e+05
2015 08 01  0500   57235  18000   2.33e+00  1.95e-01  1.70e-01  1.37e-01  1.28e-01  4.91e-02  6.89e+03  1.43e+01 -1.00e+05
2015 08 01  0505   57235  18300   2.66e+00  2.32e-01  1.83e-01  4.97e-02  4.06e-02  2.16e-02  7.13e+03  1.61e+01 -1.00e+05
2015 08 01  0510   57235  18600   2.17e+00  1.35e-01  1.10e-01  7.72e-02  6.80e-02  2.19e-02  7.39e+03  1.75e+01 -1.00e+05
2015 08 01  0515   57235  18900   2.73e+00  2.53e-01  2.04e-01  7.49e-02  4.55e-02  2.07e-02  6.78e+03  1.82e+01 -1.00e+05
2015 08 01  0520   57235  19200   2.12e+00  1.20e-01  9.49e-02  6.22e-02  5.30e-02  2.50e-02  7.16e+03  1.45e+01 -1.00e+05
2015 08 01  0525   57235  19500   2.65e+00  2.63e-01  2.38e-01  8.80e-02  4.85e-02  2.07e-02  7.67e+03  1.64e+01 -1.00e+05
2015 08 01  0530   57235  19800   4.89e+00  3.98e-01  1.08e-01  7.47e-02  6.55e-02  2.90e-02  7.63e+03  1.52e+01 -1.00e+05
2015 08 01  0535   57235  20100   2.14e+00  1.79e-01  1.54e-01  1.20e-01  8.06e-02  3.10e-02  7.69e+03  1.41e+01 -1.00e+05
2015 08 01  0540   57235  20400   2.24e+00  1.93e-01  1.68e-01  1.35e-01  1.26e-01  6.24e-02  8.16e+03  1.52e+01 -1.00e+05
2015 08 01  0545   57235  20700   2.51e+00  2.02e-01  1.78e-01  1.13e-01  1.04e-01  4.54e-02  8.59e+03  1.61e+01 -1.00e+05
2015 08 01  0550   57235  21000   2.58e+00  1.88e-01  1.40e-01  8.29e-02  4.63e-02  2.16e-02  8.58e+03  1.53e+01 -1.00e+05
2015 08 01  0555   57235  21300   2.16e+00  2.03e-01  1.78e-01  4.88e-02  3.97e-02  2.07e-02  8.55e+03  1.98e+01 -1.00e+05
2015 08 01  0600   57235  21600   1.91e+00  1.25e-01  1.00e-01  4.88e-02  3.97e-02  2.07e-02  8.56e+03  2.07e+01 -1.00e+05
2015 08 01  0605   57235  21900   4.02e+00  4.25e-01  2.36e-01  1.22e-01  7.14e-02  2.70e-02  8.87e+03  1.65e+01 -1.00e+05
2015 08 01  0610   57235  22200   2.14e+00  1.43e-01  1.18e-01  8.36e-02  4.55e-02  2.07e-02  8.91e+03  1.90e+01 -1.00e+05
2015 08 01  0615   57235  22500   2.05e+00  2.16e-01  1.91e-01  7.41e-02  6.18e-02  3.31e-02  8.91e+03  1.57e+01 -1.00e+05
2015 08 01  0620   57235  22800   1.82e+00  1.53e-01  1.29e-01  9.45e-02  5.00e-02  2.07e-02  8.91e+03  1.70e+01 -1.00e+05
2015 08 01  0625   57235  23100   1.92e+00  1.10e-01  8.50e-02  5.22e-02  4.30e-02  2.41e-02  8.91e+03  2.09e+01 -1.00e+05
2015 08 01  0630   57235  23400   2.23e+00  1.34e-01  8.59e-02  4.88e-02  3.97e-02  2.07e-02  8.91e+03  1.72e+01 -1.00e+05
2015 08 01  0635   57235  23700   2.37e+00  1.60e-01  1.11e-01  5.52e-02  4.11e-02  2.07e-02  8.91e+03  1.67e+01 -1.00e+05
2015 08 01  0640   57235  24000   2.20e+00  2.97e-01  2.72e-01  2.38e-01  1.59e-01  4.91e-02  8.91e+03  1.78e+01 -1.00e+05
2015 08 01  0645   57235  24300   2.16e+00  1.61e-01  1.13e-01  7.49e-02  4.55e-02  2.07e-02  8.91e+03  1.59e+01 -1.00e+05
2015 08 01  0650   57235  24600   2.27e+00  1.57e-01  1.33e-01  9.98e-02  9.06e-02  3.71e-02  9.33e+03  2.14e+01 -1.00e+05
2015 08 01  0655   57235  24900   2.00e+00  1.25e-01  1.00e-01  4.88e-02  3.97e-02  2.07e-02  9.41e+03  2.02e+01 -1.00e+05
2015 08 01  0700   57235  25200   2.29e+00  2.50e-01  2.26e-01  1.36e-01  7.98e-02  2.90e-02  9.42e+03  1.78e+01 -1.00e+05
2015 08 01  0705   57235  25500   1.86e+00  1.37e-01  1.12e-01  7.95e-02  7.03e-02  5.13e-02  9.54e+03  1.96e+01 -1.00e+05
2015 08 01  0710   57235  25800   1.90e+00  1.43e-01  1.19e-01  7.20e-02  6.29e-02  4.39e-02  9.53e+03  1.87e+01 -1.00e+05
2015 08 01  0715   57235  26100   1.89e+00  1.06e-01  8.16e-02  4.88e-02  3.97e-02  2.07e-02  9.44e+03  2.05e+01 -1.00e+05
2015 08 01  0720   57235  26400   1.97e+00  1.36e-01  1.11e-01  7.82e-02  6.90e-02  4.25e-02  9.82e+03  2.11e+01 -1.00e+05
2015 08 01  0725   57235  26700   2.33e+00  1.20e-01  9.49e-02  6.21e-02  5.29e-02  3.40e-02  1.02e+04  2.29e+01 -1.00e+05
2015 08 01  0730   57235  27000   2.11e+00  1.43e-01  1.18e-01  8.36e-02  4.55e-02  2.07e-02  1.04e+04  2.18e+01 -1.00e+05
2015 08 01  0735   57235  27300   2.10e+00  1.20e-01  9.49e-02  6.18e-02  4.26e-02  2.07e-02  1.04e+04  2.40e+01 -1.00e+05
2015 08 01  0740   57235  27600   2.75e+00  2.00e-01  1.76e-01  1.12e-01  1.03e-01  4.11e-02  1.08e+04  2.41e+01 -1.00e+05
2015 08 01  0745   57235  27900   3.14e+00  2.29e-01  1.72e-01  1.32e-01  9.79e-02  3.71e-02  1.06e+04  2.42e+01 -1.00e+05
2015 08 01  0750   57235  28200   2.34e+00  1.25e-01  1.00e-01  4.88e-02  3.97e-02  2.07e-02  1.05e+04  2.70e+01 -1.00e+05
2015 08 01  0755   57235  28500   4.01e+00  3.45e-01  2.00e-01  4.97e-02  4.06e-02  2.16e-02  1.10e+04  2.81e+01 -1.00e+05
2015 08 01  0800   57235  28800   2.69e+00  2.48e-01  2.23e-01  9.40e-02  5.63e-02  2.90e-02  1.11e+04  2.56e+01 -1.00e+05
2015 08 01  0805   57235  29100   2.61e+00  1.47e-01  1.23e-01  8.98e-02  8.06e-02  4.28e-02  1.10e+04  2.38e+01 -1.00e+05
2015 08 01  0810   57235  29400   3.52e+00  1.93e-01  1.11e-01  6.84e-02  5.93e-02  2.70e-02  1.12e+04  2.73e+01 -1.00e+05
2015 08 01  0815   57235  29700   5.06e+00  2.76e-01  1.21e-01  8.72e-02  7.81e-02  3.30e-02  1.17e+04  2.84e+01 -1.00e+05
2015 08 01  0820   57235  30000   3.09e+00  1.57e-01  1.32e-01  8.94e-02  8.02e-02  6.12e-02  1.17e+04  2.65e+01 -1.00e+05
2015 08 01  0825   57235  30300   5.13e+00  2.44e-01  9.86e-02  6.46e-02  5.54e-02  3.64e-02  1.18e+04  2.93e+01 -1.00e+05
2015 08 01  0830   57235  30600   2.94e+00  2.83e-01  2.58e-01  9.40e-02  5.63e-02  2.90e-02  1.20e+04  3.03e+01 -1.00e+05
2015 08 01  0835   57235  30900   3.04e+00  1.71e-01  1.46e-01  1.13e-01  9.35e-02  3.71e-02  1.22e+04  2.94e+01 -1.00e+05
2015 08 01  0840   57235  31200   2.60e+00  1.41e-01  1.17e-01  6.95e-02  6.04e-02  4.14e-02  1.22e+04  3.11e+01 -1.00e+05
2015 08 01  0845   57235  31500   2.53e+00  1.06e-01  8.16e-02  4.88e-02  3.97e-02  2.07e-02  1.19e+04  2.92e+01 -1.00e+05
2015 08 01  0850   57235  31800   2.62e+00  1.20e-01  9.49e-02  6.22e-02  5.30e-02  2.50e-02  1.23e+04  3.30e+01 -1.00e+05
2015 08 01  0855   57235  32100   4.30e+00  2.35e-01  1.39e-01  9.14e-02  5.38e-02  2.90e-02  1.23e+04  3.15e+01 -1.00e+05
2015 08 01  0900   57235  32400   3.13e+00  1.81e-01  1.56e-01  7.95e-02  7.03e-02  5.13e-02  1.23e+04  3.24e+01 -1.00e+05
2015 08 01  0905   57235  32700   2.93e+00  1.10e-01  8.50e-02  5.22e-02  4.30e-02  2.41e-02  1.23e+04  3.22e+01 -1.00e+05
2015 08 01  0910   57235  33000   2.85e+00  1.25e-01  1.00e-01  4.88e-02  3.97e-02  2.07e-02  1.25e+04  3.10e+01 -1.00e+05
2015 08 01  0915   57235  33300   2.76e+00  1.82e-01  1.58e-01  1.25e-01  1.11e-01  4.56e-02  1.23e+04  3.00e+01 -1.00e+05
2015 08 01  0920   57235  33600   3.25e+00  2.03e-01  1.58e-01  8.90e-02  7.98e-02  6.09e-02  1.23e+04  2.88e+01 -1.00e+05
2015 08 01  0925   57235  33900   2.56e+00  1.56e-01  1.31e-01  9.69e-02  5.31e-02  2.41e-02  1.23e+04  3.25e+01 -1.00e+05
2015 08 01  0930   57235  34200   4.23e+00  2.25e-01  1.03e-01  6.85e-02  5.93e-02  3.91e-02  1.23e+04  2.89e+01 -1.00e+05
2015 08 01  0935   57235  34500   6.46e+00  3.45e-01  1.78e-01  1.44e-01  1.35e-01  7.54e-02  1.29e+04  3.71e+01 -1.00e+05
2015 08 01  0940   57235  34800   3.08e+00  1.29e-01  1.04e-01  7.13e-02  5.50e-02  3.40e-02  1.24e+04  3.29e+01 -1.00e+05
2015 08 01  0945   57235  35100   3.27e+00  1.35e-01  1.10e-01  7.72e-02  6.80e-02  2.19e-02  1.29e+04  3.42e+01 -1.00e+05
2015 08 01  0950   57235  35400   6.28e+00  3.03e-01  1.02e-01  6.84e-02  5.93e-02  2.70e-02  1.30e+04  3.42e+01 -1.00e+05
2015 08 01  0955   57235  35700   4.13e+00  2.31e-01  1.83e-01  4.88e-02  3.97e-02  2.07e-02  1.31e+04  4.12e+01 -1.00e+05
2015 08 01  1000   57235  36000   3.57e+00  1.41e-01  1.16e-01  8.20e-02  4.54e-02  2.07e-02  1.36e+04  4.03e+01 -1.00e+05
2015 08 01  1005   57235  36300   8.08e+00  4.56e-01  1.84e-01  8.19e-02  7.28e-02  5.38e-02  1.43e+04  3.91e+01 -1.00e+05
2015 08 01  1010   57235  36600   6.28e+00  2.29e-01  1.31e-01  9.68e-02  8.76e-02  6.86e-02  1.43e+04  4.43e+01 -1.00e+05
2015 08 01  1015   57235  36900   5.26e+00  1.34e-01  8.59e-02  4.88e-02  3.97e-02  2.07e-02  1.43e+04  4.61e+01 -1.00e+05
2015 08 01  1020   57235  37200   3.29e+00  1.20e-01  9.49e-02  6.22e-02  5.30e-02  2.50e-02  1.43e+04  4.79e+01 -1.00e+05
2015 08 01  1025   57235  37500   4.37e+00  2.05e-01  1.58e-01  7.70e-02  6.78e-02  4.88e-02  1.45e+04  4.58e+01 -1.00e+05
2015 08 01  1030   57235  37800   3.74e+00  1.06e-01  8.16e-02  4.88e-02  3.97e-02  2.07e-02  1.50e+04  5.22e+01 -1.00e+05
2015 08 01  1035   57235  38100   6.12e+00  2.42e-01  1.43e-01  1.08e-01  6.70e-02  3.89e-02  1.46e+04  4.98e+01 -1.00e+05
2015 08 01  1040   57235  38400   4.14e+00  1.49e-01  1.25e-01  9.18e-02  8.27e-02  6.37e-02  1.46e+04  4.88e+01 -1.00e+05
2015 08 01  1045   57235  38700   3.56e+00  1.63e-01  1.38e-01  8.51e-02  4.55e-02  2.07e-02  1.45e+04  4.45e+01 -1.00e+05
2015 08 01  1050   57235  39000   3.75e+00  1.26e-01  1.02e-01  6.83e-02  4.41e-02  2.07e-02  1.43e+04  5.07e+01 -1.00e+05
2015 08 01  1055   57235  39300   3.51e+00  1.06e-01  8.16e-02  4.88e-02  3.97e-02  2.07e-02  1.48e+04  5.22e+01 -1.00e+05
2015 08 01  1100   57235  39600   3.86e+00  2.56e-01  2.31e-01  1.35e-01  8.68e-02  4.27e-02  1.46e+04  4.98e+01 -1.00e+05
2015 08 01  1105   57235  39900   3.48e+00  1.10e-01  8.50e-02  5.22e-02  4.30e-02  2.41e-02  1.49e+04  5.40e+01 -1.00e+05
2015 08 01  1110   57235  40200   5.48e+00  2.53e-01  1.39e-01  8.14e-02  4.70e-02  2.07e-02  1.47e+04  5.10e+01 -1.00e+05
2015 08 01  1115   57235  40500   3.27e+00  1.06e-01  8.16e-02  4.88e-02  3.97e-02  2.07e-02  1.43e+04  4.92e+01 -1.00e+05
2015 08 01  1120   57235  40800   5.55e+00  2.07e-01  8.30e-02  4.88e-02  3.97e-02  2.07e-02  1.43e+04  5.01e+01 -1.00e+05
2015 08 01  1125   57235  41100   3.22e+00  1.52e-01  1.19e-01  8.44e-02  7.53e-02  4.45e-02  1.43e+04  4.80e+01 -1.00e+05
2015 08 01  1130   57235  41400   3.79e+00  1.72e-01  1.23e-01  5.22e-02  4.30e-02  2.41e-02  1.43e+04  4.94e+01 -1.00e+05
2015 08 01  1135   57235  41700   3.75e+00  1.39e-01  1.15e-01  8.19e-02  7.28e-02  5.38e-02  1.43e+04  4.95e+01 -1.00e+05
2015 08 01  1140   57235  42000   3.06e+00  1.07e-01  8.25e-02  4.97e-02  4.06e-02  2.16e-02  1.47e+04  4.87e+01 -1.00e+05
2015 08 01  1145   57235  42300   5.04e+00  1.84e-01  1.37e-01  9.99e-02  7.11e-02  4.63e-02  1.48e+04  4.98e+01 -1.00e+05
2015 08 01  1150   57235  42600   5.23e+00  1.06e-01  8.16e-02  4.88e-02  3.97e-02  2.07e-02  1.53e+04  6.05e+01 -1.00e+05
2015 08 01  1155   57235  42900   4.72e+00  1.63e-01  1.38e-01  1.04e-01  8.02e-02  2.20e-02  1.52e+04  5.37e+01 -1.00e+05
2015 08 01  1200   57235  43200   7.14e+00  1.36e-01  1.11e-01  6.21e-02  5.29e-02  3.40e-02  1.58e+04  6.28e+01 -1.00e+05
2015 08 01  1205   57235  43500   1.16e+01  2.97e-01  1.06e-01  4.97e-02  4.06e-02  2.16e-02  1.66e+04  6.27e+01 -1.00e+05
2015 08 01  1210   57235  43800   8.13e+00  1.34e-01  8.59e-02  4.88e-02  3.97e-02  2.07e-02  1.57e+04  6.00e+01 -1.00e+05
2015 08 01  1215   57235  44100   9.55e+00  3.36e-01  2.38e-01  9.45e-02  5.00e-02  2.07e-02  1.60e+04  6.82e+01 -1.00e+05
2015 08 01  1220   57235  44400   1.39e+01  2.66e-01  1.22e-01  8.77e-02  7.86e-02  5.73e-02  1.74e+04  6.79e+01 -1.00e+05
2015 08 01  1225   57235  44700   1.15e+01  2.38e-01  9.62e-02  6.22e-02  5.30e-02  2.50e-02  1.48e+04  6.74e+01 -1.00e+05
2015 08 01  1230   57235  45000   8.87e+00  3.02e-01  2.05e-01  6.18e-02  4.26e-02  2.07e-02  1.60e+04  6.17e+01 -1.00e+05
2015 08 01  1235   57235  45300   9.17e+00  2.02e-01  1.05e-01  5.96e-02  5.05e-02  3.15e-02  1.67e+04  7.02e+01 -1.00e+05
2015 08 01  1240   57235  45600   6.07e+00  1.41e-01  1.17e-01  8.40e-02  7.48e-02  2.20e-02  1.62e+04  6.72e+01 -1.00e+05
2015 08 01  1245   57235  45900   1.01e+01  2.09e-01  1.13e-01  4.96e-02  4.05e-02  2.09e-02  1.69e+04  7.48e+01 -1.00e+05
2015 08 01  1250   57235  46200   1.26e+01  2.29e-01  8.29e-02  4.88e-02  3.97e-02  2.07e-02  1.61e+04  7.20e+01 -1.00e+05
2015 08 01  1255   57235  46500   7.61e+00  1.51e-01  1.26e-01  9.20e-02  5.13e-02  2.65e-02  1.60e+04  7.60e+01 -1.00e+05
2015 08 01  1300   57235  46800   1.20e+01  2.82e-01  1.63e-01  1.13e-01  8.47e-02  3.73e-02  1.78e+04  7.84e+01 -1.00e+05
2015 08 01  1305   57235  47100   7.26e+00  1.25e-01  9.98e-02  6.71e-02  5.79e-02  3.89e-02  1.70e+04  8.00e+01 -1.00e+05
2015 08 01  1310   57235  47400   8.20e+00  1.32e-01  1.07e-01  5.52e-02  4.11e-02  2.07e-02  1.72e+04  8.35e+01 -1.00e+05
2015 08 01  1315   57235  47700   1.52e+01  5.98e-01  4.06e-01  1.55e-01  9.54e-02  4.47e-02  1.85e+04  8.57e+01 -1.00e+05
2015 08 01  1320   57235  48000   8.99e+00  1.13e-01  8.87e-02  5.59e-02  4.67e-02  2.30e-02  1.90e+04  9.65e+01 -1.00e+05
2015 08 01  1325   57235  48300   2.03e+01  5.02e-01  2.27e-01  7.49e-02  4.55e-02  2.07e-02  1.89e+04  9.93e+01 -1.00e+05
2015 08 01  1330   57235  48600   8.73e+00  1.06e-01  8.16e-02  4.88e-02  3.97e-02  2.07e-02  1.89e+04  9.60e+01 -1.00e+05
2015 08 01  1335   57235  48900   9.64e+00  2.01e-01  1.76e-01  1.44e-01  1.34e-01  5.11e-02  1.88e+04  9.30e+01 -1.00e+05
2015 08 01  1340   57235  49200   1.58e+01  2.29e-01  8.29e-02  4.88e-02  3.97e-02  2.07e-02  1.84e+04  9.15e+01 -1.00e+05
2015 08 01  1345   57235  49500   9.52e+00  1.70e-01  1.45e-01  4.88e-02  3.97e-02  2.07e-02  1.91e+04  9.57e+01 -1.00e+05
2015 08 01  1350   57235  49800   1.13e+01  1.55e-01  1.17e-01  8.16e-02  5.74e-02  2.50e-02  1.95e+04  1.01e+02 -1.00e+05
2015 08 01  1355   57235  50100   9.57e+00  1.06e-01  8.16e-02  4.88e-02  3.97e-02  2.07e-02  1.96e+04  1.00e+02 -1.00e+05
2015 08 01  1400   57235  50400   1.25e+01  2.00e-01  1.23e-01  8.10e-02  6.71e-02  2.97e-02  1.88e+04  9.09e+01 -1.00e+05
2015 08 01  1405   57235  50700   9.57e+00  1.22e-01  9.73e-02  6.42e-02  4.57e-02  2.41e-02  1.93e+04  9.59e+01 -1.00e+05
2015 08 01  1410   57235  51000   9.69e+00  2.14e-01  1.89e-01  6.21e-02  5.29e-02  3.40e-02  1.98e+04  1.07e+02 -1.00e+05
2015 08 01  1415   57235  51300   1.48e+01  3.35e-01  2.38e-01  9.57e-02  5.38e-02  2.90e-02  1.89e+04  9.79e+01 -1.00e+05
2015 08 01  1420   57235  51600   8.98e+00  1.06e-01  8.16e-02  4.88e-02  3.97e-02  2.07e-02  1.90e+04  9.86e+01 -1.00e+05
2015 08 01  1425   57235  51900   1.43e+01  2.89e-01  1.91e-01  4.88e-02  3.97e-02  2.07e-02  1.93e+04  1.00e+02 -1.00e+05
2015 08 01  1430   57235  52200   9.62e+00  1.82e-01  1.58e-01  9.18e-02  8.27e-02  6.37e-02  1.94e+04  9.96e+01 -1.00e+05
2015 08 01  1435   57235  52500   1.22e+01  1.98e-01  1.43e-01  5.99e-02  5.04e-02  3.11e-02  1.98e+04  1.04e+02 -1.00e+05
2015 08 01  1440   57235  52800   9.62e+00  1.56e-01  1.32e-01  9.73e-02  5.09e-02  2.08e-02  1.98e+04  1.06e+02 -1.00e+05
2015 08 01  1445   57235  53100   9.07e+00  1.07e-01  8.29e-02  4.96e-02  4.02e-02  2.08e-02  1.97e+04  1.08e+02 -1.00e+05
2015 08 01  1450   57235  53400   7.93e+00  1.07e-01  8.29e-02  4.96e-02  4.02e-02  2.08e-02  1.93e+04  1.03e+02 -1.00e+05
2015 08 01  1455   57235  53700   9.39e+00  1.62e-01  1.10e-01  7.12e-02  6.01e-02  4.02e-02  1.98e+04  1.05e+02 -1.00e+05
2015 08 01  1500   57235  54000   1.45e+01  2.12e-01  8.45e-02  4.96e-02  4.02e-02  2.08e-02  1.99e+04  1.07e+02 -1.00e+05
2015 08 01  1505   57235  54300   7.52e+00  1.07e-01  8.29e-02  4.96e-02  4.02e-02  2.08e-02  1.96e+04  1.02e+02 -1.00e+05
2015 08 01  1510   57235  54600   9.65e+00  1.57e-01  1.33e-01  9.70e-02  8.76e-02  6.82e-02  2.15e+04  1.21e+02 -1.00e+05
2015 08 01  1515   57235  54900   1.02e+01  2.63e-01  2.10e-01  9.28e-02  7.32e-02  5.09e-02  1.91e+04  9.55e+01 -1.00e+05
2015 08 01  1520   57235  55200   1.12e+01  1.15e-01  9.06e-02  5.74e-02  4.80e-02  2.86e-02  1.97e+04  1.09e+02 -1.00e+05
2015 08 01  1525   57235  55500   1.22e+01  1.66e-01  1.11e-01  7.11e-02  4.50e-02  2.08e-02  2.07e+04  1.14e+02 -1.00e+05
2015 08 01  1530   57235  55800   1.13e+01  1.91e-01  1.67e-01  1.33e-01  1.12e-01  4.32e-02  2.03e+04  1.11e+02 -1.00e+05
2015 08 01  1535   57235  56100   1.99e+01  2.41e-01  1.00e-01  4.96e-02  4.02e-02  2.08e-02  1.92e+04  1.07e+02 -1.00e+05
2015 08 01  1540   57235  56400   1.05e+01  1.32e-01  1.08e-01  7.48e-02  6.53e-02  4.60e-02  1.95e+04  1.11e+02 -1.00e+05
2015 08 01  1545   57235  56700   1.10e+01  2.04e-01  1.80e-01  1.18e-01  1.09e-01  4.29e-02  1.98e+04  1.09e+02 -1.00e+05
2015 08 01  1550   57235  57000   1.10e+01  1.32e-01  1.08e-01  7.48e-02  6.53e-02  4.60e-02  1.98e+04  1.22e+02 -1.00e+05
2015 08 01  1555   57235  57300   9.53e+00  1.39e-01  1.15e-01  8.22e-02  7.27e-02  5.34e-02  1.93e+04  1.06e+02 -1.00e+05
2015 08 01  1600   57235  57600   1.50e+01  2.36e-01  1.18e-01  8.27e-02  7.33e-02  3.84e-02  1.87e+04  1.06e+02 -1.00e+05
2015 08 01  1605   57235  57900   1.17e+01  2.65e-01  1.61e-01  5.00e-02  4.05e-02  2.12e-02  1.82e+04  9.18e+01 -1.00e+05
2015 08 01  1610   57235  58200   1.24e+01  1.97e-01  9.32e-02  5.80e-02  4.21e-02  2.08e-02  1.82e+04  9.37e+01 -1.00e+05
2015 08 01  1615   57235  58500   8.94e+00  1.55e-01  1.01e-01  6.24e-02  5.29e-02  3.36e-02  1.77e+04  8.66e+01 -1.00e+05
2015 08 01  1620   57235  58800   8.95e+00  1.07e-01  8.29e-02  4.96e-02  4.02e-02  2.08e-02  2.03e+04  1.17e+02 -1.00e+05
2015 08 01  1625   57235  59100   9.01e+00  1.50e-01  1.26e-01  9.16e-02  5.76e-02  3.11e-02  2.08e+04  1.11e+02 -1.00e+05
2015 08 01  1630   57235  59400   1.19e+01  1.88e-01  8.46e-02  4.96e-02  4.02e-02  2.08e-02  1.99e+04  1.08e+02 -1.00e+05
2015 08 01  1635   57235  59700   6.70e+00  2.27e-01  2.03e-01  7.11e-02  4.50e-02  2.08e-02  2.01e+04  1.06e+02 -1.00e+05
2015 08 01  1640   57235  60000   1.98e+01  2.76e-01  8.42e-02  4.96e-02  4.02e-02  2.08e-02  2.20e+04  1.28e+02 -1.00e+05
2015 08 01  1645   57235  60300   8.78e+00  1.29e-01  1.05e-01  7.11e-02  4.50e-02  2.08e-02  2.15e+04  1.26e+02 -1.00e+05
2015 08 01  1650   57235  60600   6.15e+00  1.88e-01  1.64e-01  1.31e-01  1.21e-01  4.70e-02  1.90e+04  9.57e+01 -1.00e+05
2015 08 01  1655   57235  60900   1.09e+01  2.11e-01  1.11e-01  6.39e-02  5.45e-02  3.24e-02  1.89e+04  9.59e+01 -1.00e+05
2015 08 01  1700   57235  61200   6.87e+00  2.49e-01  2.25e-01  8.68e-02  5.84e-02  3.36e-02  1.93e+04  9.56e+01 -1.00e+05
2015 08 01  1705   57235  61500   1.16e+01  2.08e-01  1.05e-01  6.98e-02  6.04e-02  4.10e-02  1.96e+04  9.39e+01 -1.00e+05
2015 08 01  1710   57235  61800   1.20e+01  2.22e-01  9.47e-02  5.99e-02  5.04e-02  3.11e-02  2.00e+04  9.88e+01 -1.00e+05
2015 08 01  1715   57235  62100   6.52e+00  1.15e-01  9.06e-02  5.74e-02  4.80e-02  2.86e-02  2.05e+04  9.57e+01 -1.00e+05
2015 08 01  1720   57235  62400   5.66e+00  1.07e-01  8.29e-02  4.96e-02  4.02e-02  2.08e-02  2.03e+04  9.53e+01 -1.00e+05
2015 08 01  1725   57235  62700   9.31e+00  2.02e-01  9.87e-02  6.36e-02  4.94e-02  2.86e-02  2.07e+04  9.86e+01 -1.00e+05
2015 08 01  1730   57235  63000   5.90e+00  1.95e-01  1.71e-01  7.06e-02  4.96e-02  2.28e-02  2.05e+04  9.59e+01 -1.00e+05
2015 08 01  1735   57235  63300   5.29e+00  1.98e-01  1.74e-01  4.96e-02  4.02e-02  2.08e-02  2.04e+04  9.10e+01 -1.00e+05
2015 08 01  1740   57235  63600   5.75e+00  1.87e-01  1.62e-01  8.08e-02  7.13e-02  3.08e-02  2.05e+04  9.63e+01 -1.00e+05
2015 08 01  1745   57235  63900   4.74e+00  1.91e-01  1.67e-01  6.45e-02  4.36e-02  2.08e-02  2.07e+04  9.45e+01 -1.00e+05
2015 08 01  1750   57235  64200   6.33e+00  2.36e-01  1.81e-01  5.14e-02  4.06e-02  2.08e-02  2.06e+04  9.54e+01 -1.00e+05
2015 08 01  1755   57235  64500   4.87e+00  1.80e-01  1.56e-01  1.22e-01  8.54e-02  3.29e-02  2.07e+04  9.40e+01 -1.00e+05
2015 08 01  1800   57235  64800   5.69e+00  1.20e-01  9.56e-02  6.24e-02  5.29e-02  3.36e-02  2.08e+04  1.04e+02 -1.00e+05
2015 08 01  1805   57235  65100   4.90e+00  1.66e-01  1.42e-01  9.71e-02  5.88e-02  3.36e-02  2.04e+04  9.46e+01 -1.00e+05
2015 08 01  1810   57235  65400   9.00e+00  4.12e-01  1.97e-01  5.14e-02  4.06e-02  2.08e-02  1.99e+04  9.82e+01 -1.00e+05
2015 08 01  1815   57235  65700   3.96e+00  1.29e-01  1.05e-01  7.11e-02  4.50e-02  2.08e-02  1.98e+04  9.62e+01 -1.00e+05
2015 08 01  1820   57235  66000   3.65e+00  1.07e-01  8.29e-02  4.96e-02  4.02e-02  2.08e-02  1.99e+04  9.31e+01 -1.00e+05
2015 08 01  1825   57235  66300   4.95e+00  2.12e-01  1.27e-01  8.27e-02  7.33e-02  3.84e-02  1.94e+04  8.82e+01 -1.00e+05
2015 08 01  1830   57235  66600   3.60e+00  1.43e-01  1.18e-01  8.42e-02  4.80e-02  2.08e-02  1.95e+04  9.06e+01 -1.00e+05
2015 08 01  1835   57235  66900   3.45e+00  1.07e-01  8.29e-02  4.96e-02  4.02e-02  2.08e-02  1.94e+04  9.40e+01 -1.00e+05
2015 08 01  1840   57235  67200   3.97e+00  1.07e-01  8.29e-02  4.96e-02  4.02e-02  2.08e-02  1.90e+04  8.53e+01 -1.00e+05
2015 08 01  1845   57235  67500   3.66e+00  1.37e-01  1.13e-01  7.08e-02  5.87e-02  3.85e-02  1.84e+04  7.99e+01 -1.00e+05
2015 08 01  1850   57235  67800   4.21e+00  1.33e-01  1.09e-01  7.55e-02  6.61e-02  3.27e-02  1.87e+04  7.73e+01 -1.00e+05
2015 08 01  1855   57235  68100   6.11e+00  2.32e-01  1.31e-01  8.41e-02  6.53e-02  4.32e-02  1.97e+04  8.46e+01 -1.00e+05
2015 08 01  1900   57235  68400   5.18e+00  1.99e-01  1.75e-01  1.41e-01  9.94e-02  3.69e-02  2.01e+04  9.20e+01 -1.00e+05
2015 08 01  1905   57235  68700   6.06e+00  2.06e-01  1.51e-01  9.75e-02  5.13e-02  2.12e-02  2.03e+04  9.26e+01 -1.00e+05
2015 08 01  1910   57235  69000   7.36e+00  2.47e-01  1.75e-01  1.34e-01  1.24e-01  8.00e-02  2.12e+04  1.00e+02 -1.00e+05
2015 08 01  1915   57235  69300   5.17e+00  1.21e-01  9.70e-02  6.36e-02  4.94e-02  2.86e-02  2.09e+04  1.00e+02 -1.00e+05
2015 08 01  1920   57235  69600   4.69e+00  1.07e-01  8.29e-02  4.96e-02  4.02e-02  2.08e-02  2.07e+04  9.99e+01 -1.00e+05
2015 08 01  1925   57235  69900   4.74e+00  1.07e-01  8.29e-02  4.96e-02  4.02e-02  2.08e-02  2.04e+04  9.97e+01 -1.00e+05
2015 08 01  1930   57235  70200   4.47e+00  2.00e-01  1.76e-01  1.39e-01  9.59e-02  7.07e-02  2.00e+04  9.04e+01 -1.00e+05
2015 08 01  1935   57235  70500   6.71e+00  2.01e-01  9.72e-02  4.96e-02  4.02e-02  2.08e-02  1.98e+04  9.26e+01 -1.00e+05
2015 08 01  1940   57235  70800   4.33e+00  1.50e-01  1.26e-01  9.27e-02  8.33e-02  5.51e-02  1.94e+04  8.37e+01 -1.00e+05
2015 08 01  1945   57235  71100   6.28e+00  2.46e-01  1.42e-01  4.96e-02  4.02e-02  2.08e-02  1.93e+04  9.17e+01 -1.00e+05
2015 08 01  1950   57235  71400   3.48e+00  1.76e-01  1.52e-01  1.18e-01  1.09e-01  4.29e-02  1.78e+04  7.58e+01 -1.00e+05
2015 08 01  1955   57235  71700   3.56e+00  1.57e-01  1.33e-01  9.96e-02  9.01e-02  3.69e-02  1.78e+04  7.42e+01 -1.00e+05
2015 08 01  2000   57235  72000   3.91e+00  1.83e-01  1.59e-01  5.80e-02  4.21e-02  2.08e-02  1.78e+04  7.70e+01 -1.00e+05
2015 08 01  2005   57235  72300   3.77e+00  1.78e-01  1.52e-01  1.19e-01  1.09e-01  6.68e-02  1.79e+04  7.96e+01 -1.00e+05
2015 08 01  2010   57235  72600   3.14e+00  1.29e-01  1.05e-01  7.11e-02  4.50e-02  2.08e-02  1.78e+04  7.70e+01 -1.00e+05
2015 08 01  2015   57235  72900   3.03e+00  1.07e-01  8.29e-02  4.96e-02  4.02e-02  2.08e-02  1.72e+04  6.72e+01 -1.00e+05
2015 08 01  2020   57235  73200   3.26e+00  1.42e-01  1.18e-01  8.47e-02  7.52e-02  5.59e-02  1.79e+04  7.86e+01 -1.00e+05
2015 08 01  2025   57235  73500   7.45e+00  2.50e-01  1.22e-01  8.62e-02  5.06e-02  2.37e-02  1.73e+04  7.23e+01 -1.00e+05
2015 08 01  2030   57235  73800   3.16e+00  1.11e-01  8.67e-02  5.35e-02  4.32e-02  2.37e-02  1.67e+04  7.16e+01 -1.00e+05
2015 08 01  2035   57235  74100   3.97e+00  1.07e-01  8.29e-02  4.96e-02  4.02e-02  2.08e-02  1.71e+04  7.75e+01 -1.00e+05
2015 08 01  2040   57235  74400   3.40e+00  1.21e-01  9.70e-02  6.37e-02  5.29e-02  2.48e-02  1.69e+04  7.25e+01 -1.00e+05
2015 08 01  2045   57235  74700   4.89e+00  1.98e-01  1.74e-01  4.96e-02  4.02e-02  2.08e-02  1.63e+04  7.43e+01 -1.00e+05
2015 08 01  2050   57235  75000   3.25e+00  2.64e-01  2.39e-01  1.09e-01  9.98e-02  5.20e-02  1.53e+04  5.72e+01 -1.00e+05
2015 08 01  2055   57235  75300   3.29e+00  1.13e-01  8.89e-02  5.57e-02  4.62e-02  2.28e-02  1.43e+04  5.77e+01 -1.00e+05
2015 08 01  2100   57235  75600   3.22e+00  2.31e-01  2.07e-01  9.21e-02  8.26e-02  6.33e-02  1.47e+04  5.77e+01 -1.00e+05
2015 08 01  2105   57235  75900   3.29e+00  1.41e-01  1.17e-01  4.96e-02  4.02e-02  2.08e-02  1.47e+04  6.19e+01 -1.00e+05
2015 08 01  2110   57235  76200   3.75e+00  1.30e-01  1.06e-01  7.25e-02  6.10e-02  4.10e-02  1.37e+04  5.76e+01 -1.00e+05
2015 08 01  2115   57235  76500   2.86e+00  1.07e-01  8.29e-02  4.96e-02  4.02e-02  2.08e-02  1.37e+04  5.26e+01 -1.00e+05
2015 08 01  2120   57235  76800   3.23e+00  1.57e-01  1.01e-01  4.96e-02  4.02e-02  2.08e-02  1.32e+04  5.18e+01 -1.00e+05
2015 08 01  2125   57235  77100   3.30e+00  1.16e-01  9.15e-02  5.80e-02  4.21e-02  2.08e-02  1.33e+04  5.43e+01 -1.00e+05
2015 08 01  2130   57235  77400   2.88e+00  1.09e-01  8.47e-02  5.14e-02  4.06e-02  2.08e-02  1.30e+04  5.62e+01 -1.00e+05
2015 08 01  2135   57235  77700   2.73e+00  1.20e-01  9.58e-02  4.96e-02  4.02e-02  2.08e-02  1.29e+04  4.79e+01 -1.00e+05
2015 08 01  2140   57235  78000   2.54e+00  1.78e-01  1.54e-01  1.13e-01  7.61e-02  5.09e-02  1.29e+04  4.97e+01 -1.00e+05
2015 08 01  2145   57235  78300   5.19e+00  3.60e-01  1.80e-01  5.49e-02  4.55e-02  2.61e-02  1.28e+04  5.08e+01 -1.00e+05
2015 08 01  2150   57235  78600   3.02e+00  1.24e-01  1.00e-01  5.49e-02  4.55e-02  2.61e-02  1.26e+04  5.44e+01 -1.00e+05
2015 08 01  2155   57235  78900   3.92e+00  1.54e-01  9.90e-02  6.00e-02  4.47e-02  2.37e-02  1.24e+04  5.05e+01 -1.00e+05
2015 08 01  2200   57235  79200   3.20e+00  2.10e-01  1.86e-01  6.48e-02  5.54e-02  3.60e-02  1.25e+04  4.79e+01 -1.00e+05
2015 08 01  2205   57235  79500   3.33e+00  1.34e-01  1.10e-01  6.73e-02  5.79e-02  3.85e-02  1.24e+04  5.13e+01 -1.00e+05
2015 08 01  2210   57235  79800   4.81e+00  2.10e-01  1.06e-01  5.80e-02  4.21e-02  2.08e-02  1.29e+04  5.11e+01 -1.00e+05
2015 08 01  2215   57235  80100   3.14e+00  1.15e-01  9.06e-02  5.74e-02  4.80e-02  2.86e-02  1.23e+04  5.57e+01 -1.00e+05
2015 08 01  2220   57235  80400   2.87e+00  1.60e-01  1.36e-01  1.02e-01  7.62e-02  3.08e-02  1.25e+04  5.11e+01 -1.00e+05
2015 08 01  2225   57235  80700   3.31e+00  2.12e-01  1.82e-01  8.08e-02  7.13e-02  3.08e-02  1.22e+04  5.29e+01 -1.00e+05
2015 08 01  2230   57235  81000   4.06e+00  3.18e-01  1.51e-01  4.96e-02  4.02e-02  2.08e-02  1.20e+04  5.48e+01 -1.00e+05
2015 08 01  2235   57235  81300   4.15e+00  2.17e-01  1.13e-01  7.76e-02  4.65e-02  2.08e-02  1.14e+04  5.12e+01 -1.00e+05
2015 08 01  2240   57235  81600   3.85e+00  2.01e-01  9.72e-02  4.96e-02  4.02e-02  2.08e-02  1.10e+04  4.29e+01 -1.00e+05
2015 08 01  2245   57235  81900   2.45e+00  1.07e-01  8.29e-02  4.96e-02  4.02e-02  2.08e-02  9.81e+03  3.88e+01 -1.00e+05
2015 08 01  2250   57235  82200   2.24e+00  1.26e-01  1.01e-01  6.82e-02  5.88e-02  2.68e-02  9.65e+03  3.80e+01 -1.00e+05
2015 08 01  2255   57235  82500   3.08e+00  3.16e-01  2.37e-01  1.51e-01  8.74e-02  3.11e-02  9.20e+03  3.24e+01 -1.00e+05
2015 08 01  2300   57235  82800   2.54e+00  1.46e-01  9.03e-02  5.14e-02  4.06e-02  2.08e-02  9.12e+03  3.68e+01 -1.00e+05
2015 08 01  2305   57235  83100   2.99e+00  2.03e-01  9.91e-02  5.14e-02  4.06e-02  2.08e-02  9.04e+03  3.82e+01 -1.00e+05
2015 08 01  2310   57235  83400   1.89e+00  2.35e-01  2.11e-01  8.52e-02  4.61e-02  2.08e-02  8.45e+03  2.94e+01 -1.00e+05
2015 08 01  2315   57235  83700   2.47e+00  2.35e-01  1.79e-01  4.96e-02  4.02e-02  2.08e-02  8.40e+03  3.16e+01 -1.00e+05
2015 08 01  2320   57235  84000   1.64e+00  1.41e-01  1.17e-01  4.96e-02  4.02e-02  2.08e-02  8.86e+03  3.47e+01 -1.00e+05
2015 08 01  2325   57235  84300   2.03e+00  1.47e-01  1.23e-01  8.80e-02  4.61e-02  2.08e-02  8.30e+03  2.92e+01 -1.00e+05
2015 08 01  2330   57235  84600   1.69e+00  1.29e-01  1.05e-01  7.11e-02  4.50e-02  2.08e-02  8.14e+03  3.12e+01 -1.00e+05
2015 08 01  2335   57235  84900   2.44e+00  1.88e-01  8.46e-02  4.96e-02  4.02e-02  2.08e-02  8.41e+03  2.73e+01 -1.00e+05
2015 08 01  2340   57235  85200   1.51e+00  1.30e-01  1.05e-01  7.23e-02  6.28e-02  4.35e-02  7.91e+03  2.43e+01 -1.00e+05
2015 08 01  2345   57235  85500   3.09e+00  3.38e-01  1.11e-01  6.48e-02  5.54e-02  3.60e-02  7.62e+03  2.08e+01 -1.00e+05
2015 08 01  2350   57235  85800   1.03e+00  1.60e-01  1.36e-01  1.02e-01  7.27e-02  3.64e-02  7.21e+03  1.73e+01 -1.00e+05
2015 08 01  2355   57235  86100   8.39e-01  1.07e-01  8.29e-02  4.96e-02  4.02e-02  2.08e-02  6.82e+03  1.88e+01 -1.00e+05
