:Data_list: 20150712_Gp_part_5m.txt
:Created: 2015 Jul 13 0011 UTC
# Prepared by the U.S. Dept. of Commerce, NOAA, Space Weather Prediction Center
# Please send comments and suggestions to SWPC.Webmaster@noaa.gov 
# 
# Label: P > 1 = Particles at >1 Mev
# Label: P > 5 = Particles at >5 Mev
# Label: P >10 = Particles at >10 Mev
# Label: P >30 = Particles at >30 Mev
# Label: P >50 = Particles at >50 Mev
# Label: P>100 = Particles at >100 Mev
# Label: E>0.8 = Electrons at >0.8 Mev
# Label: E>2.0 = Electrons at >2.0 Mev
# Label: E>4.0 = Electrons at >4.0 Mev
# Units: Particles = Protons/cm2-s-sr
# Units: Electrons = Electrons/cm2-s-sr
# Source: GOES-13
# Location: W075
# Missing data: -1.00e+05
#
#                      5-minute  GOES-13 Solar Particle and Electron Flux
#
#                 Modified Seconds
# UTC Date  Time   Julian  of the
# YR MO DA  HHMM    Day     Day     P > 1     P > 5     P >10     P >30     P >50     P>100     E>0.8     E>2.0     E>4.0
#-------------------------------------------------------------------------------------------------------------------------
2015 07 12  0000   57215      0   6.66e-01  1.04e-01  8.11e-02  4.88e-02  3.94e-02  2.06e-02  4.40e+03  4.63e+00 -1.00e+05
2015 07 12  0005   57215    300   9.11e-01  1.56e-01  8.90e-02  4.88e-02  3.94e-02  2.06e-02  4.38e+03  7.42e+00 -1.00e+05
2015 07 12  0010   57215    600   1.24e+00  1.87e-01  1.23e-01  8.37e-02  7.43e-02  5.55e-02  5.07e+03  5.54e+00 -1.00e+05
2015 07 12  0015   57215    900   1.61e+00  2.20e-01  9.05e-02  5.66e-02  4.72e-02  2.31e-02  5.58e+03  9.27e+00 -1.00e+05
2015 07 12  0020   57215   1200   1.17e+00  1.67e-01  1.01e-01  6.07e-02  5.13e-02  3.25e-02  6.08e+03  8.43e+00 -1.00e+05
2015 07 12  0025   57215   1500   1.18e+00  1.86e-01  1.19e-01  5.76e-02  4.14e-02  2.06e-02  5.95e+03  8.05e+00 -1.00e+05
2015 07 12  0030   57215   1800   1.00e+00  2.18e-01  1.95e-01  6.81e-02  5.87e-02  3.99e-02  6.10e+03  9.69e+00 -1.00e+05
2015 07 12  0035   57215   2100   9.35e-01  1.35e-01  1.12e-01  7.88e-02  4.73e-02  2.11e-02  6.94e+03  9.88e+00 -1.00e+05
2015 07 12  0040   57215   2400   9.97e-01  1.04e-01  8.11e-02  4.88e-02  3.94e-02  2.06e-02  7.07e+03  1.05e+01 -1.00e+05
2015 07 12  0045   57215   2700   9.69e-01  1.93e-01  1.70e-01  1.37e-01  1.28e-01  6.89e-02  7.05e+03  8.12e+00 -1.00e+05
2015 07 12  0050   57215   3000   9.47e-01  1.43e-01  1.20e-01  8.79e-02  7.85e-02  3.32e-02  6.94e+03  9.67e+00 -1.00e+05
2015 07 12  0055   57215   3300   1.24e+00  2.51e-01  1.37e-01  7.31e-02  6.37e-02  4.49e-02  6.48e+03  1.00e+01 -1.00e+05
2015 07 12  0100   57215   3600   1.23e+00  2.13e-01  9.77e-02  4.88e-02  3.94e-02  2.06e-02  6.13e+03  8.16e+00 -1.00e+05
2015 07 12  0105   57215   3900   1.11e+00  2.60e-01  1.39e-01  1.06e-01  9.61e-02  5.70e-02  5.73e+03  4.77e+00 -1.00e+05
2015 07 12  0110   57215   4200   6.48e-01  1.04e-01  8.11e-02  4.88e-02  3.94e-02  2.06e-02  5.21e+03  3.77e+00 -1.00e+05
2015 07 12  0115   57215   4500   7.46e-01  1.56e-01  1.33e-01  8.79e-02  7.85e-02  5.98e-02  5.20e+03  3.77e+00 -1.00e+05
2015 07 12  0120   57215   4800   9.32e-01  1.98e-01  1.32e-01  8.97e-02  4.49e-02  2.06e-02  4.76e+03  3.32e+00 -1.00e+05
2015 07 12  0125   57215   5100   5.50e-01  1.61e-01  1.37e-01  1.04e-01  5.91e-02  3.00e-02  4.10e+03  3.15e+00 -1.00e+05
2015 07 12  0130   57215   5400   6.39e-01  1.40e-01  1.17e-01  8.38e-02  4.73e-02  2.06e-02  3.05e+03  1.17e+00 -1.00e+05
2015 07 12  0135   57215   5700   7.06e-01  1.37e-01  1.14e-01  8.16e-02  7.22e-02  3.12e-02  3.36e+03  2.19e+00 -1.00e+05
2015 07 12  0140   57215   6000   1.13e+00  3.14e-01  1.99e-01  5.11e-02  3.99e-02  2.06e-02  3.97e+03  2.87e+00 -1.00e+05
2015 07 12  0145   57215   6300   1.34e+00  1.34e-01  1.10e-01  7.73e-02  4.58e-02  2.06e-02  4.36e+03  2.41e+00 -1.00e+05
2015 07 12  0150   57215   6600   1.55e+00  2.03e-01  1.80e-01  4.88e-02  3.94e-02  2.06e-02  5.23e+03  7.87e+00 -1.00e+05
2015 07 12  0155   57215   6900   1.90e+00  1.77e-01  1.10e-01  4.88e-02  3.94e-02  2.06e-02  7.97e+03  1.29e+01 -1.00e+05
2015 07 12  0200   57215   7200   1.61e+00  1.07e-01  8.35e-02  5.11e-02  3.99e-02  2.06e-02  8.68e+03  1.25e+01 -1.00e+05
2015 07 12  0205   57215   7500   1.45e+00  1.04e-01  8.11e-02  4.88e-02  3.94e-02  2.06e-02  8.34e+03  1.51e+01 -1.00e+05
2015 07 12  0210   57215   7800   1.35e+00  1.25e-01  1.02e-01  4.88e-02  3.94e-02  2.06e-02  8.34e+03  1.66e+01 -1.00e+05
2015 07 12  0215   57215   8100   1.58e+00  1.75e-01  1.52e-01  8.12e-02  7.18e-02  2.21e-02  8.08e+03  1.00e+01 -1.00e+05
2015 07 12  0220   57215   8400   1.33e+00  1.74e-01  1.48e-01  1.00e-01  9.10e-02  3.72e-02  8.02e+03  1.20e+01 -1.00e+05
2015 07 12  0225   57215   8700   1.86e+00  2.11e-01  1.87e-01  5.82e-02  4.88e-02  3.00e-02  7.98e+03  1.24e+01 -1.00e+05
2015 07 12  0230   57215   9000   1.74e+00  1.25e-01  1.01e-01  6.91e-02  5.97e-02  2.71e-02  7.90e+03  1.08e+01 -1.00e+05
2015 07 12  0235   57215   9300   2.12e+00  1.31e-01  1.08e-01  7.56e-02  6.62e-02  4.74e-02  8.14e+03  1.08e+01 -1.00e+05
2015 07 12  0240   57215   9600   1.81e+00  1.23e-01  1.00e-01  6.73e-02  5.81e-02  2.65e-02  8.40e+03  1.21e+01 -1.00e+05
2015 07 12  0245   57215   9900   2.90e+00  1.73e-01  1.25e-01  8.69e-02  6.74e-02  2.85e-02  8.16e+03  9.29e+00 -1.00e+05
2015 07 12  0250   57215  10200   2.22e+00  1.18e-01  9.52e-02  6.16e-02  4.21e-02  2.04e-02  8.76e+03  1.30e+01 -1.00e+05
2015 07 12  0255   57215  10500   4.61e+00  2.76e-01  1.08e-01  7.35e-02  6.44e-02  2.85e-02  8.60e+03  1.16e+01 -1.00e+05
2015 07 12  0300   57215  10800   1.79e+00  1.56e-01  1.33e-01  9.98e-02  9.07e-02  4.13e-02  8.02e+03  8.88e+00 -1.00e+05
2015 07 12  0305   57215  11100   2.88e+00  2.66e-01  1.10e-01  7.47e-02  4.51e-02  2.04e-02  7.51e+03  1.16e+01 -1.00e+05
2015 07 12  0310   57215  11400   1.77e+00  1.57e-01  8.95e-02  4.83e-02  3.91e-02  2.04e-02  7.29e+03  1.23e+01 -1.00e+05
2015 07 12  0315   57215  11700   2.61e+00  2.67e-01  1.12e-01  7.64e-02  5.43e-02  3.18e-02  6.92e+03  9.51e+00 -1.00e+05
2015 07 12  0320   57215  12000   1.46e+00  1.26e-01  1.03e-01  6.96e-02  6.04e-02  4.17e-02  6.72e+03  1.00e+01 -1.00e+05
2015 07 12  0325   57215  12300   1.26e+00  1.04e-01  8.14e-02  4.83e-02  3.91e-02  2.04e-02  6.32e+03  1.05e+01 -1.00e+05
2015 07 12  0330   57215  12600   2.63e+00  3.50e-01  2.13e-01  1.76e-01  1.10e-01  3.65e-02  6.67e+03  7.51e+00 -1.00e+05
2015 07 12  0335   57215  12900   1.38e+00  1.04e-01  8.14e-02  4.83e-02  3.91e-02  2.04e-02  6.61e+03  7.06e+00 -1.00e+05
2015 07 12  0340   57215  13200   2.25e+00  1.72e-01  1.06e-01  6.46e-02  5.55e-02  3.67e-02  6.49e+03  5.25e+00 -1.00e+05
2015 07 12  0345   57215  13500   1.40e+00  1.36e-01  1.13e-01  8.01e-02  7.07e-02  3.05e-02  6.45e+03  7.51e+00 -1.00e+05
2015 07 12  0350   57215  13800   1.19e+00  1.23e-01  1.00e-01  6.71e-02  5.79e-02  3.92e-02  6.21e+03  8.43e+00 -1.00e+05
2015 07 12  0355   57215  14100   2.15e+00  2.17e-01  8.32e-02  4.83e-02  3.91e-02  2.04e-02  5.88e+03  7.03e+00 -1.00e+05
2015 07 12  0400   57215  14400   9.24e-01  1.04e-01  8.14e-02  4.83e-02  3.91e-02  2.04e-02  5.54e+03  5.43e+00 -1.00e+05
2015 07 12  0405   57215  14700   1.35e+00  2.22e-01  9.99e-02  4.85e-02  3.92e-02  2.04e-02  5.17e+03  4.57e+00 -1.00e+05
2015 07 12  0410   57215  15000   8.64e-01  2.00e-01  1.77e-01  6.14e-02  4.73e-02  2.35e-02  4.06e+03  4.77e-01 -1.00e+05
2015 07 12  0415   57215  15300   6.44e-01  1.18e-01  9.52e-02  6.21e-02  5.30e-02  3.42e-02  2.68e+03  2.63e-01 -1.00e+05
2015 07 12  0420   57215  15600   1.36e+00  3.52e-01  1.93e-01  4.83e-02  3.91e-02  2.04e-02  3.59e+03  9.15e-01 -1.00e+05
2015 07 12  0425   57215  15900   7.94e-01  1.65e-01  1.42e-01  7.70e-02  6.79e-02  4.91e-02  4.50e+03  2.86e+00 -1.00e+05
2015 07 12  0430   57215  16200   1.39e+00  4.79e-01  2.52e-01  7.74e-02  6.83e-02  2.16e-02  3.72e+03  6.55e-01 -1.00e+05
2015 07 12  0435   57215  16500   5.61e+00  2.20e-01  1.22e-01  8.66e-02  7.22e-02  3.05e-02  8.50e+03  8.47e+00 -1.00e+05
2015 07 12  0440   57215  16800   2.88e+00  1.73e-01  1.08e-01  6.71e-02  5.79e-02  3.92e-02  8.52e+03  7.36e+00 -1.00e+05
2015 07 12  0445   57215  17100   2.13e+00  1.64e-01  1.41e-01  1.08e-01  9.84e-02  4.88e-02  9.14e+03  1.10e+01 -1.00e+05
2015 07 12  0450   57215  17400   2.04e+00  1.28e-01  1.05e-01  7.20e-02  6.29e-02  4.41e-02  8.85e+03  1.03e+01 -1.00e+05
2015 07 12  0455   57215  17700   1.85e+00  1.81e-01  1.58e-01  8.43e-02  7.52e-02  4.81e-02  9.59e+03  1.17e+01 -1.00e+05
2015 07 12  0500   57215  18000   1.67e+00  1.04e-01  8.14e-02  4.83e-02  3.91e-02  2.04e-02  9.51e+03  1.44e+01 -1.00e+05
2015 07 12  0505   57215  18300   2.47e+00  3.44e-01  1.97e-01  5.51e-02  4.07e-02  2.04e-02  8.93e+03  9.80e+00 -1.00e+05
2015 07 12  0510   57215  18600   1.96e+00  1.36e-01  1.13e-01  7.98e-02  7.07e-02  3.05e-02  8.34e+03  7.67e+00 -1.00e+05
2015 07 12  0515   57215  18900   3.09e+00  1.25e-01  1.02e-01  6.85e-02  5.93e-02  3.12e-02  7.22e+03  6.50e+00 -1.00e+05
2015 07 12  0520   57215  19200   2.22e+00  1.38e-01  1.15e-01  8.20e-02  7.28e-02  5.41e-02  8.95e+03  8.11e+00 -1.00e+05
2015 07 12  0525   57215  19500   4.83e+00  2.24e-01  9.02e-02  5.51e-02  4.07e-02  2.04e-02  1.13e+04  1.72e+01 -1.00e+05
2015 07 12  0530   57215  19800   2.23e+00  1.87e-01  1.64e-01  1.31e-01  1.22e-01  4.95e-02  1.23e+04  1.91e+01 -1.00e+05
2015 07 12  0535   57215  20100   2.08e+00  1.04e-01  8.14e-02  4.83e-02  3.91e-02  2.04e-02  1.24e+04  1.99e+01 -1.00e+05
2015 07 12  0540   57215  20400   3.82e+00  2.17e-01  1.07e-01  7.20e-02  6.29e-02  4.41e-02  1.33e+04  2.00e+01 -1.00e+05
2015 07 12  0545   57215  20700   3.09e+00  1.58e-01  8.98e-02  4.85e-02  3.92e-02  2.04e-02  1.40e+04  2.63e+01 -1.00e+05
2015 07 12  0550   57215  21000   4.09e+00  2.20e-01  1.27e-01  9.23e-02  8.32e-02  3.45e-02  1.48e+04  2.76e+01 -1.00e+05
2015 07 12  0555   57215  21300   2.30e+00  1.26e-01  1.03e-01  7.01e-02  6.09e-02  4.22e-02  1.50e+04  2.79e+01 -1.00e+05
2015 07 12  0600   57215  21600   2.15e+00  1.55e-01  1.32e-01  9.86e-02  8.95e-02  3.65e-02  1.48e+04  2.59e+01 -1.00e+05
2015 07 12  0605   57215  21900   2.05e+00  2.14e-01  1.91e-01  7.20e-02  6.29e-02  4.41e-02  1.39e+04  2.19e+01 -1.00e+05
2015 07 12  0610   57215  22200   1.88e+00  1.84e-01  1.61e-01  6.73e-02  5.81e-02  2.65e-02  1.31e+04  1.98e+01 -1.00e+05
2015 07 12  0615   57215  22500   3.07e+00  2.64e-01  1.62e-01  7.52e-02  6.61e-02  3.51e-02  1.27e+04  1.93e+01 -1.00e+05
2015 07 12  0620   57215  22800   1.57e+00  1.25e-01  1.02e-01  5.51e-02  4.07e-02  2.04e-02  1.29e+04  2.18e+01 -1.00e+05
2015 07 12  0625   57215  23100   2.33e+00  1.72e-01  1.09e-01  6.81e-02  4.86e-02  2.24e-02  1.22e+04  1.75e+01 -1.00e+05
2015 07 12  0630   57215  23400   1.60e+00  1.04e-01  8.14e-02  4.83e-02  3.91e-02  2.04e-02  1.11e+04  1.50e+01 -1.00e+05
2015 07 12  0635   57215  23700   1.29e+00  1.50e-01  1.27e-01  9.35e-02  6.89e-02  2.85e-02  1.10e+04  1.52e+01 -1.00e+05
2015 07 12  0640   57215  24000   1.37e+00  1.58e-01  8.98e-02  4.85e-02  3.92e-02  2.04e-02  1.01e+04  1.64e+01 -1.00e+05
2015 07 12  0645   57215  24300   2.67e+00  3.06e-01  1.30e-01  9.34e-02  5.62e-02  3.18e-02  9.32e+03  8.65e+00 -1.00e+05
2015 07 12  0650   57215  24600   1.62e+00  3.27e-01  1.49e-01  4.83e-02  3.91e-02  2.04e-02  9.78e+03  1.11e+01 -1.00e+05
2015 07 12  0655   57215  24900   1.29e+00  1.25e-01  1.02e-01  5.72e-02  4.80e-02  2.93e-02  1.05e+04  1.22e+01 -1.00e+05
2015 07 12  0700   57215  25200   1.62e+00  1.94e-01  8.33e-02  4.83e-02  3.91e-02  2.04e-02  9.02e+03  1.10e+01 -1.00e+05
2015 07 12  0705   57215  25500   9.96e-01  1.58e-01  1.35e-01  6.96e-02  6.04e-02  4.17e-02  5.59e+03  4.08e-01 -1.00e+05
2015 07 12  0710   57215  25800   9.42e-01  2.05e-01  1.37e-01  9.44e-02  4.95e-02  2.04e-02  4.00e+03  1.33e-01 -1.00e+05
2015 07 12  0715   57215  26100   7.29e-01  1.49e-01  1.26e-01  4.85e-02  3.92e-02  2.04e-02  3.38e+03  1.33e-01 -1.00e+05
2015 07 12  0720   57215  26400   5.93e-01  1.38e-01  1.15e-01  8.13e-02  6.11e-02  3.92e-02  1.56e+03  1.33e-01 -1.00e+05
2015 07 12  0725   57215  26700   3.81e-01  1.70e-01  1.47e-01  1.13e-01  7.81e-02  3.05e-02  1.39e+03  1.59e-01 -1.00e+05
2015 07 12  0730   57215  27000   5.96e-01  1.04e-01  8.14e-02  4.83e-02  3.91e-02  2.04e-02  2.37e+03  4.14e+00 -1.00e+05
2015 07 12  0735   57215  27300   1.47e+00  2.41e-01  1.94e-01  1.56e-01  1.32e-01  4.86e-02  3.54e+03  1.33e-01 -1.00e+05
2015 07 12  0740   57215  27600   1.18e+00  1.06e-01  8.29e-02  4.98e-02  4.06e-02  2.19e-02  4.94e+03  3.43e+00 -1.00e+05
2015 07 12  0745   57215  27900   1.88e+00  2.47e-01  1.89e-01  8.55e-02  6.95e-02  4.06e-02  5.91e+03  6.99e+00 -1.00e+05
2015 07 12  0750   57215  28200   1.81e+00  1.68e-01  8.33e-02  4.83e-02  3.91e-02  2.04e-02  7.30e+03  9.11e+00 -1.00e+05
2015 07 12  0755   57215  28500   2.06e+00  1.70e-01  8.48e-02  4.98e-02  4.06e-02  2.19e-02  9.37e+03  1.47e+01 -1.00e+05
2015 07 12  0800   57215  28800   1.47e+00  1.44e-01  1.21e-01  8.72e-02  6.26e-02  2.65e-02  1.03e+04  1.60e+01 -1.00e+05
2015 07 12  0805   57215  29100   1.45e+00  1.18e-01  9.47e-02  4.83e-02  3.91e-02  2.04e-02  1.01e+04  1.31e+01 -1.00e+05
2015 07 12  0810   57215  29400   2.12e+00  4.22e-01  2.57e-01  9.40e-02  5.93e-02  2.44e-02  9.67e+03  7.32e+00 -1.00e+05
2015 07 12  0815   57215  29700   9.71e-01  1.18e-01  9.47e-02  4.83e-02  3.91e-02  2.04e-02  9.19e+03  9.37e+00 -1.00e+05
2015 07 12  0820   57215  30000   1.01e+00  1.53e-01  1.30e-01  9.68e-02  8.77e-02  6.89e-02  7.66e+03  9.53e+00 -1.00e+05
2015 07 12  0825   57215  30300   1.18e+00  1.27e-01  1.04e-01  6.63e-02  5.72e-02  3.84e-02  8.35e+03  9.85e+00 -1.00e+05
2015 07 12  0830   57215  30600   1.74e+00  1.86e-01  1.63e-01  9.06e-02  8.14e-02  5.01e-02  8.48e+03  1.38e+01 -1.00e+05
2015 07 12  0835   57215  30900   1.59e+00  1.18e-01  9.52e-02  6.16e-02  4.21e-02  2.04e-02  1.01e+04  1.50e+01 -1.00e+05
2015 07 12  0840   57215  31200   1.71e+00  1.37e-01  1.14e-01  4.83e-02  3.91e-02  2.04e-02  1.13e+04  2.08e+01 -1.00e+05
2015 07 12  0845   57215  31500   1.67e+00  1.94e-01  1.71e-01  1.37e-01  1.13e-01  4.26e-02  1.08e+04  2.24e+01 -1.00e+05
2015 07 12  0850   57215  31800   1.52e+00  1.11e-01  8.78e-02  5.47e-02  4.56e-02  2.24e-02  1.03e+04  2.50e+01 -1.00e+05
2015 07 12  0855   57215  32100   1.44e+00  1.11e-01  8.78e-02  5.47e-02  4.56e-02  2.68e-02  1.20e+04  2.25e+01 -1.00e+05
2015 07 12  0900   57215  32400   1.53e+00  2.44e-01  2.21e-01  9.31e-02  6.19e-02  3.67e-02  1.09e+04  2.17e+01 -1.00e+05
2015 07 12  0905   57215  32700   1.92e+00  2.68e-01  1.81e-01  1.46e-01  1.36e-01  8.09e-02  9.98e+03  1.65e+01 -1.00e+05
2015 07 12  0910   57215  33000   2.23e+00  2.07e-01  1.13e-01  6.16e-02  4.21e-02  2.04e-02  1.02e+04  1.81e+01 -1.00e+05
2015 07 12  0915   57215  33300   1.65e+00  1.59e-01  9.09e-02  4.98e-02  4.06e-02  2.19e-02  9.87e+03  1.39e+01 -1.00e+05
2015 07 12  0920   57215  33600   1.02e+00  2.08e-01  1.85e-01  8.13e-02  5.93e-02  3.68e-02  8.10e+03  6.41e+00 -1.00e+05
2015 07 12  0925   57215  33900   9.19e-01  1.61e-01  1.38e-01  5.51e-02  4.07e-02  2.04e-02  8.85e+03  1.10e+01 -1.00e+05
2015 07 12  0930   57215  34200   1.37e+00  2.17e-01  8.35e-02  4.85e-02  3.92e-02  2.04e-02  9.82e+03  1.30e+01 -1.00e+05
2015 07 12  0935   57215  34500   9.07e-01  1.77e-01  1.54e-01  9.59e-02  8.68e-02  4.84e-02  1.04e+04  1.44e+01 -1.00e+05
2015 07 12  0940   57215  34800   8.14e-01  1.50e-01  1.27e-01  8.94e-02  8.02e-02  6.15e-02  1.05e+04  1.03e+01 -1.00e+05
2015 07 12  0945   57215  35100   7.47e-01  1.08e-01  8.53e-02  5.22e-02  4.31e-02  2.43e-02  8.49e+03  7.53e+00 -1.00e+05
2015 07 12  0950   57215  35400   1.56e+00  2.60e-01  1.04e-01  6.96e-02  6.04e-02  4.17e-02  4.09e+03  6.64e-01 -1.00e+05
2015 07 12  0955   57215  35700   8.97e-01  1.68e-01  8.33e-02  4.83e-02  3.91e-02  2.04e-02  2.25e+03  1.31e+00 -1.00e+05
2015 07 12  1000   57215  36000   6.53e-01  1.06e-01  8.29e-02  4.98e-02  4.06e-02  2.19e-02  5.56e+03  5.38e+00 -1.00e+05
2015 07 12  1005   57215  36300   9.29e-01  1.37e-01  1.14e-01  4.83e-02  3.91e-02  2.04e-02  5.77e+03  6.03e+00 -1.00e+05
2015 07 12  1010   57215  36600   1.19e+00  1.36e-01  1.13e-01  7.95e-02  7.03e-02  5.16e-02  5.76e+03  6.69e+00 -1.00e+05
2015 07 12  1015   57215  36900   6.44e-01  1.18e-01  9.50e-02  4.85e-02  3.92e-02  2.04e-02  5.90e+03  3.46e+00 -1.00e+05
2015 07 12  1020   57215  37200   6.93e-01  1.48e-01  1.25e-01  4.83e-02  3.91e-02  2.04e-02  3.96e+03  3.85e+00 -1.00e+05
2015 07 12  1025   57215  37500   1.38e+00  1.94e-01  8.33e-02  4.83e-02  3.91e-02  2.04e-02  5.00e+03  5.81e+00 -1.00e+05
2015 07 12  1030   57215  37800   9.62e-01  1.58e-01  1.00e-01  6.10e-02  5.18e-02  2.44e-02  8.23e+03  1.76e+01 -1.00e+05
2015 07 12  1035   57215  38100   9.33e-01  1.04e-01  8.14e-02  4.83e-02  3.91e-02  2.04e-02  1.01e+04  2.44e+01 -1.00e+05
2015 07 12  1040   57215  38400   2.19e+00  2.16e-01  1.09e-01  6.10e-02  5.18e-02  2.44e-02  1.06e+04  2.56e+01 -1.00e+05
2015 07 12  1045   57215  38700   1.36e+00  1.61e-01  1.38e-01  1.05e-01  9.57e-02  3.85e-02  1.27e+04  3.42e+01 -1.00e+05
2015 07 12  1050   57215  39000   1.45e+00  1.45e-01  1.22e-01  8.72e-02  5.12e-02  2.68e-02  1.54e+04  4.21e+01 -1.00e+05
2015 07 12  1055   57215  39300   1.21e+00  1.36e-01  1.13e-01  7.98e-02  7.07e-02  3.05e-02  1.55e+04  4.61e+01 -1.00e+05
2015 07 12  1100   57215  39600   1.57e+00  1.23e-01  1.00e-01  6.73e-02  5.81e-02  2.65e-02  1.64e+04  5.12e+01 -1.00e+05
2015 07 12  1105   57215  39900   1.24e+00  1.59e-01  1.36e-01  8.79e-02  4.80e-02  2.04e-02  1.38e+04  5.92e+01 -1.00e+05
2015 07 12  1110   57215  40200   5.02e+00  2.73e-01  1.15e-01  8.00e-02  7.06e-02  2.16e-02  1.70e+04  6.63e+01 -1.00e+05
2015 07 12  1115   57215  40500   4.67e+00  1.18e-01  9.52e-02  6.21e-02  5.30e-02  3.42e-02  1.60e+04  7.51e+01 -1.00e+05
2015 07 12  1120   57215  40800   4.42e+00  1.06e-01  8.29e-02  4.98e-02  4.06e-02  2.19e-02  1.76e+04  8.46e+01 -1.00e+05
2015 07 12  1125   57215  41100   5.30e+00  2.84e-01  1.47e-01  4.83e-02  3.91e-02  2.04e-02  1.88e+04  9.01e+01 -1.00e+05
2015 07 12  1130   57215  41400   2.85e+00  1.51e-01  1.28e-01  9.38e-02  6.41e-02  2.65e-02  1.99e+04  1.03e+02 -1.00e+05
2015 07 12  1135   57215  41700   2.91e+00  2.24e-01  2.01e-01  1.65e-01  9.47e-02  3.91e-02  2.04e+04  1.06e+02 -1.00e+05
2015 07 12  1140   57215  42000   4.35e+00  1.94e-01  8.33e-02  4.83e-02  3.91e-02  2.04e-02  2.00e+04  1.05e+02 -1.00e+05
2015 07 12  1145   57215  42300   3.35e+00  2.50e-01  1.49e-01  1.00e-01  6.56e-02  2.65e-02  2.02e+04  1.10e+02 -1.00e+05
2015 07 12  1150   57215  42600   4.41e+00  2.50e-01  9.45e-02  5.97e-02  5.05e-02  3.18e-02  2.23e+04  1.24e+02 -1.00e+05
2015 07 12  1155   57215  42900   4.25e+00  2.14e-01  1.04e-01  6.82e-02  4.36e-02  2.04e-02  2.27e+04  1.47e+02 -1.00e+05
2015 07 12  1200   57215  43200   3.04e+00  1.60e-01  1.27e-01  9.23e-02  8.32e-02  3.45e-02  2.44e+04  1.67e+02 -1.00e+05
2015 07 12  1205   57215  43500   2.77e+00  1.51e-01  1.28e-01  6.21e-02  5.30e-02  3.42e-02  2.63e+04  1.89e+02 -1.00e+05
2015 07 12  1210   57215  43800   2.40e+00  1.53e-01  1.30e-01  8.66e-02  6.04e-02  3.67e-02  2.46e+04  1.76e+02 -1.00e+05
2015 07 12  1215   57215  44100   4.36e+00  3.51e-01  1.94e-01  4.83e-02  3.91e-02  2.04e-02  2.73e+04  1.94e+02 -1.00e+05
2015 07 12  1220   57215  44400   2.68e+00  1.32e-01  1.09e-01  6.16e-02  4.21e-02  2.04e-02  2.91e+04  2.33e+02 -1.00e+05
2015 07 12  1225   57215  44700   2.62e+00  1.04e-01  8.14e-02  4.83e-02  3.91e-02  2.04e-02  3.09e+04  2.67e+02 -1.00e+05
2015 07 12  1230   57215  45000   2.86e+00  1.06e-01  8.29e-02  4.98e-02  4.06e-02  2.19e-02  3.12e+04  2.62e+02 -1.00e+05
2015 07 12  1235   57215  45300   3.28e+00  1.57e-01  8.95e-02  4.83e-02  3.91e-02  2.04e-02  3.19e+04  2.66e+02 -1.00e+05
2015 07 12  1240   57215  45600   4.16e+00  1.79e-01  1.13e-01  7.20e-02  6.29e-02  4.41e-02  3.32e+04  2.97e+02 -1.00e+05
2015 07 12  1245   57215  45900   4.44e+00  3.86e-01  1.94e-01  4.83e-02  3.91e-02  2.04e-02  3.09e+04  2.52e+02 -1.00e+05
2015 07 12  1250   57215  46200   2.36e+00  1.18e-01  9.47e-02  4.83e-02  3.91e-02  2.04e-02  3.37e+04  2.80e+02 -1.00e+05
2015 07 12  1255   57215  46500   2.92e+00  1.96e-01  1.73e-01  4.83e-02  3.91e-02  2.04e-02  3.39e+04  3.00e+02 -1.00e+05
2015 07 12  1300   57215  46800   2.72e+00  1.04e-01  8.14e-02  4.83e-02  3.91e-02  2.04e-02  3.57e+04  3.31e+02 -1.00e+05
2015 07 12  1305   57215  47100   2.24e+00  1.18e-01  9.47e-02  4.83e-02  3.91e-02  2.04e-02  3.39e+04  3.10e+02 -1.00e+05
2015 07 12  1310   57215  47400   2.66e+00  2.07e-01  1.84e-01  7.47e-02  5.01e-02  2.24e-02  3.35e+04  2.98e+02 -1.00e+05
2015 07 12  1315   57215  47700   2.23e+00  1.05e-01  8.16e-02  4.85e-02  3.92e-02  2.04e-02  3.34e+04  3.10e+02 -1.00e+05
2015 07 12  1320   57215  48000   3.10e+00  1.59e-01  1.06e-01  6.75e-02  5.82e-02  2.65e-02  3.31e+04  3.07e+02 -1.00e+05
2015 07 12  1325   57215  48300   2.60e+00  1.40e-01  1.17e-01  8.42e-02  7.14e-02  5.16e-02  3.42e+04  3.12e+02 -1.00e+05
2015 07 12  1330   57215  48600   2.34e+00  1.26e-01  1.03e-01  6.99e-02  5.28e-02  3.18e-02  3.36e+04  3.10e+02 -1.00e+05
2015 07 12  1335   57215  48900   2.73e+00  1.32e-01  1.09e-01  7.47e-02  4.51e-02  2.04e-02  3.56e+04  3.38e+02 -1.00e+05
2015 07 12  1340   57215  49200   4.54e+00  4.09e-01  2.62e-01  7.47e-02  4.51e-02  2.04e-02  3.65e+04  3.73e+02 -1.00e+05
2015 07 12  1345   57215  49500   4.68e+00  2.68e-01  1.20e-01  6.82e-02  4.36e-02  2.04e-02  3.45e+04  3.46e+02 -1.00e+05
2015 07 12  1350   57215  49800   2.89e+00  4.07e-01  3.84e-01  1.90e-01  1.26e-01  5.63e-02  3.83e+04  4.01e+02 -1.00e+05
2015 07 12  1355   57215  50100   2.92e+00  1.37e-01  1.14e-01  4.83e-02  3.91e-02  2.04e-02  3.86e+04  4.02e+02 -1.00e+05
2015 07 12  1400   57215  50400   3.03e+00  2.46e-01  2.23e-01  6.82e-02  4.36e-02  2.04e-02  3.87e+04  4.18e+02 -1.00e+05
2015 07 12  1405   57215  50700   2.88e+00  1.04e-01  8.14e-02  4.83e-02  3.91e-02  2.04e-02  3.89e+04  4.24e+02 -1.00e+05
2015 07 12  1410   57215  51000   3.04e+00  1.97e-01  1.74e-01  4.98e-02  4.06e-02  2.19e-02  4.06e+04  4.71e+02 -1.00e+05
2015 07 12  1415   57215  51300   5.91e+00  2.59e-01  1.17e-01  7.20e-02  6.29e-02  4.41e-02  4.01e+04  4.76e+02 -1.00e+05
2015 07 12  1420   57215  51600   4.82e+00  2.92e-01  1.77e-01  7.45e-02  6.54e-02  4.66e-02  4.30e+04  5.22e+02 -1.00e+05
2015 07 12  1425   57215  51900   3.38e+00  1.05e-01  8.16e-02  4.85e-02  3.93e-02  2.04e-02  4.40e+04  5.55e+02 -1.00e+05
2015 07 12  1430   57215  52200   2.98e+00  1.06e-01  8.29e-02  4.98e-02  4.06e-02  2.19e-02  4.40e+04  5.54e+02 -1.00e+05
2015 07 12  1435   57215  52500   3.03e+00  1.78e-01  1.55e-01  1.12e-01  9.25e-02  3.65e-02  4.43e+04  5.58e+02 -1.00e+05
2015 07 12  1440   57215  52800   3.12e+00  1.64e-01  1.41e-01  1.07e-01  7.27e-02  4.66e-02  4.50e+04  5.84e+02 -1.00e+05
2015 07 12  1445   57215  53100   3.11e+00  1.97e-01  1.74e-01  4.98e-02  4.06e-02  2.19e-02  4.40e+04  5.70e+02 -1.00e+05
2015 07 12  1450   57215  53400   4.44e+00  1.72e-01  8.73e-02  5.22e-02  4.31e-02  2.43e-02  4.30e+04  5.37e+02 -1.00e+05
2015 07 12  1455   57215  53700   2.93e+00  1.38e-01  1.15e-01  4.87e-02  3.94e-02  2.04e-02  4.56e+04  5.83e+02 -1.00e+05
2015 07 12  1500   57215  54000   2.93e+00  1.17e-01  9.41e-02  6.10e-02  5.18e-02  2.44e-02  4.55e+04  5.95e+02 -1.00e+05
2015 07 12  1505   57215  54300   5.81e+00  2.60e-01  8.30e-02  4.83e-02  3.91e-02  2.04e-02  4.36e+04  5.44e+02 -1.00e+05
2015 07 12  1510   57215  54600   3.76e+00  1.61e-01  9.34e-02  5.22e-02  4.31e-02  2.43e-02  4.47e+04  6.00e+02 -1.00e+05
2015 07 12  1515   57215  54900   3.41e+00  1.69e-01  1.46e-01  1.12e-01  8.77e-02  3.45e-02  4.66e+04  6.36e+02 -1.00e+05
2015 07 12  1520   57215  55200   5.10e+00  3.58e-01  1.85e-01  8.82e-02  7.90e-02  6.03e-02  4.57e+04  6.11e+02 -1.00e+05
2015 07 12  1525   57215  55500   4.10e+00  1.57e-01  8.95e-02  4.83e-02  3.91e-02  2.04e-02  4.59e+04  6.07e+02 -1.00e+05
2015 07 12  1530   57215  55800   6.26e+00  2.58e-01  1.24e-01  8.79e-02  4.80e-02  2.04e-02  4.66e+04  6.29e+02 -1.00e+05
2015 07 12  1535   57215  56100   4.93e+00  1.93e-01  9.96e-02  4.83e-02  3.91e-02  2.04e-02  4.66e+04  6.55e+02 -1.00e+05
2015 07 12  1540   57215  56400   3.50e+00  1.04e-01  8.14e-02  4.83e-02  3.91e-02  2.04e-02  4.66e+04  6.47e+02 -1.00e+05
2015 07 12  1545   57215  56700   3.03e+00  1.18e-01  9.47e-02  4.83e-02  3.91e-02  2.04e-02  4.66e+04  6.49e+02 -1.00e+05
2015 07 12  1550   57215  57000   3.07e+00  1.37e-01  1.14e-01  4.83e-02  3.91e-02  2.04e-02  4.64e+04  6.29e+02 -1.00e+05
2015 07 12  1555   57215  57300   2.85e+00  1.46e-01  1.23e-01  5.72e-02  4.80e-02  2.93e-02  4.59e+04  6.49e+02 -1.00e+05
2015 07 12  1600   57215  57600   3.10e+00  1.18e-01  9.52e-02  6.21e-02  5.30e-02  3.42e-02  4.56e+04  6.18e+02 -1.00e+05
2015 07 12  1605   57215  57900   3.22e+00  1.49e-01  1.26e-01  4.85e-02  3.92e-02  2.04e-02  4.53e+04  5.99e+02 -1.00e+05
2015 07 12  1610   57215  58200   4.42e+00  2.23e-01  1.28e-01  9.29e-02  7.85e-02  3.25e-02  4.26e+04  6.05e+02 -1.00e+05
2015 07 12  1615   57215  58500   3.06e+00  1.89e-01  1.66e-01  1.32e-01  8.78e-02  3.54e-02  4.62e+04  6.01e+02 -1.00e+05
2015 07 12  1620   57215  58800   4.51e+00  3.70e-01  3.03e-01  1.06e-01  6.48e-02  3.67e-02  4.40e+04  6.26e+02 -1.00e+05
2015 07 12  1625   57215  59100   4.43e+00  1.69e-01  8.36e-02  4.85e-02  3.92e-02  2.04e-02  4.53e+04  6.28e+02 -1.00e+05
2015 07 12  1630   57215  59400   3.77e+00  1.97e-01  1.32e-01  9.13e-02  8.07e-02  6.15e-02  4.20e+04  5.41e+02 -1.00e+05
2015 07 12  1635   57215  59700   2.99e+00  2.22e-01  1.99e-01  9.40e-02  5.93e-02  2.44e-02  4.56e+04  6.17e+02 -1.00e+05
2015 07 12  1640   57215  60000   2.93e+00  1.99e-01  1.76e-01  5.22e-02  4.31e-02  2.43e-02  4.39e+04  5.82e+02 -1.00e+05
2015 07 12  1645   57215  60300   3.01e+00  1.90e-01  1.22e-01  4.83e-02  3.91e-02  2.04e-02  3.87e+04  4.59e+02 -1.00e+05
2015 07 12  1650   57215  60600   4.31e+00  1.68e-01  1.01e-01  5.97e-02  5.05e-02  3.18e-02  4.46e+04  6.22e+02 -1.00e+05
2015 07 12  1655   57215  60900   3.01e+00  1.05e-01  8.16e-02  4.85e-02  3.93e-02  2.04e-02  4.34e+04  5.99e+02 -1.00e+05
2015 07 12  1700   57215  61200   5.12e+00  2.17e-01  8.32e-02  4.83e-02  3.91e-02  2.04e-02  4.12e+04  5.44e+02 -1.00e+05
2015 07 12  1705   57215  61500   4.00e+00  2.56e-01  1.90e-01  6.36e-02  5.45e-02  3.47e-02  4.32e+04  5.79e+02 -1.00e+05
2015 07 12  1710   57215  61800   2.84e+00  1.31e-01  1.08e-01  7.46e-02  5.20e-02  2.93e-02  4.23e+04  5.47e+02 -1.00e+05
2015 07 12  1715   57215  62100   4.37e+00  3.52e-01  2.38e-01  1.06e-01  8.60e-02  6.40e-02  4.31e+04  5.70e+02 -1.00e+05
2015 07 12  1720   57215  62400   5.35e+00  2.57e-01  1.02e-01  6.71e-02  5.79e-02  3.92e-02  4.12e+04  5.37e+02 -1.00e+05
2015 07 12  1725   57215  62700   2.57e+00  1.04e-01  8.14e-02  4.83e-02  3.91e-02  2.04e-02  3.97e+04  5.22e+02 -1.00e+05
2015 07 12  1730   57215  63000   2.52e+00  1.74e-01  1.51e-01  1.17e-01  1.08e-01  4.26e-02  3.97e+04  5.04e+02 -1.00e+05
2015 07 12  1735   57215  63300   2.57e+00  1.25e-01  1.02e-01  5.51e-02  4.07e-02  2.04e-02  3.91e+04  4.85e+02 -1.00e+05
2015 07 12  1740   57215  63600   3.60e+00  1.98e-01  1.06e-01  5.72e-02  4.80e-02  2.93e-02  3.70e+04  4.70e+02 -1.00e+05
2015 07 12  1745   57215  63900   3.62e+00  2.49e-01  1.81e-01  4.83e-02  3.91e-02  2.04e-02  3.84e+04  4.67e+02 -1.00e+05
2015 07 12  1750   57215  64200   2.30e+00  1.11e-01  8.78e-02  5.47e-02  4.56e-02  2.68e-02  3.54e+04  4.12e+02 -1.00e+05
2015 07 12  1755   57215  64500   2.37e+00  1.06e-01  8.29e-02  4.98e-02  4.06e-02  2.19e-02  3.56e+04  4.03e+02 -1.00e+05
2015 07 12  1800   57215  64800   2.16e+00  1.63e-01  1.40e-01  1.06e-01  7.66e-02  3.05e-02  3.35e+04  3.56e+02 -1.00e+05
2015 07 12  1805   57215  65100   2.44e+00  1.45e-01  1.22e-01  8.79e-02  4.80e-02  2.04e-02  3.59e+04  3.86e+02 -1.00e+05
2015 07 12  1810   57215  65400   2.84e+00  1.13e-01  9.03e-02  5.72e-02  4.80e-02  2.93e-02  4.03e+04  4.56e+02 -1.00e+05
2015 07 12  1815   57215  65700   2.85e+00  1.04e-01  8.14e-02  4.83e-02  3.91e-02  2.04e-02  4.07e+04  4.99e+02 -1.00e+05
2015 07 12  1820   57215  66000   2.95e+00  1.49e-01  1.26e-01  9.31e-02  8.30e-02  6.40e-02  3.96e+04  4.61e+02 -1.00e+05
2015 07 12  1825   57215  66300   3.52e+00  1.89e-01  1.23e-01  7.45e-02  6.54e-02  4.66e-02  3.70e+04  4.24e+02 -1.00e+05
2015 07 12  1830   57215  66600   2.68e+00  1.65e-01  1.42e-01  1.08e-01  8.83e-02  6.64e-02  4.15e+04  5.02e+02 -1.00e+05
2015 07 12  1835   57215  66900   2.50e+00  1.55e-01  1.32e-01  9.86e-02  8.56e-02  3.93e-02  4.14e+04  4.99e+02 -1.00e+05
2015 07 12  1840   57215  67200   2.61e+00  1.38e-01  1.15e-01  8.13e-02  4.66e-02  2.04e-02  4.16e+04  5.03e+02 -1.00e+05
2015 07 12  1845   57215  67500   2.54e+00  1.18e-01  9.52e-02  6.16e-02  4.21e-02  2.04e-02  4.17e+04  5.11e+02 -1.00e+05
2015 07 12  1850   57215  67800   2.45e+00  1.87e-01  1.64e-01  9.86e-02  8.95e-02  3.65e-02  4.25e+04  5.15e+02 -1.00e+05
2015 07 12  1855   57215  68100   2.59e+00  1.68e-01  1.45e-01  1.12e-01  1.03e-01  4.53e-02  4.17e+04  5.12e+02 -1.00e+05
2015 07 12  1900   57215  68400   2.51e+00  2.05e-01  1.82e-01  5.97e-02  5.05e-02  3.18e-02  4.45e+04  5.72e+02 -1.00e+05
2015 07 12  1905   57215  68700   3.47e+00  1.89e-01  1.26e-01  5.47e-02  4.56e-02  2.24e-02  4.45e+04  5.87e+02 -1.00e+05
2015 07 12  1910   57215  69000   2.26e+00  1.16e-01  9.30e-02  5.98e-02  4.67e-02  2.68e-02  4.41e+04  5.67e+02 -1.00e+05
2015 07 12  1915   57215  69300   3.82e+00  1.75e-01  9.04e-02  5.51e-02  4.07e-02  2.04e-02  4.66e+04  6.18e+02 -1.00e+05
2015 07 12  1920   57215  69600   2.60e+00  1.96e-01  1.73e-01  4.83e-02  3.91e-02  2.04e-02  4.66e+04  6.22e+02 -1.00e+05
2015 07 12  1925   57215  69900   2.17e+00  1.67e-01  1.44e-01  1.11e-01  1.02e-01  4.06e-02  4.65e+04  6.06e+02 -1.00e+05
2015 07 12  1930   57215  70200   3.06e+00  1.71e-01  1.03e-01  4.83e-02  3.91e-02  2.04e-02  4.56e+04  5.91e+02 -1.00e+05
2015 07 12  1935   57215  70500   2.31e+00  2.48e-01  2.16e-01  1.78e-01  1.03e-01  3.45e-02  4.40e+04  5.76e+02 -1.00e+05
2015 07 12  1940   57215  70800   2.05e+00  1.31e-01  1.08e-01  7.48e-02  6.56e-02  3.32e-02  4.39e+04  5.32e+02 -1.00e+05
2015 07 12  1945   57215  71100   1.93e+00  1.04e-01  8.14e-02  4.83e-02  3.91e-02  2.04e-02  4.39e+04  5.23e+02 -1.00e+05
2015 07 12  1950   57215  71400   2.89e+00  2.43e-01  1.36e-01  8.75e-02  5.78e-02  2.44e-02  4.22e+04  4.87e+02 -1.00e+05
2015 07 12  1955   57215  71700   1.58e+00  2.11e-01  1.88e-01  6.71e-02  5.79e-02  3.92e-02  4.10e+04  4.61e+02 -1.00e+05
2015 07 12  2000   57215  72000   1.70e+00  1.18e-01  9.47e-02  4.83e-02  3.91e-02  2.04e-02  3.96e+04  4.17e+02 -1.00e+05
2015 07 12  2005   57215  72300   2.83e+00  2.37e-01  1.04e-01  6.82e-02  4.36e-02  2.04e-02  3.68e+04  3.43e+02 -1.00e+05
2015 07 12  2010   57215  72600   1.34e+00  2.49e-01  1.81e-01  4.83e-02  3.91e-02  2.04e-02  3.47e+04  2.97e+02 -1.00e+05
2015 07 12  2015   57215  72900   1.55e+00  1.58e-01  1.00e-01  6.10e-02  5.18e-02  2.44e-02  3.50e+04  3.06e+02 -1.00e+05
2015 07 12  2020   57215  73200   1.43e+00  1.04e-01  8.14e-02  4.83e-02  3.91e-02  2.04e-02  3.60e+04  3.07e+02 -1.00e+05
2015 07 12  2025   57215  73500   1.38e+00  1.17e-01  9.41e-02  6.10e-02  5.18e-02  2.44e-02  3.26e+04  2.67e+02 -1.00e+05
2015 07 12  2030   57215  73800   2.50e+00  4.12e-01  2.45e-01  5.51e-02  4.07e-02  2.04e-02  3.39e+04  3.08e+02 -1.00e+05
2015 07 12  2035   57215  74100   1.53e+00  1.36e-01  1.13e-01  7.95e-02  7.03e-02  5.16e-02  3.35e+04  2.76e+02 -1.00e+05
2015 07 12  2040   57215  74400   1.59e+00  1.04e-01  8.14e-02  4.83e-02  3.91e-02  2.04e-02  3.29e+04  2.82e+02 -1.00e+05
2015 07 12  2045   57215  74700   1.96e+00  1.57e-01  8.96e-02  4.85e-02  3.93e-02  2.04e-02  3.16e+04  2.68e+02 -1.00e+05
2015 07 12  2050   57215  75000   1.90e+00  1.05e-01  8.16e-02  4.85e-02  3.93e-02  2.04e-02  3.18e+04  2.49e+02 -1.00e+05
2015 07 12  2055   57215  75300   2.31e+00  1.67e-01  1.44e-01  1.11e-01  1.02e-01  4.06e-02  2.75e+04  2.03e+02 -1.00e+05
2015 07 12  2100   57215  75600   2.83e+00  1.46e-01  1.23e-01  5.72e-02  4.80e-02  2.93e-02  2.52e+04  1.72e+02 -1.00e+05
2015 07 12  2105   57215  75900   2.44e+00  1.11e-01  8.84e-02  5.51e-02  4.07e-02  2.04e-02  2.91e+04  2.39e+02 -1.00e+05
2015 07 12  2110   57215  76200   5.65e+00  2.80e-01  8.29e-02  4.83e-02  3.91e-02  2.04e-02  3.12e+04  2.82e+02 -1.00e+05
2015 07 12  2115   57215  76500   5.45e+00  4.11e-01  1.76e-01  4.98e-02  4.06e-02  2.19e-02  3.25e+04  3.15e+02 -1.00e+05
2015 07 12  2120   57215  76800   6.61e+00  2.85e-01  1.09e-01  7.45e-02  6.54e-02  4.66e-02  3.93e+04  4.44e+02 -1.00e+05
2015 07 12  2125   57215  77100   2.84e+00  1.14e-01  9.12e-02  5.80e-02  4.44e-02  2.43e-02  3.91e+04  4.63e+02 -1.00e+05
2015 07 12  2130   57215  77400   2.39e+00  1.11e-01  8.84e-02  5.51e-02  4.07e-02  2.04e-02  4.05e+04  4.81e+02 -1.00e+05
2015 07 12  2135   57215  77700   2.63e+00  1.21e-01  9.77e-02  6.46e-02  5.55e-02  3.67e-02  4.22e+04  5.44e+02 -1.00e+05
2015 07 12  2140   57215  78000   2.39e+00  1.92e-01  1.69e-01  5.47e-02  4.56e-02  2.24e-02  4.16e+04  5.24e+02 -1.00e+05
2015 07 12  2145   57215  78300   2.21e+00  1.46e-01  1.23e-01  9.01e-02  8.10e-02  4.83e-02  4.20e+04  4.97e+02 -1.00e+05
2015 07 12  2150   57215  78600   2.14e+00  1.37e-01  1.14e-01  4.83e-02  3.91e-02  2.04e-02  4.21e+04  5.56e+02 -1.00e+05
2015 07 12  2155   57215  78900   3.59e+00  1.45e-01  1.22e-01  8.79e-02  4.80e-02  2.04e-02  4.36e+04  5.94e+02 -1.00e+05
2015 07 12  2200   57215  79200   4.29e+00  2.59e-01  1.50e-01  1.14e-01  7.60e-02  5.16e-02  4.04e+04  4.63e+02 -1.00e+05
2015 07 12  2205   57215  79500   3.09e+00  1.71e-01  1.03e-01  6.16e-02  4.21e-02  2.04e-02  3.69e+04  4.20e+02 -1.00e+05
2015 07 12  2210   57215  79800   2.34e+00  1.18e-01  9.47e-02  4.83e-02  3.91e-02  2.04e-02  3.68e+04  4.12e+02 -1.00e+05
2015 07 12  2215   57215  80100   2.72e+00  1.05e-01  8.16e-02  4.85e-02  3.92e-02  2.04e-02  3.81e+04  4.49e+02 -1.00e+05
2015 07 12  2220   57215  80400   3.71e+00  1.98e-01  1.30e-01  8.79e-02  4.80e-02  2.04e-02  3.67e+04  4.36e+02 -1.00e+05
2015 07 12  2225   57215  80700   5.67e+00  4.63e-01  2.51e-01  9.94e-02  7.17e-02  4.76e-02  3.75e+04  4.32e+02 -1.00e+05
2015 07 12  2230   57215  81000   3.20e+00  1.05e-01  8.16e-02  4.85e-02  3.92e-02  2.04e-02  3.76e+04  4.56e+02 -1.00e+05
2015 07 12  2235   57215  81300   5.37e+00  1.68e-01  8.33e-02  4.83e-02  3.91e-02  2.04e-02  3.76e+04  4.65e+02 -1.00e+05
2015 07 12  2240   57215  81600   2.99e+00  1.04e-01  8.14e-02  4.83e-02  3.91e-02  2.04e-02  3.93e+04  5.05e+02 -1.00e+05
2015 07 12  2245   57215  81900   4.08e+00  2.96e-01  2.28e-01  9.44e-02  4.95e-02  2.04e-02  3.91e+04  4.76e+02 -1.00e+05
2015 07 12  2250   57215  82200   3.35e+00  1.68e-01  8.33e-02  4.83e-02  3.91e-02  2.04e-02  3.62e+04  4.08e+02 -1.00e+05
2015 07 12  2255   57215  82500   2.23e+00  1.70e-01  1.47e-01  8.20e-02  7.28e-02  5.41e-02  3.66e+04  4.10e+02 -1.00e+05
2015 07 12  2300   57215  82800   2.20e+00  1.69e-01  1.46e-01  1.13e-01  1.04e-01  4.90e-02  3.43e+04  3.40e+02 -1.00e+05
2015 07 12  2305   57215  83100   2.69e+00  2.48e-01  1.88e-01  1.48e-01  1.39e-01  7.37e-02  3.28e+04  3.22e+02 -1.00e+05
2015 07 12  2310   57215  83400   3.08e+00  2.49e-01  1.81e-01  4.83e-02  3.91e-02  2.04e-02  3.38e+04  3.38e+02 -1.00e+05
2015 07 12  2315   57215  83700   2.28e+00  1.60e-01  1.27e-01  9.23e-02  8.32e-02  3.45e-02  3.39e+04  3.49e+02 -1.00e+05
2015 07 12  2320   57215  84000   2.32e+00  1.72e-01  1.49e-01  1.15e-01  7.64e-02  4.91e-02  3.44e+04  3.48e+02 -1.00e+05
2015 07 12  2325   57215  84300   5.79e+00  2.17e-01  8.35e-02  4.85e-02  3.92e-02  2.04e-02  3.37e+04  3.34e+02 -1.00e+05
2015 07 12  2330   57215  84600   3.52e+00  2.21e-01  1.56e-01  7.37e-02  6.46e-02  4.58e-02  3.29e+04  3.39e+02 -1.00e+05
2015 07 12  2335   57215  84900   3.04e+00  2.05e-01  1.37e-01  8.13e-02  4.66e-02  2.04e-02  3.43e+04  3.29e+02 -1.00e+05
2015 07 12  2340   57215  85200   2.62e+00  2.13e-01  1.46e-01  9.49e-02  6.42e-02  3.92e-02  2.87e+04  2.42e+02 -1.00e+05
2015 07 12  2345   57215  85500   1.54e+00  1.18e-01  9.47e-02  4.83e-02  3.91e-02  2.04e-02  2.48e+04  1.75e+02 -1.00e+05
2015 07 12  2350   57215  85800   2.81e+00  2.71e-01  9.94e-02  4.83e-02  3.91e-02  2.04e-02  2.27e+04  1.48e+02 -1.00e+05
2015 07 12  2355   57215  86100   1.55e+00  2.08e-01  1.24e-01  8.77e-02  5.49e-02  2.93e-02  1.90e+04  9.76e+01 -1.00e+05
