:Data_list: 20151127_Gs_part_5m.txt
:Created: 2015 Nov 28 0011 UTC
# Prepared by the U.S. Dept. of Commerce, NOAA, Space Weather Prediction Center
# Please send comments and suggestions to SWPC.Webmaster@noaa.gov 
# 
# Label: P > 1 = Particles at >1 Mev
# Label: P > 5 = Particles at >5 Mev
# Label: P >10 = Particles at >10 Mev
# Label: P >30 = Particles at >30 Mev
# Label: P >50 = Particles at >50 Mev
# Label: P>100 = Particles at >100 Mev
# Label: E>0.8 = Electrons at >0.8 Mev
# Label: E>2.0 = Electrons at >2.0 Mev
# Label: E>4.0 = Electrons at >4.0 Mev
# Units: Particles = Protons/cm2-s-sr
# Units: Electrons = Electrons/cm2-s-sr
# Source: GOES-15
# Location: W135
# Missing data: -1.00e+05
#
#                      5-minute  GOES-15 Solar Particle and Electron Flux
#
#                 Modified Seconds
# UTC Date  Time   Julian  of the
# YR MO DA  HHMM    Day     Day     P > 1     P > 5     P >10     P >30     P >50     P>100     E>0.8     E>2.0     E>4.0
#-------------------------------------------------------------------------------------------------------------------------
2015 11 27  0000   57353      0   4.65e+00  1.59e-01  1.33e-01  5.03e-02  4.04e-02  2.08e-02  1.86e+03  2.46e+01 -1.00e+05
2015 11 27  0005   57353    300   6.60e+00  1.79e-01  1.01e-01  5.03e-02  4.04e-02  2.08e-02  1.85e+03  2.09e+01 -1.00e+05
2015 11 27  0010   57353    600   7.28e+00  2.39e-01  1.41e-01  8.68e-02  7.69e-02  3.26e-02  1.81e+03  2.16e+01 -1.00e+05
2015 11 27  0015   57353    900   4.98e+00  2.56e-01  2.29e-01  9.87e-02  8.88e-02  6.93e-02  1.85e+03  2.10e+01 -1.00e+05
2015 11 27  0020   57353   1200   4.91e+00  1.48e-01  1.22e-01  8.06e-02  7.06e-02  3.05e-02  1.79e+03  2.10e+01 -1.00e+05
2015 11 27  0025   57353   1500   4.86e+00  1.55e-01  1.28e-01  8.68e-02  7.69e-02  3.26e-02  1.75e+03  2.15e+01 -1.00e+05
2015 11 27  0030   57353   1800   4.81e+00  1.44e-01  1.17e-01  7.59e-02  6.60e-02  4.65e-02  1.73e+03  1.38e+01 -1.00e+05
2015 11 27  0035   57353   2100   4.38e+00  1.60e-01  1.33e-01  6.99e-02  4.48e-02  2.08e-02  1.65e+03  1.92e+01 -1.00e+05
2015 11 27  0040   57353   2400   5.98e+00  2.69e-01  1.76e-01  9.31e-02  8.32e-02  3.46e-02  1.62e+03  1.74e+01 -1.00e+05
2015 11 27  0045   57353   2700   4.63e+00  1.80e-01  1.53e-01  1.12e-01  1.02e-01  4.06e-02  1.64e+03  1.69e+01 -1.00e+05
2015 11 27  0050   57353   3000   6.43e+00  3.06e-01  2.27e-01  7.64e-02  4.62e-02  2.08e-02  1.65e+03  2.25e+01 -1.00e+05
2015 11 27  0055   57353   3300   4.52e+00  2.77e-01  2.51e-01  2.07e-01  1.20e-01  3.86e-02  1.70e+03  1.85e+01 -1.00e+05
2015 11 27  0100   57353   3600   7.37e+00  2.17e-01  9.46e-02  5.03e-02  4.04e-02  2.08e-02  1.71e+03  2.32e+01 -1.00e+05
2015 11 27  0105   57353   3900   7.55e+00  3.42e-01  1.81e-01  1.37e-01  1.27e-01  4.87e-02  1.71e+03  2.00e+01 -1.00e+05
2015 11 27  0110   57353   4200   5.28e+00  2.53e-01  1.78e-01  8.74e-02  7.75e-02  5.72e-02  1.72e+03  1.84e+01 -1.00e+05
2015 11 27  0115   57353   4500   4.05e+00  1.68e-01  1.42e-01  9.99e-02  7.98e-02  3.26e-02  1.64e+03  2.04e+01 -1.00e+05
2015 11 27  0120   57353   4800   4.24e+00  1.57e-01  1.30e-01  8.88e-02  7.89e-02  5.94e-02  1.65e+03  1.98e+01 -1.00e+05
2015 11 27  0125   57353   5100   6.26e+00  2.37e-01  1.10e-01  5.03e-02  4.04e-02  2.08e-02  1.64e+03  2.18e+01 -1.00e+05
2015 11 27  0130   57353   5400   3.82e+00  1.53e-01  1.24e-01  6.41e-02  5.41e-02  3.46e-02  1.56e+03  1.96e+01 -1.00e+05
2015 11 27  0135   57353   5700   7.32e+00  3.77e-01  1.65e-01  1.19e-01  7.97e-02  5.44e-02  1.56e+03  1.23e+01 -1.00e+05
2015 11 27  0140   57353   6000   3.31e+00  1.52e-01  1.23e-01  5.03e-02  4.04e-02  2.08e-02  1.49e+03  1.46e+01 -1.00e+05
2015 11 27  0145   57353   6300   2.72e+00  1.46e-01  1.18e-01  7.65e-02  6.65e-02  4.70e-02  1.48e+03  1.55e+01 -1.00e+05
2015 11 27  0150   57353   6600   2.60e+00  1.63e-01  1.37e-01  9.41e-02  5.51e-02  2.72e-02  1.40e+03  1.33e+01 -1.00e+05
2015 11 27  0155   57353   6900   2.66e+00  1.40e-01  1.13e-01  5.03e-02  4.04e-02  2.08e-02  1.38e+03  1.27e+01 -1.00e+05
2015 11 27  0200   57353   7200   2.34e+00  1.36e-01  1.09e-01  6.80e-02  5.81e-02  2.65e-02  1.35e+03  1.43e+01 -1.00e+05
2015 11 27  0205   57353   7500   3.12e+00  1.79e-01  1.05e-01  5.55e-02  4.56e-02  2.25e-02  1.30e+03  1.16e+01 -1.00e+05
2015 11 27  0210   57353   7800   2.05e+00  1.56e-01  1.29e-01  8.73e-02  6.73e-02  2.85e-02  1.23e+03  7.53e+00 -1.00e+05
2015 11 27  0215   57353   8100   2.01e+00  1.25e-01  9.83e-02  5.68e-02  4.18e-02  2.08e-02  1.20e+03  1.06e+01 -1.00e+05
2015 11 27  0220   57353   8400   1.65e+00  2.36e-01  2.06e-01  6.33e-02  4.33e-02  2.08e-02  1.11e+03  9.07e+00 -1.00e+05
2015 11 27  0225   57353   8700   1.77e+00  2.20e-01  1.42e-01  5.03e-02  4.04e-02  2.08e-02  1.09e+03  7.39e+00 -1.00e+05
2015 11 27  0230   57353   9000   1.32e+00  2.18e-01  1.91e-01  5.03e-02  4.04e-02  2.08e-02  9.53e+02  5.76e+00 -1.00e+05
2015 11 27  0235   57353   9300   1.32e+00  1.18e-01  9.17e-02  5.03e-02  4.04e-02  2.08e-02  9.66e+02  7.98e+00 -1.00e+05
2015 11 27  0240   57353   9600   1.48e+00  2.62e-01  2.32e-01  8.95e-02  4.92e-02  2.08e-02  9.31e+02  5.59e+00 -1.00e+05
2015 11 27  0245   57353   9900   2.24e+00  2.57e-01  1.48e-01  1.04e-01  9.36e-02  5.23e-02  9.05e+02  2.90e+00 -1.00e+05
2015 11 27  0250   57353  10200   1.01e+00  2.11e-01  1.85e-01  1.43e-01  1.33e-01  5.07e-02  8.17e+02  2.30e+00 -1.00e+05
2015 11 27  0255   57353  10500   8.87e-01  1.45e-01  1.19e-01  7.64e-02  4.62e-02  2.08e-02  7.88e+02  4.97e+00 -1.00e+05
2015 11 27  0300   57353  10800   8.51e-01  1.83e-01  1.55e-01  1.12e-01  6.73e-02  4.20e-02  7.28e+02  4.10e+00 -1.00e+05
2015 11 27  0305   57353  11100   1.07e+00  3.29e-01  2.36e-01  1.81e-01  1.03e-01  3.46e-02  6.75e+02  9.29e-01 -1.00e+05
2015 11 27  0310   57353  11400   1.14e+00  2.37e-01  1.10e-01  5.03e-02  4.04e-02  2.08e-02  5.48e+02  7.38e+00 -1.00e+05
2015 11 27  0315   57353  11700   5.44e-01  1.22e-01  9.22e-02  5.03e-02  4.04e-02  2.08e-02  4.59e+02  2.32e+00 -1.00e+05
2015 11 27  0320   57353  12000   5.38e-01  1.59e-01  1.33e-01  5.03e-02  4.04e-02  2.08e-02  3.69e+02  1.44e+00 -1.00e+05
2015 11 27  0325   57353  12300   5.67e-01  1.18e-01  9.17e-02  5.03e-02  4.04e-02  2.08e-02  3.62e+02  2.07e+00 -1.00e+05
2015 11 27  0330   57353  12600   8.92e-01  3.08e-01  9.43e-02  5.03e-02  4.04e-02  2.08e-02  4.12e+02  1.37e+00 -1.00e+05
2015 11 27  0335   57353  12900   5.40e-01  1.18e-01  9.17e-02  5.03e-02  4.04e-02  2.08e-02  3.67e+02  1.68e+00 -1.00e+05
2015 11 27  0340   57353  13200   3.88e-01  1.42e-01  1.15e-01  7.37e-02  6.38e-02  4.42e-02  3.17e+02  1.33e-01 -1.00e+05
2015 11 27  0345   57353  13500   4.29e-01  1.32e-01  1.05e-01  6.33e-02  4.33e-02  2.08e-02  3.04e+02  1.33e-01 -1.00e+05
2015 11 27  0350   57353  13800   6.12e-01  2.44e-01  1.21e-01  6.20e-02  4.70e-02  2.25e-02  3.14e+02  1.69e+00 -1.00e+05
2015 11 27  0355   57353  14100   2.74e-01  1.52e-01  1.25e-01  8.30e-02  4.77e-02  2.08e-02  3.44e+02  5.04e-01 -1.00e+05
2015 11 27  0400   57353  14400   4.59e-01  3.85e-01  2.15e-01  5.03e-02  4.04e-02  2.08e-02  3.90e+02  6.53e-01 -1.00e+05
2015 11 27  0405   57353  14700   6.57e-01  3.11e-01  1.92e-01  1.33e-01  1.23e-01  5.68e-02  4.26e+02  1.33e-01 -1.00e+05
2015 11 27  0410   57353  15000   3.41e-01  1.18e-01  9.17e-02  5.03e-02  4.04e-02  2.08e-02  4.64e+02  8.35e-01 -1.00e+05
2015 11 27  0415   57353  15300   4.78e-01  1.72e-01  1.46e-01  1.03e-01  6.62e-02  3.88e-02  4.60e+02  1.33e-01 -1.00e+05
2015 11 27  0420   57353  15600   4.85e-01  1.68e-01  1.42e-01  6.18e-02  5.18e-02  2.45e-02  5.38e+02  4.41e-01 -1.00e+05
2015 11 27  0425   57353  15900   4.07e-01  1.69e-01  1.43e-01  5.03e-02  4.04e-02  2.08e-02  5.05e+02  2.01e+00 -1.00e+05
2015 11 27  0430   57353  16200   4.60e-01  1.91e-01  1.64e-01  1.22e-01  7.67e-02  4.70e-02  5.18e+02  1.33e-01 -1.00e+05
2015 11 27  0435   57353  16500   4.94e-01  2.30e-01  2.04e-01  6.65e-02  5.66e-02  3.71e-02  5.65e+02  1.33e-01 -1.00e+05
2015 11 27  0440   57353  16800   4.97e-01  1.55e-01  1.28e-01  8.67e-02  7.68e-02  5.72e-02  5.67e+02  9.51e-01 -1.00e+05
2015 11 27  0445   57353  17100   3.94e-01  1.48e-01  1.21e-01  7.89e-02  6.90e-02  4.95e-02  5.31e+02  1.33e-01 -1.00e+05
2015 11 27  0450   57353  17400   4.16e-01  1.69e-01  1.43e-01  1.00e-01  6.23e-02  3.71e-02  5.71e+02  1.33e-01 -1.00e+05
2015 11 27  0455   57353  17700   3.61e-01  1.50e-01  1.24e-01  6.41e-02  5.41e-02  3.46e-02  4.97e+02  6.55e-01 -1.00e+05
2015 11 27  0500   57353  18000   6.19e-01  2.58e-01  1.31e-01  5.03e-02  4.04e-02  2.08e-02  5.41e+02  1.18e+00 -1.00e+05
2015 11 27  0505   57353  18300   7.59e-01  2.06e-01  1.29e-01  7.89e-02  6.90e-02  4.95e-02  5.45e+02  1.42e+00 -1.00e+05
2015 11 27  0510   57353  18600   6.24e-01  2.68e-01  2.42e-01  6.99e-02  4.48e-02  2.08e-02  4.96e+02  1.33e-01 -1.00e+05
2015 11 27  0515   57353  18900   1.76e-01  1.49e-01  1.22e-01  5.03e-02  4.04e-02  2.08e-02  4.89e+02  1.33e-01 -1.00e+05
2015 11 27  0520   57353  19200   3.76e-01  1.18e-01  9.17e-02  5.03e-02  4.04e-02  2.08e-02  4.97e+02  3.26e+00 -1.00e+05
2015 11 27  0525   57353  19500   3.49e-01  1.29e-01  1.03e-01  6.16e-02  5.16e-02  3.21e-02  4.66e+02  9.70e-01 -1.00e+05
2015 11 27  0530   57353  19800   3.16e-01  2.11e-01  1.85e-01  1.43e-01  1.33e-01  5.07e-02  4.60e+02  1.33e-01 -1.00e+05
2015 11 27  0535   57353  20100   7.84e-01  2.62e-01  1.19e-01  7.48e-02  5.48e-02  2.45e-02  4.85e+02  1.33e-01 -1.00e+05
2015 11 27  0540   57353  20400   7.81e-01  3.36e-01  2.09e-01  5.03e-02  4.04e-02  2.08e-02  5.33e+02  2.35e+00 -1.00e+05
2015 11 27  0545   57353  20700   3.54e-01  1.46e-01  1.19e-01  7.79e-02  6.79e-02  4.24e-02  5.12e+02  1.05e+00 -1.00e+05
2015 11 27  0550   57353  21000   4.24e-01  2.63e-01  2.35e-01  9.65e-02  6.53e-02  3.95e-02  5.09e+02  1.33e-01 -1.00e+05
2015 11 27  0555   57353  21300   6.99e-01  2.42e-01  9.45e-02  5.03e-02  4.04e-02  2.08e-02  5.54e+02  1.45e+00 -1.00e+05
2015 11 27  0600   57353  21600   2.58e-01  1.24e-01  9.80e-02  5.66e-02  4.67e-02  2.72e-02  4.82e+02  1.57e+00 -1.00e+05
2015 11 27  0605   57353  21900   3.92e-01  1.23e-01  9.69e-02  5.55e-02  4.56e-02  2.25e-02  4.52e+02  1.64e+00 -1.00e+05
2015 11 27  0610   57353  22200   3.43e-01  1.69e-01  1.42e-01  1.00e-01  7.50e-02  3.05e-02  4.10e+02  1.33e-01 -1.00e+05
2015 11 27  0615   57353  22500   4.45e-01  1.57e-01  1.30e-01  8.88e-02  7.89e-02  5.94e-02  4.08e+02  1.33e-01 -1.00e+05
2015 11 27  0620   57353  22800   3.05e-01  1.22e-01  9.22e-02  5.03e-02  4.04e-02  2.08e-02  3.91e+02  1.82e+00 -1.00e+05
2015 11 27  0625   57353  23100   3.71e-01  1.31e-01  1.02e-01  5.96e-02  4.54e-02  2.47e-02  3.92e+02  1.33e-01 -1.00e+05
2015 11 27  0630   57353  23400   4.36e-01  1.38e-01  1.12e-01  6.99e-02  4.48e-02  2.08e-02  3.74e+02  2.41e+00 -1.00e+05
2015 11 27  0635   57353  23700   3.26e-01  1.36e-01  1.09e-01  6.80e-02  5.81e-02  2.65e-02  3.67e+02  1.33e-01 -1.00e+05
2015 11 27  0640   57353  24000   4.83e-01  1.79e-01  1.01e-01  5.03e-02  4.04e-02  2.08e-02  3.76e+02  1.33e-01 -1.00e+05
2015 11 27  0645   57353  24300   5.88e-01  2.58e-01  1.31e-01  5.03e-02  4.04e-02  2.08e-02  3.90e+02  1.53e+00 -1.00e+05
2015 11 27  0650   57353  24600   3.49e-01  3.21e-01  2.95e-01  1.13e-01  7.57e-02  4.81e-02  4.07e+02  1.33e-01 -1.00e+05
2015 11 27  0655   57353  24900   6.03e-01  2.48e-01  1.01e-01  5.66e-02  4.67e-02  2.72e-02  4.15e+02  7.97e-01 -1.00e+05
2015 11 27  0700   57353  25200   5.01e-01  1.32e-01  1.06e-01  6.18e-02  5.18e-02  2.45e-02  4.02e+02  1.33e-01 -1.00e+05
2015 11 27  0705   57353  25500   1.92e-01  1.22e-01  9.22e-02  5.03e-02  4.04e-02  2.08e-02  3.94e+02  3.48e+00 -1.00e+05
2015 11 27  0710   57353  25800   3.15e-01  1.64e-01  1.38e-01  9.63e-02  8.63e-02  6.68e-02  4.06e+02  1.33e-01 -1.00e+05
2015 11 27  0715   57353  26100   2.41e-01  1.18e-01  9.17e-02  5.03e-02  4.04e-02  2.08e-02  4.21e+02  1.01e+00 -1.00e+05
2015 11 27  0720   57353  26400   2.48e-01  1.78e-01  1.52e-01  5.03e-02  4.04e-02  2.08e-02  4.37e+02  8.90e-01 -1.00e+05
2015 11 27  0725   57353  26700   2.78e-01  2.09e-01  1.73e-01  1.30e-01  1.20e-01  6.58e-02  4.58e+02  1.33e-01 -1.00e+05
2015 11 27  0730   57353  27000   1.76e-01  1.48e-01  1.22e-01  8.06e-02  7.06e-02  3.05e-02  4.70e+02  2.73e+00 -1.00e+05
2015 11 27  0735   57353  27300   1.72e-01  1.18e-01  9.17e-02  5.03e-02  4.04e-02  2.08e-02  4.69e+02  2.90e+00 -1.00e+05
2015 11 27  0740   57353  27600   2.79e-01  1.24e-01  9.80e-02  5.66e-02  4.67e-02  2.72e-02  4.69e+02  1.41e-01 -1.00e+05
2015 11 27  0745   57353  27900   2.52e-01  1.49e-01  1.22e-01  5.03e-02  4.04e-02  2.08e-02  4.74e+02  1.59e+00 -1.00e+05
2015 11 27  0750   57353  28200   1.46e-01  1.18e-01  9.17e-02  5.03e-02  4.04e-02  2.08e-02  4.83e+02  1.33e-01 -1.00e+05
2015 11 27  0755   57353  28500   3.60e-01  1.95e-01  1.19e-01  6.91e-02  5.91e-02  3.96e-02  4.97e+02  1.33e-01 -1.00e+05
2015 11 27  0800   57353  28800   4.71e-01  3.91e-01  2.21e-01  5.68e-02  4.18e-02  2.08e-02  4.97e+02  1.95e-01 -1.00e+05
2015 11 27  0805   57353  29100   3.66e-01  1.32e-01  1.05e-01  6.41e-02  5.41e-02  3.46e-02  4.99e+02  9.02e-01 -1.00e+05
2015 11 27  0810   57353  29400   5.93e-01  2.37e-01  1.10e-01  5.03e-02  4.04e-02  2.08e-02  4.94e+02  1.37e+00 -1.00e+05
2015 11 27  0815   57353  29700   4.21e-01  3.00e-01  1.34e-01  6.33e-02  4.33e-02  2.08e-02  4.90e+02  1.56e+00 -1.00e+05
2015 11 27  0820   57353  30000   4.98e-01  2.33e-01  1.11e-01  6.65e-02  5.66e-02  3.71e-02  4.78e+02  1.33e-01 -1.00e+05
2015 11 27  0825   57353  30300   4.26e-01  3.19e-01  2.60e-01  7.43e-02  6.44e-02  2.85e-02  4.70e+02  1.12e+00 -1.00e+05
2015 11 27  0830   57353  30600   2.66e-01  1.40e-01  1.13e-01  5.03e-02  4.04e-02  2.08e-02  4.66e+02  5.76e-01 -1.00e+05
2015 11 27  0835   57353  30900   4.80e-01  2.68e-01  1.90e-01  6.33e-02  4.33e-02  2.08e-02  4.68e+02  1.33e-01 -1.00e+05
2015 11 27  0840   57353  31200   1.80e-01  1.26e-01  9.93e-02  5.78e-02  4.31e-02  2.22e-02  4.65e+02  4.41e-01 -1.00e+05
2015 11 27  0845   57353  31500   1.82e-01  1.55e-01  1.28e-01  8.68e-02  7.69e-02  3.26e-02  4.56e+02  7.84e-01 -1.00e+05
2015 11 27  0850   57353  31800   3.01e-01  1.42e-01  1.16e-01  7.43e-02  6.44e-02  2.85e-02  4.41e+02  1.33e-01 -1.00e+05
2015 11 27  0855   57353  32100   2.26e-01  1.24e-01  9.80e-02  5.66e-02  4.67e-02  2.72e-02  4.30e+02  1.33e-01 -1.00e+05
2015 11 27  0900   57353  32400   3.81e-01  1.95e-01  1.68e-01  8.68e-02  7.69e-02  3.26e-02  4.19e+02  1.33e-01 -1.00e+05
2015 11 27  0905   57353  32700   1.96e-01  1.32e-01  1.05e-01  6.41e-02  5.41e-02  3.46e-02  4.03e+02  7.36e-01 -1.00e+05
2015 11 27  0910   57353  33000   6.77e-01  2.96e-01  1.35e-01  6.90e-02  5.91e-02  3.95e-02  4.02e+02  1.33e-01 -1.00e+05
2015 11 27  0915   57353  33300   4.11e-01  1.59e-01  1.32e-01  8.91e-02  4.61e-02  2.08e-02  3.94e+02  1.33e-01 -1.00e+05
2015 11 27  0920   57353  33600   3.77e-01  1.52e-01  1.25e-01  7.22e-02  6.23e-02  4.27e-02  3.94e+02  1.33e-01 -1.00e+05
2015 11 27  0925   57353  33900   3.50e-01  1.79e-01  1.01e-01  5.03e-02  4.04e-02  2.08e-02  3.97e+02  2.80e+00 -1.00e+05
2015 11 27  0930   57353  34200   1.46e-01  1.18e-01  9.17e-02  5.03e-02  4.04e-02  2.08e-02  3.90e+02  1.33e-01 -1.00e+05
2015 11 27  0935   57353  34500   3.44e-01  1.55e-01  1.28e-01  8.68e-02  7.69e-02  3.26e-02  3.88e+02  1.33e-01 -1.00e+05
2015 11 27  0940   57353  34800   2.32e-01  1.73e-01  1.46e-01  1.03e-01  6.23e-02  3.71e-02  3.90e+02  1.33e-01 -1.00e+05
2015 11 27  0945   57353  35100   3.91e-01  1.79e-01  1.01e-01  5.03e-02  4.04e-02  2.08e-02  3.98e+02  1.55e+00 -1.00e+05
2015 11 27  0950   57353  35400   2.77e-01  1.39e-01  1.13e-01  7.15e-02  6.16e-02  4.20e-02  4.02e+02  1.33e-01 -1.00e+05
2015 11 27  0955   57353  35700   2.74e-01  1.80e-01  1.53e-01  1.12e-01  1.02e-01  4.06e-02  4.07e+02  2.95e-01 -1.00e+05
2015 11 27  1000   57353  36000   2.44e-01  1.85e-01  1.58e-01  1.16e-01  9.08e-02  6.68e-02  4.15e+02  1.33e-01 -1.00e+05
2015 11 27  1005   57353  36300   5.39e-01  1.50e-01  1.24e-01  6.41e-02  5.41e-02  3.46e-02  4.13e+02  1.33e-01 -1.00e+05
2015 11 27  1010   57353  36600   4.00e-01  2.17e-01  9.46e-02  5.03e-02  4.04e-02  2.08e-02  4.20e+02  1.65e+00 -1.00e+05
2015 11 27  1015   57353  36900   1.51e-01  1.23e-01  9.69e-02  5.55e-02  4.56e-02  2.25e-02  4.18e+02  1.33e-01 -1.00e+05
2015 11 27  1020   57353  37200   5.36e-01  2.54e-01  1.77e-01  7.33e-02  5.62e-02  3.46e-02  3.92e+02  8.90e-01 -1.00e+05
2015 11 27  1025   57353  37500   3.19e-01  1.48e-01  1.22e-01  8.06e-02  7.06e-02  3.05e-02  3.57e+02  1.46e-01 -1.00e+05
2015 11 27  1030   57353  37800   3.67e-01  1.53e-01  1.24e-01  6.41e-02  5.41e-02  3.46e-02  3.23e+02  2.18e+00 -1.00e+05
2015 11 27  1035   57353  38100   4.01e-01  1.57e-01  1.31e-01  8.78e-02  4.61e-02  2.08e-02  3.12e+02  1.33e-01 -1.00e+05
2015 11 27  1040   57353  38400   2.59e-01  1.79e-01  1.01e-01  5.03e-02  4.04e-02  2.08e-02  2.93e+02  7.28e-01 -1.00e+05
2015 11 27  1045   57353  38700   1.97e-01  1.69e-01  1.43e-01  1.01e-01  9.14e-02  6.67e-02  3.04e+02  1.33e-01 -1.00e+05
2015 11 27  1050   57353  39000   2.01e-01  1.73e-01  1.47e-01  1.06e-01  9.57e-02  3.86e-02  3.11e+02  1.33e-01 -1.00e+05
2015 11 27  1055   57353  39300   5.55e-01  2.57e-01  1.30e-01  6.99e-02  4.48e-02  2.08e-02  3.19e+02  1.33e-01 -1.00e+05
2015 11 27  1100   57353  39600   4.10e-01  1.52e-01  1.25e-01  8.30e-02  4.77e-02  2.08e-02  3.04e+02  9.38e-01 -1.00e+05
2015 11 27  1105   57353  39900   1.88e-01  1.18e-01  9.17e-02  5.03e-02  4.04e-02  2.08e-02  3.12e+02  4.93e+00 -1.00e+05
2015 11 27  1110   57353  40200   4.73e-01  1.90e-01  1.63e-01  1.22e-01  1.12e-01  5.65e-02  3.18e+02  1.27e+00 -1.00e+05
2015 11 27  1115   57353  40500   3.72e-01  1.41e-01  1.14e-01  5.17e-02  4.17e-02  2.22e-02  3.23e+02  1.33e+00 -1.00e+05
2015 11 27  1120   57353  40800   2.43e-01  1.47e-01  1.20e-01  7.89e-02  6.90e-02  4.95e-02  3.33e+02  1.38e+00 -1.00e+05
2015 11 27  1125   57353  41100   5.47e-01  2.98e-01  1.71e-01  1.12e-01  1.02e-01  4.06e-02  3.37e+02  1.94e+00 -1.00e+05
2015 11 27  1130   57353  41400   3.74e-01  1.97e-01  1.71e-01  9.94e-02  8.94e-02  3.66e-02  3.45e+02  2.66e+00 -1.00e+05
2015 11 27  1135   57353  41700   5.02e-01  1.32e-01  1.05e-01  6.33e-02  4.33e-02  2.08e-02  3.54e+02  2.40e+00 -1.00e+05
2015 11 27  1140   57353  42000   2.03e-01  1.38e-01  1.12e-01  6.99e-02  4.48e-02  2.08e-02  3.69e+02  1.80e+00 -1.00e+05
2015 11 27  1145   57353  42300   5.29e-01  1.69e-01  1.39e-01  9.61e-02  5.07e-02  2.08e-02  3.80e+02  1.24e+00 -1.00e+05
2015 11 27  1150   57353  42600   6.05e-01  1.79e-01  1.01e-01  5.03e-02  4.04e-02  2.08e-02  3.97e+02  1.49e+00 -1.00e+05
2015 11 27  1155   57353  42900   6.50e-01  2.50e-01  2.23e-01  9.13e-02  8.14e-02  6.18e-02  4.42e+02  3.32e-01 -1.00e+05
2015 11 27  1200   57353  43200   8.31e-01  1.83e-01  1.48e-01  1.06e-01  9.57e-02  3.86e-02  4.86e+02  2.23e+00 -1.00e+05
2015 11 27  1205   57353  43500   6.52e-01  1.60e-01  1.33e-01  6.99e-02  4.48e-02  2.08e-02  5.26e+02  1.33e-01 -1.00e+05
2015 11 27  1210   57353  43800   6.58e-01  2.19e-01  1.92e-01  8.70e-02  7.21e-02  3.05e-02  5.31e+02  1.12e+00 -1.00e+05
2015 11 27  1215   57353  44100   7.80e-01  2.53e-01  1.77e-01  1.26e-01  8.46e-02  5.94e-02  5.27e+02  1.33e-01 -1.00e+05
2015 11 27  1220   57353  44400   6.29e-01  1.30e-01  1.03e-01  6.18e-02  5.18e-02  2.45e-02  5.30e+02  3.56e+00 -1.00e+05
2015 11 27  1225   57353  44700   5.30e-01  1.68e-01  1.42e-01  9.99e-02  7.98e-02  3.26e-02  5.31e+02  3.41e+00 -1.00e+05
2015 11 27  1230   57353  45000   1.08e+00  2.57e-01  1.36e-01  9.20e-02  8.20e-02  6.25e-02  5.38e+02  3.70e+00 -1.00e+05
2015 11 27  1235   57353  45300   8.57e-01  2.39e-01  1.41e-01  8.68e-02  7.69e-02  3.26e-02  5.53e+02  2.51e+00 -1.00e+05
2015 11 27  1240   57353  45600   6.77e-01  1.69e-01  1.43e-01  1.01e-01  7.77e-02  5.44e-02  5.51e+02  6.51e-01 -1.00e+05
2015 11 27  1245   57353  45900   6.89e-01  1.71e-01  1.45e-01  5.68e-02  4.18e-02  2.08e-02  5.70e+02  5.25e+00 -1.00e+05
2015 11 27  1250   57353  46200   1.05e+00  2.17e-01  9.46e-02  5.03e-02  4.04e-02  2.08e-02  6.05e+02  4.49e+00 -1.00e+05
2015 11 27  1255   57353  46500   1.17e+00  2.47e-01  1.21e-01  6.16e-02  5.16e-02  3.21e-02  6.15e+02  4.35e+00 -1.00e+05
2015 11 27  1300   57353  46800   9.29e-01  2.68e-01  2.42e-01  6.99e-02  4.48e-02  2.08e-02  6.30e+02  2.84e+00 -1.00e+05
2015 11 27  1305   57353  47100   4.92e-01  1.32e-01  1.05e-01  6.33e-02  4.33e-02  2.08e-02  6.58e+02  2.38e+00 -1.00e+05
2015 11 27  1310   57353  47400   1.05e+00  2.84e-01  1.36e-01  9.04e-02  4.61e-02  2.08e-02  6.67e+02  1.16e+00 -1.00e+05
2015 11 27  1315   57353  47700   5.55e-01  1.30e-01  1.03e-01  6.18e-02  5.18e-02  2.45e-02  6.67e+02  3.12e+00 -1.00e+05
2015 11 27  1320   57353  48000   6.55e-01  2.11e-01  1.85e-01  1.43e-01  1.33e-01  5.07e-02  6.82e+02  2.88e+00 -1.00e+05
2015 11 27  1325   57353  48300   1.44e+00  2.96e-01  1.26e-01  8.10e-02  5.22e-02  2.72e-02  6.98e+02  1.06e+00 -1.00e+05
2015 11 27  1330   57353  48600   8.69e-01  1.32e-01  1.03e-01  6.16e-02  5.16e-02  3.21e-02  7.12e+02  3.87e+00 -1.00e+05
2015 11 27  1335   57353  48900   6.08e-01  1.18e-01  9.17e-02  5.03e-02  4.04e-02  2.08e-02  7.63e+02  4.03e+00 -1.00e+05
2015 11 27  1340   57353  49200   8.79e-01  1.95e-01  1.68e-01  8.68e-02  7.69e-02  3.26e-02  7.84e+02  2.85e+00 -1.00e+05
2015 11 27  1345   57353  49500   9.30e-01  1.45e-01  1.19e-01  7.64e-02  4.62e-02  2.08e-02  7.90e+02  2.89e+00 -1.00e+05
2015 11 27  1350   57353  49800   9.37e-01  2.36e-01  2.10e-01  7.40e-02  6.40e-02  4.45e-02  7.95e+02  2.94e+00 -1.00e+05
2015 11 27  1355   57353  50100   1.26e+00  1.42e-01  1.15e-01  7.40e-02  6.40e-02  4.45e-02  7.12e+02  3.49e+00 -1.00e+05
2015 11 27  1400   57353  50400   1.15e+00  2.18e-01  1.91e-01  5.03e-02  4.04e-02  2.08e-02  7.29e+02  4.33e+00 -1.00e+05
2015 11 27  1405   57353  50700   8.78e-01  1.46e-01  1.18e-01  7.65e-02  6.65e-02  4.70e-02  7.96e+02  4.37e+00 -1.00e+05
2015 11 27  1410   57353  51000   9.92e-01  1.86e-01  1.60e-01  1.18e-01  1.09e-01  4.37e-02  9.76e+02  1.37e+00 -1.00e+05
2015 11 27  1415   57353  51300   1.44e+00  2.38e-01  1.36e-01  8.06e-02  7.06e-02  3.05e-02  1.06e+03  3.77e+00 -1.00e+05
2015 11 27  1420   57353  51600   9.28e-01  1.99e-01  1.72e-01  1.31e-01  1.21e-01  4.67e-02  1.06e+03  3.68e+00 -1.00e+05
2015 11 27  1425   57353  51900   2.55e+00  4.49e-01  2.86e-01  1.34e-01  8.38e-02  5.54e-02  1.10e+03  1.18e+00 -1.00e+05
2015 11 27  1430   57353  52200   1.81e+00  2.31e-01  2.05e-01  6.33e-02  4.33e-02  2.08e-02  1.04e+03  2.64e+00 -1.00e+05
2015 11 27  1435   57353  52500   2.29e+00  2.06e-01  1.29e-01  7.86e-02  6.32e-02  4.20e-02  1.18e+03  4.08e+00 -1.00e+05
2015 11 27  1440   57353  52800   3.40e+00  3.09e-01  1.49e-01  1.05e-01  9.49e-02  5.78e-02  1.17e+03  3.47e+00 -1.00e+05
2015 11 27  1445   57353  53100   1.88e+00  1.18e-01  9.17e-02  5.03e-02  4.04e-02  2.08e-02  1.13e+03  5.94e+00 -1.00e+05
2015 11 27  1450   57353  53400   2.13e+00  2.18e-01  1.91e-01  5.03e-02  4.04e-02  2.08e-02  1.31e+03  4.96e+00 -1.00e+05
2015 11 27  1455   57353  53700   1.87e+00  1.36e-01  1.09e-01  6.80e-02  5.81e-02  2.65e-02  1.29e+03  7.59e+00 -1.00e+05
2015 11 27  1500   57353  54000   2.18e+00  1.32e-01  1.05e-01  6.33e-02  4.33e-02  2.08e-02  1.42e+03  8.29e+00 -1.00e+05
2015 11 27  1505   57353  54300   2.47e+00  1.42e-01  1.16e-01  7.43e-02  6.44e-02  2.85e-02  1.57e+03  7.66e+00 -1.00e+05
2015 11 27  1510   57353  54600   3.82e+00  2.83e-01  1.60e-01  1.01e-01  9.13e-02  7.17e-02  1.52e+03  8.71e+00 -1.00e+05
2015 11 27  1515   57353  54900   3.02e+00  1.53e-01  1.24e-01  5.17e-02  4.17e-02  2.22e-02  1.68e+03  1.02e+01 -1.00e+05
2015 11 27  1520   57353  55200   2.89e+00  1.64e-01  1.38e-01  9.63e-02  8.63e-02  6.68e-02  1.69e+03  7.06e+00 -1.00e+05
2015 11 27  1525   57353  55500   3.71e+00  2.42e-01  1.66e-01  8.64e-02  7.64e-02  5.69e-02  1.86e+03  9.54e+00 -1.00e+05
2015 11 27  1530   57353  55800   2.99e+00  1.90e-01  1.64e-01  1.21e-01  8.52e-02  5.80e-02  1.98e+03  5.84e+00 -1.00e+05
2015 11 27  1535   57353  56100   2.85e+00  1.18e-01  9.17e-02  5.03e-02  4.04e-02  2.08e-02  2.04e+03  1.28e+01 -1.00e+05
2015 11 27  1540   57353  56400   5.61e+00  2.37e-01  1.20e-01  7.48e-02  5.48e-02  2.45e-02  2.12e+03  8.61e+00 -1.00e+05
2015 11 27  1545   57353  56700   3.34e+00  1.53e-01  1.27e-01  8.46e-02  5.68e-02  3.21e-02  2.11e+03  6.47e+00 -1.00e+05
2015 11 27  1550   57353  57000   3.43e+00  1.40e-01  1.13e-01  5.03e-02  4.04e-02  2.08e-02  2.21e+03  9.52e+00 -1.00e+05
2015 11 27  1555   57353  57300   3.60e+00  2.10e-01  1.83e-01  1.41e-01  9.44e-02  6.43e-02  2.25e+03  9.09e+00 -1.00e+05
2015 11 27  1600   57353  57600   6.57e+00  3.81e-01  2.58e-01  2.11e-01  1.27e-01  4.16e-02  2.28e+03  5.44e+00 -1.00e+05
2015 11 27  1605   57353  57900   7.88e+00  2.87e-01  9.44e-02  5.03e-02  4.04e-02  2.08e-02  2.27e+03  1.14e+01 -1.00e+05
2015 11 27  1610   57353  58200   6.19e+00  2.92e-01  1.65e-01  8.30e-02  4.77e-02  2.08e-02  2.28e+03  1.08e+01 -1.00e+05
2015 11 27  1615   57353  58500   4.09e+00  1.64e-01  1.38e-01  8.14e-02  7.15e-02  5.19e-02  2.36e+03  8.89e+00 -1.00e+05
2015 11 27  1620   57353  58800   4.11e+00  1.18e-01  9.17e-02  5.03e-02  4.04e-02  2.08e-02  2.38e+03  1.13e+01 -1.00e+05
2015 11 27  1625   57353  59100   4.61e+00  1.22e-01  9.22e-02  5.03e-02  4.04e-02  2.08e-02  2.35e+03  1.27e+01 -1.00e+05
2015 11 27  1630   57353  59400   4.49e+00  1.91e-01  1.64e-01  1.20e-01  8.57e-02  3.32e-02  2.32e+03  1.26e+01 -1.00e+05
2015 11 27  1635   57353  59700   4.61e+00  2.15e-01  1.88e-01  5.66e-02  4.21e-02  2.11e-02  2.27e+03  1.15e+01 -1.00e+05
2015 11 27  1640   57353  60000   8.70e+00  2.55e-01  1.09e-01  6.32e-02  5.32e-02  3.34e-02  2.19e+03  1.09e+01 -1.00e+05
2015 11 27  1645   57353  60300   6.47e+00  1.77e-01  1.02e-01  5.08e-02  4.08e-02  2.11e-02  2.13e+03  1.21e+01 -1.00e+05
2015 11 27  1650   57353  60600   5.20e+00  1.31e-01  1.04e-01  5.09e-02  4.09e-02  2.11e-02  2.17e+03  1.02e+01 -1.00e+05
2015 11 27  1655   57353  60900   5.79e+00  2.49e-01  2.22e-01  8.93e-02  4.95e-02  2.11e-02  2.14e+03  9.51e+00 -1.00e+05
2015 11 27  1700   57353  61200   5.46e+00  1.31e-01  1.04e-01  5.08e-02  4.08e-02  2.11e-02  2.18e+03  1.15e+01 -1.00e+05
2015 11 27  1705   57353  61500   5.97e+00  1.25e-01  9.82e-02  5.57e-02  4.57e-02  2.60e-02  2.21e+03  1.11e+01 -1.00e+05
2015 11 27  1710   57353  61800   6.11e+00  1.57e-01  1.31e-01  7.62e-02  4.66e-02  2.11e-02  2.23e+03  1.33e+01 -1.00e+05
2015 11 27  1715   57353  62100   4.92e+00  1.48e-01  1.21e-01  7.87e-02  6.87e-02  2.22e-02  2.33e+03  1.34e+01 -1.00e+05
2015 11 27  1720   57353  62400   5.05e+00  2.43e-01  2.17e-01  9.11e-02  7.29e-02  5.08e-02  2.36e+03  1.34e+01 -1.00e+05
2015 11 27  1725   57353  62700   7.70e+00  2.35e-01  1.16e-01  5.72e-02  4.72e-02  2.31e-02  2.33e+03  1.13e+01 -1.00e+05
2015 11 27  1730   57353  63000   1.05e+01  2.60e-01  1.15e-01  6.95e-02  4.99e-02  2.31e-02  2.34e+03  1.19e+01 -1.00e+05
2015 11 27  1735   57353  63300   5.29e+00  2.01e-01  1.75e-01  6.34e-02  5.34e-02  2.51e-02  2.28e+03  1.37e+01 -1.00e+05
2015 11 27  1740   57353  63600   5.32e+00  1.26e-01  9.93e-02  5.66e-02  4.21e-02  2.11e-02  2.25e+03  1.26e+01 -1.00e+05
2015 11 27  1745   57353  63900   6.84e+00  1.77e-01  1.02e-01  5.08e-02  4.08e-02  2.11e-02  2.21e+03  1.29e+01 -1.00e+05
2015 11 27  1750   57353  64200   5.36e+00  1.43e-01  1.16e-01  6.56e-02  5.56e-02  3.59e-02  2.17e+03  1.16e+01 -1.00e+05
2015 11 27  1755   57353  64500   6.88e+00  1.82e-01  1.07e-01  5.57e-02  4.57e-02  2.60e-02  2.12e+03  1.17e+01 -1.00e+05
2015 11 27  1800   57353  64800   8.70e+00  2.18e-01  9.65e-02  5.08e-02  4.08e-02  2.11e-02  2.08e+03  1.26e+01 -1.00e+05
2015 11 27  1805   57353  65100   5.11e+00  1.20e-01  9.34e-02  5.09e-02  4.09e-02  2.11e-02  2.05e+03  9.66e+00 -1.00e+05
2015 11 27  1810   57353  65400   1.14e+01  4.96e-01  2.05e-01  5.08e-02  4.08e-02  2.11e-02  2.03e+03  1.26e+01 -1.00e+05
2015 11 27  1815   57353  65700   4.95e+00  2.11e-01  1.84e-01  7.50e-02  5.20e-02  2.85e-02  2.03e+03  1.06e+01 -1.00e+05
2015 11 27  1820   57353  66000   5.95e+00  2.07e-01  1.62e-01  8.85e-02  7.85e-02  3.32e-02  2.04e+03  9.44e+00 -1.00e+05
2015 11 27  1825   57353  66300   5.28e+00  1.89e-01  1.62e-01  1.20e-01  1.10e-01  4.33e-02  2.02e+03  8.32e+00 -1.00e+05
2015 11 27  1830   57353  66600   5.47e+00  1.45e-01  1.18e-01  7.55e-02  6.56e-02  4.58e-02  2.03e+03  1.07e+01 -1.00e+05
2015 11 27  1835   57353  66900   5.42e+00  2.25e-01  1.98e-01  7.06e-02  6.06e-02  4.09e-02  2.01e+03  9.68e+00 -1.00e+05
2015 11 27  1840   57353  67200   5.69e+00  2.38e-01  2.11e-01  1.68e-01  1.58e-01  7.56e-02  2.01e+03  8.44e+00 -1.00e+05
2015 11 27  1845   57353  67500   1.01e+01  2.74e-01  1.29e-01  8.30e-02  7.30e-02  5.32e-02  1.99e+03  8.14e+00 -1.00e+05
2015 11 27  1850   57353  67800   5.83e+00  2.11e-01  1.85e-01  1.05e-01  9.46e-02  7.49e-02  1.97e+03  1.10e+01 -1.00e+05
2015 11 27  1855   57353  68100   7.31e+00  1.77e-01  1.02e-01  5.08e-02  4.08e-02  2.11e-02  1.97e+03  1.25e+01 -1.00e+05
2015 11 27  1900   57353  68400   6.16e+00  1.50e-01  1.23e-01  8.04e-02  5.90e-02  3.59e-02  1.97e+03  1.13e+01 -1.00e+05
2015 11 27  1905   57353  68700   5.64e+00  1.39e-01  1.13e-01  6.97e-02  4.51e-02  2.11e-02  1.95e+03  1.32e+01 -1.00e+05
2015 11 27  1910   57353  69000   5.77e+00  1.62e-01  1.35e-01  9.24e-02  7.82e-02  4.95e-02  1.95e+03  7.50e+00 -1.00e+05
2015 11 27  1915   57353  69300   6.10e+00  1.80e-01  1.40e-01  9.48e-02  8.48e-02  3.52e-02  1.92e+03  1.07e+01 -1.00e+05
2015 11 27  1920   57353  69600   1.11e+01  2.97e-01  1.51e-01  1.04e-01  7.98e-02  2.22e-02  1.93e+03  8.44e+00 -1.00e+05
2015 11 27  1925   57353  69900   7.46e+00  1.94e-01  1.55e-01  1.10e-01  1.00e-01  5.02e-02  1.89e+03  1.25e+01 -1.00e+05
2015 11 27  1930   57353  70200   6.47e+00  1.31e-01  1.04e-01  5.08e-02  4.08e-02  2.11e-02  1.86e+03  1.12e+01 -1.00e+05
2015 11 27  1935   57353  70500   7.82e+00  1.94e-01  1.19e-01  5.66e-02  4.21e-02  2.11e-02  1.94e+03  1.07e+01 -1.00e+05
2015 11 27  1940   57353  70800   6.66e+00  1.39e-01  1.12e-01  6.97e-02  5.97e-02  2.71e-02  1.99e+03  1.32e+01 -1.00e+05
2015 11 27  1945   57353  71100   6.69e+00  1.27e-01  1.01e-01  5.82e-02  4.82e-02  2.85e-02  2.02e+03  1.10e+01 -1.00e+05
2015 11 27  1950   57353  71400   1.24e+01  2.18e-01  9.65e-02  5.08e-02  4.08e-02  2.11e-02  2.10e+03  1.45e+01 -1.00e+05
2015 11 27  1955   57353  71700   6.83e+00  1.33e-01  1.06e-01  6.34e-02  5.34e-02  2.51e-02  2.10e+03  1.61e+01 -1.00e+05
2015 11 27  2000   57353  72000   7.42e+00  1.83e-01  1.56e-01  1.14e-01  1.04e-01  4.12e-02  2.11e+03  1.47e+01 -1.00e+05
2015 11 27  2005   57353  72300   7.15e+00  1.55e-01  1.28e-01  8.54e-02  7.55e-02  5.57e-02  2.13e+03  1.13e+01 -1.00e+05
2015 11 27  2010   57353  72600   7.37e+00  1.20e-01  9.33e-02  5.08e-02  4.08e-02  2.11e-02  2.17e+03  1.40e+01 -1.00e+05
2015 11 27  2015   57353  72900   8.28e+00  1.33e-01  1.06e-01  6.34e-02  5.34e-02  2.51e-02  2.23e+03  1.33e+01 -1.00e+05
2015 11 27  2020   57353  73200   8.85e+00  3.48e-01  3.21e-01  9.11e-02  4.66e-02  2.11e-02  2.23e+03  1.39e+01 -1.00e+05
2015 11 27  2025   57353  73500   8.30e+00  1.32e-01  1.06e-01  6.32e-02  5.32e-02  3.34e-02  2.27e+03  1.50e+01 -1.00e+05
2015 11 27  2030   57353  73800   7.93e+00  1.39e-01  1.12e-01  6.97e-02  5.97e-02  2.71e-02  2.31e+03  1.34e+01 -1.00e+05
2015 11 27  2035   57353  74100   1.48e+01  2.98e-01  1.52e-01  1.06e-01  7.82e-02  5.32e-02  2.37e+03  1.52e+01 -1.00e+05
2015 11 27  2040   57353  74400   8.28e+00  1.20e-01  9.33e-02  5.08e-02  4.08e-02  2.11e-02  2.44e+03  1.81e+01 -1.00e+05
2015 11 27  2045   57353  74700   8.40e+00  1.20e-01  9.33e-02  5.08e-02  4.08e-02  2.11e-02  2.42e+03  1.61e+01 -1.00e+05
2015 11 27  2050   57353  75000   7.75e+00  1.20e-01  9.33e-02  5.08e-02  4.08e-02  2.11e-02  2.29e+03  1.59e+01 -1.00e+05
2015 11 27  2055   57353  75300   9.78e+00  2.30e-01  1.58e-01  1.07e-01  9.38e-02  7.31e-02  2.15e+03  1.19e+01 -1.00e+05
2015 11 27  2100   57353  75600   1.10e+01  2.86e-01  1.62e-01  8.93e-02  4.95e-02  2.11e-02  2.09e+03  1.53e+01 -1.00e+05
2015 11 27  2105   57353  75900   6.95e+00  1.78e-01  1.51e-01  1.01e-01  9.11e-02  3.72e-02  2.02e+03  1.34e+01 -1.00e+05
2015 11 27  2110   57353  76200   6.97e+00  1.55e-01  1.28e-01  8.54e-02  7.55e-02  5.57e-02  1.97e+03  1.14e+01 -1.00e+05
2015 11 27  2115   57353  76500   7.01e+00  1.50e-01  1.24e-01  5.32e-02  4.33e-02  2.35e-02  1.97e+03  1.67e+01 -1.00e+05
2015 11 27  2120   57353  76800   7.04e+00  1.27e-01  1.00e-01  5.72e-02  4.72e-02  2.31e-02  1.95e+03  1.69e+01 -1.00e+05
2015 11 27  2125   57353  77100   7.07e+00  1.39e-01  1.13e-01  6.97e-02  4.51e-02  2.11e-02  1.92e+03  1.28e+01 -1.00e+05
2015 11 27  2130   57353  77400   1.09e+01  2.59e-01  1.35e-01  6.31e-02  4.36e-02  2.11e-02  1.92e+03  1.19e+01 -1.00e+05
2015 11 27  2135   57353  77700   1.09e+01  3.24e-01  2.00e-01  5.08e-02  4.08e-02  2.11e-02  1.95e+03  1.59e+01 -1.00e+05
2015 11 27  2140   57353  78000   7.59e+00  2.09e-01  1.82e-01  5.08e-02  4.08e-02  2.11e-02  1.95e+03  1.44e+01 -1.00e+05
2015 11 27  2145   57353  78300   7.57e+00  1.31e-01  1.04e-01  5.08e-02  4.08e-02  2.11e-02  2.02e+03  1.59e+01 -1.00e+05
2015 11 27  2150   57353  78600   7.40e+00  2.09e-01  1.82e-01  5.08e-02  4.08e-02  2.11e-02  2.03e+03  1.55e+01 -1.00e+05
2015 11 27  2155   57353  78900   7.84e+00  2.35e-01  2.09e-01  7.62e-02  4.66e-02  2.11e-02  2.03e+03  1.61e+01 -1.00e+05
2015 11 27  2200   57353  79200   7.77e+00  1.74e-01  1.47e-01  5.72e-02  4.72e-02  2.31e-02  2.09e+03  1.54e+01 -1.00e+05
2015 11 27  2205   57353  79500   8.32e+00  2.13e-01  1.73e-01  1.27e-01  9.20e-02  3.52e-02  2.15e+03  1.45e+01 -1.00e+05
2015 11 27  2210   57353  79800   1.25e+01  2.30e-01  1.09e-01  6.32e-02  5.32e-02  3.34e-02  2.14e+03  1.34e+01 -1.00e+05
2015 11 27  2215   57353  80100   9.24e+00  3.41e-01  2.81e-01  9.51e-02  6.54e-02  2.71e-02  2.17e+03  1.52e+01 -1.00e+05
2015 11 27  2220   57353  80400   7.00e+00  1.49e-01  1.22e-01  7.99e-02  6.99e-02  2.22e-02  2.18e+03  1.01e+01 -1.00e+05
2015 11 27  2225   57353  80700   6.97e+00  1.59e-01  1.32e-01  5.08e-02  4.08e-02  2.11e-02  2.13e+03  1.39e+01 -1.00e+05
2015 11 27  2230   57353  81000   6.62e+00  1.46e-01  1.19e-01  7.69e-02  6.69e-02  3.28e-02  2.09e+03  8.96e+00 -1.00e+05
2015 11 27  2235   57353  81300   1.12e+01  3.90e-01  2.26e-01  7.32e-02  4.97e-02  2.60e-02  2.01e+03  9.96e+00 -1.00e+05
2015 11 27  2240   57353  81600   6.55e+00  1.20e-01  9.33e-02  5.08e-02  4.08e-02  2.11e-02  1.96e+03  1.36e+01 -1.00e+05
2015 11 27  2245   57353  81900   6.24e+00  1.33e-01  1.06e-01  6.34e-02  5.34e-02  2.51e-02  1.99e+03  1.00e+01 -1.00e+05
2015 11 27  2250   57353  82200   6.22e+00  1.45e-01  1.18e-01  7.55e-02  6.56e-02  4.58e-02  1.93e+03  9.13e+00 -1.00e+05
2015 11 27  2255   57353  82500   5.77e+00  2.02e-01  1.75e-01  1.32e-01  1.13e-01  4.33e-02  1.92e+03  9.87e+00 -1.00e+05
2015 11 27  2300   57353  82800   9.22e+00  2.46e-01  1.22e-01  5.08e-02  4.08e-02  2.11e-02  1.89e+03  9.92e+00 -1.00e+05
2015 11 27  2305   57353  83100   1.51e+01  5.36e-01  1.99e-01  5.72e-02  4.72e-02  2.31e-02  1.83e+03  8.95e+00 -1.00e+05
2015 11 27  2310   57353  83400   1.16e+01  2.81e-01  1.16e-01  7.06e-02  6.06e-02  3.08e-02  1.73e+03  6.52e+00 -1.00e+05
2015 11 27  2315   57353  83700   5.73e+00  1.76e-01  1.50e-01  1.07e-01  9.73e-02  3.92e-02  1.72e+03  1.01e+01 -1.00e+05
2015 11 27  2320   57353  84000   9.69e+00  4.43e-01  2.04e-01  7.31e-02  6.31e-02  4.33e-02  1.69e+03  7.78e+00 -1.00e+05
2015 11 27  2325   57353  84300   8.87e+00  3.76e-01  1.92e-01  6.34e-02  5.34e-02  2.51e-02  1.65e+03  5.16e+00 -1.00e+05
2015 11 27  2330   57353  84600   4.91e+00  1.20e-01  9.33e-02  5.08e-02  4.08e-02  2.11e-02  1.62e+03  8.43e+00 -1.00e+05
2015 11 27  2335   57353  84900   5.10e+00  2.17e-01  1.90e-01  6.07e-02  5.07e-02  3.09e-02  1.61e+03  5.99e+00 -1.00e+05
2015 11 27  2340   57353  85200   7.63e+00  2.46e-01  1.22e-01  5.08e-02  4.08e-02  2.11e-02  1.50e+03  6.56e+00 -1.00e+05
2015 11 27  2345   57353  85500   4.29e+00  1.39e-01  1.13e-01  6.97e-02  4.51e-02  2.11e-02  1.46e+03  4.25e+00 -1.00e+05
2015 11 27  2350   57353  85800   3.91e+00  1.22e-01  9.57e-02  5.32e-02  4.33e-02  2.35e-02  1.38e+03  3.68e+00 -1.00e+05
2015 11 27  2355   57353  86100   3.78e+00  2.13e-01  1.86e-01  5.57e-02  4.57e-02  2.60e-02  1.37e+03  4.11e+00 -1.00e+05
