:Data_list: 20150811_Gs_part_5m.txt
:Created: 2015 Aug 12 0011 UTC
# Prepared by the U.S. Dept. of Commerce, NOAA, Space Weather Prediction Center
# Please send comments and suggestions to SWPC.Webmaster@noaa.gov 
# 
# Label: P > 1 = Particles at >1 Mev
# Label: P > 5 = Particles at >5 Mev
# Label: P >10 = Particles at >10 Mev
# Label: P >30 = Particles at >30 Mev
# Label: P >50 = Particles at >50 Mev
# Label: P>100 = Particles at >100 Mev
# Label: E>0.8 = Electrons at >0.8 Mev
# Label: E>2.0 = Electrons at >2.0 Mev
# Label: E>4.0 = Electrons at >4.0 Mev
# Units: Particles = Protons/cm2-s-sr
# Units: Electrons = Electrons/cm2-s-sr
# Source: GOES-15
# Location: W135
# Missing data: -1.00e+05
#
#                      5-minute  GOES-15 Solar Particle and Electron Flux
#
#                 Modified Seconds
# UTC Date  Time   Julian  of the
# YR MO DA  HHMM    Day     Day     P > 1     P > 5     P >10     P >30     P >50     P>100     E>0.8     E>2.0     E>4.0
#-------------------------------------------------------------------------------------------------------------------------
2015 08 11  0000   57245      0   4.55e+00  1.35e-01  1.07e-01  6.46e-02  4.11e-02  1.86e-02  6.10e+04  3.01e+03 -1.00e+05
2015 08 11  0005   57245    300   5.06e+00  1.14e-01  8.70e-02  4.51e-02  3.67e-02  1.86e-02  6.44e+04  3.20e+03 -1.00e+05
2015 08 11  0010   57245    600   5.16e+00  1.63e-01  1.35e-01  7.90e-02  6.68e-02  4.76e-02  6.12e+04  3.00e+03 -1.00e+05
2015 08 11  0015   57245    900   8.81e+00  2.32e-01  8.98e-02  4.51e-02  3.67e-02  1.86e-02  6.08e+04  2.93e+03 -1.00e+05
2015 08 11  0020   57245   1200   4.46e+00  1.21e-01  9.36e-02  5.15e-02  3.82e-02  1.86e-02  5.89e+04  2.74e+03 -1.00e+05
2015 08 11  0025   57245   1500   7.20e+00  2.55e-01  1.38e-01  9.27e-02  6.51e-02  4.14e-02  5.73e+04  2.66e+03 -1.00e+05
2015 08 11  0030   57245   1800   6.19e+00  2.22e-01  1.35e-01  8.22e-02  7.38e-02  3.05e-02  5.77e+04  2.61e+03 -1.00e+05
2015 08 11  0035   57245   2100   4.13e+00  1.47e-01  1.19e-01  7.62e-02  4.24e-02  1.86e-02  5.55e+04  2.53e+03 -1.00e+05
2015 08 11  0040   57245   2400   3.77e+00  1.95e-01  1.68e-01  1.26e-01  1.18e-01  4.46e-02  5.58e+04  2.40e+03 -1.00e+05
2015 08 11  0045   57245   2700   3.95e+00  2.09e-01  1.82e-01  1.40e-01  1.31e-01  6.23e-02  5.46e+04  2.39e+03 -1.00e+05
2015 08 11  0050   57245   3000   3.98e+00  1.14e-01  8.70e-02  4.51e-02  3.67e-02  1.86e-02  5.46e+04  2.39e+03 -1.00e+05
2015 08 11  0055   57245   3300   5.23e+00  3.11e-01  2.43e-01  8.43e-02  4.55e-02  1.86e-02  5.53e+04  2.43e+03 -1.00e+05
2015 08 11  0100   57245   3600   8.31e+00  8.31e-01  4.08e-01  1.09e-01  7.01e-02  2.65e-02  5.46e+04  2.34e+03 -1.00e+05
2015 08 11  0105   57245   3900   3.68e+00  1.60e-01  1.32e-01  7.66e-02  6.82e-02  5.01e-02  5.44e+04  2.30e+03 -1.00e+05
2015 08 11  0110   57245   4200   3.27e+00  1.41e-01  1.14e-01  7.12e-02  4.26e-02  1.86e-02  5.31e+04  2.15e+03 -1.00e+05
2015 08 11  0115   57245   4500   5.17e+00  2.63e-01  1.40e-01  9.51e-02  8.66e-02  3.58e-02  5.32e+04  2.16e+03 -1.00e+05
2015 08 11  0120   57245   4800   2.82e+00  1.76e-01  1.48e-01  1.06e-01  9.80e-02  4.12e-02  5.16e+04  1.97e+03 -1.00e+05
2015 08 11  0125   57245   5100   2.81e+00  1.43e-01  1.16e-01  7.41e-02  6.57e-02  4.76e-02  5.19e+04  1.91e+03 -1.00e+05
2015 08 11  0130   57245   5400   1.90e+00  1.35e-01  1.07e-01  6.46e-02  4.11e-02  1.86e-02  5.29e+04  1.92e+03 -1.00e+05
2015 08 11  0135   57245   5700   1.83e+00  1.14e-01  8.70e-02  4.51e-02  3.67e-02  1.86e-02  5.02e+04  1.79e+03 -1.00e+05
2015 08 11  0140   57245   6000   4.35e+00  5.51e-01  2.34e-01  7.54e-02  6.22e-02  4.26e-02  4.79e+04  1.62e+03 -1.00e+05
2015 08 11  0145   57245   6300   2.54e+00  1.16e-01  8.88e-02  4.69e-02  3.85e-02  2.03e-02  5.14e+04  1.75e+03 -1.00e+05
2015 08 11  0150   57245   6600   1.83e+00  1.77e-01  1.50e-01  1.08e-01  9.93e-02  4.98e-02  5.11e+04  1.69e+03 -1.00e+05
2015 08 11  0155   57245   6900   1.98e+00  1.90e-01  1.63e-01  1.21e-01  9.70e-02  3.65e-02  4.99e+04  1.67e+03 -1.00e+05
2015 08 11  0200   57245   7200   2.88e+00  2.49e-01  1.33e-01  8.80e-02  7.84e-02  6.00e-02  5.04e+04  1.61e+03 -1.00e+05
2015 08 11  0205   57245   7500   1.72e+00  1.46e-01  1.18e-01  7.66e-02  6.82e-02  5.01e-02  4.83e+04  1.56e+03 -1.00e+05
2015 08 11  0210   57245   7800   1.78e+00  2.21e-01  1.93e-01  1.31e-01  1.22e-01  6.24e-02  4.89e+04  1.51e+03 -1.00e+05
2015 08 11  0215   57245   8100   1.70e+00  1.34e-01  1.07e-01  6.47e-02  5.62e-02  2.94e-02  4.71e+04  1.48e+03 -1.00e+05
2015 08 11  0220   57245   8400   1.78e+00  1.67e-01  1.40e-01  9.82e-02  8.97e-02  6.08e-02  4.66e+04  1.40e+03 -1.00e+05
2015 08 11  0225   57245   8700   1.65e+00  1.21e-01  9.35e-02  5.16e-02  4.32e-02  2.35e-02  4.35e+04  1.27e+03 -1.00e+05
2015 08 11  0230   57245   9000   1.70e+00  1.39e-01  1.12e-01  6.97e-02  6.12e-02  2.65e-02  4.28e+04  1.18e+03 -1.00e+05
2015 08 11  0235   57245   9300   1.28e+00  1.33e-01  1.05e-01  6.34e-02  5.50e-02  2.45e-02  3.84e+04  1.07e+03 -1.00e+05
2015 08 11  0240   57245   9600   2.75e+00  4.79e-01  2.38e-01  1.14e-01  1.05e-01  4.06e-02  3.17e+04  7.56e+02 -1.00e+05
2015 08 11  0245   57245   9900   1.38e+00  1.14e-01  8.70e-02  4.51e-02  3.67e-02  1.86e-02  2.80e+04  6.41e+02 -1.00e+05
2015 08 11  0250   57245  10200   1.35e+00  1.39e-01  1.11e-01  6.92e-02  6.07e-02  4.26e-02  2.81e+04  6.20e+02 -1.00e+05
2015 08 11  0255   57245  10500   1.26e+00  1.21e-01  9.36e-02  5.15e-02  3.82e-02  1.86e-02  2.70e+04  5.87e+02 -1.00e+05
2015 08 11  0300   57245  10800   2.98e+00  2.58e-01  1.33e-01  8.85e-02  8.00e-02  3.25e-02  2.90e+04  6.74e+02 -1.00e+05
2015 08 11  0305   57245  11100   3.37e+00  2.41e-01  1.24e-01  7.78e-02  4.41e-02  1.86e-02  3.25e+04  7.61e+02 -1.00e+05
2015 08 11  0310   57245  11400   1.79e+00  1.33e-01  1.06e-01  6.37e-02  5.53e-02  2.57e-02  2.59e+04  6.10e+02 -1.00e+05
2015 08 11  0315   57245  11700   1.76e+00  1.48e-01  1.21e-01  7.78e-02  4.41e-02  2.03e-02  3.05e+04  6.95e+02 -1.00e+05
2015 08 11  0320   57245  12000   2.01e+00  1.39e-01  1.12e-01  6.97e-02  6.12e-02  2.65e-02  3.91e+04  1.05e+03 -1.00e+05
2015 08 11  0325   57245  12300   2.10e+00  1.50e-01  1.23e-01  5.68e-02  4.84e-02  3.02e-02  4.52e+04  1.35e+03 -1.00e+05
2015 08 11  0330   57245  12600   2.02e+00  1.85e-01  1.58e-01  6.42e-02  5.58e-02  3.77e-02  4.16e+04  1.18e+03 -1.00e+05
2015 08 11  0335   57245  12900   2.06e+00  1.94e-01  1.66e-01  7.59e-02  6.75e-02  2.85e-02  3.99e+04  1.04e+03 -1.00e+05
2015 08 11  0340   57245  13200   2.72e+00  3.01e-01  2.52e-01  6.97e-02  6.12e-02  2.65e-02  4.45e+04  1.23e+03 -1.00e+05
2015 08 11  0345   57245  13500   2.19e+00  2.13e-01  1.86e-01  4.51e-02  3.67e-02  1.86e-02  4.49e+04  1.25e+03 -1.00e+05
2015 08 11  0350   57245  13800   2.21e+00  1.14e-01  8.70e-02  4.51e-02  3.67e-02  1.86e-02  4.48e+04  1.22e+03 -1.00e+05
2015 08 11  0355   57245  14100   2.20e+00  1.95e-01  1.68e-01  1.26e-01  1.05e-01  4.90e-02  4.41e+04  1.16e+03 -1.00e+05
2015 08 11  0400   57245  14400   1.95e+00  1.56e-01  1.28e-01  7.16e-02  6.32e-02  4.51e-02  4.24e+04  1.06e+03 -1.00e+05
2015 08 11  0405   57245  14700   1.90e+00  1.14e-01  8.70e-02  4.51e-02  3.67e-02  1.86e-02  4.17e+04  1.02e+03 -1.00e+05
2015 08 11  0410   57245  15000   3.34e+00  2.78e-01  8.96e-02  4.51e-02  3.67e-02  1.86e-02  3.91e+04  9.23e+02 -1.00e+05
2015 08 11  0415   57245  15300   1.53e+00  1.69e-01  1.41e-01  7.78e-02  4.41e-02  1.86e-02  3.72e+04  8.44e+02 -1.00e+05
2015 08 11  0420   57245  15600   1.89e+00  1.77e-01  1.49e-01  1.07e-01  9.89e-02  3.86e-02  3.56e+04  8.19e+02 -1.00e+05
2015 08 11  0425   57245  15900   2.99e+00  2.20e-01  1.03e-01  4.51e-02  3.67e-02  1.86e-02  3.73e+04  9.13e+02 -1.00e+05
2015 08 11  0430   57245  16200   2.14e+00  1.34e-01  1.06e-01  6.42e-02  5.58e-02  3.77e-02  3.70e+04  8.94e+02 -1.00e+05
2015 08 11  0435   57245  16500   2.11e+00  1.33e-01  1.05e-01  6.34e-02  5.50e-02  2.45e-02  3.78e+04  9.45e+02 -1.00e+05
2015 08 11  0440   57245  16800   2.65e+00  2.84e-01  2.57e-01  9.99e-02  6.57e-02  4.01e-02  3.95e+04  1.01e+03 -1.00e+05
2015 08 11  0445   57245  17100   3.01e+00  1.70e-01  1.02e-01  5.28e-02  3.98e-02  2.03e-02  4.05e+04  1.06e+03 -1.00e+05
2015 08 11  0450   57245  17400   2.23e+00  1.97e-01  1.69e-01  1.27e-01  1.03e-01  3.98e-02  4.06e+04  1.06e+03 -1.00e+05
2015 08 11  0455   57245  17700   2.28e+00  1.75e-01  1.47e-01  5.15e-02  3.82e-02  1.86e-02  4.18e+04  1.12e+03 -1.00e+05
2015 08 11  0500   57245  18000   2.12e+00  1.46e-01  1.18e-01  7.66e-02  6.82e-02  5.01e-02  4.21e+04  1.15e+03 -1.00e+05
2015 08 11  0505   57245  18300   1.96e+00  1.14e-01  8.70e-02  4.51e-02  3.67e-02  1.86e-02  4.16e+04  1.09e+03 -1.00e+05
2015 08 11  0510   57245  18600   2.48e+00  2.15e-01  1.49e-01  8.56e-02  6.83e-02  4.76e-02  4.15e+04  1.08e+03 -1.00e+05
2015 08 11  0515   57245  18900   2.00e+00  1.50e-01  1.23e-01  7.95e-02  4.24e-02  1.86e-02  4.12e+04  1.10e+03 -1.00e+05
2015 08 11  0520   57245  19200   1.78e+00  1.34e-01  1.06e-01  6.42e-02  5.58e-02  3.77e-02  4.13e+04  1.09e+03 -1.00e+05
2015 08 11  0525   57245  19500   1.91e+00  1.21e-01  9.37e-02  5.18e-02  4.34e-02  2.53e-02  3.97e+04  1.06e+03 -1.00e+05
2015 08 11  0530   57245  19800   2.11e+00  1.73e-01  1.06e-01  5.68e-02  4.84e-02  3.02e-02  4.06e+04  1.05e+03 -1.00e+05
2015 08 11  0535   57245  20100   1.98e+00  2.13e-01  1.86e-01  4.51e-02  3.67e-02  1.86e-02  3.96e+04  1.05e+03 -1.00e+05
2015 08 11  0540   57245  20400   1.90e+00  1.86e-01  1.58e-01  8.85e-02  8.00e-02  3.25e-02  3.96e+04  1.04e+03 -1.00e+05
2015 08 11  0545   57245  20700   2.22e+00  1.63e-01  9.44e-02  4.51e-02  3.67e-02  1.86e-02  3.97e+04  1.06e+03 -1.00e+05
2015 08 11  0550   57245  21000   1.94e+00  1.35e-01  1.08e-01  4.51e-02  3.67e-02  1.86e-02  3.97e+04  1.05e+03 -1.00e+05
2015 08 11  0555   57245  21300   2.02e+00  1.83e-01  1.14e-01  6.46e-02  4.11e-02  1.86e-02  3.96e+04  1.04e+03 -1.00e+05
2015 08 11  0600   57245  21600   1.60e+00  1.20e-01  9.27e-02  5.08e-02  4.24e-02  2.04e-02  3.79e+04  1.00e+03 -1.00e+05
2015 08 11  0605   57245  21900   1.77e+00  1.58e-01  1.31e-01  4.51e-02  3.67e-02  1.86e-02  3.78e+04  9.85e+02 -1.00e+05
2015 08 11  0610   57245  22200   1.80e+00  1.90e-01  1.46e-01  1.01e-01  7.93e-02  3.73e-02  3.77e+04  9.61e+02 -1.00e+05
2015 08 11  0615   57245  22500   1.52e+00  1.14e-01  8.70e-02  4.51e-02  3.67e-02  1.86e-02  3.70e+04  9.43e+02 -1.00e+05
2015 08 11  0620   57245  22800   1.44e+00  1.38e-01  1.11e-01  4.93e-02  4.09e-02  2.28e-02  3.53e+04  8.80e+02 -1.00e+05
2015 08 11  0625   57245  23100   1.38e+00  1.35e-01  1.07e-01  6.46e-02  4.11e-02  1.86e-02  3.30e+04  8.06e+02 -1.00e+05
2015 08 11  0630   57245  23400   2.73e+00  2.78e-01  8.96e-02  4.51e-02  3.67e-02  1.86e-02  3.11e+04  7.32e+02 -1.00e+05
2015 08 11  0635   57245  23700   1.08e+00  1.49e-01  1.22e-01  4.51e-02  3.67e-02  1.86e-02  2.93e+04  6.77e+02 -1.00e+05
2015 08 11  0640   57245  24000   1.04e+00  1.14e-01  8.70e-02  4.51e-02  3.67e-02  1.86e-02  2.84e+04  6.13e+02 -1.00e+05
2015 08 11  0645   57245  24300   1.49e+00  2.22e-01  1.05e-01  4.69e-02  3.85e-02  2.03e-02  2.45e+04  5.04e+02 -1.00e+05
2015 08 11  0650   57245  24600   9.19e-01  1.26e-01  9.87e-02  5.68e-02  4.84e-02  3.02e-02  2.21e+04  4.12e+02 -1.00e+05
2015 08 11  0655   57245  24900   1.91e+00  2.94e-01  1.39e-01  7.54e-02  6.22e-02  4.26e-02  2.78e+04  6.12e+02 -1.00e+05
2015 08 11  0700   57245  25200   1.36e+00  1.45e-01  1.17e-01  6.38e-02  4.54e-02  2.04e-02  3.30e+04  7.92e+02 -1.00e+05
2015 08 11  0705   57245  25500   1.95e+00  2.74e-01  2.07e-01  8.86e-02  6.51e-02  4.26e-02  3.69e+04  9.53e+02 -1.00e+05
2015 08 11  0710   57245  25800   1.52e+00  1.46e-01  1.18e-01  7.66e-02  6.82e-02  5.01e-02  4.13e+04  1.15e+03 -1.00e+05
2015 08 11  0715   57245  26100   2.33e+00  3.99e-01  3.31e-01  7.79e-02  4.24e-02  1.86e-02  4.30e+04  1.24e+03 -1.00e+05
2015 08 11  0720   57245  26400   1.76e+00  1.46e-01  1.19e-01  7.63e-02  5.79e-02  2.45e-02  4.15e+04  1.16e+03 -1.00e+05
2015 08 11  0725   57245  26700   1.72e+00  1.14e-01  8.70e-02  4.51e-02  3.67e-02  1.86e-02  4.03e+04  1.09e+03 -1.00e+05
2015 08 11  0730   57245  27000   1.56e+00  1.21e-01  9.36e-02  5.15e-02  3.82e-02  1.86e-02  3.86e+04  1.02e+03 -1.00e+05
2015 08 11  0735   57245  27300   2.33e+00  2.41e-01  1.24e-01  4.51e-02  3.67e-02  1.86e-02  4.00e+04  1.08e+03 -1.00e+05
2015 08 11  0740   57245  27600   1.74e+00  1.83e-01  1.15e-01  4.51e-02  3.67e-02  1.86e-02  3.69e+04  9.66e+02 -1.00e+05
2015 08 11  0745   57245  27900   3.25e+00  3.20e-01  8.95e-02  4.51e-02  3.67e-02  1.86e-02  3.69e+04  9.58e+02 -1.00e+05
2015 08 11  0750   57245  28200   1.62e+00  1.89e-01  1.62e-01  1.20e-01  1.11e-01  4.26e-02  3.80e+04  9.96e+02 -1.00e+05
2015 08 11  0755   57245  28500   1.37e+00  1.48e-01  1.21e-01  6.17e-02  5.33e-02  3.52e-02  3.55e+04  8.84e+02 -1.00e+05
2015 08 11  0800   57245  28800   1.54e+00  2.21e-01  1.19e-01  6.34e-02  5.50e-02  2.45e-02  3.54e+04  8.67e+02 -1.00e+05
2015 08 11  0805   57245  29100   2.06e+00  2.40e-01  1.22e-01  7.62e-02  4.24e-02  1.86e-02  3.62e+04  9.04e+02 -1.00e+05
2015 08 11  0810   57245  29400   1.91e+00  2.42e-01  1.27e-01  6.92e-02  6.07e-02  4.26e-02  3.51e+04  8.77e+02 -1.00e+05
2015 08 11  0815   57245  29700   1.36e+00  1.70e-01  1.42e-01  7.90e-02  4.57e-02  2.03e-02  3.49e+04  8.37e+02 -1.00e+05
2015 08 11  0820   57245  30000   2.33e+00  3.61e-01  2.44e-01  1.97e-01  1.31e-01  4.73e-02  3.38e+04  8.13e+02 -1.00e+05
2015 08 11  0825   57245  30300   1.08e+00  1.56e-01  1.28e-01  8.62e-02  6.78e-02  1.89e-02  3.25e+04  7.61e+02 -1.00e+05
2015 08 11  0830   57245  30600   1.34e+00  1.14e-01  8.70e-02  4.51e-02  3.67e-02  1.86e-02  3.19e+04  7.35e+02 -1.00e+05
2015 08 11  0835   57245  30900   1.04e+00  1.33e-01  1.05e-01  6.34e-02  5.50e-02  2.45e-02  3.07e+04  6.92e+02 -1.00e+05
2015 08 11  0840   57245  31200   1.93e+00  2.74e-01  1.14e-01  6.96e-02  5.66e-02  2.57e-02  2.99e+04  6.40e+02 -1.00e+05
2015 08 11  0845   57245  31500   2.22e+00  5.66e-01  2.16e-01  5.15e-02  3.82e-02  1.86e-02  2.80e+04  5.63e+02 -1.00e+05
2015 08 11  0850   57245  31800   8.22e-01  2.29e-01  2.02e-01  1.59e-01  1.25e-01  4.46e-02  2.95e+04  6.05e+02 -1.00e+05
2015 08 11  0855   57245  32100   1.07e+00  2.61e-01  1.93e-01  4.51e-02  3.67e-02  1.86e-02  2.88e+04  5.81e+02 -1.00e+05
2015 08 11  0900   57245  32400   6.99e-01  1.14e-01  8.70e-02  4.51e-02  3.67e-02  1.86e-02  2.72e+04  5.31e+02 -1.00e+05
2015 08 11  0905   57245  32700   7.52e-01  1.77e-01  1.49e-01  1.08e-01  9.92e-02  3.98e-02  2.76e+04  5.27e+02 -1.00e+05
2015 08 11  0910   57245  33000   1.76e+00  2.34e-01  1.17e-01  7.26e-02  6.42e-02  4.61e-02  3.49e+04  7.88e+02 -1.00e+05
2015 08 11  0915   57245  33300   2.58e+00  3.71e-01  1.85e-01  1.40e-01  1.11e-01  4.06e-02  4.00e+04  9.92e+02 -1.00e+05
2015 08 11  0920   57245  33600   1.27e+00  1.14e-01  8.70e-02  4.51e-02  3.67e-02  1.86e-02  4.10e+04  1.02e+03 -1.00e+05
2015 08 11  0925   57245  33900   1.48e+00  1.63e-01  1.35e-01  7.90e-02  6.68e-02  4.76e-02  4.25e+04  1.11e+03 -1.00e+05
2015 08 11  0930   57245  34200   1.39e+00  1.14e-01  8.70e-02  4.51e-02  3.67e-02  1.86e-02  3.95e+04  9.74e+02 -1.00e+05
2015 08 11  0935   57245  34500   1.25e+00  1.45e-01  1.17e-01  7.53e-02  6.69e-02  1.90e-02  3.96e+04  9.38e+02 -1.00e+05
2015 08 11  0940   57245  34800   1.02e+00  1.24e-01  9.62e-02  5.43e-02  4.59e-02  2.78e-02  3.89e+04  9.61e+02 -1.00e+05
2015 08 11  0945   57245  35100   1.47e+00  2.62e-01  1.94e-01  4.69e-02  3.85e-02  2.03e-02  3.93e+04  9.75e+02 -1.00e+05
2015 08 11  0950   57245  35400   1.23e+00  1.58e-01  1.30e-01  8.85e-02  8.00e-02  3.25e-02  4.06e+04  1.01e+03 -1.00e+05
2015 08 11  0955   57245  35700   1.84e+00  2.75e-01  1.63e-01  1.03e-01  5.01e-02  2.04e-02  4.35e+04  1.10e+03 -1.00e+05
2015 08 11  1000   57245  36000   1.42e+00  2.67e-01  2.40e-01  7.62e-02  4.24e-02  1.86e-02  4.72e+04  1.30e+03 -1.00e+05
2015 08 11  1005   57245  36300   1.85e+00  2.61e-01  1.73e-01  8.22e-02  7.38e-02  3.05e-02  4.57e+04  1.21e+03 -1.00e+05
2015 08 11  1010   57245  36600   1.04e+00  1.35e-01  1.08e-01  4.51e-02  3.67e-02  1.86e-02  4.45e+04  1.17e+03 -1.00e+05
2015 08 11  1015   57245  36900   1.66e+00  2.25e-01  1.08e-01  6.36e-02  5.52e-02  3.70e-02  4.35e+04  1.11e+03 -1.00e+05
2015 08 11  1020   57245  37200   9.64e-01  1.14e-01  8.70e-02  4.51e-02  3.67e-02  1.86e-02  4.24e+04  1.02e+03 -1.00e+05
2015 08 11  1025   57245  37500   1.28e+00  1.63e-01  9.44e-02  4.51e-02  3.67e-02  1.86e-02  4.38e+04  1.10e+03 -1.00e+05
2015 08 11  1030   57245  37800   1.09e+00  1.96e-01  1.68e-01  1.26e-01  1.18e-01  6.77e-02  4.28e+04  1.08e+03 -1.00e+05
2015 08 11  1035   57245  38100   9.30e-01  1.14e-01  8.70e-02  4.51e-02  3.67e-02  1.86e-02  3.97e+04  9.46e+02 -1.00e+05
2015 08 11  1040   57245  38400   1.33e+00  1.53e-01  1.26e-01  8.23e-02  4.24e-02  1.86e-02  3.96e+04  9.56e+02 -1.00e+05
2015 08 11  1045   57245  38700   1.24e+00  1.51e-01  1.23e-01  8.15e-02  7.31e-02  5.50e-02  4.14e+04  1.03e+03 -1.00e+05
2015 08 11  1050   57245  39000   1.03e+00  1.21e-01  9.36e-02  5.15e-02  3.82e-02  1.86e-02  4.26e+04  1.11e+03 -1.00e+05
2015 08 11  1055   57245  39300   1.28e+00  1.43e-01  1.15e-01  7.25e-02  4.42e-02  2.03e-02  4.25e+04  1.09e+03 -1.00e+05
2015 08 11  1100   57245  39600   1.34e+00  1.21e-01  9.36e-02  5.15e-02  3.82e-02  1.86e-02  4.16e+04  1.05e+03 -1.00e+05
2015 08 11  1105   57245  39900   2.03e+00  2.22e-01  1.30e-01  7.59e-02  6.75e-02  2.85e-02  4.16e+04  1.06e+03 -1.00e+05
2015 08 11  1110   57245  40200   1.00e+00  1.14e-01  8.70e-02  4.51e-02  3.67e-02  1.86e-02  4.16e+04  1.05e+03 -1.00e+05
2015 08 11  1115   57245  40500   1.10e+00  1.92e-01  1.64e-01  8.90e-02  8.06e-02  6.24e-02  4.16e+04  1.04e+03 -1.00e+05
2015 08 11  1120   57245  40800   2.28e+00  2.41e-01  1.24e-01  4.51e-02  3.67e-02  1.86e-02  4.16e+04  1.06e+03 -1.00e+05
2015 08 11  1125   57245  41100   1.58e+00  1.37e-01  1.10e-01  6.79e-02  5.95e-02  4.14e-02  4.15e+04  1.05e+03 -1.00e+05
2015 08 11  1130   57245  41400   1.36e+00  1.63e-01  9.44e-02  4.51e-02  3.67e-02  1.86e-02  3.65e+04  8.56e+02 -1.00e+05
2015 08 11  1135   57245  41700   1.51e+00  2.68e-01  2.41e-01  1.01e-01  8.80e-02  3.58e-02  3.76e+04  8.82e+02 -1.00e+05
2015 08 11  1140   57245  42000   1.38e+00  1.48e-01  1.20e-01  7.78e-02  5.12e-02  2.78e-02  4.01e+04  9.90e+02 -1.00e+05
2015 08 11  1145   57245  42300   2.50e+00  2.32e-01  8.98e-02  4.51e-02  3.67e-02  1.86e-02  4.20e+04  1.09e+03 -1.00e+05
2015 08 11  1150   57245  42600   1.36e+00  1.73e-01  1.46e-01  1.03e-01  6.38e-02  2.45e-02  4.47e+04  1.20e+03 -1.00e+05
2015 08 11  1155   57245  42900   1.42e+00  1.58e-01  1.30e-01  7.41e-02  6.57e-02  4.76e-02  4.84e+04  1.35e+03 -1.00e+05
2015 08 11  1200   57245  43200   1.52e+00  1.48e-01  1.21e-01  7.78e-02  4.41e-02  1.86e-02  5.13e+04  1.47e+03 -1.00e+05
2015 08 11  1205   57245  43500   1.36e+00  1.14e-01  8.70e-02  4.51e-02  3.67e-02  1.86e-02  4.93e+04  1.45e+03 -1.00e+05
2015 08 11  1210   57245  43800   1.51e+00  1.48e-01  1.20e-01  7.78e-02  5.12e-02  2.78e-02  4.98e+04  1.45e+03 -1.00e+05
2015 08 11  1215   57245  44100   1.51e+00  1.94e-01  1.66e-01  5.82e-02  4.68e-02  2.78e-02  5.21e+04  1.59e+03 -1.00e+05
2015 08 11  1220   57245  44400   1.50e+00  1.56e-01  1.28e-01  8.65e-02  7.81e-02  6.00e-02  5.40e+04  1.68e+03 -1.00e+05
2015 08 11  1225   57245  44700   1.63e+00  1.35e-01  1.08e-01  4.51e-02  3.67e-02  1.86e-02  5.50e+04  1.76e+03 -1.00e+05
2015 08 11  1230   57245  45000   1.83e+00  1.67e-01  1.40e-01  8.20e-02  6.36e-02  4.26e-02  5.82e+04  1.97e+03 -1.00e+05
2015 08 11  1235   57245  45300   3.37e+00  2.65e-01  1.24e-01  7.91e-02  7.07e-02  5.25e-02  5.99e+04  2.09e+03 -1.00e+05
2015 08 11  1240   57245  45600   1.61e+00  1.28e-01  1.00e-01  5.81e-02  3.96e-02  1.86e-02  5.77e+04  1.98e+03 -1.00e+05
2015 08 11  1245   57245  45900   2.23e+00  2.09e-01  1.81e-01  1.38e-01  8.29e-02  2.98e-02  5.87e+04  2.05e+03 -1.00e+05
2015 08 11  1250   57245  46200   4.38e+00  4.51e-01  2.57e-01  1.00e-01  7.36e-02  5.01e-02  5.99e+04  2.10e+03 -1.00e+05
2015 08 11  1255   57245  46500   2.71e+00  1.78e-01  1.11e-01  6.17e-02  5.33e-02  3.52e-02  6.03e+04  2.16e+03 -1.00e+05
2015 08 11  1300   57245  46800   3.77e+00  4.40e-01  2.09e-01  4.51e-02  3.67e-02  1.86e-02  6.25e+04  2.21e+03 -1.00e+05
2015 08 11  1305   57245  47100   4.29e+00  5.43e-01  1.92e-01  6.17e-02  5.33e-02  3.52e-02  6.26e+04  2.31e+03 -1.00e+05
2015 08 11  1310   57245  47400   2.94e+00  2.35e-01  1.43e-01  8.89e-02  8.05e-02  4.37e-02  6.31e+04  2.37e+03 -1.00e+05
2015 08 11  1315   57245  47700   1.94e+00  1.87e-01  1.60e-01  7.43e-02  6.59e-02  1.90e-02  6.28e+04  2.36e+03 -1.00e+05
2015 08 11  1320   57245  48000   1.87e+00  1.48e-01  1.21e-01  7.78e-02  4.41e-02  1.86e-02  6.33e+04  2.38e+03 -1.00e+05
2015 08 11  1325   57245  48300   1.93e+00  1.34e-01  1.06e-01  6.42e-02  5.58e-02  3.77e-02  6.52e+04  2.51e+03 -1.00e+05
2015 08 11  1330   57245  48600   2.67e+00  2.03e-01  1.35e-01  8.43e-02  4.55e-02  1.86e-02  6.72e+04  2.66e+03 -1.00e+05
2015 08 11  1335   57245  48900   2.22e+00  1.21e-01  9.36e-02  5.15e-02  3.82e-02  1.86e-02  6.79e+04  2.78e+03 -1.00e+05
2015 08 11  1340   57245  49200   2.17e+00  1.53e-01  1.25e-01  5.93e-02  5.08e-02  3.27e-02  6.93e+04  2.82e+03 -1.00e+05
2015 08 11  1345   57245  49500   2.16e+00  1.35e-01  1.08e-01  4.51e-02  3.67e-02  1.86e-02  7.13e+04  2.98e+03 -1.00e+05
2015 08 11  1350   57245  49800   2.27e+00  2.40e-01  2.12e-01  7.72e-02  6.45e-02  4.51e-02  7.13e+04  3.08e+03 -1.00e+05
2015 08 11  1355   57245  50100   3.93e+00  2.91e-01  1.26e-01  8.15e-02  7.31e-02  5.50e-02  7.19e+04  3.14e+03 -1.00e+05
2015 08 11  1400   57245  50400   2.33e+00  1.58e-01  1.31e-01  4.51e-02  3.67e-02  1.86e-02  7.47e+04  3.29e+03 -1.00e+05
2015 08 11  1405   57245  50700   2.94e+00  2.55e-01  1.56e-01  1.02e-01  9.32e-02  6.15e-02  7.53e+04  3.48e+03 -1.00e+05
2015 08 11  1410   57245  51000   2.27e+00  1.40e-01  1.12e-01  7.01e-02  5.52e-02  3.52e-02  7.86e+04  3.66e+03 -1.00e+05
2015 08 11  1415   57245  51300   3.45e+00  2.11e-01  1.42e-01  5.15e-02  3.82e-02  1.86e-02  7.93e+04  3.77e+03 -1.00e+05
2015 08 11  1420   57245  51600   3.08e+00  2.22e-01  1.35e-01  8.22e-02  7.38e-02  3.05e-02  8.04e+04  3.94e+03 -1.00e+05
2015 08 11  1425   57245  51900   2.56e+00  1.35e-01  1.07e-01  6.46e-02  4.11e-02  1.86e-02  8.33e+04  4.13e+03 -1.00e+05
2015 08 11  1430   57245  52200   2.55e+00  1.28e-01  1.00e-01  5.71e-02  4.87e-02  2.24e-02  8.12e+04  4.11e+03 -1.00e+05
2015 08 11  1435   57245  52500   2.61e+00  1.35e-01  1.07e-01  6.53e-02  5.60e-02  3.77e-02  8.38e+04  4.23e+03 -1.00e+05
2015 08 11  1440   57245  52800   2.80e+00  1.36e-01  1.09e-01  6.67e-02  5.83e-02  4.01e-02  8.15e+04  4.06e+03 -1.00e+05
2015 08 11  1445   57245  53100   2.59e+00  1.63e-01  1.36e-01  9.33e-02  6.43e-02  4.01e-02  8.33e+04  4.15e+03 -1.00e+05
2015 08 11  1450   57245  53400   2.72e+00  1.21e-01  9.36e-02  5.15e-02  3.82e-02  1.86e-02  8.33e+04  4.16e+03 -1.00e+05
2015 08 11  1455   57245  53700   2.68e+00  1.21e-01  9.37e-02  5.18e-02  4.34e-02  2.53e-02  8.33e+04  4.18e+03 -1.00e+05
2015 08 11  1500   57245  54000   5.39e+00  4.25e-01  2.32e-01  1.85e-01  1.08e-01  3.45e-02  8.45e+04  4.29e+03 -1.00e+05
2015 08 11  1505   57245  54300   2.66e+00  1.60e-01  1.33e-01  9.05e-02  7.80e-02  2.53e-02  8.79e+04  4.47e+03 -1.00e+05
2015 08 11  1510   57245  54600   3.63e+00  2.24e-01  1.62e-01  1.14e-01  1.05e-01  4.06e-02  8.79e+04  4.68e+03 -1.00e+05
2015 08 11  1515   57245  54900   2.81e+00  1.83e-01  1.56e-01  1.02e-01  9.34e-02  3.97e-02  8.79e+04  4.78e+03 -1.00e+05
2015 08 11  1520   57245  55200   2.91e+00  2.21e-01  1.93e-01  1.11e-01  9.92e-02  5.80e-02  8.93e+04  4.88e+03 -1.00e+05
2015 08 11  1525   57245  55500   2.75e+00  1.29e-01  9.76e-02  5.61e-02  4.44e-02  2.52e-02  9.32e+04  5.15e+03 -1.00e+05
2015 08 11  1530   57245  55800   3.64e+00  2.19e-01  1.39e-01  8.64e-02  4.27e-02  1.88e-02  9.27e+04  5.12e+03 -1.00e+05
2015 08 11  1535   57245  56100   3.83e+00  1.84e-01  1.05e-01  5.44e-02  4.60e-02  2.77e-02  9.02e+04  4.96e+03 -1.00e+05
2015 08 11  1540   57245  56400   2.57e+00  1.74e-01  1.47e-01  1.06e-01  6.72e-02  2.57e-02  8.95e+04  5.04e+03 -1.00e+05
2015 08 11  1545   57245  56700   2.82e+00  1.34e-01  1.07e-01  6.69e-02  5.85e-02  2.57e-02  9.32e+04  5.19e+03 -1.00e+05
2015 08 11  1550   57245  57000   3.59e+00  2.13e-01  1.33e-01  8.13e-02  4.43e-02  2.03e-02  9.32e+04  5.14e+03 -1.00e+05
2015 08 11  1555   57245  57300   5.03e+00  2.59e-01  8.86e-02  4.55e-02  3.70e-02  1.88e-02  8.94e+04  4.97e+03 -1.00e+05
2015 08 11  1600   57245  57600   3.81e+00  2.21e-01  1.42e-01  9.13e-02  6.19e-02  3.76e-02  9.24e+04  5.09e+03 -1.00e+05
2015 08 11  1605   57245  57900   3.41e+00  2.05e-01  1.67e-01  9.83e-02  8.98e-02  3.57e-02  8.90e+04  5.00e+03 -1.00e+05
2015 08 11  1610   57245  58200   3.07e+00  1.12e-01  8.60e-02  4.55e-02  3.70e-02  1.88e-02  9.21e+04  5.13e+03 -1.00e+05
2015 08 11  1615   57245  58500   2.98e+00  1.31e-01  1.01e-01  5.93e-02  5.09e-02  3.27e-02  9.32e+04  5.42e+03 -1.00e+05
2015 08 11  1620   57245  58800   5.27e+00  2.60e-01  1.31e-01  4.55e-02  3.70e-02  1.88e-02  9.32e+04  5.70e+03 -1.00e+05
2015 08 11  1625   57245  59100   3.22e+00  1.37e-01  1.10e-01  6.92e-02  4.74e-02  2.52e-02  9.45e+04  5.72e+03 -1.00e+05
2015 08 11  1630   57245  59400   3.40e+00  1.49e-01  1.23e-01  4.55e-02  3.70e-02  1.88e-02  9.81e+04  5.89e+03 -1.00e+05
2015 08 11  1635   57245  59700   4.60e+00  2.68e-01  1.76e-01  1.23e-01  9.67e-02  4.23e-02  9.86e+04  6.07e+03 -1.00e+05
2015 08 11  1640   57245  60000   3.41e+00  1.12e-01  8.60e-02  4.55e-02  3.70e-02  1.88e-02  9.92e+04  6.51e+03 -1.00e+05
2015 08 11  1645   57245  60300   3.69e+00  2.25e-01  1.99e-01  1.58e-01  1.47e-01  7.49e-02  1.03e+05  6.78e+03 -1.00e+05
2015 08 11  1650   57245  60600   3.50e+00  1.51e-01  1.24e-01  8.35e-02  6.60e-02  4.50e-02  1.04e+05  6.87e+03 -1.00e+05
2015 08 11  1655   57245  60900   5.48e+00  2.67e-01  1.39e-01  7.84e-02  4.27e-02  1.88e-02  1.04e+05  7.21e+03 -1.00e+05
2015 08 11  1700   57245  61200   5.89e+00  3.21e-01  1.96e-01  1.36e-01  1.08e-01  3.98e-02  1.04e+05  7.33e+03 -1.00e+05
2015 08 11  1705   57245  61500   3.76e+00  1.25e-01  9.89e-02  5.80e-02  3.98e-02  1.88e-02  1.04e+05  7.27e+03 -1.00e+05
2015 08 11  1710   57245  61800   7.67e+00  2.81e-01  8.85e-02  4.55e-02  3.70e-02  1.88e-02  1.04e+05  7.37e+03 -1.00e+05
2015 08 11  1715   57245  62100   3.93e+00  2.27e-01  1.96e-01  4.55e-02  3.70e-02  1.88e-02  1.07e+05  7.59e+03 -1.00e+05
2015 08 11  1720   57245  62400   5.32e+00  1.77e-01  1.09e-01  6.06e-02  5.22e-02  2.36e-02  1.05e+05  7.63e+03 -1.00e+05
2015 08 11  1725   57245  62700   3.65e+00  1.24e-01  9.74e-02  5.69e-02  4.84e-02  3.02e-02  1.08e+05  7.80e+03 -1.00e+05
2015 08 11  1730   57245  63000   3.65e+00  1.42e-01  1.15e-01  7.49e-02  6.64e-02  3.43e-02  1.09e+05  7.83e+03 -1.00e+05
2015 08 11  1735   57245  63300   6.09e+00  2.79e-01  1.51e-01  9.13e-02  5.66e-02  3.27e-02  1.09e+05  8.23e+03 -1.00e+05
2015 08 11  1740   57245  63600   3.79e+00  1.43e-01  1.17e-01  7.58e-02  4.89e-02  2.52e-02  1.09e+05  8.35e+03 -1.00e+05
2015 08 11  1745   57245  63900   6.58e+00  2.83e-01  1.56e-01  9.66e-02  6.89e-02  4.50e-02  1.09e+05  8.41e+03 -1.00e+05
2015 08 11  1750   57245  64200   4.30e+00  1.58e-01  1.31e-01  6.43e-02  5.59e-02  3.76e-02  1.12e+05  8.60e+03 -1.00e+05
2015 08 11  1755   57245  64500   4.71e+00  2.22e-01  1.96e-01  4.70e-02  3.85e-02  2.03e-02  1.14e+05  8.76e+03 -1.00e+05
2015 08 11  1800   57245  64800   4.79e+00  1.50e-01  1.20e-01  7.88e-02  6.68e-02  4.75e-02  1.15e+05  9.07e+03 -1.00e+05
2015 08 11  1805   57245  65100   4.56e+00  1.12e-01  8.60e-02  4.55e-02  3.70e-02  1.88e-02  1.15e+05  9.25e+03 -1.00e+05
2015 08 11  1810   57245  65400   6.33e+00  2.23e-01  1.45e-01  6.93e-02  6.08e-02  4.26e-02  1.15e+05  9.25e+03 -1.00e+05
2015 08 11  1815   57245  65700   9.45e+00  2.94e-01  1.01e-01  5.80e-02  3.98e-02  1.88e-02  1.16e+05  9.58e+03 -1.00e+05
2015 08 11  1820   57245  66000   4.76e+00  1.61e-01  1.35e-01  9.37e-02  7.21e-02  5.00e-02  1.15e+05  9.55e+03 -1.00e+05
2015 08 11  1825   57245  66300   4.53e+00  1.32e-01  1.01e-01  5.91e-02  4.13e-02  2.03e-02  1.15e+05  9.46e+03 -1.00e+05
2015 08 11  1830   57245  66600   4.66e+00  1.53e-01  1.27e-01  7.98e-02  5.65e-02  2.36e-02  1.16e+05  9.57e+03 -1.00e+05
2015 08 11  1835   57245  66900   5.37e+00  1.89e-01  1.62e-01  9.29e-02  5.66e-02  3.27e-02  1.17e+05  9.76e+03 -1.00e+05
2015 08 11  1840   57245  67200   5.36e+00  1.55e-01  1.28e-01  8.61e-02  4.62e-02  2.07e-02  1.16e+05  9.69e+03 -1.00e+05
2015 08 11  1845   57245  67500   5.77e+00  2.57e-01  2.28e-01  8.55e-02  5.98e-02  3.65e-02  1.15e+05  9.80e+03 -1.00e+05
2015 08 11  1850   57245  67800   7.85e+00  2.66e-01  1.38e-01  7.77e-02  4.43e-02  1.88e-02  1.16e+05  9.81e+03 -1.00e+05
2015 08 11  1855   57245  68100   7.22e+00  2.32e-01  1.53e-01  5.69e-02  4.84e-02  3.02e-02  1.20e+05  9.99e+03 -1.00e+05
2015 08 11  1900   57245  68400   5.43e+00  1.38e-01  1.08e-01  6.68e-02  5.83e-02  4.01e-02  1.20e+05  1.03e+04 -1.00e+05
2015 08 11  1905   57245  68700   5.41e+00  1.42e-01  1.16e-01  7.53e-02  6.68e-02  1.91e-02  1.19e+05  1.01e+04 -1.00e+05
2015 08 11  1910   57245  69000   5.69e+00  1.55e-01  1.24e-01  4.55e-02  3.70e-02  1.88e-02  1.17e+05  9.77e+03 -1.00e+05
2015 08 11  1915   57245  69300   7.10e+00  1.77e-01  1.14e-01  6.69e-02  5.85e-02  2.57e-02  1.19e+05  1.00e+04 -1.00e+05
2015 08 11  1920   57245  69600   5.66e+00  2.05e-01  1.78e-01  6.46e-02  4.13e-02  1.88e-02  1.20e+05  1.02e+04 -1.00e+05
2015 08 11  1925   57245  69900   5.24e+00  1.46e-01  1.19e-01  7.77e-02  4.43e-02  1.88e-02  1.17e+05  9.97e+03 -1.00e+05
2015 08 11  1930   57245  70200   5.52e+00  1.48e-01  1.21e-01  6.96e-02  6.11e-02  3.59e-02  1.20e+05  1.02e+04 -1.00e+05
2015 08 11  1935   57245  70500   5.61e+00  1.31e-01  1.05e-01  6.43e-02  5.59e-02  3.76e-02  1.20e+05  1.02e+04 -1.00e+05
2015 08 11  1940   57245  70800   5.68e+00  1.12e-01  8.60e-02  4.55e-02  3.70e-02  1.88e-02  1.20e+05  1.02e+04 -1.00e+05
2015 08 11  1945   57245  71100   6.10e+00  2.21e-01  1.95e-01  4.55e-02  3.70e-02  1.88e-02  1.20e+05  1.03e+04 -1.00e+05
2015 08 11  1950   57245  71400   5.75e+00  1.45e-01  1.18e-01  7.66e-02  4.27e-02  1.88e-02  1.20e+05  1.04e+04 -1.00e+05
2015 08 11  1955   57245  71700   5.95e+00  1.21e-01  9.49e-02  5.44e-02  4.60e-02  2.77e-02  1.20e+05  1.05e+04 -1.00e+05
2015 08 11  2000   57245  72000   6.08e+00  1.31e-01  1.04e-01  6.38e-02  5.53e-02  3.58e-02  1.20e+05  1.06e+04 -1.00e+05
2015 08 11  2005   57245  72300   5.55e+00  1.53e-01  1.27e-01  8.66e-02  7.82e-02  5.99e-02  1.20e+05  1.04e+04 -1.00e+05
2015 08 11  2010   57245  72600   7.50e+00  2.07e-01  1.29e-01  7.92e-02  7.07e-02  5.25e-02  1.20e+05  1.03e+04 -1.00e+05
2015 08 11  2015   57245  72900   5.90e+00  1.27e-01  9.57e-02  5.44e-02  4.60e-02  2.77e-02  1.20e+05  1.07e+04 -1.00e+05
2015 08 11  2020   57245  73200   7.99e+00  2.37e-01  1.55e-01  1.05e-01  9.61e-02  3.77e-02  1.20e+05  1.08e+04 -1.00e+05
2015 08 11  2025   57245  73500   5.47e+00  1.32e-01  1.06e-01  6.46e-02  4.13e-02  1.88e-02  1.20e+05  1.05e+04 -1.00e+05
2015 08 11  2030   57245  73800   5.10e+00  1.59e-01  1.33e-01  9.20e-02  8.36e-02  3.37e-02  1.20e+05  1.04e+04 -1.00e+05
2015 08 11  2035   57245  74100   5.32e+00  1.50e-01  1.23e-01  8.14e-02  4.27e-02  1.88e-02  1.20e+05  1.05e+04 -1.00e+05
2015 08 11  2040   57245  74400   5.86e+00  1.40e-01  1.14e-01  7.32e-02  6.48e-02  2.77e-02  1.20e+05  1.08e+04 -1.00e+05
2015 08 11  2045   57245  74700   6.08e+00  1.56e-01  1.27e-01  8.53e-02  6.83e-02  4.75e-02  1.22e+05  1.12e+04 -1.00e+05
2015 08 11  2050   57245  75000   6.53e+00  1.45e-01  1.13e-01  7.11e-02  4.28e-02  1.88e-02  1.25e+05  1.14e+04 -1.00e+05
2015 08 11  2055   57245  75300   5.73e+00  1.12e-01  8.60e-02  4.55e-02  3.70e-02  1.88e-02  1.25e+05  1.12e+04 -1.00e+05
2015 08 11  2100   57245  75600   5.77e+00  1.55e-01  1.24e-01  5.15e-02  3.84e-02  1.88e-02  1.25e+05  1.15e+04 -1.00e+05
2015 08 11  2105   57245  75900   6.56e+00  1.79e-01  1.36e-01  9.20e-02  8.36e-02  3.37e-02  1.25e+05  1.15e+04 -1.00e+05
2015 08 11  2110   57245  76200   6.94e+00  1.91e-01  1.43e-01  9.83e-02  8.01e-02  3.17e-02  1.25e+05  1.16e+04 -1.00e+05
2015 08 11  2115   57245  76500   6.10e+00  1.53e-01  1.27e-01  8.66e-02  7.82e-02  5.99e-02  1.25e+05  1.16e+04 -1.00e+05
2015 08 11  2120   57245  76800   5.74e+00  1.19e-01  9.25e-02  5.19e-02  4.35e-02  2.52e-02  1.25e+05  1.15e+04 -1.00e+05
2015 08 11  2125   57245  77100   5.84e+00  1.51e-01  1.19e-01  7.66e-02  4.27e-02  1.88e-02  1.25e+05  1.15e+04 -1.00e+05
2015 08 11  2130   57245  77400   5.89e+00  1.54e-01  1.23e-01  5.19e-02  4.35e-02  2.52e-02  1.25e+05  1.15e+04 -1.00e+05
2015 08 11  2135   57245  77700   6.05e+00  1.39e-01  1.12e-01  7.17e-02  6.33e-02  4.50e-02  1.25e+05  1.16e+04 -1.00e+05
2015 08 11  2140   57245  78000   5.91e+00  1.18e-01  8.69e-02  4.55e-02  3.70e-02  1.88e-02  1.25e+05  1.15e+04 -1.00e+05
2015 08 11  2145   57245  78300   1.21e+01  3.07e-01  1.15e-01  7.11e-02  4.28e-02  1.88e-02  1.25e+05  1.20e+04 -1.00e+05
2015 08 11  2150   57245  78600   6.18e+00  1.33e-01  1.07e-01  6.63e-02  5.79e-02  3.96e-02  1.25e+05  1.17e+04 -1.00e+05
2015 08 11  2155   57245  78900   1.14e+01  2.25e-01  1.03e-01  5.93e-02  5.09e-02  3.27e-02  1.21e+05  1.15e+04 -1.00e+05
2015 08 11  2200   57245  79200   6.59e+00  2.40e-01  2.13e-01  7.38e-02  6.54e-02  4.71e-02  1.25e+05  1.15e+04 -1.00e+05
2015 08 11  2205   57245  79500   1.10e+01  2.38e-01  1.15e-01  7.11e-02  4.28e-02  1.88e-02  1.25e+05  1.17e+04 -1.00e+05
2015 08 11  2210   57245  79800   6.41e+00  1.12e-01  8.60e-02  4.55e-02  3.70e-02  1.88e-02  1.24e+05  1.13e+04 -1.00e+05
2015 08 11  2215   57245  80100   5.99e+00  1.67e-01  1.41e-01  7.10e-02  4.97e-02  2.77e-02  1.21e+05  1.05e+04 -1.00e+05
2015 08 11  2220   57245  80400   9.10e+00  1.76e-01  9.57e-02  4.55e-02  3.70e-02  1.88e-02  1.24e+05  1.09e+04 -1.00e+05
2015 08 11  2225   57245  80700   6.89e+00  1.12e-01  8.60e-02  4.55e-02  3.70e-02  1.88e-02  1.21e+05  1.04e+04 -1.00e+05
2015 08 11  2230   57245  81000   7.50e+00  1.32e-01  1.06e-01  6.46e-02  4.13e-02  1.88e-02  1.18e+05  9.34e+03 -1.00e+05
2015 08 11  2235   57245  81300   6.88e+00  1.65e-01  1.39e-01  9.83e-02  8.98e-02  3.57e-02  1.20e+05  9.93e+03 -1.00e+05
2015 08 11  2240   57245  81600   7.31e+00  1.59e-01  1.33e-01  9.20e-02  7.38e-02  2.97e-02  1.20e+05  1.01e+04 -1.00e+05
2015 08 11  2245   57245  81900   6.92e+00  1.79e-01  1.53e-01  8.47e-02  6.05e-02  3.76e-02  1.24e+05  1.05e+04 -1.00e+05
2015 08 11  2250   57245  82200   6.68e+00  1.97e-01  1.71e-01  1.31e-01  1.22e-01  6.50e-02  1.22e+05  1.05e+04 -1.00e+05
2015 08 11  2255   57245  82500   1.05e+01  2.44e-01  1.33e-01  8.93e-02  8.09e-02  4.56e-02  1.20e+05  1.03e+04 -1.00e+05
2015 08 11  2300   57245  82800   6.48e+00  2.27e-01  1.96e-01  4.55e-02  3.70e-02  1.88e-02  1.20e+05  1.02e+04 -1.00e+05
2015 08 11  2305   57245  83100   5.90e+00  1.39e-01  1.12e-01  7.17e-02  6.33e-02  4.50e-02  1.20e+05  1.01e+04 -1.00e+05
2015 08 11  2310   57245  83400   9.78e+00  2.69e-01  1.40e-01  7.98e-02  4.42e-02  2.03e-02  1.20e+05  9.92e+03 -1.00e+05
2015 08 11  2315   57245  83700   6.46e+00  1.63e-01  1.36e-01  9.46e-02  5.96e-02  3.57e-02  1.20e+05  9.79e+03 -1.00e+05
2015 08 11  2320   57245  84000   6.21e+00  1.58e-01  1.32e-01  5.44e-02  4.60e-02  2.77e-02  1.15e+05  9.54e+03 -1.00e+05
2015 08 11  2325   57245  84300   6.31e+00  1.82e-01  1.51e-01  7.77e-02  4.43e-02  1.88e-02  1.15e+05  9.35e+03 -1.00e+05
2015 08 11  2330   57245  84600   5.89e+00  3.06e-01  2.79e-01  1.07e-01  7.15e-02  4.75e-02  1.15e+05  8.98e+03 -1.00e+05
2015 08 11  2335   57245  84900   6.56e+00  1.79e-01  1.36e-01  9.20e-02  8.36e-02  3.37e-02  1.10e+05  8.48e+03 -1.00e+05
2015 08 11  2340   57245  85200   5.83e+00  1.12e-01  8.60e-02  4.55e-02  3.70e-02  1.88e-02  1.09e+05  8.31e+03 -1.00e+05
2015 08 11  2345   57245  85500   6.09e+00  2.00e-01  1.73e-01  7.95e-02  7.10e-02  2.97e-02  1.09e+05  8.36e+03 -1.00e+05
2015 08 11  2350   57245  85800   6.40e+00  1.91e-01  1.64e-01  1.24e-01  1.15e-01  4.49e-02  1.12e+05  8.83e+03 -1.00e+05
2015 08 11  2355   57245  86100   5.87e+00  1.38e-01  1.12e-01  7.10e-02  6.25e-02  1.91e-02  1.09e+05  8.40e+03 -1.00e+05
