:Data_list: 20150617_Gp_part_5m.txt
:Created: 2015 Jun 18 0011 UTC
# Prepared by the U.S. Dept. of Commerce, NOAA, Space Weather Prediction Center
# Please send comments and suggestions to SWPC.Webmaster@noaa.gov 
# 
# Label: P > 1 = Particles at >1 Mev
# Label: P > 5 = Particles at >5 Mev
# Label: P >10 = Particles at >10 Mev
# Label: P >30 = Particles at >30 Mev
# Label: P >50 = Particles at >50 Mev
# Label: P>100 = Particles at >100 Mev
# Label: E>0.8 = Electrons at >0.8 Mev
# Label: E>2.0 = Electrons at >2.0 Mev
# Label: E>4.0 = Electrons at >4.0 Mev
# Units: Particles = Protons/cm2-s-sr
# Units: Electrons = Electrons/cm2-s-sr
# Source: GOES-13
# Location: W075
# Missing data: -1.00e+05
#
#                      5-minute  GOES-13 Solar Particle and Electron Flux
#
#                 Modified Seconds
# UTC Date  Time   Julian  of the
# YR MO DA  HHMM    Day     Day     P > 1     P > 5     P >10     P >30     P >50     P>100     E>0.8     E>2.0     E>4.0
#-------------------------------------------------------------------------------------------------------------------------
2015 06 17  0000   57190      0   1.33e+00  2.00e-01  1.76e-01  5.18e-02  4.27e-02  2.13e-02  2.47e+04  4.77e+02 -1.00e+05
2015 06 17  0005   57190    300   1.63e+00  1.81e-01  1.23e-01  6.62e-02  5.71e-02  3.90e-02  2.44e+04  4.64e+02 -1.00e+05
2015 06 17  0010   57190    600   1.14e+00  1.03e-01  7.93e-02  4.68e-02  3.78e-02  1.97e-02  2.44e+04  4.59e+02 -1.00e+05
2015 06 17  0015   57190    900   8.46e-01  1.03e-01  7.93e-02  4.68e-02  3.78e-02  1.97e-02  2.37e+04  4.34e+02 -1.00e+05
2015 06 17  0020   57190   1200   9.64e-01  1.73e-01  1.50e-01  1.17e-01  9.62e-02  3.74e-02  2.07e+04  3.61e+02 -1.00e+05
2015 06 17  0025   57190   1500   9.35e-01  1.67e-01  1.43e-01  1.10e-01  9.05e-02  3.87e-02  2.14e+04  3.51e+02 -1.00e+05
2015 06 17  0030   57190   1800   9.78e-01  1.39e-01  1.15e-01  8.11e-02  4.55e-02  1.97e-02  2.03e+04  3.36e+02 -1.00e+05
2015 06 17  0035   57190   2100   1.06e+00  2.03e-01  1.79e-01  4.68e-02  3.78e-02  1.97e-02  1.84e+04  3.08e+02 -1.00e+05
2015 06 17  0040   57190   2400   1.22e+00  1.80e-01  1.56e-01  5.49e-02  3.96e-02  1.97e-02  1.93e+04  3.06e+02 -1.00e+05
2015 06 17  0045   57190   2700   1.32e+00  1.13e-01  8.89e-02  5.56e-02  4.66e-02  2.85e-02  1.88e+04  3.09e+02 -1.00e+05
2015 06 17  0050   57190   3000   1.26e+00  1.54e-01  1.30e-01  9.72e-02  8.82e-02  3.59e-02  1.83e+04  2.86e+02 -1.00e+05
2015 06 17  0055   57190   3300   1.05e+00  1.89e-01  1.65e-01  8.85e-02  7.94e-02  6.13e-02  1.87e+04  3.04e+02 -1.00e+05
2015 06 17  0100   57190   3600   1.20e+00  1.72e-01  1.13e-01  5.38e-02  4.47e-02  2.66e-02  1.97e+04  3.18e+02 -1.00e+05
2015 06 17  0105   57190   3900   1.51e+00  2.02e-01  9.45e-02  4.68e-02  3.78e-02  1.97e-02  1.97e+04  3.30e+02 -1.00e+05
2015 06 17  0110   57190   4200   1.56e+00  2.04e-01  9.61e-02  4.84e-02  3.81e-02  1.97e-02  2.14e+04  3.73e+02 -1.00e+05
2015 06 17  0115   57190   4500   8.24e-01  1.03e-01  7.93e-02  4.68e-02  3.78e-02  1.97e-02  2.12e+04  3.41e+02 -1.00e+05
2015 06 17  0120   57190   4800   1.14e+00  1.59e-01  1.02e-01  6.36e-02  5.45e-02  3.65e-02  1.94e+04  3.26e+02 -1.00e+05
2015 06 17  0125   57190   5100   1.39e+00  1.86e-01  8.09e-02  4.68e-02  3.78e-02  1.97e-02  2.19e+04  3.56e+02 -1.00e+05
2015 06 17  0130   57190   5400   7.90e-01  1.48e-01  1.25e-01  4.68e-02  3.78e-02  1.97e-02  2.15e+04  3.61e+02 -1.00e+05
2015 06 17  0135   57190   5700   5.80e-01  1.25e-01  1.01e-01  4.68e-02  3.78e-02  1.97e-02  2.03e+04  3.18e+02 -1.00e+05
2015 06 17  0140   57190   6000   1.17e+00  2.65e-01  1.43e-01  8.04e-02  4.31e-02  1.97e-02  1.86e+04  2.91e+02 -1.00e+05
2015 06 17  0145   57190   6300   6.00e-01  1.05e-01  8.13e-02  4.88e-02  3.97e-02  2.17e-02  1.87e+04  2.63e+02 -1.00e+05
2015 06 17  0150   57190   6600   1.23e+00  3.63e-01  1.51e-01  4.68e-02  3.78e-02  1.97e-02  1.66e+04  2.17e+02 -1.00e+05
2015 06 17  0155   57190   6900   5.05e-01  2.13e-01  1.89e-01  5.87e-02  4.97e-02  3.16e-02  1.29e+04  1.24e+02 -1.00e+05
2015 06 17  0200   57190   7200   5.51e-01  2.00e-01  1.76e-01  1.42e-01  8.30e-02  2.93e-02  6.68e+03  2.97e+01 -1.00e+05
2015 06 17  0205   57190   7500   4.54e-01  1.25e-01  1.01e-01  4.68e-02  3.78e-02  1.97e-02  4.39e+03  1.81e+01 -1.00e+05
2015 06 17  0210   57190   7800   5.11e-01  2.32e-01  2.08e-01  7.46e-02  4.40e-02  1.97e-02  1.58e+03  6.54e+00 -1.00e+05
2015 06 17  0215   57190   8100   8.13e-01  2.40e-01  1.30e-01  9.57e-02  8.66e-02  3.54e-02  1.76e+03  5.42e+00 -1.00e+05
2015 06 17  0220   57190   8400   7.52e-01  2.01e-01  1.42e-01  5.87e-02  4.97e-02  3.16e-02  5.25e+03  4.90e+01 -1.00e+05
2015 06 17  0225   57190   8700   5.57e-01  1.37e-01  1.13e-01  7.89e-02  4.31e-02  1.97e-02  1.28e+04  1.63e+02 -1.00e+05
2015 06 17  0230   57190   9000   6.47e-01  2.03e-01  1.79e-01  4.68e-02  3.78e-02  1.97e-02  1.64e+04  2.45e+02 -1.00e+05
2015 06 17  0235   57190   9300   1.04e+00  1.45e-01  8.57e-02  4.68e-02  3.78e-02  1.97e-02  2.10e+04  3.99e+02 -1.00e+05
2015 06 17  0240   57190   9600   8.82e-01  2.03e-01  1.79e-01  4.68e-02  3.78e-02  1.97e-02  3.15e+04  8.25e+02 -1.00e+05
2015 06 17  0245   57190   9900   8.92e-01  1.35e-01  1.11e-01  5.87e-02  4.97e-02  3.16e-02  3.27e+04  8.70e+02 -1.00e+05
2015 06 17  0250   57190  10200   1.01e+00  2.18e-01  1.10e-01  6.15e-02  4.11e-02  1.97e-02  2.81e+04  7.07e+02 -1.00e+05
2015 06 17  0255   57190  10500   1.26e+00  2.21e-01  1.26e-01  8.05e-02  7.15e-02  4.36e-02  2.67e+04  6.25e+02 -1.00e+05
2015 06 17  0300   57190  10800   6.82e-01  1.03e-01  7.93e-02  4.68e-02  3.78e-02  1.97e-02  2.79e+04  6.44e+02 -1.00e+05
2015 06 17  0305   57190  11100   7.84e-01  1.98e-01  1.75e-01  1.42e-01  1.21e-01  4.55e-02  2.72e+04  6.15e+02 -1.00e+05
2015 06 17  0310   57190  11400   7.97e-01  1.73e-01  1.50e-01  1.17e-01  9.62e-02  3.74e-02  2.96e+04  6.83e+02 -1.00e+05
2015 06 17  0315   57190  11700   9.15e-01  2.08e-01  1.69e-01  1.33e-01  1.24e-01  4.75e-02  3.19e+04  7.72e+02 -1.00e+05
2015 06 17  0320   57190  12000   7.72e-01  1.36e-01  1.12e-01  7.93e-02  5.38e-02  2.33e-02  2.84e+04  6.05e+02 -1.00e+05
2015 06 17  0325   57190  12300   9.90e-01  2.53e-01  2.29e-01  1.13e-01  8.68e-02  6.38e-02  2.59e+04  5.00e+02 -1.00e+05
2015 06 17  0330   57190  12600   7.05e-01  1.03e-01  7.93e-02  4.68e-02  3.78e-02  1.97e-02  2.41e+04  4.32e+02 -1.00e+05
2015 06 17  0335   57190  12900   6.41e-01  1.40e-01  1.16e-01  8.35e-02  7.44e-02  5.64e-02  2.28e+04  3.72e+02 -1.00e+05
2015 06 17  0340   57190  13200   1.01e+00  2.45e-01  2.22e-01  8.77e-02  4.70e-02  1.97e-02  2.27e+04  3.21e+02 -1.00e+05
2015 06 17  0345   57190  13500   7.24e-01  1.33e-01  1.09e-01  5.63e-02  4.72e-02  2.91e-02  2.26e+04  3.12e+02 -1.00e+05
2015 06 17  0350   57190  13800   5.82e-01  1.30e-01  1.06e-01  7.30e-02  4.75e-02  2.13e-02  2.16e+04  2.92e+02 -1.00e+05
2015 06 17  0355   57190  14100   7.42e-01  2.47e-01  1.87e-01  4.88e-02  3.97e-02  2.17e-02  8.59e+03  6.28e+01 -1.00e+05
2015 06 17  0400   57190  14400   3.93e-01  1.58e-01  1.34e-01  1.02e-01  9.29e-02  3.74e-02  3.73e+03  2.30e+01 -1.00e+05
2015 06 17  0405   57190  14700   6.44e-01  2.55e-01  1.61e-01  6.43e-02  5.53e-02  2.53e-02  1.92e+03  1.63e+01 -1.00e+05
2015 06 17  0410   57190  15000   3.46e-01  1.91e-01  1.67e-01  9.09e-02  8.19e-02  6.38e-02  4.20e+02  2.16e+00 -1.00e+05
2015 06 17  0415   57190  15300   5.96e-01  2.01e-01  9.60e-02  6.15e-02  4.11e-02  1.97e-02  7.03e+01  1.33e-01 -1.00e+05
2015 06 17  0420   57190  15600   4.11e-01  1.60e-01  1.04e-01  6.51e-02  5.61e-02  3.80e-02  3.38e+01  1.33e-01 -1.00e+05
2015 06 17  0425   57190  15900   3.32e-01  1.30e-01  1.06e-01  7.36e-02  6.45e-02  4.65e-02  6.08e+00  1.33e-01 -1.00e+05
2015 06 17  0430   57190  16200   8.65e-01  2.29e-01  1.25e-01  9.09e-02  8.19e-02  6.38e-02  8.03e+01  1.33e-01 -1.00e+05
2015 06 17  0435   57190  16500   4.55e-01  2.03e-01  1.79e-01  4.68e-02  3.78e-02  1.97e-02  1.16e+02  1.33e-01 -1.00e+05
2015 06 17  0440   57190  16800   7.86e-01  2.40e-01  8.91e-02  5.49e-02  3.96e-02  1.97e-02  3.92e+01  1.33e-01 -1.00e+05
2015 06 17  0445   57190  17100   6.97e-01  2.64e-01  1.67e-01  1.31e-01  8.20e-02  3.81e-02  2.59e+02  1.33e-01 -1.00e+05
2015 06 17  0450   57190  17400   2.77e-01  1.66e-01  1.42e-01  1.10e-01  9.95e-02  3.94e-02  1.07e+03  1.02e+01 -1.00e+05
2015 06 17  0455   57190  17700   4.07e-01  1.73e-01  1.49e-01  7.92e-02  7.01e-02  2.10e-02  1.04e+03  1.01e+01 -1.00e+05
2015 06 17  0500   57190  18000   1.58e-01  1.25e-01  1.01e-01  4.68e-02  3.78e-02  1.97e-02  1.19e+03  8.68e+00 -1.00e+05
2015 06 17  0505   57190  18300   8.85e-01  3.56e-01  1.64e-01  1.29e-01  1.04e-01  3.94e-02  8.87e+02  4.26e+00 -1.00e+05
2015 06 17  0510   57190  18600   4.92e-01  3.69e-01  1.84e-01  5.87e-02  4.97e-02  3.16e-02  4.85e+02  1.90e+00 -1.00e+05
2015 06 17  0515   57190  18900   3.05e-01  1.45e-01  8.57e-02  4.68e-02  3.78e-02  1.97e-02  4.29e+02  4.86e+00 -1.00e+05
2015 06 17  0520   57190  19200   3.07e-01  1.46e-01  1.22e-01  8.85e-02  6.21e-02  3.90e-02  2.86e+02  6.19e-01 -1.00e+05
2015 06 17  0525   57190  19500   2.05e-01  1.03e-01  7.93e-02  4.68e-02  3.78e-02  1.97e-02  1.41e+02  1.90e+00 -1.00e+05
2015 06 17  0530   57190  19800   6.84e-01  2.86e-01  1.82e-01  6.64e-02  4.60e-02  2.13e-02  3.39e+01  1.33e-01 -1.00e+05
2015 06 17  0535   57190  20100   4.41e-01  3.63e-01  1.51e-01  4.68e-02  3.78e-02  1.97e-02  1.29e+01  1.06e+00 -1.00e+05
2015 06 17  0540   57190  20400   2.84e-01  2.13e-01  1.29e-01  8.50e-02  6.96e-02  2.93e-02  7.00e+00  1.33e-01 -1.00e+05
2015 06 17  0545   57190  20700   3.66e-01  1.90e-01  1.66e-01  1.33e-01  1.24e-01  4.75e-02  5.49e+00  1.33e-01 -1.00e+05
2015 06 17  0550   57190  21000   4.13e-01  2.43e-01  1.92e-01  7.27e-02  5.23e-02  2.33e-02  3.26e+00  1.33e-01 -1.00e+05
2015 06 17  0555   57190  21300   2.49e-01  1.44e-01  1.20e-01  6.65e-02  4.76e-02  2.66e-02  4.42e+00  1.33e-01 -1.00e+05
2015 06 17  0600   57190  21600   4.79e-01  1.03e-01  7.93e-02  4.68e-02  3.78e-02  1.97e-02  3.02e+01  1.33e-01 -1.00e+05
2015 06 17  0605   57190  21900   1.53e-01  1.20e-01  9.62e-02  6.37e-02  5.46e-02  3.66e-02  4.69e+01  1.33e-01 -1.00e+05
2015 06 17  0610   57190  22200   4.94e-01  3.11e-01  2.03e-01  5.49e-02  3.96e-02  1.97e-02  1.81e+01  5.80e-01 -1.00e+05
2015 06 17  0615   57190  22500   3.79e-01  2.48e-01  2.25e-01  1.02e-01  8.62e-02  6.63e-02  2.50e+00  1.33e-01 -1.00e+05
2015 06 17  0620   57190  22800   8.07e-01  2.32e-01  8.07e-02  4.68e-02  3.78e-02  1.97e-02  3.35e+00  1.33e-01 -1.00e+05
2015 06 17  0625   57190  23100   4.05e-01  1.45e-01  1.21e-01  8.77e-02  4.70e-02  1.97e-02  2.94e+00  1.33e-01 -1.00e+05
2015 06 17  0630   57190  23400   3.22e-01  1.54e-01  1.30e-01  7.46e-02  4.40e-02  1.97e-02  1.88e+01  1.33e-01 -1.00e+05
2015 06 17  0635   57190  23700   4.62e-01  1.03e-01  7.93e-02  4.68e-02  3.78e-02  1.97e-02  2.66e+03  3.40e+01 -1.00e+05
2015 06 17  0640   57190  24000   1.04e+00  1.81e-01  1.23e-01  8.38e-02  6.30e-02  4.15e-02  8.57e+03  1.45e+02 -1.00e+05
2015 06 17  0645   57190  24300   1.65e+00  2.15e-01  1.91e-01  1.56e-01  8.35e-02  2.93e-02  1.41e+04  3.26e+02 -1.00e+05
2015 06 17  0650   57190  24600   1.79e+00  1.32e-01  1.09e-01  7.61e-02  6.70e-02  4.89e-02  1.63e+04  3.68e+02 -1.00e+05
2015 06 17  0655   57190  24900   3.38e+00  2.02e-01  9.45e-02  4.68e-02  3.78e-02  1.97e-02  1.79e+04  4.65e+02 -1.00e+05
2015 06 17  0700   57190  25200   2.38e+00  1.54e-01  1.30e-01  6.37e-02  5.46e-02  3.66e-02  1.94e+04  5.40e+02 -1.00e+05
2015 06 17  0705   57190  25500   5.35e+00  4.24e-01  2.02e-01  4.68e-02  3.78e-02  1.97e-02  2.11e+04  6.22e+02 -1.00e+05
2015 06 17  0710   57190  25800   2.97e+00  1.25e-01  1.01e-01  4.68e-02  3.78e-02  1.97e-02  2.08e+04  6.37e+02 -1.00e+05
2015 06 17  0715   57190  26100   2.65e+00  1.32e-01  1.09e-01  7.61e-02  6.70e-02  4.89e-02  1.86e+04  5.68e+02 -1.00e+05
2015 06 17  0720   57190  26400   2.52e+00  1.25e-01  1.01e-01  6.80e-02  4.25e-02  1.97e-02  2.09e+04  6.63e+02 -1.00e+05
2015 06 17  0725   57190  26700   2.10e+00  1.49e-01  1.26e-01  9.27e-02  7.46e-02  5.39e-02  1.83e+04  5.45e+02 -1.00e+05
2015 06 17  0730   57190  27000   1.57e+00  1.35e-01  1.11e-01  7.85e-02  6.95e-02  5.14e-02  1.36e+04  3.72e+02 -1.00e+05
2015 06 17  0735   57190  27300   1.83e+00  1.18e-01  9.44e-02  6.15e-02  4.11e-02  1.97e-02  1.45e+04  4.01e+02 -1.00e+05
2015 06 17  0740   57190  27600   4.19e+00  2.10e-01  8.08e-02  4.68e-02  3.78e-02  1.97e-02  1.74e+04  5.06e+02 -1.00e+05
2015 06 17  0745   57190  27900   4.75e+00  2.57e-01  1.16e-01  6.67e-02  5.76e-02  3.95e-02  1.94e+04  5.67e+02 -1.00e+05
2015 06 17  0750   57190  28200   5.52e+00  2.44e-01  1.19e-01  8.45e-02  6.15e-02  3.41e-02  1.81e+04  5.07e+02 -1.00e+05
2015 06 17  0755   57190  28500   1.90e+00  1.52e-01  1.28e-01  9.57e-02  8.66e-02  3.54e-02  1.45e+04  3.83e+02 -1.00e+05
2015 06 17  0800   57190  28800   1.64e+00  2.03e-01  1.79e-01  4.68e-02  3.78e-02  1.97e-02  1.51e+04  3.66e+02 -1.00e+05
2015 06 17  0805   57190  29100   1.54e+00  1.03e-01  7.93e-02  4.68e-02  3.78e-02  1.97e-02  1.26e+04  2.80e+02 -1.00e+05
2015 06 17  0810   57190  29400   1.49e+00  1.05e-01  8.13e-02  4.88e-02  3.97e-02  2.17e-02  9.01e+03  1.62e+02 -1.00e+05
2015 06 17  0815   57190  29700   1.37e+00  2.63e-01  2.39e-01  1.12e-01  7.90e-02  5.39e-02  6.80e+03  9.03e+01 -1.00e+05
2015 06 17  0820   57190  30000   1.36e+00  1.99e-01  1.75e-01  1.42e-01  1.33e-01  6.01e-02  8.06e+03  1.01e+02 -1.00e+05
2015 06 17  0825   57190  30300   2.82e+00  1.86e-01  8.09e-02  4.68e-02  3.78e-02  1.97e-02  1.97e+04  4.10e+02 -1.00e+05
2015 06 17  0830   57190  30600   1.57e+00  1.15e-01  9.12e-02  5.87e-02  4.97e-02  3.16e-02  1.70e+04  2.89e+02 -1.00e+05
2015 06 17  0835   57190  30900   1.36e+00  2.10e-01  1.86e-01  1.52e-01  1.15e-01  4.75e-02  1.17e+04  1.44e+02 -1.00e+05
2015 06 17  0840   57190  31200   1.45e+00  1.40e-01  1.16e-01  8.26e-02  4.74e-02  2.17e-02  1.48e+04  2.21e+02 -1.00e+05
2015 06 17  0845   57190  31500   1.43e+00  1.03e-01  7.93e-02  4.68e-02  3.78e-02  1.97e-02  2.11e+04  3.83e+02 -1.00e+05
2015 06 17  0850   57190  31800   1.02e+00  1.03e-01  7.93e-02  4.68e-02  3.78e-02  1.97e-02  1.26e+04  1.59e+02 -1.00e+05
2015 06 17  0855   57190  32100   8.76e-01  2.05e-01  1.81e-01  4.88e-02  3.97e-02  2.17e-02  6.92e+03  5.74e+01 -1.00e+05
2015 06 17  0900   57190  32400   6.20e-01  1.10e-01  8.62e-02  5.38e-02  4.47e-02  2.66e-02  2.72e+03  2.48e+01 -1.00e+05
2015 06 17  0905   57190  32700   6.39e-01  1.22e-01  9.86e-02  6.62e-02  5.71e-02  3.90e-02  4.56e+02  5.49e+00 -1.00e+05
2015 06 17  0910   57190  33000   9.05e-01  1.39e-01  1.15e-01  8.24e-02  7.33e-02  2.10e-02  2.92e+03  2.37e+01 -1.00e+05
2015 06 17  0915   57190  33300   1.21e+00  3.04e-01  1.70e-01  1.36e-01  1.27e-01  7.99e-02  1.41e+03  1.12e+01 -1.00e+05
2015 06 17  0920   57190  33600   5.40e-01  1.03e-01  7.93e-02  4.68e-02  3.78e-02  1.97e-02  1.56e+02  2.56e+00 -1.00e+05
2015 06 17  0925   57190  33900   4.37e-01  1.03e-01  7.93e-02  4.68e-02  3.78e-02  1.97e-02  1.51e+02  2.41e+00 -1.00e+05
2015 06 17  0930   57190  34200   7.51e-01  2.21e-01  1.63e-01  6.12e-02  5.21e-02  3.41e-02  9.31e+02  1.03e+01 -1.00e+05
2015 06 17  0935   57190  34500   9.66e-01  1.21e-01  9.76e-02  6.47e-02  4.52e-02  2.42e-02  4.27e+03  5.49e+01 -1.00e+05
2015 06 17  0940   57190  34800   1.11e+00  1.83e-01  1.27e-01  8.79e-02  4.97e-02  2.13e-02  3.97e+03  4.76e+01 -1.00e+05
2015 06 17  0945   57190  35100   8.01e-01  1.03e-01  7.93e-02  4.68e-02  3.78e-02  1.97e-02  2.82e+03  3.90e+01 -1.00e+05
2015 06 17  0950   57190  35400   5.45e-01  1.03e-01  7.93e-02  4.68e-02  3.78e-02  1.97e-02  2.95e+02  4.48e+00 -1.00e+05
2015 06 17  0955   57190  35700   6.20e-01  1.08e-01  8.38e-02  5.13e-02  4.22e-02  2.42e-02  4.93e+02  9.35e+00 -1.00e+05
2015 06 17  1000   57190  36000   1.06e+00  2.17e-01  1.93e-01  6.37e-02  5.46e-02  3.66e-02  1.33e+03  1.92e+01 -1.00e+05
2015 06 17  1005   57190  36300   6.16e-01  1.45e-01  1.21e-01  8.77e-02  4.70e-02  1.97e-02  3.71e+02  6.51e+00 -1.00e+05
2015 06 17  1010   57190  36600   5.47e+00  3.37e-01  2.29e-01  6.80e-02  4.25e-02  1.97e-02  2.82e+03  5.50e+01 -1.00e+05
2015 06 17  1015   57190  36900   7.76e+00  2.21e-01  1.09e-01  7.49e-02  6.46e-02  2.10e-02  7.87e+03  1.59e+02 -1.00e+05
2015 06 17  1020   57190  37200   5.71e+00  1.67e-01  1.43e-01  6.62e-02  5.71e-02  3.90e-02  1.03e+04  2.21e+02 -1.00e+05
2015 06 17  1025   57190  37500   3.19e+00  2.40e-01  8.91e-02  5.49e-02  3.96e-02  1.97e-02  3.45e+03  5.68e+01 -1.00e+05
2015 06 17  1030   57190  37800   1.61e+00  2.42e-01  1.20e-01  8.55e-02  6.00e-02  2.53e-02  7.14e+02  1.44e+01 -1.00e+05
2015 06 17  1035   57190  38100   1.31e+00  1.03e-01  7.93e-02  4.68e-02  3.78e-02  1.97e-02  2.45e+03  4.84e+01 -1.00e+05
2015 06 17  1040   57190  38400   2.39e+00  1.23e-01  9.89e-02  6.62e-02  5.08e-02  2.33e-02  5.45e+03  9.88e+01 -1.00e+05
2015 06 17  1045   57190  38700   5.42e+00  2.40e-01  8.91e-02  5.49e-02  3.96e-02  1.97e-02  8.33e+03  1.68e+02 -1.00e+05
2015 06 17  1050   57190  39000   2.07e+00  1.65e-01  1.33e-01  9.93e-02  9.03e-02  4.97e-02  6.09e+03  1.10e+02 -1.00e+05
2015 06 17  1055   57190  39300   1.57e+00  1.25e-01  1.01e-01  4.68e-02  3.78e-02  1.97e-02  7.15e+03  1.11e+02 -1.00e+05
2015 06 17  1100   57190  39600   2.26e+00  1.42e-01  1.19e-01  6.86e-02  5.96e-02  4.15e-02  8.38e+03  1.46e+02 -1.00e+05
2015 06 17  1105   57190  39900   1.91e+00  1.50e-01  1.26e-01  9.24e-02  5.67e-02  2.33e-02  1.06e+04  1.72e+02 -1.00e+05
2015 06 17  1110   57190  40200   1.52e+00  1.05e-01  8.09e-02  4.84e-02  3.81e-02  1.97e-02  9.21e+03  1.51e+02 -1.00e+05
2015 06 17  1115   57190  40500   2.08e+00  2.01e-01  9.60e-02  6.15e-02  4.11e-02  1.97e-02  8.27e+03  1.12e+02 -1.00e+05
2015 06 17  1120   57190  40800   2.90e+00  2.85e-01  1.25e-01  9.12e-02  7.59e-02  3.14e-02  9.54e+03  1.56e+02 -1.00e+05
2015 06 17  1125   57190  41100   1.25e+00  1.34e-01  1.10e-01  5.49e-02  3.96e-02  1.97e-02  1.32e+04  2.71e+02 -1.00e+05
2015 06 17  1130   57190  41400   2.62e+00  2.65e-01  1.59e-01  1.10e-01  6.99e-02  4.65e-02  1.63e+04  4.24e+02 -1.00e+05
2015 06 17  1135   57190  41700   1.86e+00  2.42e-01  2.18e-01  9.26e-02  5.19e-02  2.13e-02  1.82e+04  4.82e+02 -1.00e+05
2015 06 17  1140   57190  42000   1.71e+00  1.03e-01  7.93e-02  4.68e-02  3.78e-02  1.97e-02  1.64e+04  4.29e+02 -1.00e+05
2015 06 17  1145   57190  42300   1.76e+00  1.25e-01  1.01e-01  4.68e-02  3.78e-02  1.97e-02  1.45e+04  3.72e+02 -1.00e+05
2015 06 17  1150   57190  42600   2.62e+00  1.95e-01  9.03e-02  5.63e-02  4.72e-02  2.91e-02  1.54e+04  3.89e+02 -1.00e+05
2015 06 17  1155   57190  42900   2.15e+00  2.26e-01  1.42e-01  9.81e-02  7.26e-02  2.93e-02  1.73e+04  4.46e+02 -1.00e+05
2015 06 17  1200   57190  43200   1.79e+00  2.35e-01  2.11e-01  7.73e-02  4.31e-02  1.97e-02  1.96e+04  5.78e+02 -1.00e+05
2015 06 17  1205   57190  43500   1.89e+00  2.24e-01  2.00e-01  7.79e-02  6.67e-02  4.80e-02  2.38e+04  8.17e+02 -1.00e+05
2015 06 17  1210   57190  43800   2.13e+00  1.45e-01  8.57e-02  4.68e-02  3.78e-02  1.97e-02  2.27e+04  7.62e+02 -1.00e+05
2015 06 17  1215   57190  44100   2.80e+00  2.31e-01  1.03e-01  6.86e-02  5.96e-02  4.15e-02  1.97e+04  6.19e+02 -1.00e+05
2015 06 17  1220   57190  44400   1.53e+00  2.36e-01  2.12e-01  1.13e-01  9.25e-02  6.78e-02  1.81e+04  5.32e+02 -1.00e+05
2015 06 17  1225   57190  44700   2.36e+00  2.31e-01  1.03e-01  6.86e-02  5.96e-02  4.15e-02  1.81e+04  5.31e+02 -1.00e+05
2015 06 17  1230   57190  45000   1.47e+00  1.25e-01  1.01e-01  4.68e-02  3.78e-02  1.97e-02  1.79e+04  4.52e+02 -1.00e+05
2015 06 17  1235   57190  45300   1.35e+00  2.07e-01  1.83e-01  9.57e-02  8.66e-02  3.54e-02  1.73e+04  3.92e+02 -1.00e+05
2015 06 17  1240   57190  45600   1.12e+00  2.17e-01  1.93e-01  1.60e-01  1.37e-01  5.83e-02  1.83e+04  4.66e+02 -1.00e+05
2015 06 17  1245   57190  45900   1.23e+00  1.64e-01  1.40e-01  1.08e-01  9.89e-02  6.09e-02  1.78e+04  4.47e+02 -1.00e+05
2015 06 17  1250   57190  46200   1.24e+00  1.40e-01  1.17e-01  6.62e-02  5.71e-02  3.90e-02  1.37e+04  2.96e+02 -1.00e+05
2015 06 17  1255   57190  46500   1.13e+00  2.25e-01  2.01e-01  7.66e-02  5.37e-02  3.16e-02  1.52e+04  3.59e+02 -1.00e+05
2015 06 17  1300   57190  46800   1.37e+00  1.37e-01  1.13e-01  7.89e-02  4.31e-02  1.97e-02  1.73e+04  4.75e+02 -1.00e+05
2015 06 17  1305   57190  47100   9.93e-01  1.52e-01  1.28e-01  5.18e-02  4.27e-02  2.13e-02  1.49e+04  3.73e+02 -1.00e+05
2015 06 17  1310   57190  47400   8.48e-01  1.03e-01  7.93e-02  4.68e-02  3.78e-02  1.97e-02  1.42e+04  3.27e+02 -1.00e+05
2015 06 17  1315   57190  47700   1.84e+00  2.48e-01  1.43e-01  9.59e-02  8.68e-02  6.87e-02  1.43e+04  3.54e+02 -1.00e+05
2015 06 17  1320   57190  48000   1.38e+00  2.53e-01  2.29e-01  9.68e-02  5.50e-02  3.16e-02  1.63e+04  4.58e+02 -1.00e+05
2015 06 17  1325   57190  48300   1.35e+00  1.21e-01  9.68e-02  6.43e-02  5.53e-02  2.53e-02  1.73e+04  5.31e+02 -1.00e+05
2015 06 17  1330   57190  48600   1.33e+00  1.18e-01  9.37e-02  6.12e-02  5.21e-02  3.41e-02  1.73e+04  5.29e+02 -1.00e+05
2015 06 17  1335   57190  48900   1.42e+00  1.77e-01  1.53e-01  7.61e-02  6.70e-02  4.89e-02  1.90e+04  6.12e+02 -1.00e+05
2015 06 17  1340   57190  49200   1.35e+00  1.03e-01  7.93e-02  4.68e-02  3.78e-02  1.97e-02  2.04e+04  6.86e+02 -1.00e+05
2015 06 17  1345   57190  49500   1.17e+00  1.03e-01  7.93e-02  4.68e-02  3.78e-02  1.97e-02  2.22e+04  7.32e+02 -1.00e+05
2015 06 17  1350   57190  49800   1.23e+00  1.35e-01  1.11e-01  5.87e-02  4.97e-02  3.16e-02  2.05e+04  7.18e+02 -1.00e+05
2015 06 17  1355   57190  50100   1.43e+00  1.96e-01  1.72e-01  1.40e-01  1.31e-01  5.95e-02  1.75e+04  7.62e+02 -1.00e+05
2015 06 17  1400   57190  50400   1.07e+00  1.44e-01  1.20e-01  4.84e-02  3.81e-02  1.97e-02  2.06e+04  8.36e+02 -1.00e+05
2015 06 17  1405   57190  50700   1.35e+00  1.05e-01  8.09e-02  4.84e-02  3.81e-02  1.97e-02  2.01e+04  8.51e+02 -1.00e+05
2015 06 17  1410   57190  51000   1.80e+00  2.15e-01  1.91e-01  6.12e-02  5.21e-02  3.41e-02  2.11e+04  8.35e+02 -1.00e+05
2015 06 17  1415   57190  51300   2.13e+00  2.47e-01  2.23e-01  8.11e-02  4.55e-02  1.97e-02  2.24e+04  8.80e+02 -1.00e+05
2015 06 17  1420   57190  51600   1.97e+00  1.05e-01  8.09e-02  4.84e-02  3.81e-02  1.97e-02  2.44e+04  9.83e+02 -1.00e+05
2015 06 17  1425   57190  51900   2.41e+00  1.81e-01  1.57e-01  8.31e-02  7.41e-02  3.14e-02  2.73e+04  1.07e+03 -1.00e+05
2015 06 17  1430   57190  52200   3.40e+00  2.47e-01  1.87e-01  4.88e-02  3.97e-02  2.17e-02  3.04e+04  1.27e+03 -1.00e+05
2015 06 17  1435   57190  52500   2.55e+00  1.25e-01  1.01e-01  6.80e-02  4.25e-02  1.97e-02  3.18e+04  1.32e+03 -1.00e+05
2015 06 17  1440   57190  52800   3.32e+00  1.29e-01  1.05e-01  7.19e-02  5.45e-02  3.41e-02  3.27e+04  1.56e+03 -1.00e+05
2015 06 17  1445   57190  53100   3.53e+00  1.64e-01  1.40e-01  9.59e-02  8.68e-02  6.87e-02  3.55e+04  1.63e+03 -1.00e+05
2015 06 17  1450   57190  53400   4.38e+00  2.03e-01  1.79e-01  4.68e-02  3.78e-02  1.97e-02  3.82e+04  1.78e+03 -1.00e+05
2015 06 17  1455   57190  53700   4.76e+00  1.03e-01  7.93e-02  4.68e-02  3.78e-02  1.97e-02  3.81e+04  1.77e+03 -1.00e+05
2015 06 17  1500   57190  54000   4.75e+00  1.71e-01  1.47e-01  1.14e-01  1.05e-01  4.14e-02  3.79e+04  1.75e+03 -1.00e+05
2015 06 17  1505   57190  54300   4.96e+00  1.38e-01  1.14e-01  4.68e-02  3.78e-02  1.97e-02  3.82e+04  1.71e+03 -1.00e+05
2015 06 17  1510   57190  54600   4.42e+00  1.38e-01  1.14e-01  4.68e-02  3.78e-02  1.97e-02  4.02e+04  1.86e+03 -1.00e+05
2015 06 17  1515   57190  54900   3.71e+00  1.35e-01  1.11e-01  7.85e-02  6.95e-02  5.14e-02  4.21e+04  1.94e+03 -1.00e+05
2015 06 17  1520   57190  55200   5.05e+00  2.15e-01  1.59e-01  1.20e-01  8.83e-02  6.38e-02  4.66e+04  2.33e+03 -1.00e+05
2015 06 17  1525   57190  55500   3.68e+00  1.03e-01  7.93e-02  4.68e-02  3.78e-02  1.97e-02  4.90e+04  2.57e+03 -1.00e+05
2015 06 17  1530   57190  55800   6.39e+00  3.84e-01  2.30e-01  7.46e-02  4.40e-02  1.97e-02  4.89e+04  2.54e+03 -1.00e+05
2015 06 17  1535   57190  56100   3.72e+00  2.15e-01  1.92e-01  6.15e-02  4.11e-02  1.97e-02  4.91e+04  2.59e+03 -1.00e+05
2015 06 17  1540   57190  56400   4.91e+00  1.67e-01  1.08e-01  4.68e-02  3.78e-02  1.97e-02  4.81e+04  2.58e+03 -1.00e+05
2015 06 17  1545   57190  56700   3.98e+00  1.91e-01  1.67e-01  1.21e-01  9.06e-02  6.63e-02  4.93e+04  2.77e+03 -1.00e+05
2015 06 17  1550   57190  57000   3.78e+00  1.32e-01  1.09e-01  7.61e-02  6.70e-02  4.89e-02  4.88e+04  2.80e+03 -1.00e+05
2015 06 17  1555   57190  57300   4.53e+00  1.61e-01  1.02e-01  6.29e-02  4.29e-02  2.17e-02  4.45e+04  2.38e+03 -1.00e+05
2015 06 17  1600   57190  57600   3.99e+00  1.18e-01  9.44e-02  6.15e-02  4.11e-02  1.97e-02  4.07e+04  2.13e+03 -1.00e+05
2015 06 17  1605   57190  57900   4.58e+00  2.28e-01  1.71e-01  7.85e-02  6.95e-02  5.14e-02  3.75e+04  1.89e+03 -1.00e+05
2015 06 17  1610   57190  58200   3.30e+00  1.03e-01  7.93e-02  4.68e-02  3.78e-02  1.97e-02  3.23e+04  1.54e+03 -1.00e+05
2015 06 17  1615   57190  58500   4.41e+00  2.02e-01  9.45e-02  4.68e-02  3.78e-02  1.97e-02  2.67e+04  1.14e+03 -1.00e+05
2015 06 17  1620   57190  58800   5.32e+00  2.37e-01  8.07e-02  4.68e-02  3.78e-02  1.97e-02  2.62e+04  1.17e+03 -1.00e+05
2015 06 17  1625   57190  59100  -1.00e+05 -1.00e+05 -1.00e+05 -1.00e+05 -1.00e+05 -1.00e+05 -1.00e+05 -1.00e+05 -1.00e+05
2015 06 17  1630   57190  59400  -1.00e+05 -1.00e+05 -1.00e+05 -1.00e+05 -1.00e+05 -1.00e+05 -1.00e+05 -1.00e+05 -1.00e+05
2015 06 17  1635   57190  59700   4.24e+00  2.31e-01  1.07e-01  7.30e-02  6.39e-02  3.95e-02  2.25e+04  9.66e+02 -1.00e+05
2015 06 17  1640   57190  60000   2.13e+00  1.84e-01  1.60e-01  1.27e-01  1.18e-01  4.69e-02  2.29e+04  9.69e+02 -1.00e+05
2015 06 17  1645   57190  60300   2.04e+00  1.76e-01  1.52e-01  9.99e-02  6.28e-02  3.66e-02  2.33e+04  1.01e+03 -1.00e+05
2015 06 17  1650   57190  60600   2.12e+00  1.65e-01  1.41e-01  1.09e-01  9.95e-02  4.09e-02  2.34e+04  1.05e+03 -1.00e+05
2015 06 17  1655   57190  60900   2.12e+00  1.67e-01  1.43e-01  1.11e-01  9.28e-02  4.87e-02  2.23e+04  9.81e+02 -1.00e+05
2015 06 17  1700   57190  61200   2.73e+00  2.02e-01  9.45e-02  4.68e-02  3.78e-02  1.97e-02  2.18e+04  9.43e+02 -1.00e+05
2015 06 17  1705   57190  61500   2.26e+00  1.86e-01  1.63e-01  1.29e-01  1.04e-01  3.94e-02  2.22e+04  9.73e+02 -1.00e+05
2015 06 17  1710   57190  61800   2.17e+00  2.22e-01  1.99e-01  7.11e-02  6.20e-02  4.40e-02  2.40e+04  1.09e+03 -1.00e+05
2015 06 17  1715   57190  62100   2.07e+00  1.03e-01  7.93e-02  4.68e-02  3.78e-02  1.97e-02  2.36e+04  1.11e+03 -1.00e+05
2015 06 17  1720   57190  62400   3.68e+00  3.57e-01  2.03e-01  4.88e-02  3.97e-02  2.17e-02  2.33e+04  1.06e+03 -1.00e+05
2015 06 17  1725   57190  62700   1.70e+00  1.03e-01  7.93e-02  4.68e-02  3.78e-02  1.97e-02  2.30e+04  1.04e+03 -1.00e+05
2015 06 17  1730   57190  63000   3.07e+00  2.75e-01  1.48e-01  1.14e-01  1.05e-01  4.14e-02  2.46e+04  1.14e+03 -1.00e+05
2015 06 17  1735   57190  63300   2.37e+00  2.38e-01  1.28e-01  8.03e-02  7.12e-02  2.10e-02  2.41e+04  1.14e+03 -1.00e+05
2015 06 17  1740   57190  63600   3.50e+00  3.71e-01  1.60e-01  5.63e-02  4.72e-02  2.91e-02  2.40e+04  1.09e+03 -1.00e+05
2015 06 17  1745   57190  63900   1.80e+00  1.03e-01  7.93e-02  4.68e-02  3.78e-02  1.97e-02  2.37e+04  1.11e+03 -1.00e+05
2015 06 17  1750   57190  64200   1.71e+00  1.27e-01  1.04e-01  7.11e-02  6.20e-02  4.40e-02  2.27e+04  1.04e+03 -1.00e+05
2015 06 17  1755   57190  64500   1.74e+00  1.03e-01  7.93e-02  4.68e-02  3.78e-02  1.97e-02  2.27e+04  1.07e+03 -1.00e+05
2015 06 17  1800   57190  64800   2.96e+00  2.35e-01  1.20e-01  6.82e-02  5.55e-02  3.65e-02  2.11e+04  9.42e+02 -1.00e+05
2015 06 17  1805   57190  65100   1.64e+00  1.37e-01  1.13e-01  8.10e-02  7.19e-02  5.39e-02  2.06e+04  8.97e+02 -1.00e+05
2015 06 17  1810   57190  65400   1.63e+00  2.50e-01  2.26e-01  1.61e-01  9.90e-02  3.34e-02  2.07e+04  9.31e+02 -1.00e+05
2015 06 17  1815   57190  65700   1.43e+00  1.47e-01  1.23e-01  9.09e-02  8.07e-02  3.34e-02  2.04e+04  9.12e+02 -1.00e+05
2015 06 17  1820   57190  66000   2.45e+00  1.86e-01  8.09e-02  4.68e-02  3.78e-02  1.97e-02  1.97e+04  8.71e+02 -1.00e+05
2015 06 17  1825   57190  66300   1.84e+00  1.47e-01  9.69e-02  5.96e-02  4.93e-02  2.33e-02  1.96e+04  8.58e+02 -1.00e+05
2015 06 17  1830   57190  66600   1.20e+00  1.03e-01  7.93e-02  4.68e-02  3.78e-02  1.97e-02  1.92e+04  8.35e+02 -1.00e+05
2015 06 17  1835   57190  66900   9.29e-01  1.41e-01  1.17e-01  8.38e-02  6.30e-02  4.15e-02  1.93e+04  8.40e+02 -1.00e+05
2015 06 17  1840   57190  67200   1.22e+00  1.67e-01  1.43e-01  1.10e-01  9.47e-02  3.74e-02  1.94e+04  8.41e+02 -1.00e+05
2015 06 17  1845   57190  67500   1.25e+00  1.42e-01  1.19e-01  8.43e-02  4.31e-02  1.97e-02  1.89e+04  8.21e+02 -1.00e+05
2015 06 17  1850   57190  67800   1.03e+00  1.40e-01  1.17e-01  6.15e-02  4.11e-02  1.97e-02  1.83e+04  7.72e+02 -1.00e+05
2015 06 17  1855   57190  68100   1.05e+00  1.76e-01  1.52e-01  9.99e-02  6.28e-02  3.66e-02  1.78e+04  7.52e+02 -1.00e+05
2015 06 17  1900   57190  68400   1.18e+00  1.03e-01  7.93e-02  4.68e-02  3.78e-02  1.97e-02  1.75e+04  7.17e+02 -1.00e+05
2015 06 17  1905   57190  68700   9.46e-01  1.05e-01  8.09e-02  4.84e-02  3.81e-02  1.97e-02  1.73e+04  7.12e+02 -1.00e+05
2015 06 17  1910   57190  69000   8.41e-01  1.38e-01  1.14e-01  4.68e-02  3.78e-02  1.97e-02  1.72e+04  7.14e+02 -1.00e+05
2015 06 17  1915   57190  69300   8.26e-01  1.67e-01  1.43e-01  1.10e-01  8.57e-02  3.67e-02  1.73e+04  7.17e+02 -1.00e+05
2015 06 17  1920   57190  69600   1.05e+00  2.76e-01  2.52e-01  7.13e-02  4.33e-02  1.97e-02  1.70e+04  6.82e+02 -1.00e+05
2015 06 17  1925   57190  69900   1.06e+00  1.47e-01  8.73e-02  4.84e-02  3.81e-02  1.97e-02  1.72e+04  6.99e+02 -1.00e+05
2015 06 17  1930   57190  70200   1.23e+00  3.44e-01  2.37e-01  9.03e-02  6.44e-02  4.15e-02  1.70e+04  6.76e+02 -1.00e+05
2015 06 17  1935   57190  70500   7.68e-01  1.03e-01  7.93e-02  4.68e-02  3.78e-02  1.97e-02  1.64e+04  6.56e+02 -1.00e+05
2015 06 17  1940   57190  70800   8.91e-01  2.03e-01  1.79e-01  4.68e-02  3.78e-02  1.97e-02  1.60e+04  6.36e+02 -1.00e+05
2015 06 17  1945   57190  71100   1.01e+00  2.03e-01  1.79e-01  4.68e-02  3.78e-02  1.97e-02  1.53e+04  6.12e+02 -1.00e+05
2015 06 17  1950   57190  71400   9.97e-01  1.67e-01  1.43e-01  6.71e-02  5.80e-02  3.60e-02  1.52e+04  5.90e+02 -1.00e+05
2015 06 17  1955   57190  71700   1.25e+00  2.43e-01  1.26e-01  9.18e-02  8.27e-02  4.55e-02  1.50e+04  5.86e+02 -1.00e+05
2015 06 17  2000   57190  72000   1.42e+00  1.86e-01  8.09e-02  4.68e-02  3.78e-02  1.97e-02  1.50e+04  5.75e+02 -1.00e+05
2015 06 17  2005   57190  72300   9.29e-01  1.74e-01  1.50e-01  7.82e-02  6.91e-02  3.45e-02  1.43e+04  5.47e+02 -1.00e+05
2015 06 17  2010   57190  72600   9.11e-01  1.40e-01  1.16e-01  8.38e-02  7.47e-02  5.65e-02  1.36e+04  5.01e+02 -1.00e+05
2015 06 17  2015   57190  72900   8.97e-01  1.10e-01  8.62e-02  5.38e-02  4.47e-02  2.66e-02  1.36e+04  4.96e+02 -1.00e+05
2015 06 17  2020   57190  73200   8.92e-01  1.10e-01  8.62e-02  5.38e-02  4.47e-02  2.66e-02  1.40e+04  5.06e+02 -1.00e+05
2015 06 17  2025   57190  73500   1.97e+00  2.19e-01  1.15e-01  8.10e-02  7.19e-02  5.39e-02  1.39e+04  5.19e+02 -1.00e+05
2015 06 17  2030   57190  73800   8.67e-01  1.30e-01  1.06e-01  7.33e-02  6.42e-02  3.80e-02  1.39e+04  5.04e+02 -1.00e+05
2015 06 17  2035   57190  74100   1.26e+00  3.63e-01  1.51e-01  4.68e-02  3.78e-02  1.97e-02  1.39e+04  5.09e+02 -1.00e+05
2015 06 17  2040   57190  74400   9.59e-01  1.22e-01  9.84e-02  6.59e-02  5.56e-02  2.53e-02  1.39e+04  5.05e+02 -1.00e+05
2015 06 17  2045   57190  74700   8.68e-01  1.65e-01  1.41e-01  1.08e-01  7.99e-02  5.64e-02  1.40e+04  5.17e+02 -1.00e+05
2015 06 17  2050   57190  75000   5.72e-01  1.03e-01  7.93e-02  4.68e-02  3.78e-02  1.97e-02  1.41e+04  5.16e+02 -1.00e+05
2015 06 17  2055   57190  75300   1.53e+00  2.67e-01  1.45e-01  1.10e-01  7.77e-02  4.18e-02  1.33e+04  4.81e+02 -1.00e+05
2015 06 17  2100   57190  75600   1.22e+00  1.58e-01  1.34e-01  1.02e-01  9.29e-02  3.74e-02  1.32e+04  4.78e+02 -1.00e+05
2015 06 17  2105   57190  75900   1.08e+00  1.53e-01  1.29e-01  9.68e-02  8.78e-02  6.23e-02  1.27e+04  4.41e+02 -1.00e+05
2015 06 17  2110   57190  76200   1.10e+00  2.18e-01  1.72e-01  6.43e-02  5.53e-02  2.53e-02  1.26e+04  4.29e+02 -1.00e+05
2015 06 17  2115   57190  76500   7.60e-01  1.03e-01  7.93e-02  4.68e-02  3.78e-02  1.97e-02  1.26e+04  4.35e+02 -1.00e+05
2015 06 17  2120   57190  76800   8.94e-01  1.03e-01  7.93e-02  4.68e-02  3.78e-02  1.97e-02  1.23e+04  4.32e+02 -1.00e+05
2015 06 17  2125   57190  77100   9.92e-01  1.58e-01  1.34e-01  4.68e-02  3.78e-02  1.97e-02  1.19e+04  3.99e+02 -1.00e+05
2015 06 17  2130   57190  77400   1.01e+00  1.38e-01  1.14e-01  4.68e-02  3.78e-02  1.97e-02  1.13e+04  3.69e+02 -1.00e+05
2015 06 17  2135   57190  77700   9.93e-01  1.12e-01  8.77e-02  5.49e-02  3.96e-02  1.97e-02  1.10e+04  3.52e+02 -1.00e+05
2015 06 17  2140   57190  78000   1.06e+00  1.97e-01  1.73e-01  1.40e-01  1.15e-01  5.94e-02  1.09e+04  3.42e+02 -1.00e+05
2015 06 17  2145   57190  78300   8.67e-01  1.58e-01  1.34e-01  1.01e-01  7.05e-02  2.10e-02  1.11e+04  3.62e+02 -1.00e+05
2015 06 17  2150   57190  78600   1.56e+00  2.57e-01  1.08e-01  4.68e-02  3.78e-02  1.97e-02  1.10e+04  3.61e+02 -1.00e+05
2015 06 17  2155   57190  78900   9.32e-01  2.12e-01  1.88e-01  6.03e-02  5.12e-02  3.21e-02  1.10e+04  3.53e+02 -1.00e+05
2015 06 17  2200   57190  79200   9.89e-01  1.16e-01  9.26e-02  5.99e-02  4.61e-02  2.66e-02  1.10e+04  3.60e+02 -1.00e+05
2015 06 17  2205   57190  79500   1.15e+00  1.05e-01  8.09e-02  4.84e-02  3.81e-02  1.97e-02  1.11e+04  3.67e+02 -1.00e+05
2015 06 17  2210   57190  79800   1.26e+00  1.77e-01  1.53e-01  8.94e-02  8.03e-02  3.34e-02  1.17e+04  3.95e+02 -1.00e+05
2015 06 17  2215   57190  80100   1.41e+00  2.02e-01  9.45e-02  4.68e-02  3.78e-02  1.97e-02  1.12e+04  3.67e+02 -1.00e+05
2015 06 17  2220   57190  80400   9.76e-01  1.45e-01  8.57e-02  4.68e-02  3.78e-02  1.97e-02  1.10e+04  3.53e+02 -1.00e+05
2015 06 17  2225   57190  80700   1.16e+00  1.03e-01  7.93e-02  4.68e-02  3.78e-02  1.97e-02  1.10e+04  3.57e+02 -1.00e+05
2015 06 17  2230   57190  81000   1.33e+00  1.21e-01  9.68e-02  6.43e-02  5.53e-02  2.53e-02  1.09e+04  3.49e+02 -1.00e+05
2015 06 17  2235   57190  81300   1.24e+00  1.73e-01  1.49e-01  1.16e-01  1.01e-01  3.94e-02  1.04e+04  3.26e+02 -1.00e+05
2015 06 17  2240   57190  81600   1.21e+00  2.25e-01  1.85e-01  1.49e-01  1.40e-01  6.58e-02  1.03e+04  3.33e+02 -1.00e+05
2015 06 17  2245   57190  81900   7.61e-01  1.49e-01  1.25e-01  8.44e-02  7.54e-02  5.73e-02  9.89e+03  3.03e+02 -1.00e+05
2015 06 17  2250   57190  82200   8.58e-01  1.08e-01  8.43e-02  5.18e-02  4.27e-02  2.13e-02  9.49e+03  2.86e+02 -1.00e+05
2015 06 17  2255   57190  82500   8.04e-01  1.04e-01  8.00e-02  4.70e-02  3.81e-02  1.98e-02  9.45e+03  2.81e+02 -1.00e+05
2015 06 17  2300   57190  82800   1.19e+00  1.53e-01  1.28e-01  6.30e-02  5.41e-02  3.59e-02  9.15e+03  2.78e+02 -1.00e+05
2015 06 17  2305   57190  83100   1.03e+00  1.59e-01  1.35e-01  1.01e-01  7.36e-02  2.11e-02  9.26e+03  2.66e+02 -1.00e+05
2015 06 17  2310   57190  83400   9.96e-01  1.28e-01  1.03e-01  7.05e-02  6.16e-02  4.33e-02  8.66e+03  2.63e+02 -1.00e+05
2015 06 17  2315   57190  83700   9.12e-01  1.04e-01  8.00e-02  4.70e-02  3.81e-02  1.98e-02  8.44e+03  2.56e+02 -1.00e+05
2015 06 17  2320   57190  84000   9.27e-01  1.04e-01  8.00e-02  4.70e-02  3.81e-02  1.98e-02  8.37e+03  2.52e+02 -1.00e+05
2015 06 17  2325   57190  84300   1.15e+00  2.22e-01  1.20e-01  7.29e-02  6.40e-02  4.58e-02  8.28e+03  2.33e+02 -1.00e+05
2015 06 17  2330   57190  84600   9.31e-01  1.15e-01  9.13e-02  5.80e-02  4.05e-02  1.98e-02  8.03e+03  2.33e+02 -1.00e+05
2015 06 17  2335   57190  84900   8.27e-01  1.25e-01  1.01e-01  6.80e-02  5.91e-02  4.09e-02  7.94e+03  2.23e+02 -1.00e+05
2015 06 17  2340   57190  85200   9.77e-01  1.49e-01  1.25e-01  9.19e-02  8.30e-02  6.48e-02  7.83e+03  2.30e+02 -1.00e+05
2015 06 17  2345   57190  85500   1.66e+00  3.71e-01  1.91e-01  6.80e-02  5.91e-02  4.09e-02  7.92e+03  2.29e+02 -1.00e+05
2015 06 17  2350   57190  85800   1.24e+00  2.26e-01  1.24e-01  7.67e-02  6.49e-02  4.58e-02  8.05e+03  2.37e+02 -1.00e+05
2015 06 17  2355   57190  86100   6.78e-01  1.21e-01  9.73e-02  4.70e-02  3.81e-02  1.98e-02  8.16e+03  2.46e+02 -1.00e+05
