:Data_list: 20151003_Gs_part_5m.txt
:Created: 2015 Oct 04 0011 UTC
# Prepared by the U.S. Dept. of Commerce, NOAA, Space Weather Prediction Center
# Please send comments and suggestions to SWPC.Webmaster@noaa.gov 
# 
# Label: P > 1 = Particles at >1 Mev
# Label: P > 5 = Particles at >5 Mev
# Label: P >10 = Particles at >10 Mev
# Label: P >30 = Particles at >30 Mev
# Label: P >50 = Particles at >50 Mev
# Label: P>100 = Particles at >100 Mev
# Label: E>0.8 = Electrons at >0.8 Mev
# Label: E>2.0 = Electrons at >2.0 Mev
# Label: E>4.0 = Electrons at >4.0 Mev
# Units: Particles = Protons/cm2-s-sr
# Units: Electrons = Electrons/cm2-s-sr
# Source: GOES-15
# Location: W135
# Missing data: -1.00e+05
#
#                      5-minute  GOES-15 Solar Particle and Electron Flux
#
#                 Modified Seconds
# UTC Date  Time   Julian  of the
# YR MO DA  HHMM    Day     Day     P > 1     P > 5     P >10     P >30     P >50     P>100     E>0.8     E>2.0     E>4.0
#-------------------------------------------------------------------------------------------------------------------------
2015 10 03  0000   57298      0   1.23e+01  4.37e-01  1.56e-01  4.94e-02  3.93e-02  2.02e-02  2.91e+04  1.96e+02 -1.00e+05
2015 10 03  0005   57298    300   1.09e+01  2.99e-01  1.44e-01  9.71e-02  8.70e-02  5.32e-02  2.91e+04  1.88e+02 -1.00e+05
2015 10 03  0010   57298    600   9.65e+00  3.26e-01  1.70e-01  7.33e-02  6.32e-02  2.79e-02  2.86e+04  1.83e+02 -1.00e+05
2015 10 03  0015   57298    900   8.61e+00  2.48e-01  1.35e-01  8.79e-02  7.77e-02  5.86e-02  2.79e+04  1.70e+02 -1.00e+05
2015 10 03  0020   57298   1200   5.09e+00  1.16e-01  9.26e-02  4.94e-02  3.93e-02  2.02e-02  2.86e+04  1.69e+02 -1.00e+05
2015 10 03  0025   57298   1500   4.84e+00  1.16e-01  9.26e-02  4.94e-02  3.93e-02  2.02e-02  2.78e+04  1.66e+02 -1.00e+05
2015 10 03  0030   57298   1800   6.09e+00  1.62e-01  1.03e-01  5.30e-02  4.01e-02  2.02e-02  2.78e+04  1.71e+02 -1.00e+05
2015 10 03  0035   57298   2100   4.91e+00  1.40e-01  1.16e-01  7.30e-02  6.29e-02  4.38e-02  2.86e+04  1.71e+02 -1.00e+05
2015 10 03  0040   57298   2400   4.83e+00  1.27e-01  1.03e-01  5.95e-02  4.16e-02  2.02e-02  2.80e+04  1.62e+02 -1.00e+05
2015 10 03  0045   57298   2700   4.88e+00  2.58e-01  2.34e-01  1.72e-01  1.34e-01  4.80e-02  2.73e+04  1.58e+02 -1.00e+05
2015 10 03  0050   57298   3000   5.31e+00  2.71e-01  2.11e-01  1.27e-01  1.17e-01  5.78e-02  2.73e+04  1.54e+02 -1.00e+05
2015 10 03  0055   57298   3300   7.77e+00  3.22e-01  1.60e-01  1.12e-01  8.12e-02  5.62e-02  2.67e+04  1.41e+02 -1.00e+05
2015 10 03  0100   57298   3600   5.14e+00  1.61e-01  1.03e-01  5.32e-02  4.31e-02  2.40e-02  2.60e+04  1.39e+02 -1.00e+05
2015 10 03  0105   57298   3900   5.59e+00  2.15e-01  1.08e-01  4.94e-02  3.93e-02  2.02e-02  2.49e+04  1.27e+02 -1.00e+05
2015 10 03  0110   57298   4200   3.44e+00  1.34e-01  1.10e-01  6.61e-02  4.30e-02  2.02e-02  2.46e+04  1.27e+02 -1.00e+05
2015 10 03  0115   57298   4500   6.61e+00  3.78e-01  1.93e-01  4.94e-02  3.93e-02  2.02e-02  2.50e+04  1.34e+02 -1.00e+05
2015 10 03  0120   57298   4800   5.39e+00  2.15e-01  1.08e-01  4.94e-02  3.93e-02  2.02e-02  2.59e+04  1.36e+02 -1.00e+05
2015 10 03  0125   57298   5100   5.29e+00  2.32e-01  1.16e-01  6.61e-02  4.30e-02  2.02e-02  2.54e+04  1.33e+02 -1.00e+05
2015 10 03  0130   57298   5400   4.44e+00  2.19e-01  1.55e-01  1.05e-01  9.46e-02  3.79e-02  2.46e+04  1.26e+02 -1.00e+05
2015 10 03  0135   57298   5700   7.03e+00  2.88e-01  9.88e-02  4.94e-02  3.93e-02  2.02e-02  2.33e+04  1.29e+02 -1.00e+05
2015 10 03  0140   57298   6000   4.76e+00  2.20e-01  1.16e-01  5.80e-02  4.54e-02  2.28e-02  2.18e+04  9.89e+01 -1.00e+05
2015 10 03  0145   57298   6300   5.71e+00  3.00e-01  1.37e-01  9.03e-02  8.02e-02  6.11e-02  1.89e+04  7.81e+01 -1.00e+05
2015 10 03  0150   57298   6600   2.86e+00  1.63e-01  1.39e-01  9.60e-02  7.80e-02  3.19e-02  1.78e+04  6.38e+01 -1.00e+05
2015 10 03  0155   57298   6900   2.90e+00  1.16e-01  9.26e-02  4.94e-02  3.93e-02  2.02e-02  1.81e+04  6.70e+01 -1.00e+05
2015 10 03  0200   57298   7200   4.79e+00  2.75e-01  1.35e-01  8.79e-02  6.43e-02  4.13e-02  1.57e+04  5.30e+01 -1.00e+05
2015 10 03  0205   57298   7500   4.33e+00  2.17e-01  1.24e-01  7.66e-02  6.65e-02  2.12e-02  1.51e+04  5.40e+01 -1.00e+05
2015 10 03  0210   57298   7800   4.26e+00  2.25e-01  1.10e-01  6.12e-02  5.16e-02  3.27e-02  1.45e+04  5.19e+01 -1.00e+05
2015 10 03  0215   57298   8100   2.66e+00  1.18e-01  9.41e-02  4.95e-02  3.98e-02  2.01e-02  1.34e+04  4.72e+01 -1.00e+05
2015 10 03  0220   57298   8400   5.05e+00  2.99e-01  1.37e-01  8.72e-02  5.32e-02  2.22e-02  1.31e+04  4.08e+01 -1.00e+05
2015 10 03  0225   57298   8700   2.69e+00  1.35e-01  1.11e-01  6.62e-02  5.66e-02  3.77e-02  1.14e+04  3.47e+01 -1.00e+05
2015 10 03  0230   57298   9000   6.87e+00  6.34e-01  2.61e-01  7.32e-02  4.42e-02  1.98e-02  1.01e+04  3.15e+01 -1.00e+05
2015 10 03  0235   57298   9300   3.61e+00  1.89e-01  1.32e-01  8.11e-02  7.14e-02  5.25e-02  9.66e+03  3.15e+01 -1.00e+05
2015 10 03  0240   57298   9600   5.89e+00  2.70e-01  1.30e-01  8.11e-02  7.14e-02  5.25e-02  9.74e+03  3.60e+01 -1.00e+05
2015 10 03  0245   57298   9900   4.93e+00  2.32e-01  1.18e-01  6.87e-02  5.90e-02  4.01e-02  8.89e+03  3.13e+01 -1.00e+05
2015 10 03  0250   57298  10200   4.73e+00  2.94e-01  1.87e-01  6.37e-02  5.41e-02  3.52e-02  7.93e+03  2.41e+01 -1.00e+05
2015 10 03  0255   57298  10500   7.05e+00  3.10e-01  1.22e-01  7.36e-02  6.40e-02  4.51e-02  7.92e+03  2.52e+01 -1.00e+05
2015 10 03  0300   57298  10800   5.81e+00  2.64e-01  1.23e-01  7.32e-02  4.42e-02  1.98e-02  7.52e+03  2.52e+01 -1.00e+05
2015 10 03  0305   57298  11100   8.00e+00  3.84e-01  1.32e-01  8.35e-02  7.39e-02  5.50e-02  7.63e+03  2.78e+01 -1.00e+05
2015 10 03  0310   57298  11400   4.35e+00  1.64e-01  1.05e-01  5.35e-02  3.98e-02  1.98e-02  8.29e+03  3.20e+01 -1.00e+05
2015 10 03  0315   57298  11700   7.31e+00  5.49e-01  1.76e-01  4.83e-02  3.86e-02  1.98e-02  8.96e+03  3.62e+01 -1.00e+05
2015 10 03  0320   57298  12000   4.73e+00  2.48e-01  1.40e-01  7.97e-02  4.57e-02  1.98e-02  8.71e+03  3.23e+01 -1.00e+05
2015 10 03  0325   57298  12300   2.97e+00  1.74e-01  1.51e-01  1.06e-01  9.63e-02  3.83e-02  8.22e+03  2.67e+01 -1.00e+05
2015 10 03  0330   57298  12600   5.74e+00  4.54e-01  2.57e-01  7.03e-02  6.07e-02  4.18e-02  8.82e+03  2.75e+01 -1.00e+05
2015 10 03  0335   57298  12900   5.43e+00  2.96e-01  1.40e-01  9.10e-02  8.13e-02  4.73e-02  8.86e+03  2.95e+01 -1.00e+05
2015 10 03  0340   57298  13200   6.25e+00  2.98e-01  1.10e-01  6.12e-02  5.16e-02  3.27e-02  8.58e+03  2.74e+01 -1.00e+05
2015 10 03  0345   57298  13500   4.10e+00  2.05e-01  1.46e-01  9.25e-02  4.41e-02  1.98e-02  7.85e+03  2.66e+01 -1.00e+05
2015 10 03  0350   57298  13800   6.50e+00  3.55e-01  1.02e-01  5.38e-02  4.42e-02  2.53e-02  8.53e+03  2.86e+01 -1.00e+05
2015 10 03  0355   57298  14100   5.84e+00  3.29e-01  9.67e-02  4.83e-02  3.86e-02  1.98e-02  8.04e+03  2.62e+01 -1.00e+05
2015 10 03  0400   57298  14400   4.98e+00  2.38e-01  9.71e-02  4.83e-02  3.86e-02  1.98e-02  6.45e+03  2.11e+01 -1.00e+05
2015 10 03  0405   57298  14700   2.66e+00  2.08e-01  1.84e-01  7.86e-02  6.89e-02  5.01e-02  5.85e+03  1.70e+01 -1.00e+05
2015 10 03  0410   57298  15000   6.41e+00  3.89e-01  9.65e-02  4.83e-02  3.86e-02  1.98e-02  5.44e+03  1.84e+01 -1.00e+05
2015 10 03  0415   57298  15300   4.16e+00  2.30e-01  1.23e-01  6.37e-02  5.41e-02  3.52e-02  5.41e+03  1.40e+01 -1.00e+05
2015 10 03  0420   57298  15600   4.85e+00  2.20e-01  1.11e-01  6.20e-02  5.24e-02  2.42e-02  4.79e+03  1.39e+01 -1.00e+05
2015 10 03  0425   57298  15900   5.76e+00  2.54e-01  1.23e-01  7.46e-02  6.49e-02  2.82e-02  4.64e+03  1.13e+01 -1.00e+05
2015 10 03  0430   57298  16200   6.67e+00  3.49e-01  9.67e-02  4.83e-02  3.86e-02  1.98e-02  4.69e+03  1.34e+01 -1.00e+05
2015 10 03  0435   57298  16500   7.00e+00  3.71e-01  1.29e-01  8.08e-02  7.12e-02  3.02e-02  4.68e+03  1.62e+01 -1.00e+05
2015 10 03  0440   57298  16800   3.16e+00  2.62e-01  2.38e-01  4.83e-02  3.86e-02  1.98e-02  5.51e+03  1.71e+01 -1.00e+05
2015 10 03  0445   57298  17100   2.74e+00  1.68e-01  1.44e-01  7.46e-02  6.49e-02  2.82e-02  5.20e+03  1.32e+01 -1.00e+05
2015 10 03  0450   57298  17400   3.31e+00  1.94e-01  1.36e-01  8.37e-02  5.09e-02  2.53e-02  5.31e+03  1.47e+01 -1.00e+05
2015 10 03  0455   57298  17700   6.21e+00  3.89e-01  1.42e-01  9.33e-02  8.37e-02  5.65e-02  5.18e+03  1.24e+01 -1.00e+05
2015 10 03  0500   57298  18000   5.35e+00  2.17e-01  1.05e-01  5.57e-02  4.61e-02  2.22e-02  5.47e+03  1.83e+01 -1.00e+05
2015 10 03  0505   57298  18300   3.07e+00  1.52e-01  1.28e-01  8.35e-02  7.39e-02  5.50e-02  5.21e+03  1.80e+01 -1.00e+05
2015 10 03  0510   57298  18600   3.69e+00  1.58e-01  9.93e-02  4.83e-02  3.86e-02  1.98e-02  4.23e+03  1.72e+01 -1.00e+05
2015 10 03  0515   57298  18900   3.09e+00  1.17e-01  9.29e-02  4.83e-02  3.86e-02  1.98e-02  5.04e+03  1.81e+01 -1.00e+05
2015 10 03  0520   57298  19200   3.07e+00  1.62e-01  1.38e-01  9.34e-02  8.37e-02  3.42e-02  6.05e+03  2.08e+01 -1.00e+05
2015 10 03  0525   57298  19500   6.80e+00  3.29e-01  9.67e-02  4.83e-02  3.86e-02  1.98e-02  7.81e+03  3.28e+01 -1.00e+05
2015 10 03  0530   57298  19800   5.34e+00  4.18e-01  2.35e-01  6.66e-02  4.28e-02  1.98e-02  5.50e+03  1.87e+01 -1.00e+05
2015 10 03  0535   57298  20100   2.94e+00  1.57e-01  1.34e-01  8.73e-02  4.42e-02  1.98e-02  6.21e+03  1.24e+01 -1.00e+05
2015 10 03  0540   57298  20400   5.82e+00  2.46e-01  1.32e-01  8.35e-02  7.39e-02  5.50e-02  6.87e+03  2.11e+01 -1.00e+05
2015 10 03  0545   57298  20700   2.78e+00  1.56e-01  1.32e-01  8.71e-02  7.74e-02  3.22e-02  6.80e+03  1.34e+01 -1.00e+05
2015 10 03  0550   57298  21000   7.42e+00  4.07e-01  1.35e-01  8.48e-02  4.42e-02  1.98e-02  8.25e+03  2.07e+01 -1.00e+05
2015 10 03  0555   57298  21300   6.04e+00  3.28e-01  1.81e-01  5.13e-02  4.17e-02  2.28e-02  6.86e+03  1.60e+01 -1.00e+05
2015 10 03  0600   57298  21600   5.27e+00  2.39e-01  1.26e-01  7.69e-02  6.72e-02  4.84e-02  5.76e+03  1.06e+01 -1.00e+05
2015 10 03  0605   57298  21900   3.27e+00  2.97e-01  2.74e-01  1.23e-01  8.86e-02  4.73e-02  4.89e+03  1.17e+01 -1.00e+05
2015 10 03  0610   57298  22200   5.19e+00  2.75e-01  1.09e-01  6.01e-02  4.13e-02  1.98e-02  7.47e+03  2.36e+01 -1.00e+05
2015 10 03  0615   57298  22500   4.15e+00  2.16e-01  1.14e-01  5.57e-02  4.61e-02  2.22e-02  8.32e+03  2.92e+01 -1.00e+05
2015 10 03  0620   57298  22800   5.95e+00  3.29e-01  9.67e-02  4.83e-02  3.86e-02  1.98e-02  7.82e+03  2.33e+01 -1.00e+05
2015 10 03  0625   57298  23100   6.04e+00  2.85e-01  9.69e-02  4.83e-02  3.86e-02  1.98e-02  6.88e+03  1.89e+01 -1.00e+05
2015 10 03  0630   57298  23400   5.29e+00  4.88e-01  2.52e-01  7.46e-02  6.49e-02  2.82e-02  6.08e+03  1.37e+01 -1.00e+05
2015 10 03  0635   57298  23700   5.36e+00  2.12e-01  9.72e-02  4.83e-02  3.86e-02  1.98e-02  6.55e+03  1.87e+01 -1.00e+05
2015 10 03  0640   57298  24000   6.17e+00  3.11e-01  1.23e-01  7.32e-02  4.42e-02  1.98e-02  7.06e+03  2.17e+01 -1.00e+05
2015 10 03  0645   57298  24300   5.42e+00  2.41e-01  1.00e-01  5.13e-02  4.17e-02  2.28e-02  6.53e+03  1.71e+01 -1.00e+05
2015 10 03  0650   57298  24600   6.23e+00  2.91e-01  1.02e-01  5.38e-02  4.42e-02  2.53e-02  4.48e+03  1.54e+01 -1.00e+05
2015 10 03  0655   57298  24900   5.90e+00  2.75e-01  1.35e-01  8.60e-02  7.64e-02  5.75e-02  3.74e+03  1.08e+01 -1.00e+05
2015 10 03  0700   57298  25200   6.50e+00  3.87e-01  1.86e-01  1.37e-01  1.28e-01  4.83e-02  3.94e+03  1.44e+01 -1.00e+05
2015 10 03  0705   57298  25500   4.95e+00  2.42e-01  1.38e-01  7.91e-02  6.94e-02  5.06e-02  4.32e+03  1.39e+01 -1.00e+05
2015 10 03  0710   57298  25800   3.16e+00  1.58e-01  1.34e-01  8.95e-02  7.99e-02  4.18e-02  5.31e+03  1.67e+01 -1.00e+05
2015 10 03  0715   57298  26100   5.34e+00  2.38e-01  9.71e-02  4.83e-02  3.86e-02  1.98e-02  5.60e+03  1.48e+01 -1.00e+05
2015 10 03  0720   57298  26400   6.31e+00  3.55e-01  1.68e-01  1.18e-01  7.94e-02  5.50e-02  5.23e+03  7.98e+00 -1.00e+05
2015 10 03  0725   57298  26700   3.08e+00  1.73e-01  1.49e-01  1.04e-01  9.19e-02  4.03e-02  4.72e+03  3.86e+00 -1.00e+05
2015 10 03  0730   57298  27000   7.36e+00  3.80e-01  1.29e-01  8.03e-02  7.07e-02  5.18e-02  3.66e+03  3.26e+00 -1.00e+05
2015 10 03  0735   57298  27300   5.87e+00  2.62e-01  9.70e-02  4.83e-02  3.86e-02  1.98e-02  3.12e+03  7.88e+00 -1.00e+05
2015 10 03  0740   57298  27600   4.94e+00  2.90e-01  1.42e-01  9.34e-02  8.37e-02  3.42e-02  2.83e+03  8.30e+00 -1.00e+05
2015 10 03  0745   57298  27900   5.16e+00  5.95e-01  4.01e-01  1.63e-01  1.03e-01  4.93e-02  2.66e+03  4.69e+00 -1.00e+05
2015 10 03  0750   57298  28200   4.24e+00  2.60e-01  1.55e-01  9.59e-02  8.63e-02  6.74e-02  3.16e+03  6.96e+00 -1.00e+05
2015 10 03  0755   57298  28500   5.95e+00  3.08e-01  1.20e-01  7.12e-02  5.58e-02  3.52e-02  3.25e+03  3.93e+00 -1.00e+05
2015 10 03  0800   57298  28800   5.05e+00  4.51e-01  2.15e-01  6.87e-02  5.90e-02  4.01e-02  3.86e+03  4.98e+00 -1.00e+05
2015 10 03  0805   57298  29100   6.17e+00  4.14e-01  2.07e-01  8.60e-02  7.64e-02  5.75e-02  3.27e+03  4.01e+00 -1.00e+05
2015 10 03  0810   57298  29400   3.06e+00  2.00e-01  1.76e-01  6.87e-02  5.90e-02  4.01e-02  2.66e+03  2.91e+00 -1.00e+05
2015 10 03  0815   57298  29700   3.77e+00  1.58e-01  9.93e-02  4.83e-02  3.86e-02  1.98e-02  2.10e+03  3.19e+00 -1.00e+05
2015 10 03  0820   57298  30000   5.39e+00  2.48e-01  1.08e-01  5.88e-02  4.91e-02  3.02e-02  1.24e+03  1.30e+00 -1.00e+05
2015 10 03  0825   57298  30300   5.41e+00  2.20e-01  1.05e-01  5.57e-02  4.27e-02  2.28e-02  1.14e+03  2.48e+00 -1.00e+05
2015 10 03  0830   57298  30600   5.73e+00  4.02e-01  1.92e-01  6.62e-02  5.66e-02  3.77e-02  1.15e+03  2.07e+00 -1.00e+05
2015 10 03  0835   57298  30900   2.77e+00  1.17e-01  9.29e-02  4.83e-02  3.86e-02  1.98e-02  2.19e+03  4.70e+00 -1.00e+05
2015 10 03  0840   57298  31200   6.32e+00  5.50e-01  2.73e-01  4.83e-02  3.86e-02  1.98e-02  1.72e+03  4.56e+00 -1.00e+05
2015 10 03  0845   57298  31500   5.33e+00  2.38e-01  9.71e-02  4.83e-02  3.86e-02  1.98e-02  1.40e+03  5.44e+00 -1.00e+05
2015 10 03  0850   57298  31800   5.18e+00  2.12e-01  9.72e-02  4.83e-02  3.86e-02  1.98e-02  1.04e+03  4.75e+00 -1.00e+05
2015 10 03  0855   57298  32100   4.23e+00  2.18e-01  1.36e-01  8.08e-02  7.12e-02  3.02e-02  5.42e+02  1.79e+00 -1.00e+05
2015 10 03  0900   57298  32400   6.16e+00  4.63e-01  1.96e-01  7.11e-02  6.15e-02  4.26e-02  4.78e+02  8.54e-01 -1.00e+05
2015 10 03  0905   57298  32700   2.79e+00  1.27e-01  1.03e-01  5.88e-02  4.91e-02  3.02e-02  4.19e+02  1.52e+00 -1.00e+05
2015 10 03  0910   57298  33000   4.50e+00  2.67e-01  1.62e-01  1.02e-01  7.41e-02  5.01e-02  4.34e+02  1.33e-01 -1.00e+05
2015 10 03  0915   57298  33300   4.66e+00  2.12e-01  9.72e-02  4.83e-02  3.86e-02  1.98e-02  4.47e+02  2.00e+00 -1.00e+05
2015 10 03  0920   57298  33600   4.94e+00  2.17e-01  1.05e-01  5.57e-02  4.61e-02  2.22e-02  3.70e+02  3.17e-01 -1.00e+05
2015 10 03  0925   57298  33900   2.73e+00  1.69e-01  1.45e-01  1.00e-01  9.06e-02  3.85e-02  3.41e+02  1.33e-01 -1.00e+05
2015 10 03  0930   57298  34200   3.77e+00  1.71e-01  1.11e-01  6.01e-02  4.13e-02  1.98e-02  2.54e+02  1.25e+00 -1.00e+05
2015 10 03  0935   57298  34500   2.76e+00  1.56e-01  1.32e-01  8.63e-02  4.72e-02  1.98e-02  2.26e+02  1.48e+00 -1.00e+05
2015 10 03  0940   57298  34800   5.75e+00  3.07e-01  1.43e-01  9.38e-02  7.81e-02  5.75e-02  3.81e+02  1.33e-01 -1.00e+05
2015 10 03  0945   57298  35100   4.35e+00  2.35e-01  1.27e-01  6.66e-02  4.28e-02  1.98e-02  4.09e+02  1.33e-01 -1.00e+05
2015 10 03  0950   57298  35400   5.93e+00  5.60e-01  3.17e-01  1.50e-01  1.21e-01  4.43e-02  4.85e+02  1.33e-01 -1.00e+05
2015 10 03  0955   57298  35700   6.25e+00  3.29e-01  9.67e-02  4.83e-02  3.86e-02  1.98e-02  4.49e+02  8.94e-01 -1.00e+05
2015 10 03  1000   57298  36000   5.70e+00  2.44e-01  1.03e-01  5.38e-02  4.42e-02  2.53e-02  3.27e+02  7.58e-01 -1.00e+05
2015 10 03  1005   57298  36300   3.06e+00  1.42e-01  1.19e-01  7.32e-02  4.42e-02  1.98e-02  1.98e+02  1.04e+00 -1.00e+05
2015 10 03  1010   57298  36600   6.50e+00  3.29e-01  9.67e-02  4.83e-02  3.86e-02  1.98e-02  1.88e+02  2.40e-01 -1.00e+05
2015 10 03  1015   57298  36900   5.08e+00  2.38e-01  9.71e-02  4.83e-02  3.86e-02  1.98e-02  1.84e+02  5.13e-01 -1.00e+05
2015 10 03  1020   57298  37200   4.06e+00  2.56e-01  1.60e-01  1.03e-01  8.57e-02  5.65e-02  2.60e+02  1.33e-01 -1.00e+05
2015 10 03  1025   57298  37500   4.48e+00  2.27e-01  1.23e-01  7.46e-02  6.49e-02  2.82e-02  2.98e+02  1.14e+00 -1.00e+05
2015 10 03  1030   57298  37800   5.97e+00  3.42e-01  1.32e-01  8.35e-02  7.39e-02  5.50e-02  1.61e+02  1.33e-01 -1.00e+05
2015 10 03  1035   57298  38100   5.31e+00  3.07e-01  9.68e-02  4.83e-02  3.86e-02  1.98e-02  1.26e+02  1.52e+00 -1.00e+05
2015 10 03  1040   57298  38400   5.15e+00  3.14e-01  1.42e-01  9.34e-02  8.37e-02  3.42e-02  6.83e+01  1.33e-01 -1.00e+05
2015 10 03  1045   57298  38700   4.36e+00  2.20e-01  1.05e-01  5.57e-02  4.27e-02  2.28e-02  3.88e+01  1.33e-01 -1.00e+05
2015 10 03  1050   57298  39000   4.45e+00  3.53e-01  1.71e-01  4.83e-02  3.86e-02  1.98e-02  1.56e+01  8.04e-01 -1.00e+05
2015 10 03  1055   57298  39300   2.50e+00  1.81e-01  1.57e-01  1.12e-01  1.03e-01  4.03e-02  2.57e+01  1.29e+00 -1.00e+05
2015 10 03  1100   57298  39600   5.03e+00  4.25e-01  2.17e-01  9.32e-02  7.03e-02  4.76e-02  7.20e+01  1.33e-01 -1.00e+05
2015 10 03  1105   57298  39900   3.44e+00  1.81e-01  1.22e-01  7.06e-02  4.79e-02  2.53e-02  1.02e+02  1.33e-01 -1.00e+05
2015 10 03  1110   57298  40200   5.41e+00  2.65e-01  1.00e-01  5.13e-02  4.17e-02  2.28e-02  1.07e+02  1.33e-01 -1.00e+05
2015 10 03  1115   57298  40500   4.71e+00  3.60e-01  1.79e-01  4.83e-02  3.86e-02  1.98e-02  6.40e+01  2.75e+00 -1.00e+05
2015 10 03  1120   57298  40800   2.79e+00  1.24e-01  1.00e-01  5.57e-02  4.61e-02  2.22e-02  6.26e+01  1.50e+00 -1.00e+05
2015 10 03  1125   57298  41100   5.19e+00  2.38e-01  9.71e-02  4.83e-02  3.86e-02  1.98e-02  7.05e+01  2.39e+00 -1.00e+05
2015 10 03  1130   57298  41400   3.04e+00  1.17e-01  9.29e-02  4.83e-02  3.86e-02  1.98e-02  9.17e+01  1.33e-01 -1.00e+05
2015 10 03  1135   57298  41700   5.30e+00  2.72e-01  1.36e-01  8.69e-02  5.80e-02  2.42e-02  1.32e+02  1.33e-01 -1.00e+05
2015 10 03  1140   57298  42000   3.08e+00  1.17e-01  9.29e-02  4.83e-02  3.86e-02  1.98e-02  1.88e+02  7.58e-01 -1.00e+05
2015 10 03  1145   57298  42300   3.10e+00  3.10e-01  2.86e-01  9.70e-02  5.71e-02  3.27e-02  1.81e+02  1.33e-01 -1.00e+05
2015 10 03  1150   57298  42600   2.85e+00  1.25e-01  1.01e-01  5.63e-02  4.66e-02  2.78e-02  1.81e+02  1.22e+00 -1.00e+05
2015 10 03  1155   57298  42900   4.61e+00  2.34e-01  1.30e-01  7.06e-02  6.09e-02  4.21e-02  1.85e+02  1.33e-01 -1.00e+05
2015 10 03  1200   57298  43200   4.41e+00  2.69e-01  1.65e-01  1.05e-01  8.30e-02  6.05e-02  1.97e+02  1.33e-01 -1.00e+05
2015 10 03  1205   57298  43500   5.85e+00  6.11e-01  3.26e-01  1.01e-01  9.10e-02  4.03e-02  2.37e+02  1.06e+00 -1.00e+05
2015 10 03  1210   57298  43800   5.95e+00  4.50e-01  1.79e-01  4.83e-02  3.86e-02  1.98e-02  2.13e+02  2.76e+00 -1.00e+05
2015 10 03  1215   57298  44100   5.05e+00  2.70e-01  1.05e-01  5.63e-02  4.66e-02  2.78e-02  2.02e+02  8.11e-01 -1.00e+05
2015 10 03  1220   57298  44400   4.81e+00  2.46e-01  1.32e-01  8.35e-02  7.39e-02  5.50e-02  2.45e+02  1.51e+00 -1.00e+05
2015 10 03  1225   57298  44700   5.78e+00  4.47e-01  2.05e-01  7.32e-02  4.42e-02  1.98e-02  2.84e+02  1.33e-01 -1.00e+05
2015 10 03  1230   57298  45000   3.72e+00  2.58e-01  1.51e-01  4.83e-02  3.86e-02  1.98e-02  3.56e+02  1.10e+00 -1.00e+05
2015 10 03  1235   57298  45300   4.58e+00  2.18e-01  1.03e-01  5.35e-02  3.98e-02  1.98e-02  3.68e+02  1.33e-01 -1.00e+05
2015 10 03  1240   57298  45600   2.62e+00  2.03e-01  1.79e-01  6.66e-02  4.28e-02  1.98e-02  3.45e+02  1.33e-01 -1.00e+05
2015 10 03  1245   57298  45900   4.69e+00  2.38e-01  9.71e-02  4.83e-02  3.86e-02  1.98e-02  3.75e+02  1.30e+00 -1.00e+05
2015 10 03  1250   57298  46200   5.14e+00  2.75e-01  1.35e-01  8.60e-02  7.64e-02  5.75e-02  3.77e+02  1.72e+00 -1.00e+05
2015 10 03  1255   57298  46500   2.87e+00  1.96e-01  1.72e-01  6.37e-02  5.41e-02  3.52e-02  3.67e+02  1.33e-01 -1.00e+05
2015 10 03  1300   57298  46800   2.75e+00  2.36e-01  2.12e-01  1.05e-01  7.09e-02  4.51e-02  3.88e+02  1.33e-01 -1.00e+05
2015 10 03  1305   57298  47100   5.53e+00  3.07e-01  9.68e-02  4.83e-02  3.86e-02  1.98e-02  4.25e+02  1.33e-01 -1.00e+05
2015 10 03  1310   57298  47400   6.10e+00  3.07e-01  9.68e-02  4.83e-02  3.86e-02  1.98e-02  4.62e+02  2.44e-01 -1.00e+05
2015 10 03  1315   57298  47700   2.50e+00  1.56e-01  1.32e-01  8.63e-02  4.72e-02  1.98e-02  4.88e+02  1.33e-01 -1.00e+05
2015 10 03  1320   57298  48000   4.89e+00  2.94e-01  1.36e-01  8.66e-02  6.28e-02  2.62e-02  5.18e+02  2.64e-01 -1.00e+05
2015 10 03  1325   57298  48300   3.99e+00  2.16e-01  1.08e-01  4.83e-02  3.86e-02  1.98e-02  5.35e+02  1.52e+00 -1.00e+05
2015 10 03  1330   57298  48600   2.65e+00  1.55e-01  1.31e-01  8.48e-02  4.72e-02  2.28e-02  5.46e+02  1.33e-01 -1.00e+05
2015 10 03  1335   57298  48900   2.72e+00  1.17e-01  9.29e-02  4.83e-02  3.86e-02  1.98e-02  6.40e+02  2.21e+00 -1.00e+05
2015 10 03  1340   57298  49200   3.06e+00  1.30e-01  1.07e-01  6.20e-02  5.24e-02  2.42e-02  6.90e+02  1.42e+00 -1.00e+05
2015 10 03  1345   57298  49500   5.38e+00  2.62e-01  9.70e-02  4.83e-02  3.86e-02  1.98e-02  7.35e+02  4.18e+00 -1.00e+05
2015 10 03  1350   57298  49800   4.59e+00  2.39e-01  1.33e-01  7.36e-02  6.40e-02  4.51e-02  8.35e+02  3.90e-01 -1.00e+05
2015 10 03  1355   57298  50100   4.32e+00  2.91e-01  1.86e-01  9.59e-02  8.63e-02  6.74e-02  9.24e+02  1.33e-01 -1.00e+05
2015 10 03  1400   57298  50400   2.58e+00  1.17e-01  9.29e-02  4.83e-02  3.86e-02  1.98e-02  1.03e+03  4.81e+00 -1.00e+05
2015 10 03  1405   57298  50700   2.72e+00  1.29e-01  1.05e-01  6.01e-02  4.13e-02  1.98e-02  1.22e+03  2.16e+00 -1.00e+05
2015 10 03  1410   57298  51000   2.73e+00  1.37e-01  1.13e-01  6.83e-02  5.86e-02  2.62e-02  1.39e+03  1.94e+00 -1.00e+05
2015 10 03  1415   57298  51300   2.65e+00  2.74e-01  2.50e-01  6.37e-02  5.41e-02  3.52e-02  1.49e+03  1.21e+00 -1.00e+05
2015 10 03  1420   57298  51600   4.30e+00  2.73e-01  1.42e-01  9.29e-02  6.90e-02  2.82e-02  1.77e+03  1.26e+00 -1.00e+05
2015 10 03  1425   57298  51900   2.41e+00  2.59e-01  2.36e-01  1.89e-01  1.19e-01  4.60e-02  1.84e+03  1.33e-01 -1.00e+05
2015 10 03  1430   57298  52200   4.00e+00  2.39e-01  9.83e-02  4.95e-02  3.98e-02  2.01e-02  2.04e+03  2.70e+00 -1.00e+05
2015 10 03  1435   57298  52500   4.17e+00  2.38e-01  9.71e-02  4.83e-02  3.86e-02  1.98e-02  2.40e+03  3.45e+00 -1.00e+05
2015 10 03  1440   57298  52800   3.99e+00  2.49e-01  1.35e-01  8.60e-02  7.64e-02  5.75e-02  2.60e+03  1.12e+00 -1.00e+05
2015 10 03  1445   57298  53100   4.54e+00  3.38e-01  1.75e-01  1.27e-01  1.17e-01  5.21e-02  2.75e+03  3.66e+00 -1.00e+05
2015 10 03  1450   57298  53400   3.97e+00  3.52e-01  2.04e-01  7.36e-02  4.48e-02  2.03e-02  3.00e+03  3.38e+00 -1.00e+05
2015 10 03  1455   57298  53700   2.54e+00  1.17e-01  9.29e-02  4.83e-02  3.86e-02  1.98e-02  3.59e+03  4.28e+00 -1.00e+05
2015 10 03  1500   57298  54000   4.61e+00  1.17e-01  9.29e-02  4.83e-02  3.86e-02  1.98e-02  4.18e+03  3.88e+00 -1.00e+05
2015 10 03  1505   57298  54300   1.39e+01  1.58e-01  9.93e-02  4.83e-02  3.86e-02  1.98e-02  4.66e+03  3.45e+00 -1.00e+05
2015 10 03  1510   57298  54600   2.97e+01  2.53e-01  1.38e-01  8.75e-02  4.58e-02  2.01e-02  5.27e+03  2.67e+00 -1.00e+05
2015 10 03  1515   57298  54900   5.84e+01  4.48e-01  9.93e-02  5.13e-02  4.17e-02  2.28e-02  5.86e+03  6.38e+00 -1.00e+05
2015 10 03  1520   57298  55200   6.88e+01  2.38e-01  9.71e-02  4.83e-02  3.86e-02  1.98e-02  6.99e+03  8.42e+00 -1.00e+05
2015 10 03  1525   57298  55500   1.27e+02  4.19e-01  1.73e-01  1.24e-01  8.35e-02  4.35e-02  7.52e+03  5.84e+00 -1.00e+05
2015 10 03  1530   57298  55800   9.71e+01  3.40e-01  2.32e-01  6.66e-02  4.28e-02  1.98e-02  8.51e+03  1.07e+01 -1.00e+05
2015 10 03  1535   57298  56100   7.23e+01  2.12e-01  9.72e-02  4.83e-02  3.86e-02  1.98e-02  9.87e+03  1.72e+01 -1.00e+05
2015 10 03  1540   57298  56400   4.52e+01  2.20e-01  1.11e-01  6.20e-02  5.24e-02  2.42e-02  1.09e+04  1.94e+01 -1.00e+05
2015 10 03  1545   57298  56700   1.65e+01  1.17e-01  9.29e-02  4.83e-02  3.86e-02  1.98e-02  1.17e+04  2.50e+01 -1.00e+05
2015 10 03  1550   57298  57000   1.56e+01  1.58e-01  9.93e-02  4.83e-02  3.86e-02  1.98e-02  1.23e+04  2.53e+01 -1.00e+05
2015 10 03  1555   57298  57300   1.09e+01  1.20e-01  9.60e-02  5.13e-02  4.17e-02  2.28e-02  1.34e+04  3.28e+01 -1.00e+05
2015 10 03  1600   57298  57600   1.10e+01  2.70e-01  2.47e-01  5.88e-02  4.91e-02  3.02e-02  1.47e+04  3.74e+01 -1.00e+05
2015 10 03  1605   57298  57900   2.10e+01  3.24e-01  1.53e-01  1.04e-01  9.22e-02  4.22e-02  1.55e+04  4.39e+01 -1.00e+05
2015 10 03  1610   57298  58200   1.60e+01  2.12e-01  9.72e-02  4.83e-02  3.86e-02  1.98e-02  1.57e+04  4.38e+01 -1.00e+05
2015 10 03  1615   57298  58500   8.99e+00  1.87e-01  1.63e-01  1.18e-01  1.09e-01  4.23e-02  1.56e+04  4.27e+01 -1.00e+05
2015 10 03  1620   57298  58800   1.53e+01  2.30e-01  1.15e-01  6.62e-02  5.66e-02  3.77e-02  1.59e+04  4.58e+01 -1.00e+05
2015 10 03  1625   57298  59100   7.82e+00  1.35e-01  1.11e-01  6.58e-02  4.88e-02  2.78e-02  1.66e+04  4.94e+01 -1.00e+05
2015 10 03  1630   57298  59400   7.70e+00  1.78e-01  1.54e-01  1.08e-01  7.20e-02  4.76e-02  1.66e+04  4.79e+01 -1.00e+05
2015 10 03  1635   57298  59700   1.67e+01  2.85e-01  9.69e-02  4.83e-02  3.86e-02  1.98e-02  1.82e+04  5.60e+01 -1.00e+05
2015 10 03  1640   57298  60000   1.21e+01  2.57e-01  1.52e-01  9.21e-02  7.58e-02  5.50e-02  1.89e+04  5.87e+01 -1.00e+05
2015 10 03  1645   57298  60300   7.85e+00  1.62e-01  1.38e-01  9.34e-02  8.38e-02  6.49e-02  1.89e+04  6.54e+01 -1.00e+05
2015 10 03  1650   57298  60600   1.09e+01  2.48e-01  1.40e-01  7.97e-02  4.57e-02  1.98e-02  1.91e+04  6.71e+01 -1.00e+05
2015 10 03  1655   57298  60900   1.26e+01  3.14e-01  1.49e-01  9.98e-02  7.18e-02  4.76e-02  1.85e+04  5.65e+01 -1.00e+05
2015 10 03  1700   57298  61200   1.04e+01  2.48e-01  1.41e-01  4.83e-02  3.86e-02  1.98e-02  1.95e+04  6.60e+01 -1.00e+05
2015 10 03  1705   57298  61500   6.65e+00  1.84e-01  1.60e-01  4.83e-02  3.86e-02  1.98e-02  1.96e+04  7.49e+01 -1.00e+05
2015 10 03  1710   57298  61800   1.03e+01  3.20e-01  2.13e-01  8.73e-02  5.55e-02  3.02e-02  1.96e+04  7.30e+01 -1.00e+05
2015 10 03  1715   57298  62100   1.43e+01  2.84e-01  1.45e-01  9.59e-02  8.63e-02  6.74e-02  2.03e+04  8.43e+01 -1.00e+05
2015 10 03  1720   57298  62400   1.04e+01  4.39e-01  2.71e-01  4.83e-02  3.86e-02  1.98e-02  1.86e+04  8.24e+01 -1.00e+05
2015 10 03  1725   57298  62700   8.76e+00  2.16e-01  1.08e-01  4.83e-02  3.86e-02  1.98e-02  2.01e+04  8.71e+01 -1.00e+05
2015 10 03  1730   57298  63000   1.26e+01  4.50e-01  1.79e-01  4.83e-02  3.86e-02  1.98e-02  1.93e+04  8.74e+01 -1.00e+05
2015 10 03  1735   57298  63300   9.07e+00  2.16e-01  1.08e-01  4.83e-02  3.86e-02  1.98e-02  2.03e+04  9.38e+01 -1.00e+05
2015 10 03  1740   57298  63600   6.87e+00  2.01e-01  1.77e-01  1.31e-01  9.23e-02  3.42e-02  2.15e+04  1.11e+02 -1.00e+05
2015 10 03  1745   57298  63900   7.90e+00  1.98e-01  1.50e-01  1.00e-01  6.09e-02  2.42e-02  2.09e+04  1.07e+02 -1.00e+05
2015 10 03  1750   57298  64200   6.35e+00  1.60e-01  1.22e-01  7.46e-02  6.49e-02  2.82e-02  1.78e+04  8.42e+01 -1.00e+05
2015 10 03  1755   57298  64500   8.43e+00  2.26e-01  1.18e-01  5.88e-02  4.91e-02  3.02e-02  1.91e+04  8.97e+01 -1.00e+05
2015 10 03  1800   57298  64800   9.50e+00  2.12e-01  9.72e-02  4.83e-02  3.86e-02  1.98e-02  2.02e+04  1.10e+02 -1.00e+05
2015 10 03  1805   57298  65100   8.08e+00  2.23e-01  1.41e-01  8.60e-02  7.24e-02  3.02e-02  2.06e+04  1.18e+02 -1.00e+05
2015 10 03  1810   57298  65400   8.96e+00  1.59e-01  9.98e-02  4.89e-02  3.92e-02  2.03e-02  2.38e+04  1.56e+02 -1.00e+05
2015 10 03  1815   57298  65700   6.16e+00  1.22e-01  9.83e-02  5.35e-02  3.98e-02  1.98e-02  2.21e+04  1.43e+02 -1.00e+05
2015 10 03  1820   57298  66000   1.17e+01  4.50e-01  1.79e-01  4.83e-02  3.86e-02  1.98e-02  2.13e+04  1.48e+02 -1.00e+05
2015 10 03  1825   57298  66300   5.13e+00  1.17e-01  9.29e-02  4.83e-02  3.86e-02  1.98e-02  2.21e+04  1.44e+02 -1.00e+05
2015 10 03  1830   57298  66600   5.38e+00  1.60e-01  1.27e-01  8.08e-02  7.12e-02  3.02e-02  2.18e+04  1.43e+02 -1.00e+05
2015 10 03  1835   57298  66900   5.18e+00  1.49e-01  1.25e-01  7.97e-02  4.57e-02  1.98e-02  2.29e+04  1.55e+02 -1.00e+05
2015 10 03  1840   57298  67200   4.87e+00  1.43e-01  1.19e-01  7.42e-02  5.26e-02  3.02e-02  2.23e+04  1.51e+02 -1.00e+05
2015 10 03  1845   57298  67500   4.84e+00  1.22e-01  9.83e-02  5.35e-02  3.98e-02  1.98e-02  2.29e+04  1.57e+02 -1.00e+05
2015 10 03  1850   57298  67800   9.97e+00  3.07e-01  1.43e-01  9.38e-02  7.81e-02  5.75e-02  2.37e+04  1.65e+02 -1.00e+05
2015 10 03  1855   57298  68100   4.73e+00  1.62e-01  1.38e-01  6.12e-02  5.16e-02  3.27e-02  2.46e+04  1.77e+02 -1.00e+05
2015 10 03  1900   57298  68400   9.23e+00  3.63e-01  1.89e-01  6.98e-02  6.02e-02  4.13e-02  2.40e+04  1.80e+02 -1.00e+05
2015 10 03  1905   57298  68700   7.89e+00  2.77e-01  1.66e-01  1.06e-01  9.64e-02  3.87e-02  2.41e+04  1.80e+02 -1.00e+05
2015 10 03  1910   57298  69000   7.68e+00  2.18e-01  1.31e-01  7.46e-02  6.49e-02  2.82e-02  2.43e+04  1.84e+02 -1.00e+05
2015 10 03  1915   57298  69300   8.19e+00  2.16e-01  1.08e-01  4.83e-02  3.86e-02  1.98e-02  2.43e+04  1.92e+02 -1.00e+05
2015 10 03  1920   57298  69600   5.94e+00  1.17e-01  9.35e-02  4.89e-02  3.92e-02  2.03e-02  2.51e+04  2.03e+02 -1.00e+05
2015 10 03  1925   57298  69900   9.27e+00  3.62e-01  1.81e-01  5.88e-02  4.91e-02  3.02e-02  2.16e+04  1.82e+02 -1.00e+05
2015 10 03  1930   57298  70200   5.19e+00  1.56e-01  1.32e-01  8.66e-02  6.28e-02  2.62e-02  2.27e+04  1.69e+02 -1.00e+05
2015 10 03  1935   57298  70500   5.10e+00  1.22e-01  9.84e-02  5.38e-02  4.42e-02  2.53e-02  2.23e+04  1.68e+02 -1.00e+05
2015 10 03  1940   57298  70800   5.07e+00  1.17e-01  9.29e-02  4.83e-02  3.86e-02  1.98e-02  2.20e+04  1.78e+02 -1.00e+05
2015 10 03  1945   57298  71100   5.22e+00  1.59e-01  1.36e-01  4.83e-02  3.86e-02  1.98e-02  2.23e+04  1.76e+02 -1.00e+05
2015 10 03  1950   57298  71400   1.23e+01  3.49e-01  9.67e-02  4.83e-02  3.86e-02  1.98e-02  2.20e+04  1.90e+02 -1.00e+05
2015 10 03  1955   57298  71700   7.62e+00  2.16e-01  1.08e-01  4.83e-02  3.86e-02  1.98e-02  2.22e+04  1.76e+02 -1.00e+05
2015 10 03  2000   57298  72000   6.71e+00  1.58e-01  9.93e-02  4.83e-02  3.86e-02  1.98e-02  2.22e+04  1.80e+02 -1.00e+05
2015 10 03  2005   57298  72300   5.38e+00  1.47e-01  1.23e-01  7.86e-02  6.89e-02  5.01e-02  2.23e+04  1.76e+02 -1.00e+05
2015 10 03  2010   57298  72600   6.34e+00  1.98e-01  1.38e-01  8.63e-02  4.72e-02  1.98e-02  2.20e+04  1.68e+02 -1.00e+05
2015 10 03  2015   57298  72900   8.54e+00  2.12e-01  9.72e-02  4.83e-02  3.86e-02  1.98e-02  2.20e+04  1.73e+02 -1.00e+05
2015 10 03  2020   57298  73200   5.11e+00  1.74e-01  1.50e-01  7.36e-02  6.40e-02  4.51e-02  2.20e+04  1.72e+02 -1.00e+05
2015 10 03  2025   57298  73500   6.56e+00  2.52e-01  1.58e-01  1.01e-01  9.09e-02  6.21e-02  2.11e+04  1.59e+02 -1.00e+05
2015 10 03  2030   57298  73800   4.75e+00  2.62e-01  2.38e-01  4.83e-02  3.86e-02  1.98e-02  2.16e+04  1.64e+02 -1.00e+05
2015 10 03  2035   57298  74100   4.70e+00  1.56e-01  1.32e-01  8.63e-02  4.72e-02  1.98e-02  2.20e+04  1.67e+02 -1.00e+05
2015 10 03  2040   57298  74400   7.48e+00  2.38e-01  9.71e-02  4.83e-02  3.86e-02  1.98e-02  2.17e+04  1.65e+02 -1.00e+05
2015 10 03  2045   57298  74700   7.41e+00  2.44e-01  1.02e-01  5.35e-02  3.98e-02  1.98e-02  2.05e+04  1.53e+02 -1.00e+05
2015 10 03  2050   57298  75000   4.12e+00  1.17e-01  9.29e-02  4.83e-02  3.86e-02  1.98e-02  2.06e+04  1.48e+02 -1.00e+05
2015 10 03  2055   57298  75300   1.04e+01  3.36e-01  1.67e-01  1.18e-01  9.41e-02  3.63e-02  2.09e+04  1.63e+02 -1.00e+05
2015 10 03  2100   57298  75600   9.07e+00  2.16e-01  1.08e-01  4.83e-02  3.86e-02  1.98e-02  2.20e+04  2.03e+02 -1.00e+05
2015 10 03  2105   57298  75900   5.32e+00  1.29e-01  1.05e-01  6.01e-02  4.13e-02  1.98e-02  2.12e+04  1.75e+02 -1.00e+05
2015 10 03  2110   57298  76200   7.94e+00  2.30e-01  1.30e-01  8.08e-02  7.12e-02  3.02e-02  1.84e+04  1.51e+02 -1.00e+05
2015 10 03  2115   57298  76500   4.74e+00  1.68e-01  1.44e-01  7.40e-02  6.43e-02  2.06e-02  1.84e+04  1.52e+02 -1.00e+05
2015 10 03  2120   57298  76800   9.41e+00  2.43e-01  1.05e-01  5.57e-02  4.61e-02  2.22e-02  1.88e+04  1.55e+02 -1.00e+05
2015 10 03  2125   57298  77100   5.56e+00  1.32e-01  1.08e-01  6.37e-02  5.41e-02  3.52e-02  1.80e+04  1.48e+02 -1.00e+05
2015 10 03  2130   57298  77400   8.97e+00  2.38e-01  9.71e-02  4.83e-02  3.86e-02  1.98e-02  1.70e+04  1.41e+02 -1.00e+05
2015 10 03  2135   57298  77700   5.78e+00  1.76e-01  1.17e-01  6.58e-02  4.88e-02  2.78e-02  1.68e+04  1.26e+02 -1.00e+05
2015 10 03  2140   57298  78000   6.80e+00  2.42e-01  1.39e-01  9.00e-02  8.04e-02  4.36e-02  1.65e+04  1.19e+02 -1.00e+05
2015 10 03  2145   57298  78300   9.29e+00  3.15e-01  1.05e-01  5.63e-02  4.66e-02  2.78e-02  1.65e+04  1.20e+02 -1.00e+05
2015 10 03  2150   57298  78600   4.40e+00  1.46e-01  1.22e-01  7.71e-02  4.94e-02  2.53e-02  1.64e+04  1.23e+02 -1.00e+05
2015 10 03  2155   57298  78900   4.39e+00  1.17e-01  9.29e-02  4.83e-02  3.86e-02  1.98e-02  1.66e+04  1.29e+02 -1.00e+05
2015 10 03  2200   57298  79200   7.22e+00  2.86e-01  1.80e-01  1.20e-01  8.40e-02  5.75e-02  1.70e+04  1.27e+02 -1.00e+05
2015 10 03  2205   57298  79500   6.02e+00  2.04e-01  1.45e-01  9.28e-02  4.87e-02  1.98e-02  1.69e+04  1.31e+02 -1.00e+05
2015 10 03  2210   57298  79800   4.63e+00  1.17e-01  9.29e-02  4.83e-02  3.86e-02  1.98e-02  1.66e+04  1.28e+02 -1.00e+05
2015 10 03  2215   57298  80100   8.28e+00  3.60e-01  1.79e-01  4.83e-02  3.86e-02  1.98e-02  1.68e+04  1.21e+02 -1.00e+05
2015 10 03  2220   57298  80400   7.82e+00  2.24e-01  1.12e-01  6.35e-02  5.39e-02  3.01e-02  1.65e+04  1.22e+02 -1.00e+05
2015 10 03  2225   57298  80700   1.03e+01  2.98e-01  1.09e-01  6.01e-02  4.13e-02  1.98e-02  1.63e+04  1.36e+02 -1.00e+05
2015 10 03  2230   57298  81000   4.87e+00  1.17e-01  9.29e-02  4.83e-02  3.86e-02  1.98e-02  1.71e+04  1.27e+02 -1.00e+05
2015 10 03  2235   57298  81300   5.01e+00  2.62e-01  2.38e-01  4.83e-02  3.86e-02  1.98e-02  1.65e+04  1.23e+02 -1.00e+05
2015 10 03  2240   57298  81600   4.21e+00  1.17e-01  9.29e-02  4.83e-02  3.86e-02  1.98e-02  1.56e+04  1.09e+02 -1.00e+05
2015 10 03  2245   57298  81900   3.96e+00  1.36e-01  1.12e-01  6.66e-02  4.28e-02  1.98e-02  1.52e+04  1.02e+02 -1.00e+05
2015 10 03  2250   57298  82200   3.76e+00  1.58e-01  1.34e-01  8.95e-02  7.99e-02  4.18e-02  1.51e+04  9.02e+01 -1.00e+05
2015 10 03  2255   57298  82500   3.63e+00  1.17e-01  9.29e-02  4.83e-02  3.86e-02  1.98e-02  1.43e+04  9.38e+01 -1.00e+05
2015 10 03  2300   57298  82800   6.56e+00  2.43e-01  1.05e-01  5.57e-02  4.61e-02  2.22e-02  1.44e+04  8.94e+01 -1.00e+05
2015 10 03  2305   57298  83100   8.86e+00  3.89e-01  9.65e-02  4.83e-02  3.86e-02  1.98e-02  1.44e+04  9.23e+01 -1.00e+05
2015 10 03  2310   57298  83400   3.57e+00  1.40e-01  1.16e-01  7.11e-02  6.15e-02  4.26e-02  1.42e+04  8.92e+01 -1.00e+05
2015 10 03  2315   57298  83700   3.84e+00  2.88e-01  2.64e-01  7.32e-02  4.42e-02  1.98e-02  1.41e+04  8.43e+01 -1.00e+05
2015 10 03  2320   57298  84000   5.47e+00  2.18e-01  1.03e-01  5.38e-02  4.42e-02  2.53e-02  1.39e+04  8.53e+01 -1.00e+05
2015 10 03  2325   57298  84300   4.06e+00  2.76e-01  2.17e-01  7.71e-02  4.94e-02  2.53e-02  1.31e+04  7.78e+01 -1.00e+05
2015 10 03  2330   57298  84600   3.29e+00  3.12e-01  2.88e-01  9.34e-02  8.37e-02  3.42e-02  1.27e+04  7.32e+01 -1.00e+05
2015 10 03  2335   57298  84900   5.92e+00  3.13e-01  1.51e-01  1.02e-01  9.24e-02  3.31e-02  1.29e+04  6.83e+01 -1.00e+05
2015 10 03  2340   57298  85200   2.96e+00  1.84e-01  1.60e-01  4.83e-02  3.86e-02  1.98e-02  1.23e+04  7.18e+01 -1.00e+05
2015 10 03  2345   57298  85500   3.05e+00  1.31e-01  1.08e-01  6.31e-02  5.34e-02  2.83e-02  1.23e+04  6.40e+01 -1.00e+05
2015 10 03  2350   57298  85800   5.98e+00  3.33e-01  1.22e-01  7.32e-02  4.42e-02  1.98e-02  1.16e+04  5.39e+01 -1.00e+05
2015 10 03  2355   57298  86100   3.39e+00  1.58e-01  9.93e-02  4.83e-02  3.86e-02  1.98e-02  1.14e+04  6.06e+01 -1.00e+05
