:Data_list: 20150614_Gs_part_5m.txt
:Created: 2015 Jun 15 0011 UTC
# Prepared by the U.S. Dept. of Commerce, NOAA, Space Weather Prediction Center
# Please send comments and suggestions to SWPC.Webmaster@noaa.gov 
# 
# Label: P > 1 = Particles at >1 Mev
# Label: P > 5 = Particles at >5 Mev
# Label: P >10 = Particles at >10 Mev
# Label: P >30 = Particles at >30 Mev
# Label: P >50 = Particles at >50 Mev
# Label: P>100 = Particles at >100 Mev
# Label: E>0.8 = Electrons at >0.8 Mev
# Label: E>2.0 = Electrons at >2.0 Mev
# Label: E>4.0 = Electrons at >4.0 Mev
# Units: Particles = Protons/cm2-s-sr
# Units: Electrons = Electrons/cm2-s-sr
# Source: GOES-15
# Location: W135
# Missing data: -1.00e+05
#
#                      5-minute  GOES-15 Solar Particle and Electron Flux
#
#                 Modified Seconds
# UTC Date  Time   Julian  of the
# YR MO DA  HHMM    Day     Day     P > 1     P > 5     P >10     P >30     P >50     P>100     E>0.8     E>2.0     E>4.0
#-------------------------------------------------------------------------------------------------------------------------
2015 06 14  0000   57187      0   2.81e+01  2.34e-01  1.03e-01  5.82e-02  5.03e-02  3.22e-02  8.55e+04  6.57e+03 -1.00e+05
2015 06 14  0005   57187    300   1.71e+01  2.46e-01  1.99e-01  5.82e-02  5.03e-02  3.22e-02  8.61e+04  6.07e+03 -1.00e+05
2015 06 14  0010   57187    600   1.35e+01  1.16e-01  8.67e-02  4.45e-02  3.66e-02  1.85e-02  7.56e+04  4.79e+03 -1.00e+05
2015 06 14  0015   57187    900   1.07e+01  1.38e-01  9.81e-02  5.41e-02  4.61e-02  2.15e-02  6.29e+04  3.66e+03 -1.00e+05
2015 06 14  0020   57187   1200   7.68e+00  1.26e-01  9.63e-02  5.41e-02  4.61e-02  2.15e-02  4.76e+04  2.32e+03 -1.00e+05
2015 06 14  0025   57187   1500   8.81e+00  1.27e-01  9.79e-02  5.58e-02  4.78e-02  2.97e-02  4.62e+04  2.28e+03 -1.00e+05
2015 06 14  0030   57187   1800   1.10e+01  1.58e-01  1.11e-01  4.45e-02  3.66e-02  1.85e-02  3.98e+04  2.01e+03 -1.00e+05
2015 06 14  0035   57187   2100   9.36e+00  1.16e-01  8.67e-02  4.45e-02  3.66e-02  1.85e-02  3.73e+04  1.78e+03 -1.00e+05
2015 06 14  0040   57187   2400   1.13e+01  2.02e-01  1.73e-01  1.30e-01  1.17e-01  4.37e-02  3.28e+04  1.66e+03 -1.00e+05
2015 06 14  0045   57187   2700   1.07e+01  1.40e-01  1.10e-01  6.78e-02  4.92e-02  2.15e-02  2.40e+04  1.18e+03 -1.00e+05
2015 06 14  0050   57187   3000   1.11e+01  2.33e-01  2.04e-01  6.81e-02  6.02e-02  4.21e-02  1.96e+04  7.31e+02 -1.00e+05
2015 06 14  0055   57187   3300   1.38e+01  2.21e-01  8.92e-02  4.45e-02  3.66e-02  1.85e-02  1.88e+04  6.95e+02 -1.00e+05
2015 06 14  0100   57187   3600   1.00e+01  1.48e-01  1.16e-01  7.35e-02  6.08e-02  2.84e-02  1.87e+04  7.39e+02 -1.00e+05
2015 06 14  0105   57187   3900   1.67e+01  2.59e-01  1.27e-01  8.12e-02  4.24e-02  1.85e-02  2.54e+04  9.71e+02 -1.00e+05
2015 06 14  0110   57187   4200   9.05e+00  1.23e-01  9.41e-02  5.17e-02  3.82e-02  1.85e-02  2.35e+04  1.03e+03 -1.00e+05
2015 06 14  0115   57187   4500   1.53e+01  2.73e-01  1.28e-01  4.45e-02  3.66e-02  1.85e-02  2.57e+04  1.13e+03 -1.00e+05
2015 06 14  0120   57187   4800   9.77e+00  1.51e-01  1.21e-01  7.92e-02  7.12e-02  2.96e-02  1.75e+04  5.71e+02 -1.00e+05
2015 06 14  0125   57187   5100   9.53e+00  1.84e-01  1.55e-01  6.66e-02  5.87e-02  2.56e-02  1.47e+04  3.78e+02 -1.00e+05
2015 06 14  0130   57187   5400   7.91e+00  1.88e-01  1.59e-01  1.17e-01  1.09e-01  4.17e-02  1.43e+04  3.25e+02 -1.00e+05
2015 06 14  0135   57187   5700   6.64e+00  1.17e-01  8.74e-02  4.52e-02  3.67e-02  1.85e-02  1.68e+04  3.87e+02 -1.00e+05
2015 06 14  0140   57187   6000   4.94e+00  1.16e-01  8.67e-02  4.45e-02  3.66e-02  1.85e-02  1.35e+04  3.13e+02 -1.00e+05
2015 06 14  0145   57187   6300   5.87e+00  2.43e-01  2.14e-01  9.32e-02  6.95e-02  2.76e-02  1.25e+04  3.03e+02 -1.00e+05
2015 06 14  0150   57187   6600   5.96e+00  1.35e-01  1.05e-01  6.32e-02  5.52e-02  3.71e-02  1.27e+04  3.45e+02 -1.00e+05
2015 06 14  0155   57187   6900   6.67e+00  1.16e-01  8.67e-02  4.45e-02  3.66e-02  1.85e-02  1.50e+04  3.57e+02 -1.00e+05
2015 06 14  0200   57187   7200   5.85e+00  1.63e-01  1.34e-01  9.17e-02  8.37e-02  3.36e-02  1.39e+04  3.65e+02 -1.00e+05
2015 06 14  0205   57187   7500   5.78e+00  2.02e-01  1.72e-01  6.73e-02  5.88e-02  2.56e-02  1.40e+04  3.41e+02 -1.00e+05
2015 06 14  0210   57187   7800   6.75e+00  1.39e-01  1.10e-01  4.45e-02  3.66e-02  1.85e-02  1.24e+04  2.89e+02 -1.00e+05
2015 06 14  0215   57187   8100   6.33e+00  1.16e-01  8.67e-02  4.45e-02  3.66e-02  1.85e-02  1.07e+04  2.44e+02 -1.00e+05
2015 06 14  0220   57187   8400   1.23e+01  3.31e-01  1.30e-01  8.45e-02  4.56e-02  1.85e-02  1.24e+04  2.47e+02 -1.00e+05
2015 06 14  0225   57187   8700   9.41e+00  2.21e-01  8.92e-02  4.45e-02  3.66e-02  1.85e-02  1.17e+04  2.36e+02 -1.00e+05
2015 06 14  0230   57187   9000   7.02e+00  2.09e-01  1.16e-01  6.16e-02  4.29e-02  1.95e-02  1.22e+04  2.33e+02 -1.00e+05
2015 06 14  0235   57187   9300   4.83e+00  2.36e-01  2.06e-01  6.48e-02  4.11e-02  1.85e-02  1.30e+04  2.35e+02 -1.00e+05
2015 06 14  0240   57187   9600   4.73e+00  1.58e-01  1.29e-01  4.45e-02  3.66e-02  1.85e-02  1.18e+04  2.24e+02 -1.00e+05
2015 06 14  0245   57187   9900   4.50e+00  2.26e-01  1.97e-01  1.55e-01  1.47e-01  7.65e-02  1.22e+04  2.08e+02 -1.00e+05
2015 06 14  0250   57187  10200   4.26e+00  1.16e-01  8.67e-02  4.45e-02  3.66e-02  1.85e-02  1.19e+04  2.05e+02 -1.00e+05
2015 06 14  0255   57187  10500   3.85e+00  1.16e-01  8.67e-02  4.45e-02  3.66e-02  1.85e-02  1.26e+04  1.91e+02 -1.00e+05
2015 06 14  0300   57187  10800   4.71e+00  1.65e-01  1.18e-01  7.14e-02  4.26e-02  1.85e-02  1.11e+04  1.90e+02 -1.00e+05
2015 06 14  0305   57187  11100   4.00e+00  1.95e-01  1.66e-01  7.92e-02  7.12e-02  2.96e-02  1.08e+04  1.74e+02 -1.00e+05
2015 06 14  0310   57187  11400   3.35e+00  1.16e-01  8.67e-02  4.45e-02  3.66e-02  1.85e-02  9.95e+03  1.48e+02 -1.00e+05
2015 06 14  0315   57187  11700   3.65e+00  1.62e-01  1.32e-01  6.04e-02  5.24e-02  2.35e-02  9.34e+03  1.31e+02 -1.00e+05
2015 06 14  0320   57187  12000   3.06e+00  1.16e-01  8.67e-02  4.45e-02  3.66e-02  1.85e-02  9.05e+03  1.09e+02 -1.00e+05
2015 06 14  0325   57187  12300   3.05e+00  1.40e-01  1.11e-01  4.83e-02  4.04e-02  2.22e-02  8.37e+03  9.72e+01 -1.00e+05
2015 06 14  0330   57187  12600   3.09e+00  1.16e-01  8.67e-02  4.45e-02  3.66e-02  1.85e-02  9.10e+03  1.03e+02 -1.00e+05
2015 06 14  0335   57187  12900   3.42e+00  1.75e-01  1.28e-01  6.07e-02  5.27e-02  3.46e-02  1.03e+04  1.14e+02 -1.00e+05
2015 06 14  0340   57187  13200   2.96e+00  1.85e-01  1.56e-01  9.17e-02  8.37e-02  3.36e-02  1.03e+04  1.14e+02 -1.00e+05
2015 06 14  0345   57187  13500   5.79e+00  2.68e-01  8.90e-02  4.45e-02  3.66e-02  1.85e-02  1.16e+04  1.26e+02 -1.00e+05
2015 06 14  0350   57187  13800   5.60e+00  2.21e-01  8.92e-02  4.45e-02  3.66e-02  1.85e-02  1.39e+04  1.58e+02 -1.00e+05
2015 06 14  0355   57187  14100   3.36e+00  1.69e-01  1.40e-01  9.80e-02  9.00e-02  3.56e-02  1.36e+04  1.48e+02 -1.00e+05
2015 06 14  0400   57187  14400   3.65e+00  1.37e-01  1.08e-01  4.45e-02  3.66e-02  1.85e-02  1.42e+04  1.67e+02 -1.00e+05
2015 06 14  0405   57187  14700   3.38e+00  1.20e-01  9.05e-02  4.83e-02  4.04e-02  2.22e-02  1.23e+04  1.19e+02 -1.00e+05
2015 06 14  0410   57187  15000   3.30e+00  1.17e-01  8.74e-02  4.52e-02  3.67e-02  1.85e-02  1.03e+04  9.70e+01 -1.00e+05
2015 06 14  0415   57187  15300   3.61e+00  1.98e-01  1.02e-01  4.83e-02  4.04e-02  2.22e-02  1.20e+04  9.78e+01 -1.00e+05
2015 06 14  0420   57187  15600   5.79e+00  2.90e-01  8.89e-02  4.45e-02  3.66e-02  1.85e-02  1.26e+04  1.29e+02 -1.00e+05
2015 06 14  0425   57187  15900   3.10e+00  1.95e-01  1.65e-01  1.23e-01  1.15e-01  4.37e-02  1.45e+04  1.47e+02 -1.00e+05
2015 06 14  0430   57187  16200   3.12e+00  1.16e-01  8.67e-02  4.45e-02  3.66e-02  1.85e-02  1.45e+04  1.70e+02 -1.00e+05
2015 06 14  0435   57187  16500   2.76e+00  1.32e-01  1.03e-01  6.04e-02  5.24e-02  2.35e-02  1.48e+04  1.50e+02 -1.00e+05
2015 06 14  0440   57187  16800   2.69e+00  1.32e-01  1.03e-01  6.04e-02  5.24e-02  2.35e-02  1.35e+04  1.33e+02 -1.00e+05
2015 06 14  0445   57187  17100   3.24e+00  1.16e-01  8.67e-02  4.45e-02  3.66e-02  1.85e-02  1.47e+04  1.66e+02 -1.00e+05
2015 06 14  0450   57187  17400   2.90e+00  1.17e-01  8.74e-02  4.52e-02  3.67e-02  1.85e-02  1.53e+04  1.67e+02 -1.00e+05
2015 06 14  0455   57187  17700   2.76e+00  1.55e-01  1.25e-01  8.30e-02  7.50e-02  5.69e-02  1.39e+04  1.51e+02 -1.00e+05
2015 06 14  0500   57187  18000   2.63e+00  1.37e-01  1.08e-01  4.45e-02  3.66e-02  1.85e-02  1.21e+04  1.33e+02 -1.00e+05
2015 06 14  0505   57187  18300   2.55e+00  1.16e-01  8.67e-02  4.45e-02  3.66e-02  1.85e-02  1.22e+04  1.26e+02 -1.00e+05
2015 06 14  0510   57187  18600   2.27e+00  1.16e-01  8.67e-02  4.45e-02  3.66e-02  1.85e-02  1.19e+04  1.35e+02 -1.00e+05
2015 06 14  0515   57187  18900   2.74e+00  1.58e-01  1.11e-01  4.45e-02  3.66e-02  1.85e-02  1.08e+04  1.11e+02 -1.00e+05
2015 06 14  0520   57187  19200   4.13e+00  4.26e-01  2.43e-01  7.79e-02  4.41e-02  1.85e-02  1.06e+04  1.09e+02 -1.00e+05
2015 06 14  0525   57187  19500   2.15e+00  1.51e-01  1.21e-01  7.92e-02  7.12e-02  2.96e-02  8.27e+03  8.48e+01 -1.00e+05
2015 06 14  0530   57187  19800   2.36e+00  1.16e-01  8.67e-02  4.45e-02  3.66e-02  1.85e-02  8.89e+03  8.62e+01 -1.00e+05
2015 06 14  0535   57187  20100   2.25e+00  2.63e-01  2.34e-01  1.90e-01  1.07e-01  2.43e-02  8.75e+03  9.14e+01 -1.00e+05
2015 06 14  0540   57187  20400   1.88e+00  1.37e-01  1.08e-01  6.48e-02  4.11e-02  1.85e-02  8.56e+03  8.91e+01 -1.00e+05
2015 06 14  0545   57187  20700   2.34e+00  1.99e-01  1.61e-01  1.17e-01  1.09e-01  4.17e-02  7.47e+03  8.44e+01 -1.00e+05
2015 06 14  0550   57187  21000   2.07e+00  2.22e-01  1.92e-01  5.33e-02  4.53e-02  2.72e-02  7.06e+03  8.36e+01 -1.00e+05
2015 06 14  0555   57187  21300   1.90e+00  1.51e-01  1.22e-01  5.83e-02  3.97e-02  1.85e-02  6.52e+03  7.97e+01 -1.00e+05
2015 06 14  0600   57187  21600   1.88e+00  1.35e-01  1.05e-01  4.78e-02  3.99e-02  1.95e-02  6.14e+03  7.83e+01 -1.00e+05
2015 06 14  0605   57187  21900   1.83e+00  1.16e-01  8.67e-02  4.45e-02  3.66e-02  1.85e-02  6.82e+03  8.58e+01 -1.00e+05
2015 06 14  0610   57187  22200   1.92e+00  2.06e-01  1.61e-01  1.15e-01  7.84e-02  5.20e-02  6.26e+03  7.70e+01 -1.00e+05
2015 06 14  0615   57187  22500   1.60e+00  1.16e-01  8.67e-02  4.45e-02  3.66e-02  1.85e-02  6.11e+03  7.00e+01 -1.00e+05
2015 06 14  0620   57187  22800   1.63e+00  1.16e-01  8.67e-02  4.45e-02  3.66e-02  1.85e-02  6.33e+03  7.45e+01 -1.00e+05
2015 06 14  0625   57187  23100   1.51e+00  1.44e-01  1.15e-01  7.29e-02  6.49e-02  2.76e-02  6.90e+03  8.63e+01 -1.00e+05
2015 06 14  0630   57187  23400   2.11e+00  1.95e-01  9.87e-02  4.45e-02  3.66e-02  1.85e-02  6.87e+03  8.67e+01 -1.00e+05
2015 06 14  0635   57187  23700   1.64e+00  1.50e-01  1.20e-01  5.58e-02  4.78e-02  2.97e-02  6.80e+03  7.85e+01 -1.00e+05
2015 06 14  0640   57187  24000   1.59e+00  1.86e-01  1.56e-01  1.13e-01  7.39e-02  2.76e-02  6.62e+03  5.84e+01 -1.00e+05
2015 06 14  0645   57187  24300   1.74e+00  1.17e-01  8.74e-02  4.52e-02  3.67e-02  1.85e-02  6.86e+03  5.31e+01 -1.00e+05
2015 06 14  0650   57187  24600   2.19e+00  1.16e-01  8.67e-02  4.45e-02  3.66e-02  1.85e-02  1.07e+04  1.47e+02 -1.00e+05
2015 06 14  0655   57187  24900   2.16e+00  1.16e-01  8.67e-02  4.45e-02  3.66e-02  1.85e-02  1.18e+04  2.10e+02 -1.00e+05
2015 06 14  0700   57187  25200   2.05e+00  1.26e-01  9.69e-02  5.47e-02  4.63e-02  2.15e-02  1.33e+04  2.47e+02 -1.00e+05
2015 06 14  0705   57187  25500   2.52e+00  1.30e-01  1.00e-01  5.82e-02  5.03e-02  3.22e-02  1.35e+04  2.76e+02 -1.00e+05
2015 06 14  0710   57187  25800   2.52e+00  1.72e-01  1.42e-01  7.81e-02  4.24e-02  1.85e-02  1.44e+04  2.77e+02 -1.00e+05
2015 06 14  0715   57187  26100   2.16e+00  1.39e-01  1.10e-01  4.45e-02  3.66e-02  1.85e-02  1.17e+04  2.16e+02 -1.00e+05
2015 06 14  0720   57187  26400   2.88e+00  1.95e-01  1.07e-01  5.41e-02  4.61e-02  2.15e-02  9.71e+03  1.62e+02 -1.00e+05
2015 06 14  0725   57187  26700   1.91e+00  1.16e-01  8.67e-02  4.45e-02  3.66e-02  1.85e-02  9.38e+03  1.55e+02 -1.00e+05
2015 06 14  0730   57187  27000   2.68e+00  1.91e-01  1.62e-01  1.19e-01  8.50e-02  3.16e-02  1.19e+04  2.27e+02 -1.00e+05
2015 06 14  0735   57187  27300   2.09e+00  1.59e-01  1.29e-01  8.66e-02  6.24e-02  3.96e-02  1.24e+04  2.21e+02 -1.00e+05
2015 06 14  0740   57187  27600   2.06e+00  1.16e-01  8.67e-02  4.45e-02  3.66e-02  1.85e-02  4.60e+03  6.97e+01 -1.00e+05
2015 06 14  0745   57187  27900   2.24e+00  1.37e-01  8.99e-02  4.45e-02  3.66e-02  1.85e-02  7.71e+02  1.23e+01 -1.00e+05
2015 06 14  0750   57187  28200   3.54e+00  2.45e-01  8.91e-02  4.45e-02  3.66e-02  1.85e-02  3.51e+02  6.76e+00 -1.00e+05
2015 06 14  0755   57187  28500   1.84e+00  1.84e-01  1.54e-01  1.12e-01  9.31e-02  3.56e-02  3.73e+03  3.59e+01 -1.00e+05
2015 06 14  0800   57187  28800   1.91e+00  1.47e-01  1.17e-01  7.50e-02  6.71e-02  3.59e-02  6.16e+03  9.39e+01 -1.00e+05
2015 06 14  0805   57187  29100   2.04e+00  2.03e-01  1.73e-01  1.29e-01  7.93e-02  3.40e-02  3.87e+03  5.36e+01 -1.00e+05
2015 06 14  0810   57187  29400   2.27e+00  1.16e-01  8.67e-02  4.45e-02  3.66e-02  1.85e-02  2.52e+03  3.53e+01 -1.00e+05
2015 06 14  0815   57187  29700   2.85e+00  2.15e-01  1.20e-01  4.45e-02  3.66e-02  1.85e-02  3.49e+03  5.05e+01 -1.00e+05
2015 06 14  0820   57187  30000   2.55e+00  1.59e-01  1.30e-01  8.80e-02  8.00e-02  6.19e-02  2.45e+03  3.54e+01 -1.00e+05
2015 06 14  0825   57187  30300   2.20e+00  1.51e-01  1.22e-01  5.83e-02  3.97e-02  1.85e-02  1.58e+03  2.69e+01 -1.00e+05
2015 06 14  0830   57187  30600   3.85e+00  2.68e-01  8.90e-02  4.45e-02  3.66e-02  1.85e-02  1.04e+03  1.66e+01 -1.00e+05
2015 06 14  0835   57187  30900   3.47e+00  3.44e-01  2.01e-01  1.55e-01  9.58e-02  3.81e-02  6.22e+02  5.05e+00 -1.00e+05
2015 06 14  0840   57187  31200   2.86e+00  2.62e-01  1.15e-01  4.45e-02  3.66e-02  1.85e-02  3.19e+02  4.69e+00 -1.00e+05
2015 06 14  0845   57187  31500   2.02e+00  2.02e-01  1.57e-01  8.05e-02  7.25e-02  5.44e-02  2.48e+02  4.59e+00 -1.00e+05
2015 06 14  0850   57187  31800   1.78e+00  1.38e-01  9.12e-02  4.59e-02  3.79e-02  1.98e-02  1.34e+02  9.33e-01 -1.00e+05
2015 06 14  0855   57187  32100   3.06e+00  2.45e-01  8.91e-02  4.45e-02  3.66e-02  1.85e-02  3.25e+01  2.53e+00 -1.00e+05
2015 06 14  0900   57187  32400   2.64e+00  2.52e-01  1.07e-01  4.45e-02  3.66e-02  1.85e-02  2.88e+00  2.43e+00 -1.00e+05
2015 06 14  0905   57187  32700   3.96e+00  3.83e-01  1.02e-01  5.82e-02  5.03e-02  3.22e-02  1.75e+01  1.30e+00 -1.00e+05
2015 06 14  0910   57187  33000   2.50e+00  2.80e-01  1.35e-01  7.14e-02  4.26e-02  1.85e-02  3.71e+01  1.19e+00 -1.00e+05
2015 06 14  0915   57187  33300   2.44e+00  2.90e-01  1.15e-01  4.45e-02  3.66e-02  1.85e-02  1.18e+02  3.05e+00 -1.00e+05
2015 06 14  0920   57187  33600   2.57e+00  2.96e-01  9.52e-02  5.08e-02  4.28e-02  2.47e-02  4.73e+01  1.40e-01 -1.00e+05
2015 06 14  0925   57187  33900   9.91e+00  3.47e-01  1.22e-01  5.17e-02  3.82e-02  1.85e-02  1.09e+04  3.46e+02 -1.00e+05
2015 06 14  0930   57187  34200   5.74e+02  4.86e-01  2.37e-01  7.14e-02  4.26e-02  1.85e-02  3.34e+04  1.41e+03 -1.00e+05
2015 06 14  0935   57187  34500   4.78e+02  4.34e-01  9.91e-02  5.50e-02  4.15e-02  1.95e-02  3.45e+04  1.84e+03 -1.00e+05
2015 06 14  0940   57187  34800   8.18e+01  3.11e-01  8.95e-02  4.52e-02  3.67e-02  1.85e-02  2.08e+04  7.84e+02 -1.00e+05
2015 06 14  0945   57187  35100   3.52e+01  7.47e-01  1.77e-01  4.45e-02  3.66e-02  1.85e-02  1.99e+04  6.18e+02 -1.00e+05
2015 06 14  0950   57187  35400   4.26e+01  7.07e-01  2.07e-01  8.32e-02  7.52e-02  4.52e-02  1.51e+04  5.21e+02 -1.00e+05
2015 06 14  0955   57187  35700   2.84e+01  3.84e-01  1.03e-01  5.83e-02  3.97e-02  1.85e-02  1.49e+04  4.96e+02 -1.00e+05
2015 06 14  1000   57187  36000   3.08e+01  6.87e-01  2.17e-01  5.17e-02  3.82e-02  1.85e-02  1.42e+04  4.54e+02 -1.00e+05
2015 06 14  1005   57187  36300   3.37e+01  5.47e-01  1.17e-01  7.36e-02  6.51e-02  2.76e-02  1.33e+04  4.39e+02 -1.00e+05
2015 06 14  1010   57187  36600   2.87e+01  4.59e-01  8.82e-02  4.45e-02  3.66e-02  1.85e-02  1.33e+04  4.34e+02 -1.00e+05
2015 06 14  1015   57187  36900   3.21e+01  7.08e-01  1.23e-01  7.81e-02  4.24e-02  1.85e-02  1.46e+04  4.51e+02 -1.00e+05
2015 06 14  1020   57187  37200   2.51e+01  4.45e-01  1.27e-01  8.12e-02  4.24e-02  1.85e-02  1.42e+04  4.53e+02 -1.00e+05
2015 06 14  1025   57187  37500   2.38e+01  7.55e-01  2.12e-01  4.83e-02  4.04e-02  2.22e-02  1.42e+04  4.24e+02 -1.00e+05
2015 06 14  1030   57187  37800   1.69e+01  4.49e-01  1.55e-01  8.45e-02  4.56e-02  1.85e-02  1.28e+04  3.46e+02 -1.00e+05
2015 06 14  1035   57187  38100   2.33e+01  1.17e+00  2.71e-01  6.84e-02  6.04e-02  1.86e-02  1.32e+04  3.90e+02 -1.00e+05
2015 06 14  1040   57187  38400   2.27e+01  5.88e-01  1.68e-01  1.24e-01  8.72e-02  6.09e-02  1.48e+04  4.67e+02 -1.00e+05
2015 06 14  1045   57187  38700   1.53e+01  4.81e-01  1.86e-01  1.42e-01  1.23e-01  5.22e-02  1.09e+04  3.57e+02 -1.00e+05
2015 06 14  1050   57187  39000   2.13e+01  7.88e-01  1.19e-01  5.33e-02  4.53e-02  2.72e-02  9.43e+03  3.46e+02 -1.00e+05
2015 06 14  1055   57187  39300   1.61e+01  5.07e-01  1.54e-01  8.78e-02  5.69e-02  3.22e-02  9.55e+03  3.59e+02 -1.00e+05
2015 06 14  1100   57187  39600   1.25e+01  2.63e-01  1.32e-01  8.73e-02  7.02e-02  4.95e-02  1.04e+04  3.79e+02 -1.00e+05
2015 06 14  1105   57187  39900   1.50e+01  7.24e-01  2.14e-01  8.07e-02  5.70e-02  2.35e-02  1.14e+04  3.83e+02 -1.00e+05
2015 06 14  1110   57187  40200   1.32e+01  3.77e-01  1.57e-01  1.11e-01  7.59e-02  5.20e-02  1.18e+04  4.12e+02 -1.00e+05
2015 06 14  1115   57187  40500   1.41e+01  4.75e-01  1.61e-01  1.17e-01  1.09e-01  4.17e-02  1.24e+04  4.12e+02 -1.00e+05
2015 06 14  1120   57187  40800   1.86e+01  1.34e+00  2.28e-01  4.45e-02  3.66e-02  1.85e-02  1.29e+04  4.35e+02 -1.00e+05
2015 06 14  1125   57187  41100   1.75e+01  6.00e-01  1.29e-01  7.06e-02  6.26e-02  4.45e-02  1.25e+04  4.24e+02 -1.00e+05
2015 06 14  1130   57187  41400   1.62e+01  6.05e-01  1.62e-01  9.17e-02  8.37e-02  3.36e-02  1.26e+04  4.31e+02 -1.00e+05
2015 06 14  1135   57187  41700   1.78e+01  9.93e-01  2.27e-01  4.45e-02  3.66e-02  1.85e-02  1.28e+04  4.48e+02 -1.00e+05
2015 06 14  1140   57187  42000   1.68e+01  9.42e-01  2.88e-01  6.74e-02  5.94e-02  2.84e-02  1.30e+04  4.81e+02 -1.00e+05
2015 06 14  1145   57187  42300   1.51e+01  4.28e-01  1.57e-01  8.72e-02  4.91e-02  2.22e-02  1.29e+04  4.73e+02 -1.00e+05
2015 06 14  1150   57187  42600   1.27e+01  3.67e-01  1.06e-01  6.21e-02  5.41e-02  3.60e-02  1.34e+04  4.75e+02 -1.00e+05
2015 06 14  1155   57187  42900   1.61e+01  9.33e-01  3.44e-01  9.74e-02  5.51e-02  2.25e-02  1.31e+04  4.66e+02 -1.00e+05
2015 06 14  1200   57187  43200   1.66e+01  5.81e-01  1.12e-01  6.81e-02  4.44e-02  1.95e-02  1.44e+04  4.91e+02 -1.00e+05
2015 06 14  1205   57187  43500   1.51e+01  4.24e-01  8.84e-02  4.45e-02  3.66e-02  1.85e-02  1.49e+04  5.13e+02 -1.00e+05
2015 06 14  1210   57187  43800   1.71e+01  4.88e-01  1.44e-01  9.95e-02  7.58e-02  2.96e-02  1.53e+04  5.49e+02 -1.00e+05
2015 06 14  1215   57187  44100   2.18e+01  5.42e-01  8.80e-02  4.45e-02  3.66e-02  1.85e-02  1.48e+04  5.82e+02 -1.00e+05
2015 06 14  1220   57187  44400   1.05e+01  2.81e-01  1.39e-01  6.45e-02  5.65e-02  3.84e-02  1.50e+04  5.67e+02 -1.00e+05
2015 06 14  1225   57187  44700   1.48e+01  3.63e-01  1.14e-01  4.45e-02  3.66e-02  1.85e-02  1.58e+04  6.03e+02 -1.00e+05
2015 06 14  1230   57187  45000   2.18e+01  1.06e+00  2.40e-01  9.55e-02  8.75e-02  6.94e-02  1.63e+04  6.15e+02 -1.00e+05
2015 06 14  1235   57187  45300   1.28e+01  2.56e-01  1.25e-01  8.05e-02  7.25e-02  5.44e-02  1.58e+04  6.21e+02 -1.00e+05
2015 06 14  1240   57187  45600   1.53e+01  3.83e-01  1.37e-01  9.24e-02  8.39e-02  3.36e-02  1.65e+04  6.28e+02 -1.00e+05
2015 06 14  1245   57187  45900   2.02e+01  4.66e-01  1.18e-01  7.46e-02  6.66e-02  3.40e-02  1.66e+04  6.61e+02 -1.00e+05
2015 06 14  1250   57187  46200   1.79e+01  3.91e-01  1.30e-01  8.49e-02  6.01e-02  3.71e-02  1.72e+04  6.77e+02 -1.00e+05
2015 06 14  1255   57187  46500   1.91e+01  4.59e-01  1.38e-01  7.94e-02  7.15e-02  5.34e-02  1.75e+04  6.96e+02 -1.00e+05
2015 06 14  1300   57187  46800   2.28e+01  8.37e-01  2.54e-01  1.19e-01  1.11e-01  5.18e-02  1.82e+04  6.99e+02 -1.00e+05
2015 06 14  1305   57187  47100   1.99e+01  4.89e-01  1.36e-01  9.14e-02  5.85e-02  3.46e-02  1.82e+04  7.12e+02 -1.00e+05
2015 06 14  1310   57187  47400   1.36e+01  3.02e-01  1.43e-01  9.80e-02  9.00e-02  3.56e-02  1.97e+04  7.31e+02 -1.00e+05
2015 06 14  1315   57187  47700   1.38e+01  2.60e-01  1.28e-01  8.25e-02  5.00e-02  2.47e-02  1.91e+04  7.35e+02 -1.00e+05
2015 06 14  1320   57187  48000   2.30e+01  7.03e-01  1.18e-01  7.41e-02  4.62e-02  2.22e-02  1.94e+04  7.36e+02 -1.00e+05
2015 06 14  1325   57187  48300   1.80e+01  3.54e-01  1.23e-01  7.92e-02  7.12e-02  2.96e-02  1.95e+04  7.40e+02 -1.00e+05
2015 06 14  1330   57187  48600   1.59e+01  2.82e-01  1.03e-01  5.83e-02  3.97e-02  1.85e-02  1.92e+04  7.55e+02 -1.00e+05
2015 06 14  1335   57187  48900   1.99e+01  4.11e-01  1.12e-01  6.81e-02  6.02e-02  4.21e-02  1.96e+04  7.55e+02 -1.00e+05
2015 06 14  1340   57187  49200   1.71e+01  3.32e-01  1.55e-01  1.11e-01  1.03e-01  3.97e-02  2.11e+04  7.71e+02 -1.00e+05
2015 06 14  1345   57187  49500   1.98e+01  4.06e-01  8.84e-02  4.45e-02  3.66e-02  1.85e-02  2.09e+04  7.65e+02 -1.00e+05
2015 06 14  1350   57187  49800   2.26e+01  6.34e-01  1.67e-01  6.32e-02  5.52e-02  3.71e-02  2.06e+04  7.71e+02 -1.00e+05
2015 06 14  1355   57187  50100   1.99e+01  5.09e-01  1.70e-01  6.90e-02  6.10e-02  4.29e-02  2.13e+04  7.89e+02 -1.00e+05
2015 06 14  1400   57187  50400   1.92e+01  6.44e-01  3.45e-01  9.02e-02  5.36e-02  2.97e-02  2.19e+04  8.06e+02 -1.00e+05
2015 06 14  1405   57187  50700   2.69e+01  9.20e-01  2.40e-01  6.76e-02  5.40e-02  2.35e-02  2.21e+04  8.21e+02 -1.00e+05
2015 06 14  1410   57187  51000   3.10e+01  8.92e-01  2.61e-01  1.00e-01  7.32e-02  4.95e-02  2.26e+04  8.57e+02 -1.00e+05
2015 06 14  1415   57187  51300   2.67e+01  4.61e-01  1.37e-01  9.26e-02  7.91e-02  3.16e-02  2.19e+04  8.51e+02 -1.00e+05
2015 06 14  1420   57187  51600   1.75e+01  3.27e-01  1.95e-01  6.10e-02  5.25e-02  2.35e-02  2.35e+04  8.70e+02 -1.00e+05
2015 06 14  1425   57187  51900   2.34e+01  3.02e-01  1.23e-01  7.79e-02  4.41e-02  1.85e-02  2.31e+04  8.71e+02 -1.00e+05
2015 06 14  1430   57187  52200   2.09e+01  2.80e-01  1.25e-01  8.07e-02  6.87e-02  4.95e-02  2.33e+04  8.67e+02 -1.00e+05
2015 06 14  1435   57187  52500   2.18e+01  4.17e-01  1.36e-01  9.08e-02  5.38e-02  2.72e-02  2.39e+04  8.99e+02 -1.00e+05
2015 06 14  1440   57187  52800   2.35e+01  3.03e-01  1.25e-01  7.95e-02  5.31e-02  2.97e-02  2.37e+04  8.56e+02 -1.00e+05
2015 06 14  1445   57187  53100   1.83e+01  1.95e-01  9.87e-02  4.45e-02  3.66e-02  1.85e-02  2.25e+04  8.84e+02 -1.00e+05
2015 06 14  1450   57187  53400   2.88e+01  5.16e-01  1.76e-01  7.38e-02  6.59e-02  4.78e-02  2.44e+04  9.24e+02 -1.00e+05
2015 06 14  1455   57187  53700   2.30e+01  2.72e-01  1.17e-01  7.18e-02  5.71e-02  3.71e-02  2.45e+04  9.66e+02 -1.00e+05
2015 06 14  1500   57187  54000   1.32e+01  1.46e-01  1.16e-01  7.38e-02  6.03e-02  2.56e-02  2.53e+04  9.31e+02 -1.00e+05
2015 06 14  1505   57187  54300   1.54e+01  1.59e-01  1.24e-01  8.07e-02  5.70e-02  2.35e-02  2.53e+04  9.42e+02 -1.00e+05
2015 06 14  1510   57187  54600   2.93e+01  4.53e-01  1.75e-01  5.17e-02  3.82e-02  1.85e-02  2.62e+04  9.98e+02 -1.00e+05
2015 06 14  1515   57187  54900   2.66e+01  3.99e-01  1.95e-01  5.83e-02  3.97e-02  1.85e-02  2.64e+04  1.02e+03 -1.00e+05
2015 06 14  1520   57187  55200   1.56e+01  1.25e-01  9.54e-02  5.33e-02  4.53e-02  2.72e-02  2.57e+04  1.01e+03 -1.00e+05
2015 06 14  1525   57187  55500   3.73e+01  4.02e-01  1.76e-01  1.31e-01  9.80e-02  3.84e-02  2.91e+04  1.09e+03 -1.00e+05
2015 06 14  1530   57187  55800   3.60e+01  2.84e-01  1.29e-01  8.48e-02  7.68e-02  5.87e-02  2.70e+04  1.08e+03 -1.00e+05
2015 06 14  1535   57187  56100   3.22e+01  2.83e-01  1.39e-01  5.33e-02  4.53e-02  2.72e-02  2.72e+04  1.10e+03 -1.00e+05
2015 06 14  1540   57187  56400   2.27e+01  1.57e-01  1.20e-01  7.69e-02  6.89e-02  4.32e-02  2.97e+04  1.12e+03 -1.00e+05
2015 06 14  1545   57187  56700   4.46e+01  2.90e-01  1.24e-01  7.92e-02  7.12e-02  2.96e-02  2.99e+04  1.22e+03 -1.00e+05
2015 06 14  1550   57187  57000   2.96e+01  2.61e-01  1.60e-01  1.05e-01  9.75e-02  4.23e-02  3.10e+04  1.26e+03 -1.00e+05
2015 06 14  1555   57187  57300   2.13e+01  1.50e-01  1.20e-01  6.07e-02  5.27e-02  3.46e-02  3.01e+04  1.26e+03 -1.00e+05
2015 06 14  1600   57187  57600   2.44e+01  2.15e-01  1.86e-01  4.45e-02  3.66e-02  1.85e-02  3.12e+04  1.23e+03 -1.00e+05
2015 06 14  1605   57187  57900   2.65e+01  1.38e-01  9.06e-02  4.52e-02  3.67e-02  1.85e-02  3.07e+04  1.22e+03 -1.00e+05
2015 06 14  1610   57187  58200   4.22e+01  2.62e-01  1.30e-01  8.45e-02  4.56e-02  1.85e-02  3.02e+04  1.28e+03 -1.00e+05
2015 06 14  1615   57187  58500   4.20e+01  2.62e-01  1.15e-01  4.45e-02  3.66e-02  1.85e-02  3.10e+04  1.27e+03 -1.00e+05
2015 06 14  1620   57187  58800   2.21e+01  1.16e-01  8.67e-02  4.45e-02  3.66e-02  1.85e-02  3.02e+04  1.23e+03 -1.00e+05
2015 06 14  1625   57187  59100   1.94e+01  1.37e-01  1.08e-01  4.45e-02  3.66e-02  1.85e-02  2.98e+04  1.24e+03 -1.00e+05
2015 06 14  1630   57187  59400   4.06e+01  3.31e-01  8.87e-02  4.45e-02  3.66e-02  1.85e-02  3.04e+04  1.22e+03 -1.00e+05
2015 06 14  1635   57187  59700   1.70e+01  1.53e-01  1.23e-01  8.07e-02  5.70e-02  2.35e-02  3.00e+04  1.17e+03 -1.00e+05
2015 06 14  1640   57187  60000   2.66e+01  2.61e-01  1.69e-01  1.14e-01  7.85e-02  5.46e-02  2.83e+04  1.15e+03 -1.00e+05
2015 06 14  1645   57187  60300   1.60e+01  1.59e-01  1.30e-01  8.63e-02  5.11e-02  2.72e-02  2.85e+04  1.15e+03 -1.00e+05
2015 06 14  1650   57187  60600   3.20e+01  2.62e-01  1.15e-01  4.45e-02  3.66e-02  1.85e-02  3.27e+04  1.25e+03 -1.00e+05
2015 06 14  1655   57187  60900   3.14e+01  2.45e-01  8.91e-02  4.45e-02  3.66e-02  1.85e-02  2.92e+04  1.22e+03 -1.00e+05
2015 06 14  1700   57187  61200   2.11e+01  1.44e-01  1.15e-01  5.17e-02  3.82e-02  1.85e-02  3.18e+04  1.29e+03 -1.00e+05
2015 06 14  1705   57187  61500   3.06e+01  2.49e-01  1.17e-01  7.14e-02  4.26e-02  1.85e-02  3.04e+04  1.30e+03 -1.00e+05
2015 06 14  1710   57187  61800   2.24e+01  1.84e-01  1.55e-01  9.68e-02  6.85e-02  4.45e-02  3.30e+04  1.38e+03 -1.00e+05
2015 06 14  1715   57187  62100   2.92e+01  2.52e-01  1.07e-01  4.45e-02  3.66e-02  1.85e-02  3.32e+04  1.43e+03 -1.00e+05
2015 06 14  1720   57187  62400   3.44e+01  3.99e-01  2.55e-01  9.44e-02  5.36e-02  2.97e-02  3.57e+04  1.45e+03 -1.00e+05
2015 06 14  1725   57187  62700   2.61e+01  2.29e-01  1.33e-01  7.79e-02  4.41e-02  1.85e-02  3.36e+04  1.44e+03 -1.00e+05
2015 06 14  1730   57187  63000   3.41e+01  2.37e-01  1.05e-01  6.07e-02  5.27e-02  3.46e-02  3.47e+04  1.41e+03 -1.00e+05
2015 06 14  1735   57187  63300   2.03e+01  1.56e-01  1.27e-01  8.33e-02  4.62e-02  2.22e-02  3.54e+04  1.44e+03 -1.00e+05
2015 06 14  1740   57187  63600   2.40e+01  1.58e-01  1.28e-01  6.48e-02  4.11e-02  1.85e-02  3.55e+04  1.55e+03 -1.00e+05
2015 06 14  1745   57187  63900   2.16e+01  1.17e-01  8.74e-02  4.52e-02  3.67e-02  1.85e-02  3.61e+04  1.55e+03 -1.00e+05
2015 06 14  1750   57187  64200   2.93e+01  1.72e-01  1.24e-01  7.79e-02  4.41e-02  1.85e-02  3.61e+04  1.56e+03 -1.00e+05
2015 06 14  1755   57187  64500   4.79e+01  4.96e-01  2.18e-01  6.48e-02  4.11e-02  1.85e-02  3.74e+04  1.62e+03 -1.00e+05
2015 06 14  1800   57187  64800   5.37e+01  2.75e-01  9.64e-02  5.17e-02  3.82e-02  1.85e-02  3.76e+04  1.63e+03 -1.00e+05
2015 06 14  1805   57187  65100   3.26e+01  2.32e-01  1.68e-01  1.19e-01  8.50e-02  3.16e-02  3.78e+04  1.65e+03 -1.00e+05
2015 06 14  1810   57187  65400   2.73e+01  1.88e-01  1.58e-01  9.68e-02  5.43e-02  2.98e-02  3.77e+04  1.68e+03 -1.00e+05
2015 06 14  1815   57187  65700   3.96e+01  1.95e-01  9.87e-02  4.45e-02  3.66e-02  1.85e-02  3.96e+04  1.77e+03 -1.00e+05
2015 06 14  1820   57187  66000   3.77e+01  1.76e-01  1.17e-01  6.95e-02  6.15e-02  1.86e-02  3.78e+04  1.71e+03 -1.00e+05
2015 06 14  1825   57187  66300   6.06e+01  2.83e-01  1.04e-01  5.92e-02  4.09e-02  1.98e-02  4.10e+04  1.86e+03 -1.00e+05
2015 06 14  1830   57187  66600   6.95e+01  4.73e-01  1.73e-01  4.45e-02  3.66e-02  1.85e-02  3.92e+04  1.77e+03 -1.00e+05
2015 06 14  1835   57187  66900   3.36e+01  1.49e-01  1.20e-01  4.45e-02  3.66e-02  1.85e-02  3.92e+04  1.87e+03 -1.00e+05
2015 06 14  1840   57187  67200   9.28e+01  3.45e-01  1.25e-01  8.05e-02  7.25e-02  5.44e-02  4.06e+04  1.89e+03 -1.00e+05
2015 06 14  1845   57187  67500   6.15e+01  2.85e-01  1.41e-01  5.58e-02  4.78e-02  2.97e-02  4.07e+04  1.97e+03 -1.00e+05
2015 06 14  1850   57187  67800   4.26e+01  1.28e-01  9.86e-02  5.63e-02  4.41e-02  2.47e-02  4.15e+04  2.00e+03 -1.00e+05
2015 06 14  1855   57187  68100   4.10e+01  1.26e-01  9.69e-02  5.47e-02  4.63e-02  2.15e-02  4.11e+04  2.04e+03 -1.00e+05
2015 06 14  1900   57187  68400   4.11e+01  1.57e-01  1.28e-01  8.55e-02  7.75e-02  5.94e-02  4.12e+04  1.89e+03 -1.00e+05
2015 06 14  1905   57187  68700   4.01e+01  1.16e-01  8.67e-02  4.45e-02  3.66e-02  1.85e-02  4.03e+04  1.99e+03 -1.00e+05
2015 06 14  1910   57187  69000   8.79e+01  5.68e-01  2.69e-01  7.14e-02  4.26e-02  1.85e-02  4.17e+04  1.99e+03 -1.00e+05
2015 06 14  1915   57187  69300   6.05e+01  1.95e-01  9.87e-02  4.45e-02  3.66e-02  1.85e-02  4.03e+04  1.95e+03 -1.00e+05
2015 06 14  1920   57187  69600   8.58e+01  3.09e-01  1.30e-01  8.45e-02  4.56e-02  1.85e-02  4.14e+04  2.02e+03 -1.00e+05
2015 06 14  1925   57187  69900   4.85e+01  2.51e-01  2.22e-01  1.78e-01  9.59e-02  1.86e-02  4.15e+04  1.97e+03 -1.00e+05
2015 06 14  1930   57187  70200   4.13e+01  2.22e-01  1.93e-01  5.17e-02  3.82e-02  1.85e-02  4.02e+04  1.95e+03 -1.00e+05
2015 06 14  1935   57187  70500   6.52e+01  2.30e-01  1.36e-01  6.57e-02  5.77e-02  3.96e-02  3.98e+04  1.90e+03 -1.00e+05
2015 06 14  1940   57187  70800   5.89e+01  2.16e-01  1.22e-01  6.81e-02  6.02e-02  4.21e-02  4.15e+04  2.00e+03 -1.00e+05
2015 06 14  1945   57187  71100   4.67e+01  1.22e-01  9.30e-02  5.08e-02  4.28e-02  2.47e-02  4.02e+04  1.92e+03 -1.00e+05
2015 06 14  1950   57187  71400   4.38e+01  1.51e-01  1.22e-01  5.83e-02  3.97e-02  1.85e-02  4.16e+04  2.01e+03 -1.00e+05
2015 06 14  1955   57187  71700   3.74e+01  1.17e-01  8.74e-02  4.52e-02  3.67e-02  1.85e-02  3.68e+04  1.71e+03 -1.00e+05
2015 06 14  2000   57187  72000   4.36e+01  1.58e-01  1.28e-01  8.56e-02  6.08e-02  3.73e-02  4.10e+04  1.89e+03 -1.00e+05
2015 06 14  2005   57187  72300   5.84e+01  2.21e-01  1.27e-01  7.31e-02  6.51e-02  4.70e-02  4.04e+04  1.89e+03 -1.00e+05
2015 06 14  2010   57187  72600   6.68e+01  2.52e-01  1.07e-01  4.45e-02  3.66e-02  1.85e-02  3.76e+04  1.75e+03 -1.00e+05
2015 06 14  2015   57187  72900   4.25e+01  1.44e-01  1.14e-01  7.14e-02  4.26e-02  1.85e-02  4.15e+04  2.02e+03 -1.00e+05
2015 06 14  2020   57187  73200   5.11e+01  1.39e-01  1.10e-01  4.45e-02  3.66e-02  1.85e-02  4.27e+04  2.07e+03 -1.00e+05
2015 06 14  2025   57187  73500   4.39e+01  1.37e-01  1.08e-01  4.45e-02  3.66e-02  1.85e-02  4.17e+04  2.04e+03 -1.00e+05
2015 06 14  2030   57187  73800   7.86e+01  3.30e-01  2.20e-01  1.74e-01  1.12e-01  3.56e-02  4.19e+04  1.98e+03 -1.00e+05
2015 06 14  2035   57187  74100   4.85e+01  1.16e-01  8.67e-02  4.45e-02  3.66e-02  1.85e-02  4.08e+04  2.00e+03 -1.00e+05
2015 06 14  2040   57187  74400   6.05e+01  1.92e-01  1.45e-01  7.79e-02  4.41e-02  1.85e-02  4.04e+04  1.96e+03 -1.00e+05
2015 06 14  2045   57187  74700   4.77e+01  1.16e-01  8.67e-02  4.45e-02  3.66e-02  1.85e-02  4.13e+04  1.99e+03 -1.00e+05
2015 06 14  2050   57187  75000   5.03e+01  2.44e-01  2.15e-01  7.14e-02  4.26e-02  1.85e-02  4.08e+04  2.01e+03 -1.00e+05
2015 06 14  2055   57187  75300   5.81e+01  3.65e-01  3.18e-01  8.25e-02  4.24e-02  1.85e-02  4.19e+04  2.10e+03 -1.00e+05
2015 06 14  2100   57187  75600   6.24e+01  2.52e-01  1.07e-01  4.45e-02  3.66e-02  1.85e-02  4.11e+04  1.93e+03 -1.00e+05
2015 06 14  2105   57187  75900   3.92e+01  1.38e-01  1.09e-01  6.69e-02  5.89e-02  2.65e-02  4.19e+04  1.96e+03 -1.00e+05
2015 06 14  2110   57187  76200   4.12e+01  1.71e-01  1.42e-01  8.80e-02  8.00e-02  6.19e-02  4.39e+04  2.12e+03 -1.00e+05
2015 06 14  2115   57187  76500   7.37e+01  2.71e-01  1.39e-01  9.36e-02  6.10e-02  3.71e-02  4.33e+04  2.06e+03 -1.00e+05
2015 06 14  2120   57187  76800   5.63e+01  2.15e-01  1.20e-01  4.45e-02  3.66e-02  1.85e-02  4.20e+04  2.03e+03 -1.00e+05
2015 06 14  2125   57187  77100   4.44e+01  1.89e-01  1.59e-01  5.17e-02  3.82e-02  1.85e-02  4.39e+04  2.06e+03 -1.00e+05
2015 06 14  2130   57187  77400   4.23e+01  1.44e-01  1.15e-01  5.17e-02  3.82e-02  1.85e-02  4.12e+04  1.96e+03 -1.00e+05
2015 06 14  2135   57187  77700   4.33e+01  3.22e-01  2.92e-01  8.25e-02  4.24e-02  1.85e-02  4.13e+04  2.04e+03 -1.00e+05
2015 06 14  2140   57187  78000   8.29e+01  3.25e-01  1.56e-01  6.89e-02  5.27e-02  3.25e-02  4.10e+04  1.98e+03 -1.00e+05
2015 06 14  2145   57187  78300   5.73e+01  2.14e-01  1.46e-01  9.70e-02  6.10e-02  3.74e-02  4.19e+04  1.98e+03 -1.00e+05
2015 06 14  2150   57187  78600   5.33e+01  1.60e-01  9.07e-02  4.33e-02  3.58e-02  1.80e-02  3.98e+04  1.91e+03 -1.00e+05
2015 06 14  2155   57187  78900   6.33e+01  2.18e-01  9.95e-02  4.33e-02  3.58e-02  1.80e-02  3.84e+04  1.81e+03 -1.00e+05
2015 06 14  2200   57187  79200   6.88e+01  2.02e-01  8.55e-02  4.33e-02  3.58e-02  1.80e-02  3.73e+04  1.72e+03 -1.00e+05
2015 06 14  2205   57187  79500   4.37e+01  2.04e-01  1.77e-01  5.84e-02  3.92e-02  1.80e-02  3.77e+04  1.80e+03 -1.00e+05
2015 06 14  2210   57187  79800   5.72e+01  4.42e-01  2.83e-01  1.30e-01  1.07e-01  4.06e-02  3.78e+04  1.64e+03 -1.00e+05
2015 06 14  2215   57187  80100   2.63e+01  1.10e-01  8.30e-02  4.33e-02  3.58e-02  1.80e-02  3.48e+04  1.43e+03 -1.00e+05
2015 06 14  2220   57187  80400   3.76e+01  2.33e-01  1.44e-01  9.28e-02  8.53e-02  4.38e-02  3.16e+04  1.35e+03 -1.00e+05
2015 06 14  2225   57187  80700   3.00e+01  2.28e-01  2.01e-01  4.33e-02  3.58e-02  1.80e-02  3.76e+04  1.50e+03 -1.00e+05
2015 06 14  2230   57187  81000   2.94e+01  1.86e-01  1.59e-01  7.81e-02  4.36e-02  1.80e-02  3.69e+04  1.48e+03 -1.00e+05
2015 06 14  2235   57187  81300   3.89e+01  2.60e-01  1.41e-01  4.53e-02  3.62e-02  1.80e-02  3.51e+04  1.38e+03 -1.00e+05
2015 06 14  2240   57187  81600   2.56e+01  1.33e-01  1.05e-01  6.50e-02  4.06e-02  1.80e-02  3.48e+04  1.32e+03 -1.00e+05
2015 06 14  2245   57187  81900   2.62e+01  2.68e-01  2.41e-01  7.81e-02  4.36e-02  1.80e-02  3.32e+04  1.29e+03 -1.00e+05
2015 06 14  2250   57187  82200   2.94e+01  1.50e-01  1.22e-01  8.25e-02  7.50e-02  5.73e-02  3.49e+04  1.41e+03 -1.00e+05
2015 06 14  2255   57187  82500   4.00e+01  1.60e-01  9.07e-02  4.33e-02  3.58e-02  1.80e-02  3.62e+04  1.44e+03 -1.00e+05
2015 06 14  2300   57187  82800   2.63e+01  1.26e-01  9.87e-02  5.84e-02  3.92e-02  1.80e-02  3.28e+04  1.23e+03 -1.00e+05
2015 06 14  2305   57187  83100   3.85e+01  3.42e-01  2.24e-01  5.28e-02  4.53e-02  2.75e-02  3.11e+04  1.20e+03 -1.00e+05
2015 06 14  2310   57187  83400   2.22e+01  1.10e-01  8.30e-02  4.33e-02  3.58e-02  1.80e-02  3.13e+04  1.20e+03 -1.00e+05
2015 06 14  2315   57187  83700   2.24e+01  1.12e-01  8.52e-02  4.53e-02  3.62e-02  1.80e-02  2.85e+04  1.05e+03 -1.00e+05
2015 06 14  2320   57187  84000   2.22e+01  1.50e-01  1.22e-01  8.25e-02  7.50e-02  5.73e-02  2.85e+04  1.00e+03 -1.00e+05
2015 06 14  2325   57187  84300   2.08e+01  1.46e-01  1.18e-01  7.73e-02  4.16e-02  1.80e-02  2.80e+04  9.92e+02 -1.00e+05
2015 06 14  2330   57187  84600   3.92e+01  2.02e-01  8.55e-02  4.33e-02  3.58e-02  1.80e-02  2.99e+04  1.08e+03 -1.00e+05
2015 06 14  2335   57187  84900   2.31e+01  1.10e-01  8.30e-02  4.33e-02  3.58e-02  1.80e-02  3.05e+04  1.15e+03 -1.00e+05
2015 06 14  2340   57187  85200   2.15e+01  1.27e-01  1.00e-01  6.02e-02  5.27e-02  3.50e-02  3.05e+04  1.07e+03 -1.00e+05
2015 06 14  2345   57187  85500   2.00e+01  1.45e-01  1.17e-01  7.75e-02  7.00e-02  2.90e-02  2.89e+04  1.02e+03 -1.00e+05
2015 06 14  2350   57187  85800   2.68e+01  2.78e-01  2.08e-01  4.33e-02  3.58e-02  1.80e-02  3.00e+04  1.06e+03 -1.00e+05
2015 06 14  2355   57187  86100   2.04e+01  2.28e-01  2.01e-01  4.33e-02  3.58e-02  1.80e-02  2.99e+04  1.05e+03 -1.00e+05
