:Data_list: 20151222_Gs_part_5m.txt
:Created: 2015 Dec 23 0011 UTC
# Prepared by the U.S. Dept. of Commerce, NOAA, Space Weather Prediction Center
# Please send comments and suggestions to SWPC.Webmaster@noaa.gov 
# 
# Label: P > 1 = Particles at >1 Mev
# Label: P > 5 = Particles at >5 Mev
# Label: P >10 = Particles at >10 Mev
# Label: P >30 = Particles at >30 Mev
# Label: P >50 = Particles at >50 Mev
# Label: P>100 = Particles at >100 Mev
# Label: E>0.8 = Electrons at >0.8 Mev
# Label: E>2.0 = Electrons at >2.0 Mev
# Label: E>4.0 = Electrons at >4.0 Mev
# Units: Particles = Protons/cm2-s-sr
# Units: Electrons = Electrons/cm2-s-sr
# Source: GOES-15
# Location: W135
# Missing data: -1.00e+05
#
#                      5-minute  GOES-15 Solar Particle and Electron Flux
#
#                 Modified Seconds
# UTC Date  Time   Julian  of the
# YR MO DA  HHMM    Day     Day     P > 1     P > 5     P >10     P >30     P >50     P>100     E>0.8     E>2.0     E>4.0
#-------------------------------------------------------------------------------------------------------------------------
2015 12 22  0000   57378      0   2.11e+01  1.87e-01  9.97e-02  4.73e-02  3.80e-02  1.96e-02  6.17e+04  1.77e+03 -1.00e+05
2015 12 22  0005   57378    300   1.93e+01  1.88e-01  1.09e-01  5.77e-02  4.84e-02  2.29e-02  6.00e+04  1.66e+03 -1.00e+05
2015 12 22  0010   57378    600   2.90e+01  3.93e-01  1.56e-01  4.73e-02  3.80e-02  1.96e-02  6.19e+04  1.76e+03 -1.00e+05
2015 12 22  0015   57378    900   1.81e+01  1.42e-01  1.16e-01  7.49e-02  6.20e-02  2.70e-02  6.47e+04  1.83e+03 -1.00e+05
2015 12 22  0020   57378   1200   1.92e+01  1.14e-01  8.85e-02  4.73e-02  3.80e-02  1.96e-02  6.53e+04  1.83e+03 -1.00e+05
2015 12 22  0025   57378   1500   2.03e+01  2.00e-01  1.74e-01  1.33e-01  1.24e-01  4.71e-02  6.78e+04  1.88e+03 -1.00e+05
2015 12 22  0030   57378   1800   2.43e+01  1.68e-01  1.30e-01  6.69e-02  5.76e-02  3.92e-02  6.67e+04  1.83e+03 -1.00e+05
2015 12 22  0035   57378   2100   1.83e+01  1.60e-01  1.35e-01  9.34e-02  8.41e-02  5.60e-02  6.45e+04  1.67e+03 -1.00e+05
2015 12 22  0040   57378   2400   2.85e+01  4.92e-01  3.28e-01  8.77e-02  4.89e-02  2.09e-02  6.07e+04  1.55e+03 -1.00e+05
2015 12 22  0045   57378   2700   2.66e+01  2.77e-01  1.08e-01  6.39e-02  5.47e-02  2.50e-02  5.99e+04  1.55e+03 -1.00e+05
2015 12 22  0050   57378   3000   1.68e+01  1.82e-01  1.57e-01  1.02e-01  9.23e-02  3.70e-02  6.01e+04  1.45e+03 -1.00e+05
2015 12 22  0055   57378   3300   1.81e+01  1.72e-01  1.46e-01  1.05e-01  9.60e-02  5.15e-02  6.20e+04  1.54e+03 -1.00e+05
2015 12 22  0100   57378   3600   2.69e+01  4.09e-01  2.11e-01  8.87e-02  7.94e-02  5.36e-02  5.82e+04  1.43e+03 -1.00e+05
2015 12 22  0105   57378   3900   1.94e+01  1.90e-01  1.30e-01  8.27e-02  7.35e-02  3.10e-02  5.65e+04  1.27e+03 -1.00e+05
2015 12 22  0110   57378   4200   1.29e+01  1.50e-01  1.25e-01  6.26e-02  5.28e-02  3.43e-02  5.41e+04  1.15e+03 -1.00e+05
2015 12 22  0115   57378   4500   1.78e+01  2.29e-01  1.42e-01  6.92e-02  5.43e-02  3.43e-02  5.19e+04  1.09e+03 -1.00e+05
2015 12 22  0120   57378   4800   1.15e+01  1.54e-01  1.28e-01  6.69e-02  5.76e-02  3.92e-02  5.18e+04  1.05e+03 -1.00e+05
2015 12 22  0125   57378   5100   1.80e+01  2.41e-01  1.27e-01  5.37e-02  4.12e-02  2.19e-02  4.93e+04  1.01e+03 -1.00e+05
2015 12 22  0130   57378   5400   1.01e+01  1.14e-01  8.85e-02  4.73e-02  3.80e-02  1.96e-02  4.70e+04  9.19e+02 -1.00e+05
2015 12 22  0135   57378   5700   1.63e+01  2.28e-01  1.28e-01  8.35e-02  7.29e-02  5.41e-02  4.66e+04  9.13e+02 -1.00e+05
2015 12 22  0140   57378   6000   9.83e+00  1.74e-01  1.48e-01  1.05e-01  7.70e-02  4.53e-02  4.71e+04  9.07e+02 -1.00e+05
2015 12 22  0145   57378   6300   1.22e+01  1.57e-01  1.31e-01  6.51e-02  4.20e-02  1.96e-02  4.66e+04  8.62e+02 -1.00e+05
2015 12 22  0150   57378   6600   1.20e+01  1.86e-01  1.60e-01  1.18e-01  8.92e-02  4.75e-02  4.74e+04  8.29e+02 -1.00e+05
2015 12 22  0155   57378   6900   1.67e+01  2.62e-01  2.03e-01  1.52e-01  9.16e-02  3.16e-02  4.66e+04  8.11e+02 -1.00e+05
2015 12 22  0200   57378   7200   2.72e+01  4.86e-01  1.96e-01  5.66e-02  4.76e-02  2.88e-02  4.66e+04  8.05e+02 -1.00e+05
2015 12 22  0205   57378   7500   1.58e+01  1.55e-01  1.17e-01  6.99e-02  4.39e-02  2.01e-02  4.68e+04  7.66e+02 -1.00e+05
2015 12 22  0210   57378   7800   1.97e+01  2.50e-01  1.65e-01  1.09e-01  7.07e-02  4.61e-02  4.66e+04  7.20e+02 -1.00e+05
2015 12 22  0215   57378   8100   1.88e+01  1.90e-01  1.03e-01  4.79e-02  3.89e-02  2.01e-02  4.45e+04  6.95e+02 -1.00e+05
2015 12 22  0220   57378   8400   1.77e+01  2.11e-01  1.52e-01  8.36e-02  7.46e-02  3.16e-02  4.43e+04  6.73e+02 -1.00e+05
2015 12 22  0225   57378   8700   1.32e+01  1.40e-01  1.14e-01  6.99e-02  4.39e-02  2.01e-02  4.63e+04  6.68e+02 -1.00e+05
2015 12 22  0230   57378   9000   1.60e+01  2.72e-01  2.47e-01  4.79e-02  3.89e-02  2.01e-02  4.67e+04  6.85e+02 -1.00e+05
2015 12 22  0235   57378   9300   1.40e+01  1.17e-01  9.18e-02  4.79e-02  3.89e-02  2.01e-02  4.68e+04  6.79e+02 -1.00e+05
2015 12 22  0240   57378   9600   1.37e+01  1.40e-01  1.14e-01  6.99e-02  4.39e-02  2.01e-02  4.66e+04  6.66e+02 -1.00e+05
2015 12 22  0245   57378   9900   1.39e+01  1.20e-01  9.42e-02  5.03e-02  3.94e-02  2.01e-02  4.70e+04  6.66e+02 -1.00e+05
2015 12 22  0250   57378  10200   1.37e+01  1.27e-01  1.01e-01  5.68e-02  4.09e-02  2.01e-02  4.91e+04  6.93e+02 -1.00e+05
2015 12 22  0255   57378  10500   1.50e+01  1.17e-01  9.18e-02  4.79e-02  3.89e-02  2.01e-02  4.89e+04  6.98e+02 -1.00e+05
2015 12 22  0300   57378  10800   1.23e+01  1.17e-01  9.18e-02  4.79e-02  3.89e-02  2.01e-02  4.93e+04  7.03e+02 -1.00e+05
2015 12 22  0305   57378  11100   1.14e+01  1.74e-01  1.48e-01  1.03e-01  7.21e-02  2.10e-02  4.79e+04  6.65e+02 -1.00e+05
2015 12 22  0310   57378  11400   8.39e+00  1.26e-01  1.00e-01  5.66e-02  4.76e-02  2.88e-02  4.77e+04  6.59e+02 -1.00e+05
2015 12 22  0315   57378  11700   7.56e+00  1.29e-01  1.03e-01  5.91e-02  5.01e-02  3.13e-02  4.59e+04  6.38e+02 -1.00e+05
2015 12 22  0320   57378  12000   9.54e+00  2.32e-01  1.29e-01  8.00e-02  4.47e-02  2.01e-02  4.19e+04  5.33e+02 -1.00e+05
2015 12 22  0325   57378  12300   7.82e+00  2.24e-01  1.39e-01  8.40e-02  6.91e-02  4.86e-02  3.88e+04  4.92e+02 -1.00e+05
2015 12 22  0330   57378  12600   5.45e+00  1.53e-01  1.27e-01  8.17e-02  4.47e-02  2.01e-02  4.03e+04  5.14e+02 -1.00e+05
2015 12 22  0335   57378  12900   6.26e+00  1.40e-01  1.03e-01  5.66e-02  4.76e-02  2.88e-02  4.01e+04  5.10e+02 -1.00e+05
2015 12 22  0340   57378  13200   4.41e+00  1.23e-01  9.69e-02  5.30e-02  4.29e-02  2.38e-02  3.97e+04  5.14e+02 -1.00e+05
2015 12 22  0345   57378  13500   4.46e+00  1.17e-01  9.18e-02  4.79e-02  3.89e-02  2.01e-02  3.78e+04  4.63e+02 -1.00e+05
2015 12 22  0350   57378  13800   4.62e+00  2.09e-01  1.60e-01  1.11e-01  9.08e-02  3.65e-02  3.72e+04  4.36e+02 -1.00e+05
2015 12 22  0355   57378  14100   6.16e+00  1.33e-01  1.08e-01  6.34e-02  4.24e-02  2.01e-02  3.58e+04  4.24e+02 -1.00e+05
2015 12 22  0400   57378  14400   2.42e+01  5.48e-01  2.83e-01  4.79e-02  3.89e-02  2.01e-02  3.45e+04  3.95e+02 -1.00e+05
2015 12 22  0405   57378  14700   1.05e+01  1.36e-01  1.10e-01  6.65e-02  5.75e-02  3.87e-02  3.68e+04  4.21e+02 -1.00e+05
2015 12 22  0410   57378  15000   9.36e+00  2.28e-01  1.70e-01  1.19e-01  8.25e-02  3.16e-02  3.60e+04  4.42e+02 -1.00e+05
2015 12 22  0415   57378  15300   6.66e+00  1.36e-01  1.11e-01  6.69e-02  5.79e-02  3.38e-02  3.71e+04  4.56e+02 -1.00e+05
2015 12 22  0420   57378  15600   3.74e+00  1.58e-01  1.33e-01  8.75e-02  5.09e-02  2.63e-02  3.58e+04  4.21e+02 -1.00e+05
2015 12 22  0425   57378  15900   5.14e+00  1.32e-01  9.40e-02  4.79e-02  3.89e-02  2.01e-02  3.27e+04  3.78e+02 -1.00e+05
2015 12 22  0430   57378  16200   4.07e+00  1.29e-01  1.03e-01  5.91e-02  5.01e-02  3.13e-02  3.35e+04  3.74e+02 -1.00e+05
2015 12 22  0435   57378  16500   5.90e+00  2.12e-01  1.25e-01  6.99e-02  4.39e-02  2.01e-02  3.26e+04  3.85e+02 -1.00e+05
2015 12 22  0440   57378  16800   3.90e+00  1.17e-01  9.18e-02  4.79e-02  3.89e-02  2.01e-02  3.18e+04  3.72e+02 -1.00e+05
2015 12 22  0445   57378  17100   4.03e+00  1.90e-01  1.03e-01  4.79e-02  3.89e-02  2.01e-02  3.00e+04  3.38e+02 -1.00e+05
2015 12 22  0450   57378  17400   3.77e+00  1.69e-01  1.30e-01  8.31e-02  4.68e-02  2.01e-02  2.87e+04  3.24e+02 -1.00e+05
2015 12 22  0455   57378  17700   3.22e+00  1.54e-01  1.28e-01  8.31e-02  4.68e-02  2.01e-02  2.74e+04  3.08e+02 -1.00e+05
2015 12 22  0500   57378  18000   5.43e+00  3.39e-01  1.66e-01  7.11e-02  6.20e-02  2.75e-02  2.71e+04  2.99e+02 -1.00e+05
2015 12 22  0505   57378  18300   2.81e+00  1.88e-01  1.62e-01  1.18e-01  1.09e-01  5.35e-02  2.73e+04  2.84e+02 -1.00e+05
2015 12 22  0510   57378  18600   2.80e+00  2.31e-01  2.05e-01  8.31e-02  4.68e-02  2.01e-02  2.65e+04  2.90e+02 -1.00e+05
2015 12 22  0515   57378  18900   2.46e+00  1.22e-01  9.61e-02  5.23e-02  4.32e-02  2.15e-02  2.45e+04  2.57e+02 -1.00e+05
2015 12 22  0520   57378  19200   2.42e+00  1.33e-01  1.08e-01  6.34e-02  4.24e-02  2.01e-02  2.33e+04  2.51e+02 -1.00e+05
2015 12 22  0525   57378  19500   2.58e+00  1.42e-01  1.17e-01  7.27e-02  6.37e-02  3.40e-02  2.28e+04  2.43e+02 -1.00e+05
2015 12 22  0530   57378  19800   2.30e+00  1.28e-01  1.02e-01  5.85e-02  4.95e-02  2.35e-02  2.22e+04  2.29e+02 -1.00e+05
2015 12 22  0535   57378  20100   2.11e+00  2.25e-01  2.00e-01  8.16e-02  5.90e-02  3.62e-02  2.18e+04  2.32e+02 -1.00e+05
2015 12 22  0540   57378  20400   3.26e+00  2.91e-01  1.69e-01  1.06e-01  6.51e-02  2.55e-02  2.19e+04  2.33e+02 -1.00e+05
2015 12 22  0545   57378  20700   1.59e+00  1.32e-01  9.40e-02  4.79e-02  3.89e-02  2.01e-02  1.97e+04  2.16e+02 -1.00e+05
2015 12 22  0550   57378  21000   2.59e+00  1.90e-01  1.03e-01  4.79e-02  3.89e-02  2.01e-02  1.70e+04  1.78e+02 -1.00e+05
2015 12 22  0555   57378  21300   2.16e+00  1.57e-01  1.31e-01  8.68e-02  6.07e-02  2.55e-02  2.02e+04  2.18e+02 -1.00e+05
2015 12 22  0600   57378  21600   1.79e+00  1.72e-01  1.37e-01  9.13e-02  8.23e-02  6.35e-02  2.18e+04  2.50e+02 -1.00e+05
2015 12 22  0605   57378  21900   3.64e+00  2.49e-01  9.53e-02  4.79e-02  3.89e-02  2.01e-02  2.09e+04  2.43e+02 -1.00e+05
2015 12 22  0610   57378  22200   1.41e+00  1.20e-01  9.42e-02  5.03e-02  3.94e-02  2.01e-02  1.80e+04  1.93e+02 -1.00e+05
2015 12 22  0615   57378  22500   2.27e+00  2.16e-01  1.31e-01  7.64e-02  6.74e-02  4.86e-02  1.69e+04  1.87e+02 -1.00e+05
2015 12 22  0620   57378  22800   2.85e+00  1.98e-01  9.55e-02  4.79e-02  3.89e-02  2.01e-02  1.73e+04  1.90e+02 -1.00e+05
2015 12 22  0625   57378  23100   2.29e+00  2.78e-01  1.92e-01  6.41e-02  5.50e-02  3.62e-02  1.77e+04  1.93e+02 -1.00e+05
2015 12 22  0630   57378  23400   1.57e+00  1.52e-01  1.26e-01  8.21e-02  7.30e-02  5.42e-02  1.73e+04  1.92e+02 -1.00e+05
2015 12 22  0635   57378  23700   1.37e+00  1.85e-01  1.59e-01  1.14e-01  8.75e-02  6.35e-02  1.52e+04  1.64e+02 -1.00e+05
2015 12 22  0640   57378  24000   2.31e+00  2.14e-01  1.11e-01  6.34e-02  4.24e-02  2.01e-02  1.58e+04  1.67e+02 -1.00e+05
2015 12 22  0645   57378  24300   1.98e+00  2.05e-01  1.19e-01  6.41e-02  5.50e-02  3.62e-02  1.64e+04  1.88e+02 -1.00e+05
2015 12 22  0650   57378  24600   1.76e+00  2.09e-01  1.84e-01  6.49e-02  5.14e-02  3.13e-02  1.57e+04  1.65e+02 -1.00e+05
2015 12 22  0655   57378  24900   1.30e+00  2.04e-01  1.78e-01  5.68e-02  4.09e-02  2.01e-02  1.54e+04  1.65e+02 -1.00e+05
2015 12 22  0700   57378  25200   3.31e+00  1.95e-01  1.09e-01  5.42e-02  4.51e-02  2.63e-02  1.31e+04  1.31e+02 -1.00e+05
2015 12 22  0705   57378  25500   2.53e+00  1.20e-01  9.42e-02  5.03e-02  3.94e-02  2.01e-02  1.19e+04  1.10e+02 -1.00e+05
2015 12 22  0710   57378  25800   2.18e+00  1.39e-01  1.13e-01  6.90e-02  6.00e-02  4.12e-02  1.05e+04  1.05e+02 -1.00e+05
2015 12 22  0715   57378  26100   1.19e+00  1.56e-01  1.20e-01  7.40e-02  6.49e-02  4.61e-02  9.19e+03  9.32e+01 -1.00e+05
2015 12 22  0720   57378  26400   1.34e+00  2.78e-01  2.53e-01  2.07e-01  1.14e-01  2.11e-02  9.17e+03  1.02e+02 -1.00e+05
2015 12 22  0725   57378  26700   2.27e+00  2.71e-01  1.17e-01  6.97e-02  5.05e-02  2.88e-02  9.68e+03  1.37e+02 -1.00e+05
2015 12 22  0730   57378  27000   1.32e+00  1.17e-01  9.18e-02  4.79e-02  3.89e-02  2.01e-02  1.07e+04  1.35e+02 -1.00e+05
2015 12 22  0735   57378  27300   1.69e+00  1.17e-01  9.18e-02  4.79e-02  3.89e-02  2.01e-02  1.03e+04  1.19e+02 -1.00e+05
2015 12 22  0740   57378  27600   1.68e+00  3.17e-01  2.92e-01  1.90e-01  1.23e-01  3.96e-02  1.01e+04  9.14e+01 -1.00e+05
2015 12 22  0745   57378  27900   1.79e+00  1.45e-01  1.08e-01  6.16e-02  5.26e-02  3.37e-02  9.56e+03  8.04e+01 -1.00e+05
2015 12 22  0750   57378  28200   2.94e+00  2.51e-01  1.64e-01  1.09e-01  9.97e-02  3.96e-02  9.46e+03  8.20e+01 -1.00e+05
2015 12 22  0755   57378  28500   2.16e+00  1.72e-01  1.46e-01  8.36e-02  7.46e-02  3.16e-02  1.02e+04  8.45e+01 -1.00e+05
2015 12 22  0800   57378  28800   4.15e+00  3.38e-01  1.46e-01  9.86e-02  7.44e-02  3.60e-02  1.06e+04  9.09e+01 -1.00e+05
2015 12 22  0805   57378  29100   2.06e+00  1.47e-01  1.21e-01  7.73e-02  6.83e-02  2.95e-02  1.27e+04  1.24e+02 -1.00e+05
2015 12 22  0810   57378  29400   2.76e+00  1.41e-01  1.16e-01  7.15e-02  5.29e-02  3.13e-02  1.64e+04  1.70e+02 -1.00e+05
2015 12 22  0815   57378  29700   7.08e+00  5.16e-01  2.99e-01  8.08e-02  4.97e-02  2.15e-02  2.32e+04  2.80e+02 -1.00e+05
2015 12 22  0820   57378  30000   4.90e+00  2.25e-01  1.38e-01  8.17e-02  4.47e-02  2.01e-02  2.70e+04  3.21e+02 -1.00e+05
2015 12 22  0825   57378  30300   5.24e+00  2.01e-01  9.79e-02  5.03e-02  3.94e-02  2.01e-02  2.73e+04  3.28e+02 -1.00e+05
2015 12 22  0830   57378  30600   2.75e+00  1.58e-01  1.32e-01  8.74e-02  5.11e-02  2.15e-02  2.65e+04  3.12e+02 -1.00e+05
2015 12 22  0835   57378  30900   2.72e+00  2.08e-01  1.82e-01  6.83e-02  5.93e-02  3.93e-02  2.93e+04  3.17e+02 -1.00e+05
2015 12 22  0840   57378  31200   3.58e+00  7.17e-01  4.55e-01  8.00e-02  4.47e-02  2.01e-02  2.98e+04  3.35e+02 -1.00e+05
2015 12 22  0845   57378  31500   2.10e+00  2.34e-01  1.48e-01  6.16e-02  5.26e-02  3.37e-02  3.05e+04  3.43e+02 -1.00e+05
2015 12 22  0850   57378  31800   1.64e+00  1.57e-01  1.32e-01  8.60e-02  4.47e-02  2.01e-02  2.92e+04  3.30e+02 -1.00e+05
2015 12 22  0855   57378  32100   1.26e+00  1.17e-01  9.18e-02  4.79e-02  3.89e-02  2.01e-02  2.65e+04  2.92e+02 -1.00e+05
2015 12 22  0900   57378  32400   1.01e+00  1.40e-01  1.03e-01  5.66e-02  4.76e-02  2.88e-02  2.65e+04  3.01e+02 -1.00e+05
2015 12 22  0905   57378  32700   9.51e-01  1.19e-01  9.30e-02  4.92e-02  4.02e-02  2.14e-02  2.84e+04  3.23e+02 -1.00e+05
2015 12 22  0910   57378  33000   1.69e+00  2.00e-01  1.14e-01  5.91e-02  5.01e-02  3.13e-02  2.84e+04  3.25e+02 -1.00e+05
2015 12 22  0915   57378  33300   1.44e+00  1.34e-01  1.08e-01  6.41e-02  5.50e-02  3.62e-02  2.60e+04  2.90e+02 -1.00e+05
2015 12 22  0920   57378  33600   1.56e+00  2.76e-01  1.72e-01  1.25e-01  1.16e-01  5.74e-02  2.62e+04  2.94e+02 -1.00e+05
2015 12 22  0925   57378  33900   1.24e+00  1.75e-01  1.49e-01  1.05e-01  9.63e-02  7.13e-02  2.65e+04  2.95e+02 -1.00e+05
2015 12 22  0930   57378  34200   2.26e+00  3.03e-01  1.51e-01  1.03e-01  8.68e-02  6.59e-02  2.66e+04  3.01e+02 -1.00e+05
2015 12 22  0935   57378  34500   2.31e+00  3.58e-01  1.89e-01  4.79e-02  3.89e-02  2.01e-02  2.73e+04  2.99e+02 -1.00e+05
2015 12 22  0940   57378  34800   1.36e+00  1.51e-01  1.25e-01  8.14e-02  7.24e-02  2.11e-02  2.60e+04  3.06e+02 -1.00e+05
2015 12 22  0945   57378  35100   3.22e+00  2.48e-01  1.19e-01  7.15e-02  6.25e-02  4.36e-02  2.23e+04  2.63e+02 -1.00e+05
2015 12 22  0950   57378  35400   1.35e+00  1.70e-01  1.32e-01  5.42e-02  4.51e-02  2.63e-02  2.19e+04  2.57e+02 -1.00e+05
2015 12 22  0955   57378  35700   9.44e-01  2.17e-01  1.91e-01  6.99e-02  4.39e-02  2.01e-02  2.26e+04  2.42e+02 -1.00e+05
2015 12 22  1000   57378  36000   1.94e+00  3.02e-01  1.25e-01  7.65e-02  4.53e-02  2.01e-02  2.14e+04  2.43e+02 -1.00e+05
2015 12 22  1005   57378  36300   8.80e-01  1.74e-01  1.48e-01  1.03e-01  6.71e-02  4.03e-02  2.14e+04  2.28e+02 -1.00e+05
2015 12 22  1010   57378  36600   9.72e-01  1.62e-01  1.36e-01  9.22e-02  8.14e-02  3.36e-02  1.93e+04  1.95e+02 -1.00e+05
2015 12 22  1015   57378  36900   1.54e+00  1.54e-01  1.28e-01  8.31e-02  4.68e-02  2.01e-02  1.48e+04  1.56e+02 -1.00e+05
2015 12 22  1020   57378  37200   1.29e+00  1.38e-01  1.12e-01  6.77e-02  4.67e-02  2.15e-02  1.06e+04  1.19e+02 -1.00e+05
2015 12 22  1025   57378  37500   1.02e+00  1.60e-01  1.23e-01  7.68e-02  5.98e-02  3.87e-02  1.13e+04  1.72e+02 -1.00e+05
2015 12 22  1030   57378  37800   1.22e+00  1.17e-01  9.18e-02  4.79e-02  3.89e-02  2.01e-02  1.15e+04  2.16e+02 -1.00e+05
2015 12 22  1035   57378  38100   1.98e+00  1.88e-01  1.62e-01  5.85e-02  4.95e-02  2.35e-02  6.20e+03  1.19e+02 -1.00e+05
2015 12 22  1040   57378  38400   2.25e+00  2.87e-01  2.61e-01  6.65e-02  5.75e-02  3.87e-02  7.26e+03  1.83e+02 -1.00e+05
2015 12 22  1045   57378  38700   6.15e+00  3.18e-01  1.87e-01  1.38e-01  9.26e-02  3.05e-02  6.82e+03  1.58e+02 -1.00e+05
2015 12 22  1050   57378  39000   6.58e+00  4.03e-01  2.48e-01  8.36e-02  7.46e-02  3.16e-02  5.73e+03  1.41e+02 -1.00e+05
2015 12 22  1055   57378  39300   1.07e+01  1.72e-01  1.46e-01  1.01e-01  6.34e-02  3.62e-02  5.10e+03  1.45e+02 -1.00e+05
2015 12 22  1100   57378  39600   4.10e+01  4.34e-01  3.48e-01  1.05e-01  6.33e-02  3.87e-02  6.17e+03  1.25e+02 -1.00e+05
2015 12 22  1105   57378  39900   1.29e+02  1.77e-01  1.42e-01  9.63e-02  8.72e-02  6.84e-02  7.07e+03  1.16e+02 -1.00e+05
2015 12 22  1110   57378  40200   1.21e+02  3.03e-01  1.59e-01  1.11e-01  8.24e-02  3.98e-02  9.60e+03  1.64e+02 -1.00e+05
2015 12 22  1115   57378  40500   1.64e+02  1.51e-01  1.25e-01  8.00e-02  4.47e-02  2.01e-02  2.07e+04  3.21e+02 -1.00e+05
2015 12 22  1120   57378  40800   3.92e+02  1.55e-01  1.18e-01  7.15e-02  5.29e-02  3.13e-02  2.51e+04  3.97e+02 -1.00e+05
2015 12 22  1125   57378  41100   6.52e+02  2.35e-01  1.12e-01  6.48e-02  5.58e-02  2.55e-02  2.77e+04  5.41e+02 -1.00e+05
2015 12 22  1130   57378  41400   3.26e+02  2.23e-01  1.86e-01  6.49e-02  5.14e-02  3.13e-02  3.64e+04  6.60e+02 -1.00e+05
2015 12 22  1135   57378  41700   2.47e+02  1.32e-01  9.40e-02  4.79e-02  3.89e-02  2.01e-02  3.77e+04  7.55e+02 -1.00e+05
2015 12 22  1140   57378  42000   1.42e+02  3.94e-01  3.68e-01  2.29e-01  1.54e-01  4.77e-02  3.66e+04  7.69e+02 -1.00e+05
2015 12 22  1145   57378  42300   1.35e+02  2.50e-01  1.21e-01  7.40e-02  6.49e-02  4.61e-02  3.92e+04  8.03e+02 -1.00e+05
2015 12 22  1150   57378  42600   5.45e+01  1.22e-01  9.61e-02  5.23e-02  4.32e-02  2.15e-02  3.71e+04  8.17e+02 -1.00e+05
2015 12 22  1155   57378  42900   4.07e+01  4.55e-01  3.13e-01  1.17e-01  1.06e-01  4.16e-02  3.68e+04  8.36e+02 -1.00e+05
2015 12 22  1200   57378  43200   2.81e+01  1.41e-01  1.15e-01  7.11e-02  6.20e-02  2.75e-02  3.77e+04  8.76e+02 -1.00e+05
2015 12 22  1205   57378  43500   5.80e+01  1.54e-01  1.28e-01  8.31e-02  4.68e-02  2.01e-02  3.76e+04  9.13e+02 -1.00e+05
2015 12 22  1210   57378  43800   9.50e+01  1.63e-01  1.38e-01  9.38e-02  8.48e-02  6.59e-02  3.76e+04  9.58e+02 -1.00e+05
2015 12 22  1215   57378  44100   9.16e+01  2.00e-01  1.75e-01  1.30e-01  1.05e-01  4.24e-02  3.63e+04  9.15e+02 -1.00e+05
2015 12 22  1220   57378  44400   6.43e+01  1.77e-01  1.51e-01  8.43e-02  7.53e-02  3.43e-02  3.59e+04  8.93e+02 -1.00e+05
2015 12 22  1225   57378  44700   3.04e+01  1.45e-01  1.19e-01  7.50e-02  6.60e-02  4.72e-02  3.50e+04  8.60e+02 -1.00e+05
2015 12 22  1230   57378  45000   2.23e+01  1.36e-01  1.11e-01  6.67e-02  5.37e-02  3.37e-02  3.48e+04  8.64e+02 -1.00e+05
2015 12 22  1235   57378  45300   2.19e+01  1.26e-01  1.00e-01  5.66e-02  4.76e-02  2.88e-02  3.56e+04  9.73e+02 -1.00e+05
2015 12 22  1240   57378  45600   2.17e+01  1.91e-01  1.65e-01  1.21e-01  1.12e-01  4.46e-02  3.56e+04  1.01e+03 -1.00e+05
2015 12 22  1245   57378  45900   2.09e+01  1.62e-01  1.37e-01  9.23e-02  7.29e-02  5.11e-02  3.61e+04  1.00e+03 -1.00e+05
2015 12 22  1250   57378  46200   2.20e+01  1.63e-01  1.38e-01  9.38e-02  8.48e-02  6.59e-02  3.76e+04  1.10e+03 -1.00e+05
2015 12 22  1255   57378  46500   3.77e+01  3.91e-01  1.89e-01  4.79e-02  3.89e-02  2.01e-02  3.76e+04  1.10e+03 -1.00e+05
2015 12 22  1300   57378  46800   2.10e+01  1.30e-01  1.05e-01  6.08e-02  5.02e-02  2.44e-02  3.81e+04  1.10e+03 -1.00e+05
2015 12 22  1305   57378  47100   2.65e+01  2.07e-01  1.21e-01  6.65e-02  5.75e-02  3.87e-02  3.80e+04  1.16e+03 -1.00e+05
2015 12 22  1310   57378  47400   1.83e+01  1.47e-01  1.21e-01  7.70e-02  6.33e-02  4.31e-02  3.91e+04  1.18e+03 -1.00e+05
2015 12 22  1315   57378  47700   1.66e+01  1.63e-01  1.38e-01  9.38e-02  8.48e-02  6.59e-02  3.76e+04  1.11e+03 -1.00e+05
2015 12 22  1320   57378  48000   3.34e+01  2.96e-01  9.64e-02  4.92e-02  4.02e-02  2.14e-02  3.81e+04  1.16e+03 -1.00e+05
2015 12 22  1325   57378  48300   2.03e+01  1.91e-01  1.23e-01  7.11e-02  6.20e-02  2.75e-02  3.76e+04  1.12e+03 -1.00e+05
2015 12 22  1330   57378  48600   2.25e+01  1.92e-01  1.05e-01  5.03e-02  3.94e-02  2.01e-02  3.76e+04  1.15e+03 -1.00e+05
2015 12 22  1335   57378  48900   1.52e+01  1.86e-01  1.61e-01  1.16e-01  8.98e-02  6.59e-02  3.78e+04  1.20e+03 -1.00e+05
2015 12 22  1340   57378  49200   1.69e+01  1.32e-01  9.40e-02  4.79e-02  3.89e-02  2.01e-02  3.84e+04  1.19e+03 -1.00e+05
2015 12 22  1345   57378  49500   1.52e+01  1.96e-01  1.70e-01  1.25e-01  8.56e-02  6.10e-02  3.95e+04  1.23e+03 -1.00e+05
2015 12 22  1350   57378  49800   1.81e+01  1.65e-01  1.30e-01  8.47e-02  7.57e-02  5.68e-02  3.96e+04  1.25e+03 -1.00e+05
2015 12 22  1355   57378  50100   2.32e+01  2.09e-01  1.25e-01  7.06e-02  6.16e-02  4.27e-02  3.96e+04  1.27e+03 -1.00e+05
2015 12 22  1400   57378  50400   1.62e+01  2.28e-01  2.02e-01  8.00e-02  4.47e-02  2.01e-02  3.96e+04  1.26e+03 -1.00e+05
2015 12 22  1405   57378  50700   1.54e+01  2.19e-01  1.93e-01  7.15e-02  5.29e-02  3.13e-02  4.05e+04  1.30e+03 -1.00e+05
2015 12 22  1410   57378  51000   1.69e+01  1.80e-01  1.55e-01  1.11e-01  1.02e-01  4.79e-02  4.16e+04  1.33e+03 -1.00e+05
2015 12 22  1415   57378  51300   1.73e+01  3.08e-01  2.82e-01  8.00e-02  4.47e-02  2.01e-02  4.16e+04  1.36e+03 -1.00e+05
2015 12 22  1420   57378  51600   2.41e+01  2.15e-01  1.30e-01  7.56e-02  6.53e-02  4.61e-02  4.16e+04  1.41e+03 -1.00e+05
2015 12 22  1425   57378  51900   2.86e+01  4.69e-01  2.87e-01  7.40e-02  5.30e-02  2.35e-02  4.19e+04  1.41e+03 -1.00e+05
2015 12 22  1430   57378  52200   1.92e+01  1.94e-01  1.69e-01  4.79e-02  3.89e-02  2.01e-02  4.37e+04  1.47e+03 -1.00e+05
2015 12 22  1435   57378  52500   1.73e+01  1.56e-01  1.30e-01  8.64e-02  7.73e-02  5.85e-02  4.28e+04  1.49e+03 -1.00e+05
2015 12 22  1440   57378  52800   1.99e+01  1.84e-01  1.59e-01  1.14e-01  7.97e-02  5.36e-02  4.40e+04  1.55e+03 -1.00e+05
2015 12 22  1445   57378  53100   1.73e+01  2.17e-01  1.91e-01  6.99e-02  4.39e-02  2.01e-02  4.40e+04  1.49e+03 -1.00e+05
2015 12 22  1450   57378  53400   1.86e+01  1.54e-01  1.28e-01  8.31e-02  4.68e-02  2.01e-02  4.40e+04  1.58e+03 -1.00e+05
2015 12 22  1455   57378  53700   1.86e+01  1.29e-01  1.04e-01  5.97e-02  5.07e-02  2.81e-02  4.49e+04  1.59e+03 -1.00e+05
2015 12 22  1500   57378  54000   2.32e+01  1.89e-01  1.52e-01  1.05e-01  6.81e-02  4.12e-02  4.40e+04  1.62e+03 -1.00e+05
2015 12 22  1505   57378  54300   3.17e+01  2.77e-01  1.50e-01  8.71e-02  5.59e-02  2.35e-02  4.43e+04  1.63e+03 -1.00e+05
2015 12 22  1510   57378  54600   2.97e+01  1.92e-01  1.05e-01  5.03e-02  3.94e-02  2.01e-02  4.66e+04  1.69e+03 -1.00e+05
2015 12 22  1515   57378  54900   2.12e+01  2.04e-01  1.79e-01  1.35e-01  1.26e-01  5.23e-02  4.63e+04  1.65e+03 -1.00e+05
2015 12 22  1520   57378  55200   2.13e+01  1.43e-01  1.18e-01  7.40e-02  6.49e-02  4.61e-02  4.62e+04  1.72e+03 -1.00e+05
2015 12 22  1525   57378  55500   2.21e+01  1.24e-01  9.86e-02  5.48e-02  4.53e-02  2.63e-02  4.63e+04  1.72e+03 -1.00e+05
2015 12 22  1530   57378  55800   2.49e+01  1.49e-01  1.12e-01  6.65e-02  5.75e-02  3.87e-02  4.66e+04  1.75e+03 -1.00e+05
2015 12 22  1535   57378  56100   2.44e+01  1.47e-01  1.21e-01  7.71e-02  6.62e-02  2.10e-02  4.69e+04  1.84e+03 -1.00e+05
2015 12 22  1540   57378  56400   3.51e+01  1.95e-01  1.09e-01  5.42e-02  4.51e-02  2.63e-02  4.91e+04  1.90e+03 -1.00e+05
2015 12 22  1545   57378  56700   2.48e+01  2.05e-01  1.80e-01  6.16e-02  5.26e-02  3.37e-02  4.88e+04  1.90e+03 -1.00e+05
2015 12 22  1550   57378  57000   4.79e+01  2.95e-01  1.43e-01  9.44e-02  6.81e-02  4.42e-02  4.93e+04  1.92e+03 -1.00e+05
2015 12 22  1555   57378  57300   4.15e+01  2.35e-01  1.32e-01  8.31e-02  4.68e-02  2.01e-02  4.93e+04  1.90e+03 -1.00e+05
2015 12 22  1600   57378  57600   2.68e+01  2.87e-01  2.61e-01  1.22e-01  8.07e-02  2.11e-02  4.93e+04  1.90e+03 -1.00e+05
2015 12 22  1605   57378  57900   5.21e+01  2.91e-01  1.25e-01  7.73e-02  6.83e-02  2.95e-02  4.93e+04  1.95e+03 -1.00e+05
2015 12 22  1610   57378  58200   2.74e+01  1.63e-01  1.38e-01  9.39e-02  8.48e-02  4.92e-02  4.93e+04  1.92e+03 -1.00e+05
2015 12 22  1615   57378  58500   2.89e+01  1.47e-01  1.21e-01  7.73e-02  6.83e-02  2.95e-02  4.93e+04  1.95e+03 -1.00e+05
2015 12 22  1620   57378  58800   3.75e+01  2.43e-01  1.75e-01  8.67e-02  7.76e-02  4.35e-02  4.93e+04  1.97e+03 -1.00e+05
2015 12 22  1625   57378  59100   3.51e+01  3.39e-01  2.76e-01  1.42e-01  1.32e-01  4.97e-02  4.93e+04  1.98e+03 -1.00e+05
2015 12 22  1630   57378  59400   3.02e+01  1.40e-01  1.03e-01  5.66e-02  4.76e-02  2.88e-02  4.93e+04  1.94e+03 -1.00e+05
2015 12 22  1635   57378  59700   4.68e+01  2.49e-01  9.53e-02  4.79e-02  3.89e-02  2.01e-02  4.93e+04  2.00e+03 -1.00e+05
2015 12 22  1640   57378  60000   2.57e+01  1.75e-01  1.49e-01  1.05e-01  8.92e-02  6.84e-02  5.08e+04  2.06e+03 -1.00e+05
2015 12 22  1645   57378  60300   4.82e+01  5.31e-01  3.05e-01  7.89e-02  6.99e-02  5.11e-02  5.19e+04  2.12e+03 -1.00e+05
2015 12 22  1650   57378  60600   3.56e+01  2.22e-01  1.55e-01  1.03e-01  8.73e-02  5.10e-02  5.19e+04  2.12e+03 -1.00e+05
2015 12 22  1655   57378  60900   2.68e+01  1.56e-01  1.30e-01  8.47e-02  4.47e-02  2.01e-02  5.19e+04  2.13e+03 -1.00e+05
2015 12 22  1700   57378  61200   2.77e+01  2.54e-01  2.28e-01  1.36e-01  1.21e-01  4.66e-02  5.19e+04  2.12e+03 -1.00e+05
2015 12 22  1705   57378  61500   2.56e+01  1.83e-01  1.57e-01  1.12e-01  7.56e-02  5.11e-02  5.19e+04  2.04e+03 -1.00e+05
2015 12 22  1710   57378  61800   2.48e+01  3.09e-01  2.84e-01  8.32e-02  4.47e-02  2.01e-02  5.19e+04  2.06e+03 -1.00e+05
2015 12 22  1715   57378  62100   2.63e+01  2.48e-01  2.22e-01  1.78e-01  1.69e-01  8.63e-02  5.18e+04  2.03e+03 -1.00e+05
2015 12 22  1720   57378  62400   2.73e+01  2.12e-01  1.87e-01  1.43e-01  1.27e-01  4.77e-02  5.26e+04  2.16e+03 -1.00e+05
2015 12 22  1725   57378  62700   3.05e+01  2.30e-01  2.04e-01  9.03e-02  6.17e-02  3.72e-02  5.40e+04  2.16e+03 -1.00e+05
2015 12 22  1730   57378  63000   2.78e+01  1.60e-01  1.35e-01  8.96e-02  4.83e-02  2.01e-02  5.31e+04  2.15e+03 -1.00e+05
2015 12 22  1735   57378  63300   2.87e+01  2.01e-01  1.75e-01  1.31e-01  1.05e-01  3.96e-02  5.27e+04  2.17e+03 -1.00e+05
2015 12 22  1740   57378  63600   2.78e+01  2.88e-01  2.63e-01  6.34e-02  4.24e-02  2.01e-02  5.36e+04  2.19e+03 -1.00e+05
2015 12 22  1745   57378  63900   3.00e+01  1.50e-01  1.24e-01  4.79e-02  3.89e-02  2.01e-02  5.46e+04  2.26e+03 -1.00e+05
2015 12 22  1750   57378  64200   3.06e+01  1.61e-01  1.35e-01  9.13e-02  8.23e-02  6.35e-02  5.46e+04  2.28e+03 -1.00e+05
2015 12 22  1755   57378  64500   3.29e+01  1.56e-01  1.21e-01  7.52e-02  6.62e-02  4.73e-02  5.46e+04  2.26e+03 -1.00e+05
2015 12 22  1800   57378  64800   2.90e+01  1.33e-01  1.07e-01  6.31e-02  4.91e-02  2.88e-02  5.46e+04  2.23e+03 -1.00e+05
2015 12 22  1805   57378  65100   2.85e+01  1.56e-01  1.30e-01  8.64e-02  7.73e-02  5.85e-02  5.46e+04  2.21e+03 -1.00e+05
2015 12 22  1810   57378  65400   2.83e+01  2.22e-01  1.96e-01  1.53e-01  1.44e-01  7.64e-02  5.46e+04  2.24e+03 -1.00e+05
2015 12 22  1815   57378  65700   2.85e+01  1.17e-01  9.18e-02  4.79e-02  3.89e-02  2.01e-02  5.47e+04  2.29e+03 -1.00e+05
2015 12 22  1820   57378  66000   2.98e+01  1.41e-01  1.15e-01  7.13e-02  6.23e-02  2.85e-02  5.73e+04  2.42e+03 -1.00e+05
2015 12 22  1825   57378  66300   2.60e+01  2.12e-01  1.86e-01  1.43e-01  1.34e-01  5.98e-02  5.63e+04  2.31e+03 -1.00e+05
2015 12 22  1830   57378  66600   2.43e+01  1.41e-01  1.15e-01  7.15e-02  6.25e-02  4.36e-02  5.46e+04  2.27e+03 -1.00e+05
2015 12 22  1835   57378  66900   3.15e+01  2.09e-01  1.23e-01  6.85e-02  5.60e-02  3.62e-02  5.46e+04  2.26e+03 -1.00e+05
2015 12 22  1840   57378  67200   3.53e+01  3.23e-01  1.88e-01  4.79e-02  3.89e-02  2.01e-02  5.55e+04  2.32e+03 -1.00e+05
2015 12 22  1845   57378  67500   2.22e+01  1.72e-01  1.46e-01  1.02e-01  9.31e-02  7.43e-02  5.71e+04  2.37e+03 -1.00e+05
2015 12 22  1850   57378  67800   2.14e+01  1.51e-01  1.25e-01  8.00e-02  4.47e-02  2.01e-02  5.73e+04  2.36e+03 -1.00e+05
2015 12 22  1855   57378  68100   2.19e+01  1.59e-01  1.34e-01  8.99e-02  8.08e-02  3.36e-02  5.73e+04  2.43e+03 -1.00e+05
2015 12 22  1900   57378  68400   2.36e+01  1.21e-01  9.55e-02  5.17e-02  4.27e-02  2.38e-02  5.96e+04  2.51e+03 -1.00e+05
2015 12 22  1905   57378  68700   2.50e+01  1.51e-01  1.26e-01  8.18e-02  7.28e-02  4.70e-02  5.99e+04  2.57e+03 -1.00e+05
2015 12 22  1910   57378  69000   4.66e+01  3.18e-01  1.18e-01  6.99e-02  4.39e-02  2.01e-02  5.99e+04  2.55e+03 -1.00e+05
2015 12 22  1915   57378  69300   2.20e+01  1.53e-01  1.28e-01  8.34e-02  6.13e-02  3.87e-02  5.87e+04  2.50e+03 -1.00e+05
2015 12 22  1920   57378  69600   2.86e+01  2.23e-01  1.38e-01  8.36e-02  6.48e-02  4.31e-02  5.78e+04  2.42e+03 -1.00e+05
2015 12 22  1925   57378  69900   2.12e+01  1.17e-01  9.18e-02  4.79e-02  3.89e-02  2.01e-02  5.73e+04  2.38e+03 -1.00e+05
2015 12 22  1930   57378  70200   2.96e+01  2.03e-01  1.37e-01  8.59e-02  7.08e-02  3.23e-02  5.89e+04  2.52e+03 -1.00e+05
2015 12 22  1935   57378  70500   3.15e+01  2.00e-01  1.14e-01  5.91e-02  5.01e-02  3.13e-02  5.68e+04  2.37e+03 -1.00e+05
2015 12 22  1940   57378  70800   2.04e+01  2.08e-01  1.82e-01  1.38e-01  1.29e-01  6.51e-02  5.73e+04  2.30e+03 -1.00e+05
2015 12 22  1945   57378  71100   3.36e+01  2.25e-01  9.54e-02  4.79e-02  3.89e-02  2.01e-02  5.71e+04  2.31e+03 -1.00e+05
2015 12 22  1950   57378  71400   1.84e+01  2.48e-01  2.22e-01  1.79e-01  1.70e-01  8.82e-02  5.71e+04  2.29e+03 -1.00e+05
2015 12 22  1955   57378  71700   2.62e+01  1.62e-01  1.23e-01  7.65e-02  4.53e-02  2.01e-02  6.18e+04  2.60e+03 -1.00e+05
2015 12 22  2000   57378  72000   4.41e+01  2.59e-01  1.05e-01  5.68e-02  4.09e-02  2.01e-02  6.21e+04  2.59e+03 -1.00e+05
2015 12 22  2005   57378  72300   4.45e+01  3.12e-01  1.57e-01  1.09e-01  1.00e-01  4.24e-02  6.23e+04  2.68e+03 -1.00e+05
2015 12 22  2010   57378  72600   2.61e+01  1.32e-01  9.40e-02  4.79e-02  3.89e-02  2.01e-02  6.26e+04  2.63e+03 -1.00e+05
2015 12 22  2015   57378  72900   2.47e+01  2.44e-01  2.10e-01  1.00e-01  9.09e-02  7.21e-02  6.15e+04  2.54e+03 -1.00e+05
2015 12 22  2020   57378  73200   2.40e+01  1.17e-01  9.18e-02  4.79e-02  3.89e-02  2.01e-02  6.45e+04  2.67e+03 -1.00e+05
2015 12 22  2025   57378  73500   2.40e+01  1.34e-01  1.08e-01  6.41e-02  5.50e-02  3.62e-02  6.36e+04  2.63e+03 -1.00e+05
2015 12 22  2030   57378  73800   2.47e+01  1.71e-01  1.45e-01  1.02e-01  9.03e-02  7.08e-02  6.44e+04  2.71e+03 -1.00e+05
2015 12 22  2035   57378  74100   2.55e+01  1.70e-01  1.45e-01  1.00e-01  6.89e-02  4.36e-02  6.42e+04  2.69e+03 -1.00e+05
2015 12 22  2040   57378  74400   3.71e+01  2.71e-01  1.47e-01  8.55e-02  6.69e-02  3.58e-02  6.30e+04  2.59e+03 -1.00e+05
2015 12 22  2045   57378  74700   4.59e+01  4.23e-01  1.74e-01  4.79e-02  3.89e-02  2.01e-02  6.28e+04  2.59e+03 -1.00e+05
2015 12 22  2050   57378  75000   4.06e+01  2.34e-01  1.05e-01  5.68e-02  4.09e-02  2.01e-02  6.26e+04  2.53e+03 -1.00e+05
2015 12 22  2055   57378  75300   2.33e+01  1.42e-01  1.16e-01  7.20e-02  6.30e-02  4.42e-02  6.25e+04  2.50e+03 -1.00e+05
2015 12 22  2100   57378  75600   2.36e+01  2.15e-01  1.89e-01  1.40e-01  1.31e-01  4.97e-02  6.37e+04  2.62e+03 -1.00e+05
2015 12 22  2105   57378  75900   2.56e+01  1.24e-01  9.85e-02  5.46e-02  4.38e-02  2.15e-02  6.44e+04  2.68e+03 -1.00e+05
2015 12 22  2110   57378  76200   2.39e+01  1.39e-01  1.13e-01  6.90e-02  6.00e-02  4.12e-02  6.26e+04  2.55e+03 -1.00e+05
2015 12 22  2115   57378  76500   4.12e+01  2.53e-01  9.91e-02  5.17e-02  4.27e-02  2.38e-02  6.21e+04  2.42e+03 -1.00e+05
2015 12 22  2120   57378  76800   2.14e+01  1.49e-01  1.23e-01  7.95e-02  7.04e-02  3.78e-02  6.15e+04  2.47e+03 -1.00e+05
2015 12 22  2125   57378  77100   1.96e+01  1.20e-01  9.42e-02  5.03e-02  3.94e-02  2.01e-02  6.00e+04  2.33e+03 -1.00e+05
2015 12 22  2130   57378  77400   2.65e+01  3.40e-01  2.54e-01  8.93e-02  5.50e-02  2.88e-02  6.00e+04  2.35e+03 -1.00e+05
2015 12 22  2135   57378  77700   1.98e+01  1.49e-01  1.23e-01  7.92e-02  7.00e-02  5.11e-02  6.21e+04  2.46e+03 -1.00e+05
2015 12 22  2140   57378  78000   3.56e+01  2.49e-01  9.53e-02  4.79e-02  3.89e-02  2.01e-02  6.00e+04  2.35e+03 -1.00e+05
2015 12 22  2145   57378  78300   2.76e+01  2.69e-01  1.82e-01  5.03e-02  3.94e-02  2.01e-02  6.18e+04  2.46e+03 -1.00e+05
2015 12 22  2150   57378  78600   2.03e+01  2.21e-01  1.95e-01  1.51e-01  1.42e-01  7.09e-02  6.26e+04  2.48e+03 -1.00e+05
2015 12 22  2155   57378  78900   1.97e+01  1.60e-01  1.34e-01  4.79e-02  3.89e-02  2.01e-02  6.26e+04  2.48e+03 -1.00e+05
2015 12 22  2200   57378  79200   2.68e+01  2.59e-01  1.75e-01  1.19e-01  8.31e-02  5.85e-02  6.26e+04  2.48e+03 -1.00e+05
2015 12 22  2205   57378  79500   1.83e+01  2.48e-01  2.22e-01  7.65e-02  4.53e-02  2.01e-02  6.24e+04  2.44e+03 -1.00e+05
2015 12 22  2210   57378  79800   2.86e+01  2.00e-01  9.67e-02  4.92e-02  4.02e-02  2.14e-02  6.25e+04  2.40e+03 -1.00e+05
2015 12 22  2215   57378  80100   2.64e+01  3.43e-01  1.79e-01  5.03e-02  3.94e-02  2.01e-02  6.26e+04  2.43e+03 -1.00e+05
2015 12 22  2220   57378  80400   1.53e+01  1.53e-01  1.27e-01  8.36e-02  7.46e-02  3.16e-02  6.18e+04  2.33e+03 -1.00e+05
2015 12 22  2225   57378  80700   1.40e+01  1.33e-01  1.08e-01  6.34e-02  4.24e-02  2.01e-02  6.17e+04  2.34e+03 -1.00e+05
2015 12 22  2230   57378  81000   2.54e+01  3.43e-01  1.86e-01  6.64e-02  5.74e-02  3.19e-02  6.08e+04  2.27e+03 -1.00e+05
2015 12 22  2235   57378  81300   1.52e+01  1.54e-01  1.28e-01  8.31e-02  4.68e-02  2.01e-02  6.25e+04  2.34e+03 -1.00e+05
2015 12 22  2240   57378  81600   1.83e+01  1.17e-01  9.18e-02  4.79e-02  3.89e-02  2.01e-02  6.42e+04  2.47e+03 -1.00e+05
2015 12 22  2245   57378  81900   2.08e+01  1.65e-01  1.29e-01  8.35e-02  7.45e-02  2.11e-02  6.50e+04  2.51e+03 -1.00e+05
2015 12 22  2250   57378  82200   2.09e+01  1.32e-01  9.40e-02  4.79e-02  3.89e-02  2.01e-02  6.26e+04  2.38e+03 -1.00e+05
2015 12 22  2255   57378  82500   3.67e+01  4.02e-01  2.06e-01  7.89e-02  6.99e-02  5.11e-02  6.43e+04  2.39e+03 -1.00e+05
2015 12 22  2300   57378  82800   2.97e+01  2.06e-01  1.19e-01  6.34e-02  4.24e-02  2.01e-02  6.43e+04  2.40e+03 -1.00e+05
2015 12 22  2305   57378  83100   2.05e+01  1.79e-01  1.54e-01  1.09e-01  7.78e-02  2.11e-02  6.27e+04  2.30e+03 -1.00e+05
2015 12 22  2310   57378  83400   3.72e+01  3.36e-01  1.78e-01  5.85e-02  4.95e-02  2.35e-02  6.30e+04  2.29e+03 -1.00e+05
2015 12 22  2315   57378  83700   3.28e+01  2.51e-01  1.34e-01  7.34e-02  6.26e-02  2.75e-02  6.32e+04  2.24e+03 -1.00e+05
2015 12 22  2320   57378  84000   2.20e+01  1.60e-01  1.35e-01  8.96e-02  4.83e-02  2.01e-02  6.42e+04  2.33e+03 -1.00e+05
2015 12 22  2325   57378  84300   2.38e+01  1.47e-01  1.09e-01  6.31e-02  4.91e-02  2.88e-02  6.23e+04  2.13e+03 -1.00e+05
2015 12 22  2330   57378  84600   1.86e+01  1.22e-01  9.63e-02  5.25e-02  4.35e-02  2.24e-02  6.04e+04  2.07e+03 -1.00e+05
2015 12 22  2335   57378  84900   1.83e+01  1.56e-01  1.30e-01  8.64e-02  7.73e-02  5.85e-02  5.97e+04  1.93e+03 -1.00e+05
2015 12 22  2340   57378  85200   3.17e+01  3.69e-01  2.01e-01  1.11e-01  8.27e-02  4.16e-02  5.80e+04  1.86e+03 -1.00e+05
2015 12 22  2345   57378  85500   3.16e+01  2.38e-01  1.09e-01  6.16e-02  5.26e-02  3.37e-02  5.95e+04  1.90e+03 -1.00e+05
2015 12 22  2350   57378  85800   2.04e+01  2.04e-01  1.78e-01  6.68e-02  5.78e-02  3.83e-02  5.99e+04  1.95e+03 -1.00e+05
2015 12 22  2355   57378  86100   2.16e+01  2.08e-01  1.82e-01  1.02e-01  9.35e-02  6.03e-02  6.00e+04  1.99e+03 -1.00e+05
