:Data_list: 20150705_Gs_part_5m.txt
:Created: 2015 Jul 06 0011 UTC
# Prepared by the U.S. Dept. of Commerce, NOAA, Space Weather Prediction Center
# Please send comments and suggestions to SWPC.Webmaster@noaa.gov 
# 
# Label: P > 1 = Particles at >1 Mev
# Label: P > 5 = Particles at >5 Mev
# Label: P >10 = Particles at >10 Mev
# Label: P >30 = Particles at >30 Mev
# Label: P >50 = Particles at >50 Mev
# Label: P>100 = Particles at >100 Mev
# Label: E>0.8 = Electrons at >0.8 Mev
# Label: E>2.0 = Electrons at >2.0 Mev
# Label: E>4.0 = Electrons at >4.0 Mev
# Units: Particles = Protons/cm2-s-sr
# Units: Electrons = Electrons/cm2-s-sr
# Source: GOES-15
# Location: W135
# Missing data: -1.00e+05
#
#                      5-minute  GOES-15 Solar Particle and Electron Flux
#
#                 Modified Seconds
# UTC Date  Time   Julian  of the
# YR MO DA  HHMM    Day     Day     P > 1     P > 5     P >10     P >30     P >50     P>100     E>0.8     E>2.0     E>4.0
#-------------------------------------------------------------------------------------------------------------------------
2015 07 05  0000   57208      0   1.26e+01  2.42e-01  1.14e-01  5.39e-02  4.40e-02  2.56e-02  7.39e+02  1.48e+01 -1.00e+05
2015 07 05  0005   57208    300   1.27e+01  1.45e-01  1.18e-01  4.62e-02  3.63e-02  1.79e-02  7.47e+02  1.54e+01 -1.00e+05
2015 07 05  0010   57208    600   2.13e+01  4.95e-01  2.28e-01  6.63e-02  5.64e-02  3.80e-02  4.38e+02  8.29e+00 -1.00e+05
2015 07 05  0015   57208    900   3.72e+01  3.22e-01  1.08e-01  6.38e-02  5.39e-02  3.55e-02  4.47e+02  7.32e+00 -1.00e+05
2015 07 05  0020   57208   1200   2.71e+01  2.00e-01  1.20e-01  4.62e-02  3.63e-02  1.79e-02  5.51e+02  1.46e+01 -1.00e+05
2015 07 05  0025   57208   1500   2.34e+01  3.47e-01  1.56e-01  4.62e-02  3.63e-02  1.79e-02  6.36e+02  1.46e+01 -1.00e+05
2015 07 05  0030   57208   1800   2.33e+01  3.96e-01  2.27e-01  6.63e-02  5.64e-02  3.80e-02  7.69e+02  1.70e+01 -1.00e+05
2015 07 05  0035   57208   2100   1.57e+01  1.77e-01  9.75e-02  4.62e-02  3.63e-02  1.79e-02  9.06e+02  2.49e+01 -1.00e+05
2015 07 05  0040   57208   2400   3.06e+01  3.65e-01  9.02e-02  4.62e-02  3.63e-02  1.79e-02  8.99e+02  1.89e+01 -1.00e+05
2015 07 05  0045   57208   2700   1.17e+01  1.37e-01  1.10e-01  4.62e-02  3.63e-02  1.79e-02  8.00e+02  1.65e+01 -1.00e+05
2015 07 05  0050   57208   3000   1.23e+01  1.36e-01  1.06e-01  6.38e-02  5.39e-02  3.55e-02  1.10e+03  2.25e+01 -1.00e+05
2015 07 05  0055   57208   3300   9.68e+00  1.90e-01  1.64e-01  5.59e-02  4.60e-02  2.10e-02  8.86e+02  1.77e+01 -1.00e+05
2015 07 05  0100   57208   3600   1.65e+01  3.87e-01  1.57e-01  4.62e-02  3.63e-02  1.79e-02  9.11e+02  1.65e+01 -1.00e+05
2015 07 05  0105   57208   3900   6.57e+00  2.34e-01  2.08e-01  7.13e-02  6.13e-02  4.29e-02  9.55e+02  1.77e+01 -1.00e+05
2015 07 05  0110   57208   4200   8.96e+00  2.86e-01  1.57e-01  4.62e-02  3.63e-02  1.79e-02  1.14e+03  1.60e+01 -1.00e+05
2015 07 05  0115   57208   4500   8.65e+00  2.63e-01  1.36e-01  7.62e-02  6.63e-02  4.79e-02  1.25e+03  1.24e+01 -1.00e+05
2015 07 05  0120   57208   4800   6.72e+00  2.86e-01  1.70e-01  1.25e-01  1.15e-01  4.33e-02  1.16e+03  1.06e+01 -1.00e+05
2015 07 05  0125   57208   5100   7.92e+00  4.00e-01  1.79e-01  8.10e-02  7.10e-02  2.90e-02  1.32e+03  9.82e+00 -1.00e+05
2015 07 05  0130   57208   5400   4.75e+00  2.00e-01  1.20e-01  4.62e-02  3.63e-02  1.79e-02  1.41e+03  1.52e+01 -1.00e+05
2015 07 05  0135   57208   5700   2.68e+00  1.27e-01  1.00e-01  5.89e-02  4.90e-02  3.05e-02  1.20e+03  9.66e+00 -1.00e+05
2015 07 05  0140   57208   6000   3.31e+00  3.84e-01  2.12e-01  4.62e-02  3.63e-02  1.79e-02  1.36e+03  8.84e+00 -1.00e+05
2015 07 05  0145   57208   6300   2.26e+00  2.11e-01  1.54e-01  1.06e-01  9.65e-02  6.09e-02  1.26e+03  7.42e+00 -1.00e+05
2015 07 05  0150   57208   6600   2.41e+00  1.77e-01  9.75e-02  4.62e-02  3.63e-02  1.79e-02  9.22e+02  4.05e+00 -1.00e+05
2015 07 05  0155   57208   6900   3.72e+00  2.36e-01  1.13e-01  6.88e-02  5.89e-02  4.04e-02  1.15e+03  9.00e+00 -1.00e+05
2015 07 05  0200   57208   7200   3.89e+00  2.36e-01  1.20e-01  6.22e-02  5.22e-02  2.30e-02  9.65e+02  1.14e+01 -1.00e+05
2015 07 05  0205   57208   7500   2.40e+00  1.14e-01  8.78e-02  4.62e-02  3.63e-02  1.79e-02  7.38e+02  6.58e+00 -1.00e+05
2015 07 05  0210   57208   7800   4.10e+00  2.56e-01  1.19e-01  7.47e-02  6.48e-02  2.70e-02  6.58e+02  4.50e+00 -1.00e+05
2015 07 05  0215   57208   8100   2.61e+00  1.37e-01  1.10e-01  4.65e-02  3.66e-02  1.81e-02  8.34e+02  7.53e+00 -1.00e+05
2015 07 05  0220   57208   8400   3.84e+00  2.35e-01  1.06e-01  4.62e-02  3.63e-02  1.79e-02  9.00e+02  8.79e+00 -1.00e+05
2015 07 05  0225   57208   8700   3.78e+00  2.21e-01  1.12e-01  5.59e-02  4.60e-02  2.10e-02  1.04e+03  7.49e+00 -1.00e+05
2015 07 05  0230   57208   9000   7.22e+00  4.93e-01  9.52e-02  4.42e-02  3.56e-02  1.78e-02  1.13e+03  1.01e+01 -1.00e+05
2015 07 05  0235   57208   9300   3.89e+00  2.34e-01  1.12e-01  5.96e-02  5.11e-02  2.28e-02  1.16e+03  1.03e+01 -1.00e+05
2015 07 05  0240   57208   9600   1.95e+00  2.41e-01  2.15e-01  4.42e-02  3.56e-02  1.78e-02  1.02e+03  5.88e+00 -1.00e+05
2015 07 05  0245   57208   9900   2.29e+00  2.84e-01  1.56e-01  4.42e-02  3.56e-02  1.78e-02  1.03e+03  9.75e+00 -1.00e+05
2015 07 05  0250   57208  10200   1.61e+00  1.41e-01  1.14e-01  6.64e-02  5.79e-02  1.79e-02  8.20e+02  2.99e+00 -1.00e+05
2015 07 05  0255   57208  10500   2.63e+00  2.61e-01  1.07e-01  5.51e-02  4.66e-02  2.88e-02  7.04e+02  5.90e+00 -1.00e+05
2015 07 05  0300   57208  10800   2.06e+00  2.75e-01  9.61e-02  4.42e-02  3.56e-02  1.78e-02  6.28e+02  6.27e+00 -1.00e+05
2015 07 05  0305   57208  11100   1.40e+00  1.32e-01  1.05e-01  5.76e-02  4.90e-02  3.13e-02  5.96e+02  4.43e+00 -1.00e+05
2015 07 05  0310   57208  11400   1.71e+00  2.47e-01  1.73e-01  1.17e-01  1.08e-01  4.35e-02  4.68e+02  2.42e+00 -1.00e+05
2015 07 05  0315   57208  11700   2.01e+00  3.11e-01  1.18e-01  6.59e-02  5.73e-02  2.48e-02  4.08e+02  2.43e+00 -1.00e+05
2015 07 05  0320   57208  12000   1.61e+00  2.39e-01  1.10e-01  4.42e-02  3.56e-02  1.78e-02  3.59e+02  1.63e+00 -1.00e+05
2015 07 05  0325   57208  12300   1.35e+00  1.82e-01  1.02e-01  4.42e-02  3.56e-02  1.78e-02  3.15e+02  8.75e-01 -1.00e+05
2015 07 05  0330   57208  12600   1.32e+00  1.84e-01  1.58e-01  1.10e-01  1.01e-01  3.89e-02  2.76e+02  1.61e+00 -1.00e+05
2015 07 05  0335   57208  12900   3.05e+00  3.72e-01  1.11e-01  5.96e-02  5.11e-02  2.28e-02  2.79e+02  1.33e-01 -1.00e+05
2015 07 05  0340   57208  13200   9.41e-01  1.30e-01  1.03e-01  5.53e-02  3.81e-02  1.78e-02  3.50e+02  1.33e-01 -1.00e+05
2015 07 05  0345   57208  13500   1.14e+00  1.96e-01  1.70e-01  1.22e-01  1.14e-01  4.29e-02  4.42e+02  1.33e-01 -1.00e+05
2015 07 05  0350   57208  13800   2.11e+00  2.77e-01  1.51e-01  8.48e-02  7.63e-02  5.85e-02  3.17e+02  6.52e-01 -1.00e+05
2015 07 05  0355   57208  14100   1.78e+00  2.25e-01  9.63e-02  4.42e-02  3.56e-02  1.78e-02  1.45e+02  7.02e-01 -1.00e+05
2015 07 05  0400   57208  14400   8.66e-01  1.39e-01  1.13e-01  6.50e-02  5.65e-02  3.87e-02  3.53e+01  1.33e-01 -1.00e+05
2015 07 05  0405   57208  14700   1.40e+00  2.01e-01  1.22e-01  6.50e-02  5.65e-02  3.87e-02  1.54e+01  3.46e-01 -1.00e+05
2015 07 05  0410   57208  15000   1.00e+00  1.63e-01  1.37e-01  4.42e-02  3.56e-02  1.78e-02  1.09e+02  2.55e+00 -1.00e+05
2015 07 05  0415   57208  15300   2.99e+00  1.21e-01  9.48e-02  4.71e-02  3.85e-02  1.88e-02  1.29e+03  8.42e+00 -1.00e+05
2015 07 05  0420   57208  15600   4.66e+00  1.27e-01  1.01e-01  5.33e-02  4.48e-02  2.08e-02  2.43e+03  1.90e+01 -1.00e+05
2015 07 05  0425   57208  15900   1.51e+01  2.67e-01  1.24e-01  7.21e-02  6.36e-02  2.68e-02  2.41e+03  2.59e+01 -1.00e+05
2015 07 05  0430   57208  16200   9.60e+00  2.25e-01  9.63e-02  4.42e-02  3.56e-02  1.78e-02  2.21e+03  2.10e+01 -1.00e+05
2015 07 05  0435   57208  16500   5.82e+00  1.54e-01  1.28e-01  7.99e-02  7.13e-02  5.35e-02  2.13e+03  2.40e+01 -1.00e+05
2015 07 05  0440   57208  16800   7.90e+00  3.05e-01  2.25e-01  4.42e-02  3.56e-02  1.78e-02  1.55e+03  1.81e+01 -1.00e+05
2015 07 05  0445   57208  17100   1.22e+01  2.25e-01  9.63e-02  4.42e-02  3.56e-02  1.78e-02  7.67e+02  8.22e+00 -1.00e+05
2015 07 05  0450   57208  17400   7.93e+00  1.27e-01  1.01e-01  5.33e-02  4.48e-02  2.08e-02  5.46e+02  6.16e+00 -1.00e+05
2015 07 05  0455   57208  17700   1.67e+01  2.46e-01  1.31e-01  6.70e-02  5.85e-02  2.92e-02  6.96e+02  6.48e+00 -1.00e+05
2015 07 05  0500   57208  18000   2.02e+01  3.28e-01  1.04e-01  5.26e-02  4.41e-02  2.63e-02  8.18e+02  9.43e+00 -1.00e+05
2015 07 05  0505   57208  18300   1.56e+01  2.65e-01  1.11e-01  5.94e-02  5.09e-02  3.31e-02  6.31e+02  8.00e+00 -1.00e+05
2015 07 05  0510   57208  18600   8.62e+00  1.84e-01  1.36e-01  8.47e-02  7.61e-02  3.08e-02  6.49e+02  9.57e+00 -1.00e+05
2015 07 05  0515   57208  18900   5.15e+00  1.18e-01  9.19e-02  4.42e-02  3.56e-02  1.78e-02  5.63e+02  7.34e+00 -1.00e+05
2015 07 05  0520   57208  19200   6.48e+00  1.84e-01  1.31e-01  7.84e-02  6.99e-02  2.88e-02  4.55e+02  5.85e+00 -1.00e+05
2015 07 05  0525   57208  19500   5.47e+00  1.88e-01  1.43e-01  9.16e-02  8.31e-02  3.55e-02  5.24e+02  7.03e+00 -1.00e+05
2015 07 05  0530   57208  19800   4.64e+00  1.49e-01  1.23e-01  7.49e-02  6.64e-02  4.86e-02  6.09e+02  5.82e+00 -1.00e+05
2015 07 05  0535   57208  20100   4.82e+00  1.82e-01  1.02e-01  4.42e-02  3.56e-02  1.78e-02  5.55e+02  7.20e+00 -1.00e+05
2015 07 05  0540   57208  20400   5.45e+00  2.25e-01  9.63e-02  4.42e-02  3.56e-02  1.78e-02  5.23e+02  6.90e+00 -1.00e+05
2015 07 05  0545   57208  20700   5.57e+00  2.66e-01  1.12e-01  6.02e-02  5.16e-02  3.37e-02  5.14e+02  3.32e+00 -1.00e+05
2015 07 05  0550   57208  21000   3.06e+00  1.62e-01  1.35e-01  8.77e-02  7.92e-02  4.26e-02  5.08e+02  2.68e+00 -1.00e+05
2015 07 05  0555   57208  21300   2.75e+00  1.18e-01  9.19e-02  4.42e-02  3.56e-02  1.78e-02  5.15e+02  6.53e+00 -1.00e+05
2015 07 05  0600   57208  21600   2.67e+00  1.18e-01  9.19e-02  4.42e-02  3.56e-02  1.78e-02  5.34e+02  4.16e+00 -1.00e+05
2015 07 05  0605   57208  21900   2.20e+00  1.32e-01  1.01e-01  5.26e-02  4.41e-02  2.63e-02  5.29e+02  4.00e+00 -1.00e+05
2015 07 05  0610   57208  22200   2.05e+00  1.24e-01  9.29e-02  4.42e-02  3.56e-02  1.78e-02  5.60e+02  4.91e+00 -1.00e+05
2015 07 05  0615   57208  22500   3.57e+00  2.51e-01  9.62e-02  4.42e-02  3.56e-02  1.78e-02  5.55e+02  4.04e+00 -1.00e+05
2015 07 05  0620   57208  22800   2.24e+00  1.99e-01  1.26e-01  6.94e-02  6.08e-02  3.84e-02  6.13e+02  4.36e+00 -1.00e+05
2015 07 05  0625   57208  23100   1.57e+00  1.24e-01  9.29e-02  4.42e-02  3.56e-02  1.78e-02  6.44e+02  7.65e+00 -1.00e+05
2015 07 05  0630   57208  23400   2.32e+00  3.51e-01  1.70e-01  7.00e-02  6.14e-02  4.36e-02  6.43e+02  5.06e+00 -1.00e+05
2015 07 05  0635   57208  23700   2.72e+00  2.62e-01  1.08e-01  5.53e-02  3.81e-02  1.78e-02  5.63e+02  3.86e+00 -1.00e+05
2015 07 05  0640   57208  24000   1.32e+00  1.63e-01  1.37e-01  4.42e-02  3.56e-02  1.78e-02  4.55e+02  4.55e+00 -1.00e+05
2015 07 05  0645   57208  24300   1.02e+00  1.18e-01  9.19e-02  4.42e-02  3.56e-02  1.78e-02  5.31e+02  6.86e+00 -1.00e+05
2015 07 05  0650   57208  24600   1.74e+00  1.82e-01  1.02e-01  4.42e-02  3.56e-02  1.78e-02  5.37e+02  5.21e+00 -1.00e+05
2015 07 05  0655   57208  24900   9.70e-01  1.37e-01  1.10e-01  6.18e-02  3.96e-02  1.78e-02  4.40e+02  4.73e+00 -1.00e+05
2015 07 05  0700   57208  25200   9.70e-01  1.18e-01  9.19e-02  4.42e-02  3.56e-02  1.78e-02  4.44e+02  5.55e+00 -1.00e+05
2015 07 05  0705   57208  25500   8.77e-01  2.29e-01  2.03e-01  6.61e-02  5.75e-02  2.56e-02  4.36e+02  4.43e+00 -1.00e+05
2015 07 05  0710   57208  25800   1.84e+00  3.91e-01  2.22e-01  1.08e-01  9.94e-02  5.41e-02  4.85e+02  2.49e+00 -1.00e+05
2015 07 05  0715   57208  26100   2.23e+00  4.79e-01  2.29e-01  8.05e-02  7.20e-02  3.69e-02  5.08e+02  3.46e+00 -1.00e+05
2015 07 05  0720   57208  26400   1.03e+00  1.52e-01  1.25e-01  7.74e-02  6.89e-02  5.11e-02  5.50e+02  4.80e+00 -1.00e+05
2015 07 05  0725   57208  26700   1.89e+00  2.69e-01  1.14e-01  6.18e-02  3.96e-02  1.78e-02  5.73e+02  4.90e+00 -1.00e+05
2015 07 05  0730   57208  27000   1.49e+00  2.89e-01  1.50e-01  6.84e-02  5.99e-02  3.47e-02  5.10e+02  6.37e+00 -1.00e+05
2015 07 05  0735   57208  27300   1.53e+00  2.52e-01  1.24e-01  5.76e-02  4.90e-02  3.13e-02  5.87e+02  5.08e+00 -1.00e+05
2015 07 05  0740   57208  27600   8.94e-01  1.50e-01  1.23e-01  5.26e-02  4.41e-02  2.63e-02  5.91e+02  7.31e+00 -1.00e+05
2015 07 05  0745   57208  27900   7.65e-01  1.30e-01  9.88e-02  5.01e-02  4.16e-02  2.38e-02  5.38e+02  5.73e+00 -1.00e+05
2015 07 05  0750   57208  28200   1.04e+00  2.00e-01  1.74e-01  8.06e-02  4.46e-02  2.13e-02  6.71e+02  7.29e+00 -1.00e+05
2015 07 05  0755   57208  28500   9.87e-01  1.48e-01  1.21e-01  7.33e-02  5.45e-02  3.37e-02  6.53e+02  8.07e+00 -1.00e+05
2015 07 05  0800   57208  28800   1.27e+00  2.97e-01  1.70e-01  6.25e-02  5.40e-02  3.62e-02  5.59e+02  8.35e+00 -1.00e+05
2015 07 05  0805   57208  29100   1.56e+00  2.39e-01  1.10e-01  4.42e-02  3.56e-02  1.78e-02  6.91e+02  1.19e+01 -1.00e+05
2015 07 05  0810   57208  29400   1.19e+00  2.30e-01  1.01e-01  4.87e-02  3.67e-02  1.78e-02  6.81e+02  1.07e+01 -1.00e+05
2015 07 05  0815   57208  29700   1.06e+00  1.49e-01  1.23e-01  7.48e-02  6.63e-02  4.85e-02  8.08e+02  1.01e+01 -1.00e+05
2015 07 05  0820   57208  30000   1.01e+00  1.43e-01  1.17e-01  6.84e-02  4.11e-02  1.78e-02  9.20e+02  1.08e+01 -1.00e+05
2015 07 05  0825   57208  30300   1.06e+00  1.59e-01  1.33e-01  8.41e-02  5.17e-02  2.08e-02  9.77e+02  1.49e+01 -1.00e+05
2015 07 05  0830   57208  30600   1.80e+00  4.43e-01  2.92e-01  9.09e-02  8.24e-02  3.29e-02  9.82e+02  1.17e+01 -1.00e+05
2015 07 05  0835   57208  30900   2.16e+00  2.40e-01  1.12e-01  6.01e-02  5.15e-02  3.37e-02  1.02e+03  1.39e+01 -1.00e+05
2015 07 05  0840   57208  31200   1.08e+00  1.44e-01  1.18e-01  7.00e-02  6.14e-02  4.36e-02  1.05e+03  1.41e+01 -1.00e+05
2015 07 05  0845   57208  31500   1.63e+00  1.82e-01  1.02e-01  4.42e-02  3.56e-02  1.78e-02  1.29e+03  1.50e+01 -1.00e+05
2015 07 05  0850   57208  31800   1.63e+00  3.64e-01  1.82e-01  6.42e-02  5.21e-02  2.28e-02  1.38e+03  1.59e+01 -1.00e+05
2015 07 05  0855   57208  32100   7.94e-01  2.00e-01  1.74e-01  1.26e-01  1.18e-01  5.49e-02  1.35e+03  1.45e+01 -1.00e+05
2015 07 05  0900   57208  32400   8.73e-01  1.23e-01  9.66e-02  4.87e-02  3.67e-02  1.78e-02  1.47e+03  1.36e+01 -1.00e+05
2015 07 05  0905   57208  32700   9.50e-01  1.18e-01  9.19e-02  4.42e-02  3.56e-02  1.78e-02  1.43e+03  1.73e+01 -1.00e+05
2015 07 05  0910   57208  33000   1.94e+00  4.36e-01  1.82e-01  4.42e-02  3.56e-02  1.78e-02  1.53e+03  1.67e+01 -1.00e+05
2015 07 05  0915   57208  33300   2.34e+00  5.75e-01  1.62e-01  4.42e-02  3.56e-02  1.78e-02  1.53e+03  1.56e+01 -1.00e+05
2015 07 05  0920   57208  33600   1.32e+00  2.23e-01  1.43e-01  8.40e-02  4.73e-02  2.13e-02  1.47e+03  1.73e+01 -1.00e+05
2015 07 05  0925   57208  33900   1.07e+00  1.84e-01  1.58e-01  1.10e-01  1.01e-01  3.89e-02  1.60e+03  1.66e+01 -1.00e+05
2015 07 05  0930   57208  34200   1.08e+00  1.24e-01  9.29e-02  4.42e-02  3.56e-02  1.78e-02  1.59e+03  1.59e+01 -1.00e+05
2015 07 05  0935   57208  34500   1.37e+00  1.93e-01  1.66e-01  1.18e-01  1.03e-01  5.96e-02  1.69e+03  1.31e+01 -1.00e+05
2015 07 05  0940   57208  34800   1.34e+00  2.03e-01  1.76e-01  1.29e-01  1.20e-01  4.49e-02  1.63e+03  1.63e+01 -1.00e+05
2015 07 05  0945   57208  35100   1.80e+00  2.63e-01  1.35e-01  8.29e-02  7.39e-02  5.60e-02  1.65e+03  1.67e+01 -1.00e+05
2015 07 05  0950   57208  35400   2.19e+00  2.30e-01  1.05e-01  5.33e-02  4.48e-02  2.08e-02  1.69e+03  1.94e+01 -1.00e+05
2015 07 05  0955   57208  35700   1.86e+00  3.13e-01  1.12e-01  6.02e-02  5.16e-02  3.37e-02  1.88e+03  1.88e+01 -1.00e+05
2015 07 05  1000   57208  36000   2.21e+00  2.25e-01  9.63e-02  4.42e-02  3.56e-02  1.78e-02  1.95e+03  1.84e+01 -1.00e+05
2015 07 05  1005   57208  36300   1.08e+00  1.50e-01  1.23e-01  6.59e-02  5.73e-02  2.48e-02  1.54e+03  1.67e+01 -1.00e+05
2015 07 05  1010   57208  36600   1.47e+00  2.48e-01  1.37e-01  7.37e-02  6.52e-02  3.31e-02  1.80e+03  1.46e+01 -1.00e+05
2015 07 05  1015   57208  36900   9.70e-01  1.43e-01  1.11e-01  6.18e-02  3.96e-02  1.78e-02  1.65e+03  1.47e+01 -1.00e+05
2015 07 05  1020   57208  37200   7.46e-01  1.27e-01  1.01e-01  5.33e-02  4.48e-02  2.08e-02  1.56e+03  1.44e+01 -1.00e+05
2015 07 05  1025   57208  37500   7.02e-01  1.54e-01  1.28e-01  7.88e-02  4.11e-02  1.78e-02  1.59e+03  1.69e+01 -1.00e+05
2015 07 05  1030   57208  37800   1.81e+00  3.50e-01  1.81e-01  1.29e-01  1.20e-01  4.49e-02  1.42e+03  1.39e+01 -1.00e+05
2015 07 05  1035   57208  38100   7.81e-01  1.34e-01  1.08e-01  6.02e-02  5.16e-02  3.37e-02  1.32e+03  8.11e+00 -1.00e+05
2015 07 05  1040   57208  38400   7.61e-01  1.18e-01  9.19e-02  4.42e-02  3.56e-02  1.78e-02  1.18e+03  1.03e+01 -1.00e+05
2015 07 05  1045   57208  38700   8.71e-01  1.82e-01  1.02e-01  4.42e-02  3.56e-02  1.78e-02  6.93e+02  7.71e+00 -1.00e+05
2015 07 05  1050   57208  39000   8.32e-01  1.29e-01  1.03e-01  5.51e-02  4.66e-02  2.88e-02  1.68e+03  1.69e+01 -1.00e+05
2015 07 05  1055   57208  39300   1.05e+00  1.18e-01  9.19e-02  4.42e-02  3.56e-02  1.78e-02  2.01e+03  1.91e+01 -1.00e+05
2015 07 05  1100   57208  39600   2.31e+00  3.41e-01  2.30e-01  1.76e-01  9.00e-02  1.79e-02  1.93e+03  1.70e+01 -1.00e+05
2015 07 05  1105   57208  39900   2.86e+00  1.97e-01  1.17e-01  6.01e-02  5.15e-02  3.37e-02  2.01e+03  1.87e+01 -1.00e+05
2015 07 05  1110   57208  40200   2.74e+00  1.60e-01  1.31e-01  8.23e-02  7.38e-02  5.60e-02  2.74e+03  2.14e+01 -1.00e+05
2015 07 05  1115   57208  40500   5.84e+00  3.49e-01  1.04e-01  5.26e-02  4.41e-02  2.63e-02  2.91e+03  2.09e+01 -1.00e+05
2015 07 05  1120   57208  40800   4.65e+00  1.82e-01  1.02e-01  4.42e-02  3.56e-02  1.78e-02  2.72e+03  1.89e+01 -1.00e+05
2015 07 05  1125   57208  41100   2.82e+00  1.49e-01  1.22e-01  7.47e-02  6.62e-02  3.67e-02  2.95e+03  1.69e+01 -1.00e+05
2015 07 05  1130   57208  41400   3.51e+00  2.58e-01  1.87e-01  1.32e-01  1.23e-01  5.67e-02  3.29e+03  2.25e+01 -1.00e+05
2015 07 05  1135   57208  41700   3.65e+00  1.83e-01  1.15e-01  5.96e-02  5.11e-02  2.28e-02  3.86e+03  2.73e+01 -1.00e+05
2015 07 05  1140   57208  42000   2.69e+00  1.23e-01  9.66e-02  4.87e-02  3.67e-02  1.78e-02  3.83e+03  2.61e+01 -1.00e+05
2015 07 05  1145   57208  42300   3.24e+00  2.91e-01  2.60e-01  8.94e-02  5.43e-02  2.88e-02  4.09e+03  1.83e+01 -1.00e+05
2015 07 05  1150   57208  42600   4.44e+00  2.25e-01  9.63e-02  4.42e-02  3.56e-02  1.78e-02  4.49e+03  2.28e+01 -1.00e+05
2015 07 05  1155   57208  42900   4.72e+00  2.03e-01  1.25e-01  6.75e-02  5.90e-02  4.12e-02  4.67e+03  2.24e+01 -1.00e+05
2015 07 05  1200   57208  43200   3.17e+00  1.84e-01  1.58e-01  1.09e-01  7.68e-02  2.88e-02  4.95e+03  2.29e+01 -1.00e+05
2015 07 05  1205   57208  43500   3.53e+00  2.03e-01  1.25e-01  6.75e-02  5.90e-02  4.12e-02  4.96e+03  1.95e+01 -1.00e+05
2015 07 05  1210   57208  43800   2.52e+00  2.31e-01  2.04e-01  1.54e-01  9.35e-02  4.81e-02  5.05e+03  1.99e+01 -1.00e+05
2015 07 05  1215   57208  44100   2.64e+00  1.43e-01  1.11e-01  6.18e-02  3.96e-02  1.78e-02  5.19e+03  2.23e+01 -1.00e+05
2015 07 05  1220   57208  44400   2.54e+00  1.51e-01  1.25e-01  7.57e-02  4.11e-02  1.78e-02  5.25e+03  2.45e+01 -1.00e+05
2015 07 05  1225   57208  44700   2.67e+00  1.32e-01  1.05e-01  5.76e-02  4.90e-02  3.13e-02  5.46e+03  2.15e+01 -1.00e+05
2015 07 05  1230   57208  45000   2.32e+00  1.66e-01  1.39e-01  6.95e-02  5.98e-02  3.29e-02  5.66e+03  2.23e+01 -1.00e+05
2015 07 05  1235   57208  45300   2.56e+00  2.30e-01  2.04e-01  1.54e-01  8.68e-02  2.88e-02  5.54e+03  2.23e+01 -1.00e+05
2015 07 05  1240   57208  45600   2.33e+00  1.18e-01  9.19e-02  4.42e-02  3.56e-02  1.78e-02  5.67e+03  2.44e+01 -1.00e+05
2015 07 05  1245   57208  45900   2.31e+00  1.69e-01  1.43e-01  6.25e-02  5.40e-02  3.62e-02  5.91e+03  2.14e+01 -1.00e+05
2015 07 05  1250   57208  46200   4.39e+00  2.84e-01  1.56e-01  4.42e-02  3.56e-02  1.78e-02  5.81e+03  2.28e+01 -1.00e+05
2015 07 05  1255   57208  46500   3.85e+00  3.02e-01  1.76e-01  1.09e-01  7.98e-02  5.60e-02  6.08e+03  2.14e+01 -1.00e+05
2015 07 05  1300   57208  46800   2.52e+00  1.37e-01  1.10e-01  6.25e-02  5.40e-02  3.62e-02  6.13e+03  2.59e+01 -1.00e+05
2015 07 05  1305   57208  47100   3.52e+00  2.53e-01  1.25e-01  5.84e-02  4.92e-02  3.13e-02  6.19e+03  2.40e+01 -1.00e+05
2015 07 05  1310   57208  47400   3.81e+00  1.82e-01  1.02e-01  4.42e-02  3.56e-02  1.78e-02  6.13e+03  2.64e+01 -1.00e+05
2015 07 05  1315   57208  47700   3.88e+00  3.79e-01  2.53e-01  7.08e-02  6.22e-02  4.39e-02  6.16e+03  2.29e+01 -1.00e+05
2015 07 05  1320   57208  48000   4.39e+00  2.54e-01  1.27e-01  7.44e-02  6.59e-02  4.81e-02  6.25e+03  2.51e+01 -1.00e+05
2015 07 05  1325   57208  48300   2.56e+00  1.68e-01  1.42e-01  9.40e-02  8.54e-02  4.46e-02  6.59e+03  2.43e+01 -1.00e+05
2015 07 05  1330   57208  48600   3.54e+00  2.06e-01  1.27e-01  7.00e-02  6.14e-02  4.36e-02  6.67e+03  2.76e+01 -1.00e+05
2015 07 05  1335   57208  48900   4.69e+00  3.78e-01  1.80e-01  1.28e-01  1.19e-01  5.62e-02  6.62e+03  2.16e+01 -1.00e+05
2015 07 05  1340   57208  49200   2.38e+00  1.94e-01  1.67e-01  1.19e-01  9.33e-02  5.56e-02  6.76e+03  2.15e+01 -1.00e+05
2015 07 05  1345   57208  49500   2.06e+00  1.63e-01  1.37e-01  4.42e-02  3.56e-02  1.78e-02  6.77e+03  2.26e+01 -1.00e+05
2015 07 05  1350   57208  49800   1.71e+00  1.44e-01  1.18e-01  6.99e-02  6.13e-02  4.35e-02  6.79e+03  2.56e+01 -1.00e+05
2015 07 05  1355   57208  50100   3.18e+00  2.69e-01  1.15e-01  6.31e-02  5.46e-02  3.64e-02  6.88e+03  2.33e+01 -1.00e+05
2015 07 05  1400   57208  50400   1.72e+00  1.96e-01  1.70e-01  1.21e-01  9.04e-02  3.91e-02  6.99e+03  2.04e+01 -1.00e+05
2015 07 05  1405   57208  50700   3.10e+00  3.65e-01  2.36e-01  4.77e-02  3.91e-02  2.13e-02  7.11e+03  2.21e+01 -1.00e+05
2015 07 05  1410   57208  51000   1.94e+00  1.40e-01  1.14e-01  6.58e-02  5.73e-02  3.95e-02  7.16e+03  2.31e+01 -1.00e+05
2015 07 05  1415   57208  51300   2.70e+00  2.47e-01  1.61e-01  1.02e-01  8.97e-02  3.49e-02  7.29e+03  2.17e+01 -1.00e+05
2015 07 05  1420   57208  51600   2.29e+00  1.89e-01  1.33e-01  7.95e-02  7.10e-02  3.33e-02  7.52e+03  2.34e+01 -1.00e+05
2015 07 05  1425   57208  51900   2.05e+00  1.48e-01  1.18e-01  7.00e-02  6.14e-02  4.36e-02  7.79e+03  2.90e+01 -1.00e+05
2015 07 05  1430   57208  52200   3.05e+00  2.62e-01  1.36e-01  6.99e-02  5.51e-02  3.55e-02  7.95e+03  2.20e+01 -1.00e+05
2015 07 05  1435   57208  52500   2.38e+00  2.33e-01  2.07e-01  5.98e-02  5.13e-02  2.36e-02  8.33e+03  2.41e+01 -1.00e+05
2015 07 05  1440   57208  52800   4.42e+00  2.52e-01  1.25e-01  7.24e-02  6.39e-02  4.61e-02  8.64e+03  2.81e+01 -1.00e+05
2015 07 05  1445   57208  53100   2.63e+00  1.46e-01  1.20e-01  7.21e-02  6.36e-02  2.68e-02  9.28e+03  3.01e+01 -1.00e+05
2015 07 05  1450   57208  53400   6.34e+00  3.30e-01  1.11e-01  5.96e-02  5.11e-02  2.28e-02  9.46e+03  2.70e+01 -1.00e+05
2015 07 05  1455   57208  53700   4.41e+00  2.55e-01  1.28e-01  6.26e-02  5.41e-02  3.63e-02  9.90e+03  2.91e+01 -1.00e+05
2015 07 05  1500   57208  54000   6.32e+00  3.76e-01  1.32e-01  7.99e-02  7.13e-02  5.35e-02  1.02e+04  3.09e+01 -1.00e+05
2015 07 05  1505   57208  54300   5.38e+00  2.84e-01  1.56e-01  5.76e-02  4.90e-02  3.13e-02  1.06e+04  3.05e+01 -1.00e+05
2015 07 05  1510   57208  54600   3.29e+00  1.73e-01  1.47e-01  9.88e-02  9.03e-02  4.11e-02  1.11e+04  2.86e+01 -1.00e+05
2015 07 05  1515   57208  54900   4.15e+00  2.07e-01  1.28e-01  7.03e-02  5.77e-02  3.87e-02  1.17e+04  3.45e+01 -1.00e+05
2015 07 05  1520   57208  55200   5.67e+00  2.25e-01  9.63e-02  4.42e-02  3.56e-02  1.78e-02  1.21e+04  3.86e+01 -1.00e+05
2015 07 05  1525   57208  55500   3.18e+00  1.23e-01  9.66e-02  4.87e-02  3.67e-02  1.78e-02  1.25e+04  3.49e+01 -1.00e+05
2015 07 05  1530   57208  55800   4.57e+00  2.59e-01  1.67e-01  1.07e-01  9.84e-02  5.05e-02  1.25e+04  3.35e+01 -1.00e+05
2015 07 05  1535   57208  56100   3.47e+00  1.19e-01  9.30e-02  4.52e-02  3.67e-02  1.89e-02  1.30e+04  3.83e+01 -1.00e+05
2015 07 05  1540   57208  56400   3.87e+00  1.18e-01  9.19e-02  4.42e-02  3.56e-02  1.78e-02  1.37e+04  3.87e+01 -1.00e+05
2015 07 05  1545   57208  56700   5.58e+00  2.13e-01  1.34e-01  7.74e-02  6.89e-02  5.11e-02  1.39e+04  3.94e+01 -1.00e+05
2015 07 05  1550   57208  57000   4.10e+00  1.18e-01  9.19e-02  4.42e-02  3.56e-02  1.78e-02  1.39e+04  3.91e+01 -1.00e+05
2015 07 05  1555   57208  57300   3.77e+00  1.41e-01  1.15e-01  4.42e-02  3.56e-02  1.78e-02  1.43e+04  4.04e+01 -1.00e+05
2015 07 05  1600   57208  57600   4.15e+00  1.66e-01  1.39e-01  9.07e-02  6.34e-02  1.79e-02  1.45e+04  4.14e+01 -1.00e+05
2015 07 05  1605   57208  57900   6.34e+00  2.48e-01  1.20e-01  6.75e-02  5.90e-02  4.12e-02  1.49e+04  4.25e+01 -1.00e+05
2015 07 05  1610   57208  58200   4.19e+00  1.78e-01  1.51e-01  1.02e-01  6.44e-02  4.12e-02  1.50e+04  4.44e+01 -1.00e+05
2015 07 05  1615   57208  58500   3.48e+00  1.37e-01  1.10e-01  6.25e-02  5.40e-02  3.62e-02  1.43e+04  4.30e+01 -1.00e+05
2015 07 05  1620   57208  58800   4.04e+00  1.24e-01  9.29e-02  4.42e-02  3.56e-02  1.78e-02  1.45e+04  4.77e+01 -1.00e+05
2015 07 05  1625   57208  59100   3.97e+00  1.30e-01  1.03e-01  5.53e-02  3.81e-02  1.78e-02  1.50e+04  4.37e+01 -1.00e+05
2015 07 05  1630   57208  59400   4.14e+00  1.45e-01  1.18e-01  7.04e-02  5.84e-02  2.48e-02  1.56e+04  4.67e+01 -1.00e+05
2015 07 05  1635   57208  59700   5.63e+00  4.69e-01  3.40e-01  7.88e-02  4.11e-02  1.78e-02  1.49e+04  4.24e+01 -1.00e+05
2015 07 05  1640   57208  60000   3.55e+00  1.58e-01  1.32e-01  8.36e-02  6.13e-02  2.48e-02  1.50e+04  4.48e+01 -1.00e+05
2015 07 05  1645   57208  60300   4.67e+00  1.85e-01  1.05e-01  4.77e-02  3.91e-02  2.13e-02  1.50e+04  4.90e+01 -1.00e+05
2015 07 05  1650   57208  60600   4.70e+00  1.82e-01  1.02e-01  4.42e-02  3.56e-02  1.78e-02  1.49e+04  5.01e+01 -1.00e+05
2015 07 05  1655   57208  60900   6.54e+00  2.25e-01  9.63e-02  4.42e-02  3.56e-02  1.78e-02  1.50e+04  4.76e+01 -1.00e+05
2015 07 05  1700   57208  61200   6.47e+00  2.39e-01  1.10e-01  4.42e-02  3.56e-02  1.78e-02  1.55e+04  5.04e+01 -1.00e+05
2015 07 05  1705   57208  61500   5.61e+00  2.07e-01  1.28e-01  6.97e-02  4.99e-02  2.88e-02  1.56e+04  4.62e+01 -1.00e+05
2015 07 05  1710   57208  61800   4.22e+00  2.57e-01  2.31e-01  7.23e-02  6.37e-02  4.59e-02  1.57e+04  4.72e+01 -1.00e+05
2015 07 05  1715   57208  62100   3.92e+00  1.49e-01  1.23e-01  7.49e-02  6.64e-02  4.86e-02  1.58e+04  5.03e+01 -1.00e+05
2015 07 05  1720   57208  62400   3.51e+00  1.34e-01  1.07e-01  5.96e-02  5.11e-02  2.28e-02  1.57e+04  4.96e+01 -1.00e+05
2015 07 05  1725   57208  62700   3.27e+00  1.39e-01  1.13e-01  6.50e-02  5.65e-02  3.87e-02  1.51e+04  4.59e+01 -1.00e+05
2015 07 05  1730   57208  63000   3.25e+00  1.70e-01  1.44e-01  9.54e-02  6.91e-02  4.61e-02  1.50e+04  4.71e+01 -1.00e+05
2015 07 05  1735   57208  63300   5.72e+00  2.40e-01  1.12e-01  6.01e-02  5.15e-02  3.37e-02  1.50e+04  4.95e+01 -1.00e+05
2015 07 05  1740   57208  63600   3.75e+00  1.58e-01  1.32e-01  8.41e-02  6.84e-02  4.86e-02  1.55e+04  5.08e+01 -1.00e+05
2015 07 05  1745   57208  63900   3.54e+00  1.84e-01  1.58e-01  1.09e-01  7.17e-02  1.80e-02  1.56e+04  5.07e+01 -1.00e+05
2015 07 05  1750   57208  64200   5.38e+00  2.01e-01  1.24e-01  6.72e-02  5.87e-02  4.09e-02  1.58e+04  4.90e+01 -1.00e+05
2015 07 05  1755   57208  64500   4.07e+00  1.78e-01  1.52e-01  1.03e-01  6.65e-02  2.92e-02  1.64e+04  5.41e+01 -1.00e+05
2015 07 05  1800   57208  64800   3.74e+00  1.53e-01  1.26e-01  7.84e-02  6.99e-02  2.88e-02  1.69e+04  5.83e+01 -1.00e+05
2015 07 05  1805   57208  65100   4.95e+00  3.10e-01  2.84e-01  1.01e-01  9.22e-02  4.85e-02  1.76e+04  5.67e+01 -1.00e+05
2015 07 05  1810   57208  65400   3.69e+00  1.75e-01  1.49e-01  1.01e-01  9.26e-02  5.03e-02  1.78e+04  6.09e+01 -1.00e+05
2015 07 05  1815   57208  65700   6.82e+00  3.63e-01  2.57e-01  1.43e-01  1.34e-01  5.52e-02  1.78e+04  5.86e+01 -1.00e+05
2015 07 05  1820   57208  66000   4.43e+00  1.18e-01  9.19e-02  4.42e-02  3.56e-02  1.78e-02  1.83e+04  6.20e+01 -1.00e+05
2015 07 05  1825   57208  66300   8.11e+00  6.44e-01  3.67e-01  8.76e-02  5.20e-02  2.63e-02  1.91e+04  5.92e+01 -1.00e+05
2015 07 05  1830   57208  66600   9.58e+00  3.33e-01  1.32e-01  7.99e-02  5.60e-02  3.37e-02  1.99e+04  6.28e+01 -1.00e+05
2015 07 05  1835   57208  66900   8.00e+00  2.43e-01  1.15e-01  6.25e-02  5.40e-02  3.62e-02  2.04e+04  6.69e+01 -1.00e+05
2015 07 05  1840   57208  67200   5.06e+00  1.63e-01  1.37e-01  4.42e-02  3.56e-02  1.78e-02  2.15e+04  6.53e+01 -1.00e+05
2015 07 05  1845   57208  67500   4.90e+00  1.41e-01  1.15e-01  4.42e-02  3.56e-02  1.78e-02  2.14e+04  6.78e+01 -1.00e+05
2015 07 05  1850   57208  67800   4.44e+00  1.44e-01  1.18e-01  7.01e-02  5.88e-02  2.74e-02  2.08e+04  6.50e+01 -1.00e+05
2015 07 05  1855   57208  68100   6.71e+00  2.64e-01  1.35e-01  6.84e-02  4.11e-02  1.78e-02  2.16e+04  7.17e+01 -1.00e+05
2015 07 05  1900   57208  68400   4.98e+00  1.73e-01  1.47e-01  9.83e-02  6.59e-02  4.12e-02  2.27e+04  7.08e+01 -1.00e+05
2015 07 05  1905   57208  68700   5.88e+00  2.71e-01  2.45e-01  8.23e-02  7.38e-02  5.60e-02  2.32e+04  7.46e+01 -1.00e+05
2015 07 05  1910   57208  69000   5.83e+00  1.51e-01  1.25e-01  4.42e-02  3.56e-02  1.78e-02  2.45e+04  8.55e+01 -1.00e+05
2015 07 05  1915   57208  69300   1.02e+01  2.46e-01  1.39e-01  7.67e-02  6.46e-02  2.68e-02  2.54e+04  9.35e+01 -1.00e+05
2015 07 05  1920   57208  69600   6.37e+00  1.44e-01  1.18e-01  7.00e-02  6.14e-02  4.36e-02  2.60e+04  8.78e+01 -1.00e+05
2015 07 05  1925   57208  69900   1.05e+01  2.79e-01  1.52e-01  8.58e-02  7.08e-02  5.11e-02  2.60e+04  9.37e+01 -1.00e+05
2015 07 05  1930   57208  70200   5.42e+00  1.18e-01  9.19e-02  4.42e-02  3.56e-02  1.78e-02  2.55e+04  8.71e+01 -1.00e+05
2015 07 05  1935   57208  70500   8.79e+00  2.30e-01  1.26e-01  7.38e-02  6.53e-02  1.80e-02  2.46e+04  7.47e+01 -1.00e+05
2015 07 05  1940   57208  70800   7.82e+00  1.82e-01  1.02e-01  4.42e-02  3.56e-02  1.78e-02  2.49e+04  8.35e+01 -1.00e+05
2015 07 05  1945   57208  71100   5.98e+00  2.24e-01  1.98e-01  6.84e-02  4.11e-02  1.78e-02  2.54e+04  9.06e+01 -1.00e+05
2015 07 05  1950   57208  71400   5.91e+00  3.24e-01  2.98e-01  8.36e-02  6.13e-02  2.48e-02  2.54e+04  8.10e+01 -1.00e+05
2015 07 05  1955   57208  71700   5.53e+00  1.80e-01  1.53e-01  6.50e-02  5.65e-02  3.87e-02  2.54e+04  8.42e+01 -1.00e+05
2015 07 05  2000   57208  72000   5.72e+00  1.41e-01  1.14e-01  6.65e-02  5.79e-02  4.02e-02  2.59e+04  8.37e+01 -1.00e+05
2015 07 05  2005   57208  72300   8.97e+00  2.86e-01  1.76e-01  1.24e-01  1.15e-01  7.10e-02  2.62e+04  8.59e+01 -1.00e+05
2015 07 05  2010   57208  72600   6.01e+00  1.24e-01  9.79e-02  5.01e-02  4.16e-02  2.38e-02  2.69e+04  1.02e+02 -1.00e+05
2015 07 05  2015   57208  72900   5.64e+00  2.05e-01  1.78e-01  1.31e-01  1.22e-01  5.30e-02  2.64e+04  9.60e+01 -1.00e+05
2015 07 05  2020   57208  73200   5.47e+00  1.18e-01  9.19e-02  4.42e-02  3.56e-02  1.78e-02  2.60e+04  1.02e+02 -1.00e+05
2015 07 05  2025   57208  73500   5.15e+00  1.83e-01  1.57e-01  1.08e-01  6.16e-02  2.28e-02  2.51e+04  1.00e+02 -1.00e+05
2015 07 05  2030   57208  73800   6.74e+00  2.22e-01  1.43e-01  5.26e-02  4.41e-02  2.63e-02  2.40e+04  9.21e+01 -1.00e+05
2015 07 05  2035   57208  74100   4.60e+00  1.41e-01  1.15e-01  6.70e-02  5.85e-02  2.92e-02  2.34e+04  9.07e+01 -1.00e+05
2015 07 05  2040   57208  74400   4.36e+00  1.79e-01  1.53e-01  1.03e-01  6.09e-02  2.28e-02  2.33e+04  8.72e+01 -1.00e+05
2015 07 05  2045   57208  74700   6.65e+00  2.97e-01  1.68e-01  4.42e-02  3.56e-02  1.78e-02  2.33e+04  9.01e+01 -1.00e+05
2015 07 05  2050   57208  75000   4.40e+00  1.34e-01  1.08e-01  6.01e-02  5.15e-02  3.37e-02  2.35e+04  8.99e+01 -1.00e+05
2015 07 05  2055   57208  75300   4.47e+00  1.53e-01  1.26e-01  7.84e-02  6.99e-02  2.88e-02  2.46e+04  8.85e+01 -1.00e+05
2015 07 05  2100   57208  75600   5.90e+00  1.94e-01  1.34e-01  8.05e-02  7.20e-02  3.69e-02  2.47e+04  9.07e+01 -1.00e+05
2015 07 05  2105   57208  75900   4.85e+00  1.94e-01  1.68e-01  1.20e-01  1.01e-01  4.86e-02  2.60e+04  9.27e+01 -1.00e+05
2015 07 05  2110   57208  76200   5.20e+00  1.53e-01  1.26e-01  7.73e-02  4.11e-02  1.78e-02  2.64e+04  9.32e+01 -1.00e+05
2015 07 05  2115   57208  76500   5.11e+00  2.43e-01  2.16e-01  6.26e-02  4.06e-02  1.89e-02  2.73e+04  9.16e+01 -1.00e+05
2015 07 05  2120   57208  76800   9.09e+00  2.60e-01  1.12e-01  5.96e-02  5.11e-02  2.28e-02  2.76e+04  9.72e+01 -1.00e+05
2015 07 05  2125   57208  77100   5.05e+00  1.18e-01  9.19e-02  4.42e-02  3.56e-02  1.78e-02  2.86e+04  9.79e+01 -1.00e+05
2015 07 05  2130   57208  77400   4.74e+00  1.18e-01  9.19e-02  4.42e-02  3.56e-02  1.78e-02  2.83e+04  9.19e+01 -1.00e+05
2015 07 05  2135   57208  77700   6.88e+00  2.59e-01  1.41e-01  8.84e-02  7.41e-02  3.88e-02  2.74e+04  7.94e+01 -1.00e+05
2015 07 05  2140   57208  78000   7.70e+00  2.37e-01  1.08e-01  5.53e-02  3.81e-02  1.78e-02  2.93e+04  9.32e+01 -1.00e+05
2015 07 05  2145   57208  78300   8.78e+00  3.96e-01  1.59e-01  4.42e-02  3.56e-02  1.78e-02  2.92e+04  9.32e+01 -1.00e+05
2015 07 05  2150   57208  78600   4.21e+00  1.21e-01  9.48e-02  4.71e-02  3.85e-02  1.88e-02  2.97e+04  9.36e+01 -1.00e+05
2015 07 05  2155   57208  78900   4.19e+00  1.18e-01  9.19e-02  4.42e-02  3.56e-02  1.78e-02  3.00e+04  9.39e+01 -1.00e+05
2015 07 05  2200   57208  79200   4.13e+00  1.18e-01  9.19e-02  4.42e-02  3.56e-02  1.78e-02  3.09e+04  1.08e+02 -1.00e+05
2015 07 05  2205   57208  79500   4.79e+00  1.63e-01  1.37e-01  4.42e-02  3.56e-02  1.78e-02  3.19e+04  1.09e+02 -1.00e+05
2015 07 05  2210   57208  79800   6.28e+00  1.82e-01  1.02e-01  4.42e-02  3.56e-02  1.78e-02  3.17e+04  1.07e+02 -1.00e+05
2015 07 05  2215   57208  80100   4.34e+00  1.22e-01  9.54e-02  4.77e-02  3.91e-02  2.13e-02  3.08e+04  1.03e+02 -1.00e+05
2015 07 05  2220   57208  80400   4.04e+00  1.55e-01  1.29e-01  8.10e-02  7.24e-02  3.88e-02  2.99e+04  9.27e+01 -1.00e+05
2015 07 05  2225   57208  80700   5.15e+00  2.39e-01  1.10e-01  4.42e-02  3.56e-02  1.78e-02  2.87e+04  9.20e+01 -1.00e+05
2015 07 05  2230   57208  81000   5.54e+00  2.94e-01  1.66e-01  5.76e-02  4.90e-02  3.13e-02  3.06e+04  8.98e+01 -1.00e+05
2015 07 05  2235   57208  81300   3.69e+00  1.63e-01  1.37e-01  4.42e-02  3.56e-02  1.78e-02  3.02e+04  9.73e+01 -1.00e+05
2015 07 05  2240   57208  81600   5.32e+00  1.84e-01  1.31e-01  7.84e-02  6.99e-02  2.88e-02  2.98e+04  9.00e+01 -1.00e+05
2015 07 05  2245   57208  81900   6.64e+00  2.49e-01  1.21e-01  5.51e-02  4.66e-02  2.88e-02  3.13e+04  9.70e+01 -1.00e+05
2015 07 05  2250   57208  82200   4.15e+00  1.29e-01  1.03e-01  5.51e-02  4.66e-02  2.88e-02  3.17e+04  1.03e+02 -1.00e+05
2015 07 05  2255   57208  82500   4.37e+00  1.59e-01  1.33e-01  8.10e-02  7.24e-02  3.88e-02  3.21e+04  9.76e+01 -1.00e+05
2015 07 05  2300   57208  82800   4.54e+00  1.54e-01  1.27e-01  5.96e-02  5.11e-02  2.28e-02  3.19e+04  9.68e+01 -1.00e+05
2015 07 05  2305   57208  83100   5.04e+00  1.44e-01  1.13e-01  6.50e-02  5.65e-02  3.87e-02  3.27e+04  1.04e+02 -1.00e+05
2015 07 05  2310   57208  83400   4.80e+00  1.57e-01  1.31e-01  8.28e-02  7.43e-02  2.72e-02  3.26e+04  1.02e+02 -1.00e+05
2015 07 05  2315   57208  83700   6.52e+00  2.56e-01  1.29e-01  6.25e-02  5.40e-02  3.62e-02  3.20e+04  9.57e+01 -1.00e+05
2015 07 05  2320   57208  84000   4.44e+00  1.34e-01  1.08e-01  6.01e-02  5.15e-02  3.37e-02  3.26e+04  1.05e+02 -1.00e+05
2015 07 05  2325   57208  84300   6.11e+00  2.39e-01  1.10e-01  4.42e-02  3.56e-02  1.78e-02  3.20e+04  9.77e+01 -1.00e+05
2015 07 05  2330   57208  84600   3.61e+00  1.39e-01  1.13e-01  6.50e-02  5.65e-02  3.87e-02  3.22e+04  9.13e+01 -1.00e+05
2015 07 05  2335   57208  84900   3.75e+00  1.41e-01  1.14e-01  6.65e-02  5.79e-02  4.02e-02  3.18e+04  9.09e+01 -1.00e+05
2015 07 05  2340   57208  85200   4.69e+00  2.15e-01  1.36e-01  7.87e-02  6.15e-02  4.12e-02  3.04e+04  9.05e+01 -1.00e+05
2015 07 05  2345   57208  85500   2.87e+00  1.93e-01  1.67e-01  8.49e-02  7.63e-02  3.16e-02  3.03e+04  7.81e+01 -1.00e+05
2015 07 05  2350   57208  85800   3.19e+00  1.68e-01  1.42e-01  5.01e-02  4.16e-02  2.38e-02  3.02e+04  8.44e+01 -1.00e+05
2015 07 05  2355   57208  86100   3.02e+00  1.30e-01  1.03e-01  5.53e-02  3.81e-02  1.78e-02  2.89e+04  7.77e+01 -1.00e+05
