:Data_list: 20150729_Gp_part_5m.txt
:Created: 2015 Jul 30 0011 UTC
# Prepared by the U.S. Dept. of Commerce, NOAA, Space Weather Prediction Center
# Please send comments and suggestions to SWPC.Webmaster@noaa.gov 
# 
# Label: P > 1 = Particles at >1 Mev
# Label: P > 5 = Particles at >5 Mev
# Label: P >10 = Particles at >10 Mev
# Label: P >30 = Particles at >30 Mev
# Label: P >50 = Particles at >50 Mev
# Label: P>100 = Particles at >100 Mev
# Label: E>0.8 = Electrons at >0.8 Mev
# Label: E>2.0 = Electrons at >2.0 Mev
# Label: E>4.0 = Electrons at >4.0 Mev
# Units: Particles = Protons/cm2-s-sr
# Units: Electrons = Electrons/cm2-s-sr
# Source: GOES-13
# Location: W075
# Missing data: -1.00e+05
#
#                      5-minute  GOES-13 Solar Particle and Electron Flux
#
#                 Modified Seconds
# UTC Date  Time   Julian  of the
# YR MO DA  HHMM    Day     Day     P > 1     P > 5     P >10     P >30     P >50     P>100     E>0.8     E>2.0     E>4.0
#-------------------------------------------------------------------------------------------------------------------------
2015 07 29  0000   57232      0   1.59e+00  1.91e-01  1.67e-01  7.46e-02  6.55e-02  2.88e-02  1.30e+04  1.15e+02 -1.00e+05
2015 07 29  0005   57232    300   2.23e+00  2.16e-01  1.15e-01  8.18e-02  6.25e-02  4.08e-02  1.31e+04  1.06e+02 -1.00e+05
2015 07 29  0010   57232    600   1.39e+00  1.36e-01  1.12e-01  4.81e-02  3.90e-02  2.03e-02  1.29e+04  1.06e+02 -1.00e+05
2015 07 29  0015   57232    900   2.21e+00  3.76e-01  2.88e-01  2.43e-01  1.53e-01  4.70e-02  1.30e+04  1.06e+02 -1.00e+05
2015 07 29  0020   57232   1200   1.37e+00  1.12e-01  8.83e-02  5.71e-02  4.80e-02  2.93e-02  1.30e+04  1.04e+02 -1.00e+05
2015 07 29  0025   57232   1500   1.78e+00  1.90e-01  1.33e-01  9.49e-02  4.96e-02  2.03e-02  1.30e+04  1.06e+02 -1.00e+05
2015 07 29  0030   57232   1800   1.23e+00  1.03e-01  7.93e-02  4.81e-02  3.90e-02  2.03e-02  1.31e+04  1.11e+02 -1.00e+05
2015 07 29  0035   57232   2100   1.18e+00  1.11e-01  8.70e-02  5.56e-02  4.07e-02  2.03e-02  1.29e+04  9.84e+01 -1.00e+05
2015 07 29  0040   57232   2400   1.98e+00  2.00e-01  9.40e-02  4.81e-02  3.90e-02  2.03e-02  1.24e+04  9.95e+01 -1.00e+05
2015 07 29  0045   57232   2700   8.45e-01  2.10e-01  1.86e-01  7.53e-02  4.51e-02  2.03e-02  1.24e+04  9.60e+01 -1.00e+05
2015 07 29  0050   57232   3000   1.21e+00  1.62e-01  1.38e-01  8.19e-02  7.28e-02  5.41e-02  1.21e+04  8.76e+01 -1.00e+05
2015 07 29  0055   57232   3300   9.77e-01  1.22e-01  9.82e-02  6.70e-02  5.79e-02  3.92e-02  1.17e+04  8.56e+01 -1.00e+05
2015 07 29  0100   57232   3600   1.53e+00  2.00e-01  9.52e-02  4.95e-02  4.04e-02  2.08e-02  1.23e+04  9.13e+01 -1.00e+05
2015 07 29  0105   57232   3900   9.28e-01  2.49e-01  2.25e-01  1.08e-01  7.79e-02  3.09e-02  1.23e+04  8.99e+01 -1.00e+05
2015 07 29  0110   57232   4200   1.01e+00  2.01e-01  1.77e-01  6.83e-02  5.92e-02  2.68e-02  1.17e+04  8.39e+01 -1.00e+05
2015 07 29  0115   57232   4500   1.41e+00  2.45e-01  2.21e-01  1.89e-01  1.48e-01  6.68e-02  1.17e+04  8.34e+01 -1.00e+05
2015 07 29  0120   57232   4800   8.97e-01  1.27e-01  1.03e-01  7.20e-02  6.29e-02  4.42e-02  1.17e+04  8.26e+01 -1.00e+05
2015 07 29  0125   57232   5100   1.50e+00  2.01e-01  1.17e-01  7.46e-02  6.55e-02  2.88e-02  1.16e+04  8.31e+01 -1.00e+05
2015 07 29  0130   57232   5400   9.52e-01  1.57e-01  1.33e-01  1.01e-01  7.13e-02  4.67e-02  1.10e+04  7.46e+01 -1.00e+05
2015 07 29  0135   57232   5700   1.36e+00  2.46e-01  1.20e-01  4.81e-02  3.90e-02  2.03e-02  1.11e+04  8.46e+01 -1.00e+05
2015 07 29  0140   57232   6000   9.25e-01  1.66e-01  1.12e-01  7.50e-02  6.59e-02  4.72e-02  1.08e+04  6.90e+01 -1.00e+05
2015 07 29  0145   57232   6300   9.26e-01  1.03e-01  7.93e-02  4.81e-02  3.90e-02  2.03e-02  1.04e+04  7.63e+01 -1.00e+05
2015 07 29  0150   57232   6600   7.77e-01  1.50e-01  1.26e-01  6.22e-02  4.22e-02  2.03e-02  1.04e+04  6.44e+01 -1.00e+05
2015 07 29  0155   57232   6900   1.20e+00  2.33e-01  1.28e-01  8.18e-02  5.36e-02  2.93e-02  1.04e+04  6.24e+01 -1.00e+05
2015 07 29  0200   57232   7200   1.01e+00  1.62e-01  1.38e-01  1.07e-01  9.71e-02  3.89e-02  1.03e+04  6.47e+01 -1.00e+05
2015 07 29  0205   57232   7500   1.13e+00  1.69e-01  1.13e-01  7.52e-02  5.21e-02  2.93e-02  9.94e+03  6.24e+01 -1.00e+05
2015 07 29  0210   57232   7800   9.59e-01  1.17e-01  9.32e-02  6.21e-02  5.30e-02  2.48e-02  1.07e+04  6.74e+01 -1.00e+05
2015 07 29  0215   57232   8100   8.15e-01  1.03e-01  7.93e-02  4.81e-02  3.90e-02  2.03e-02  1.07e+04  7.08e+01 -1.00e+05
2015 07 29  0220   57232   8400   8.72e-01  1.83e-01  1.59e-01  1.27e-01  9.67e-02  3.69e-02  1.10e+04  7.99e+01 -1.00e+05
2015 07 29  0225   57232   8700   8.33e-01  1.04e-01  8.03e-02  4.91e-02  3.92e-02  2.03e-02  1.17e+04  8.86e+01 -1.00e+05
2015 07 29  0230   57232   9000   9.31e-01  2.19e-01  1.74e-01  1.39e-01  1.19e-01  4.49e-02  1.16e+04  7.90e+01 -1.00e+05
2015 07 29  0235   57232   9300   1.44e+00  2.16e-01  1.14e-01  8.19e-02  7.28e-02  5.41e-02  1.10e+04  7.64e+01 -1.00e+05
2015 07 29  0240   57232   9600   7.99e-01  1.41e-01  1.17e-01  4.81e-02  3.90e-02  2.03e-02  1.09e+04  7.53e+01 -1.00e+05
2015 07 29  0245   57232   9900   7.68e-01  1.36e-01  1.12e-01  8.09e-02  7.18e-02  3.09e-02  1.00e+04  6.17e+01 -1.00e+05
2015 07 29  0250   57232  10200   5.98e-01  1.36e-01  1.12e-01  4.81e-02  3.90e-02  2.03e-02  8.92e+03  5.28e+01 -1.00e+05
2015 07 29  0255   57232  10500   7.75e-01  1.85e-01  1.29e-01  6.21e-02  5.30e-02  3.43e-02  8.02e+03  4.49e+01 -1.00e+05
2015 07 29  0300   57232  10800   8.09e-01  1.42e-01  8.52e-02  4.81e-02  3.90e-02  2.03e-02  7.58e+03  4.12e+01 -1.00e+05
2015 07 29  0305   57232  11100   7.94e-01  2.05e-01  1.49e-01  6.93e-02  5.84e-02  3.92e-02  7.08e+03  3.23e+01 -1.00e+05
2015 07 29  0310   57232  11400   7.76e-01  3.30e-01  1.58e-01  4.91e-02  3.92e-02  2.03e-02  6.77e+03  3.27e+01 -1.00e+05
2015 07 29  0315   57232  11700   5.83e-01  1.40e-01  1.16e-01  8.52e-02  7.61e-02  2.16e-02  6.46e+03  2.75e+01 -1.00e+05
2015 07 29  0320   57232  12000   7.14e-01  1.70e-01  1.13e-01  7.53e-02  4.51e-02  2.03e-02  6.07e+03  2.65e+01 -1.00e+05
2015 07 29  0325   57232  12300   7.86e-01  3.04e-01  2.80e-01  1.00e-01  6.36e-02  3.92e-02  6.56e+03  2.82e+01 -1.00e+05
2015 07 29  0330   57232  12600   8.15e-01  1.82e-01  1.58e-01  1.26e-01  8.95e-02  4.68e-02  7.13e+03  3.63e+01 -1.00e+05
2015 07 29  0335   57232  12900   1.16e+00  3.12e-01  1.20e-01  6.33e-02  4.84e-02  2.28e-02  7.56e+03  4.01e+01 -1.00e+05
2015 07 29  0340   57232  13200   6.04e-01  1.83e-01  1.59e-01  1.27e-01  9.19e-02  3.49e-02  7.63e+03  4.20e+01 -1.00e+05
2015 07 29  0345   57232  13500   8.01e-01  1.73e-01  1.49e-01  9.13e-02  7.30e-02  5.16e-02  7.63e+03  3.83e+01 -1.00e+05
2015 07 29  0350   57232  13800   1.30e+00  3.19e-01  1.29e-01  4.81e-02  3.90e-02  2.03e-02  6.56e+03  3.51e+01 -1.00e+05
2015 07 29  0355   57232  14100   7.13e-01  1.12e-01  8.83e-02  5.71e-02  4.80e-02  2.93e-02  6.22e+03  2.85e+01 -1.00e+05
2015 07 29  0400   57232  14400   7.54e-01  1.66e-01  1.12e-01  7.53e-02  6.10e-02  4.08e-02  7.40e+03  3.53e+01 -1.00e+05
2015 07 29  0405   57232  14700   8.44e-01  2.01e-01  1.77e-01  9.37e-02  8.31e-02  6.40e-02  9.70e+03  5.40e+01 -1.00e+05
2015 07 29  0410   57232  15000   8.94e-01  1.50e-01  9.95e-02  6.33e-02  4.84e-02  2.28e-02  9.08e+03  5.21e+01 -1.00e+05
2015 07 29  0415   57232  15300   1.90e+00  3.87e-01  1.38e-01  7.20e-02  6.29e-02  4.42e-02  8.67e+03  5.36e+01 -1.00e+05
2015 07 29  0420   57232  15600   1.36e+00  3.91e-01  1.82e-01  7.69e-02  6.78e-02  4.91e-02  9.02e+03  5.52e+01 -1.00e+05
2015 07 29  0425   57232  15900   6.54e-01  1.07e-01  8.33e-02  5.22e-02  4.31e-02  2.44e-02  8.20e+03  4.98e+01 -1.00e+05
2015 07 29  0430   57232  16200   6.48e-01  1.03e-01  7.93e-02  4.81e-02  3.90e-02  2.03e-02  6.63e+03  3.93e+01 -1.00e+05
2015 07 29  0435   57232  16500   5.25e-01  1.11e-01  8.70e-02  5.56e-02  4.07e-02  2.03e-02  8.01e+03  4.62e+01 -1.00e+05
2015 07 29  0440   57232  16800   1.40e+00  1.99e-01  9.70e-02  6.46e-02  5.55e-02  3.68e-02  8.74e+03  5.02e+01 -1.00e+05
2015 07 29  0445   57232  17100   6.03e-01  1.52e-01  1.28e-01  9.49e-02  4.96e-02  2.03e-02  8.71e+03  5.12e+01 -1.00e+05
2015 07 29  0450   57232  17400   8.59e-01  1.64e-01  1.40e-01  7.53e-02  4.51e-02  2.03e-02  8.40e+03  4.82e+01 -1.00e+05
2015 07 29  0455   57232  17700   8.78e-01  1.77e-01  1.53e-01  8.84e-02  4.81e-02  2.03e-02  8.52e+03  4.45e+01 -1.00e+05
2015 07 29  0500   57232  18000   1.39e+00  2.67e-01  1.42e-01  6.87e-02  4.37e-02  2.03e-02  9.24e+03  5.31e+01 -1.00e+05
2015 07 29  0505   57232  18300   8.45e-01  1.42e-01  1.18e-01  8.56e-02  4.47e-02  2.03e-02  9.51e+03  5.28e+01 -1.00e+05
2015 07 29  0510   57232  18600   9.38e-01  1.24e-01  9.95e-02  6.83e-02  5.92e-02  2.68e-02  8.98e+03  4.87e+01 -1.00e+05
2015 07 29  0515   57232  18900   7.45e-01  1.19e-01  9.52e-02  6.36e-02  4.36e-02  2.08e-02  8.98e+03  4.42e+01 -1.00e+05
2015 07 29  0520   57232  19200   9.76e-01  1.37e-01  1.13e-01  4.98e-02  4.07e-02  2.19e-02  8.84e+03  4.13e+01 -1.00e+05
2015 07 29  0525   57232  19500   7.46e-01  1.03e-01  7.93e-02  4.81e-02  3.90e-02  2.03e-02  8.58e+03  4.28e+01 -1.00e+05
2015 07 29  0530   57232  19800   8.53e-01  1.95e-01  1.71e-01  8.41e-02  7.50e-02  5.63e-02  8.69e+03  3.69e+01 -1.00e+05
2015 07 29  0535   57232  20100   1.00e+00  1.50e-01  9.30e-02  5.56e-02  4.07e-02  2.03e-02  8.69e+03  4.48e+01 -1.00e+05
2015 07 29  0540   57232  20400   7.40e-01  1.31e-01  1.07e-01  7.53e-02  4.51e-02  2.03e-02  8.83e+03  4.49e+01 -1.00e+05
2015 07 29  0545   57232  20700   9.12e-01  1.62e-01  1.38e-01  1.07e-01  9.81e-02  4.37e-02  8.91e+03  4.09e+01 -1.00e+05
2015 07 29  0550   57232  21000   1.30e+00  2.07e-01  8.05e-02  4.81e-02  3.90e-02  2.03e-02  8.91e+03  4.36e+01 -1.00e+05
2015 07 29  0555   57232  21300   7.95e-01  1.89e-01  1.65e-01  7.64e-02  6.73e-02  2.15e-02  9.20e+03  4.55e+01 -1.00e+05
2015 07 29  0600   57232  21600   7.24e-01  1.92e-01  1.68e-01  1.20e-01  1.00e-01  3.89e-02  9.68e+03  5.12e+01 -1.00e+05
2015 07 29  0605   57232  21900   1.27e+00  3.08e-01  1.95e-01  1.20e-01  9.52e-02  3.69e-02  1.02e+04  5.26e+01 -1.00e+05
2015 07 29  0610   57232  22200   9.10e-01  1.05e-01  8.14e-02  5.02e-02  4.07e-02  2.19e-02  1.04e+04  5.72e+01 -1.00e+05
2015 07 29  0615   57232  22500   9.44e-01  1.39e-01  1.15e-01  8.28e-02  4.47e-02  2.03e-02  1.09e+04  6.19e+01 -1.00e+05
2015 07 29  0620   57232  22800   1.04e+00  2.75e-01  2.51e-01  1.81e-01  1.05e-01  3.49e-02  1.13e+04  5.80e+01 -1.00e+05
2015 07 29  0625   57232  23100   1.81e+00  2.57e-01  8.80e-02  5.56e-02  4.07e-02  2.03e-02  1.16e+04  6.60e+01 -1.00e+05
2015 07 29  0630   57232  23400   1.14e+00  1.44e-01  9.82e-02  6.30e-02  5.32e-02  2.48e-02  1.17e+04  6.46e+01 -1.00e+05
2015 07 29  0635   57232  23700   7.98e-01  1.12e-01  8.83e-02  5.71e-02  4.80e-02  2.93e-02  1.17e+04  7.02e+01 -1.00e+05
2015 07 29  0640   57232  24000   9.37e-01  3.16e-01  2.92e-01  1.05e-01  6.36e-02  3.92e-02  1.22e+04  7.25e+01 -1.00e+05
2015 07 29  0645   57232  24300   7.63e-01  1.70e-01  1.46e-01  9.18e-02  8.27e-02  6.40e-02  1.22e+04  7.34e+01 -1.00e+05
2015 07 29  0650   57232  24600   7.94e-01  2.00e-01  1.76e-01  1.07e-01  8.75e-02  3.49e-02  1.17e+04  6.67e+01 -1.00e+05
2015 07 29  0655   57232  24900   9.89e-01  2.79e-01  2.55e-01  1.18e-01  1.07e-01  5.49e-02  1.17e+04  6.58e+01 -1.00e+05
2015 07 29  0700   57232  25200   1.04e+00  2.57e-01  2.33e-01  1.21e-01  9.04e-02  3.49e-02  1.20e+04  7.37e+01 -1.00e+05
2015 07 29  0705   57232  25500   8.85e-01  2.46e-01  2.22e-01  7.53e-02  4.51e-02  2.03e-02  1.17e+04  6.86e+01 -1.00e+05
2015 07 29  0710   57232  25800   9.67e-01  1.43e-01  1.19e-01  5.71e-02  4.80e-02  2.93e-02  1.17e+04  6.92e+01 -1.00e+05
2015 07 29  0715   57232  26100   1.32e+00  2.32e-01  1.27e-01  4.81e-02  3.90e-02  2.03e-02  1.22e+04  7.27e+01 -1.00e+05
2015 07 29  0720   57232  26400   9.10e-01  1.15e-01  9.08e-02  5.96e-02  5.05e-02  3.18e-02  1.19e+04  7.30e+01 -1.00e+05
2015 07 29  0725   57232  26700   7.44e-01  1.36e-01  1.12e-01  8.00e-02  5.13e-02  2.68e-02  1.21e+04  7.32e+01 -1.00e+05
2015 07 29  0730   57232  27000   8.33e-01  1.90e-01  1.66e-01  8.66e-02  7.38e-02  5.41e-02  1.22e+04  6.98e+01 -1.00e+05
2015 07 29  0735   57232  27300   1.16e+00  2.60e-01  2.36e-01  9.97e-02  9.06e-02  3.69e-02  1.26e+04  7.57e+01 -1.00e+05
2015 07 29  0740   57232  27600   9.60e-01  1.03e-01  7.93e-02  4.81e-02  3.90e-02  2.03e-02  1.28e+04  7.86e+01 -1.00e+05
2015 07 29  0745   57232  27900   8.76e-01  1.04e-01  8.03e-02  4.91e-02  3.92e-02  2.03e-02  1.24e+04  7.88e+01 -1.00e+05
2015 07 29  0750   57232  28200   7.66e-01  1.36e-01  1.12e-01  4.81e-02  3.90e-02  2.03e-02  1.28e+04  8.06e+01 -1.00e+05
2015 07 29  0755   57232  28500   1.15e+00  2.00e-01  9.40e-02  4.81e-02  3.90e-02  2.03e-02  1.30e+04  8.26e+01 -1.00e+05
2015 07 29  0800   57232  28800   9.19e-01  1.11e-01  8.70e-02  5.56e-02  4.07e-02  2.03e-02  1.34e+04  8.84e+01 -1.00e+05
2015 07 29  0805   57232  29100   1.94e+00  3.19e-01  1.29e-01  4.81e-02  3.90e-02  2.03e-02  1.36e+04  8.89e+01 -1.00e+05
2015 07 29  0810   57232  29400   1.05e+00  2.73e-01  2.20e-01  9.49e-02  7.74e-02  5.62e-02  1.32e+04  8.18e+01 -1.00e+05
2015 07 29  0815   57232  29700   1.19e+00  1.62e-01  1.09e-01  7.24e-02  6.33e-02  4.26e-02  1.33e+04  8.27e+01 -1.00e+05
2015 07 29  0820   57232  30000   9.20e-01  1.30e-01  1.06e-01  4.97e-02  4.06e-02  2.19e-02  1.30e+04  8.53e+01 -1.00e+05
2015 07 29  0825   57232  30300   8.48e-01  1.96e-01  1.72e-01  1.41e-01  1.32e-01  6.30e-02  1.31e+04  8.53e+01 -1.00e+05
2015 07 29  0830   57232  30600   1.24e+00  2.00e-01  1.06e-01  6.21e-02  5.30e-02  2.48e-02  1.36e+04  8.69e+01 -1.00e+05
2015 07 29  0835   57232  30900   7.89e-01  1.03e-01  7.93e-02  4.81e-02  3.90e-02  2.03e-02  1.30e+04  8.98e+01 -1.00e+05
2015 07 29  0840   57232  31200   1.03e+00  3.10e-01  2.86e-01  9.07e-02  4.87e-02  2.44e-02  1.40e+04  8.78e+01 -1.00e+05
2015 07 29  0845   57232  31500   9.46e-01  1.07e-01  8.33e-02  5.22e-02  4.31e-02  2.44e-02  1.42e+04  9.39e+01 -1.00e+05
2015 07 29  0850   57232  31800   1.08e+00  1.69e-01  1.45e-01  4.81e-02  3.90e-02  2.03e-02  1.43e+04  9.63e+01 -1.00e+05
2015 07 29  0855   57232  32100   1.02e+00  1.62e-01  1.38e-01  4.95e-02  4.04e-02  2.08e-02  1.44e+04  9.56e+01 -1.00e+05
2015 07 29  0900   57232  32400   1.21e+00  1.50e-01  9.41e-02  5.71e-02  4.80e-02  2.93e-02  1.45e+04  1.03e+02 -1.00e+05
2015 07 29  0905   57232  32700   2.02e+00  2.36e-01  8.81e-02  5.56e-02  4.07e-02  2.03e-02  1.45e+04  9.98e+01 -1.00e+05
2015 07 29  0910   57232  33000   1.19e+00  1.44e-01  1.20e-01  8.84e-02  7.35e-02  3.09e-02  1.49e+04  1.05e+02 -1.00e+05
2015 07 29  0915   57232  33300   1.06e+00  1.47e-01  1.23e-01  9.18e-02  8.27e-02  6.40e-02  1.52e+04  1.09e+02 -1.00e+05
2015 07 29  0920   57232  33600   9.10e-01  1.51e-01  1.27e-01  9.49e-02  5.65e-02  2.93e-02  1.53e+04  1.10e+02 -1.00e+05
2015 07 29  0925   57232  33900   1.04e+00  1.20e-01  9.57e-02  6.46e-02  5.55e-02  3.68e-02  1.55e+04  1.08e+02 -1.00e+05
2015 07 29  0930   57232  34200   1.33e+00  1.77e-01  1.20e-01  8.12e-02  4.47e-02  2.03e-02  1.55e+04  1.11e+02 -1.00e+05
2015 07 29  0935   57232  34500   1.50e+00  3.42e-01  2.37e-01  7.53e-02  4.51e-02  2.03e-02  1.54e+04  1.08e+02 -1.00e+05
2015 07 29  0940   57232  34800   1.24e+00  1.75e-01  1.51e-01  8.56e-02  4.47e-02  2.03e-02  1.57e+04  1.14e+02 -1.00e+05
2015 07 29  0945   57232  35100   1.39e+00  2.26e-01  2.02e-01  8.95e-02  7.07e-02  4.91e-02  1.57e+04  1.16e+02 -1.00e+05
2015 07 29  0950   57232  35400   1.61e+00  1.42e-01  8.52e-02  4.81e-02  3.90e-02  2.03e-02  1.57e+04  1.17e+02 -1.00e+05
2015 07 29  0955   57232  35700   9.97e-01  1.56e-01  1.32e-01  6.83e-02  5.92e-02  2.68e-02  1.57e+04  1.22e+02 -1.00e+05
2015 07 29  1000   57232  36000   1.66e+00  2.21e-01  1.35e-01  1.02e-01  9.32e-02  4.72e-02  1.60e+04  1.12e+02 -1.00e+05
2015 07 29  1005   57232  36300   1.35e+00  1.22e-01  9.84e-02  6.69e-02  4.83e-02  2.68e-02  1.60e+04  1.14e+02 -1.00e+05
2015 07 29  1010   57232  36600   1.20e+00  1.03e-01  7.93e-02  4.81e-02  3.90e-02  2.03e-02  1.57e+04  1.12e+02 -1.00e+05
2015 07 29  1015   57232  36900   2.37e+00  2.71e-01  1.24e-01  9.18e-02  8.27e-02  6.40e-02  1.64e+04  1.20e+02 -1.00e+05
2015 07 29  1020   57232  37200   1.30e+00  1.70e-01  1.46e-01  9.18e-02  8.27e-02  6.40e-02  1.68e+04  1.23e+02 -1.00e+05
2015 07 29  1025   57232  37500   1.23e+00  1.49e-01  1.25e-01  5.71e-02  4.80e-02  2.93e-02  1.70e+04  1.28e+02 -1.00e+05
2015 07 29  1030   57232  37800   1.25e+00  1.41e-01  1.17e-01  4.81e-02  3.90e-02  2.03e-02  1.73e+04  1.33e+02 -1.00e+05
2015 07 29  1035   57232  38100   1.30e+00  1.39e-01  1.15e-01  5.22e-02  4.31e-02  2.44e-02  1.72e+04  1.28e+02 -1.00e+05
2015 07 29  1040   57232  38400   1.38e+00  1.30e-01  1.06e-01  7.46e-02  6.55e-02  2.88e-02  1.73e+04  1.35e+02 -1.00e+05
2015 07 29  1045   57232  38700   1.59e+00  2.11e-01  1.87e-01  8.20e-02  6.74e-02  3.00e-02  1.78e+04  1.41e+02 -1.00e+05
2015 07 29  1050   57232  39000   1.43e+00  1.35e-01  1.11e-01  4.95e-02  4.04e-02  2.08e-02  1.78e+04  1.40e+02 -1.00e+05
2015 07 29  1055   57232  39300   1.44e+00  1.31e-01  1.07e-01  7.58e-02  6.09e-02  2.68e-02  1.79e+04  1.47e+02 -1.00e+05
2015 07 29  1100   57232  39600   1.52e+00  2.07e-01  1.83e-01  1.51e-01  1.31e-01  4.90e-02  1.88e+04  1.52e+02 -1.00e+05
2015 07 29  1105   57232  39900   1.45e+00  1.15e-01  9.08e-02  5.96e-02  5.05e-02  3.18e-02  1.88e+04  1.70e+02 -1.00e+05
2015 07 29  1110   57232  40200   1.30e+00  1.57e-01  1.33e-01  1.01e-01  6.38e-02  3.51e-02  1.92e+04  1.71e+02 -1.00e+05
2015 07 29  1115   57232  40500   1.51e+00  1.73e-01  1.49e-01  6.22e-02  4.22e-02  2.03e-02  2.01e+04  1.78e+02 -1.00e+05
2015 07 29  1120   57232  40800   3.07e+00  4.12e-01  1.83e-01  4.91e-02  3.92e-02  2.03e-02  2.08e+04  1.93e+02 -1.00e+05
2015 07 29  1125   57232  41100   1.49e+00  1.63e-01  1.39e-01  1.07e-01  8.75e-02  3.49e-02  2.11e+04  2.04e+02 -1.00e+05
2015 07 29  1130   57232  41400   1.72e+00  1.44e-01  1.20e-01  8.74e-02  4.66e-02  2.08e-02  2.18e+04  2.04e+02 -1.00e+05
2015 07 29  1135   57232  41700   2.86e+00  3.02e-01  1.20e-01  4.81e-02  3.90e-02  2.03e-02  2.10e+04  1.95e+02 -1.00e+05
2015 07 29  1140   57232  42000   2.57e+00  4.97e-01  2.85e-01  9.43e-02  8.52e-02  6.65e-02  2.05e+04  1.95e+02 -1.00e+05
2015 07 29  1145   57232  42300   2.28e+00  2.89e-01  1.35e-01  6.22e-02  4.22e-02  2.03e-02  2.04e+04  1.82e+02 -1.00e+05
2015 07 29  1150   57232  42600   1.49e+00  1.07e-01  8.33e-02  5.22e-02  4.31e-02  2.44e-02  1.92e+04  1.73e+02 -1.00e+05
2015 07 29  1155   57232  42900   1.35e+00  1.54e-01  1.30e-01  9.85e-02  8.23e-02  6.15e-02  1.92e+04  1.80e+02 -1.00e+05
2015 07 29  1200   57232  43200   2.88e+00  2.46e-01  1.20e-01  4.81e-02  3.90e-02  2.03e-02  2.03e+04  1.84e+02 -1.00e+05
2015 07 29  1205   57232  43500   1.72e+00  1.32e-01  1.08e-01  7.61e-02  5.61e-02  2.48e-02  2.00e+04  1.89e+02 -1.00e+05
2015 07 29  1210   57232  43800   2.75e+00  1.92e-01  1.35e-01  5.56e-02  4.07e-02  2.03e-02  2.03e+04  1.86e+02 -1.00e+05
2015 07 29  1215   57232  44100   2.50e+00  1.64e-01  1.40e-01  7.53e-02  4.51e-02  2.03e-02  2.13e+04  1.89e+02 -1.00e+05
2015 07 29  1220   57232  44400   2.50e+00  1.71e-01  1.47e-01  1.15e-01  8.17e-02  5.59e-02  2.23e+04  1.98e+02 -1.00e+05
2015 07 29  1225   57232  44700   2.49e+00  1.67e-01  1.43e-01  1.11e-01  7.60e-02  2.16e-02  2.38e+04  2.05e+02 -1.00e+05
2015 07 29  1230   57232  45000   4.06e+00  2.14e-01  1.08e-01  6.22e-02  4.22e-02  2.03e-02  2.46e+04  2.09e+02 -1.00e+05
2015 07 29  1235   57232  45300   2.83e+00  1.79e-01  1.55e-01  7.69e-02  6.78e-02  4.91e-02  2.55e+04  2.19e+02 -1.00e+05
2015 07 29  1240   57232  45600   2.89e+00  1.03e-01  7.93e-02  4.81e-02  3.90e-02  2.03e-02  2.71e+04  2.43e+02 -1.00e+05
2015 07 29  1245   57232  45900   2.87e+00  2.87e-01  2.63e-01  1.01e-01  5.80e-02  2.93e-02  2.82e+04  2.62e+02 -1.00e+05
2015 07 29  1250   57232  46200   2.82e+00  1.89e-01  1.65e-01  1.32e-01  7.18e-02  2.68e-02  2.87e+04  2.61e+02 -1.00e+05
2015 07 29  1255   57232  46500   3.51e+00  1.99e-01  1.43e-01  4.95e-02  4.04e-02  2.08e-02  2.95e+04  2.85e+02 -1.00e+05
2015 07 29  1300   57232  46800   2.88e+00  1.73e-01  1.49e-01  8.19e-02  7.28e-02  5.41e-02  3.00e+04  2.70e+02 -1.00e+05
2015 07 29  1305   57232  47100   2.70e+00  1.36e-01  1.12e-01  4.81e-02  3.90e-02  2.03e-02  3.01e+04  2.83e+02 -1.00e+05
2015 07 29  1310   57232  47400   3.70e+00  1.90e-01  1.33e-01  9.49e-02  4.96e-02  2.03e-02  3.12e+04  2.93e+02 -1.00e+05
2015 07 29  1315   57232  47700   3.43e+00  2.44e-01  1.96e-01  7.05e-02  6.14e-02  3.53e-02  3.13e+04  2.96e+02 -1.00e+05
2015 07 29  1320   57232  48000   2.90e+00  1.24e-01  9.95e-02  6.83e-02  5.92e-02  2.68e-02  3.09e+04  2.89e+02 -1.00e+05
2015 07 29  1325   57232  48300   2.84e+00  1.11e-01  8.70e-02  5.56e-02  4.07e-02  2.03e-02  3.12e+04  2.95e+02 -1.00e+05
2015 07 29  1330   57232  48600   3.56e+00  2.93e-01  2.69e-01  1.34e-01  9.34e-02  3.49e-02  3.13e+04  3.03e+02 -1.00e+05
2015 07 29  1335   57232  48900   3.98e+00  1.04e-01  8.03e-02  4.91e-02  3.92e-02  2.03e-02  3.13e+04  2.96e+02 -1.00e+05
2015 07 29  1340   57232  49200   4.54e+00  1.03e-01  7.93e-02  4.81e-02  3.90e-02  2.03e-02  3.13e+04  3.08e+02 -1.00e+05
2015 07 29  1345   57232  49500   6.85e+00  1.76e-01  1.19e-01  4.98e-02  4.07e-02  2.19e-02  3.25e+04  3.19e+02 -1.00e+05
2015 07 29  1350   57232  49800   7.01e+00  2.67e-01  2.10e-01  8.18e-02  4.66e-02  2.03e-02  3.36e+04  3.46e+02 -1.00e+05
2015 07 29  1355   57232  50100   4.75e+00  1.63e-01  1.39e-01  1.08e-01  9.84e-02  6.74e-02  3.28e+04  3.27e+02 -1.00e+05
2015 07 29  1400   57232  50400   4.30e+00  1.03e-01  7.93e-02  4.81e-02  3.90e-02  2.03e-02  3.24e+04  3.26e+02 -1.00e+05
2015 07 29  1405   57232  50700   8.84e+00  3.16e-01  1.10e-01  7.81e-02  6.86e-02  4.98e-02  3.26e+04  3.24e+02 -1.00e+05
2015 07 29  1410   57232  51000   7.22e+00  2.02e-01  9.95e-02  6.70e-02  5.79e-02  3.92e-02  3.26e+04  3.33e+02 -1.00e+05
2015 07 29  1415   57232  51300   6.92e+00  2.03e-01  9.80e-02  5.22e-02  4.31e-02  2.44e-02  3.29e+04  3.51e+02 -1.00e+05
2015 07 29  1420   57232  51600   8.25e+00  2.06e-01  1.04e-01  7.20e-02  6.29e-02  4.42e-02  3.39e+04  3.83e+02 -1.00e+05
2015 07 29  1425   57232  51900   6.41e+00  2.14e-01  1.41e-01  1.00e-01  8.68e-02  3.97e-02  3.38e+04  3.78e+02 -1.00e+05
2015 07 29  1430   57232  52200   1.03e+01  3.28e-01  1.21e-01  4.97e-02  4.06e-02  2.19e-02  3.40e+04  3.98e+02 -1.00e+05
2015 07 29  1435   57232  52500   6.46e+00  2.86e-01  2.35e-01  9.96e-02  5.50e-02  2.28e-02  3.44e+04  3.96e+02 -1.00e+05
2015 07 29  1440   57232  52800   5.49e+00  1.41e-01  1.17e-01  4.81e-02  3.90e-02  2.03e-02  3.56e+04  4.31e+02 -1.00e+05
2015 07 29  1445   57232  53100   7.20e+00  2.13e-01  1.59e-01  1.20e-01  8.34e-02  5.90e-02  3.60e+04  4.29e+02 -1.00e+05
2015 07 29  1450   57232  53400   6.88e+00  1.67e-01  1.10e-01  4.81e-02  3.90e-02  2.03e-02  3.66e+04  4.53e+02 -1.00e+05
2015 07 29  1455   57232  53700   6.44e+00  1.05e-01  8.07e-02  4.95e-02  4.04e-02  2.08e-02  3.61e+04  4.43e+02 -1.00e+05
2015 07 29  1500   57232  54000   5.32e+00  1.36e-01  1.12e-01  4.81e-02  3.90e-02  2.03e-02  3.71e+04  4.54e+02 -1.00e+05
2015 07 29  1505   57232  54300   7.80e+00  1.43e-01  8.62e-02  4.91e-02  3.92e-02  2.03e-02  3.74e+04  4.51e+02 -1.00e+05
2015 07 29  1510   57232  54600   5.91e+00  1.37e-01  1.13e-01  5.71e-02  4.80e-02  2.93e-02  3.61e+04  4.39e+02 -1.00e+05
2015 07 29  1515   57232  54900   1.04e+01  2.88e-01  1.38e-01  7.11e-02  6.08e-02  4.17e-02  3.69e+04  4.38e+02 -1.00e+05
2015 07 29  1520   57232  55200   5.67e+00  1.03e-01  7.93e-02  4.81e-02  3.90e-02  2.03e-02  3.71e+04  4.55e+02 -1.00e+05
2015 07 29  1525   57232  55500   7.68e+00  1.43e-01  8.62e-02  4.91e-02  3.92e-02  2.03e-02  3.76e+04  4.49e+02 -1.00e+05
2015 07 29  1530   57232  55800   8.04e+00  1.57e-01  9.97e-02  6.22e-02  4.22e-02  2.03e-02  3.76e+04  4.47e+02 -1.00e+05
2015 07 29  1535   57232  56100   5.99e+00  2.33e-01  2.09e-01  1.44e-01  1.35e-01  7.58e-02  3.76e+04  4.47e+02 -1.00e+05
2015 07 29  1540   57232  56400   6.48e+00  1.35e-01  1.11e-01  4.95e-02  4.04e-02  2.08e-02  3.76e+04  4.53e+02 -1.00e+05
2015 07 29  1545   57232  56700   1.05e+01  3.10e-01  1.90e-01  1.02e-01  9.28e-02  4.54e-02  3.76e+04  4.54e+02 -1.00e+05
2015 07 29  1550   57232  57000   8.55e+00  2.88e-01  2.31e-01  8.18e-02  4.66e-02  2.03e-02  3.76e+04  4.56e+02 -1.00e+05
2015 07 29  1555   57232  57300   1.13e+01  2.25e-01  1.22e-01  8.80e-02  4.47e-02  2.03e-02  3.76e+04  4.53e+02 -1.00e+05
2015 07 29  1600   57232  57600   8.60e+00  2.52e-01  1.97e-01  1.59e-01  1.14e-01  4.09e-02  3.76e+04  4.59e+02 -1.00e+05
2015 07 29  1605   57232  57900   6.76e+00  1.29e-01  1.05e-01  4.81e-02  3.90e-02  2.03e-02  3.76e+04  4.52e+02 -1.00e+05
2015 07 29  1610   57232  58200   1.08e+01  1.83e-01  8.06e-02  4.81e-02  3.90e-02  2.03e-02  3.76e+04  4.58e+02 -1.00e+05
2015 07 29  1615   57232  58500   6.58e+00  2.03e-01  1.79e-01  6.22e-02  4.22e-02  2.03e-02  3.76e+04  4.48e+02 -1.00e+05
2015 07 29  1620   57232  58800   6.54e+00  1.43e-01  1.19e-01  4.81e-02  3.90e-02  2.03e-02  3.76e+04  4.64e+02 -1.00e+05
2015 07 29  1625   57232  59100  -1.00e+05 -1.00e+05 -1.00e+05 -1.00e+05 -1.00e+05 -1.00e+05 -1.00e+05 -1.00e+05 -1.00e+05
2015 07 29  1630   57232  59400   6.24e+00  1.99e-01  1.75e-01  7.46e-02  6.55e-02  2.88e-02  3.76e+04  4.73e+02 -1.00e+05
2015 07 29  1635   57232  59700   6.81e+00  1.24e-01  1.00e-01  6.93e-02  5.95e-02  2.68e-02  3.81e+04  4.66e+02 -1.00e+05
2015 07 29  1640   57232  60000   7.19e+00  1.11e-01  8.70e-02  5.56e-02  4.07e-02  2.03e-02  3.95e+04  4.80e+02 -1.00e+05
2015 07 29  1645   57232  60300   6.94e+00  1.17e-01  9.32e-02  6.21e-02  5.30e-02  3.43e-02  3.87e+04  4.88e+02 -1.00e+05
2015 07 29  1650   57232  60600   7.14e+00  1.29e-01  1.05e-01  4.81e-02  3.90e-02  2.03e-02  3.84e+04  4.74e+02 -1.00e+05
2015 07 29  1655   57232  60900   6.84e+00  1.47e-01  1.23e-01  5.47e-02  4.55e-02  2.68e-02  3.83e+04  4.65e+02 -1.00e+05
2015 07 29  1700   57232  61200   7.48e+00  1.78e-01  1.54e-01  9.03e-02  5.12e-02  2.68e-02  3.88e+04  4.78e+02 -1.00e+05
2015 07 29  1705   57232  61500   6.83e+00  2.25e-01  2.01e-01  6.94e-02  6.03e-02  4.16e-02  3.82e+04  4.71e+02 -1.00e+05
2015 07 29  1710   57232  61800   6.61e+00  1.36e-01  1.12e-01  8.09e-02  7.18e-02  3.09e-02  3.76e+04  4.56e+02 -1.00e+05
2015 07 29  1715   57232  62100   6.55e+00  1.41e-01  1.17e-01  4.81e-02  3.90e-02  2.03e-02  3.87e+04  4.73e+02 -1.00e+05
2015 07 29  1720   57232  62400   6.84e+00  1.20e-01  9.57e-02  6.46e-02  5.55e-02  3.68e-02  3.89e+04  4.78e+02 -1.00e+05
2015 07 29  1725   57232  62700   6.48e+00  1.17e-01  9.32e-02  6.21e-02  5.30e-02  3.43e-02  3.92e+04  4.86e+02 -1.00e+05
2015 07 29  1730   57232  63000   6.94e+00  1.24e-01  9.98e-02  6.86e-02  5.95e-02  2.80e-02  3.85e+04  4.79e+02 -1.00e+05
2015 07 29  1735   57232  63300   7.20e+00  2.50e-01  2.26e-01  9.43e-02  8.52e-02  6.65e-02  3.96e+04  5.13e+02 -1.00e+05
2015 07 29  1740   57232  63600   1.27e+01  3.13e-01  1.71e-01  1.22e-01  1.13e-01  5.51e-02  3.87e+04  4.95e+02 -1.00e+05
2015 07 29  1745   57232  63900   9.66e+00  2.17e-01  1.13e-01  6.70e-02  5.79e-02  3.92e-02  3.86e+04  5.01e+02 -1.00e+05
2015 07 29  1750   57232  64200   6.70e+00  1.77e-01  1.53e-01  7.45e-02  6.54e-02  4.67e-02  3.93e+04  5.23e+02 -1.00e+05
2015 07 29  1755   57232  64500   6.62e+00  1.22e-01  9.89e-02  6.04e-02  5.07e-02  3.19e-02  3.91e+04  5.21e+02 -1.00e+05
2015 07 29  1800   57232  64800   6.70e+00  1.14e-01  9.06e-02  5.68e-02  4.71e-02  2.40e-02  3.95e+04  5.12e+02 -1.00e+05
2015 07 29  1805   57232  65100   8.15e+00  1.62e-01  9.48e-02  5.30e-02  4.33e-02  2.44e-02  3.79e+04  5.12e+02 -1.00e+05
2015 07 29  1810   57232  65400   8.64e+00  2.24e-01  1.14e-01  6.44e-02  5.48e-02  3.15e-02  3.76e+04  5.05e+02 -1.00e+05
2015 07 29  1815   57232  65700   7.51e+00  2.05e-01  1.41e-01  1.00e-01  9.04e-02  7.15e-02  3.76e+04  5.11e+02 -1.00e+05
2015 07 29  1820   57232  66000   8.52e+00  1.70e-01  8.49e-02  4.90e-02  3.93e-02  2.04e-02  3.76e+04  4.86e+02 -1.00e+05
2015 07 29  1825   57232  66300   5.33e+00  1.11e-01  8.75e-02  5.35e-02  4.03e-02  2.04e-02  3.76e+04  4.99e+02 -1.00e+05
2015 07 29  1830   57232  66600   5.64e+00  1.89e-01  1.66e-01  1.32e-01  1.22e-01  4.70e-02  3.76e+04  4.96e+02 -1.00e+05
2015 07 29  1835   57232  66900   5.27e+00  1.24e-01  1.01e-01  6.29e-02  5.32e-02  3.44e-02  3.75e+04  5.08e+02 -1.00e+05
2015 07 29  1840   57232  67200   4.92e+00  1.13e-01  8.99e-02  4.90e-02  3.93e-02  2.04e-02  3.57e+04  4.84e+02 -1.00e+05
2015 07 29  1845   57232  67500   4.79e+00  2.35e-01  2.12e-01  1.19e-01  1.10e-01  4.30e-02  3.56e+04  4.76e+02 -1.00e+05
2015 07 29  1850   57232  67800   4.61e+00  2.02e-01  1.79e-01  6.93e-02  5.97e-02  4.08e-02  3.56e+04  4.66e+02 -1.00e+05
2015 07 29  1855   57232  68100   6.53e+00  1.89e-01  1.00e-01  5.79e-02  4.83e-02  2.94e-02  3.56e+04  4.53e+02 -1.00e+05
2015 07 29  1900   57232  68400   4.22e+00  1.06e-01  8.28e-02  4.90e-02  3.93e-02  2.04e-02  3.54e+04  4.67e+02 -1.00e+05
2015 07 29  1905   57232  68700   9.07e+00  2.42e-01  8.59e-02  5.02e-02  4.05e-02  2.08e-02  3.53e+04  4.54e+02 -1.00e+05
2015 07 29  1910   57232  69000   7.51e+00  2.31e-01  1.16e-01  6.59e-02  5.62e-02  3.70e-02  3.51e+04  4.58e+02 -1.00e+05
2015 07 29  1915   57232  69300   6.42e+00  1.91e-01  1.24e-01  4.90e-02  3.93e-02  2.04e-02  3.56e+04  4.65e+02 -1.00e+05
2015 07 29  1920   57232  69600   4.42e+00  1.63e-01  1.40e-01  1.06e-01  8.02e-02  5.66e-02  3.43e+04  4.43e+02 -1.00e+05
2015 07 29  1925   57232  69900   4.45e+00  1.06e-01  8.28e-02  4.90e-02  3.93e-02  2.04e-02  3.40e+04  4.48e+02 -1.00e+05
2015 07 29  1930   57232  70200  -1.00e+05 -1.00e+05 -1.00e+05 -1.00e+05 -1.00e+05 -1.00e+05 -1.00e+05 -1.00e+05 -1.00e+05
2015 07 29  1935   57232  70500  -1.00e+05 -1.00e+05 -1.00e+05 -1.00e+05 -1.00e+05 -1.00e+05 -1.00e+05 -1.00e+05 -1.00e+05
2015 07 29  1940   57232  70800  -1.00e+05 -1.00e+05 -1.00e+05 -1.00e+05 -1.00e+05 -1.00e+05 -1.00e+05 -1.00e+05 -1.00e+05
2015 07 29  1945   57232  71100  -1.00e+05 -1.00e+05 -1.00e+05 -1.00e+05 -1.00e+05 -1.00e+05 -1.00e+05 -1.00e+05 -1.00e+05
2015 07 29  1950   57232  71400  -1.00e+05 -1.00e+05 -1.00e+05 -1.00e+05 -1.00e+05 -1.00e+05 -1.00e+05 -1.00e+05 -1.00e+05
2015 07 29  1955   57232  71700  -1.00e+05 -1.00e+05 -1.00e+05 -1.00e+05 -1.00e+05 -1.00e+05 -1.00e+05 -1.00e+05 -1.00e+05
2015 07 29  2000   57232  72000  -1.00e+05 -1.00e+05 -1.00e+05 -1.00e+05 -1.00e+05 -1.00e+05 -1.00e+05 -1.00e+05 -1.00e+05
2015 07 29  2005   57232  72300  -1.00e+05 -1.00e+05 -1.00e+05 -1.00e+05 -1.00e+05 -1.00e+05 -1.00e+05 -1.00e+05 -1.00e+05
2015 07 29  2010   57232  72600  -1.00e+05 -1.00e+05 -1.00e+05 -1.00e+05 -1.00e+05 -1.00e+05 -1.00e+05 -1.00e+05 -1.00e+05
2015 07 29  2015   57232  72900  -1.00e+05 -1.00e+05 -1.00e+05 -1.00e+05 -1.00e+05 -1.00e+05 -1.00e+05 -1.00e+05 -1.00e+05
2015 07 29  2020   57232  73200  -1.00e+05 -1.00e+05 -1.00e+05 -1.00e+05 -1.00e+05 -1.00e+05 -1.00e+05 -1.00e+05 -1.00e+05
2015 07 29  2025   57232  73500  -1.00e+05 -1.00e+05 -1.00e+05 -1.00e+05 -1.00e+05 -1.00e+05 -1.00e+05 -1.00e+05 -1.00e+05
2015 07 29  2030   57232  73800  -1.00e+05 -1.00e+05 -1.00e+05 -1.00e+05 -1.00e+05 -1.00e+05 -1.00e+05 -1.00e+05 -1.00e+05
2015 07 29  2035   57232  74100  -1.00e+05 -1.00e+05 -1.00e+05 -1.00e+05 -1.00e+05 -1.00e+05 -1.00e+05 -1.00e+05 -1.00e+05
2015 07 29  2040   57232  74400  -1.00e+05 -1.00e+05 -1.00e+05 -1.00e+05 -1.00e+05 -1.00e+05 -1.00e+05 -1.00e+05 -1.00e+05
2015 07 29  2045   57232  74700  -1.00e+05 -1.00e+05 -1.00e+05 -1.00e+05 -1.00e+05 -1.00e+05 -1.00e+05 -1.00e+05 -1.00e+05
2015 07 29  2050   57232  75000  -1.00e+05 -1.00e+05 -1.00e+05 -1.00e+05 -1.00e+05 -1.00e+05 -1.00e+05 -1.00e+05 -1.00e+05
2015 07 29  2055   57232  75300  -1.00e+05 -1.00e+05 -1.00e+05 -1.00e+05 -1.00e+05 -1.00e+05 -1.00e+05 -1.00e+05 -1.00e+05
2015 07 29  2100   57232  75600  -1.00e+05 -1.00e+05 -1.00e+05 -1.00e+05 -1.00e+05 -1.00e+05 -1.00e+05 -1.00e+05 -1.00e+05
2015 07 29  2105   57232  75900  -1.00e+05 -1.00e+05 -1.00e+05 -1.00e+05 -1.00e+05 -1.00e+05 -1.00e+05 -1.00e+05 -1.00e+05
2015 07 29  2110   57232  76200  -1.00e+05 -1.00e+05 -1.00e+05 -1.00e+05 -1.00e+05 -1.00e+05 -1.00e+05 -1.00e+05 -1.00e+05
2015 07 29  2115   57232  76500  -1.00e+05 -1.00e+05 -1.00e+05 -1.00e+05 -1.00e+05 -1.00e+05 -1.00e+05 -1.00e+05 -1.00e+05
2015 07 29  2120   57232  76800  -1.00e+05 -1.00e+05 -1.00e+05 -1.00e+05 -1.00e+05 -1.00e+05 -1.00e+05 -1.00e+05 -1.00e+05
2015 07 29  2125   57232  77100  -1.00e+05 -1.00e+05 -1.00e+05 -1.00e+05 -1.00e+05 -1.00e+05 -1.00e+05 -1.00e+05 -1.00e+05
2015 07 29  2130   57232  77400  -1.00e+05 -1.00e+05 -1.00e+05 -1.00e+05 -1.00e+05 -1.00e+05 -1.00e+05 -1.00e+05 -1.00e+05
2015 07 29  2135   57232  77700  -1.00e+05 -1.00e+05 -1.00e+05 -1.00e+05 -1.00e+05 -1.00e+05 -1.00e+05 -1.00e+05 -1.00e+05
2015 07 29  2140   57232  78000  -1.00e+05 -1.00e+05 -1.00e+05 -1.00e+05 -1.00e+05 -1.00e+05 -1.00e+05 -1.00e+05 -1.00e+05
2015 07 29  2145   57232  78300  -1.00e+05 -1.00e+05 -1.00e+05 -1.00e+05 -1.00e+05 -1.00e+05 -1.00e+05 -1.00e+05 -1.00e+05
2015 07 29  2150   57232  78600  -1.00e+05 -1.00e+05 -1.00e+05 -1.00e+05 -1.00e+05 -1.00e+05 -1.00e+05 -1.00e+05 -1.00e+05
2015 07 29  2155   57232  78900  -1.00e+05 -1.00e+05 -1.00e+05 -1.00e+05 -1.00e+05 -1.00e+05 -1.00e+05 -1.00e+05 -1.00e+05
2015 07 29  2200   57232  79200  -1.00e+05 -1.00e+05 -1.00e+05 -1.00e+05 -1.00e+05 -1.00e+05 -1.00e+05 -1.00e+05 -1.00e+05
2015 07 29  2205   57232  79500  -1.00e+05 -1.00e+05 -1.00e+05 -1.00e+05 -1.00e+05 -1.00e+05 -1.00e+05 -1.00e+05 -1.00e+05
2015 07 29  2210   57232  79800  -1.00e+05 -1.00e+05 -1.00e+05 -1.00e+05 -1.00e+05 -1.00e+05 -1.00e+05 -1.00e+05 -1.00e+05
2015 07 29  2215   57232  80100  -1.00e+05 -1.00e+05 -1.00e+05 -1.00e+05 -1.00e+05 -1.00e+05 -1.00e+05 -1.00e+05 -1.00e+05
2015 07 29  2220   57232  80400  -1.00e+05 -1.00e+05 -1.00e+05 -1.00e+05 -1.00e+05 -1.00e+05 -1.00e+05 -1.00e+05 -1.00e+05
2015 07 29  2225   57232  80700  -1.00e+05 -1.00e+05 -1.00e+05 -1.00e+05 -1.00e+05 -1.00e+05 -1.00e+05 -1.00e+05 -1.00e+05
2015 07 29  2230   57232  81000   1.92e+00  1.46e-01  1.23e-01  8.96e-02  7.99e-02  6.10e-02  2.73e+04  2.39e+02 -1.00e+05
2015 07 29  2235   57232  81300   1.38e+00  1.07e-01  8.43e-02  5.05e-02  4.08e-02  2.20e-02  2.73e+04  2.45e+02 -1.00e+05
2015 07 29  2240   57232  81600   1.48e+00  1.41e-01  1.18e-01  8.24e-02  4.48e-02  2.04e-02  2.67e+04  2.32e+02 -1.00e+05
2015 07 29  2245   57232  81900   1.57e+00  1.06e-01  8.28e-02  4.90e-02  3.93e-02  2.04e-02  2.60e+04  2.40e+02 -1.00e+05
2015 07 29  2250   57232  82200   2.16e+00  1.77e-01  1.13e-01  7.14e-02  6.18e-02  4.29e-02  2.60e+04  2.30e+02 -1.00e+05
2015 07 29  2255   57232  82500   2.52e+00  2.78e-01  1.74e-01  1.25e-01  1.16e-01  4.50e-02  2.60e+04  2.31e+02 -1.00e+05
2015 07 29  2300   57232  82800   3.17e+00  2.67e-01  8.93e-02  5.35e-02  4.03e-02  2.04e-02  2.60e+04  2.16e+02 -1.00e+05
2015 07 29  2305   57232  83100   1.68e+00  1.39e-01  1.16e-01  4.90e-02  3.93e-02  2.04e-02  2.60e+04  2.16e+02 -1.00e+05
2015 07 29  2310   57232  83400   2.30e+00  1.74e-01  8.89e-02  5.30e-02  4.33e-02  2.44e-02  2.60e+04  2.20e+02 -1.00e+05
2015 07 29  2315   57232  83700   1.63e+00  1.12e-01  8.93e-02  5.55e-02  4.58e-02  2.69e-02  2.59e+04  2.18e+02 -1.00e+05
2015 07 29  2320   57232  84000   1.47e+00  1.27e-01  1.04e-01  6.98e-02  6.01e-02  2.98e-02  2.56e+04  2.15e+02 -1.00e+05
2015 07 29  2325   57232  84300   1.46e+00  1.06e-01  8.28e-02  4.90e-02  3.93e-02  2.04e-02  2.49e+04  2.13e+02 -1.00e+05
2015 07 29  2330   57232  84600   1.62e+00  2.25e-01  2.02e-01  9.26e-02  8.29e-02  6.41e-02  2.46e+04  2.04e+02 -1.00e+05
2015 07 29  2335   57232  84900   1.48e+00  2.21e-01  1.98e-01  1.62e-01  9.62e-02  3.29e-02  2.46e+04  2.00e+02 -1.00e+05
2015 07 29  2340   57232  85200   1.91e+00  1.69e-01  1.02e-01  6.04e-02  5.07e-02  3.19e-02  2.46e+04  1.99e+02 -1.00e+05
2015 07 29  2345   57232  85500   2.97e+00  2.62e-01  8.46e-02  4.90e-02  3.93e-02  2.04e-02  2.46e+04  1.97e+02 -1.00e+05
2015 07 29  2350   57232  85800   1.32e+00  1.38e-01  1.15e-01  8.04e-02  5.71e-02  2.49e-02  2.46e+04  1.97e+02 -1.00e+05
2015 07 29  2355   57232  86100   1.21e+00  1.50e-01  1.27e-01  4.90e-02  3.93e-02  2.04e-02  2.43e+04  1.87e+02 -1.00e+05
