:Data_list: 20151107_Gp_part_5m.txt
:Created: 2015 Nov 07 2246 UTC
# Prepared by the U.S. Dept. of Commerce, NOAA, Space Weather Prediction Center
# Please send comments and suggestions to SWPC.Webmaster@noaa.gov 
# 
# Label: P > 1 = Particles at >1 Mev
# Label: P > 5 = Particles at >5 Mev
# Label: P >10 = Particles at >10 Mev
# Label: P >30 = Particles at >30 Mev
# Label: P >50 = Particles at >50 Mev
# Label: P>100 = Particles at >100 Mev
# Label: E>0.8 = Electrons at >0.8 Mev
# Label: E>2.0 = Electrons at >2.0 Mev
# Label: E>4.0 = Electrons at >4.0 Mev
# Units: Particles = Protons/cm2-s-sr
# Units: Electrons = Electrons/cm2-s-sr
# Source: GOES-13
# Location: W075
# Missing data: -1.00e+05
#
#                      5-minute  GOES-13 Solar Particle and Electron Flux
#
#                 Modified Seconds
# UTC Date  Time   Julian  of the
# YR MO DA  HHMM    Day     Day     P > 1     P > 5     P >10     P >30     P >50     P>100     E>0.8     E>2.0     E>4.0
#-------------------------------------------------------------------------------------------------------------------------
2015 11 07  0000   57333      0   2.24e+00  1.67e-01  1.40e-01  5.05e-02  4.09e-02  2.13e-02  1.55e+04  3.59e+02 -1.00e+05
2015 11 07  0005   57333    300   2.54e+00  2.48e-01  2.21e-01  7.27e-02  6.31e-02  3.65e-02  1.23e+04  2.33e+02 -1.00e+05
2015 11 07  0010   57333    600   2.00e+00  1.21e-01  9.34e-02  5.51e-02  4.19e-02  2.13e-02  9.85e+03  1.63e+02 -1.00e+05
2015 11 07  0015   57333    900   2.39e+00  1.62e-01  1.35e-01  9.59e-02  7.37e-02  5.05e-02  8.58e+03  1.71e+02 -1.00e+05
2015 11 07  0020   57333   1200   3.55e+00  5.34e-01  2.55e-01  5.05e-02  4.09e-02  2.13e-02  8.08e+03  2.03e+02 -1.00e+05
2015 11 07  0025   57333   1500   1.79e+00  1.16e-01  8.87e-02  5.05e-02  4.09e-02  2.13e-02  6.57e+03  1.84e+02 -1.00e+05
2015 11 07  0030   57333   1800   3.73e+00  1.84e-01  1.14e-01  6.83e-02  4.49e-02  2.13e-02  5.42e+03  9.87e+01 -1.00e+05
2015 11 07  0035   57333   2100   5.03e+00  2.23e-01  1.05e-01  5.05e-02  4.09e-02  2.13e-02  9.01e+03  2.15e+02 -1.00e+05
2015 11 07  0040   57333   2400   2.65e+00  1.16e-01  8.87e-02  5.05e-02  4.09e-02  2.13e-02  1.16e+04  2.35e+02 -1.00e+05
2015 11 07  0045   57333   2700   2.89e+00  2.30e-01  9.06e-02  5.05e-02  4.09e-02  2.13e-02  8.44e+03  1.74e+02 -1.00e+05
2015 11 07  0050   57333   3000   1.89e+00  1.65e-01  9.62e-02  5.05e-02  4.09e-02  2.13e-02  7.90e+03  1.62e+02 -1.00e+05
2015 11 07  0055   57333   3300   3.60e+00  3.90e-01  1.89e-01  5.05e-02  4.09e-02  2.13e-02  7.23e+03  1.65e+02 -1.00e+05
2015 11 07  0100   57333   3600   3.14e+00  1.16e-01  8.87e-02  5.05e-02  4.09e-02  2.13e-02  6.79e+03  1.91e+02 -1.00e+05
2015 11 07  0105   57333   3900   3.15e+00  1.53e-01  1.25e-01  8.72e-02  7.75e-02  5.79e-02  5.05e+03  1.54e+02 -1.00e+05
2015 11 07  0110   57333   4200   3.00e+00  1.16e-01  8.87e-02  5.05e-02  4.09e-02  2.13e-02  6.75e+03  2.16e+02 -1.00e+05
2015 11 07  0115   57333   4500   4.20e+00  1.16e-01  8.87e-02  5.05e-02  4.09e-02  2.13e-02  8.59e+03  2.76e+02 -1.00e+05
2015 11 07  0120   57333   4800   3.74e+00  3.08e-01  2.81e-01  1.18e-01  1.08e-01  5.61e-02  1.05e+04  3.07e+02 -1.00e+05
2015 11 07  0125   57333   5100   5.89e+00  2.53e-01  1.49e-01  1.08e-01  7.40e-02  2.97e-02  1.12e+04  3.58e+02 -1.00e+05
2015 11 07  0130   57333   5400   6.29e+00  2.23e-01  1.05e-01  5.05e-02  4.09e-02  2.13e-02  1.02e+04  3.07e+02 -1.00e+05
2015 11 07  0135   57333   5700   4.73e+00  1.16e-01  8.87e-02  5.05e-02  4.09e-02  2.13e-02  1.11e+04  3.52e+02 -1.00e+05
2015 11 07  0140   57333   6000   4.62e+00  1.67e-01  1.40e-01  1.02e-01  9.22e-02  3.78e-02  9.48e+03  2.98e+02 -1.00e+05
2015 11 07  0145   57333   6300   3.90e+00  1.20e-01  9.31e-02  5.50e-02  4.53e-02  2.57e-02  9.21e+03  2.73e+02 -1.00e+05
2015 11 07  0150   57333   6600   3.70e+00  1.67e-01  1.40e-01  5.05e-02  4.09e-02  2.13e-02  1.19e+04  3.81e+02 -1.00e+05
2015 11 07  0155   57333   6900   4.17e+00  1.67e-01  1.40e-01  5.05e-02  4.09e-02  2.13e-02  1.39e+04  5.31e+02 -1.00e+05
2015 11 07  0200   57333   7200   4.80e+00  2.41e-01  1.23e-01  6.83e-02  4.49e-02  2.13e-02  1.37e+04  4.38e+02 -1.00e+05
2015 11 07  0205   57333   7500   3.64e+00  1.90e-01  1.63e-01  7.98e-02  7.01e-02  5.05e-02  1.28e+04  4.90e+02 -1.00e+05
2015 11 07  0210   57333   7800   3.31e+00  1.48e-01  1.20e-01  8.22e-02  7.26e-02  5.30e-02  1.45e+04  5.00e+02 -1.00e+05
2015 11 07  0215   57333   8100   4.21e+00  1.61e-01  1.34e-01  9.56e-02  8.59e-02  3.57e-02  1.54e+04  4.99e+02 -1.00e+05
2015 11 07  0220   57333   8400   4.81e+00  1.38e-01  1.10e-01  7.23e-02  6.27e-02  4.31e-02  1.74e+04  6.12e+02 -1.00e+05
2015 11 07  0225   57333   8700   5.51e+00  1.16e-01  8.87e-02  5.05e-02  4.09e-02  2.13e-02  2.65e+04  1.10e+03 -1.00e+05
2015 11 07  0230   57333   9000   8.54e+00  2.23e-01  1.05e-01  5.05e-02  4.09e-02  2.13e-02  2.71e+04  1.17e+03 -1.00e+05
2015 11 07  0235   57333   9300   4.70e+00  1.79e-01  1.52e-01  6.17e-02  4.34e-02  2.13e-02  2.55e+04  1.01e+03 -1.00e+05
2015 11 07  0240   57333   9600   7.37e+00  2.74e-01  1.57e-01  5.05e-02  4.09e-02  2.13e-02  3.09e+04  1.10e+03 -1.00e+05
2015 11 07  0245   57333   9900   8.85e+00  2.23e-01  1.05e-01  5.05e-02  4.09e-02  2.13e-02  3.15e+04  1.27e+03 -1.00e+05
2015 11 07  0250   57333  10200   5.26e+00  1.41e-01  1.13e-01  7.50e-02  6.07e-02  3.97e-02  3.70e+04  1.25e+03 -1.00e+05
2015 11 07  0255   57333  10500   4.86e+00  1.16e-01  8.87e-02  5.05e-02  4.09e-02  2.13e-02  2.58e+04  8.21e+02 -1.00e+05
2015 11 07  0300   57333  10800   8.55e+00  1.67e-01  1.40e-01  5.05e-02  4.09e-02  2.13e-02  4.04e+04  1.72e+03 -1.00e+05
2015 11 07  0305   57333  11100   1.39e+01  1.16e-01  8.87e-02  5.05e-02  4.09e-02  2.13e-02  7.07e+04  4.15e+03 -1.00e+05
2015 11 07  0310   57333  11400   3.70e+01  4.78e-01  1.94e-01  5.05e-02  4.09e-02  2.13e-02  8.07e+04  5.71e+03 -1.00e+05
2015 11 07  0315   57333  11700   2.00e+01  1.28e-01  1.01e-01  6.24e-02  5.28e-02  3.32e-02  8.31e+04  5.67e+03 -1.00e+05
2015 11 07  0320   57333  12000   1.46e+01  1.67e-01  1.39e-01  5.17e-02  4.20e-02  2.16e-02  7.52e+04  4.47e+03 -1.00e+05
2015 11 07  0325   57333  12300   1.12e+01  1.83e-01  1.56e-01  1.17e-01  1.08e-01  7.60e-02  5.56e+04  2.81e+03 -1.00e+05
2015 11 07  0330   57333  12600   5.90e+00  2.45e-01  2.18e-01  5.05e-02  4.09e-02  2.13e-02  4.25e+04  1.67e+03 -1.00e+05
2015 11 07  0335   57333  12900   5.56e+00  1.16e-01  8.87e-02  5.05e-02  4.09e-02  2.13e-02  3.96e+04  1.51e+03 -1.00e+05
2015 11 07  0340   57333  13200   5.43e+00  1.42e-01  1.15e-01  7.67e-02  6.71e-02  2.97e-02  4.08e+04  1.55e+03 -1.00e+05
2015 11 07  0345   57333  13500   7.75e+00  2.85e-01  1.68e-01  6.74e-02  5.77e-02  3.81e-02  4.90e+04  2.05e+03 -1.00e+05
2015 11 07  0350   57333  13800   5.39e+00  1.35e-01  1.08e-01  6.97e-02  6.01e-02  4.05e-02  4.25e+04  1.81e+03 -1.00e+05
2015 11 07  0355   57333  14100   6.31e+00  1.66e-01  1.03e-01  5.79e-02  4.83e-02  2.37e-02  3.40e+04  1.18e+03 -1.00e+05
2015 11 07  0400   57333  14400   4.54e+00  2.03e-01  1.76e-01  1.02e-01  9.22e-02  3.78e-02  2.98e+04  9.93e+02 -1.00e+05
2015 11 07  0405   57333  14700   3.51e+00  2.38e-01  2.10e-01  7.51e-02  6.19e-02  2.77e-02  2.42e+04  7.84e+02 -1.00e+05
2015 11 07  0410   57333  15000   2.04e+00  1.67e-01  1.40e-01  5.05e-02  4.09e-02  2.13e-02  2.15e+04  8.26e+02 -1.00e+05
2015 11 07  0415   57333  15300   4.12e+00  2.62e-01  1.03e-01  6.25e-02  4.93e-02  2.37e-02  2.39e+04  6.98e+02 -1.00e+05
2015 11 07  0420   57333  15600   2.59e+00  1.50e-01  1.23e-01  8.37e-02  4.67e-02  2.13e-02  2.39e+04  5.85e+02 -1.00e+05
2015 11 07  0425   57333  15900   3.16e+00  1.42e-01  1.15e-01  7.62e-02  4.82e-02  2.33e-02  2.05e+04  6.41e+02 -1.00e+05
2015 11 07  0430   57333  16200   2.32e+00  1.67e-01  1.40e-01  5.05e-02  4.09e-02  2.13e-02  1.69e+04  4.54e+02 -1.00e+05
2015 11 07  0435   57333  16500   2.26e+00  1.55e-01  1.28e-01  7.05e-02  6.08e-02  2.77e-02  1.28e+04  3.34e+02 -1.00e+05
2015 11 07  0440   57333  16800   2.87e+00  2.87e-01  2.60e-01  1.08e-01  9.84e-02  3.98e-02  1.12e+04  2.32e+02 -1.00e+05
2015 11 07  0445   57333  17100   2.88e+00  1.55e-01  1.28e-01  7.05e-02  6.08e-02  2.77e-02  1.35e+04  2.72e+02 -1.00e+05
2015 11 07  0450   57333  17400   3.11e+00  1.16e-01  8.87e-02  5.05e-02  4.09e-02  2.13e-02  1.79e+04  5.33e+02 -1.00e+05
2015 11 07  0455   57333  17700   4.39e+00  1.77e-01  1.09e-01  6.28e-02  4.45e-02  2.16e-02  1.81e+04  5.37e+02 -1.00e+05
2015 11 07  0500   57333  18000   3.99e+00  1.65e-01  9.62e-02  5.05e-02  4.09e-02  2.13e-02  1.53e+04  3.95e+02 -1.00e+05
2015 11 07  0505   57333  18300   2.72e+00  1.16e-01  8.87e-02  5.05e-02  4.09e-02  2.13e-02  1.79e+04  4.84e+02 -1.00e+05
2015 11 07  0510   57333  18600   2.44e+00  1.36e-01  1.09e-01  7.05e-02  6.08e-02  2.77e-02  1.00e+04  1.66e+02 -1.00e+05
2015 11 07  0515   57333  18900   2.21e+00  1.53e-01  1.25e-01  5.05e-02  4.09e-02  2.13e-02  1.25e+04  1.88e+02 -1.00e+05
2015 11 07  0520   57333  19200   2.31e+00  1.21e-01  9.34e-02  5.51e-02  4.19e-02  2.13e-02  1.03e+04  2.08e+02 -1.00e+05
2015 11 07  0525   57333  19500   3.50e+00  2.45e-01  2.18e-01  5.05e-02  4.09e-02  2.13e-02  9.64e+03  2.26e+02 -1.00e+05
2015 11 07  0530   57333  19800   3.30e+00  1.16e-01  8.87e-02  5.05e-02  4.09e-02  2.13e-02  8.28e+03  2.00e+02 -1.00e+05
2015 11 07  0535   57333  20100   3.28e+00  1.16e-01  8.87e-02  5.05e-02  4.09e-02  2.13e-02  7.93e+03  2.03e+02 -1.00e+05
2015 11 07  0540   57333  20400   2.41e+00  2.57e-01  2.30e-01  6.17e-02  4.34e-02  2.13e-02  3.86e+03  9.67e+01 -1.00e+05
2015 11 07  0545   57333  20700   1.44e+00  1.50e-01  1.23e-01  8.37e-02  4.67e-02  2.13e-02  2.56e+03  4.37e+01 -1.00e+05
2015 11 07  0550   57333  21000   9.62e-01  1.67e-01  1.40e-01  5.05e-02  4.09e-02  2.13e-02  1.17e+03  1.73e+01 -1.00e+05
2015 11 07  0555   57333  21300   1.09e+00  1.64e-01  1.37e-01  9.85e-02  8.49e-02  4.98e-02  7.84e+02  8.35e+00 -1.00e+05
2015 11 07  0600   57333  21600   9.12e-01  1.16e-01  8.87e-02  5.05e-02  4.09e-02  2.13e-02  8.02e+02  8.13e+00 -1.00e+05
2015 11 07  0605   57333  21900   8.28e-01  1.59e-01  1.32e-01  9.39e-02  8.07e-02  3.37e-02  3.54e+02  3.82e+00 -1.00e+05
2015 11 07  0610   57333  22200   1.38e+00  1.65e-01  9.62e-02  5.05e-02  4.09e-02  2.13e-02  1.02e+02  3.11e+00 -1.00e+05
2015 11 07  0615   57333  22500   1.46e+00  2.28e-01  1.10e-01  5.51e-02  4.19e-02  2.13e-02  5.77e+02  1.78e+01 -1.00e+05
2015 11 07  0620   57333  22800   1.38e+00  2.06e-01  9.07e-02  5.05e-02  4.09e-02  2.13e-02  3.62e+02  1.39e+01 -1.00e+05
2015 11 07  0625   57333  23100   9.16e-01  1.50e-01  1.23e-01  8.37e-02  4.67e-02  2.13e-02  3.76e+02  1.15e+01 -1.00e+05
2015 11 07  0630   57333  23400   1.36e+00  2.83e-01  2.56e-01  2.15e-01  1.31e-01  4.18e-02  2.17e+02  1.59e+00 -1.00e+05
2015 11 07  0635   57333  23700   1.05e+00  1.16e-01  8.87e-02  5.05e-02  4.09e-02  2.13e-02  2.55e+02  6.51e+00 -1.00e+05
2015 11 07  0640   57333  24000   1.33e+00  2.21e-01  1.94e-01  8.93e-02  7.96e-02  3.37e-02  1.14e+03  2.90e+01 -1.00e+05
2015 11 07  0645   57333  24300   3.50e+00  2.12e-01  9.77e-02  5.75e-02  4.78e-02  2.82e-02  1.04e+03  3.21e+01 -1.00e+05
2015 11 07  0650   57333  24600   7.11e+00  2.63e-01  1.66e-01  1.14e-01  7.55e-02  2.97e-02  1.97e+03  7.36e+01 -1.00e+05
2015 11 07  0655   57333  24900   3.11e+00  1.16e-01  8.87e-02  5.05e-02  4.09e-02  2.13e-02  8.31e+02  3.21e+01 -1.00e+05
2015 11 07  0700   57333  25200   3.46e+00  1.48e-01  1.21e-01  8.30e-02  7.34e-02  3.17e-02  1.25e+03  3.85e+01 -1.00e+05
2015 11 07  0705   57333  25500   5.79e+00  2.66e-01  1.27e-01  8.53e-02  4.68e-02  2.13e-02  1.52e+03  6.47e+01 -1.00e+05
2015 11 07  0710   57333  25800   1.70e+00  1.63e-01  1.36e-01  5.05e-02  4.09e-02  2.13e-02  1.12e+03  4.35e+01 -1.00e+05
2015 11 07  0715   57333  26100   1.35e+00  1.16e-01  8.87e-02  5.05e-02  4.09e-02  2.13e-02  7.67e+02  2.57e+01 -1.00e+05
2015 11 07  0720   57333  26400   1.41e+00  1.65e-01  9.62e-02  5.05e-02  4.09e-02  2.13e-02  9.57e+02  3.26e+01 -1.00e+05
2015 11 07  0725   57333  26700   1.38e+00  1.45e-01  1.18e-01  7.98e-02  7.01e-02  5.05e-02  1.47e+03  4.79e+01 -1.00e+05
2015 11 07  0730   57333  27000   3.91e+00  2.74e-01  9.05e-02  5.05e-02  4.09e-02  2.13e-02  1.73e+03  7.97e+01 -1.00e+05
2015 11 07  0735   57333  27300   4.51e+00  2.61e-01  2.33e-01  6.99e-02  6.02e-02  4.06e-02  2.78e+03  1.27e+02 -1.00e+05
2015 11 07  0740   57333  27600   5.17e+00  1.24e-01  9.64e-02  5.83e-02  4.87e-02  2.51e-02  3.33e+03  1.44e+02 -1.00e+05
2015 11 07  0745   57333  27900   4.93e+00  1.16e-01  8.87e-02  5.05e-02  4.09e-02  2.13e-02  2.79e+03  1.28e+02 -1.00e+05
2015 11 07  0750   57333  28200   1.98e+01  1.16e-01  8.87e-02  5.05e-02  4.09e-02  2.13e-02  2.92e+03  1.30e+02 -1.00e+05
2015 11 07  0755   57333  28500   6.81e+01  1.27e-01  1.00e-01  6.17e-02  4.34e-02  2.13e-02  3.58e+03  1.78e+02 -1.00e+05
2015 11 07  0800   57333  28800   6.10e+02  2.23e-01  1.05e-01  5.05e-02  4.09e-02  2.13e-02  1.23e+04  7.14e+02 -1.00e+05
2015 11 07  0805   57333  29100   1.32e+03  4.42e-01  3.25e-01  9.71e-02  5.62e-02  3.07e-02  7.84e+03  4.09e+02 -1.00e+05
2015 11 07  0810   57333  29400   3.16e+02  1.50e-01  1.23e-01  8.37e-02  4.67e-02  2.13e-02  6.21e+03  4.57e+02 -1.00e+05
2015 11 07  0815   57333  29700   1.71e+02  1.16e-01  8.87e-02  5.05e-02  4.09e-02  2.13e-02  7.19e+03  4.35e+02 -1.00e+05
2015 11 07  0820   57333  30000   1.48e+02  2.54e-01  2.26e-01  8.14e-02  4.78e-02  2.13e-02  6.36e+03  4.26e+02 -1.00e+05
2015 11 07  0825   57333  30300   1.79e+02  1.48e-01  1.20e-01  8.14e-02  4.78e-02  2.13e-02  8.05e+03  5.08e+02 -1.00e+05
2015 11 07  0830   57333  30600   2.53e+02  1.68e-01  1.40e-01  1.01e-01  6.78e-02  2.77e-02  8.47e+03  4.83e+02 -1.00e+05
2015 11 07  0835   57333  30900   4.92e+02  2.94e-01  1.79e-01  8.97e-02  8.00e-02  6.04e-02  9.51e+03  4.99e+02 -1.00e+05
2015 11 07  0840   57333  31200   2.78e+02  1.17e-01  8.98e-02  5.17e-02  4.20e-02  2.16e-02  9.26e+03  4.94e+02 -1.00e+05
2015 11 07  0845   57333  31500   2.72e+02  1.94e-01  1.67e-01  8.47e-02  7.51e-02  5.55e-02  9.77e+03  4.98e+02 -1.00e+05
2015 11 07  0850   57333  31800   2.70e+02  1.67e-01  1.40e-01  5.05e-02  4.09e-02  2.13e-02  1.05e+04  5.20e+02 -1.00e+05
2015 11 07  0855   57333  32100   3.21e+02  1.16e-01  8.87e-02  5.05e-02  4.09e-02  2.13e-02  1.31e+04  6.63e+02 -1.00e+05
2015 11 07  0900   57333  32400   4.52e+02  1.20e-01  9.31e-02  5.50e-02  4.53e-02  2.57e-02  1.68e+04  8.48e+02 -1.00e+05
2015 11 07  0905   57333  32700   3.27e+02  1.16e-01  8.87e-02  5.05e-02  4.09e-02  2.13e-02  1.80e+04  9.75e+02 -1.00e+05
2015 11 07  0910   57333  33000   1.67e+02  2.27e-01  1.99e-01  7.21e-02  5.69e-02  3.56e-02  1.82e+04  9.93e+02 -1.00e+05
2015 11 07  0915   57333  33300   1.34e+02  1.53e-01  1.25e-01  5.05e-02  4.09e-02  2.13e-02  1.91e+04  1.02e+03 -1.00e+05
2015 11 07  0920   57333  33600   1.48e+02  1.77e-01  1.08e-01  6.17e-02  4.34e-02  2.13e-02  2.12e+04  1.16e+03 -1.00e+05
2015 11 07  0925   57333  33900   7.63e+01  1.27e-01  1.00e-01  6.17e-02  4.34e-02  2.13e-02  2.28e+04  1.26e+03 -1.00e+05
2015 11 07  0930   57333  34200   4.09e+01  1.36e-01  1.09e-01  7.05e-02  6.08e-02  2.77e-02  2.17e+04  1.22e+03 -1.00e+05
2015 11 07  0935   57333  34500   2.15e+01  1.16e-01  8.87e-02  5.05e-02  4.09e-02  2.13e-02  2.20e+04  1.30e+03 -1.00e+05
2015 11 07  0940   57333  34800   1.15e+01  1.16e-01  8.87e-02  5.05e-02  4.09e-02  2.13e-02  2.02e+04  1.21e+03 -1.00e+05
2015 11 07  0945   57333  35100   1.16e+01  1.65e-01  9.62e-02  5.05e-02  4.09e-02  2.13e-02  1.93e+04  1.19e+03 -1.00e+05
2015 11 07  0950   57333  35400   9.11e+00  1.16e-01  8.87e-02  5.05e-02  4.09e-02  2.13e-02  2.02e+04  1.47e+03 -1.00e+05
2015 11 07  0955   57333  35700   8.32e+00  1.16e-01  8.87e-02  5.05e-02  4.09e-02  2.13e-02  2.06e+04  1.65e+03 -1.00e+05
2015 11 07  1000   57333  36000   1.23e+01  2.79e-01  1.65e-01  1.24e-01  8.20e-02  5.30e-02  1.87e+04  1.41e+03 -1.00e+05
2015 11 07  1005   57333  36300   1.27e+01  3.57e-01  2.39e-01  5.51e-02  4.19e-02  2.13e-02  1.86e+04  1.37e+03 -1.00e+05
2015 11 07  1010   57333  36600   8.29e+00  1.16e-01  8.87e-02  5.05e-02  4.09e-02  2.13e-02  1.97e+04  1.41e+03 -1.00e+05
2015 11 07  1015   57333  36900   1.96e+01  2.23e-01  1.05e-01  5.05e-02  4.09e-02  2.13e-02  2.29e+04  1.55e+03 -1.00e+05
2015 11 07  1020   57333  37200   9.65e+00  1.45e-01  1.18e-01  7.98e-02  7.01e-02  5.05e-02  2.05e+04  1.38e+03 -1.00e+05
2015 11 07  1025   57333  37500   9.10e+00  1.23e-01  9.61e-02  5.79e-02  4.83e-02  2.37e-02  2.08e+04  1.53e+03 -1.00e+05
2015 11 07  1030   57333  37800   7.11e+00  1.78e-01  1.51e-01  7.73e-02  6.76e-02  4.80e-02  1.02e+04  8.66e+02 -1.00e+05
2015 11 07  1035   57333  38100   2.64e+01  1.21e-01  9.34e-02  5.51e-02  4.19e-02  2.13e-02  1.18e+04  5.94e+02 -1.00e+05
2015 11 07  1040   57333  38400   2.46e+01  1.60e-01  1.33e-01  9.41e-02  7.14e-02  4.80e-02  1.65e+04  6.12e+02 -1.00e+05
2015 11 07  1045   57333  38700   4.83e+01  1.58e-01  1.31e-01  9.17e-02  6.13e-02  3.56e-02  1.59e+04  6.96e+02 -1.00e+05
2015 11 07  1050   57333  39000   1.86e+02  4.32e-01  2.64e-01  7.48e-02  6.51e-02  4.55e-02  1.52e+04  7.87e+02 -1.00e+05
2015 11 07  1055   57333  39300   5.39e+02  2.08e-01  1.42e-01  9.71e-02  8.74e-02  6.78e-02  2.14e+04  9.64e+02 -1.00e+05
2015 11 07  1100   57333  39600   8.44e+02  1.16e-01  8.87e-02  5.05e-02  4.09e-02  2.13e-02  2.54e+04  1.12e+03 -1.00e+05
2015 11 07  1105   57333  39900   9.83e+02  1.89e-01  1.61e-01  6.74e-02  5.77e-02  3.81e-02  3.10e+04  1.36e+03 -1.00e+05
2015 11 07  1110   57333  40200   7.84e+02  1.82e-01  1.55e-01  1.17e-01  1.07e-01  5.24e-02  3.27e+04  1.36e+03 -1.00e+05
2015 11 07  1115   57333  40500   8.88e+02  3.61e-01  2.44e-01  6.24e-02  5.28e-02  3.32e-02  3.25e+04  1.53e+03 -1.00e+05
2015 11 07  1120   57333  40800   8.34e+02  1.65e-01  9.62e-02  5.05e-02  4.09e-02  2.13e-02  3.77e+04  1.80e+03 -1.00e+05
2015 11 07  1125   57333  41100   5.18e+02  1.86e-01  1.58e-01  6.83e-02  4.49e-02  2.13e-02  4.18e+04  2.12e+03 -1.00e+05
2015 11 07  1130   57333  41400   4.06e+02  2.64e-01  2.36e-01  6.83e-02  4.49e-02  2.13e-02  4.34e+04  2.22e+03 -1.00e+05
2015 11 07  1135   57333  41700   2.91e+02  1.67e-01  1.40e-01  5.05e-02  4.09e-02  2.13e-02  4.77e+04  2.68e+03 -1.00e+05
2015 11 07  1140   57333  42000   2.86e+02  1.65e-01  9.62e-02  5.05e-02  4.09e-02  2.13e-02  5.12e+04  2.88e+03 -1.00e+05
2015 11 07  1145   57333  42300   2.15e+02  2.23e-01  1.05e-01  5.05e-02  4.09e-02  2.13e-02  5.12e+04  2.85e+03 -1.00e+05
2015 11 07  1150   57333  42600   9.28e+01  1.16e-01  8.87e-02  5.05e-02  4.09e-02  2.13e-02  5.84e+04  3.51e+03 -1.00e+05
2015 11 07  1155   57333  42900   7.34e+01  1.16e-01  8.87e-02  5.05e-02  4.09e-02  2.13e-02  5.77e+04  3.45e+03 -1.00e+05
2015 11 07  1200   57333  43200   4.45e+01  1.16e-01  8.87e-02  5.05e-02  4.09e-02  2.13e-02  5.36e+04  3.11e+03 -1.00e+05
2015 11 07  1205   57333  43500   6.91e+01  2.23e-01  1.05e-01  5.05e-02  4.09e-02  2.13e-02  5.69e+04  3.24e+03 -1.00e+05
2015 11 07  1210   57333  43800   2.33e+01  1.36e-01  1.09e-01  7.03e-02  5.45e-02  3.32e-02  5.15e+04  2.88e+03 -1.00e+05
2015 11 07  1215   57333  44100   1.51e+01  1.90e-01  1.63e-01  1.23e-01  8.09e-02  5.55e-02  5.04e+04  2.87e+03 -1.00e+05
2015 11 07  1220   57333  44400   1.39e+01  1.44e-01  1.17e-01  7.86e-02  5.83e-02  3.56e-02  5.59e+04  3.27e+03 -1.00e+05
2015 11 07  1225   57333  44700   1.22e+01  1.28e-01  1.01e-01  6.24e-02  5.28e-02  3.32e-02  5.86e+04  3.79e+03 -1.00e+05
2015 11 07  1230   57333  45000   1.01e+01  2.50e-01  2.23e-01  5.51e-02  4.19e-02  2.13e-02  5.76e+04  3.73e+03 -1.00e+05
2015 11 07  1235   57333  45300   9.81e+00  1.16e-01  8.87e-02  5.05e-02  4.09e-02  2.13e-02  5.73e+04  3.96e+03 -1.00e+05
2015 11 07  1240   57333  45600   1.27e+01  1.65e-01  9.62e-02  5.05e-02  4.09e-02  2.13e-02  5.46e+04  3.65e+03 -1.00e+05
2015 11 07  1245   57333  45900   1.20e+01  1.21e-01  9.34e-02  5.51e-02  4.19e-02  2.13e-02  5.68e+04  3.70e+03 -1.00e+05
2015 11 07  1250   57333  46200   1.37e+01  1.17e-01  8.98e-02  5.17e-02  4.20e-02  2.16e-02  5.66e+04  4.07e+03 -1.00e+05
2015 11 07  1255   57333  46500   2.63e+01  2.52e-01  9.05e-02  5.05e-02  4.09e-02  2.13e-02  5.95e+04  4.14e+03 -1.00e+05
2015 11 07  1300   57333  46800   1.70e+01  1.65e-01  9.62e-02  5.05e-02  4.09e-02  2.13e-02  5.82e+04  4.11e+03 -1.00e+05
2015 11 07  1305   57333  47100   2.24e+01  2.74e-01  9.05e-02  5.05e-02  4.09e-02  2.13e-02  5.00e+04  3.18e+03 -1.00e+05
2015 11 07  1310   57333  47400   1.21e+01  1.28e-01  1.01e-01  6.24e-02  5.28e-02  3.32e-02  5.16e+04  3.45e+03 -1.00e+05
2015 11 07  1315   57333  47700   1.98e+01  1.92e-01  1.64e-01  7.68e-02  5.60e-02  3.32e-02  5.56e+04  4.08e+03 -1.00e+05
2015 11 07  1320   57333  48000   3.64e+01  2.06e-01  9.07e-02  5.05e-02  4.09e-02  2.13e-02  5.55e+04  4.24e+03 -1.00e+05
2015 11 07  1325   57333  48300   9.34e+00  2.14e-01  1.80e-01  1.39e-01  9.58e-02  3.57e-02  3.69e+04  2.27e+03 -1.00e+05
2015 11 07  1330   57333  48600   8.37e+00  2.57e-01  2.30e-01  6.17e-02  4.34e-02  2.13e-02  4.68e+04  2.41e+03 -1.00e+05
2015 11 07  1335   57333  48900   7.85e+00  1.62e-01  1.34e-01  5.99e-02  5.03e-02  3.07e-02  3.70e+04  2.05e+03 -1.00e+05
2015 11 07  1340   57333  49200   6.97e+00  1.87e-01  1.60e-01  1.22e-01  1.12e-01  4.89e-02  3.62e+04  1.81e+03 -1.00e+05
2015 11 07  1345   57333  49500   7.02e+00  1.16e-01  8.87e-02  5.05e-02  4.09e-02  2.13e-02  3.48e+04  1.71e+03 -1.00e+05
2015 11 07  1350   57333  49800   8.30e+00  1.55e-01  1.28e-01  8.83e-02  4.68e-02  2.13e-02  3.28e+04  1.78e+03 -1.00e+05
2015 11 07  1355   57333  50100   8.40e+00  1.55e-01  1.28e-01  8.83e-02  4.68e-02  2.13e-02  3.48e+04  1.79e+03 -1.00e+05
2015 11 07  1400   57333  50400   1.44e+01  2.30e-01  9.06e-02  5.05e-02  4.09e-02  2.13e-02  3.03e+04  1.52e+03 -1.00e+05
2015 11 07  1405   57333  50700   9.56e+00  1.34e-01  1.07e-01  6.83e-02  4.49e-02  2.13e-02  3.09e+04  1.50e+03 -1.00e+05
2015 11 07  1410   57333  51000   1.64e+01  2.52e-01  1.38e-01  9.71e-02  6.82e-02  4.31e-02  3.35e+04  1.55e+03 -1.00e+05
2015 11 07  1415   57333  51300   9.87e+00  1.53e-01  1.25e-01  8.72e-02  7.75e-02  5.79e-02  3.12e+04  1.52e+03 -1.00e+05
2015 11 07  1420   57333  51600   1.51e+01  1.70e-01  1.01e-01  5.51e-02  4.19e-02  2.13e-02  4.07e+04  1.96e+03 -1.00e+05
2015 11 07  1425   57333  51900   1.27e+01  1.54e-01  1.26e-01  8.82e-02  7.78e-02  5.79e-02  4.62e+04  2.28e+03 -1.00e+05
2015 11 07  1430   57333  52200   1.11e+01  1.16e-01  8.87e-02  5.05e-02  4.09e-02  2.13e-02  4.75e+04  2.40e+03 -1.00e+05
2015 11 07  1435   57333  52500   9.88e+00  1.16e-01  8.87e-02  5.05e-02  4.09e-02  2.13e-02  4.81e+04  2.41e+03 -1.00e+05
2015 11 07  1440   57333  52800   9.77e+00  2.45e-01  2.18e-01  5.05e-02  4.09e-02  2.13e-02  5.06e+04  2.47e+03 -1.00e+05
2015 11 07  1445   57333  53100   8.75e+00  1.44e-01  1.17e-01  7.86e-02  5.83e-02  3.56e-02  4.96e+04  2.49e+03 -1.00e+05
2015 11 07  1450   57333  53400   7.79e+00  1.73e-01  1.46e-01  1.08e-01  9.84e-02  3.98e-02  5.23e+04  2.69e+03 -1.00e+05
2015 11 07  1455   57333  53700   1.20e+01  3.33e-01  2.17e-01  1.16e-01  7.60e-02  5.05e-02  5.44e+04  2.81e+03 -1.00e+05
2015 11 07  1500   57333  54000   9.46e+00  2.34e-01  2.07e-01  1.32e-01  1.04e-01  3.98e-02  5.58e+04  2.98e+03 -1.00e+05
2015 11 07  1505   57333  54300   1.01e+01  1.54e-01  1.27e-01  8.79e-02  4.93e-02  2.13e-02  5.64e+04  3.01e+03 -1.00e+05
2015 11 07  1510   57333  54600   9.72e+00  1.48e-01  1.21e-01  8.30e-02  7.34e-02  3.17e-02  5.91e+04  3.28e+03 -1.00e+05
2015 11 07  1515   57333  54900   1.04e+01  1.16e-01  8.87e-02  5.05e-02  4.09e-02  2.13e-02  6.05e+04  3.52e+03 -1.00e+05
2015 11 07  1520   57333  55200   8.02e+00  1.21e-01  9.34e-02  5.51e-02  4.19e-02  2.13e-02  5.62e+04  3.10e+03 -1.00e+05
2015 11 07  1525   57333  55500   1.12e+01  2.44e-01  1.29e-01  8.79e-02  4.93e-02  2.13e-02  5.72e+04  3.21e+03 -1.00e+05
2015 11 07  1530   57333  55800   7.04e+00  2.34e-01  2.07e-01  7.48e-02  4.63e-02  2.13e-02  5.73e+04  3.20e+03 -1.00e+05
2015 11 07  1535   57333  56100   9.05e+00  2.06e-01  9.19e-02  5.17e-02  4.20e-02  2.16e-02  5.79e+04  3.22e+03 -1.00e+05
2015 11 07  1540   57333  56400   6.11e+00  1.67e-01  1.40e-01  5.05e-02  4.09e-02  2.13e-02  5.99e+04  3.57e+03 -1.00e+05
2015 11 07  1545   57333  56700   6.08e+00  1.16e-01  8.87e-02  5.05e-02  4.09e-02  2.13e-02  6.34e+04  3.84e+03 -1.00e+05
2015 11 07  1550   57333  57000   9.11e+00  1.61e-01  1.34e-01  9.56e-02  8.59e-02  3.57e-02  6.38e+04  4.10e+03 -1.00e+05
2015 11 07  1555   57333  57300   8.24e+00  1.60e-01  1.33e-01  9.42e-02  7.59e-02  3.17e-02  6.18e+04  4.00e+03 -1.00e+05
2015 11 07  1600   57333  57600   7.41e+00  1.65e-01  1.38e-01  9.96e-02  8.99e-02  7.03e-02  5.85e+04  3.77e+03 -1.00e+05
2015 11 07  1605   57333  57900   5.99e+00  1.16e-01  8.87e-02  5.05e-02  4.09e-02  2.13e-02  5.07e+04  3.02e+03 -1.00e+05
2015 11 07  1610   57333  58200   4.71e+00  2.45e-01  2.18e-01  5.05e-02  4.09e-02  2.13e-02  4.98e+04  2.81e+03 -1.00e+05
2015 11 07  1615   57333  58500   4.57e+00  1.48e-01  1.20e-01  8.14e-02  4.78e-02  2.13e-02  5.03e+04  2.80e+03 -1.00e+05
2015 11 07  1620   57333  58800   8.50e+00  4.70e-01  2.47e-01  7.92e-02  6.95e-02  2.26e-02  5.29e+04  3.03e+03 -1.00e+05
2015 11 07  1625   57333  59100   4.70e+00  1.16e-01  8.87e-02  5.05e-02  4.09e-02  2.13e-02  5.30e+04  3.11e+03 -1.00e+05
2015 11 07  1630   57333  59400   4.11e+00  1.16e-01  8.87e-02  5.05e-02  4.09e-02  2.13e-02  5.09e+04  2.80e+03 -1.00e+05
2015 11 07  1635   57333  59700   4.20e+00  2.57e-01  2.30e-01  6.49e-02  5.52e-02  3.56e-02  5.04e+04  2.79e+03 -1.00e+05
2015 11 07  1640   57333  60000   3.67e+00  1.20e-01  9.31e-02  5.50e-02  4.53e-02  2.57e-02  4.93e+04  2.61e+03 -1.00e+05
2015 11 07  1645   57333  60300   3.97e+00  1.21e-01  9.34e-02  5.51e-02  4.19e-02  2.13e-02  4.76e+04  2.39e+03 -1.00e+05
2015 11 07  1650   57333  60600   3.79e+00  1.72e-01  1.45e-01  5.05e-02  4.09e-02  2.13e-02  4.74e+04  2.39e+03 -1.00e+05
2015 11 07  1655   57333  60900   3.74e+00  1.69e-01  1.41e-01  1.02e-01  6.11e-02  3.56e-02  4.64e+04  2.23e+03 -1.00e+05
2015 11 07  1700   57333  61200   3.61e+00  2.21e-01  1.94e-01  8.93e-02  7.96e-02  3.37e-02  4.43e+04  2.09e+03 -1.00e+05
2015 11 07  1705   57333  61500   3.07e+00  1.65e-01  1.37e-01  9.83e-02  6.28e-02  3.56e-02  4.50e+04  2.08e+03 -1.00e+05
2015 11 07  1710   57333  61800   3.54e+00  1.42e-01  1.15e-01  7.67e-02  6.71e-02  2.97e-02  5.15e+04  2.64e+03 -1.00e+05
2015 11 07  1715   57333  62100   4.11e+00  1.48e-01  1.21e-01  8.30e-02  7.34e-02  3.17e-02  5.39e+04  2.85e+03 -1.00e+05
2015 11 07  1720   57333  62400   4.51e+00  1.87e-01  1.56e-01  1.17e-01  7.79e-02  2.26e-02  5.42e+04  2.94e+03 -1.00e+05
2015 11 07  1725   57333  62700   3.36e+00  1.71e-01  1.43e-01  1.03e-01  5.61e-02  3.07e-02  5.37e+04  2.78e+03 -1.00e+05
2015 11 07  1730   57333  63000   3.22e+00  1.16e-01  8.87e-02  5.05e-02  4.09e-02  2.13e-02  5.19e+04  2.83e+03 -1.00e+05
2015 11 07  1735   57333  63300   3.49e+00  1.16e-01  8.87e-02  5.05e-02  4.09e-02  2.13e-02  4.69e+04  2.57e+03 -1.00e+05
2015 11 07  1740   57333  63600   3.74e+00  2.09e-01  1.82e-01  9.23e-02  4.83e-02  2.16e-02  3.35e+04  2.21e+03 -1.00e+05
2015 11 07  1745   57333  63900   4.32e+00  1.67e-01  1.40e-01  1.01e-01  7.26e-02  2.97e-02  3.59e+04  1.92e+03 -1.00e+05
2015 11 07  1750   57333  64200   4.05e+00  1.17e-01  8.98e-02  5.17e-02  4.20e-02  2.16e-02  3.36e+04  1.87e+03 -1.00e+05
2015 11 07  1755   57333  64500   4.70e+00  2.20e-01  1.92e-01  8.04e-02  7.07e-02  2.26e-02  3.76e+04  2.09e+03 -1.00e+05
2015 11 07  1800   57333  64800   4.18e+00  1.55e-01  1.28e-01  8.97e-02  8.00e-02  6.04e-02  3.80e+04  2.08e+03 -1.00e+05
2015 11 07  1805   57333  65100   3.80e+00  1.70e-01  1.43e-01  7.54e-02  5.71e-02  2.57e-02  3.68e+04  1.98e+03 -1.00e+05
2015 11 07  1810   57333  65400   3.35e+00  1.16e-01  8.87e-02  5.05e-02  4.09e-02  2.13e-02  4.12e+04  2.09e+03 -1.00e+05
2015 11 07  1815   57333  65700   3.60e+00  3.18e-01  2.90e-01  1.27e-01  7.88e-02  4.80e-02  4.45e+04  2.39e+03 -1.00e+05
2015 11 07  1820   57333  66000   4.08e+00  1.43e-01  1.15e-01  7.73e-02  6.76e-02  4.80e-02  5.01e+04  2.80e+03 -1.00e+05
2015 11 07  1825   57333  66300   4.01e+00  1.34e-01  1.07e-01  6.83e-02  4.49e-02  2.13e-02  5.12e+04  2.92e+03 -1.00e+05
2015 11 07  1830   57333  66600   3.92e+00  1.23e-01  9.61e-02  5.79e-02  4.83e-02  2.37e-02  4.76e+04  2.62e+03 -1.00e+05
2015 11 07  1835   57333  66900   3.27e+00  1.16e-01  8.87e-02  5.05e-02  4.09e-02  2.13e-02  4.59e+04  2.38e+03 -1.00e+05
2015 11 07  1840   57333  67200   3.40e+00  2.59e-01  2.31e-01  6.74e-02  5.77e-02  3.81e-02  4.34e+04  2.15e+03 -1.00e+05
2015 11 07  1845   57333  67500   2.92e+00  1.16e-01  8.87e-02  5.05e-02  4.09e-02  2.13e-02  4.53e+04  2.16e+03 -1.00e+05
2015 11 07  1850   57333  67800   2.84e+00  1.41e-01  1.14e-01  7.50e-02  5.37e-02  3.07e-02  3.91e+04  1.69e+03 -1.00e+05
2015 11 07  1855   57333  68100   3.91e+00  2.83e-01  2.14e-01  7.48e-02  4.63e-02  2.13e-02  3.29e+04  1.38e+03 -1.00e+05
2015 11 07  1900   57333  68400   2.99e+00  1.48e-01  1.21e-01  8.30e-02  7.34e-02  3.17e-02  3.26e+04  1.37e+03 -1.00e+05
2015 11 07  1905   57333  68700   4.10e+00  1.97e-01  1.28e-01  8.14e-02  4.78e-02  2.13e-02  2.79e+04  1.14e+03 -1.00e+05
2015 11 07  1910   57333  69000   3.15e+00  1.16e-01  8.87e-02  5.05e-02  4.09e-02  2.13e-02  2.55e+04  1.07e+03 -1.00e+05
2015 11 07  1915   57333  69300   3.60e+00  1.16e-01  8.87e-02  5.05e-02  4.09e-02  2.13e-02  2.46e+04  1.05e+03 -1.00e+05
2015 11 07  1920   57333  69600   3.58e+00  1.20e-01  9.31e-02  5.50e-02  4.53e-02  2.57e-02  2.30e+04  9.45e+02 -1.00e+05
2015 11 07  1925   57333  69900   3.33e+00  1.67e-01  1.40e-01  5.05e-02  4.09e-02  2.13e-02  2.06e+04  8.63e+02 -1.00e+05
2015 11 07  1930   57333  70200   3.32e+00  1.16e-01  8.87e-02  5.05e-02  4.09e-02  2.13e-02  2.28e+04  9.78e+02 -1.00e+05
2015 11 07  1935   57333  70500   3.99e+00  2.34e-01  2.07e-01  7.48e-02  4.63e-02  2.13e-02  2.53e+04  1.05e+03 -1.00e+05
2015 11 07  1940   57333  70800   5.20e+00  2.00e-01  1.73e-01  1.33e-01  8.95e-02  3.37e-02  2.75e+04  1.24e+03 -1.00e+05
2015 11 07  1945   57333  71100   6.39e+00  2.06e-01  1.78e-01  8.47e-02  7.51e-02  5.55e-02  3.48e+04  1.52e+03 -1.00e+05
2015 11 07  1950   57333  71400   6.35e+00  1.92e-01  1.65e-01  8.22e-02  7.26e-02  5.30e-02  3.77e+04  1.73e+03 -1.00e+05
2015 11 07  1955   57333  71700   5.92e+00  1.16e-01  8.87e-02  5.05e-02  4.09e-02  2.13e-02  3.60e+04  1.77e+03 -1.00e+05
2015 11 07  2000   57333  72000   6.02e+00  1.34e-01  1.07e-01  6.83e-02  4.49e-02  2.13e-02  3.56e+04  1.76e+03 -1.00e+05
2015 11 07  2005   57333  72300   7.85e+00  2.23e-01  1.05e-01  5.05e-02  4.09e-02  2.13e-02  3.84e+04  1.78e+03 -1.00e+05
2015 11 07  2010   57333  72600   7.24e+00  2.26e-01  1.28e-01  7.71e-02  6.75e-02  3.12e-02  3.76e+04  1.75e+03 -1.00e+05
2015 11 07  2015   57333  72900   4.69e+00  3.11e-01  2.84e-01  1.04e-01  5.64e-02  2.57e-02  3.72e+04  1.69e+03 -1.00e+05
2015 11 07  2020   57333  73200   4.35e+00  1.16e-01  8.87e-02  5.05e-02  4.09e-02  2.13e-02  3.81e+04  1.75e+03 -1.00e+05
2015 11 07  2025   57333  73500   4.15e+00  2.57e-01  2.30e-01  6.17e-02  4.34e-02  2.13e-02  3.94e+04  1.78e+03 -1.00e+05
2015 11 07  2030   57333  73800   4.06e+00  1.81e-01  1.54e-01  1.14e-01  7.07e-02  2.77e-02  3.83e+04  1.70e+03 -1.00e+05
2015 11 07  2035   57333  74100   4.53e+00  1.70e-01  1.01e-01  5.51e-02  4.19e-02  2.13e-02  3.61e+04  1.58e+03 -1.00e+05
2015 11 07  2040   57333  74400   5.26e+00  2.60e-01  1.42e-01  5.05e-02  4.09e-02  2.13e-02  3.57e+04  1.56e+03 -1.00e+05
2015 11 07  2045   57333  74700   4.67e+00  2.05e-01  1.42e-01  5.79e-02  4.83e-02  2.37e-02  3.71e+04  1.61e+03 -1.00e+05
2015 11 07  2050   57333  75000   6.45e+00  2.48e-01  1.09e-01  6.85e-02  5.22e-02  3.07e-02  3.61e+04  1.59e+03 -1.00e+05
2015 11 07  2055   57333  75300   3.45e+00  1.16e-01  8.87e-02  5.05e-02  4.09e-02  2.13e-02  3.60e+04  1.55e+03 -1.00e+05
2015 11 07  2100   57333  75600   3.41e+00  1.16e-01  8.87e-02  5.05e-02  4.09e-02  2.13e-02  3.56e+04  1.53e+03 -1.00e+05
2015 11 07  2105   57333  75900   4.94e+00  2.42e-01  1.35e-01  8.19e-02  5.85e-02  2.57e-02  3.55e+04  1.53e+03 -1.00e+05
2015 11 07  2110   57333  76200   3.38e+00  1.34e-01  1.07e-01  6.83e-02  4.49e-02  2.13e-02  3.58e+04  1.52e+03 -1.00e+05
2015 11 07  2115   57333  76500   3.05e+00  1.40e-01  1.13e-01  7.48e-02  6.51e-02  4.55e-02  3.47e+04  1.49e+03 -1.00e+05
2015 11 07  2120   57333  76800   3.10e+00  1.41e-01  1.14e-01  7.48e-02  4.63e-02  2.13e-02  3.43e+04  1.43e+03 -1.00e+05
2015 11 07  2125   57333  77100   3.01e+00  1.30e-01  1.03e-01  6.49e-02  5.52e-02  3.56e-02  3.33e+04  1.38e+03 -1.00e+05
2015 11 07  2130   57333  77400   3.74e+00  1.99e-01  1.32e-01  8.72e-02  7.75e-02  5.79e-02  3.31e+04  1.36e+03 -1.00e+05
2015 11 07  2135   57333  77700   3.93e+00  1.84e-01  1.14e-01  6.83e-02  4.49e-02  2.13e-02  3.25e+04  1.31e+03 -1.00e+05
2015 11 07  2140   57333  78000   2.93e+00  1.30e-01  1.02e-01  6.42e-02  5.46e-02  2.57e-02  3.26e+04  1.29e+03 -1.00e+05
2015 11 07  2145   57333  78300   2.82e+00  1.45e-01  1.18e-01  7.98e-02  7.01e-02  5.05e-02  3.28e+04  1.31e+03 -1.00e+05
2015 11 07  2150   57333  78600   2.92e+00  1.66e-01  1.39e-01  1.00e-01  8.21e-02  3.37e-02  3.21e+04  1.28e+03 -1.00e+05
2015 11 07  2155   57333  78900   2.83e+00  1.16e-01  8.87e-02  5.05e-02  4.09e-02  2.13e-02  3.29e+04  1.31e+03 -1.00e+05
2015 11 07  2200   57333  79200   2.96e+00  1.42e-01  1.15e-01  7.67e-02  6.71e-02  2.97e-02  3.28e+04  1.28e+03 -1.00e+05
2015 11 07  2205   57333  79500   2.72e+00  2.11e-01  1.84e-01  1.45e-01  1.16e-01  4.38e-02  3.20e+04  1.24e+03 -1.00e+05
2015 11 07  2210   57333  79800   2.71e+00  1.16e-01  8.87e-02  5.05e-02  4.09e-02  2.13e-02  3.23e+04  1.27e+03 -1.00e+05
2015 11 07  2215   57333  80100   3.10e+00  2.20e-01  1.93e-01  1.55e-01  1.41e-01  6.80e-02  3.22e+04  1.23e+03 -1.00e+05
2015 11 07  2220   57333  80400   2.74e+00  1.16e-01  8.87e-02  5.05e-02  4.09e-02  2.13e-02  3.24e+04  1.25e+03 -1.00e+05
2015 11 07  2225   57333  80700   2.88e+00  1.16e-01  8.87e-02  5.05e-02  4.09e-02  2.13e-02  3.17e+04  1.21e+03 -1.00e+05
2015 11 07  2230   57333  81000   2.72e+00  1.38e-01  1.10e-01  7.23e-02  6.27e-02  4.31e-02  3.06e+04  1.13e+03 -1.00e+05
2015 11 07  2235   57333  81300   3.05e+00  1.22e-01  9.48e-02  5.66e-02  4.38e-02  2.33e-02  3.01e+04  1.10e+03 -1.00e+05
2015 11 07  2240   57333  81600   3.55e+00  1.60e-01  1.33e-01  9.46e-02  8.50e-02  6.54e-02  3.07e+04  1.07e+03 -1.00e+05
