:Data_list: 20150730_Gp_part_5m.txt
:Created: 2015 Jul 31 0011 UTC
# Prepared by the U.S. Dept. of Commerce, NOAA, Space Weather Prediction Center
# Please send comments and suggestions to SWPC.Webmaster@noaa.gov 
# 
# Label: P > 1 = Particles at >1 Mev
# Label: P > 5 = Particles at >5 Mev
# Label: P >10 = Particles at >10 Mev
# Label: P >30 = Particles at >30 Mev
# Label: P >50 = Particles at >50 Mev
# Label: P>100 = Particles at >100 Mev
# Label: E>0.8 = Electrons at >0.8 Mev
# Label: E>2.0 = Electrons at >2.0 Mev
# Label: E>4.0 = Electrons at >4.0 Mev
# Units: Particles = Protons/cm2-s-sr
# Units: Electrons = Electrons/cm2-s-sr
# Source: GOES-13
# Location: W075
# Missing data: -1.00e+05
#
#                      5-minute  GOES-13 Solar Particle and Electron Flux
#
#                 Modified Seconds
# UTC Date  Time   Julian  of the
# YR MO DA  HHMM    Day     Day     P > 1     P > 5     P >10     P >30     P >50     P>100     E>0.8     E>2.0     E>4.0
#-------------------------------------------------------------------------------------------------------------------------
2015 07 30  0000   57233      0   1.26e+00  1.50e-01  1.27e-01  4.90e-02  3.93e-02  2.04e-02  2.35e+04  1.89e+02 -1.00e+05
2015 07 30  0005   57233    300   1.19e+00  1.06e-01  8.28e-02  4.90e-02  3.93e-02  2.04e-02  2.33e+04  1.75e+02 -1.00e+05
2015 07 30  0010   57233    600   2.25e+00  2.45e-01  1.07e-01  6.78e-02  5.82e-02  3.93e-02  2.33e+04  1.66e+02 -1.00e+05
2015 07 30  0015   57233    900   1.98e+00  2.47e-01  1.47e-01  1.11e-01  8.57e-02  4.50e-02  2.25e+04  1.59e+02 -1.00e+05
2015 07 30  0020   57233   1200   1.37e+00  2.08e-01  1.84e-01  1.51e-01  1.41e-01  7.60e-02  2.20e+04  1.54e+02 -1.00e+05
2015 07 30  0025   57233   1500   9.21e-01  1.83e-01  1.60e-01  8.27e-02  7.30e-02  5.42e-02  2.20e+04  1.46e+02 -1.00e+05
2015 07 30  0030   57233   1800   1.16e+00  1.24e-01  1.01e-01  6.66e-02  4.33e-02  2.04e-02  2.15e+04  1.50e+02 -1.00e+05
2015 07 30  0035   57233   2100   9.93e-01  1.96e-01  1.73e-01  1.38e-01  9.43e-02  3.49e-02  2.09e+04  1.42e+02 -1.00e+05
2015 07 30  0040   57233   2400   1.22e+00  1.77e-01  1.54e-01  6.01e-02  4.18e-02  2.04e-02  2.08e+04  1.37e+02 -1.00e+05
2015 07 30  0045   57233   2700   8.29e-01  1.06e-01  8.28e-02  4.90e-02  3.93e-02  2.04e-02  2.07e+04  1.38e+02 -1.00e+05
2015 07 30  0050   57233   3000   8.58e-01  1.13e-01  8.99e-02  4.90e-02  3.93e-02  2.04e-02  2.03e+04  1.34e+02 -1.00e+05
2015 07 30  0055   57233   3300   1.84e+00  3.02e-01  8.44e-02  4.90e-02  3.93e-02  2.04e-02  2.02e+04  1.38e+02 -1.00e+05
2015 07 30  0100   57233   3600   1.09e+00  1.88e-01  1.03e-01  6.66e-02  4.33e-02  2.04e-02  2.02e+04  1.35e+02 -1.00e+05
2015 07 30  0105   57233   3900   1.37e+00  2.27e-01  1.22e-01  8.61e-02  7.64e-02  4.85e-02  1.99e+04  1.34e+02 -1.00e+05
2015 07 30  0110   57233   4200   1.35e+00  1.84e-01  9.36e-02  4.90e-02  3.93e-02  2.04e-02  1.98e+04  1.27e+02 -1.00e+05
2015 07 30  0115   57233   4500   7.99e-01  1.06e-01  8.28e-02  4.90e-02  3.93e-02  2.04e-02  1.98e+04  1.27e+02 -1.00e+05
2015 07 30  0120   57233   4800   8.54e-01  1.30e-01  1.07e-01  7.28e-02  6.31e-02  4.43e-02  1.98e+04  1.25e+02 -1.00e+05
2015 07 30  0125   57233   5100   8.94e-01  1.06e-01  8.28e-02  4.90e-02  3.93e-02  2.04e-02  1.91e+04  1.25e+02 -1.00e+05
2015 07 30  0130   57233   5400   8.62e-01  1.33e-01  1.10e-01  7.62e-02  6.65e-02  2.17e-02  1.88e+04  1.22e+02 -1.00e+05
2015 07 30  0135   57233   5700   9.65e-01  1.81e-01  1.54e-01  8.97e-02  7.14e-02  2.17e-02  1.88e+04  1.16e+02 -1.00e+05
2015 07 30  0140   57233   6000   7.67e-01  1.55e-01  1.32e-01  9.75e-02  7.64e-02  5.42e-02  1.86e+04  1.12e+02 -1.00e+05
2015 07 30  0145   57233   6300   8.87e-01  1.06e-01  8.28e-02  4.90e-02  3.93e-02  2.04e-02  1.78e+04  1.16e+02 -1.00e+05
2015 07 30  0150   57233   6600   9.03e-01  1.57e-01  1.34e-01  9.93e-02  5.76e-02  2.94e-02  1.78e+04  1.08e+02 -1.00e+05
2015 07 30  0155   57233   6900   7.46e-01  1.26e-01  1.03e-01  6.54e-02  5.57e-02  3.68e-02  1.76e+04  1.06e+02 -1.00e+05
2015 07 30  0200   57233   7200   1.05e+00  1.58e-01  9.08e-02  4.90e-02  3.93e-02  2.04e-02  1.70e+04  1.10e+02 -1.00e+05
2015 07 30  0205   57233   7500   1.62e+00  3.34e-01  2.15e-01  1.78e-01  1.35e-01  8.28e-02  1.70e+04  1.05e+02 -1.00e+05
2015 07 30  0210   57233   7800   1.35e+00  2.80e-01  1.23e-01  8.63e-02  4.77e-02  2.04e-02  1.64e+04  1.05e+02 -1.00e+05
2015 07 30  0215   57233   8100   7.86e-01  1.31e-01  1.08e-01  7.32e-02  4.48e-02  2.04e-02  1.52e+04  1.05e+02 -1.00e+05
2015 07 30  0220   57233   8400   7.55e-01  1.94e-01  1.27e-01  7.97e-02  5.32e-02  2.94e-02  1.40e+04  8.56e+01 -1.00e+05
2015 07 30  0225   57233   8700   7.37e-01  1.64e-01  1.41e-01  6.29e-02  5.32e-02  3.44e-02  1.27e+04  8.14e+01 -1.00e+05
2015 07 30  0230   57233   9000   7.03e-01  1.59e-01  1.36e-01  1.02e-01  9.27e-02  6.72e-02  1.25e+04  7.94e+01 -1.00e+05
2015 07 30  0235   57233   9300   9.48e-01  1.58e-01  9.08e-02  4.90e-02  3.93e-02  2.04e-02  1.19e+04  7.09e+01 -1.00e+05
2015 07 30  0240   57233   9600   9.60e-01  2.67e-01  1.25e-01  7.97e-02  4.62e-02  2.04e-02  1.13e+04  7.60e+01 -1.00e+05
2015 07 30  0245   57233   9900   8.36e-01  1.88e-01  1.03e-01  6.66e-02  4.33e-02  2.04e-02  1.11e+04  6.42e+01 -1.00e+05
2015 07 30  0250   57233  10200   8.79e-01  2.84e-01  1.28e-01  9.16e-02  6.16e-02  3.68e-02  8.46e+03  4.68e+01 -1.00e+05
2015 07 30  0255   57233  10500   7.90e-01  2.17e-01  1.22e-01  7.53e-02  6.56e-02  2.89e-02  9.26e+03  5.25e+01 -1.00e+05
2015 07 30  0300   57233  10800   5.46e-01  1.39e-01  1.16e-01  8.20e-02  7.23e-02  2.18e-02  9.02e+03  4.89e+01 -1.00e+05
2015 07 30  0305   57233  11100   6.03e-01  1.58e-01  9.08e-02  4.90e-02  3.93e-02  2.04e-02  8.58e+03  4.31e+01 -1.00e+05
2015 07 30  0310   57233  11400   4.16e-01  1.11e-01  8.75e-02  5.35e-02  4.03e-02  2.04e-02  8.64e+03  4.52e+01 -1.00e+05
2015 07 30  0315   57233  11700   5.38e-01  1.32e-01  1.09e-01  7.53e-02  6.56e-02  2.89e-02  9.03e+03  4.88e+01 -1.00e+05
2015 07 30  0320   57233  12000   9.00e-01  3.64e-01  1.73e-01  8.42e-02  7.45e-02  4.12e-02  8.70e+03  4.02e+01 -1.00e+05
2015 07 30  0325   57233  12300   1.05e+00  2.04e-01  9.38e-02  5.79e-02  4.83e-02  2.94e-02  7.50e+03  3.09e+01 -1.00e+05
2015 07 30  0330   57233  12600   7.40e-01  2.43e-01  1.76e-01  4.90e-02  3.93e-02  2.04e-02  7.49e+03  3.35e+01 -1.00e+05
2015 07 30  0335   57233  12900   4.04e-01  1.39e-01  1.16e-01  8.18e-02  7.22e-02  3.20e-02  7.07e+03  2.24e+01 -1.00e+05
2015 07 30  0340   57233  13200   9.35e-01  2.41e-01  8.47e-02  4.90e-02  3.93e-02  2.04e-02  6.76e+03  2.09e+01 -1.00e+05
2015 07 30  0345   57233  13500   6.12e-01  1.17e-01  9.42e-02  6.04e-02  5.07e-02  3.19e-02  7.03e+03  2.10e+01 -1.00e+05
2015 07 30  0350   57233  13800   3.70e-01  1.91e-01  1.68e-01  4.90e-02  3.93e-02  2.04e-02  7.69e+03  2.44e+01 -1.00e+05
2015 07 30  0355   57233  14100   4.89e-01  1.51e-01  1.28e-01  9.41e-02  8.44e-02  3.49e-02  7.37e+03  2.33e+01 -1.00e+05
2015 07 30  0400   57233  14400   5.19e-01  1.32e-01  1.09e-01  7.53e-02  6.56e-02  2.89e-02  6.77e+03  1.88e+01 -1.00e+05
2015 07 30  0405   57233  14700   6.52e-01  2.65e-01  1.98e-01  6.95e-02  4.70e-02  2.44e-02  6.24e+03  1.43e+01 -1.00e+05
2015 07 30  0410   57233  15000   6.26e-01  1.58e-01  9.08e-02  4.90e-02  3.93e-02  2.04e-02  5.61e+03  1.35e+01 -1.00e+05
2015 07 30  0415   57233  15300   4.17e-01  2.22e-01  1.71e-01  1.32e-01  1.22e-01  4.81e-02  5.02e+03  9.71e+00 -1.00e+05
2015 07 30  0420   57233  15600   3.61e-01  1.49e-01  1.26e-01  6.27e-02  5.31e-02  2.49e-02  4.80e+03  9.61e+00 -1.00e+05
2015 07 30  0425   57233  15900   4.45e-01  1.64e-01  1.40e-01  1.07e-01  9.70e-02  3.90e-02  4.24e+03  8.83e+00 -1.00e+05
2015 07 30  0430   57233  16200   3.06e-01  1.06e-01  8.28e-02  4.90e-02  3.93e-02  2.04e-02  3.67e+03  7.35e+00 -1.00e+05
2015 07 30  0435   57233  16500   3.53e-01  1.38e-01  1.15e-01  7.97e-02  4.62e-02  2.04e-02  3.35e+03  6.07e+00 -1.00e+05
2015 07 30  0440   57233  16800   3.39e-01  1.39e-01  1.16e-01  4.90e-02  3.93e-02  2.04e-02  2.90e+03  7.64e+00 -1.00e+05
2015 07 30  0445   57233  17100   3.28e-01  1.22e-01  9.89e-02  6.04e-02  5.07e-02  3.19e-02  2.71e+03  3.76e+00 -1.00e+05
2015 07 30  0450   57233  17400   4.19e-01  1.81e-01  1.58e-01  1.24e-01  9.76e-02  4.54e-02  3.45e+03  4.67e+00 -1.00e+05
2015 07 30  0455   57233  17700   3.80e-01  1.98e-01  1.75e-01  5.79e-02  4.83e-02  2.94e-02  3.17e+03  7.16e+00 -1.00e+05
2015 07 30  0500   57233  18000   4.86e-01  1.84e-01  9.36e-02  4.90e-02  3.93e-02  2.04e-02  3.67e+03  1.26e+01 -1.00e+05
2015 07 30  0505   57233  18300   6.15e-01  1.06e-01  8.28e-02  4.90e-02  3.93e-02  2.04e-02  4.89e+03  1.95e+01 -1.00e+05
2015 07 30  0510   57233  18600   4.54e-01  1.37e-01  1.14e-01  8.01e-02  6.18e-02  2.69e-02  5.87e+03  2.89e+01 -1.00e+05
2015 07 30  0515   57233  18900   4.62e-01  1.60e-01  1.37e-01  1.02e-01  6.77e-02  4.18e-02  6.87e+03  3.49e+01 -1.00e+05
2015 07 30  0520   57233  19200   4.59e-01  1.06e-01  8.28e-02  4.90e-02  3.93e-02  2.04e-02  7.63e+03  4.36e+01 -1.00e+05
2015 07 30  0525   57233  19500   6.56e-01  1.44e-01  1.21e-01  8.63e-02  4.77e-02  2.04e-02  8.13e+03  5.19e+01 -1.00e+05
2015 07 30  0530   57233  19800   1.03e+00  4.18e-01  2.37e-01  1.11e-01  7.16e-02  4.08e-02  8.09e+03  5.31e+01 -1.00e+05
2015 07 30  0535   57233  20100   1.00e+00  2.55e-01  9.86e-02  6.29e-02  5.32e-02  3.44e-02  8.13e+03  5.50e+01 -1.00e+05
2015 07 30  0540   57233  20400   6.75e-01  1.91e-01  1.68e-01  4.90e-02  3.93e-02  2.04e-02  8.19e+03  5.43e+01 -1.00e+05
2015 07 30  0545   57233  20700   4.90e-01  1.20e-01  9.74e-02  6.36e-02  5.34e-02  3.44e-02  8.72e+03  5.81e+01 -1.00e+05
2015 07 30  0550   57233  21000   1.07e+00  3.66e-01  2.27e-01  1.88e-01  1.13e-01  3.99e-02  8.97e+03  5.95e+01 -1.00e+05
2015 07 30  0555   57233  21300   9.05e-01  1.58e-01  9.08e-02  4.90e-02  3.93e-02  2.04e-02  8.75e+03  5.54e+01 -1.00e+05
2015 07 30  0600   57233  21600   5.34e-01  1.72e-01  1.49e-01  8.27e-02  7.30e-02  5.42e-02  7.99e+03  4.91e+01 -1.00e+05
2015 07 30  0605   57233  21900   5.20e-01  1.86e-01  1.62e-01  6.90e-02  5.93e-02  2.69e-02  7.15e+03  4.77e+01 -1.00e+05
2015 07 30  0610   57233  22200   1.37e+00  3.01e-01  1.03e-01  6.66e-02  4.33e-02  2.04e-02  7.49e+03  4.79e+01 -1.00e+05
2015 07 30  0615   57233  22500   7.48e-01  1.69e-01  1.45e-01  6.78e-02  5.82e-02  3.93e-02  7.89e+03  5.52e+01 -1.00e+05
2015 07 30  0620   57233  22800   1.25e+00  4.23e-01  2.47e-01  8.08e-02  4.77e-02  2.20e-02  7.72e+03  5.80e+01 -1.00e+05
2015 07 30  0625   57233  23100   5.64e-01  1.47e-01  1.24e-01  8.97e-02  7.14e-02  2.17e-02  7.98e+03  5.49e+01 -1.00e+05
2015 07 30  0630   57233  23400   5.31e-01  2.08e-01  1.85e-01  6.83e-02  5.25e-02  3.19e-02  8.22e+03  6.13e+01 -1.00e+05
2015 07 30  0635   57233  23700   6.23e-01  1.39e-01  1.16e-01  8.14e-02  5.55e-02  3.19e-02  8.34e+03  6.26e+01 -1.00e+05
2015 07 30  0640   57233  24000   1.00e+00  2.12e-01  1.45e-01  4.90e-02  3.93e-02  2.04e-02  8.41e+03  6.18e+01 -1.00e+05
2015 07 30  0645   57233  24300   4.54e-01  1.06e-01  8.28e-02  4.90e-02  3.93e-02  2.04e-02  8.33e+03  7.06e+01 -1.00e+05
2015 07 30  0650   57233  24600   1.21e+00  3.10e-01  1.92e-01  5.55e-02  4.58e-02  2.69e-02  8.19e+03  7.15e+01 -1.00e+05
2015 07 30  0655   57233  24900   5.79e-01  1.24e-01  1.01e-01  6.66e-02  4.33e-02  2.04e-02  8.77e+03  8.09e+01 -1.00e+05
2015 07 30  0700   57233  25200   7.45e-01  1.57e-01  1.34e-01  9.10e-02  4.47e-02  2.04e-02  9.10e+03  8.05e+01 -1.00e+05
2015 07 30  0705   57233  25500   8.19e-01  1.75e-01  8.96e-02  5.35e-02  4.03e-02  2.04e-02  8.85e+03  8.17e+01 -1.00e+05
2015 07 30  0710   57233  25800   6.39e-01  1.64e-01  1.41e-01  1.06e-01  8.80e-02  6.65e-02  8.82e+03  7.69e+01 -1.00e+05
2015 07 30  0715   57233  26100   7.06e-01  1.64e-01  1.41e-01  1.06e-01  6.78e-02  2.69e-02  9.04e+03  8.78e+01 -1.00e+05
2015 07 30  0720   57233  26400   8.13e-01  2.23e-01  2.00e-01  9.01e-02  8.05e-02  6.16e-02  9.41e+03  9.27e+01 -1.00e+05
2015 07 30  0725   57233  26700   7.48e-01  2.34e-01  2.11e-01  9.28e-02  5.61e-02  2.94e-02  9.97e+03  9.56e+01 -1.00e+05
2015 07 30  0730   57233  27000   5.52e-01  1.06e-01  8.28e-02  4.90e-02  3.93e-02  2.04e-02  1.00e+04  9.72e+01 -1.00e+05
2015 07 30  0735   57233  27300   5.13e-01  1.12e-01  8.92e-02  5.02e-02  4.05e-02  2.08e-02  1.04e+04  9.97e+01 -1.00e+05
2015 07 30  0740   57233  27600   8.00e-01  3.27e-01  1.82e-01  6.04e-02  5.07e-02  3.19e-02  1.03e+04  1.02e+02 -1.00e+05
2015 07 30  0745   57233  27900   6.04e-01  1.99e-01  1.76e-01  1.42e-01  1.32e-01  6.48e-02  1.04e+04  9.82e+01 -1.00e+05
2015 07 30  0750   57233  28200   5.06e-01  1.22e-01  9.92e-02  6.54e-02  5.57e-02  3.68e-02  1.03e+04  9.32e+01 -1.00e+05
2015 07 30  0755   57233  28500   1.25e+00  2.59e-01  9.34e-02  4.90e-02  3.93e-02  2.04e-02  1.04e+04  1.02e+02 -1.00e+05
2015 07 30  0800   57233  28800   5.59e-01  1.06e-01  8.28e-02  4.90e-02  3.93e-02  2.04e-02  1.03e+04  9.90e+01 -1.00e+05
2015 07 30  0805   57233  29100   1.76e+00  5.56e-01  2.21e-01  8.08e-02  4.48e-02  2.04e-02  1.11e+04  1.01e+02 -1.00e+05
2015 07 30  0810   57233  29400   9.96e-01  2.58e-01  1.45e-01  9.51e-02  8.54e-02  6.65e-02  1.09e+04  1.03e+02 -1.00e+05
2015 07 30  0815   57233  29700   1.09e+00  2.38e-01  1.23e-01  7.28e-02  6.31e-02  4.43e-02  1.11e+04  1.06e+02 -1.00e+05
2015 07 30  0820   57233  30000   7.93e-01  1.34e-01  1.11e-01  7.73e-02  6.41e-02  4.43e-02  1.16e+04  1.11e+02 -1.00e+05
2015 07 30  0825   57233  30300   9.65e-01  1.96e-01  8.49e-02  4.90e-02  3.93e-02  2.04e-02  1.14e+04  1.22e+02 -1.00e+05
2015 07 30  0830   57233  30600   6.77e-01  1.36e-01  1.13e-01  7.91e-02  6.65e-02  4.67e-02  1.24e+04  1.18e+02 -1.00e+05
2015 07 30  0835   57233  30900   8.63e-01  1.98e-01  1.33e-01  9.10e-02  7.49e-02  5.42e-02  1.24e+04  1.22e+02 -1.00e+05
2015 07 30  0840   57233  31200   1.15e+00  2.49e-01  1.35e-01  8.52e-02  7.55e-02  5.66e-02  1.24e+04  1.22e+02 -1.00e+05
2015 07 30  0845   57233  31500   7.03e-01  1.72e-01  1.49e-01  1.14e-01  6.33e-02  2.49e-02  1.29e+04  1.33e+02 -1.00e+05
2015 07 30  0850   57233  31800   6.41e-01  1.12e-01  8.93e-02  5.55e-02  4.58e-02  2.69e-02  1.36e+04  1.33e+02 -1.00e+05
2015 07 30  0855   57233  32100   5.70e-01  1.06e-01  8.28e-02  4.90e-02  3.93e-02  2.04e-02  1.37e+04  1.47e+02 -1.00e+05
2015 07 30  0900   57233  32400   7.27e-01  1.26e-01  1.03e-01  6.90e-02  5.93e-02  2.69e-02  1.44e+04  1.55e+02 -1.00e+05
2015 07 30  0905   57233  32700   1.26e+00  2.55e-01  1.21e-01  8.38e-02  4.48e-02  2.04e-02  1.49e+04  1.60e+02 -1.00e+05
2015 07 30  0910   57233  33000   1.89e+00  5.49e-01  2.66e-01  9.05e-02  8.08e-02  4.32e-02  1.46e+04  1.64e+02 -1.00e+05
2015 07 30  0915   57233  33300   1.69e+00  2.41e-01  8.47e-02  4.90e-02  3.93e-02  2.04e-02  1.51e+04  1.65e+02 -1.00e+05
2015 07 30  0920   57233  33600   8.80e-01  1.70e-01  1.47e-01  1.13e-01  1.03e-01  4.10e-02  1.52e+04  1.68e+02 -1.00e+05
2015 07 30  0925   57233  33900   7.53e-01  1.26e-01  1.03e-01  6.90e-02  5.93e-02  2.69e-02  1.52e+04  1.79e+02 -1.00e+05
2015 07 30  0930   57233  34200   9.21e-01  1.06e-01  8.28e-02  4.90e-02  3.93e-02  2.04e-02  1.57e+04  1.79e+02 -1.00e+05
2015 07 30  0935   57233  34500   8.08e-01  1.06e-01  8.28e-02  4.90e-02  3.93e-02  2.04e-02  1.59e+04  1.86e+02 -1.00e+05
2015 07 30  0940   57233  34800   9.15e-01  1.26e-01  1.03e-01  6.90e-02  5.93e-02  2.69e-02  1.62e+04  1.94e+02 -1.00e+05
2015 07 30  0945   57233  35100   1.60e+00  2.14e-01  1.03e-01  6.66e-02  4.33e-02  2.04e-02  1.63e+04  1.96e+02 -1.00e+05
2015 07 30  0950   57233  35400   1.80e+00  2.81e-01  1.03e-01  6.78e-02  5.82e-02  3.93e-02  1.67e+04  2.10e+02 -1.00e+05
2015 07 30  0955   57233  35700   8.88e-01  1.30e-01  1.07e-01  7.30e-02  6.12e-02  3.17e-02  1.77e+04  2.20e+02 -1.00e+05
2015 07 30  1000   57233  36000   1.19e+00  1.06e-01  8.28e-02  4.90e-02  3.93e-02  2.04e-02  1.78e+04  2.28e+02 -1.00e+05
2015 07 30  1005   57233  36300   2.36e+00  3.43e-01  1.88e-01  4.90e-02  3.93e-02  2.04e-02  1.78e+04  2.38e+02 -1.00e+05
2015 07 30  1010   57233  36600   1.36e+00  2.02e-01  1.79e-01  6.01e-02  4.18e-02  2.04e-02  1.88e+04  2.52e+02 -1.00e+05
2015 07 30  1015   57233  36900   1.28e+00  1.07e-01  8.43e-02  5.05e-02  4.08e-02  2.20e-02  1.91e+04  2.66e+02 -1.00e+05
2015 07 30  1020   57233  37200   1.96e+00  1.93e-01  1.25e-01  5.05e-02  4.08e-02  2.20e-02  1.91e+04  2.72e+02 -1.00e+05
2015 07 30  1025   57233  37500   1.73e+00  1.13e-01  8.99e-02  4.90e-02  3.93e-02  2.04e-02  1.98e+04  2.79e+02 -1.00e+05
2015 07 30  1030   57233  37800   1.58e+00  1.12e-01  8.93e-02  5.55e-02  4.58e-02  2.69e-02  2.03e+04  3.09e+02 -1.00e+05
2015 07 30  1035   57233  38100   2.34e+00  2.79e-01  2.12e-01  6.95e-02  4.70e-02  2.44e-02  2.02e+04  3.03e+02 -1.00e+05
2015 07 30  1040   57233  38400   3.12e+00  3.97e-01  2.56e-01  1.18e-01  9.47e-02  3.69e-02  2.16e+04  3.08e+02 -1.00e+05
2015 07 30  1045   57233  38700   1.76e+00  1.91e-01  1.68e-01  4.90e-02  3.93e-02  2.04e-02  1.88e+04  2.92e+02 -1.00e+05
2015 07 30  1050   57233  39000   2.31e+00  2.41e-01  1.31e-01  8.07e-02  5.23e-02  2.28e-02  1.88e+04  3.02e+02 -1.00e+05
2015 07 30  1055   57233  39300   1.87e+00  1.94e-01  1.71e-01  5.30e-02  4.33e-02  2.44e-02  1.98e+04  2.99e+02 -1.00e+05
2015 07 30  1100   57233  39600   3.67e+00  5.02e-01  3.16e-01  1.33e-01  7.95e-02  2.89e-02  1.90e+04  3.04e+02 -1.00e+05
2015 07 30  1105   57233  39900   2.08e+00  1.40e-01  1.17e-01  8.27e-02  7.30e-02  5.42e-02  2.23e+04  3.51e+02 -1.00e+05
2015 07 30  1110   57233  40200   2.13e+00  1.06e-01  8.28e-02  4.90e-02  3.93e-02  2.04e-02  2.25e+04  3.31e+02 -1.00e+05
2015 07 30  1115   57233  40500   1.72e+00  1.06e-01  8.28e-02  4.90e-02  3.93e-02  2.04e-02  2.20e+04  3.55e+02 -1.00e+05
2015 07 30  1120   57233  40800   1.70e+00  1.67e-01  1.44e-01  1.09e-01  7.70e-02  5.17e-02  2.29e+04  3.47e+02 -1.00e+05
2015 07 30  1125   57233  41100   2.56e+00  1.64e-01  9.72e-02  5.55e-02  4.58e-02  2.69e-02  2.33e+04  3.60e+02 -1.00e+05
2015 07 30  1130   57233  41400   1.96e+00  1.06e-01  8.28e-02  4.90e-02  3.93e-02  2.04e-02  2.32e+04  3.68e+02 -1.00e+05
2015 07 30  1135   57233  41700   3.35e+00  1.84e-01  9.36e-02  4.90e-02  3.93e-02  2.04e-02  2.33e+04  3.86e+02 -1.00e+05
2015 07 30  1140   57233  42000   2.16e+00  1.52e-01  1.29e-01  9.53e-02  8.57e-02  3.97e-02  2.33e+04  3.83e+02 -1.00e+05
2015 07 30  1145   57233  42300   2.14e+00  1.55e-01  1.32e-01  9.77e-02  8.80e-02  4.89e-02  2.33e+04  3.93e+02 -1.00e+05
2015 07 30  1150   57233  42600   2.10e+00  1.62e-01  1.39e-01  1.05e-01  9.17e-02  3.69e-02  2.43e+04  4.02e+02 -1.00e+05
2015 07 30  1155   57233  42900   2.66e+00  1.61e-01  1.35e-01  1.00e-01  9.07e-02  3.69e-02  2.47e+04  4.22e+02 -1.00e+05
2015 07 30  1200   57233  43200   2.45e+00  1.30e-01  1.07e-01  7.28e-02  6.31e-02  4.43e-02  2.59e+04  4.37e+02 -1.00e+05
2015 07 30  1205   57233  43500   2.70e+00  1.38e-01  1.15e-01  8.02e-02  7.06e-02  5.17e-02  2.60e+04  4.45e+02 -1.00e+05
2015 07 30  1210   57233  43800   3.01e+00  5.62e-01  5.39e-01  2.97e-01  2.00e-01  8.59e-02  2.54e+04  4.45e+02 -1.00e+05
2015 07 30  1215   57233  44100   4.87e+00  2.30e-01  1.50e-01  1.05e-01  8.69e-02  3.49e-02  2.72e+04  4.83e+02 -1.00e+05
2015 07 30  1220   57233  44400   3.23e+00  1.38e-01  1.15e-01  7.97e-02  4.62e-02  2.04e-02  2.72e+04  4.95e+02 -1.00e+05
2015 07 30  1225   57233  44700   3.09e+00  1.57e-01  1.34e-01  1.00e-01  9.04e-02  7.15e-02  2.64e+04  4.87e+02 -1.00e+05
2015 07 30  1230   57233  45000   3.31e+00  1.57e-01  1.34e-01  1.00e-01  9.04e-02  7.15e-02  2.73e+04  4.94e+02 -1.00e+05
2015 07 30  1235   57233  45300   6.68e+00  2.55e-01  1.21e-01  8.50e-02  6.01e-02  3.68e-02  2.74e+04  5.03e+02 -1.00e+05
2015 07 30  1240   57233  45600   3.37e+00  1.52e-01  1.29e-01  9.49e-02  8.52e-02  3.79e-02  2.86e+04  5.11e+02 -1.00e+05
2015 07 30  1245   57233  45900   7.73e+00  2.41e-01  8.47e-02  4.90e-02  3.93e-02  2.04e-02  2.86e+04  5.08e+02 -1.00e+05
2015 07 30  1250   57233  46200   4.37e+00  1.60e-01  1.37e-01  1.03e-01  9.36e-02  7.09e-02  2.92e+04  5.27e+02 -1.00e+05
2015 07 30  1255   57233  46500   4.35e+00  1.32e-01  1.09e-01  7.53e-02  6.56e-02  2.89e-02  2.99e+04  5.32e+02 -1.00e+05
2015 07 30  1300   57233  46800   4.37e+00  1.33e-01  1.10e-01  7.65e-02  6.68e-02  3.37e-02  3.00e+04  5.33e+02 -1.00e+05
2015 07 30  1305   57233  47100   4.01e+00  1.06e-01  8.28e-02  4.90e-02  3.93e-02  2.04e-02  2.93e+04  5.31e+02 -1.00e+05
2015 07 30  1310   57233  47400   7.89e+00  2.33e-01  9.87e-02  6.29e-02  5.32e-02  3.44e-02  2.88e+04  4.96e+02 -1.00e+05
2015 07 30  1315   57233  47700   5.76e+00  1.62e-01  9.48e-02  5.30e-02  4.33e-02  2.44e-02  2.82e+04  4.99e+02 -1.00e+05
2015 07 30  1320   57233  48000   4.35e+00  1.57e-01  1.34e-01  1.00e-01  9.04e-02  7.15e-02  2.88e+04  5.18e+02 -1.00e+05
2015 07 30  1325   57233  48300   5.17e+00  1.07e-01  8.43e-02  5.05e-02  4.08e-02  2.20e-02  2.74e+04  5.04e+02 -1.00e+05
2015 07 30  1330   57233  48600   9.60e+00  3.01e-01  1.48e-01  1.10e-01  6.28e-02  2.97e-02  2.96e+04  5.25e+02 -1.00e+05
2015 07 30  1335   57233  48900   4.88e+00  1.64e-01  1.41e-01  1.01e-01  5.99e-02  3.19e-02  2.85e+04  5.32e+02 -1.00e+05
2015 07 30  1340   57233  49200   5.35e+00  1.13e-01  9.03e-02  5.65e-02  4.68e-02  2.28e-02  2.92e+04  5.41e+02 -1.00e+05
2015 07 30  1345   57233  49500   1.19e+01  3.09e-01  1.53e-01  1.17e-01  1.04e-01  4.10e-02  3.00e+04  5.85e+02 -1.00e+05
2015 07 30  1350   57233  49800   1.01e+01  1.72e-01  8.65e-02  5.05e-02  4.08e-02  2.20e-02  3.11e+04  5.98e+02 -1.00e+05
2015 07 30  1355   57233  50100   7.19e+00  1.50e-01  1.27e-01  6.04e-02  5.07e-02  3.19e-02  3.19e+04  6.18e+02 -1.00e+05
2015 07 30  1400   57233  50400   1.12e+01  2.17e-01  1.51e-01  6.54e-02  5.57e-02  3.68e-02  3.28e+04  6.49e+02 -1.00e+05
2015 07 30  1405   57233  50700   8.43e+00  1.91e-01  1.68e-01  4.90e-02  3.93e-02  2.04e-02  3.38e+04  6.64e+02 -1.00e+05
2015 07 30  1410   57233  51000   9.76e+00  1.34e-01  1.11e-01  7.74e-02  6.77e-02  2.17e-02  3.64e+04  7.16e+02 -1.00e+05
2015 07 30  1415   57233  51300   1.03e+01  1.18e-01  9.46e-02  5.35e-02  4.03e-02  2.04e-02  3.57e+04  7.18e+02 -1.00e+05
2015 07 30  1420   57233  51600   1.26e+01  1.07e-01  8.43e-02  5.05e-02  4.08e-02  2.20e-02  3.80e+04  8.18e+02 -1.00e+05
2015 07 30  1425   57233  51900   1.22e+01  1.11e-01  8.75e-02  5.35e-02  4.03e-02  2.04e-02  3.83e+04  8.25e+02 -1.00e+05
2015 07 30  1430   57233  52200   2.17e+01  2.86e-01  1.31e-01  9.51e-02  8.54e-02  6.65e-02  3.61e+04  7.83e+02 -1.00e+05
2015 07 30  1435   57233  52500   1.01e+01  1.48e-01  1.25e-01  9.15e-02  8.19e-02  6.30e-02  3.51e+04  7.29e+02 -1.00e+05
2015 07 30  1440   57233  52800   1.35e+01  1.06e-01  8.28e-02  4.90e-02  3.93e-02  2.04e-02  3.85e+04  8.25e+02 -1.00e+05
2015 07 30  1445   57233  53100   8.68e+00  1.69e-01  1.46e-01  4.90e-02  3.93e-02  2.04e-02  3.51e+04  6.99e+02 -1.00e+05
2015 07 30  1450   57233  53400   1.99e+01  2.23e-01  8.88e-02  5.30e-02  4.33e-02  2.44e-02  3.67e+04  6.99e+02 -1.00e+05
2015 07 30  1455   57233  53700   8.91e+00  1.22e-01  9.92e-02  6.54e-02  5.57e-02  3.68e-02  3.59e+04  6.59e+02 -1.00e+05
2015 07 30  1500   57233  54000   1.68e+01  5.32e-01  2.99e-01  8.63e-02  4.77e-02  2.04e-02  3.53e+04  6.59e+02 -1.00e+05
2015 07 30  1505   57233  54300   1.39e+01  2.52e-01  1.97e-01  1.56e-01  1.23e-01  4.50e-02  3.61e+04  7.15e+02 -1.00e+05
2015 07 30  1510   57233  54600   1.13e+01  1.06e-01  8.28e-02  4.90e-02  3.93e-02  2.04e-02  3.58e+04  6.81e+02 -1.00e+05
2015 07 30  1515   57233  54900   9.52e+00  1.13e-01  8.99e-02  4.90e-02  3.93e-02  2.04e-02  3.54e+04  6.24e+02 -1.00e+05
2015 07 30  1520   57233  55200   9.39e+00  1.25e-01  1.02e-01  6.86e-02  5.89e-02  4.00e-02  3.41e+04  6.09e+02 -1.00e+05
2015 07 30  1525   57233  55500   9.33e+00  1.52e-01  1.29e-01  9.51e-02  8.54e-02  6.65e-02  3.40e+04  6.13e+02 -1.00e+05
2015 07 30  1530   57233  55800   8.57e+00  1.17e-01  9.42e-02  6.04e-02  5.07e-02  3.19e-02  3.42e+04  5.96e+02 -1.00e+05
2015 07 30  1535   57233  56100   1.94e+01  1.70e-01  8.49e-02  4.90e-02  3.93e-02  2.04e-02  3.60e+04  6.59e+02 -1.00e+05
2015 07 30  1540   57233  56400   1.02e+01  1.39e-01  1.16e-01  4.90e-02  3.93e-02  2.04e-02  3.49e+04  5.92e+02 -1.00e+05
2015 07 30  1545   57233  56700   1.24e+01  1.15e-01  9.18e-02  5.79e-02  4.83e-02  2.94e-02  3.34e+04  6.08e+02 -1.00e+05
2015 07 30  1550   57233  57000   1.22e+01  1.35e-01  1.12e-01  7.79e-02  6.83e-02  3.92e-02  3.39e+04  6.09e+02 -1.00e+05
2015 07 30  1555   57233  57300   1.92e+01  3.52e-01  1.95e-01  4.90e-02  3.93e-02  2.04e-02  3.35e+04  5.64e+02 -1.00e+05
2015 07 30  1600   57233  57600   9.94e+00  1.20e-01  9.73e-02  6.35e-02  5.38e-02  2.78e-02  3.00e+04  4.84e+02 -1.00e+05
2015 07 30  1605   57233  57900   1.55e+01  1.96e-01  8.49e-02  4.90e-02  3.93e-02  2.04e-02  2.82e+04  4.38e+02 -1.00e+05
2015 07 30  1610   57233  58200   8.93e+00  1.76e-01  1.45e-01  1.10e-01  1.00e-01  5.11e-02  2.73e+04  4.00e+02 -1.00e+05
2015 07 30  1615   57233  58500   1.31e+01  2.41e-01  1.08e-01  7.23e-02  6.26e-02  4.37e-02  2.64e+04  3.58e+02 -1.00e+05
2015 07 30  1620   57233  58800   9.99e+00  1.91e-01  1.68e-01  4.90e-02  3.93e-02  2.04e-02  2.80e+04  3.58e+02 -1.00e+05
2015 07 30  1625   57233  59100   8.38e+00  1.06e-01  8.28e-02  4.90e-02  3.93e-02  2.04e-02  2.74e+04  3.58e+02 -1.00e+05
2015 07 30  1630   57233  59400   1.07e+01  3.64e-01  2.96e-01  8.08e-02  4.48e-02  2.04e-02  2.68e+04  3.24e+02 -1.00e+05
2015 07 30  1635   57233  59700   1.20e+01  2.30e-01  1.19e-01  8.26e-02  5.00e-02  2.44e-02  2.40e+04  2.89e+02 -1.00e+05
2015 07 30  1640   57233  60000   7.10e+00  1.90e-01  1.67e-01  5.02e-02  4.05e-02  2.08e-02  2.33e+04  2.74e+02 -1.00e+05
2015 07 30  1645   57233  60300   1.08e+01  1.96e-01  8.49e-02  4.90e-02  3.93e-02  2.04e-02  2.36e+04  2.58e+02 -1.00e+05
2015 07 30  1650   57233  60600   7.31e+00  1.58e-01  1.35e-01  9.98e-02  6.63e-02  2.69e-02  2.44e+04  2.53e+02 -1.00e+05
2015 07 30  1655   57233  60900   7.32e+00  1.06e-01  8.28e-02  4.90e-02  3.93e-02  2.04e-02  2.38e+04  2.44e+02 -1.00e+05
2015 07 30  1700   57233  61200   8.76e+00  2.21e-01  1.98e-01  8.77e-02  7.80e-02  5.91e-02  2.19e+04  2.01e+02 -1.00e+05
2015 07 30  1705   57233  61500   7.76e+00  1.46e-01  1.23e-01  8.92e-02  7.26e-02  5.17e-02  2.07e+04  1.94e+02 -1.00e+05
2015 07 30  1710   57233  61800   1.04e+01  1.80e-01  1.14e-01  7.03e-02  6.06e-02  4.18e-02  2.04e+04  1.76e+02 -1.00e+05
2015 07 30  1715   57233  62100   1.07e+01  1.57e-01  1.34e-01  1.00e-01  9.07e-02  3.69e-02  2.26e+04  1.85e+02 -1.00e+05
2015 07 30  1720   57233  62400   1.15e+01  1.19e-01  9.55e-02  6.13e-02  4.30e-02  2.08e-02  2.34e+04  2.05e+02 -1.00e+05
2015 07 30  1725   57233  62700   1.31e+01  1.06e-01  8.28e-02  4.90e-02  3.93e-02  2.04e-02  2.76e+04  2.25e+02 -1.00e+05
2015 07 30  1730   57233  63000   1.25e+01  1.58e-01  1.35e-01  1.01e-01  9.18e-02  6.35e-02  2.74e+04  2.38e+02 -1.00e+05
2015 07 30  1735   57233  63300   2.39e+01  3.73e-01  1.61e-01  1.25e-01  1.16e-01  4.50e-02  2.80e+04  2.39e+02 -1.00e+05
2015 07 30  1740   57233  63600   1.08e+01  1.66e-01  1.42e-01  1.09e-01  9.90e-02  6.92e-02  2.82e+04  2.27e+02 -1.00e+05
2015 07 30  1745   57233  63900   1.96e+01  2.38e-01  1.23e-01  7.03e-02  6.06e-02  4.18e-02  3.16e+04  3.05e+02 -1.00e+05
2015 07 30  1750   57233  64200   1.03e+01  1.31e-01  1.08e-01  6.66e-02  4.33e-02  2.04e-02  3.20e+04  3.16e+02 -1.00e+05
2015 07 30  1755   57233  64500   1.71e+01  2.04e-01  9.38e-02  5.79e-02  4.83e-02  2.94e-02  3.17e+04  3.09e+02 -1.00e+05
2015 07 30  1800   57233  64800   9.23e+00  1.47e-01  1.24e-01  8.35e-02  4.64e-02  2.08e-02  3.13e+04  3.14e+02 -1.00e+05
2015 07 30  1805   57233  65100   8.57e+00  2.93e-01  2.70e-01  8.08e-02  4.48e-02  2.04e-02  3.14e+04  3.21e+02 -1.00e+05
2015 07 30  1810   57233  65400   1.22e+01  2.03e-01  1.36e-01  9.28e-02  4.92e-02  2.04e-02  3.10e+04  3.27e+02 -1.00e+05
2015 07 30  1815   57233  65700   7.57e+00  1.26e-01  1.03e-01  6.90e-02  5.93e-02  2.69e-02  3.01e+04  3.16e+02 -1.00e+05
2015 07 30  1820   57233  66000   8.90e+00  1.92e-01  1.69e-01  5.05e-02  4.08e-02  2.20e-02  3.06e+04  3.41e+02 -1.00e+05
2015 07 30  1825   57233  66300   7.35e+00  1.43e-01  1.20e-01  8.56e-02  6.79e-02  4.67e-02  2.88e+04  2.92e+02 -1.00e+05
2015 07 30  1830   57233  66600   8.68e+00  1.06e-01  8.28e-02  4.90e-02  3.93e-02  2.04e-02  2.85e+04  2.94e+02 -1.00e+05
2015 07 30  1835   57233  66900   8.10e+00  2.04e-01  1.81e-01  6.54e-02  5.57e-02  3.68e-02  2.82e+04  2.79e+02 -1.00e+05
2015 07 30  1840   57233  67200   7.97e+00  1.49e-01  1.26e-01  9.23e-02  8.27e-02  5.05e-02  2.80e+04  2.76e+02 -1.00e+05
2015 07 30  1845   57233  67500   7.06e+00  1.06e-01  8.28e-02  4.90e-02  3.93e-02  2.04e-02  2.71e+04  2.53e+02 -1.00e+05
2015 07 30  1850   57233  67800   6.56e+00  1.17e-01  9.39e-02  6.00e-02  4.87e-02  2.94e-02  2.73e+04  2.58e+02 -1.00e+05
2015 07 30  1855   57233  68100   1.37e+01  2.22e-01  1.30e-01  9.41e-02  8.44e-02  3.49e-02  2.78e+04  2.70e+02 -1.00e+05
2015 07 30  1900   57233  68400   1.06e+01  2.09e-01  1.24e-01  8.65e-02  4.48e-02  2.04e-02  2.66e+04  2.32e+02 -1.00e+05
2015 07 30  1905   57233  68700   7.13e+00  1.70e-01  1.47e-01  1.13e-01  1.03e-01  4.10e-02  2.69e+04  2.28e+02 -1.00e+05
2015 07 30  1910   57233  69000   5.47e+00  1.11e-01  8.75e-02  5.35e-02  4.03e-02  2.04e-02  2.49e+04  1.89e+02 -1.00e+05
2015 07 30  1915   57233  69300   5.52e+00  1.26e-01  1.03e-01  6.90e-02  5.93e-02  2.69e-02  2.32e+04  1.51e+02 -1.00e+05
2015 07 30  1920   57233  69600   5.49e+00  1.63e-01  9.55e-02  5.35e-02  4.03e-02  2.04e-02  1.99e+04  1.10e+02 -1.00e+05
2015 07 30  1925   57233  69900   3.48e+00  1.96e-01  1.73e-01  1.38e-01  9.43e-02  3.49e-02  1.74e+04  7.13e+01 -1.00e+05
2015 07 30  1930   57233  70200   3.09e+00  2.33e-01  2.10e-01  1.26e-01  1.09e-01  7.67e-02  1.48e+04  4.07e+01 -1.00e+05
2015 07 30  1935   57233  70500   3.73e+00  1.78e-01  1.55e-01  6.73e-02  5.41e-02  2.49e-02  1.47e+04  4.95e+01 -1.00e+05
2015 07 30  1940   57233  70800   3.08e+00  1.22e-01  9.92e-02  6.54e-02  5.57e-02  3.68e-02  1.38e+04  4.20e+01 -1.00e+05
2015 07 30  1945   57233  71100   4.34e+00  2.20e-01  1.45e-01  1.00e-01  9.07e-02  3.69e-02  1.29e+04  3.64e+01 -1.00e+05
2015 07 30  1950   57233  71400   4.18e+00  1.71e-01  1.33e-01  9.63e-02  8.66e-02  4.34e-02  1.28e+04  3.34e+01 -1.00e+05
2015 07 30  1955   57233  71700   2.98e+00  1.42e-01  1.19e-01  8.52e-02  7.55e-02  5.66e-02  1.27e+04  3.76e+01 -1.00e+05
2015 07 30  2000   57233  72000   3.26e+00  2.00e-01  1.33e-01  8.89e-02  4.48e-02  2.04e-02  9.58e+03  2.29e+01 -1.00e+05
2015 07 30  2005   57233  72300   3.46e+00  1.58e-01  9.08e-02  4.90e-02  3.93e-02  2.04e-02  7.91e+03  1.38e+01 -1.00e+05
2015 07 30  2010   57233  72600   5.46e+00  2.34e-01  1.23e-01  8.63e-02  4.77e-02  2.04e-02  8.55e+03  1.84e+01 -1.00e+05
2015 07 30  2015   57233  72900   4.01e+00  1.18e-01  9.50e-02  5.55e-02  4.58e-02  2.69e-02  9.74e+03  3.01e+01 -1.00e+05
2015 07 30  2020   57233  73200   6.00e+00  1.79e-01  1.13e-01  6.78e-02  5.82e-02  3.93e-02  9.47e+03  2.59e+01 -1.00e+05
2015 07 30  2025   57233  73500   7.13e+00  1.70e-01  8.49e-02  4.90e-02  3.93e-02  2.04e-02  9.11e+03  2.51e+01 -1.00e+05
2015 07 30  2030   57233  73800   4.15e+00  1.06e-01  8.28e-02  4.90e-02  3.93e-02  2.04e-02  9.38e+03  2.92e+01 -1.00e+05
2015 07 30  2035   57233  74100   4.35e+00  1.80e-01  1.57e-01  1.23e-01  1.14e-01  4.76e-02  8.41e+03  2.73e+01 -1.00e+05
2015 07 30  2040   57233  74400   4.15e+00  1.06e-01  8.28e-02  4.90e-02  3.93e-02  2.04e-02  8.02e+03  2.83e+01 -1.00e+05
2015 07 30  2045   57233  74700   6.21e+00  3.07e-01  1.50e-01  1.14e-01  1.04e-01  4.58e-02  7.57e+03  1.85e+01 -1.00e+05
2015 07 30  2050   57233  75000   3.19e+00  1.89e-01  1.66e-01  1.31e-01  9.16e-02  6.41e-02  6.91e+03  1.93e+01 -1.00e+05
2015 07 30  2055   57233  75300   5.16e+00  2.19e-01  8.48e-02  4.90e-02  3.93e-02  2.04e-02  6.35e+03  1.35e+01 -1.00e+05
2015 07 30  2100   57233  75600   4.86e+00  3.04e-01  1.49e-01  1.13e-01  1.03e-01  4.10e-02  5.56e+03  1.04e+01 -1.00e+05
2015 07 30  2105   57233  75900   2.48e+00  1.39e-01  1.16e-01  4.90e-02  3.93e-02  2.04e-02  5.35e+03  1.29e+01 -1.00e+05
2015 07 30  2110   57233  76200   2.03e+00  1.11e-01  8.75e-02  5.35e-02  4.03e-02  2.04e-02  5.05e+03  8.09e+00 -1.00e+05
2015 07 30  2115   57233  76500   1.79e+00  1.37e-01  1.14e-01  8.02e-02  7.06e-02  5.17e-02  4.47e+03  8.44e+00 -1.00e+05
2015 07 30  2120   57233  76800   1.43e+00  1.06e-01  8.28e-02  4.90e-02  3.93e-02  2.04e-02  3.93e+03  5.34e+00 -1.00e+05
2015 07 30  2125   57233  77100   1.22e+00  1.40e-01  1.17e-01  8.27e-02  7.30e-02  5.42e-02  3.38e+03  2.53e+00 -1.00e+05
2015 07 30  2130   57233  77400   1.14e+00  1.11e-01  8.75e-02  5.35e-02  4.03e-02  2.04e-02  2.87e+03  3.23e+00 -1.00e+05
2015 07 30  2135   57233  77700   9.77e-01  1.13e-01  9.03e-02  5.65e-02  4.68e-02  2.28e-02  2.65e+03  4.30e+00 -1.00e+05
2015 07 30  2140   57233  78000   7.96e-01  1.13e-01  9.03e-02  5.65e-02  4.68e-02  2.28e-02  2.44e+03  1.36e+00 -1.00e+05
2015 07 30  2145   57233  78300   1.34e+00  3.07e-01  2.04e-01  1.01e-01  9.18e-02  6.35e-02  2.25e+03  1.60e+00 -1.00e+05
2015 07 30  2150   57233  78600   6.49e-01  1.06e-01  8.28e-02  4.90e-02  3.93e-02  2.04e-02  2.04e+03  2.28e+00 -1.00e+05
2015 07 30  2155   57233  78900   9.51e-01  1.70e-01  8.49e-02  4.90e-02  3.93e-02  2.04e-02  1.59e+03  1.80e+00 -1.00e+05
2015 07 30  2200   57233  79200   6.09e-01  1.12e-01  8.93e-02  5.55e-02  4.58e-02  2.69e-02  1.40e+03  1.11e+00 -1.00e+05
2015 07 30  2205   57233  79500   8.66e-01  2.66e-01  1.54e-01  1.04e-01  9.40e-02  3.57e-02  1.39e+03  1.33e-01 -1.00e+05
2015 07 30  2210   57233  79800   3.01e-01  1.07e-01  8.40e-02  5.02e-02  4.05e-02  2.08e-02  1.33e+03  1.58e+00 -1.00e+05
2015 07 30  2215   57233  80100   7.52e-01  2.37e-01  1.71e-01  1.29e-01  1.19e-01  5.90e-02  1.19e+03  1.33e-01 -1.00e+05
2015 07 30  2220   57233  80400   3.43e-01  1.55e-01  1.32e-01  5.64e-02  4.41e-02  2.44e-02  1.06e+03  1.33e-01 -1.00e+05
2015 07 30  2225   57233  80700   3.79e-01  1.35e-01  1.12e-01  7.79e-02  5.08e-02  2.69e-02  8.80e+02  1.33e-01 -1.00e+05
2015 07 30  2230   57233  81000   4.25e-01  1.20e-01  9.66e-02  6.27e-02  5.31e-02  2.49e-02  7.37e+02  1.33e-01 -1.00e+05
2015 07 30  2235   57233  81300   3.95e-01  1.64e-01  1.07e-01  6.73e-02  5.41e-02  2.49e-02  6.71e+02  1.33e-01 -1.00e+05
2015 07 30  2240   57233  81600   4.88e-01  2.06e-01  1.51e-01  1.12e-01  7.77e-02  2.20e-02  5.67e+02  1.33e-01 -1.00e+05
2015 07 30  2245   57233  81900   7.46e-01  2.29e-01  8.29e-02  4.88e-02  3.97e-02  2.07e-02  5.59e+02  9.25e-01 -1.00e+05
2015 07 30  2250   57233  82200   2.79e-01  1.06e-01  8.16e-02  4.88e-02  3.97e-02  2.07e-02  5.07e+02  3.68e-01 -1.00e+05
2015 07 30  2255   57233  82500   4.25e-01  1.25e-01  1.00e-01  4.88e-02  3.97e-02  2.07e-02  4.30e+02  1.33e-01 -1.00e+05
2015 07 30  2300   57233  82800   7.50e-01  1.83e-01  8.31e-02  4.88e-02  3.97e-02  2.07e-02  2.85e+02  1.33e-01 -1.00e+05
2015 07 30  2305   57233  83100   8.02e-01  2.02e-01  9.90e-02  5.59e-02  4.67e-02  2.30e-02  2.83e+02  7.82e-01 -1.00e+05
2015 07 30  2310   57233  83400   8.57e-01  1.36e-01  1.03e-01  6.84e-02  5.93e-02  2.70e-02  3.01e+02  1.33e-01 -1.00e+05
2015 07 30  2315   57233  83700   7.25e-01  2.02e-01  1.77e-01  1.44e-01  1.25e-01  4.71e-02  5.48e+02  1.33e-01 -1.00e+05
2015 07 30  2320   57233  84000   6.53e-01  1.06e-01  8.16e-02  4.88e-02  3.97e-02  2.07e-02  5.92e+02  8.41e-01 -1.00e+05
2015 07 30  2325   57233  84300   1.20e+00  2.47e-01  1.06e-01  4.88e-02  3.97e-02  2.07e-02  4.89e+02  1.33e-01 -1.00e+05
2015 07 30  2330   57233  84600   1.33e+00  2.91e-01  1.96e-01  7.95e-02  7.03e-02  5.13e-02  4.69e+02  1.33e-01 -1.00e+05
2015 07 30  2335   57233  84900   1.02e+00  2.67e-01  2.42e-01  1.57e-01  1.23e-01  4.51e-02  5.74e+02  1.33e-01 -1.00e+05
2015 07 30  2340   57233  85200   8.94e-01  1.25e-01  1.00e-01  4.88e-02  3.97e-02  2.07e-02  8.49e+02  1.32e+00 -1.00e+05
2015 07 30  2345   57233  85500   8.93e-01  1.43e-01  1.19e-01  7.20e-02  6.29e-02  4.39e-02  1.12e+03  1.33e-01 -1.00e+05
2015 07 30  2350   57233  85800   6.86e-01  1.33e-01  1.08e-01  7.49e-02  4.55e-02  2.07e-02  1.14e+03  5.88e-01 -1.00e+05
2015 07 30  2355   57233  86100   5.74e-01  1.15e-01  8.99e-02  5.72e-02  4.80e-02  2.90e-02  1.13e+03  1.40e-01 -1.00e+05
