:Data_list: 20150617_Gs_part_5m.txt
:Created: 2015 Jun 18 0011 UTC
# Prepared by the U.S. Dept. of Commerce, NOAA, Space Weather Prediction Center
# Please send comments and suggestions to SWPC.Webmaster@noaa.gov 
# 
# Label: P > 1 = Particles at >1 Mev
# Label: P > 5 = Particles at >5 Mev
# Label: P >10 = Particles at >10 Mev
# Label: P >30 = Particles at >30 Mev
# Label: P >50 = Particles at >50 Mev
# Label: P>100 = Particles at >100 Mev
# Label: E>0.8 = Electrons at >0.8 Mev
# Label: E>2.0 = Electrons at >2.0 Mev
# Label: E>4.0 = Electrons at >4.0 Mev
# Units: Particles = Protons/cm2-s-sr
# Units: Electrons = Electrons/cm2-s-sr
# Source: GOES-15
# Location: W135
# Missing data: -1.00e+05
#
#                      5-minute  GOES-15 Solar Particle and Electron Flux
#
#                 Modified Seconds
# UTC Date  Time   Julian  of the
# YR MO DA  HHMM    Day     Day     P > 1     P > 5     P >10     P >30     P >50     P>100     E>0.8     E>2.0     E>4.0
#-------------------------------------------------------------------------------------------------------------------------
2015 06 17  0000   57190      0   3.26e+00  1.36e-01  1.08e-01  6.59e-02  4.02e-02  1.75e-02  8.07e+04  4.29e+03 -1.00e+05
2015 06 17  0005   57190    300   3.23e+00  1.29e-01  1.02e-01  5.94e-02  3.87e-02  1.75e-02  8.13e+04  4.07e+03 -1.00e+05
2015 06 17  0010   57190    600   3.47e+00  1.37e-01  1.10e-01  6.79e-02  6.05e-02  1.75e-02  7.94e+04  4.11e+03 -1.00e+05
2015 06 17  0015   57190    900   3.18e+00  1.41e-01  1.13e-01  7.14e-02  6.40e-02  4.66e-02  7.94e+04  3.98e+03 -1.00e+05
2015 06 17  0020   57190   1200   3.41e+00  1.58e-01  1.30e-01  8.72e-02  5.24e-02  2.93e-02  7.87e+04  4.04e+03 -1.00e+05
2015 06 17  0025   57190   1500   3.81e+00  1.90e-01  1.59e-01  1.16e-01  8.51e-02  3.15e-02  8.14e+04  4.02e+03 -1.00e+05
2015 06 17  0030   57190   1800   3.46e+00  1.37e-01  1.09e-01  6.74e-02  5.63e-02  3.79e-02  7.93e+04  3.95e+03 -1.00e+05
2015 06 17  0035   57190   2100   4.44e+00  2.33e-01  1.88e-01  1.40e-01  7.37e-02  2.54e-02  7.82e+04  3.85e+03 -1.00e+05
2015 06 17  0040   57190   2400   4.01e+00  2.51e-01  2.23e-01  8.27e-02  5.50e-02  3.18e-02  7.93e+04  3.80e+03 -1.00e+05
2015 06 17  0045   57190   2700   3.15e+00  1.31e-01  1.03e-01  6.11e-02  5.37e-02  3.64e-02  7.70e+04  3.63e+03 -1.00e+05
2015 06 17  0050   57190   3000   3.40e+00  2.98e-01  2.70e-01  8.73e-02  7.99e-02  5.12e-02  7.53e+04  3.54e+03 -1.00e+05
2015 06 17  0055   57190   3300   3.33e+00  1.44e-01  1.16e-01  7.29e-02  4.06e-02  1.75e-02  7.83e+04  3.49e+03 -1.00e+05
2015 06 17  0100   57190   3600   5.30e+00  2.62e-01  1.22e-01  7.74e-02  6.92e-02  5.16e-02  7.62e+04  3.52e+03 -1.00e+05
2015 06 17  0105   57190   3900   2.89e+00  1.39e-01  1.11e-01  6.90e-02  4.43e-02  2.19e-02  7.70e+04  3.50e+03 -1.00e+05
2015 06 17  0110   57190   4200   2.87e+00  1.16e-01  8.81e-02  4.63e-02  3.58e-02  1.75e-02  7.89e+04  3.48e+03 -1.00e+05
2015 06 17  0115   57190   4500   2.59e+00  1.12e-01  8.41e-02  4.23e-02  3.49e-02  1.75e-02  7.37e+04  3.11e+03 -1.00e+05
2015 06 17  0120   57190   4800   2.61e+00  1.51e-01  1.23e-01  8.13e-02  7.39e-02  5.65e-02  7.25e+04  2.97e+03 -1.00e+05
2015 06 17  0125   57190   5100   2.30e+00  2.13e-01  1.85e-01  4.23e-02  3.49e-02  1.75e-02  7.38e+04  2.92e+03 -1.00e+05
2015 06 17  0130   57190   5400   2.44e+00  1.33e-01  1.05e-01  4.23e-02  3.49e-02  1.75e-02  7.12e+04  2.78e+03 -1.00e+05
2015 06 17  0135   57190   5700   2.63e+00  1.74e-01  1.46e-01  1.05e-01  9.71e-02  3.75e-02  6.96e+04  2.58e+03 -1.00e+05
2015 06 17  0140   57190   6000   2.37e+00  1.62e-01  1.34e-01  9.11e-02  5.88e-02  3.43e-02  6.54e+04  2.35e+03 -1.00e+05
2015 06 17  0145   57190   6300   2.60e+00  1.43e-01  1.15e-01  7.32e-02  6.58e-02  2.75e-02  6.62e+04  2.23e+03 -1.00e+05
2015 06 17  0150   57190   6600   3.16e+00  2.65e-01  1.52e-01  7.68e-02  6.14e-02  4.17e-02  6.47e+04  2.08e+03 -1.00e+05
2015 06 17  0155   57190   6900   1.88e+00  1.55e-01  1.27e-01  8.57e-02  7.83e-02  3.15e-02  6.29e+04  1.97e+03 -1.00e+05
2015 06 17  0200   57190   7200   2.99e+00  2.19e-01  1.04e-01  5.90e-02  5.16e-02  3.43e-02  6.26e+04  1.93e+03 -1.00e+05
2015 06 17  0205   57190   7500   1.77e+00  1.29e-01  1.01e-01  5.90e-02  5.16e-02  3.43e-02  6.37e+04  1.95e+03 -1.00e+05
2015 06 17  0210   57190   7800   1.91e+00  1.54e-01  1.27e-01  8.50e-02  7.76e-02  5.10e-02  6.42e+04  1.92e+03 -1.00e+05
2015 06 17  0215   57190   8100   1.95e+00  1.12e-01  8.41e-02  4.23e-02  3.49e-02  1.75e-02  6.29e+04  1.86e+03 -1.00e+05
2015 06 17  0220   57190   8400   1.78e+00  1.40e-01  1.12e-01  4.91e-02  4.17e-02  2.43e-02  6.20e+04  1.79e+03 -1.00e+05
2015 06 17  0225   57190   8700   1.93e+00  2.24e-01  1.96e-01  5.28e-02  3.73e-02  1.75e-02  5.88e+04  1.67e+03 -1.00e+05
2015 06 17  0230   57190   9000   1.71e+00  1.30e-01  1.02e-01  6.06e-02  5.32e-02  2.34e-02  5.79e+04  1.53e+03 -1.00e+05
2015 06 17  0235   57190   9300   1.83e+00  1.12e-01  8.41e-02  4.23e-02  3.49e-02  1.75e-02  5.18e+04  1.30e+03 -1.00e+05
2015 06 17  0240   57190   9600   1.01e+00  1.12e-01  8.41e-02  4.23e-02  3.49e-02  1.75e-02  3.48e+04  6.75e+02 -1.00e+05
2015 06 17  0245   57190   9900   1.29e+00  1.87e-01  1.59e-01  1.18e-01  1.10e-01  6.66e-02  3.63e+04  6.52e+02 -1.00e+05
2015 06 17  0250   57190  10200   1.82e+00  2.54e-01  1.75e-01  1.22e-01  8.66e-02  3.15e-02  3.89e+04  7.16e+02 -1.00e+05
2015 06 17  0255   57190  10500   1.33e+00  1.57e-01  1.30e-01  6.06e-02  5.32e-02  2.34e-02  4.38e+04  8.88e+02 -1.00e+05
2015 06 17  0300   57190  10800   1.53e+00  1.43e-01  1.16e-01  7.39e-02  6.65e-02  4.91e-02  4.74e+04  1.03e+03 -1.00e+05
2015 06 17  0305   57190  11100   1.42e+00  1.42e-01  1.15e-01  5.16e-02  4.42e-02  2.68e-02  4.75e+04  1.01e+03 -1.00e+05
2015 06 17  0310   57190  11400   1.68e+00  1.87e-01  1.59e-01  1.16e-01  7.23e-02  3.41e-02  4.28e+04  8.78e+02 -1.00e+05
2015 06 17  0315   57190  11700   1.55e+00  2.40e-01  2.12e-01  7.64e-02  6.89e-02  5.16e-02  4.57e+04  9.93e+02 -1.00e+05
2015 06 17  0320   57190  12000   1.56e+00  2.38e-01  2.10e-01  7.39e-02  6.65e-02  4.91e-02  4.64e+04  9.87e+02 -1.00e+05
2015 06 17  0325   57190  12300   1.61e+00  1.43e-01  1.15e-01  7.32e-02  6.58e-02  2.75e-02  5.28e+04  1.25e+03 -1.00e+05
2015 06 17  0330   57190  12600   1.46e+00  1.37e-01  1.09e-01  4.42e-02  3.68e-02  1.94e-02  5.34e+04  1.28e+03 -1.00e+05
2015 06 17  0335   57190  12900   1.50e+00  1.35e-01  1.07e-01  4.23e-02  3.49e-02  1.75e-02  4.67e+04  9.87e+02 -1.00e+05
2015 06 17  0340   57190  13200   9.68e-01  1.82e-01  1.54e-01  9.20e-02  8.46e-02  3.35e-02  4.27e+04  8.39e+02 -1.00e+05
2015 06 17  0345   57190  13500   1.26e+00  1.38e-01  1.11e-01  6.89e-02  6.15e-02  4.42e-02  4.02e+04  7.45e+02 -1.00e+05
2015 06 17  0350   57190  13800   1.09e+00  2.13e-01  1.85e-01  4.23e-02  3.49e-02  1.75e-02  4.14e+04  7.78e+02 -1.00e+05
2015 06 17  0355   57190  14100   1.23e+00  2.33e-01  1.38e-01  8.40e-02  6.33e-02  2.54e-02  4.53e+04  9.37e+02 -1.00e+05
2015 06 17  0400   57190  14400   1.04e+00  1.12e-01  8.41e-02  4.23e-02  3.49e-02  1.75e-02  4.17e+04  7.93e+02 -1.00e+05
2015 06 17  0405   57190  14700   8.51e-01  1.48e-01  1.20e-01  5.59e-02  4.13e-02  2.19e-02  4.09e+04  7.92e+02 -1.00e+05
2015 06 17  0410   57190  15000   8.60e-01  2.23e-01  1.95e-01  6.03e-02  5.29e-02  3.56e-02  3.71e+04  6.71e+02 -1.00e+05
2015 06 17  0415   57190  15300   9.95e-01  1.41e-01  1.13e-01  7.14e-02  6.40e-02  4.66e-02  3.44e+04  6.15e+02 -1.00e+05
2015 06 17  0420   57190  15600   1.12e+00  2.54e-01  2.26e-01  1.83e-01  1.21e-01  3.75e-02  3.96e+04  7.58e+02 -1.00e+05
2015 06 17  0425   57190  15900   9.56e-01  1.18e-01  8.98e-02  4.81e-02  4.07e-02  1.94e-02  3.66e+04  6.61e+02 -1.00e+05
2015 06 17  0430   57190  16200   1.12e+00  2.14e-01  9.96e-02  4.23e-02  3.49e-02  1.75e-02  3.58e+04  6.73e+02 -1.00e+05
2015 06 17  0435   57190  16500   8.45e-01  1.24e-01  9.61e-02  5.44e-02  4.70e-02  2.14e-02  3.63e+04  6.64e+02 -1.00e+05
2015 06 17  0440   57190  16800   1.65e+00  4.06e-01  2.09e-01  4.23e-02  3.49e-02  1.75e-02  2.97e+04  5.12e+02 -1.00e+05
2015 06 17  0445   57190  17100   6.63e-01  1.21e-01  9.33e-02  5.16e-02  4.42e-02  2.68e-02  2.71e+04  4.29e+02 -1.00e+05
2015 06 17  0450   57190  17400   5.51e-01  1.44e-01  1.17e-01  7.05e-02  6.31e-02  3.96e-02  2.31e+04  3.38e+02 -1.00e+05
2015 06 17  0455   57190  17700   7.85e-01  1.56e-01  9.09e-02  4.23e-02  3.49e-02  1.75e-02  2.09e+04  2.82e+02 -1.00e+05
2015 06 17  0500   57190  18000   5.44e-01  1.50e-01  1.22e-01  6.15e-02  5.41e-02  3.67e-02  2.00e+04  2.57e+02 -1.00e+05
2015 06 17  0505   57190  18300   9.08e-01  1.83e-01  1.18e-01  6.96e-02  5.21e-02  3.18e-02  1.86e+04  2.49e+02 -1.00e+05
2015 06 17  0510   57190  18600   5.38e-01  1.12e-01  8.41e-02  4.23e-02  3.49e-02  1.75e-02  1.84e+04  2.46e+02 -1.00e+05
2015 06 17  0515   57190  18900   6.02e-01  1.59e-01  1.32e-01  6.59e-02  4.02e-02  1.75e-02  1.81e+04  2.31e+02 -1.00e+05
2015 06 17  0520   57190  19200   3.91e-01  1.12e-01  8.41e-02  4.23e-02  3.49e-02  1.75e-02  1.48e+04  1.85e+02 -1.00e+05
2015 06 17  0525   57190  19500   4.30e-01  1.47e-01  1.19e-01  7.74e-02  6.19e-02  2.54e-02  1.26e+04  1.44e+02 -1.00e+05
2015 06 17  0530   57190  19800   5.57e-01  2.05e-01  8.87e-02  4.42e-02  3.68e-02  1.94e-02  1.26e+04  1.64e+02 -1.00e+05
2015 06 17  0535   57190  20100   5.92e-01  2.25e-01  1.11e-01  5.41e-02  4.67e-02  2.93e-02  1.23e+04  1.59e+02 -1.00e+05
2015 06 17  0540   57190  20400   4.83e-01  1.97e-01  1.69e-01  1.27e-01  1.20e-01  5.96e-02  1.36e+04  1.70e+02 -1.00e+05
2015 06 17  0545   57190  20700   5.80e-01  1.35e-01  1.07e-01  4.23e-02  3.49e-02  1.75e-02  1.43e+04  1.82e+02 -1.00e+05
2015 06 17  0550   57190  21000   3.57e-01  1.66e-01  1.38e-01  4.91e-02  4.17e-02  2.43e-02  1.46e+04  2.04e+02 -1.00e+05
2015 06 17  0555   57190  21300   5.32e-01  1.54e-01  1.26e-01  6.40e-02  5.66e-02  3.92e-02  1.55e+04  2.50e+02 -1.00e+05
2015 06 17  0600   57190  21600   2.77e-01  1.16e-01  8.84e-02  4.66e-02  3.92e-02  2.19e-02  1.57e+04  2.89e+02 -1.00e+05
2015 06 17  0605   57190  21900   2.21e-01  1.50e-01  1.22e-01  7.91e-02  4.06e-02  1.75e-02  1.30e+04  2.72e+02 -1.00e+05
2015 06 17  0610   57190  22200   4.35e-01  2.46e-01  2.19e-01  1.75e-01  1.06e-01  3.35e-02  1.33e+04  2.50e+02 -1.00e+05
2015 06 17  0615   57190  22500   3.78e-01  1.43e-01  1.15e-01  7.25e-02  4.17e-02  1.75e-02  1.45e+04  2.56e+02 -1.00e+05
2015 06 17  0620   57190  22800   2.36e-01  1.12e-01  8.41e-02  4.23e-02  3.49e-02  1.75e-02  1.79e+04  3.10e+02 -1.00e+05
2015 06 17  0625   57190  23100   3.97e-01  2.18e-01  1.90e-01  1.47e-01  1.16e-01  4.16e-02  1.59e+04  2.38e+02 -1.00e+05
2015 06 17  0630   57190  23400   4.47e-01  1.73e-01  1.46e-01  1.03e-01  7.73e-02  2.95e-02  1.61e+04  2.30e+02 -1.00e+05
2015 06 17  0635   57190  23700   1.70e+00  2.46e-01  1.15e-01  4.23e-02  3.49e-02  1.75e-02  2.86e+04  5.74e+02 -1.00e+05
2015 06 17  0640   57190  24000   1.36e+00  1.55e-01  1.27e-01  8.57e-02  7.83e-02  3.15e-02  2.59e+04  6.22e+02 -1.00e+05
2015 06 17  0645   57190  24300   1.62e+00  1.93e-01  1.65e-01  1.21e-01  6.52e-02  2.34e-02  2.48e+04  5.99e+02 -1.00e+05
2015 06 17  0650   57190  24600   2.23e+00  1.35e-01  1.07e-01  4.42e-02  3.68e-02  1.94e-02  2.53e+04  6.30e+02 -1.00e+05
2015 06 17  0655   57190  24900   2.18e+00  1.12e-01  8.41e-02  4.23e-02  3.49e-02  1.75e-02  2.74e+04  7.53e+02 -1.00e+05
2015 06 17  0700   57190  25200   4.10e+00  2.31e-01  1.16e-01  7.14e-02  6.40e-02  4.66e-02  2.83e+04  7.51e+02 -1.00e+05
2015 06 17  0705   57190  25500   2.70e+00  1.82e-01  1.54e-01  8.67e-02  4.05e-02  1.75e-02  3.11e+04  9.04e+02 -1.00e+05
2015 06 17  0710   57190  25800   3.00e+00  1.37e-01  1.09e-01  6.73e-02  5.98e-02  2.68e-02  3.39e+04  1.08e+03 -1.00e+05
2015 06 17  0715   57190  26100   2.89e+00  1.41e-01  1.13e-01  7.08e-02  4.66e-02  2.43e-02  3.48e+04  1.13e+03 -1.00e+05
2015 06 17  0720   57190  26400   2.97e+00  1.24e-01  9.65e-02  5.47e-02  4.73e-02  2.28e-02  3.82e+04  1.36e+03 -1.00e+05
2015 06 17  0725   57190  26700   4.36e+00  2.92e-01  1.39e-01  7.39e-02  6.65e-02  4.91e-02  3.50e+04  1.20e+03 -1.00e+05
2015 06 17  0730   57190  27000   4.21e+00  2.83e-01  1.41e-01  9.55e-02  6.98e-02  1.76e-02  3.23e+04  1.01e+03 -1.00e+05
2015 06 17  0735   57190  27300   2.62e+00  1.63e-01  1.03e-01  5.57e-02  4.82e-02  2.65e-02  3.06e+04  9.40e+02 -1.00e+05
2015 06 17  0740   57190  27600   2.99e+00  3.25e-01  2.17e-01  7.08e-02  5.17e-02  2.65e-02  2.83e+04  8.36e+02 -1.00e+05
2015 06 17  0745   57190  27900   1.94e+00  2.01e-01  1.73e-01  1.31e-01  1.24e-01  5.24e-02  2.66e+04  7.53e+02 -1.00e+05
2015 06 17  0750   57190  28200   2.27e+00  2.41e-01  2.13e-01  1.69e-01  9.16e-02  1.75e-02  3.03e+04  8.86e+02 -1.00e+05
2015 06 17  0755   57190  28500   2.59e+00  1.86e-01  1.22e-01  7.38e-02  6.45e-02  4.66e-02  3.06e+04  9.29e+02 -1.00e+05
2015 06 17  0800   57190  28800   2.11e+00  1.14e-01  8.59e-02  4.42e-02  3.68e-02  1.94e-02  3.34e+04  1.06e+03 -1.00e+05
2015 06 17  0805   57190  29100   3.26e+00  3.14e-01  2.09e-01  7.14e-02  5.08e-02  2.14e-02  3.18e+04  9.51e+02 -1.00e+05
2015 06 17  0810   57190  29400   3.45e+00  2.67e-01  1.03e-01  5.90e-02  5.16e-02  3.43e-02  3.01e+04  8.87e+02 -1.00e+05
2015 06 17  0815   57190  29700   2.79e+00  2.23e-01  1.59e-01  9.35e-02  6.90e-02  4.66e-02  3.07e+04  8.94e+02 -1.00e+05
2015 06 17  0820   57190  30000   1.80e+00  1.60e-01  1.32e-01  8.93e-02  5.65e-02  3.18e-02  3.05e+04  8.77e+02 -1.00e+05
2015 06 17  0825   57190  30300   2.63e+00  4.56e-01  1.82e-01  5.65e-02  4.91e-02  3.18e-02  2.96e+04  7.99e+02 -1.00e+05
2015 06 17  0830   57190  30600   1.94e+00  3.21e-01  1.89e-01  1.43e-01  8.86e-02  4.37e-02  2.94e+04  7.50e+02 -1.00e+05
2015 06 17  0835   57190  30900   1.65e+00  2.19e-01  1.04e-01  5.90e-02  5.16e-02  3.43e-02  2.77e+04  6.88e+02 -1.00e+05
2015 06 17  0840   57190  31200   9.97e-01  1.55e-01  1.27e-01  7.14e-02  6.40e-02  4.67e-02  2.60e+04  6.63e+02 -1.00e+05
2015 06 17  0845   57190  31500   1.55e+00  3.54e-01  2.60e-01  6.69e-02  5.95e-02  2.54e-02  2.70e+04  7.09e+02 -1.00e+05
2015 06 17  0850   57190  31800   1.01e+00  1.76e-01  1.14e-01  6.57e-02  5.83e-02  4.09e-02  2.64e+04  7.40e+02 -1.00e+05
2015 06 17  0855   57190  32100   9.94e-01  1.61e-01  1.33e-01  9.08e-02  6.00e-02  2.34e-02  2.50e+04  7.36e+02 -1.00e+05
2015 06 17  0900   57190  32400   8.27e-01  1.43e-01  1.15e-01  7.25e-02  4.17e-02  1.75e-02  2.15e+04  5.82e+02 -1.00e+05
2015 06 17  0905   57190  32700   8.12e-01  1.37e-01  1.10e-01  6.72e-02  4.20e-02  1.94e-02  1.87e+04  4.05e+02 -1.00e+05
2015 06 17  0910   57190  33000   8.10e-01  2.77e-01  2.49e-01  7.29e-02  4.06e-02  1.75e-02  1.52e+04  2.76e+02 -1.00e+05
2015 06 17  0915   57190  33300   7.83e-01  1.28e-01  1.01e-01  5.86e-02  4.31e-02  1.94e-02  1.53e+04  2.71e+02 -1.00e+05
2015 06 17  0920   57190  33600   8.04e-01  1.16e-01  8.81e-02  4.63e-02  3.58e-02  1.75e-02  1.84e+04  4.00e+02 -1.00e+05
2015 06 17  0925   57190  33900   7.06e-01  1.73e-01  1.45e-01  1.03e-01  9.58e-02  4.01e-02  1.71e+04  3.72e+02 -1.00e+05
2015 06 17  0930   57190  34200   8.32e-01  1.58e-01  9.27e-02  4.42e-02  3.68e-02  1.94e-02  1.56e+04  2.90e+02 -1.00e+05
2015 06 17  0935   57190  34500   6.67e-01  1.12e-01  8.41e-02  4.23e-02  3.49e-02  1.75e-02  8.07e+03  1.11e+02 -1.00e+05
2015 06 17  0940   57190  34800   4.81e-01  2.02e-01  1.74e-01  1.32e-01  1.20e-01  5.59e-02  3.43e+03  4.04e+01 -1.00e+05
2015 06 17  0945   57190  35100   5.92e-01  2.18e-01  1.07e-01  6.24e-02  5.50e-02  3.03e-02  7.92e+02  9.11e+00 -1.00e+05
2015 06 17  0950   57190  35400   5.04e-01  2.33e-01  1.18e-01  7.39e-02  6.65e-02  4.91e-02  4.34e+02  5.23e+00 -1.00e+05
2015 06 17  0955   57190  35700   6.54e-01  4.21e-01  3.94e-01  1.95e-01  1.29e-01  4.27e-02  1.63e+03  2.10e+01 -1.00e+05
2015 06 17  1000   57190  36000   7.46e-01  1.26e-01  9.83e-02  5.65e-02  4.91e-02  3.18e-02  8.59e+03  1.43e+02 -1.00e+05
2015 06 17  1005   57190  36300   1.71e+00  1.35e-01  1.07e-01  4.42e-02  3.68e-02  1.94e-02  2.31e+04  8.51e+02 -1.00e+05
2015 06 17  1010   57190  36600   1.64e+00  1.67e-01  1.40e-01  9.70e-02  6.63e-02  1.75e-02  2.36e+04  1.12e+03 -1.00e+05
2015 06 17  1015   57190  36900   1.74e+00  1.61e-01  1.33e-01  9.01e-02  5.73e-02  3.43e-02  2.44e+04  1.05e+03 -1.00e+05
2015 06 17  1020   57190  37200   1.63e+00  1.35e-01  1.07e-01  4.23e-02  3.49e-02  1.75e-02  2.32e+04  9.23e+02 -1.00e+05
2015 06 17  1025   57190  37500   1.26e+00  1.53e-01  1.25e-01  5.94e-02  3.87e-02  1.75e-02  2.06e+04  7.54e+02 -1.00e+05
2015 06 17  1030   57190  37800   2.24e+00  2.23e-01  1.08e-01  6.31e-02  5.06e-02  3.18e-02  1.83e+04  6.46e+02 -1.00e+05
2015 06 17  1035   57190  38100   2.07e+00  2.13e-01  1.05e-01  6.06e-02  5.32e-02  2.34e-02  1.51e+04  4.73e+02 -1.00e+05
2015 06 17  1040   57190  38400   1.47e+00  2.21e-01  1.93e-01  1.51e-01  1.39e-01  6.01e-02  1.61e+04  5.25e+02 -1.00e+05
2015 06 17  1045   57190  38700   1.57e+00  1.12e-01  8.41e-02  4.23e-02  3.49e-02  1.75e-02  1.72e+04  5.88e+02 -1.00e+05
2015 06 17  1050   57190  39000   9.92e-01  1.36e-01  1.08e-01  6.64e-02  5.90e-02  4.17e-02  1.39e+04  4.01e+02 -1.00e+05
2015 06 17  1055   57190  39300   8.86e-01  1.55e-01  1.27e-01  8.55e-02  7.81e-02  6.08e-02  9.87e+03  2.07e+02 -1.00e+05
2015 06 17  1100   57190  39600   9.35e-01  2.49e-01  2.21e-01  8.57e-02  7.30e-02  5.41e-02  8.24e+03  1.65e+02 -1.00e+05
2015 06 17  1105   57190  39900   6.20e-01  1.43e-01  1.15e-01  7.32e-02  6.58e-02  2.75e-02  7.62e+03  1.24e+02 -1.00e+05
2015 06 17  1110   57190  40200   1.08e+00  2.32e-01  1.21e-01  6.43e-02  5.69e-02  3.96e-02  5.68e+03  7.17e+01 -1.00e+05
2015 06 17  1115   57190  40500   7.76e-01  3.55e-01  2.41e-01  8.21e-02  4.72e-02  2.19e-02  6.05e+03  7.81e+01 -1.00e+05
2015 06 17  1120   57190  40800   7.55e-01  1.84e-01  1.37e-01  9.12e-02  8.38e-02  5.30e-02  1.02e+04  1.88e+02 -1.00e+05
2015 06 17  1125   57190  41100   8.40e-01  1.73e-01  1.45e-01  1.02e-01  7.41e-02  3.62e-02  1.22e+04  2.62e+02 -1.00e+05
2015 06 17  1130   57190  41400   1.10e+00  1.55e-01  1.28e-01  8.48e-02  4.90e-02  1.94e-02  1.08e+04  2.08e+02 -1.00e+05
2015 06 17  1135   57190  41700   8.65e-01  2.30e-01  2.02e-01  6.40e-02  5.66e-02  3.92e-02  1.34e+04  3.09e+02 -1.00e+05
2015 06 17  1140   57190  42000   9.77e-01  2.24e-01  1.97e-01  6.09e-02  5.18e-02  3.40e-02  1.53e+04  4.04e+02 -1.00e+05
2015 06 17  1145   57190  42300   6.23e-01  1.95e-01  1.67e-01  8.72e-02  7.98e-02  6.24e-02  8.60e+03  1.69e+02 -1.00e+05
2015 06 17  1150   57190  42600   4.98e-01  1.40e-01  1.13e-01  4.91e-02  4.17e-02  2.43e-02  5.25e+03  9.49e+01 -1.00e+05
2015 06 17  1155   57190  42900   2.48e-01  1.24e-01  9.58e-02  5.41e-02  4.67e-02  2.93e-02  7.29e+02  1.24e+01 -1.00e+05
2015 06 17  1200   57190  43200   1.40e-01  1.12e-01  8.41e-02  4.23e-02  3.49e-02  1.75e-02  7.96e+00  2.59e+00 -1.00e+05
2015 06 17  1205   57190  43500   2.76e-01  1.29e-01  1.02e-01  5.94e-02  3.87e-02  1.75e-02  7.20e+02  1.28e+01 -1.00e+05
2015 06 17  1210   57190  43800   3.30e-01  1.30e-01  1.02e-01  6.06e-02  5.32e-02  2.34e-02  6.54e+02  1.17e+01 -1.00e+05
2015 06 17  1215   57190  44100   8.62e-01  2.38e-01  1.24e-01  6.59e-02  4.02e-02  1.75e-02  1.41e+03  2.81e+01 -1.00e+05
2015 06 17  1220   57190  44400   5.69e-01  1.12e-01  8.41e-02  4.23e-02  3.49e-02  1.75e-02  1.61e+03  3.41e+01 -1.00e+05
2015 06 17  1225   57190  44700   3.30e-01  1.43e-01  1.15e-01  4.23e-02  3.49e-02  1.75e-02  3.08e+03  6.08e+01 -1.00e+05
2015 06 17  1230   57190  45000   5.57e-01  1.49e-01  1.21e-01  7.77e-02  4.06e-02  1.75e-02  2.76e+03  4.16e+01 -1.00e+05
2015 06 17  1235   57190  45300   6.00e-01  1.19e-01  9.12e-02  4.94e-02  3.98e-02  2.19e-02  4.50e+03  5.87e+01 -1.00e+05
2015 06 17  1240   57190  45600   9.20e-01  2.21e-01  1.46e-01  9.59e-02  8.55e-02  3.35e-02  9.01e+03  1.53e+02 -1.00e+05
2015 06 17  1245   57190  45900   1.91e+00  5.48e-01  2.31e-01  7.14e-02  6.40e-02  4.66e-02  1.28e+04  2.70e+02 -1.00e+05
2015 06 17  1250   57190  46200   6.85e-01  2.73e-01  2.46e-01  1.15e-01  1.03e-01  4.40e-02  1.15e+04  2.26e+02 -1.00e+05
2015 06 17  1255   57190  46500   6.67e-01  2.24e-01  1.96e-01  5.28e-02  3.73e-02  1.75e-02  5.68e+03  9.40e+01 -1.00e+05
2015 06 17  1300   57190  46800   5.52e-01  2.19e-01  1.92e-01  1.48e-01  1.04e-01  5.87e-02  3.16e+03  4.23e+01 -1.00e+05
2015 06 17  1305   57190  47100   6.38e-01  1.55e-01  1.28e-01  6.67e-02  5.53e-02  3.67e-02  1.45e+04  3.99e+02 -1.00e+05
2015 06 17  1310   57190  47400   9.86e-01  2.37e-01  2.10e-01  6.59e-02  4.02e-02  1.75e-02  1.80e+04  5.51e+02 -1.00e+05
2015 06 17  1315   57190  47700   1.43e+00  3.31e-01  3.03e-01  1.22e-01  8.66e-02  3.15e-02  2.32e+04  8.65e+02 -1.00e+05
2015 06 17  1320   57190  48000   1.42e+00  2.37e-01  1.23e-01  7.84e-02  7.10e-02  5.36e-02  2.42e+04  8.81e+02 -1.00e+05
2015 06 17  1325   57190  48300   1.06e+00  2.18e-01  1.90e-01  1.24e-01  1.16e-01  4.49e-02  2.42e+04  8.67e+02 -1.00e+05
2015 06 17  1330   57190  48600   8.57e-01  1.65e-01  1.37e-01  7.68e-02  6.14e-02  4.17e-02  2.26e+04  7.30e+02 -1.00e+05
2015 06 17  1335   57190  48900   8.79e-01  2.56e-01  1.96e-01  1.47e-01  1.12e-01  3.95e-02  1.85e+04  5.79e+02 -1.00e+05
2015 06 17  1340   57190  49200   6.96e-01  1.90e-01  1.26e-01  7.67e-02  5.41e-02  3.19e-02  1.25e+04  3.16e+02 -1.00e+05
2015 06 17  1345   57190  49500   5.76e-01  2.00e-01  1.73e-01  1.31e-01  1.23e-01  5.06e-02  1.15e+04  2.64e+02 -1.00e+05
2015 06 17  1350   57190  49800   8.24e-01  2.10e-01  1.46e-01  9.64e-02  6.23e-02  3.92e-02  1.01e+04  3.09e+02 -1.00e+05
2015 06 17  1355   57190  50100   1.03e+00  2.89e-01  1.49e-01  1.03e-01  6.97e-02  4.66e-02  1.23e+04  4.13e+02 -1.00e+05
2015 06 17  1400   57190  50400   8.03e-01  2.16e-01  1.53e-01  8.69e-02  6.75e-02  4.66e-02  1.30e+04  4.90e+02 -1.00e+05
2015 06 17  1405   57190  50700   1.66e+00  3.11e-01  1.26e-01  8.13e-02  7.39e-02  5.65e-02  1.57e+04  5.64e+02 -1.00e+05
2015 06 17  1410   57190  51000   1.05e+00  1.71e-01  1.43e-01  5.28e-02  3.73e-02  1.75e-02  1.84e+04  7.15e+02 -1.00e+05
2015 06 17  1415   57190  51300   1.33e+00  1.72e-01  1.44e-01  1.02e-01  7.28e-02  4.91e-02  2.13e+04  7.97e+02 -1.00e+05
2015 06 17  1420   57190  51600   1.25e+00  1.12e-01  8.41e-02  4.23e-02  3.49e-02  1.75e-02  2.26e+04  8.74e+02 -1.00e+05
2015 06 17  1425   57190  51900   9.67e-01  1.35e-01  1.07e-01  4.23e-02  3.49e-02  1.75e-02  2.16e+04  8.23e+02 -1.00e+05
2015 06 17  1430   57190  52200   1.15e+00  2.13e-01  1.85e-01  4.23e-02  3.49e-02  1.75e-02  1.95e+04  7.39e+02 -1.00e+05
2015 06 17  1435   57190  52500   1.45e+00  1.23e-01  9.48e-02  5.30e-02  4.45e-02  2.68e-02  2.24e+04  8.90e+02 -1.00e+05
2015 06 17  1440   57190  52800   2.83e+00  2.18e-01  1.04e-01  4.66e-02  3.92e-02  2.19e-02  2.27e+04  1.00e+03 -1.00e+05
2015 06 17  1445   57190  53100   2.25e+00  1.12e-01  8.41e-02  4.23e-02  3.49e-02  1.75e-02  2.64e+04  1.12e+03 -1.00e+05
2015 06 17  1450   57190  53400   6.65e+00  2.99e-01  1.39e-01  6.59e-02  4.02e-02  1.75e-02  3.64e+04  1.68e+03 -1.00e+05
2015 06 17  1455   57190  53700   4.51e+00  1.57e-01  1.30e-01  6.06e-02  5.32e-02  2.34e-02  3.88e+04  1.78e+03 -1.00e+05
2015 06 17  1500   57190  54000   7.54e+00  3.45e-01  1.42e-01  7.88e-02  7.14e-02  5.41e-02  4.21e+04  2.03e+03 -1.00e+05
2015 06 17  1505   57190  54300   4.04e+00  2.62e-01  1.96e-01  4.63e-02  3.58e-02  1.75e-02  4.30e+04  2.01e+03 -1.00e+05
2015 06 17  1510   57190  54600   2.84e+00  2.24e-01  1.96e-01  5.28e-02  3.73e-02  1.75e-02  4.37e+04  2.12e+03 -1.00e+05
2015 06 17  1515   57190  54900   2.80e+00  2.12e-01  1.85e-01  1.41e-01  8.16e-02  2.75e-02  4.53e+04  2.22e+03 -1.00e+05
2015 06 17  1520   57190  55200   3.10e+00  1.74e-01  1.47e-01  1.04e-01  7.21e-02  4.91e-02  4.61e+04  2.30e+03 -1.00e+05
2015 06 17  1525   57190  55500   4.96e+00  2.49e-01  1.10e-01  6.51e-02  4.45e-02  1.94e-02  4.93e+04  2.51e+03 -1.00e+05
2015 06 17  1530   57190  55800   3.70e+00  4.07e-01  3.51e-01  1.06e-01  5.68e-02  2.14e-02  4.87e+04  2.43e+03 -1.00e+05
2015 06 17  1535   57190  56100   3.15e+00  1.47e-01  1.19e-01  7.74e-02  6.19e-02  2.54e-02  4.78e+04  2.50e+03 -1.00e+05
2015 06 17  1540   57190  56400   3.68e+00  1.26e-01  9.80e-02  5.59e-02  4.13e-02  2.19e-02  5.58e+04  3.09e+03 -1.00e+05
2015 06 17  1545   57190  56700   4.20e+00  1.61e-01  1.34e-01  9.20e-02  8.46e-02  3.35e-02  5.09e+04  2.97e+03 -1.00e+05
2015 06 17  1550   57190  57000   3.80e+00  1.59e-01  1.31e-01  8.93e-02  8.19e-02  4.57e-02  5.54e+04  3.07e+03 -1.00e+05
2015 06 17  1555   57190  57300   5.19e+00  1.88e-01  1.23e-01  7.29e-02  4.06e-02  1.75e-02  5.27e+04  3.03e+03 -1.00e+05
2015 06 17  1600   57190  57600   3.81e+00  1.66e-01  1.38e-01  7.25e-02  4.17e-02  1.75e-02  5.29e+04  3.10e+03 -1.00e+05
2015 06 17  1605   57190  57900   3.69e+00  1.16e-01  8.81e-02  4.63e-02  3.58e-02  1.75e-02  5.29e+04  3.11e+03 -1.00e+05
2015 06 17  1610   57190  58200   6.09e+00  2.61e-01  1.52e-01  9.51e-02  8.77e-02  7.04e-02  4.70e+04  2.66e+03 -1.00e+05
2015 06 17  1615   57190  58500   3.81e+00  1.35e-01  1.07e-01  4.23e-02  3.49e-02  1.75e-02  4.69e+04  2.65e+03 -1.00e+05
2015 06 17  1620   57190  58800   3.51e+00  3.01e-01  2.73e-01  1.36e-01  1.03e-01  4.01e-02  4.61e+04  2.61e+03 -1.00e+05
2015 06 17  1625   57190  59100   4.01e+00  2.13e-01  1.85e-01  4.23e-02  3.49e-02  1.75e-02  4.68e+04  2.75e+03 -1.00e+05
2015 06 17  1630   57190  59400   3.96e+00  1.46e-01  1.19e-01  7.62e-02  5.36e-02  3.18e-02  4.52e+04  2.62e+03 -1.00e+05
2015 06 17  1635   57190  59700   6.01e+00  2.39e-01  1.05e-01  6.06e-02  5.32e-02  2.34e-02  4.22e+04  2.39e+03 -1.00e+05
2015 06 17  1640   57190  60000   3.53e+00  1.14e-01  8.59e-02  4.42e-02  3.68e-02  1.94e-02  4.19e+04  2.32e+03 -1.00e+05
2015 06 17  1645   57190  60300   5.20e+00  2.46e-01  1.32e-01  7.38e-02  4.34e-02  1.94e-02  4.14e+04  2.31e+03 -1.00e+05
2015 06 17  1650   57190  60600   3.47e+00  1.16e-01  8.84e-02  4.66e-02  3.92e-02  2.19e-02  4.24e+04  2.50e+03 -1.00e+05
2015 06 17  1655   57190  60900   3.57e+00  1.47e-01  1.19e-01  7.62e-02  4.06e-02  1.75e-02  4.64e+04  2.81e+03 -1.00e+05
2015 06 17  1700   57190  61200   3.27e+00  2.34e-01  2.06e-01  6.43e-02  4.51e-02  2.43e-02  4.52e+04  2.71e+03 -1.00e+05
2015 06 17  1705   57190  61500   3.82e+00  1.50e-01  1.22e-01  8.07e-02  7.33e-02  3.45e-02  4.70e+04  3.01e+03 -1.00e+05
2015 06 17  1710   57190  61800   5.18e+00  3.70e-01  2.09e-01  4.23e-02  3.49e-02  1.75e-02  4.06e+04  2.37e+03 -1.00e+05
2015 06 17  1715   57190  62100   3.62e+00  1.50e-01  1.22e-01  7.90e-02  4.32e-02  1.75e-02  4.32e+04  2.57e+03 -1.00e+05
2015 06 17  1720   57190  62400   3.69e+00  1.60e-01  1.33e-01  7.38e-02  6.45e-02  4.66e-02  4.74e+04  3.03e+03 -1.00e+05
2015 06 17  1725   57190  62700   3.66e+00  1.33e-01  1.05e-01  4.23e-02  3.49e-02  1.75e-02  4.63e+04  2.84e+03 -1.00e+05
2015 06 17  1730   57190  63000   3.23e+00  1.79e-01  1.51e-01  8.78e-02  5.48e-02  3.18e-02  4.65e+04  2.85e+03 -1.00e+05
2015 06 17  1735   57190  63300   6.93e+00  5.02e-01  2.10e-01  4.23e-02  3.49e-02  1.75e-02  5.03e+04  3.20e+03 -1.00e+05
2015 06 17  1740   57190  63600   5.56e+00  2.78e-01  1.64e-01  1.18e-01  7.54e-02  5.04e-02  4.81e+04  3.09e+03 -1.00e+05
2015 06 17  1745   57190  63900   4.04e+00  1.76e-01  1.16e-01  4.81e-02  4.07e-02  1.94e-02  4.80e+04  3.06e+03 -1.00e+05
2015 06 17  1750   57190  64200   3.37e+00  2.41e-01  2.13e-01  1.26e-01  1.02e-01  5.89e-02  4.93e+04  3.14e+03 -1.00e+05
2015 06 17  1755   57190  64500   3.49e+00  1.43e-01  1.15e-01  7.25e-02  4.17e-02  1.75e-02  5.00e+04  3.36e+03 -1.00e+05
2015 06 17  1800   57190  64800   3.50e+00  1.84e-01  1.56e-01  5.28e-02  3.73e-02  1.75e-02  5.19e+04  3.39e+03 -1.00e+05
2015 06 17  1805   57190  65100   4.17e+00  1.78e-01  1.15e-01  6.73e-02  5.69e-02  3.87e-02  5.12e+04  3.36e+03 -1.00e+05
2015 06 17  1810   57190  65400   5.68e+00  2.28e-01  8.68e-02  4.23e-02  3.49e-02  1.75e-02  5.07e+04  3.28e+03 -1.00e+05
2015 06 17  1815   57190  65700   3.97e+00  5.36e-01  5.08e-01  1.57e-01  7.95e-02  2.68e-02  5.23e+04  3.48e+03 -1.00e+05
2015 06 17  1820   57190  66000   3.17e+00  1.69e-01  1.41e-01  4.63e-02  3.58e-02  1.75e-02  5.07e+04  3.34e+03 -1.00e+05
2015 06 17  1825   57190  66300   3.44e+00  1.24e-01  9.62e-02  5.41e-02  3.90e-02  1.94e-02  4.95e+04  3.24e+03 -1.00e+05
2015 06 17  1830   57190  66600   3.61e+00  1.55e-01  1.27e-01  8.45e-02  5.74e-02  3.43e-02  4.73e+04  3.05e+03 -1.00e+05
2015 06 17  1835   57190  66900   3.82e+00  1.56e-01  9.09e-02  4.23e-02  3.49e-02  1.75e-02  4.67e+04  3.06e+03 -1.00e+05
2015 06 17  1840   57190  67200   3.57e+00  1.50e-01  1.22e-01  7.91e-02  4.06e-02  1.75e-02  5.07e+04  3.32e+03 -1.00e+05
2015 06 17  1845   57190  67500   3.53e+00  2.72e-01  2.44e-01  9.01e-02  6.27e-02  1.75e-02  4.93e+04  3.28e+03 -1.00e+05
2015 06 17  1850   57190  67800   4.10e+00  1.56e-01  9.09e-02  4.23e-02  3.49e-02  1.75e-02  4.93e+04  3.18e+03 -1.00e+05
2015 06 17  1855   57190  68100   3.43e+00  1.58e-01  1.30e-01  8.83e-02  8.09e-02  6.36e-02  5.17e+04  3.45e+03 -1.00e+05
2015 06 17  1900   57190  68400   3.38e+00  1.47e-01  1.19e-01  7.70e-02  6.69e-02  2.88e-02  5.05e+04  3.36e+03 -1.00e+05
2015 06 17  1905   57190  68700   3.67e+00  3.18e-01  2.90e-01  2.46e-01  1.55e-01  4.56e-02  5.17e+04  3.51e+03 -1.00e+05
2015 06 17  1910   57190  69000   3.28e+00  1.26e-01  9.83e-02  5.65e-02  4.91e-02  3.18e-02  5.18e+04  3.46e+03 -1.00e+05
2015 06 17  1915   57190  69300   3.99e+00  1.44e-01  1.17e-01  5.41e-02  4.67e-02  2.93e-02  5.19e+04  3.59e+03 -1.00e+05
2015 06 17  1920   57190  69600   3.04e+00  1.82e-01  1.55e-01  1.13e-01  1.05e-01  4.02e-02  5.26e+04  3.55e+03 -1.00e+05
2015 06 17  1925   57190  69900   4.06e+00  1.72e-01  1.44e-01  1.03e-01  9.53e-02  7.79e-02  5.30e+04  3.61e+03 -1.00e+05
2015 06 17  1930   57190  70200   3.41e+00  1.20e-01  9.27e-02  5.10e-02  4.36e-02  2.62e-02  5.24e+04  3.60e+03 -1.00e+05
2015 06 17  1935   57190  70500   3.60e+00  2.20e-01  1.93e-01  5.16e-02  4.42e-02  2.68e-02  5.31e+04  3.60e+03 -1.00e+05
2015 06 17  1940   57190  70800   5.02e+00  2.42e-01  1.28e-01  4.91e-02  4.17e-02  2.43e-02  5.09e+04  3.32e+03 -1.00e+05
2015 06 17  1945   57190  71100   3.52e+00  1.38e-01  1.10e-01  6.83e-02  5.78e-02  1.75e-02  5.19e+04  3.65e+03 -1.00e+05
2015 06 17  1950   57190  71400   3.31e+00  1.43e-01  1.15e-01  7.33e-02  6.38e-02  4.59e-02  5.17e+04  3.51e+03 -1.00e+05
2015 06 17  1955   57190  71700   3.10e+00  1.92e-01  1.64e-01  1.06e-01  6.26e-02  3.96e-02  5.11e+04  3.45e+03 -1.00e+05
2015 06 17  2000   57190  72000   3.44e+00  1.12e-01  8.41e-02  4.23e-02  3.49e-02  1.75e-02  4.96e+04  3.35e+03 -1.00e+05
2015 06 17  2005   57190  72300   3.10e+00  1.51e-01  1.23e-01  8.12e-02  7.38e-02  3.63e-02  4.93e+04  3.20e+03 -1.00e+05
2015 06 17  2010   57190  72600   3.25e+00  1.99e-01  1.71e-01  1.14e-01  8.12e-02  5.65e-02  4.93e+04  3.25e+03 -1.00e+05
2015 06 17  2015   57190  72900   3.18e+00  1.23e-01  9.49e-02  5.28e-02  3.73e-02  1.75e-02  4.93e+04  3.29e+03 -1.00e+05
2015 06 17  2020   57190  73200   3.26e+00  1.36e-01  1.08e-01  6.59e-02  4.02e-02  1.75e-02  4.93e+04  3.27e+03 -1.00e+05
2015 06 17  2025   57190  73500   5.78e+00  3.49e-01  1.88e-01  7.11e-02  5.56e-02  2.34e-02  5.03e+04  3.31e+03 -1.00e+05
2015 06 17  2030   57190  73800   3.49e+00  1.38e-01  1.10e-01  6.85e-02  5.76e-02  3.92e-02  4.95e+04  3.33e+03 -1.00e+05
2015 06 17  2035   57190  74100   4.74e+00  3.21e-01  2.59e-01  2.09e-01  1.49e-01  6.64e-02  4.95e+04  3.32e+03 -1.00e+05
2015 06 17  2040   57190  74400   4.83e+00  2.45e-01  1.32e-01  5.41e-02  4.67e-02  2.93e-02  4.94e+04  3.33e+03 -1.00e+05
2015 06 17  2045   57190  74700   3.13e+00  1.16e-01  8.81e-02  4.63e-02  3.58e-02  1.75e-02  4.93e+04  3.32e+03 -1.00e+05
2015 06 17  2050   57190  75000   3.49e+00  1.44e-01  1.17e-01  7.47e-02  6.16e-02  4.26e-02  5.10e+04  3.39e+03 -1.00e+05
2015 06 17  2055   57190  75300   3.87e+00  2.20e-01  1.79e-01  8.37e-02  6.81e-02  2.75e-02  5.06e+04  3.41e+03 -1.00e+05
2015 06 17  2100   57190  75600   4.98e+00  2.31e-01  1.17e-01  5.94e-02  3.87e-02  1.75e-02  5.05e+04  3.37e+03 -1.00e+05
2015 06 17  2105   57190  75900   4.03e+00  2.02e-01  1.40e-01  6.19e-02  5.45e-02  3.71e-02  4.93e+04  3.33e+03 -1.00e+05
2015 06 17  2110   57190  76200   3.18e+00  1.51e-01  1.23e-01  8.13e-02  7.39e-02  5.65e-02  4.98e+04  3.33e+03 -1.00e+05
2015 06 17  2115   57190  76500   3.13e+00  1.58e-01  1.30e-01  8.79e-02  7.30e-02  4.71e-02  5.10e+04  3.45e+03 -1.00e+05
2015 06 17  2120   57190  76800   3.08e+00  1.50e-01  1.22e-01  7.90e-02  4.32e-02  1.75e-02  5.01e+04  3.36e+03 -1.00e+05
2015 06 17  2125   57190  77100   3.17e+00  1.65e-01  1.37e-01  9.39e-02  4.84e-02  1.94e-02  4.93e+04  3.24e+03 -1.00e+05
2015 06 17  2130   57190  77400   3.34e+00  1.25e-01  9.69e-02  5.52e-02  4.78e-02  2.46e-02  4.79e+04  3.13e+03 -1.00e+05
2015 06 17  2135   57190  77700   3.11e+00  2.03e-01  1.75e-01  1.34e-01  1.26e-01  7.73e-02  4.70e+04  3.05e+03 -1.00e+05
2015 06 17  2140   57190  78000   3.28e+00  1.26e-01  9.80e-02  5.59e-02  4.13e-02  2.19e-02  4.63e+04  2.90e+03 -1.00e+05
2015 06 17  2145   57190  78300   3.01e+00  1.42e-01  1.14e-01  7.20e-02  6.22e-02  4.42e-02  4.66e+04  3.01e+03 -1.00e+05
2015 06 17  2150   57190  78600   2.87e+00  1.47e-01  1.19e-01  7.68e-02  6.14e-02  4.17e-02  4.66e+04  2.92e+03 -1.00e+05
2015 06 17  2155   57190  78900   2.83e+00  2.44e-01  2.16e-01  8.52e-02  7.78e-02  6.04e-02  4.65e+04  2.96e+03 -1.00e+05
2015 06 17  2200   57190  79200   4.44e+00  2.99e-01  1.75e-01  1.16e-01  8.99e-02  3.35e-02  4.66e+04  2.87e+03 -1.00e+05
2015 06 17  2205   57190  79500   4.07e+00  2.56e-01  1.47e-01  9.36e-02  8.62e-02  4.11e-02  4.60e+04  2.89e+03 -1.00e+05
2015 06 17  2210   57190  79800   2.98e+00  1.79e-01  1.54e-01  1.16e-01  1.09e-01  6.18e-02  4.68e+04  2.96e+03 -1.00e+05
2015 06 17  2215   57190  80100   2.94e+00  2.61e-01  2.36e-01  1.95e-01  1.13e-01  5.23e-02  4.60e+04  2.96e+03 -1.00e+05
2015 06 17  2220   57190  80400   3.34e+00  1.33e-01  8.84e-02  4.68e-02  3.60e-02  1.77e-02  4.60e+04  2.87e+03 -1.00e+05
2015 06 17  2225   57190  80700   2.86e+00  1.31e-01  1.06e-01  6.76e-02  6.03e-02  4.29e-02  4.59e+04  2.86e+03 -1.00e+05
2015 06 17  2230   57190  81000   2.94e+00  1.77e-01  1.51e-01  5.99e-02  3.90e-02  1.77e-02  4.47e+04  2.80e+03 -1.00e+05
2015 06 17  2235   57190  81300   3.76e+00  2.43e-01  1.50e-01  4.78e-02  4.04e-02  2.31e-02  4.40e+04  2.75e+03 -1.00e+05
2015 06 17  2240   57190  81600   2.59e+00  1.54e-01  1.29e-01  8.95e-02  5.85e-02  3.55e-02  4.40e+04  2.66e+03 -1.00e+05
2015 06 17  2245   57190  81900   2.64e+00  2.24e-01  1.99e-01  1.54e-01  9.63e-02  4.65e-02  4.39e+04  2.60e+03 -1.00e+05
2015 06 17  2250   57190  82200   5.07e+00  4.38e-01  1.53e-01  4.25e-02  3.51e-02  1.77e-02  4.35e+04  2.61e+03 -1.00e+05
2015 06 17  2255   57190  82500   3.48e+00  2.14e-01  1.54e-01  1.09e-01  8.34e-02  3.15e-02  4.16e+04  2.51e+03 -1.00e+05
2015 06 17  2300   57190  82800   2.98e+00  1.93e-01  1.49e-01  5.77e-02  5.03e-02  3.30e-02  4.12e+04  2.39e+03 -1.00e+05
2015 06 17  2305   57190  83100   2.27e+00  1.06e-01  8.04e-02  4.25e-02  3.51e-02  1.77e-02  4.15e+04  2.44e+03 -1.00e+05
2015 06 17  2310   57190  83400   2.30e+00  1.06e-01  8.04e-02  4.25e-02  3.51e-02  1.77e-02  3.97e+04  2.30e+03 -1.00e+05
2015 06 17  2315   57190  83700   2.92e+00  1.47e-01  1.02e-01  5.99e-02  3.90e-02  1.77e-02  3.96e+04  2.22e+03 -1.00e+05
2015 06 17  2320   57190  84000   2.65e+00  3.74e-01  3.49e-01  1.91e-01  1.35e-01  6.57e-02  3.95e+04  2.21e+03 -1.00e+05
2015 06 17  2325   57190  84300   2.35e+00  1.06e-01  8.04e-02  4.25e-02  3.51e-02  1.77e-02  3.93e+04  2.17e+03 -1.00e+05
2015 06 17  2330   57190  84600   4.49e+00  2.74e-01  1.39e-01  9.90e-02  9.17e-02  4.66e-02  3.77e+04  2.05e+03 -1.00e+05
2015 06 17  2335   57190  84900   4.14e+00  3.34e-01  1.72e-01  6.64e-02  4.05e-02  1.77e-02  3.64e+04  1.95e+03 -1.00e+05
2015 06 17  2340   57190  85200   2.17e+00  1.48e-01  1.23e-01  8.40e-02  5.63e-02  3.30e-02  3.57e+04  1.95e+03 -1.00e+05
2015 06 17  2345   57190  85500   2.25e+00  1.59e-01  1.34e-01  4.29e-02  3.55e-02  1.81e-02  3.57e+04  1.88e+03 -1.00e+05
2015 06 17  2350   57190  85800   3.45e+00  3.35e-01  2.43e-01  6.76e-02  6.03e-02  4.29e-02  3.59e+04  1.87e+03 -1.00e+05
2015 06 17  2355   57190  86100   1.93e+00  2.61e-01  2.36e-01  6.64e-02  4.05e-02  1.77e-02  3.58e+04  1.88e+03 -1.00e+05
