:Data_list: 20151226_Gp_part_5m.txt
:Created: 2015 Dec 27 0011 UTC
# Prepared by the U.S. Dept. of Commerce, NOAA, Space Weather Prediction Center
# Please send comments and suggestions to SWPC.Webmaster@noaa.gov 
# 
# Label: P > 1 = Particles at >1 Mev
# Label: P > 5 = Particles at >5 Mev
# Label: P >10 = Particles at >10 Mev
# Label: P >30 = Particles at >30 Mev
# Label: P >50 = Particles at >50 Mev
# Label: P>100 = Particles at >100 Mev
# Label: E>0.8 = Electrons at >0.8 Mev
# Label: E>2.0 = Electrons at >2.0 Mev
# Label: E>4.0 = Electrons at >4.0 Mev
# Units: Particles = Protons/cm2-s-sr
# Units: Electrons = Electrons/cm2-s-sr
# Source: GOES-13
# Location: W075
# Missing data: -1.00e+05
#
#                      5-minute  GOES-13 Solar Particle and Electron Flux
#
#                 Modified Seconds
# UTC Date  Time   Julian  of the
# YR MO DA  HHMM    Day     Day     P > 1     P > 5     P >10     P >30     P >50     P>100     E>0.8     E>2.0     E>4.0
#-------------------------------------------------------------------------------------------------------------------------
2015 12 26  0000   57382      0   4.98e+00  1.81e-01  1.54e-01  7.40e-02  4.88e-02  2.32e-02  1.41e+04  7.33e+02 -1.00e+05
2015 12 26  0005   57382    300   7.85e+00  2.61e-01  1.46e-01  5.49e-02  4.45e-02  2.32e-02  1.32e+04  6.97e+02 -1.00e+05
2015 12 26  0010   57382    600   4.53e+00  1.34e-01  1.07e-01  6.74e-02  4.74e-02  2.32e-02  1.43e+04  7.31e+02 -1.00e+05
2015 12 26  0015   57382    900   5.06e+00  1.80e-01  1.53e-01  1.13e-01  7.87e-02  5.03e-02  1.42e+04  6.88e+02 -1.00e+05
2015 12 26  0020   57382   1200   5.20e+00  1.48e-01  1.21e-01  8.20e-02  7.17e-02  5.03e-02  1.34e+04  6.88e+02 -1.00e+05
2015 12 26  0025   57382   1500   1.02e+01  3.49e-01  1.38e-01  9.69e-02  8.65e-02  3.66e-02  1.29e+04  6.78e+02 -1.00e+05
2015 12 26  0030   57382   1800   4.27e+00  1.61e-01  1.33e-01  9.44e-02  8.41e-02  6.27e-02  1.49e+04  6.95e+02 -1.00e+05
2015 12 26  0035   57382   2100   3.84e+00  1.62e-01  1.34e-01  5.49e-02  4.45e-02  2.32e-02  1.41e+04  6.80e+02 -1.00e+05
2015 12 26  0040   57382   2400   4.89e+00  3.26e-01  2.20e-01  6.55e-02  5.52e-02  2.66e-02  1.39e+04  6.67e+02 -1.00e+05
2015 12 26  0045   57382   2700   4.39e+00  2.63e-01  1.50e-01  1.09e-01  9.89e-02  7.75e-02  1.42e+04  6.47e+02 -1.00e+05
2015 12 26  0050   57382   3000   2.78e+00  2.08e-01  1.81e-01  1.00e-01  5.47e-02  2.32e-02  1.28e+04  6.11e+02 -1.00e+05
2015 12 26  0055   57382   3300   2.41e+00  1.21e-01  9.38e-02  5.49e-02  4.45e-02  2.32e-02  1.31e+04  6.07e+02 -1.00e+05
2015 12 26  0100   57382   3600   2.61e+00  1.39e-01  1.12e-01  7.27e-02  5.42e-02  3.05e-02  1.31e+04  5.84e+02 -1.00e+05
2015 12 26  0105   57382   3900   4.05e+00  3.43e-01  1.45e-01  5.49e-02  4.45e-02  2.32e-02  1.09e+04  5.30e+02 -1.00e+05
2015 12 26  0110   57382   4200   2.47e+00  1.74e-01  1.08e-01  6.22e-02  5.19e-02  3.05e-02  1.13e+04  5.27e+02 -1.00e+05
2015 12 26  0115   57382   4500   2.29e+00  3.26e-01  2.13e-01  8.45e-02  7.41e-02  5.28e-02  1.02e+04  5.11e+02 -1.00e+05
2015 12 26  0120   57382   4800   1.09e+00  1.23e-01  9.62e-02  5.72e-02  4.69e-02  2.55e-02  9.24e+03  4.44e+02 -1.00e+05
2015 12 26  0125   57382   5100   1.89e+00  2.15e-01  1.48e-01  5.49e-02  4.45e-02  2.32e-02  5.59e+03  2.80e+02 -1.00e+05
2015 12 26  0130   57382   5400   1.49e+00  1.21e-01  9.38e-02  5.49e-02  4.45e-02  2.32e-02  5.09e+03  2.19e+02 -1.00e+05
2015 12 26  0135   57382   5700   2.50e+00  2.24e-01  1.10e-01  5.49e-02  4.45e-02  2.32e-02  5.11e+03  2.22e+02 -1.00e+05
2015 12 26  0140   57382   6000   2.14e+00  1.45e-01  1.17e-01  7.81e-02  5.80e-02  2.66e-02  5.77e+03  2.51e+02 -1.00e+05
2015 12 26  0145   57382   6300   2.15e+00  1.81e-01  1.54e-01  1.15e-01  1.05e-01  6.26e-02  6.39e+03  3.01e+02 -1.00e+05
2015 12 26  0150   57382   6600   1.66e+00  2.02e-01  1.75e-01  8.17e-02  6.58e-02  4.29e-02  7.13e+03  3.15e+02 -1.00e+05
2015 12 26  0155   57382   6900   1.53e+00  1.53e-01  1.26e-01  8.70e-02  7.66e-02  5.52e-02  6.42e+03  2.95e+02 -1.00e+05
2015 12 26  0200   57382   7200   1.49e+00  1.92e-01  1.65e-01  1.24e-01  8.72e-02  5.82e-02  5.85e+03  2.70e+02 -1.00e+05
2015 12 26  0205   57382   7500   3.08e+00  2.92e-01  1.08e-01  6.63e-02  4.69e-02  2.31e-02  5.54e+03  2.40e+02 -1.00e+05
2015 12 26  0210   57382   7800   2.94e+00  4.71e-01  2.14e-01  9.97e-02  8.93e-02  6.81e-02  5.59e+03  2.57e+02 -1.00e+05
2015 12 26  0215   57382   8100   1.40e+00  1.21e-01  9.39e-02  5.47e-02  4.43e-02  2.31e-02  6.28e+03  2.88e+02 -1.00e+05
2015 12 26  0220   57382   8400   1.60e+00  1.60e-01  1.33e-01  5.52e-02  4.48e-02  2.35e-02  5.41e+03  2.63e+02 -1.00e+05
2015 12 26  0225   57382   8700   1.53e+00  1.21e-01  9.39e-02  5.47e-02  4.43e-02  2.31e-02  5.26e+03  2.42e+02 -1.00e+05
2015 12 26  0230   57382   9000   1.23e+00  1.21e-01  9.39e-02  5.47e-02  4.43e-02  2.31e-02  5.37e+03  2.32e+02 -1.00e+05
2015 12 26  0235   57382   9300   9.73e-01  1.21e-01  9.39e-02  5.47e-02  4.43e-02  2.31e-02  5.57e+03  2.25e+02 -1.00e+05
2015 12 26  0240   57382   9600   9.29e-01  1.75e-01  1.48e-01  7.08e-02  5.98e-02  3.84e-02  4.29e+03  1.65e+02 -1.00e+05
2015 12 26  0245   57382   9900   1.05e+00  1.21e-01  9.39e-02  5.47e-02  4.43e-02  2.31e-02  4.93e+03  2.06e+02 -1.00e+05
2015 12 26  0250   57382  10200   1.37e+00  2.76e-01  2.49e-01  9.14e-02  5.07e-02  2.31e-02  5.38e+03  2.23e+02 -1.00e+05
2015 12 26  0255   57382  10500   1.35e+00  1.53e-01  1.26e-01  8.59e-02  5.13e-02  2.31e-02  6.30e+03  2.63e+02 -1.00e+05
2015 12 26  0300   57382  10800   1.92e+00  2.27e-01  1.10e-01  5.47e-02  4.43e-02  2.31e-02  6.49e+03  2.37e+02 -1.00e+05
2015 12 26  0305   57382  11100   1.73e+00  2.11e-01  1.44e-01  6.01e-02  4.97e-02  2.85e-02  4.73e+03  2.00e+02 -1.00e+05
2015 12 26  0310   57382  11400   1.59e+00  2.23e-01  1.96e-01  1.29e-01  9.97e-02  7.30e-02  4.46e+03  1.85e+02 -1.00e+05
2015 12 26  0315   57382  11700   2.75e+00  2.36e-01  9.61e-02  5.47e-02  4.43e-02  2.31e-02  4.32e+03  1.70e+02 -1.00e+05
2015 12 26  0320   57382  12000   1.71e+00  2.04e-01  1.77e-01  1.38e-01  1.28e-01  7.20e-02  4.65e+03  1.77e+02 -1.00e+05
2015 12 26  0325   57382  12300   1.99e+00  1.60e-01  1.32e-01  5.47e-02  4.43e-02  2.31e-02  5.61e+03  2.19e+02 -1.00e+05
2015 12 26  0330   57382  12600   1.86e+00  1.53e-01  1.26e-01  8.66e-02  7.62e-02  2.44e-02  6.10e+03  2.27e+02 -1.00e+05
2015 12 26  0335   57382  12900   2.25e+00  1.95e-01  1.68e-01  1.27e-01  8.58e-02  5.82e-02  6.27e+03  2.26e+02 -1.00e+05
2015 12 26  0340   57382  13200   2.27e+00  1.26e-01  9.93e-02  6.01e-02  4.97e-02  2.85e-02  6.37e+03  2.39e+02 -1.00e+05
2015 12 26  0345   57382  13500   2.68e+00  1.40e-01  1.13e-01  7.28e-02  4.84e-02  2.31e-02  7.66e+03  2.82e+02 -1.00e+05
2015 12 26  0350   57382  13800   3.15e+00  1.21e-01  9.39e-02  5.47e-02  4.43e-02  2.31e-02  7.33e+03  2.84e+02 -1.00e+05
2015 12 26  0355   57382  14100   2.54e+00  1.60e-01  1.32e-01  5.47e-02  4.43e-02  2.31e-02  6.91e+03  2.77e+02 -1.00e+05
2015 12 26  0400   57382  14400   2.74e+00  2.38e-01  2.10e-01  5.47e-02  4.43e-02  2.31e-02  7.44e+03  2.79e+02 -1.00e+05
2015 12 26  0405   57382  14700   5.30e+00  3.70e-01  1.65e-01  1.23e-01  8.49e-02  5.57e-02  7.34e+03  2.75e+02 -1.00e+05
2015 12 26  0410   57382  15000   2.82e+00  1.21e-01  9.39e-02  5.47e-02  4.43e-02  2.31e-02  7.55e+03  2.70e+02 -1.00e+05
2015 12 26  0415   57382  15300   2.46e+00  1.37e-01  1.10e-01  7.02e-02  5.20e-02  2.85e-02  8.26e+03  2.91e+02 -1.00e+05
2015 12 26  0420   57382  15600   2.29e+00  1.23e-01  9.58e-02  5.66e-02  4.62e-02  2.37e-02  7.86e+03  2.95e+02 -1.00e+05
2015 12 26  0425   57382  15900   2.77e+00  1.60e-01  1.33e-01  9.37e-02  8.33e-02  5.61e-02  8.29e+03  2.86e+02 -1.00e+05
2015 12 26  0430   57382  16200   3.25e+00  1.69e-01  1.01e-01  5.47e-02  4.43e-02  2.31e-02  8.18e+03  2.89e+02 -1.00e+05
2015 12 26  0435   57382  16500   4.71e+00  2.11e-01  9.62e-02  5.47e-02  4.43e-02  2.31e-02  8.77e+03  3.08e+02 -1.00e+05
2015 12 26  0440   57382  16800   3.03e+00  1.47e-01  1.19e-01  7.94e-02  4.99e-02  2.31e-02  8.64e+03  3.29e+02 -1.00e+05
2015 12 26  0445   57382  17100   3.41e+00  2.27e-01  1.99e-01  1.60e-01  1.50e-01  6.90e-02  8.63e+03  3.18e+02 -1.00e+05
2015 12 26  0450   57382  17400   5.98e+00  2.75e-01  1.59e-01  6.75e-02  5.72e-02  3.59e-02  7.95e+03  2.92e+02 -1.00e+05
2015 12 26  0455   57382  17700   6.23e+00  2.50e-01  1.34e-01  7.91e-02  6.36e-02  4.09e-02  7.41e+03  2.76e+02 -1.00e+05
2015 12 26  0500   57382  18000   7.95e+00  2.59e-01  9.60e-02  5.47e-02  4.43e-02  2.31e-02  7.64e+03  2.72e+02 -1.00e+05
2015 12 26  0505   57382  18300   3.76e+00  1.47e-01  1.20e-01  8.09e-02  6.59e-02  4.33e-02  7.68e+03  2.91e+02 -1.00e+05
2015 12 26  0510   57382  18600   3.26e+00  1.21e-01  9.39e-02  5.47e-02  4.43e-02  2.31e-02  8.78e+03  3.17e+02 -1.00e+05
2015 12 26  0515   57382  18900   3.41e+00  1.29e-01  1.02e-01  6.26e-02  5.22e-02  3.09e-02  7.77e+03  3.07e+02 -1.00e+05
2015 12 26  0520   57382  19200   3.01e+00  1.36e-01  1.09e-01  7.00e-02  5.96e-02  3.84e-02  8.11e+03  2.94e+02 -1.00e+05
2015 12 26  0525   57382  19500   3.94e+00  2.50e-01  1.35e-01  7.99e-02  6.95e-02  4.83e-02  7.78e+03  2.84e+02 -1.00e+05
2015 12 26  0530   57382  19800   2.68e+00  2.06e-01  1.79e-01  1.38e-01  9.86e-02  3.78e-02  8.20e+03  2.97e+02 -1.00e+05
2015 12 26  0535   57382  20100   2.96e+00  2.38e-01  2.10e-01  5.47e-02  4.43e-02  2.31e-02  8.15e+03  2.79e+02 -1.00e+05
2015 12 26  0540   57382  20400   2.79e+00  1.21e-01  9.39e-02  5.47e-02  4.43e-02  2.31e-02  7.46e+03  2.78e+02 -1.00e+05
2015 12 26  0545   57382  20700   5.93e+00  3.52e-01  1.83e-01  9.30e-02  5.07e-02  2.31e-02  8.05e+03  2.85e+02 -1.00e+05
2015 12 26  0550   57382  21000   3.07e+00  1.98e-01  1.71e-01  1.31e-01  1.02e-01  4.19e-02  7.94e+03  2.91e+02 -1.00e+05
2015 12 26  0555   57382  21300   4.40e+00  2.10e-01  1.42e-01  9.41e-02  5.36e-02  2.60e-02  8.16e+03  2.91e+02 -1.00e+05
2015 12 26  0600   57382  21600   5.69e+00  2.38e-01  1.24e-01  8.24e-02  7.20e-02  5.08e-02  8.33e+03  3.00e+02 -1.00e+05
2015 12 26  0605   57382  21900   4.97e+00  3.13e-01  1.94e-01  1.38e-01  1.08e-01  4.18e-02  8.54e+03  3.10e+02 -1.00e+05
2015 12 26  0610   57382  22200   6.73e+00  2.82e-01  9.78e-02  5.66e-02  4.62e-02  2.37e-02  8.39e+03  3.05e+02 -1.00e+05
2015 12 26  0615   57382  22500   3.22e+00  1.28e-01  1.01e-01  6.16e-02  4.73e-02  2.37e-02  8.76e+03  3.23e+02 -1.00e+05
2015 12 26  0620   57382  22800   5.88e+00  2.11e-01  9.62e-02  5.47e-02  4.43e-02  2.31e-02  8.66e+03  3.21e+02 -1.00e+05
2015 12 26  0625   57382  23100   3.32e+00  1.94e-01  1.67e-01  8.79e-02  7.75e-02  3.37e-02  8.72e+03  3.26e+02 -1.00e+05
2015 12 26  0630   57382  23400   3.04e+00  1.26e-01  9.91e-02  5.97e-02  4.54e-02  2.31e-02  8.90e+03  3.26e+02 -1.00e+05
2015 12 26  0635   57382  23700   3.28e+00  3.24e-01  2.93e-01  1.32e-01  9.71e-02  3.78e-02  8.63e+03  3.34e+02 -1.00e+05
2015 12 26  0640   57382  24000   2.84e+00  1.54e-01  1.27e-01  8.79e-02  7.75e-02  3.37e-02  9.56e+03  3.30e+02 -1.00e+05
2015 12 26  0645   57382  24300   2.59e+00  2.20e-01  1.93e-01  1.50e-01  1.40e-01  7.42e-02  7.63e+03  2.79e+02 -1.00e+05
2015 12 26  0650   57382  24600   4.40e+00  2.17e-01  1.01e-01  5.97e-02  4.54e-02  2.31e-02  7.62e+03  2.63e+02 -1.00e+05
2015 12 26  0655   57382  24900   2.09e+00  1.85e-01  1.58e-01  9.90e-02  7.22e-02  3.92e-02  7.36e+03  2.63e+02 -1.00e+05
2015 12 26  0700   57382  25200   4.19e+00  2.59e-01  9.60e-02  5.47e-02  4.43e-02  2.31e-02  7.17e+03  2.49e+02 -1.00e+05
2015 12 26  0705   57382  25500   2.57e+00  1.69e-01  1.01e-01  5.47e-02  4.43e-02  2.31e-02  7.16e+03  2.40e+02 -1.00e+05
2015 12 26  0710   57382  25800   2.23e+00  2.43e-01  2.16e-01  1.74e-01  1.03e-01  3.57e-02  7.14e+03  2.40e+02 -1.00e+05
2015 12 26  0715   57382  26100   3.85e+00  2.75e-01  1.48e-01  1.06e-01  8.16e-02  3.37e-02  7.30e+03  2.50e+02 -1.00e+05
2015 12 26  0720   57382  26400   2.96e+00  2.36e-01  9.66e-02  5.52e-02  4.48e-02  2.35e-02  7.71e+03  2.73e+02 -1.00e+05
2015 12 26  0725   57382  26700   2.04e+00  1.85e-01  1.58e-01  8.74e-02  7.70e-02  5.57e-02  7.75e+03  2.86e+02 -1.00e+05
2015 12 26  0730   57382  27000   1.81e+00  1.60e-01  1.32e-01  5.47e-02  4.43e-02  2.31e-02  8.07e+03  2.89e+02 -1.00e+05
2015 12 26  0735   57382  27300   2.35e+00  1.51e-01  1.24e-01  8.49e-02  7.45e-02  5.32e-02  8.39e+03  2.95e+02 -1.00e+05
2015 12 26  0740   57382  27600   3.05e+00  1.99e-01  1.71e-01  1.31e-01  8.87e-02  5.82e-02  7.08e+03  2.63e+02 -1.00e+05
2015 12 26  0745   57382  27900   3.18e+00  3.77e-01  3.50e-01  1.70e-01  1.25e-01  4.58e-02  8.28e+03  2.79e+02 -1.00e+05
2015 12 26  0750   57382  28200   2.78e+00  1.71e-01  1.43e-01  1.03e-01  5.94e-02  2.85e-02  8.28e+03  2.90e+02 -1.00e+05
2015 12 26  0755   57382  28500   3.89e+00  1.88e-01  1.20e-01  7.28e-02  4.84e-02  2.31e-02  8.37e+03  2.87e+02 -1.00e+05
2015 12 26  0800   57382  28800   4.00e+00  2.99e-01  1.80e-01  1.38e-01  1.03e-01  3.98e-02  8.04e+03  2.87e+02 -1.00e+05
2015 12 26  0805   57382  29100   5.41e+00  3.10e-01  1.48e-01  1.07e-01  9.68e-02  7.55e-02  8.34e+03  2.85e+02 -1.00e+05
2015 12 26  0810   57382  29400   3.53e+00  2.04e-01  1.77e-01  9.73e-02  5.07e-02  2.31e-02  8.49e+03  2.97e+02 -1.00e+05
2015 12 26  0815   57382  29700   3.33e+00  1.69e-01  1.41e-01  1.02e-01  9.18e-02  7.06e-02  8.44e+03  3.02e+02 -1.00e+05
2015 12 26  0820   57382  30000   3.56e+00  1.21e-01  9.39e-02  5.47e-02  4.43e-02  2.31e-02  9.53e+03  3.22e+02 -1.00e+05
2015 12 26  0825   57382  30300   6.31e+00  2.36e-01  9.61e-02  5.47e-02  4.43e-02  2.31e-02  9.42e+03  3.48e+02 -1.00e+05
2015 12 26  0830   57382  30600   3.84e+00  1.54e-01  1.27e-01  8.74e-02  7.70e-02  5.57e-02  1.11e+04  4.05e+02 -1.00e+05
2015 12 26  0835   57382  30900   7.63e+00  2.11e-01  9.62e-02  5.47e-02  4.43e-02  2.31e-02  1.08e+04  3.93e+02 -1.00e+05
2015 12 26  0840   57382  31200   9.86e+00  3.86e-01  1.69e-01  8.98e-02  7.94e-02  5.82e-02  1.11e+04  4.06e+02 -1.00e+05
2015 12 26  0845   57382  31500   5.34e+00  1.33e-01  1.06e-01  6.63e-02  4.69e-02  2.31e-02  1.08e+04  3.93e+02 -1.00e+05
2015 12 26  0850   57382  31800   5.12e+00  1.21e-01  9.39e-02  5.47e-02  4.43e-02  2.31e-02  1.09e+04  4.21e+02 -1.00e+05
2015 12 26  0855   57382  32100   9.04e+00  3.69e-01  2.52e-01  7.94e-02  4.99e-02  2.31e-02  1.25e+04  4.57e+02 -1.00e+05
2015 12 26  0900   57382  32400   5.10e+00  1.84e-01  1.56e-01  1.17e-01  9.12e-02  6.56e-02  1.25e+04  4.67e+02 -1.00e+05
2015 12 26  0905   57382  32700   1.29e+01  2.92e-01  1.08e-01  6.63e-02  4.69e-02  2.31e-02  1.27e+04  4.77e+02 -1.00e+05
2015 12 26  0910   57382  33000   5.94e+00  1.21e-01  9.39e-02  5.47e-02  4.43e-02  2.31e-02  1.35e+04  5.13e+02 -1.00e+05
2015 12 26  0915   57382  33300   1.02e+01  2.27e-01  1.10e-01  5.47e-02  4.43e-02  2.31e-02  1.31e+04  5.32e+02 -1.00e+05
2015 12 26  0920   57382  33600   8.74e+00  1.69e-01  1.01e-01  5.47e-02  4.43e-02  2.31e-02  1.44e+04  5.44e+02 -1.00e+05
2015 12 26  0925   57382  33900   7.29e+00  2.44e-01  2.17e-01  1.76e-01  1.31e-01  4.78e-02  1.34e+04  5.68e+02 -1.00e+05
2015 12 26  0930   57382  34200   7.70e+00  2.92e-01  2.65e-01  1.49e-01  1.39e-01  7.05e-02  1.44e+04  5.88e+02 -1.00e+05
2015 12 26  0935   57382  34500   1.09e+01  2.95e-01  1.82e-01  1.27e-01  1.17e-01  5.16e-02  1.46e+04  5.70e+02 -1.00e+05
2015 12 26  0940   57382  34800   7.58e+00  1.41e-01  1.14e-01  7.50e-02  6.46e-02  4.33e-02  1.44e+04  6.32e+02 -1.00e+05
2015 12 26  0945   57382  35100   9.48e+00  1.21e-01  9.39e-02  5.47e-02  4.43e-02  2.31e-02  1.64e+04  6.47e+02 -1.00e+05
2015 12 26  0950   57382  35400   9.16e+00  1.21e-01  9.39e-02  5.47e-02  4.43e-02  2.31e-02  1.43e+04  6.24e+02 -1.00e+05
2015 12 26  0955   57382  35700   1.03e+01  1.47e-01  1.20e-01  8.03e-02  5.81e-02  3.34e-02  1.51e+04  6.18e+02 -1.00e+05
2015 12 26  1000   57382  36000   1.01e+01  1.73e-01  1.46e-01  1.07e-01  9.63e-02  3.98e-02  1.46e+04  6.15e+02 -1.00e+05
2015 12 26  1005   57382  36300   1.03e+01  2.75e-01  2.48e-01  1.00e-01  8.36e-02  6.07e-02  1.50e+04  6.71e+02 -1.00e+05
2015 12 26  1010   57382  36600   1.05e+01  1.60e-01  1.33e-01  9.25e-02  5.28e-02  2.31e-02  1.64e+04  6.92e+02 -1.00e+05
2015 12 26  1015   57382  36900   1.17e+01  2.12e-01  1.84e-01  6.63e-02  4.69e-02  2.31e-02  1.61e+04  7.04e+02 -1.00e+05
2015 12 26  1020   57382  37200   1.16e+01  1.43e-01  1.16e-01  7.67e-02  6.63e-02  4.50e-02  1.56e+04  6.94e+02 -1.00e+05
2015 12 26  1025   57382  37500   1.22e+01  3.54e-01  3.27e-01  9.55e-02  5.32e-02  2.37e-02  1.66e+04  6.93e+02 -1.00e+05
2015 12 26  1030   57382  37800   1.30e+01  1.21e-01  9.39e-02  5.47e-02  4.43e-02  2.31e-02  1.59e+04  7.12e+02 -1.00e+05
2015 12 26  1035   57382  38100   2.54e+01  3.07e-01  1.46e-01  1.05e-01  9.43e-02  7.30e-02  1.63e+04  7.21e+02 -1.00e+05
2015 12 26  1040   57382  38400   2.02e+01  2.27e-01  1.12e-01  5.66e-02  4.62e-02  2.37e-02  1.62e+04  6.94e+02 -1.00e+05
2015 12 26  1045   57382  38700   2.04e+01  2.32e-01  1.15e-01  5.97e-02  4.54e-02  2.31e-02  1.62e+04  7.31e+02 -1.00e+05
2015 12 26  1050   57382  39000   1.85e+01  2.26e-01  1.58e-01  7.28e-02  4.84e-02  2.31e-02  1.65e+04  7.38e+02 -1.00e+05
2015 12 26  1055   57382  39300   1.44e+01  1.50e-01  1.23e-01  6.91e-02  5.87e-02  2.77e-02  1.66e+04  7.40e+02 -1.00e+05
2015 12 26  1100   57382  39600   1.43e+01  1.59e-01  1.32e-01  9.30e-02  7.87e-02  3.37e-02  1.63e+04  7.26e+02 -1.00e+05
2015 12 26  1105   57382  39900   1.93e+01  1.78e-01  1.10e-01  6.36e-02  5.05e-02  2.85e-02  1.62e+04  7.40e+02 -1.00e+05
2015 12 26  1110   57382  40200   1.49e+01  1.21e-01  9.39e-02  5.47e-02  4.43e-02  2.31e-02  1.67e+04  7.18e+02 -1.00e+05
2015 12 26  1115   57382  40500   1.49e+01  2.26e-01  1.99e-01  1.57e-01  9.43e-02  3.96e-02  1.58e+04  7.35e+02 -1.00e+05
2015 12 26  1120   57382  40800   1.38e+01  1.21e-01  9.39e-02  5.47e-02  4.43e-02  2.31e-02  1.67e+04  7.72e+02 -1.00e+05
2015 12 26  1125   57382  41100   1.32e+01  1.22e-01  9.43e-02  5.52e-02  4.48e-02  2.35e-02  1.75e+04  8.40e+02 -1.00e+05
2015 12 26  1130   57382  41400   1.31e+01  1.58e-01  1.30e-01  9.12e-02  8.08e-02  2.44e-02  1.87e+04  8.87e+02 -1.00e+05
2015 12 26  1135   57382  41700   1.57e+01  1.99e-01  1.72e-01  1.32e-01  1.22e-01  5.00e-02  2.04e+04  9.84e+02 -1.00e+05
2015 12 26  1140   57382  42000   1.96e+01  1.81e-01  1.13e-01  6.63e-02  4.69e-02  2.31e-02  2.02e+04  1.02e+03 -1.00e+05
2015 12 26  1145   57382  42300   1.55e+01  1.89e-01  1.62e-01  1.23e-01  1.13e-01  5.88e-02  2.04e+04  1.02e+03 -1.00e+05
2015 12 26  1150   57382  42600   1.90e+01  1.70e-01  1.14e-01  6.91e-02  5.87e-02  2.77e-02  2.06e+04  9.93e+02 -1.00e+05
2015 12 26  1155   57382  42900   1.42e+01  1.60e-01  1.32e-01  5.47e-02  4.43e-02  2.31e-02  2.00e+04  9.69e+02 -1.00e+05
2015 12 26  1200   57382  43200   1.31e+01  1.60e-01  1.33e-01  5.76e-02  4.72e-02  2.60e-02  1.90e+04  9.61e+02 -1.00e+05
2015 12 26  1205   57382  43500   2.61e+01  3.46e-01  1.01e-01  5.97e-02  4.54e-02  2.31e-02  2.02e+04  1.00e+03 -1.00e+05
2015 12 26  1210   57382  43800   1.36e+01  2.07e-01  1.80e-01  1.41e-01  1.31e-01  6.12e-02  2.18e+04  1.08e+03 -1.00e+05
2015 12 26  1215   57382  44100   1.37e+01  1.21e-01  9.39e-02  5.47e-02  4.43e-02  2.31e-02  2.36e+04  1.18e+03 -1.00e+05
2015 12 26  1220   57382  44400   1.91e+01  2.32e-01  1.67e-01  1.20e-01  8.81e-02  6.07e-02  2.15e+04  1.13e+03 -1.00e+05
2015 12 26  1225   57382  44700   1.36e+01  1.46e-01  1.19e-01  7.99e-02  6.95e-02  4.83e-02  2.14e+04  1.10e+03 -1.00e+05
2015 12 26  1230   57382  45000   1.51e+01  1.21e-01  9.39e-02  5.47e-02  4.43e-02  2.31e-02  2.10e+04  1.08e+03 -1.00e+05
2015 12 26  1235   57382  45300   2.75e+01  3.17e-01  1.48e-01  6.01e-02  4.59e-02  2.35e-02  2.14e+04  1.09e+03 -1.00e+05
2015 12 26  1240   57382  45600   1.55e+01  1.58e-01  1.30e-01  5.47e-02  4.43e-02  2.31e-02  2.11e+04  1.10e+03 -1.00e+05
2015 12 26  1245   57382  45900   3.65e+01  3.66e-01  1.40e-01  9.73e-02  5.07e-02  2.31e-02  2.07e+04  1.08e+03 -1.00e+05
2015 12 26  1250   57382  46200   2.66e+01  2.16e-01  1.04e-01  6.29e-02  5.25e-02  2.57e-02  2.20e+04  1.14e+03 -1.00e+05
2015 12 26  1255   57382  46500   3.48e+01  3.15e-01  1.31e-01  8.93e-02  6.97e-02  4.58e-02  2.20e+04  1.17e+03 -1.00e+05
2015 12 26  1300   57382  46800   2.16e+01  2.17e-01  1.52e-01  1.05e-01  6.12e-02  2.97e-02  2.23e+04  1.21e+03 -1.00e+05
2015 12 26  1305   57382  47100   1.75e+01  1.31e-01  1.04e-01  6.51e-02  5.47e-02  3.34e-02  2.48e+04  1.40e+03 -1.00e+05
2015 12 26  1310   57382  47400   1.82e+01  2.04e-01  1.77e-01  1.38e-01  1.28e-01  4.98e-02  2.62e+04  1.41e+03 -1.00e+05
2015 12 26  1315   57382  47700   2.17e+01  2.65e-01  2.19e-01  1.76e-01  1.41e-01  5.22e-02  2.50e+04  1.47e+03 -1.00e+05
2015 12 26  1320   57382  48000   1.80e+01  1.86e-01  1.58e-01  1.19e-01  1.09e-01  4.38e-02  2.71e+04  1.49e+03 -1.00e+05
2015 12 26  1325   57382  48300   1.84e+01  2.30e-01  2.03e-01  1.63e-01  1.33e-01  4.98e-02  2.75e+04  1.57e+03 -1.00e+05
2015 12 26  1330   57382  48600   2.92e+01  2.83e-01  1.73e-01  6.29e-02  5.25e-02  2.57e-02  2.87e+04  1.67e+03 -1.00e+05
2015 12 26  1335   57382  48900   1.90e+01  1.44e-01  1.17e-01  7.75e-02  6.71e-02  4.58e-02  2.97e+04  1.77e+03 -1.00e+05
2015 12 26  1340   57382  49200   2.12e+01  2.06e-01  1.79e-01  1.05e-01  9.43e-02  7.30e-02  3.26e+04  2.00e+03 -1.00e+05
2015 12 26  1345   57382  49500   2.15e+01  1.72e-01  1.45e-01  7.08e-02  5.98e-02  3.84e-02  3.48e+04  2.13e+03 -1.00e+05
2015 12 26  1350   57382  49800   1.98e+01  1.36e-01  1.09e-01  7.00e-02  5.96e-02  3.84e-02  3.47e+04  2.27e+03 -1.00e+05
2015 12 26  1355   57382  50100   1.93e+01  1.35e-01  1.08e-01  6.91e-02  5.87e-02  2.77e-02  3.75e+04  2.50e+03 -1.00e+05
2015 12 26  1400   57382  50400   2.79e+01  2.32e-01  1.15e-01  5.97e-02  4.54e-02  2.31e-02  3.94e+04  2.79e+03 -1.00e+05
2015 12 26  1405   57382  50700   1.95e+01  1.78e-01  1.51e-01  7.56e-02  5.90e-02  3.59e-02  3.84e+04  2.71e+03 -1.00e+05
2015 12 26  1410   57382  51000   2.39e+01  1.29e-01  1.02e-01  6.29e-02  5.25e-02  2.57e-02  4.04e+04  3.07e+03 -1.00e+05
2015 12 26  1415   57382  51300   2.34e+01  1.85e-01  1.58e-01  1.18e-01  9.90e-02  3.98e-02  4.25e+04  3.26e+03 -1.00e+05
2015 12 26  1420   57382  51600   2.55e+01  1.54e-01  1.26e-01  8.63e-02  5.18e-02  2.35e-02  4.27e+04  3.42e+03 -1.00e+05
2015 12 26  1425   57382  51900   2.47e+01  1.93e-01  1.66e-01  7.99e-02  6.95e-02  4.83e-02  4.38e+04  3.42e+03 -1.00e+05
2015 12 26  1430   57382  52200   2.73e+01  1.36e-01  1.09e-01  7.00e-02  5.96e-02  3.84e-02  4.28e+04  3.41e+03 -1.00e+05
2015 12 26  1435   57382  52500   2.28e+01  2.05e-01  1.78e-01  9.91e-02  5.43e-02  2.31e-02  4.63e+04  3.62e+03 -1.00e+05
2015 12 26  1440   57382  52800   2.44e+01  1.72e-01  1.45e-01  1.06e-01  9.12e-02  3.78e-02  4.71e+04  3.59e+03 -1.00e+05
2015 12 26  1445   57382  53100   1.39e+01  2.09e-01  1.82e-01  1.41e-01  7.84e-02  2.97e-02  3.98e+04  2.90e+03 -1.00e+05
2015 12 26  1450   57382  53400   1.55e+01  1.97e-01  1.70e-01  1.31e-01  1.16e-01  4.58e-02  4.38e+04  3.06e+03 -1.00e+05
2015 12 26  1455   57382  53700   1.69e+01  1.58e-01  1.30e-01  5.47e-02  4.43e-02  2.31e-02  4.33e+04  3.11e+03 -1.00e+05
2015 12 26  1500   57382  54000   1.59e+01  1.29e-01  1.02e-01  6.26e-02  5.22e-02  3.09e-02  4.20e+04  3.00e+03 -1.00e+05
2015 12 26  1505   57382  54300   3.13e+01  1.69e-01  1.01e-01  5.47e-02  4.43e-02  2.31e-02  4.23e+04  3.16e+03 -1.00e+05
2015 12 26  1510   57382  54600   4.95e+01  5.05e-01  1.88e-01  7.74e-02  6.70e-02  3.74e-02  4.56e+04  3.51e+03 -1.00e+05
2015 12 26  1515   57382  54900   3.63e+01  3.04e-01  2.36e-01  7.28e-02  4.84e-02  2.31e-02  4.34e+04  3.27e+03 -1.00e+05
2015 12 26  1520   57382  55200   2.77e+01  1.21e-01  9.39e-02  5.47e-02  4.43e-02  2.31e-02  4.46e+04  3.37e+03 -1.00e+05
2015 12 26  1525   57382  55500   3.00e+01  1.79e-01  1.52e-01  1.13e-01  1.03e-01  4.18e-02  4.34e+04  3.30e+03 -1.00e+05
2015 12 26  1530   57382  55800   3.07e+01  1.48e-01  1.21e-01  8.17e-02  7.13e-02  3.17e-02  4.17e+04  3.13e+03 -1.00e+05
2015 12 26  1535   57382  56100   2.76e+01  2.38e-01  2.10e-01  5.47e-02  4.43e-02  2.31e-02  4.01e+04  2.90e+03 -1.00e+05
2015 12 26  1540   57382  56400   2.53e+01  2.97e-01  2.70e-01  1.05e-01  6.17e-02  3.09e-02  3.85e+04  2.77e+03 -1.00e+05
2015 12 26  1545   57382  56700   2.31e+01  1.21e-01  9.39e-02  5.47e-02  4.43e-02  2.31e-02  3.70e+04  2.54e+03 -1.00e+05
2015 12 26  1550   57382  57000   2.42e+01  1.21e-01  9.39e-02  5.47e-02  4.43e-02  2.31e-02  3.73e+04  2.56e+03 -1.00e+05
2015 12 26  1555   57382  57300   2.24e+01  1.53e-01  1.26e-01  8.59e-02  5.13e-02  2.31e-02  3.60e+04  2.37e+03 -1.00e+05
2015 12 26  1600   57382  57600   2.30e+01  1.42e-01  1.15e-01  7.60e-02  6.56e-02  3.19e-02  3.47e+04  2.28e+03 -1.00e+05
2015 12 26  1605   57382  57900   2.32e+01  2.73e-01  2.46e-01  1.40e-01  1.29e-01  5.57e-02  3.58e+04  2.38e+03 -1.00e+05
2015 12 26  1610   57382  58200   2.02e+01  2.24e-01  1.97e-01  1.57e-01  1.22e-01  4.58e-02  3.24e+04  2.03e+03 -1.00e+05
2015 12 26  1615   57382  58500   2.21e+01  2.29e-01  2.02e-01  1.62e-01  1.43e-01  5.39e-02  3.19e+04  1.85e+03 -1.00e+05
2015 12 26  1620   57382  58800   3.73e+01  2.22e-01  1.07e-01  6.54e-02  5.28e-02  3.09e-02  3.40e+04  2.10e+03 -1.00e+05
2015 12 26  1625   57382  59100   2.11e+01  1.74e-01  1.46e-01  1.06e-01  5.58e-02  2.31e-02  3.25e+04  1.94e+03 -1.00e+05
2015 12 26  1630   57382  59400   2.06e+01  1.85e-01  1.58e-01  1.18e-01  9.36e-02  6.81e-02  3.14e+04  1.76e+03 -1.00e+05
2015 12 26  1635   57382  59700   2.21e+01  1.86e-01  1.59e-01  1.19e-01  1.01e-01  7.80e-02  3.33e+04  1.89e+03 -1.00e+05
2015 12 26  1640   57382  60000   2.29e+01  2.38e-01  2.10e-01  5.47e-02  4.43e-02  2.31e-02  3.42e+04  1.95e+03 -1.00e+05
2015 12 26  1645   57382  60300   2.63e+01  1.31e-01  1.04e-01  6.51e-02  5.47e-02  3.34e-02  3.57e+04  2.19e+03 -1.00e+05
2015 12 26  1650   57382  60600   2.28e+01  2.46e-01  2.19e-01  1.80e-01  1.69e-01  7.69e-02  3.45e+04  1.97e+03 -1.00e+05
2015 12 26  1655   57382  60900   3.83e+01  3.52e-01  2.24e-01  1.81e-01  1.48e-01  5.97e-02  3.36e+04  1.95e+03 -1.00e+05
2015 12 26  1700   57382  61200   4.80e+01  2.41e-01  1.26e-01  8.49e-02  7.45e-02  5.32e-02  3.34e+04  1.92e+03 -1.00e+05
2015 12 26  1705   57382  61500   2.40e+01  1.54e-01  1.27e-01  8.80e-02  7.76e-02  3.41e-02  3.21e+04  1.74e+03 -1.00e+05
2015 12 26  1710   57382  61800   2.87e+01  1.59e-01  1.31e-01  9.23e-02  8.19e-02  6.07e-02  3.50e+04  2.03e+03 -1.00e+05
2015 12 26  1715   57382  62100   3.46e+01  1.36e-01  1.09e-01  7.00e-02  5.96e-02  3.84e-02  3.67e+04  2.12e+03 -1.00e+05
2015 12 26  1720   57382  62400   3.40e+01  1.58e-01  1.31e-01  8.70e-02  6.76e-02  2.97e-02  3.50e+04  1.97e+03 -1.00e+05
2015 12 26  1725   57382  62700   3.49e+01  2.41e-01  2.14e-01  7.78e-02  6.74e-02  3.92e-02  3.41e+04  2.00e+03 -1.00e+05
2015 12 26  1730   57382  63000   4.86e+01  2.08e-01  1.40e-01  5.47e-02  4.43e-02  2.31e-02  3.66e+04  2.16e+03 -1.00e+05
2015 12 26  1735   57382  63300   5.42e+01  4.04e-01  2.42e-01  1.40e-01  1.29e-01  5.64e-02  3.59e+04  2.07e+03 -1.00e+05
2015 12 26  1740   57382  63600   5.32e+01  1.83e-01  1.18e-01  7.20e-02  6.16e-02  3.90e-02  3.75e+04  2.32e+03 -1.00e+05
2015 12 26  1745   57382  63900   6.00e+01  2.42e-01  1.37e-01  6.91e-02  5.87e-02  2.77e-02  3.75e+04  2.23e+03 -1.00e+05
2015 12 26  1750   57382  64200   4.39e+01  1.60e-01  1.33e-01  9.37e-02  8.33e-02  5.61e-02  3.78e+04  2.30e+03 -1.00e+05
2015 12 26  1755   57382  64500   4.88e+01  1.60e-01  1.32e-01  5.47e-02  4.43e-02  2.31e-02  3.85e+04  2.42e+03 -1.00e+05
2015 12 26  1800   57382  64800   8.25e+01  2.27e-01  1.10e-01  5.47e-02  4.43e-02  2.31e-02  3.83e+04  2.36e+03 -1.00e+05
2015 12 26  1805   57382  65100   5.24e+01  1.49e-01  1.22e-01  8.27e-02  7.23e-02  3.57e-02  3.93e+04  2.40e+03 -1.00e+05
2015 12 26  1810   57382  65400   4.84e+01  1.72e-01  1.40e-01  1.00e-01  9.01e-02  3.78e-02  3.76e+04  2.18e+03 -1.00e+05
2015 12 26  1815   57382  65700   4.57e+01  2.76e-01  2.49e-01  9.25e-02  5.28e-02  2.31e-02  3.65e+04  2.19e+03 -1.00e+05
2015 12 26  1820   57382  66000   8.45e+01  2.51e-01  1.12e-01  7.02e-02  5.20e-02  2.85e-02  3.77e+04  2.20e+03 -1.00e+05
2015 12 26  1825   57382  66300   8.19e+01  2.41e-01  1.01e-01  5.97e-02  4.54e-02  2.31e-02  3.63e+04  2.13e+03 -1.00e+05
2015 12 26  1830   57382  66600   4.11e+01  1.97e-01  1.70e-01  1.31e-01  1.16e-01  4.58e-02  3.43e+04  1.95e+03 -1.00e+05
2015 12 26  1835   57382  66900   7.66e+01  5.34e-01  3.00e-01  1.22e-01  7.71e-02  4.58e-02  3.31e+04  1.87e+03 -1.00e+05
2015 12 26  1840   57382  67200   6.62e+01  2.27e-01  1.23e-01  8.17e-02  7.13e-02  3.17e-02  3.12e+04  1.82e+03 -1.00e+05
2015 12 26  1845   57382  67500   3.69e+01  3.07e-01  2.80e-01  1.37e-01  1.13e-01  4.38e-02  3.07e+04  1.64e+03 -1.00e+05
2015 12 26  1850   57382  67800   3.37e+01  1.40e-01  1.13e-01  7.28e-02  4.84e-02  2.31e-02  2.92e+04  1.62e+03 -1.00e+05
2015 12 26  1855   57382  68100   3.04e+01  1.44e-01  1.17e-01  7.74e-02  6.70e-02  4.58e-02  2.87e+04  1.55e+03 -1.00e+05
2015 12 26  1900   57382  68400   2.89e+01  1.83e-01  1.56e-01  1.15e-01  7.56e-02  4.58e-02  2.79e+04  1.47e+03 -1.00e+05
2015 12 26  1905   57382  68700   2.99e+01  1.21e-01  9.39e-02  5.47e-02  4.43e-02  2.31e-02  2.80e+04  1.50e+03 -1.00e+05
2015 12 26  1910   57382  69000   3.41e+01  1.72e-01  1.45e-01  1.03e-01  5.07e-02  2.31e-02  2.92e+04  1.70e+03 -1.00e+05
2015 12 26  1915   57382  69300   3.13e+01  2.64e-01  2.37e-01  8.15e-02  5.26e-02  2.60e-02  2.58e+04  1.45e+03 -1.00e+05
2015 12 26  1920   57382  69600   2.94e+01  1.41e-01  1.14e-01  7.42e-02  5.54e-02  2.78e-02  2.63e+04  1.47e+03 -1.00e+05
2015 12 26  1925   57382  69900   2.87e+01  2.02e-01  1.74e-01  1.33e-01  7.81e-02  2.97e-02  2.81e+04  1.55e+03 -1.00e+05
2015 12 26  1930   57382  70200   2.60e+01  3.15e-01  2.88e-01  9.91e-02  5.43e-02  2.31e-02  2.38e+04  1.30e+03 -1.00e+05
2015 12 26  1935   57382  70500   5.92e+01  3.31e-01  1.62e-01  7.28e-02  4.84e-02  2.31e-02  2.66e+04  1.56e+03 -1.00e+05
2015 12 26  1940   57382  70800   5.18e+01  2.39e-01  1.24e-01  6.82e-02  4.88e-02  2.37e-02  2.70e+04  1.47e+03 -1.00e+05
2015 12 26  1945   57382  71100   6.52e+01  3.28e-01  1.24e-01  8.24e-02  7.20e-02  5.08e-02  2.44e+04  1.45e+03 -1.00e+05
2015 12 26  1950   57382  71400   6.42e+01  4.22e-01  1.85e-01  1.12e-01  1.02e-01  8.05e-02  2.48e+04  1.32e+03 -1.00e+05
2015 12 26  1955   57382  71700   4.11e+01  4.39e-01  2.37e-01  5.47e-02  4.43e-02  2.31e-02  2.41e+04  1.23e+03 -1.00e+05
2015 12 26  2000   57382  72000   2.08e+01  1.73e-01  1.46e-01  7.55e-02  6.51e-02  3.00e-02  2.34e+04  1.23e+03 -1.00e+05
2015 12 26  2005   57382  72300   1.85e+01  1.40e-01  1.13e-01  7.28e-02  4.84e-02  2.31e-02  2.33e+04  1.16e+03 -1.00e+05
2015 12 26  2010   57382  72600   4.59e+01  5.70e-01  2.47e-01  7.59e-02  6.55e-02  4.43e-02  2.19e+04  1.12e+03 -1.00e+05
2015 12 26  2015   57382  72900   2.16e+01  1.66e-01  1.38e-01  9.73e-02  5.07e-02  2.31e-02  2.15e+04  1.07e+03 -1.00e+05
2015 12 26  2020   57382  73200   2.06e+01  2.00e-01  1.72e-01  1.32e-01  9.23e-02  3.57e-02  2.10e+04  1.02e+03 -1.00e+05
2015 12 26  2025   57382  73500   1.79e+01  2.28e-01  2.01e-01  1.60e-01  9.47e-02  3.37e-02  2.06e+04  9.97e+02 -1.00e+05
2015 12 26  2030   57382  73800   2.14e+01  1.61e-01  1.34e-01  9.48e-02  8.44e-02  6.31e-02  2.11e+04  1.03e+03 -1.00e+05
2015 12 26  2035   57382  74100   2.91e+01  1.69e-01  1.01e-01  5.47e-02  4.43e-02  2.31e-02  2.09e+04  9.96e+02 -1.00e+05
2015 12 26  2040   57382  74400   1.97e+01  1.60e-01  1.33e-01  9.25e-02  5.28e-02  2.31e-02  2.06e+04  1.02e+03 -1.00e+05
2015 12 26  2045   57382  74700   1.94e+01  1.21e-01  9.39e-02  5.47e-02  4.43e-02  2.31e-02  2.23e+04  1.07e+03 -1.00e+05
2015 12 26  2050   57382  75000   1.92e+01  1.85e-01  1.57e-01  1.18e-01  1.04e-01  4.18e-02  2.35e+04  1.08e+03 -1.00e+05
2015 12 26  2055   57382  75300   2.47e+01  1.57e-01  1.30e-01  9.04e-02  7.61e-02  2.44e-02  2.37e+04  1.14e+03 -1.00e+05
2015 12 26  2100   57382  75600   2.93e+01  1.69e-01  1.01e-01  5.47e-02  4.43e-02  2.31e-02  2.22e+04  1.05e+03 -1.00e+05
2015 12 26  2105   57382  75900   1.82e+01  1.22e-01  9.43e-02  5.52e-02  4.48e-02  2.35e-02  2.05e+04  9.31e+02 -1.00e+05
2015 12 26  2110   57382  76200   1.35e+01  1.67e-01  1.40e-01  1.00e-01  9.01e-02  3.78e-02  2.07e+04  8.10e+02 -1.00e+05
2015 12 26  2115   57382  76500   8.64e+00  1.92e-01  1.65e-01  8.59e-02  5.13e-02  2.31e-02  1.46e+04  5.32e+02 -1.00e+05
2015 12 26  2120   57382  76800   9.63e+00  1.40e-01  1.13e-01  7.28e-02  4.84e-02  2.31e-02  1.26e+04  4.00e+02 -1.00e+05
2015 12 26  2125   57382  77100   1.30e+01  2.46e-01  1.78e-01  7.38e-02  5.66e-02  3.34e-02  9.36e+03  3.41e+02 -1.00e+05
2015 12 26  2130   57382  77400   1.21e+01  2.38e-01  2.10e-01  5.47e-02  4.43e-02  2.31e-02  1.14e+04  3.45e+02 -1.00e+05
2015 12 26  2135   57382  77700   1.06e+01  1.33e-01  1.06e-01  6.63e-02  4.69e-02  2.31e-02  9.07e+03  2.89e+02 -1.00e+05
2015 12 26  2140   57382  78000   1.22e+01  2.49e-01  2.22e-01  6.63e-02  4.69e-02  2.31e-02  1.11e+04  3.66e+02 -1.00e+05
2015 12 26  2145   57382  78300   1.93e+01  4.03e-01  2.36e-01  5.47e-02  4.43e-02  2.31e-02  1.34e+04  3.87e+02 -1.00e+05
2015 12 26  2150   57382  78600   3.52e+01  1.44e-01  1.17e-01  7.75e-02  6.71e-02  4.58e-02  1.78e+04  5.19e+02 -1.00e+05
2015 12 26  2155   57382  78900   2.92e+01  1.21e-01  9.39e-02  5.47e-02  4.43e-02  2.31e-02  2.18e+04  6.19e+02 -1.00e+05
2015 12 26  2200   57382  79200   8.82e+01  3.12e-01  1.43e-01  5.47e-02  4.43e-02  2.31e-02  2.25e+04  6.90e+02 -1.00e+05
2015 12 26  2205   57382  79500   2.62e+01  2.33e-01  2.06e-01  8.49e-02  7.45e-02  5.32e-02  2.57e+04  7.72e+02 -1.00e+05
2015 12 26  2210   57382  79800   4.32e+01  1.58e-01  1.30e-01  5.47e-02  4.43e-02  2.31e-02  2.31e+04  6.61e+02 -1.00e+05
2015 12 26  2215   57382  80100   3.46e+01  2.56e-01  2.29e-01  7.28e-02  4.84e-02  2.31e-02  2.74e+04  8.22e+02 -1.00e+05
2015 12 26  2220   57382  80400   4.80e+01  1.84e-01  1.56e-01  1.17e-01  9.12e-02  6.56e-02  2.63e+04  8.28e+02 -1.00e+05
2015 12 26  2225   57382  80700   3.85e+01  1.60e-01  1.33e-01  9.25e-02  5.28e-02  2.31e-02  2.82e+04  8.53e+02 -1.00e+05
2015 12 26  2230   57382  81000   3.21e+01  1.21e-01  9.39e-02  5.47e-02  4.43e-02  2.31e-02  2.84e+04  8.20e+02 -1.00e+05
2015 12 26  2235   57382  81300   3.18e+01  1.44e-01  1.17e-01  7.75e-02  6.71e-02  4.58e-02  2.84e+04  8.01e+02 -1.00e+05
2015 12 26  2240   57382  81600   3.09e+01  3.55e-01  2.38e-01  6.63e-02  4.69e-02  2.31e-02  2.84e+04  8.03e+02 -1.00e+05
2015 12 26  2245   57382  81900   2.60e+01  1.21e-01  9.39e-02  5.47e-02  4.43e-02  2.31e-02  2.66e+04  7.35e+02 -1.00e+05
2015 12 26  2250   57382  82200   2.70e+01  1.81e-01  1.13e-01  6.63e-02  4.69e-02  2.31e-02  2.77e+04  7.52e+02 -1.00e+05
2015 12 26  2255   57382  82500   2.07e+01  1.66e-01  1.39e-01  6.26e-02  5.22e-02  3.09e-02  2.65e+04  7.15e+02 -1.00e+05
2015 12 26  2300   57382  82800   1.84e+01  1.68e-01  1.41e-01  5.47e-02  4.43e-02  2.31e-02  2.60e+04  6.85e+02 -1.00e+05
2015 12 26  2305   57382  83100   2.26e+01  2.30e-01  1.55e-01  1.07e-01  9.64e-02  4.01e-02  2.50e+04  6.50e+02 -1.00e+05
2015 12 26  2310   57382  83400   1.57e+01  1.40e-01  1.13e-01  7.28e-02  4.84e-02  2.31e-02  2.47e+04  6.40e+02 -1.00e+05
2015 12 26  2315   57382  83700   2.61e+01  4.78e-01  1.97e-01  5.47e-02  4.43e-02  2.31e-02  2.44e+04  6.22e+02 -1.00e+05
2015 12 26  2320   57382  84000   1.21e+01  1.58e-01  1.30e-01  5.47e-02  4.43e-02  2.31e-02  2.31e+04  5.40e+02 -1.00e+05
2015 12 26  2325   57382  84300   1.27e+01  1.78e-01  1.51e-01  5.47e-02  4.43e-02  2.31e-02  2.46e+04  5.84e+02 -1.00e+05
2015 12 26  2330   57382  84600   1.90e+01  2.27e-01  1.10e-01  5.47e-02  4.43e-02  2.31e-02  2.46e+04  6.09e+02 -1.00e+05
2015 12 26  2335   57382  84900   1.41e+01  2.14e-01  1.46e-01  9.73e-02  5.07e-02  2.31e-02  2.49e+04  6.22e+02 -1.00e+05
2015 12 26  2340   57382  85200   9.22e+00  1.98e-01  1.71e-01  9.25e-02  5.28e-02  2.31e-02  2.42e+04  5.97e+02 -1.00e+05
2015 12 26  2345   57382  85500   8.25e+00  1.21e-01  9.39e-02  5.47e-02  4.43e-02  2.31e-02  2.29e+04  5.38e+02 -1.00e+05
2015 12 26  2350   57382  85800   7.80e+00  1.39e-01  1.12e-01  7.25e-02  6.21e-02  4.09e-02  2.31e+04  5.39e+02 -1.00e+05
2015 12 26  2355   57382  86100   8.68e+00  1.95e-01  1.27e-01  7.94e-02  4.99e-02  2.31e-02  2.16e+04  4.85e+02 -1.00e+05
