:Data_list: 20151013_Gp_part_5m.txt
:Created: 2015 Oct 14 0011 UTC
# Prepared by the U.S. Dept. of Commerce, NOAA, Space Weather Prediction Center
# Please send comments and suggestions to SWPC.Webmaster@noaa.gov 
# 
# Label: P > 1 = Particles at >1 Mev
# Label: P > 5 = Particles at >5 Mev
# Label: P >10 = Particles at >10 Mev
# Label: P >30 = Particles at >30 Mev
# Label: P >50 = Particles at >50 Mev
# Label: P>100 = Particles at >100 Mev
# Label: E>0.8 = Electrons at >0.8 Mev
# Label: E>2.0 = Electrons at >2.0 Mev
# Label: E>4.0 = Electrons at >4.0 Mev
# Units: Particles = Protons/cm2-s-sr
# Units: Electrons = Electrons/cm2-s-sr
# Source: GOES-13
# Location: W075
# Missing data: -1.00e+05
#
#                      5-minute  GOES-13 Solar Particle and Electron Flux
#
#                 Modified Seconds
# UTC Date  Time   Julian  of the
# YR MO DA  HHMM    Day     Day     P > 1     P > 5     P >10     P >30     P >50     P>100     E>0.8     E>2.0     E>4.0
#-------------------------------------------------------------------------------------------------------------------------
2015 10 13  0000   57308      0   1.22e+00  2.21e-01  1.12e-01  7.28e-02  6.36e-02  4.46e-02  7.31e+03  2.69e+02 -1.00e+05
2015 10 13  0005   57308    300   8.24e-01  1.70e-01  1.46e-01  7.28e-02  6.36e-02  4.46e-02  7.48e+03  3.05e+02 -1.00e+05
2015 10 13  0010   57308    600   7.88e-01  1.20e-01  9.67e-02  6.04e-02  5.12e-02  3.22e-02  7.62e+03  3.18e+02 -1.00e+05
2015 10 13  0015   57308    900   6.90e-01  1.48e-01  1.25e-01  8.86e-02  7.93e-02  3.35e-02  6.89e+03  2.97e+02 -1.00e+05
2015 10 13  0020   57308   1200   5.73e-01  1.42e-01  1.19e-01  8.18e-02  4.89e-02  2.26e-02  4.60e+03  2.15e+02 -1.00e+05
2015 10 13  0025   57308   1500   7.91e-01  2.07e-01  9.67e-02  5.80e-02  4.87e-02  2.97e-02  4.19e+03  1.66e+02 -1.00e+05
2015 10 13  0030   57308   1800   7.63e-01  1.72e-01  1.49e-01  4.90e-02  3.97e-02  2.07e-02  4.15e+03  1.80e+02 -1.00e+05
2015 10 13  0035   57308   2100   6.21e-01  1.66e-01  1.42e-01  4.90e-02  3.97e-02  2.07e-02  5.16e+03  2.26e+02 -1.00e+05
2015 10 13  0040   57308   2400   7.03e-01  1.48e-01  1.25e-01  8.86e-02  7.93e-02  3.35e-02  5.63e+03  2.54e+02 -1.00e+05
2015 10 13  0045   57308   2700   9.47e-01  1.98e-01  8.77e-02  4.90e-02  3.97e-02  2.07e-02  6.75e+03  3.03e+02 -1.00e+05
2015 10 13  0050   57308   3000   6.17e-01  1.73e-01  1.49e-01  1.12e-01  8.15e-02  3.99e-02  6.73e+03  3.30e+02 -1.00e+05
2015 10 13  0055   57308   3300   1.31e+00  3.65e-01  1.94e-01  8.77e-02  7.84e-02  5.95e-02  7.57e+03  3.35e+02 -1.00e+05
2015 10 13  0100   57308   3600   7.44e-01  1.47e-01  1.24e-01  8.65e-02  4.82e-02  2.07e-02  6.87e+03  3.07e+02 -1.00e+05
2015 10 13  0105   57308   3900   9.02e-01  1.35e-01  1.12e-01  7.53e-02  6.60e-02  4.71e-02  6.83e+03  2.72e+02 -1.00e+05
2015 10 13  0110   57308   4200   5.65e-01  1.23e-01  9.97e-02  6.35e-02  5.42e-02  2.54e-02  6.84e+03  2.66e+02 -1.00e+05
2015 10 13  0115   57308   4500   1.04e+00  2.50e-01  1.34e-01  9.48e-02  8.56e-02  3.55e-02  5.32e+03  1.46e+02 -1.00e+05
2015 10 13  0120   57308   4800   5.70e-01  1.15e-01  9.17e-02  5.55e-02  4.62e-02  2.73e-02  4.32e+03  1.14e+02 -1.00e+05
2015 10 13  0125   57308   5100   9.91e-01  2.44e-01  1.33e-01  8.00e-02  4.67e-02  2.07e-02  5.62e+03  1.34e+02 -1.00e+05
2015 10 13  0130   57308   5400   8.48e-01  2.41e-01  2.17e-01  9.91e-02  7.60e-02  2.21e-02  5.50e+03  1.45e+02 -1.00e+05
2015 10 13  0135   57308   5700   5.99e-01  1.09e-01  8.52e-02  4.90e-02  3.97e-02  2.07e-02  5.60e+03  1.61e+02 -1.00e+05
2015 10 13  0140   57308   6000   1.46e+00  2.51e-01  1.42e-01  1.02e-01  6.82e-02  4.21e-02  5.43e+03  1.49e+02 -1.00e+05
2015 10 13  0145   57308   6300   1.11e+00  2.12e-01  1.01e-01  4.90e-02  3.97e-02  2.07e-02  6.39e+03  1.91e+02 -1.00e+05
2015 10 13  0150   57308   6600   8.09e-01  1.35e-01  1.12e-01  4.90e-02  3.97e-02  2.07e-02  6.60e+03  2.09e+02 -1.00e+05
2015 10 13  0155   57308   6900   6.15e-01  2.46e-01  2.23e-01  6.83e-02  5.53e-02  2.54e-02  6.93e+03  2.09e+02 -1.00e+05
2015 10 13  0200   57308   7200   6.40e-01  1.30e-01  1.06e-01  6.98e-02  6.05e-02  2.74e-02  6.76e+03  1.91e+02 -1.00e+05
2015 10 13  0205   57308   7500   6.20e-01  1.47e-01  1.23e-01  4.90e-02  3.97e-02  2.07e-02  6.68e+03  1.98e+02 -1.00e+05
2015 10 13  0210   57308   7800   6.80e-01  1.72e-01  1.49e-01  4.90e-02  3.97e-02  2.07e-02  5.96e+03  1.65e+02 -1.00e+05
2015 10 13  0215   57308   8100   6.84e-01  1.79e-01  1.19e-01  7.57e-02  6.23e-02  4.21e-02  6.64e+03  1.90e+02 -1.00e+05
2015 10 13  0220   57308   8400   3.34e-01  1.27e-01  1.04e-01  6.69e-02  4.37e-02  2.07e-02  6.40e+03  1.80e+02 -1.00e+05
2015 10 13  0225   57308   8700   4.42e-01  1.23e-01  9.92e-02  6.29e-02  5.37e-02  3.47e-02  6.30e+03  1.81e+02 -1.00e+05
2015 10 13  0230   57308   9000   4.63e-01  1.09e-01  8.52e-02  4.90e-02  3.97e-02  2.07e-02  6.19e+03  1.74e+02 -1.00e+05
2015 10 13  0235   57308   9300   5.55e-01  1.38e-01  1.15e-01  7.87e-02  6.94e-02  3.98e-02  5.70e+03  1.72e+02 -1.00e+05
2015 10 13  0240   57308   9600   8.37e-01  2.12e-01  1.08e-01  5.72e-02  4.80e-02  2.34e-02  5.91e+03  1.70e+02 -1.00e+05
2015 10 13  0245   57308   9900   8.66e-01  4.34e-01  2.44e-01  6.35e-02  5.42e-02  2.54e-02  4.95e+03  1.72e+02 -1.00e+05
2015 10 13  0250   57308  10200   5.78e-01  1.25e-01  1.02e-01  6.56e-02  5.62e-02  3.72e-02  4.98e+03  1.45e+02 -1.00e+05
2015 10 13  0255   57308  10500   5.32e-01  1.09e-01  8.52e-02  4.90e-02  3.97e-02  2.07e-02  5.08e+03  1.62e+02 -1.00e+05
2015 10 13  0300   57308  10800   7.32e-01  1.93e-01  1.33e-01  8.95e-02  7.31e-02  5.20e-02  5.65e+03  1.68e+02 -1.00e+05
2015 10 13  0305   57308  11100   2.28e-01  1.09e-01  8.52e-02  4.90e-02  3.97e-02  2.07e-02  5.45e+03  1.74e+02 -1.00e+05
2015 10 13  0310   57308  11400   8.89e-01  2.50e-01  1.39e-01  4.90e-02  3.97e-02  2.07e-02  5.57e+03  1.83e+02 -1.00e+05
2015 10 13  0315   57308  11700   4.53e-01  1.79e-01  1.55e-01  1.19e-01  1.01e-01  3.95e-02  5.92e+03  2.06e+02 -1.00e+05
2015 10 13  0320   57308  12000   8.28e-01  1.89e-01  1.27e-01  8.29e-02  5.05e-02  2.48e-02  6.43e+03  2.11e+02 -1.00e+05
2015 10 13  0325   57308  12300   4.63e-01  1.73e-01  1.11e-01  6.69e-02  4.37e-02  2.07e-02  7.04e+03  2.83e+02 -1.00e+05
2015 10 13  0330   57308  12600   8.36e-01  2.44e-01  2.20e-01  1.82e-01  1.21e-01  6.27e-02  8.32e+03  3.40e+02 -1.00e+05
2015 10 13  0335   57308  12900   7.74e-01  1.23e-01  9.97e-02  6.35e-02  5.42e-02  2.54e-02  1.14e+04  4.94e+02 -1.00e+05
2015 10 13  0340   57308  13200   1.15e+00  1.09e-01  8.52e-02  4.90e-02  3.97e-02  2.07e-02  1.33e+04  6.04e+02 -1.00e+05
2015 10 13  0345   57308  13500   2.78e+00  2.13e-01  1.02e-01  5.05e-02  4.13e-02  2.23e-02  1.73e+04  1.02e+03 -1.00e+05
2015 10 13  0350   57308  13800   1.91e+00  1.20e-01  9.67e-02  6.04e-02  5.12e-02  3.22e-02  1.93e+04  1.09e+03 -1.00e+05
2015 10 13  0355   57308  14100   2.47e+00  3.37e-01  2.23e-01  1.82e-01  1.14e-01  3.75e-02  1.64e+04  8.53e+02 -1.00e+05
2015 10 13  0400   57308  14400   1.27e+00  1.09e-01  8.52e-02  4.90e-02  3.97e-02  2.07e-02  1.56e+04  8.02e+02 -1.00e+05
2015 10 13  0405   57308  14700   2.32e+00  2.17e-01  1.06e-01  5.37e-02  4.08e-02  2.07e-02  1.66e+04  8.14e+02 -1.00e+05
2015 10 13  0410   57308  15000   2.15e+00  1.34e-01  1.10e-01  7.34e-02  4.52e-02  2.07e-02  1.90e+04  9.26e+02 -1.00e+05
2015 10 13  0415   57308  15300   1.93e+00  1.22e-01  9.83e-02  6.20e-02  5.15e-02  3.22e-02  1.89e+04  9.21e+02 -1.00e+05
2015 10 13  0420   57308  15600   2.24e+00  1.65e-01  1.42e-01  1.05e-01  8.62e-02  6.44e-02  2.04e+04  9.40e+02 -1.00e+05
2015 10 13  0425   57308  15900   4.13e+00  2.17e-01  1.21e-01  8.23e-02  7.30e-02  3.15e-02  1.89e+04  8.88e+02 -1.00e+05
2015 10 13  0430   57308  16200   2.33e+00  1.27e-01  1.04e-01  6.69e-02  4.37e-02  2.07e-02  2.04e+04  9.70e+02 -1.00e+05
2015 10 13  0435   57308  16500   2.06e+00  1.93e-01  1.69e-01  6.69e-02  4.37e-02  2.07e-02  2.05e+04  9.71e+02 -1.00e+05
2015 10 13  0440   57308  16800   2.11e+00  1.54e-01  9.22e-02  4.90e-02  3.97e-02  2.07e-02  1.54e+04  6.60e+02 -1.00e+05
2015 10 13  0445   57308  17100   1.45e+00  2.25e-01  1.15e-01  6.29e-02  5.37e-02  3.47e-02  1.72e+04  6.90e+02 -1.00e+05
2015 10 13  0450   57308  17400   1.75e+00  1.20e-01  9.67e-02  6.04e-02  5.12e-02  3.22e-02  2.34e+04  1.10e+03 -1.00e+05
2015 10 13  0455   57308  17700   3.01e+00  2.21e-01  1.13e-01  6.14e-02  4.99e-02  2.82e-02  2.40e+04  1.11e+03 -1.00e+05
2015 10 13  0500   57308  18000   2.51e+00  1.68e-01  1.32e-01  9.36e-02  7.56e-02  3.15e-02  2.44e+04  1.14e+03 -1.00e+05
2015 10 13  0505   57308  18300   2.43e+00  2.82e-01  2.58e-01  1.07e-01  6.90e-02  2.74e-02  2.75e+04  1.31e+03 -1.00e+05
2015 10 13  0510   57308  18600   2.30e+00  1.09e-01  8.52e-02  4.90e-02  3.97e-02  2.07e-02  2.75e+04  1.32e+03 -1.00e+05
2015 10 13  0515   57308  18900   2.41e+00  1.72e-01  1.49e-01  4.90e-02  3.97e-02  2.07e-02  2.64e+04  1.22e+03 -1.00e+05
2015 10 13  0520   57308  19200   2.91e+00  2.17e-01  1.78e-01  1.39e-01  1.29e-01  4.96e-02  2.66e+04  1.20e+03 -1.00e+05
2015 10 13  0525   57308  19500   2.35e+00  1.09e-01  8.52e-02  4.90e-02  3.97e-02  2.07e-02  2.50e+04  1.12e+03 -1.00e+05
2015 10 13  0530   57308  19800   2.46e+00  1.68e-01  1.45e-01  1.07e-01  6.41e-02  3.21e-02  2.67e+04  1.21e+03 -1.00e+05
2015 10 13  0535   57308  20100   4.18e+00  3.42e-01  1.65e-01  4.90e-02  3.97e-02  2.07e-02  2.53e+04  1.08e+03 -1.00e+05
2015 10 13  0540   57308  20400   1.95e+00  2.15e-01  1.91e-01  1.55e-01  1.46e-01  6.76e-02  2.41e+04  1.05e+03 -1.00e+05
2015 10 13  0545   57308  20700   3.36e+00  2.22e-01  8.76e-02  4.90e-02  3.97e-02  2.07e-02  2.48e+04  1.14e+03 -1.00e+05
2015 10 13  0550   57308  21000   1.69e+00  1.77e-01  1.54e-01  5.37e-02  4.08e-02  2.07e-02  2.45e+04  1.40e+03 -1.00e+05
2015 10 13  0555   57308  21300   1.72e+00  1.67e-01  1.44e-01  1.07e-01  9.81e-02  3.95e-02  2.43e+04  1.69e+03 -1.00e+05
2015 10 13  0600   57308  21600   2.10e+00  2.17e-01  1.55e-01  5.55e-02  4.62e-02  2.73e-02  2.16e+04  1.31e+03 -1.00e+05
2015 10 13  0605   57308  21900   1.30e+00  1.09e-01  8.52e-02  4.90e-02  3.97e-02  2.07e-02  1.89e+04  9.02e+02 -1.00e+05
2015 10 13  0610   57308  22200   9.23e-01  1.59e-01  1.36e-01  9.90e-02  7.14e-02  4.71e-02  1.52e+04  6.07e+02 -1.00e+05
2015 10 13  0615   57308  22500   1.12e+00  1.85e-01  1.61e-01  6.03e-02  4.92e-02  2.97e-02  1.07e+04  3.60e+02 -1.00e+05
2015 10 13  0620   57308  22800   7.88e-01  1.09e-01  8.52e-02  4.90e-02  3.97e-02  2.07e-02  9.03e+03  2.71e+02 -1.00e+05
2015 10 13  0625   57308  23100   7.61e-01  1.30e-01  1.06e-01  6.98e-02  6.05e-02  2.74e-02  7.98e+03  2.64e+02 -1.00e+05
2015 10 13  0630   57308  23400   6.90e-01  1.09e-01  8.52e-02  4.90e-02  3.97e-02  2.07e-02  1.00e+04  3.84e+02 -1.00e+05
2015 10 13  0635   57308  23700   1.24e+00  2.12e-01  1.53e-01  1.10e-01  8.53e-02  6.19e-02  1.17e+04  5.82e+02 -1.00e+05
2015 10 13  0640   57308  24000   1.01e+00  1.35e-01  1.12e-01  4.90e-02  3.97e-02  2.07e-02  1.22e+04  5.17e+02 -1.00e+05
2015 10 13  0645   57308  24300   2.71e+00  1.09e-01  8.52e-02  4.90e-02  3.97e-02  2.07e-02  1.14e+04  5.65e+02 -1.00e+05
2015 10 13  0650   57308  24600   7.31e-01  1.10e-01  8.68e-02  5.05e-02  4.13e-02  2.23e-02  5.71e+03  2.56e+02 -1.00e+05
2015 10 13  0655   57308  24900   1.12e+00  2.27e-01  1.19e-01  6.73e-02  5.80e-02  3.90e-02  2.63e+03  1.13e+02 -1.00e+05
2015 10 13  0700   57308  25200   5.75e-01  1.34e-01  1.10e-01  7.34e-02  5.22e-02  2.97e-02  2.31e+03  1.04e+02 -1.00e+05
2015 10 13  0705   57308  25500   6.01e-01  1.60e-01  9.86e-02  5.55e-02  4.62e-02  2.73e-02  2.39e+03  8.74e+01 -1.00e+05
2015 10 13  0710   57308  25800   6.57e-01  1.93e-01  1.31e-01  8.65e-02  4.82e-02  2.07e-02  2.20e+03  9.16e+01 -1.00e+05
2015 10 13  0715   57308  26100   9.13e-01  2.12e-01  1.01e-01  4.90e-02  3.97e-02  2.07e-02  1.34e+03  6.13e+01 -1.00e+05
2015 10 13  0720   57308  26400   7.25e-01  1.28e-01  1.04e-01  6.79e-02  5.86e-02  3.97e-02  2.93e+03  1.60e+02 -1.00e+05
2015 10 13  0725   57308  26700   3.03e+00  1.18e-01  9.48e-02  5.85e-02  4.69e-02  2.73e-02  1.16e+04  6.94e+02 -1.00e+05
2015 10 13  0730   57308  27000   5.04e+00  1.49e-01  1.25e-01  8.76e-02  4.81e-02  2.14e-02  1.46e+04  1.12e+03 -1.00e+05
2015 10 13  0735   57308  27300   9.02e+00  1.10e-01  8.68e-02  5.05e-02  4.13e-02  2.23e-02  1.57e+04  1.16e+03 -1.00e+05
2015 10 13  0740   57308  27600   1.26e+01  1.81e-01  1.21e-01  7.78e-02  6.85e-02  4.96e-02  1.60e+04  1.07e+03 -1.00e+05
2015 10 13  0745   57308  27900   1.38e+01  1.42e-01  1.18e-01  8.14e-02  5.83e-02  2.54e-02  1.54e+04  1.07e+03 -1.00e+05
2015 10 13  0750   57308  28200   1.64e+01  2.13e-01  1.02e-01  5.05e-02  4.13e-02  2.23e-02  1.53e+04  1.00e+03 -1.00e+05
2015 10 13  0755   57308  28500   7.12e+00  1.60e-01  1.36e-01  1.00e-01  9.08e-02  7.19e-02  1.46e+04  9.29e+02 -1.00e+05
2015 10 13  0800   57308  28800   5.51e+00  1.09e-01  8.52e-02  4.90e-02  3.97e-02  2.07e-02  1.39e+04  9.00e+02 -1.00e+05
2015 10 13  0805   57308  29100   1.26e+01  2.13e-01  1.13e-01  6.35e-02  5.42e-02  2.54e-02  1.45e+04  9.18e+02 -1.00e+05
2015 10 13  0810   57308  29400   8.22e+00  1.56e-01  1.33e-01  9.66e-02  8.73e-02  4.21e-02  1.49e+04  9.63e+02 -1.00e+05
2015 10 13  0815   57308  29700   1.22e+01  2.56e-01  1.47e-01  1.08e-01  8.30e-02  5.95e-02  1.56e+04  9.62e+02 -1.00e+05
2015 10 13  0820   57308  30000   7.89e+00  1.74e-01  1.51e-01  1.14e-01  7.52e-02  2.94e-02  1.57e+04  1.08e+03 -1.00e+05
2015 10 13  0825   57308  30300   1.52e+01  2.22e-01  8.76e-02  4.90e-02  3.97e-02  2.07e-02  1.63e+04  1.18e+03 -1.00e+05
2015 10 13  0830   57308  30600   6.38e+00  1.09e-01  8.52e-02  4.90e-02  3.97e-02  2.07e-02  1.67e+04  1.35e+03 -1.00e+05
2015 10 13  0835   57308  30900   1.07e+01  2.22e-01  1.13e-01  7.40e-02  6.00e-02  3.97e-02  1.81e+04  1.40e+03 -1.00e+05
2015 10 13  0840   57308  31200   8.55e+00  3.12e-01  2.50e-01  8.00e-02  4.67e-02  2.07e-02  1.89e+04  1.49e+03 -1.00e+05
2015 10 13  0845   57308  31500   5.33e+00  1.87e-01  1.63e-01  1.26e-01  8.86e-02  2.81e-02  2.46e+04  2.10e+03 -1.00e+05
2015 10 13  0850   57308  31800   3.70e+00  1.20e-01  9.69e-02  6.03e-02  4.23e-02  2.07e-02  2.18e+04  1.71e+03 -1.00e+05
2015 10 13  0855   57308  32100   3.54e+00  1.09e-01  8.52e-02  4.90e-02  3.97e-02  2.07e-02  1.89e+04  1.31e+03 -1.00e+05
2015 10 13  0900   57308  32400   6.42e+00  1.72e-01  1.49e-01  4.90e-02  3.97e-02  2.07e-02  1.57e+04  1.35e+03 -1.00e+05
2015 10 13  0905   57308  32700   1.20e+01  2.70e-01  1.27e-01  8.86e-02  7.93e-02  3.35e-02  1.79e+04  1.43e+03 -1.00e+05
2015 10 13  0910   57308  33000   6.96e+00  1.09e-01  8.52e-02  4.90e-02  3.97e-02  2.07e-02  1.68e+04  1.36e+03 -1.00e+05
2015 10 13  0915   57308  33300   7.29e+00  1.09e-01  8.52e-02  4.90e-02  3.97e-02  2.07e-02  1.48e+04  1.19e+03 -1.00e+05
2015 10 13  0920   57308  33600   2.59e+01  2.48e-01  1.40e-01  8.77e-02  7.07e-02  4.96e-02  1.69e+04  1.32e+03 -1.00e+05
2015 10 13  0925   57308  33900   6.31e+01  2.38e-01  1.28e-01  8.76e-02  4.96e-02  2.23e-02  1.95e+04  1.49e+03 -1.00e+05
2015 10 13  0930   57308  34200   1.02e+02  3.02e-01  1.04e-01  6.57e-02  5.64e-02  3.39e-02  2.09e+04  1.72e+03 -1.00e+05
2015 10 13  0935   57308  34500   5.56e+01  1.61e-01  1.37e-01  1.01e-01  9.19e-02  3.75e-02  2.63e+04  2.20e+03 -1.00e+05
2015 10 13  0940   57308  34800   6.30e+01  1.38e-01  1.14e-01  7.78e-02  6.85e-02  4.96e-02  3.02e+04  2.51e+03 -1.00e+05
2015 10 13  0945   57308  35100   1.59e+02  4.41e-01  1.77e-01  6.03e-02  4.23e-02  2.07e-02  3.23e+04  2.64e+03 -1.00e+05
2015 10 13  0950   57308  35400   6.87e+01  1.67e-01  1.44e-01  1.07e-01  7.86e-02  3.15e-02  3.15e+04  2.61e+03 -1.00e+05
2015 10 13  0955   57308  35700   7.15e+01  1.09e-01  8.52e-02  4.90e-02  3.97e-02  2.07e-02  3.14e+04  2.46e+03 -1.00e+05
2015 10 13  1000   57308  36000   8.64e+01  2.83e-01  1.87e-01  1.46e-01  8.92e-02  3.15e-02  3.04e+04  2.37e+03 -1.00e+05
2015 10 13  1005   57308  36300   3.87e+01  1.09e-01  8.52e-02  4.90e-02  3.97e-02  2.07e-02  2.86e+04  2.22e+03 -1.00e+05
2015 10 13  1010   57308  36600   2.49e+01  1.95e-01  1.72e-01  8.23e-02  6.38e-02  4.21e-02  2.72e+04  2.08e+03 -1.00e+05
2015 10 13  1015   57308  36900   1.76e+01  1.36e-01  1.12e-01  7.60e-02  6.68e-02  2.94e-02  2.87e+04  2.17e+03 -1.00e+05
2015 10 13  1020   57308  37200   1.54e+01  1.48e-01  1.25e-01  8.86e-02  7.93e-02  3.35e-02  2.96e+04  2.29e+03 -1.00e+05
2015 10 13  1025   57308  37500   1.37e+01  1.27e-01  1.04e-01  6.69e-02  4.37e-02  2.07e-02  3.08e+04  2.41e+03 -1.00e+05
2015 10 13  1030   57308  37800   1.54e+01  2.14e-01  1.91e-01  8.53e-02  6.06e-02  3.72e-02  3.34e+04  2.65e+03 -1.00e+05
2015 10 13  1035   57308  38100   2.39e+01  2.23e-01  1.13e-01  7.34e-02  4.52e-02  2.07e-02  3.40e+04  2.72e+03 -1.00e+05
2015 10 13  1040   57308  38400   1.51e+01  1.49e-01  1.25e-01  5.13e-02  4.20e-02  2.26e-02  3.55e+04  2.87e+03 -1.00e+05
2015 10 13  1045   57308  38700   3.01e+01  2.66e-01  1.10e-01  7.18e-02  6.26e-02  4.36e-02  3.61e+04  2.93e+03 -1.00e+05
2015 10 13  1050   57308  39000   2.79e+01  2.83e-01  1.28e-01  8.90e-02  7.97e-02  6.08e-02  3.54e+04  2.83e+03 -1.00e+05
2015 10 13  1055   57308  39300   1.20e+01  1.40e-01  1.17e-01  8.00e-02  6.33e-02  4.21e-02  3.56e+04  2.75e+03 -1.00e+05
2015 10 13  1100   57308  39600   2.06e+01  2.22e-01  1.18e-01  7.92e-02  6.99e-02  4.16e-02  3.70e+04  2.77e+03 -1.00e+05
2015 10 13  1105   57308  39900   1.22e+01  1.42e-01  1.18e-01  8.14e-02  5.83e-02  2.54e-02  3.64e+04  2.81e+03 -1.00e+05
2015 10 13  1110   57308  40200   1.12e+01  1.62e-01  1.28e-01  8.98e-02  8.06e-02  3.83e-02  3.71e+04  2.83e+03 -1.00e+05
2015 10 13  1115   57308  40500   2.05e+01  2.45e-01  8.75e-02  4.90e-02  3.97e-02  2.07e-02  3.56e+04  2.64e+03 -1.00e+05
2015 10 13  1120   57308  40800   1.00e+01  1.57e-01  1.33e-01  4.90e-02  3.97e-02  2.07e-02  3.48e+04  2.60e+03 -1.00e+05
2015 10 13  1125   57308  41100   9.92e+00  1.54e-01  1.31e-01  9.39e-02  7.08e-02  2.94e-02  3.86e+04  3.04e+03 -1.00e+05
2015 10 13  1130   57308  41400   1.87e+01  1.98e-01  8.77e-02  4.90e-02  3.97e-02  2.07e-02  4.11e+04  3.23e+03 -1.00e+05
2015 10 13  1135   57308  41700   1.52e+01  1.91e-01  1.35e-01  5.72e-02  4.80e-02  2.34e-02  4.23e+04  3.39e+03 -1.00e+05
2015 10 13  1140   57308  42000   1.70e+01  2.00e-01  1.39e-01  9.54e-02  6.67e-02  4.21e-02  4.42e+04  3.65e+03 -1.00e+05
2015 10 13  1145   57308  42300   1.32e+01  1.09e-01  8.52e-02  4.90e-02  3.97e-02  2.07e-02  4.46e+04  3.68e+03 -1.00e+05
2015 10 13  1150   57308  42600   1.95e+01  2.26e-01  1.17e-01  7.78e-02  6.85e-02  4.96e-02  4.52e+04  3.64e+03 -1.00e+05
2015 10 13  1155   57308  42900   1.24e+01  1.54e-01  1.31e-01  9.31e-02  4.96e-02  2.07e-02  4.57e+04  3.67e+03 -1.00e+05
2015 10 13  1200   57308  43200   1.70e+01  2.92e-01  1.83e-01  7.28e-02  6.36e-02  4.46e-02  4.56e+04  3.70e+03 -1.00e+05
2015 10 13  1205   57308  43500   1.78e+01  2.12e-01  1.01e-01  4.90e-02  3.97e-02  2.07e-02  4.65e+04  3.79e+03 -1.00e+05
2015 10 13  1210   57308  43800   1.03e+01  1.34e-01  1.10e-01  7.34e-02  4.52e-02  2.07e-02  4.53e+04  3.63e+03 -1.00e+05
2015 10 13  1215   57308  44100   1.02e+01  1.34e-01  1.11e-01  7.46e-02  6.16e-02  2.74e-02  4.58e+04  3.68e+03 -1.00e+05
2015 10 13  1220   57308  44400   1.08e+01  1.93e-01  1.70e-01  7.53e-02  6.60e-02  4.71e-02  4.66e+04  3.66e+03 -1.00e+05
2015 10 13  1225   57308  44700   1.51e+01  2.45e-01  1.34e-01  8.11e-02  4.82e-02  2.23e-02  4.66e+04  3.79e+03 -1.00e+05
2015 10 13  1230   57308  45000   1.03e+01  1.11e-01  8.72e-02  5.10e-02  4.17e-02  2.14e-02  4.79e+04  3.86e+03 -1.00e+05
2015 10 13  1235   57308  45300   1.04e+01  1.18e-01  9.42e-02  5.80e-02  4.87e-02  2.97e-02  4.66e+04  3.70e+03 -1.00e+05
2015 10 13  1240   57308  45600   2.16e+01  2.66e-01  8.74e-02  4.90e-02  3.97e-02  2.07e-02  4.67e+04  3.76e+03 -1.00e+05
2015 10 13  1245   57308  45900   9.47e+00  1.47e-01  1.24e-01  8.61e-02  4.54e-02  2.07e-02  4.71e+04  3.74e+03 -1.00e+05
2015 10 13  1250   57308  46200   9.04e+00  1.67e-01  1.44e-01  1.08e-01  9.84e-02  4.07e-02  4.66e+04  3.74e+03 -1.00e+05
2015 10 13  1255   57308  46500   9.04e+00  1.73e-01  1.49e-01  8.56e-02  7.62e-02  4.36e-02  4.87e+04  3.88e+03 -1.00e+05
2015 10 13  1300   57308  46800   1.23e+01  2.16e-01  1.56e-01  1.14e-01  1.04e-01  4.15e-02  4.92e+04  3.90e+03 -1.00e+05
2015 10 13  1305   57308  47100   9.07e+00  1.48e-01  1.25e-01  8.86e-02  7.93e-02  3.35e-02  4.90e+04  3.93e+03 -1.00e+05
2015 10 13  1310   57308  47400   8.90e+00  1.35e-01  1.12e-01  4.90e-02  3.97e-02  2.07e-02  4.81e+04  3.76e+03 -1.00e+05
2015 10 13  1315   57308  47700   8.54e+00  1.17e-01  9.35e-02  5.72e-02  4.80e-02  2.34e-02  4.82e+04  3.89e+03 -1.00e+05
2015 10 13  1320   57308  48000   8.76e+00  1.59e-01  1.35e-01  9.91e-02  8.75e-02  4.03e-02  4.91e+04  3.84e+03 -1.00e+05
2015 10 13  1325   57308  48300   9.22e+00  1.27e-01  1.04e-01  6.69e-02  4.37e-02  2.07e-02  4.92e+04  3.82e+03 -1.00e+05
2015 10 13  1330   57308  48600   7.95e+00  1.09e-01  8.52e-02  4.90e-02  3.97e-02  2.07e-02  4.83e+04  3.76e+03 -1.00e+05
2015 10 13  1335   57308  48900   8.17e+00  1.42e-01  1.19e-01  8.27e-02  7.35e-02  5.45e-02  4.93e+04  3.87e+03 -1.00e+05
2015 10 13  1340   57308  49200   1.44e+01  2.12e-01  1.01e-01  4.90e-02  3.97e-02  2.07e-02  4.98e+04  4.12e+03 -1.00e+05
2015 10 13  1345   57308  49500   1.15e+01  2.41e-01  1.87e-01  1.44e-01  1.16e-01  4.35e-02  5.12e+04  4.09e+03 -1.00e+05
2015 10 13  1350   57308  49800   9.02e+00  1.23e-01  9.92e-02  6.29e-02  5.37e-02  3.47e-02  5.18e+04  4.20e+03 -1.00e+05
2015 10 13  1355   57308  50100   9.96e+00  1.09e-01  8.52e-02  4.90e-02  3.97e-02  2.07e-02  5.23e+04  4.31e+03 -1.00e+05
2015 10 13  1400   57308  50400   1.64e+01  2.53e-01  1.45e-01  9.30e-02  7.77e-02  5.70e-02  5.32e+04  4.31e+03 -1.00e+05
2015 10 13  1405   57308  50700   2.15e+01  3.08e-01  8.92e-02  5.10e-02  4.17e-02  2.14e-02  5.14e+04  4.21e+03 -1.00e+05
2015 10 13  1410   57308  51000   1.04e+01  1.47e-01  1.24e-01  8.65e-02  4.82e-02  2.07e-02  5.44e+04  4.60e+03 -1.00e+05
2015 10 13  1415   57308  51300   1.08e+01  2.07e-01  1.84e-01  8.59e-02  4.81e-02  2.14e-02  5.46e+04  4.65e+03 -1.00e+05
2015 10 13  1420   57308  51600   1.16e+01  1.82e-01  1.59e-01  1.22e-01  9.37e-02  6.94e-02  5.56e+04  4.96e+03 -1.00e+05
2015 10 13  1425   57308  51900   1.43e+01  1.54e-01  9.22e-02  4.90e-02  3.97e-02  2.07e-02  5.73e+04  5.01e+03 -1.00e+05
2015 10 13  1430   57308  52200   1.92e+01  1.99e-01  8.97e-02  5.10e-02  4.17e-02  2.14e-02  5.75e+04  5.17e+03 -1.00e+05
2015 10 13  1435   57308  52500   1.14e+01  1.25e-01  1.02e-01  6.54e-02  5.61e-02  3.72e-02  5.95e+04  5.43e+03 -1.00e+05
2015 10 13  1440   57308  52800   1.10e+01  1.23e-01  9.97e-02  6.35e-02  5.42e-02  2.54e-02  5.76e+04  5.20e+03 -1.00e+05
2015 10 13  1445   57308  53100   1.12e+01  1.41e-01  1.17e-01  8.00e-02  4.67e-02  2.07e-02  5.92e+04  5.37e+03 -1.00e+05
2015 10 13  1450   57308  53400   1.12e+01  1.23e-01  9.97e-02  6.35e-02  5.42e-02  2.54e-02  5.89e+04  5.40e+03 -1.00e+05
2015 10 13  1455   57308  53700   1.21e+01  1.18e-01  9.42e-02  5.80e-02  4.87e-02  2.97e-02  5.65e+04  5.36e+03 -1.00e+05
2015 10 13  1500   57308  54000   1.42e+01  1.09e-01  8.52e-02  4.90e-02  3.97e-02  2.07e-02  5.22e+04  5.11e+03 -1.00e+05
2015 10 13  1505   57308  54300   1.65e+01  1.55e-01  1.32e-01  9.55e-02  8.62e-02  6.03e-02  5.01e+04  5.09e+03 -1.00e+05
2015 10 13  1510   57308  54600   1.49e+01  1.11e-01  8.72e-02  5.10e-02  4.17e-02  2.14e-02  5.39e+04  5.06e+03 -1.00e+05
2015 10 13  1515   57308  54900   1.59e+01  1.10e-01  8.68e-02  5.05e-02  4.13e-02  2.23e-02  5.50e+04  4.98e+03 -1.00e+05
2015 10 13  1520   57308  55200   1.71e+01  1.09e-01  8.52e-02  4.90e-02  3.97e-02  2.07e-02  5.47e+04  4.97e+03 -1.00e+05
2015 10 13  1525   57308  55500   1.96e+01  1.09e-01  8.52e-02  4.90e-02  3.97e-02  2.07e-02  5.51e+04  4.62e+03 -1.00e+05
2015 10 13  1530   57308  55800   4.73e+01  3.48e-01  1.43e-01  4.90e-02  3.97e-02  2.07e-02  5.68e+04  4.72e+03 -1.00e+05
2015 10 13  1535   57308  56100   3.01e+01  1.72e-01  1.49e-01  4.90e-02  3.97e-02  2.07e-02  6.06e+04  5.10e+03 -1.00e+05
2015 10 13  1540   57308  56400   3.12e+01  1.09e-01  8.52e-02  4.90e-02  3.97e-02  2.07e-02  6.37e+04  5.70e+03 -1.00e+05
2015 10 13  1545   57308  56700   6.49e+01  3.38e-01  9.88e-02  6.03e-02  4.23e-02  2.07e-02  7.00e+04  6.39e+03 -1.00e+05
2015 10 13  1550   57308  57000   4.53e+01  3.65e-01  1.60e-01  5.37e-02  4.08e-02  2.07e-02  7.31e+04  6.88e+03 -1.00e+05
2015 10 13  1555   57308  57300   2.05e+01  1.18e-01  9.42e-02  5.80e-02  4.87e-02  2.97e-02  6.93e+04  6.47e+03 -1.00e+05
2015 10 13  1600   57308  57600   2.39e+01  1.40e-01  1.16e-01  8.03e-02  7.10e-02  5.20e-02  7.42e+04  7.98e+03 -1.00e+05
2015 10 13  1605   57308  57900   1.43e+01  1.73e-01  1.49e-01  1.12e-01  9.44e-02  3.75e-02  6.92e+04  5.88e+03 -1.00e+05
2015 10 13  1610   57308  58200   1.20e+01  1.09e-01  8.52e-02  4.90e-02  3.97e-02  2.07e-02  6.16e+04  5.21e+03 -1.00e+05
2015 10 13  1615   57308  58500   2.05e+01  2.12e-01  1.01e-01  4.90e-02  3.97e-02  2.07e-02  6.30e+04  5.57e+03 -1.00e+05
2015 10 13  1620   57308  58800   1.34e+01  1.09e-01  8.52e-02  4.90e-02  3.97e-02  2.07e-02  6.94e+04  6.02e+03 -1.00e+05
2015 10 13  1625   57308  59100   1.58e+01  2.17e-01  1.94e-01  1.01e-01  9.19e-02  3.75e-02  7.34e+04  7.35e+03 -1.00e+05
2015 10 13  1630   57308  59400   1.51e+01  1.09e-01  8.52e-02  4.90e-02  3.97e-02  2.07e-02  7.67e+04  7.27e+03 -1.00e+05
2015 10 13  1635   57308  59700   3.90e+01  2.87e-01  8.29e-02  4.95e-02  4.02e-02  2.09e-02  8.02e+04  8.31e+03 -1.00e+05
2015 10 13  1640   57308  60000   3.07e+01  2.68e-01  8.30e-02  4.95e-02  4.02e-02  2.09e-02  7.94e+04  8.03e+03 -1.00e+05
2015 10 13  1645   57308  60300   1.41e+01  1.24e-01  9.85e-02  6.57e-02  4.83e-02  2.27e-02  8.15e+04  8.57e+03 -1.00e+05
2015 10 13  1650   57308  60600   1.55e+01  5.07e-01  4.74e-01  1.28e-01  7.76e-02  4.15e-02  8.15e+04  8.73e+03 -1.00e+05
2015 10 13  1655   57308  60900   2.69e+01  2.04e-01  8.32e-02  4.95e-02  4.02e-02  2.09e-02  8.33e+04  9.45e+03 -1.00e+05
2015 10 13  1700   57308  61200   1.62e+01  1.28e-01  1.03e-01  4.95e-02  4.02e-02  2.09e-02  8.58e+04  9.86e+03 -1.00e+05
2015 10 13  1705   57308  61500   1.66e+01  2.39e-01  2.14e-01  7.95e-02  4.70e-02  2.09e-02  8.33e+04  9.85e+03 -1.00e+05
2015 10 13  1710   57308  61800   1.82e+01  1.33e-01  1.08e-01  7.53e-02  5.55e-02  3.31e-02  8.42e+04  1.01e+04 -1.00e+05
2015 10 13  1715   57308  62100   1.57e+01  1.07e-01  8.20e-02  4.95e-02  4.02e-02  2.09e-02  7.20e+04  8.10e+03 -1.00e+05
2015 10 13  1720   57308  62400   1.62e+01  1.22e-01  9.67e-02  6.42e-02  5.49e-02  3.56e-02  7.76e+04  9.35e+03 -1.00e+05
2015 10 13  1725   57308  62700   1.51e+01  1.24e-01  9.85e-02  6.57e-02  4.83e-02  2.27e-02  7.60e+04  8.94e+03 -1.00e+05
2015 10 13  1730   57308  63000   2.07e+01  1.87e-01  1.04e-01  6.16e-02  5.22e-02  2.47e-02  7.48e+04  8.75e+03 -1.00e+05
2015 10 13  1735   57308  63300   1.17e+01  1.50e-01  1.24e-01  9.13e-02  6.38e-02  2.68e-02  6.41e+04  6.59e+03 -1.00e+05
2015 10 13  1740   57308  63600   1.22e+01  1.49e-01  1.23e-01  9.02e-02  6.08e-02  3.56e-02  6.36e+04  6.65e+03 -1.00e+05
2015 10 13  1745   57308  63900   1.32e+01  1.13e-01  8.76e-02  5.50e-02  4.33e-02  2.32e-02  7.02e+04  7.17e+03 -1.00e+05
2015 10 13  1750   57308  64200   1.28e+01  1.14e-01  8.93e-02  5.68e-02  4.75e-02  2.82e-02  6.07e+04  5.92e+03 -1.00e+05
2015 10 13  1755   57308  64500   1.16e+01  2.58e-01  2.33e-01  1.54e-01  1.26e-01  4.69e-02  5.05e+04  4.03e+03 -1.00e+05
2015 10 13  1800   57308  64800   1.25e+01  1.91e-01  1.66e-01  7.41e-02  6.48e-02  2.88e-02  5.08e+04  4.07e+03 -1.00e+05
2015 10 13  1805   57308  65100   1.45e+01  1.77e-01  1.52e-01  1.13e-01  1.04e-01  4.62e-02  5.28e+04  4.39e+03 -1.00e+05
2015 10 13  1810   57308  65400   1.09e+01  1.07e-01  8.20e-02  4.95e-02  4.02e-02  2.09e-02  4.26e+04  2.85e+03 -1.00e+05
2015 10 13  1815   57308  65700   2.70e+01  3.06e-01  1.21e-01  8.61e-02  4.84e-02  2.09e-02  3.77e+04  2.35e+03 -1.00e+05
2015 10 13  1820   57308  66000   1.21e+01  1.48e-01  1.23e-01  7.42e-02  6.48e-02  4.55e-02  4.28e+04  2.72e+03 -1.00e+05
2015 10 13  1825   57308  66300   1.99e+01  3.32e-01  2.30e-01  1.82e-01  1.11e-01  3.68e-02  4.56e+04  3.10e+03 -1.00e+05
2015 10 13  1830   57308  66600   1.42e+01  1.69e-01  1.43e-01  5.33e-02  4.11e-02  2.09e-02  5.07e+04  3.46e+03 -1.00e+05
2015 10 13  1835   57308  66900   1.71e+01  1.99e-01  1.74e-01  6.64e-02  4.40e-02  2.09e-02  5.32e+04  3.80e+03 -1.00e+05
2015 10 13  1840   57308  67200   2.35e+01  1.28e-01  1.03e-01  4.95e-02  4.02e-02  2.09e-02  6.88e+04  5.73e+03 -1.00e+05
2015 10 13  1845   57308  67500   2.25e+01  1.68e-01  1.43e-01  6.78e-02  5.85e-02  2.68e-02  6.60e+04  5.31e+03 -1.00e+05
2015 10 13  1850   57308  67800   1.87e+01  1.90e-01  1.65e-01  1.31e-01  9.31e-02  6.53e-02  6.55e+04  5.29e+03 -1.00e+05
2015 10 13  1855   57308  68100   4.06e+01  4.09e-01  2.55e-01  9.29e-02  8.36e-02  3.48e-02  7.08e+04  5.81e+03 -1.00e+05
2015 10 13  1900   57308  68400   2.03e+01  1.43e-01  1.18e-01  4.95e-02  4.02e-02  2.09e-02  6.82e+04  5.56e+03 -1.00e+05
2015 10 13  1905   57308  68700   3.40e+01  4.97e-01  2.81e-01  4.95e-02  4.02e-02  2.09e-02  6.80e+04  5.73e+03 -1.00e+05
2015 10 13  1910   57308  69000   2.41e+01  1.59e-01  1.34e-01  6.67e-02  5.74e-02  3.81e-02  6.80e+04  5.54e+03 -1.00e+05
2015 10 13  1915   57308  69300   2.67e+01  1.43e-01  1.18e-01  4.95e-02  4.02e-02  2.09e-02  6.57e+04  5.32e+03 -1.00e+05
2015 10 13  1920   57308  69600   2.87e+01  1.21e-01  9.61e-02  6.34e-02  4.71e-02  2.57e-02  6.92e+04  5.82e+03 -1.00e+05
2015 10 13  1925   57308  69900   5.75e+01  2.87e-01  1.04e-01  7.06e-02  6.13e-02  3.76e-02  6.73e+04  5.53e+03 -1.00e+05
2015 10 13  1930   57308  70200   2.46e+01  1.07e-01  8.20e-02  4.95e-02  4.02e-02  2.09e-02  6.62e+04  5.51e+03 -1.00e+05
2015 10 13  1935   57308  70500   2.03e+01  1.34e-01  1.09e-01  7.66e-02  6.73e-02  4.80e-02  6.36e+04  5.17e+03 -1.00e+05
2015 10 13  1940   57308  70800   2.24e+01  1.43e-01  1.18e-01  6.52e-02  4.94e-02  2.82e-02  6.48e+04  5.25e+03 -1.00e+05
2015 10 13  1945   57308  71100   2.21e+01  1.77e-01  1.52e-01  5.53e-02  4.60e-02  2.27e-02  6.36e+04  5.02e+03 -1.00e+05
2015 10 13  1950   57308  71400   4.00e+01  5.15e-01  3.01e-01  8.61e-02  4.84e-02  2.09e-02  6.11e+04  4.59e+03 -1.00e+05
2015 10 13  1955   57308  71700   3.43e+01  2.04e-01  8.32e-02  4.95e-02  4.02e-02  2.09e-02  6.17e+04  4.67e+03 -1.00e+05
2015 10 13  2000   57308  72000   1.87e+01  1.07e-01  8.20e-02  4.95e-02  4.02e-02  2.09e-02  6.08e+04  4.56e+03 -1.00e+05
2015 10 13  2005   57308  72300   1.57e+01  1.38e-01  1.13e-01  8.04e-02  7.11e-02  3.08e-02  5.99e+04  4.41e+03 -1.00e+05
2015 10 13  2010   57308  72600   1.61e+01  1.12e-01  8.68e-02  5.43e-02  4.50e-02  2.57e-02  5.99e+04  4.45e+03 -1.00e+05
2015 10 13  2015   57308  72900   1.41e+01  2.31e-01  2.05e-01  7.30e-02  4.55e-02  2.09e-02  6.00e+04  4.55e+03 -1.00e+05
2015 10 13  2020   57308  73200   1.47e+01  1.30e-01  1.05e-01  7.27e-02  6.34e-02  4.40e-02  6.12e+04  4.67e+03 -1.00e+05
2015 10 13  2025   57308  73500   2.36e+01  4.14e-01  2.04e-01  4.95e-02  4.02e-02  2.09e-02  6.24e+04  4.82e+03 -1.00e+05
2015 10 13  2030   57308  73800   1.26e+01  2.06e-01  1.81e-01  4.95e-02  4.02e-02  2.09e-02  6.16e+04  4.76e+03 -1.00e+05
2015 10 13  2035   57308  74100   1.05e+01  1.49e-01  1.24e-01  7.88e-02  5.13e-02  2.27e-02  6.14e+04  4.54e+03 -1.00e+05
2015 10 13  2040   57308  74400   9.70e+00  1.25e-01  9.94e-02  6.64e-02  4.40e-02  2.09e-02  6.08e+04  4.48e+03 -1.00e+05
2015 10 13  2045   57308  74700   1.03e+01  1.60e-01  1.18e-01  6.42e-02  5.49e-02  3.56e-02  6.06e+04  4.30e+03 -1.00e+05
2015 10 13  2050   57308  75000   8.77e+00  1.07e-01  8.20e-02  4.95e-02  4.02e-02  2.09e-02  5.53e+04  4.42e+03 -1.00e+05
2015 10 13  2055   57308  75300   1.10e+01  2.17e-01  1.92e-01  5.99e-02  4.25e-02  2.09e-02  5.54e+04  4.11e+03 -1.00e+05
2015 10 13  2100   57308  75600   1.45e+01  2.21e-01  1.09e-01  4.95e-02  4.02e-02  2.09e-02  4.51e+04  3.61e+03 -1.00e+05
2015 10 13  2105   57308  75900   5.10e+00  1.62e-01  1.37e-01  1.04e-01  7.63e-02  3.08e-02  3.80e+04  2.60e+03 -1.00e+05
2015 10 13  2110   57308  76200   6.62e+00  3.11e-01  1.52e-01  4.95e-02  4.02e-02  2.09e-02  3.48e+04  2.15e+03 -1.00e+05
2015 10 13  2115   57308  76500   4.93e+00  1.82e-01  1.57e-01  1.16e-01  9.85e-02  3.88e-02  3.60e+04  2.06e+03 -1.00e+05
2015 10 13  2120   57308  76800   6.19e+00  2.53e-01  1.13e-01  5.33e-02  4.11e-02  2.09e-02  3.48e+04  1.83e+03 -1.00e+05
2015 10 13  2125   57308  77100   5.63e+00  2.23e-01  1.33e-01  8.90e-02  7.97e-02  6.04e-02  3.64e+04  2.01e+03 -1.00e+05
2015 10 13  2130   57308  77400   8.68e+00  1.54e-01  1.25e-01  9.13e-02  6.38e-02  2.68e-02  3.56e+04  1.69e+03 -1.00e+05
2015 10 13  2135   57308  77700   8.86e+00  1.07e-01  8.20e-02  4.95e-02  4.02e-02  2.09e-02  3.22e+04  1.61e+03 -1.00e+05
2015 10 13  2140   57308  78000   1.32e+01  1.29e-01  8.53e-02  4.95e-02  4.02e-02  2.09e-02  3.39e+04  1.67e+03 -1.00e+05
2015 10 13  2145   57308  78300   1.35e+01  2.13e-01  1.88e-01  9.67e-02  8.45e-02  3.48e-02  5.47e+04  3.61e+03 -1.00e+05
2015 10 13  2150   57308  78600   3.05e+01  2.75e-01  1.09e-01  4.95e-02  4.02e-02  2.09e-02  5.42e+04  3.82e+03 -1.00e+05
2015 10 13  2155   57308  78900   2.25e+01  1.80e-01  8.33e-02  4.95e-02  4.02e-02  2.09e-02  5.31e+04  3.37e+03 -1.00e+05
2015 10 13  2200   57308  79200   1.51e+01  1.74e-01  1.49e-01  8.16e-02  7.23e-02  5.29e-02  5.35e+04  3.69e+03 -1.00e+05
2015 10 13  2205   57308  79500   1.35e+01  1.14e-01  8.93e-02  5.68e-02  4.75e-02  2.82e-02  5.64e+04  3.89e+03 -1.00e+05
2015 10 13  2210   57308  79800   1.17e+01  1.45e-01  1.20e-01  8.76e-02  7.82e-02  3.64e-02  5.20e+04  3.51e+03 -1.00e+05
2015 10 13  2215   57308  80100   9.41e+00  1.36e-01  9.42e-02  5.87e-02  4.74e-02  2.63e-02  5.13e+04  3.35e+03 -1.00e+05
2015 10 13  2220   57308  80400   1.02e+01  4.18e-01  2.52e-01  9.51e-02  7.59e-02  5.37e-02  4.67e+04  2.83e+03 -1.00e+05
2015 10 13  2225   57308  80700   5.23e+00  1.63e-01  1.38e-01  1.05e-01  9.61e-02  3.88e-02  3.97e+04  2.29e+03 -1.00e+05
2015 10 13  2230   57308  81000   4.24e+00  1.61e-01  1.36e-01  7.41e-02  6.48e-02  2.88e-02  4.06e+04  2.14e+03 -1.00e+05
2015 10 13  2235   57308  81300   4.31e+00  1.31e-01  9.73e-02  6.16e-02  5.22e-02  2.47e-02  3.69e+04  2.01e+03 -1.00e+05
2015 10 13  2240   57308  81600   3.74e+00  1.07e-01  8.20e-02  4.95e-02  4.02e-02  2.09e-02  3.67e+04  1.92e+03 -1.00e+05
2015 10 13  2245   57308  81900   3.64e+00  1.11e-01  8.59e-02  5.33e-02  4.11e-02  2.09e-02  3.47e+04  1.90e+03 -1.00e+05
2015 10 13  2250   57308  82200   2.75e+00  1.37e-01  1.12e-01  7.89e-02  6.01e-02  3.81e-02  3.30e+04  1.71e+03 -1.00e+05
2015 10 13  2255   57308  82500   2.84e+00  1.63e-01  1.38e-01  6.16e-02  5.22e-02  2.47e-02  2.78e+04  1.47e+03 -1.00e+05
2015 10 13  2300   57308  82800   2.53e+00  1.11e-01  8.59e-02  5.33e-02  4.11e-02  2.09e-02  2.81e+04  1.37e+03 -1.00e+05
2015 10 13  2305   57308  83100   2.45e+00  2.24e-01  1.99e-01  1.65e-01  1.28e-01  6.31e-02  2.18e+04  9.02e+02 -1.00e+05
2015 10 13  2310   57308  83400   1.97e+00  1.07e-01  8.20e-02  4.95e-02  4.02e-02  2.09e-02  2.25e+04  8.98e+02 -1.00e+05
2015 10 13  2315   57308  83700   1.77e+00  1.45e-01  1.20e-01  8.57e-02  4.61e-02  2.09e-02  2.27e+04  9.17e+02 -1.00e+05
2015 10 13  2320   57308  84000   1.29e+00  1.71e-01  1.46e-01  1.13e-01  1.02e-01  6.07e-02  2.04e+04  8.22e+02 -1.00e+05
2015 10 13  2325   57308  84300   1.70e+00  2.04e-01  8.32e-02  4.95e-02  4.02e-02  2.09e-02  1.86e+04  6.31e+02 -1.00e+05
2015 10 13  2330   57308  84600   8.55e-01  1.07e-01  8.20e-02  4.95e-02  4.02e-02  2.09e-02  1.75e+04  4.95e+02 -1.00e+05
2015 10 13  2335   57308  84900   9.70e-01  1.82e-01  1.57e-01  1.23e-01  8.56e-02  3.28e-02  1.80e+04  5.26e+02 -1.00e+05
2015 10 13  2340   57308  85200   1.02e+00  1.67e-01  1.24e-01  6.64e-02  4.40e-02  2.09e-02  1.52e+04  3.40e+02 -1.00e+05
2015 10 13  2345   57308  85500   9.65e-01  1.29e-01  8.53e-02  4.95e-02  4.02e-02  2.09e-02  1.01e+04  1.50e+02 -1.00e+05
2015 10 13  2350   57308  85800   1.13e+00  1.60e-01  1.16e-01  7.95e-02  4.70e-02  2.09e-02  8.41e+03  9.28e+01 -1.00e+05
2015 10 13  2355   57308  86100   1.31e+00  2.48e-01  8.31e-02  4.95e-02  4.02e-02  2.09e-02  4.55e+03  5.19e+01 -1.00e+05
