:Data_list: 20151125_Gp_part_5m.txt
:Created: 2015 Nov 26 0011 UTC
# Prepared by the U.S. Dept. of Commerce, NOAA, Space Weather Prediction Center
# Please send comments and suggestions to SWPC.Webmaster@noaa.gov 
# 
# Label: P > 1 = Particles at >1 Mev
# Label: P > 5 = Particles at >5 Mev
# Label: P >10 = Particles at >10 Mev
# Label: P >30 = Particles at >30 Mev
# Label: P >50 = Particles at >50 Mev
# Label: P>100 = Particles at >100 Mev
# Label: E>0.8 = Electrons at >0.8 Mev
# Label: E>2.0 = Electrons at >2.0 Mev
# Label: E>4.0 = Electrons at >4.0 Mev
# Units: Particles = Protons/cm2-s-sr
# Units: Electrons = Electrons/cm2-s-sr
# Source: GOES-13
# Location: W075
# Missing data: -1.00e+05
#
#                      5-minute  GOES-13 Solar Particle and Electron Flux
#
#                 Modified Seconds
# UTC Date  Time   Julian  of the
# YR MO DA  HHMM    Day     Day     P > 1     P > 5     P >10     P >30     P >50     P>100     E>0.8     E>2.0     E>4.0
#-------------------------------------------------------------------------------------------------------------------------
2015 11 25  0000   57351      0   1.59e+00  1.80e-01  1.54e-01  1.18e-01  1.08e-01  4.31e-02  2.94e+03  1.09e+02 -1.00e+05
2015 11 25  0005   57351    300   1.56e+00  1.89e-01  1.63e-01  1.27e-01  1.17e-01  5.56e-02  2.93e+03  1.11e+02 -1.00e+05
2015 11 25  0010   57351    600   1.35e+00  1.56e-01  1.30e-01  9.38e-02  8.35e-02  6.33e-02  2.92e+03  1.11e+02 -1.00e+05
2015 11 25  0015   57351    900   1.97e+00  1.84e-01  1.07e-01  6.19e-02  5.16e-02  2.50e-02  2.94e+03  1.10e+02 -1.00e+05
2015 11 25  0020   57351   1200   1.43e+00  1.80e-01  1.54e-01  8.88e-02  7.86e-02  5.84e-02  2.93e+03  1.02e+02 -1.00e+05
2015 11 25  0025   57351   1500   1.75e+00  2.45e-01  1.62e-01  7.40e-02  6.37e-02  4.35e-02  2.90e+03  1.11e+02 -1.00e+05
2015 11 25  0030   57351   1800   9.80e-01  1.17e-01  9.16e-02  5.56e-02  4.54e-02  2.30e-02  2.91e+03  1.10e+02 -1.00e+05
2015 11 25  0035   57351   2100   2.40e+00  2.88e-01  1.43e-01  1.05e-01  9.04e-02  3.36e-02  2.90e+03  1.02e+02 -1.00e+05
2015 11 25  0040   57351   2400   1.33e+00  1.86e-01  1.61e-01  1.25e-01  1.14e-01  4.51e-02  2.87e+03  1.12e+02 -1.00e+05
2015 11 25  0045   57351   2700   1.34e+00  2.21e-01  1.95e-01  1.59e-01  1.49e-01  7.30e-02  2.90e+03  1.01e+02 -1.00e+05
2015 11 25  0050   57351   3000   1.39e+00  1.49e-01  1.23e-01  8.73e-02  7.71e-02  3.44e-02  2.88e+03  1.11e+02 -1.00e+05
2015 11 25  0055   57351   3300   1.67e+00  2.05e-01  1.28e-01  8.25e-02  5.63e-02  2.50e-02  2.87e+03  1.08e+02 -1.00e+05
2015 11 25  0100   57351   3600   1.41e+00  3.36e-01  3.10e-01  1.12e-01  6.09e-02  2.50e-02  2.82e+03  1.06e+02 -1.00e+05
2015 11 25  0105   57351   3900   2.72e+00  2.56e-01  9.00e-02  5.23e-02  4.21e-02  2.19e-02  2.81e+03  1.10e+02 -1.00e+05
2015 11 25  0110   57351   4200   1.97e+00  3.05e-01  1.78e-01  6.16e-02  5.13e-02  3.12e-02  2.80e+03  1.12e+02 -1.00e+05
2015 11 25  0115   57351   4500   1.08e+00  1.49e-01  1.23e-01  8.72e-02  7.69e-02  5.62e-02  2.76e+03  1.11e+02 -1.00e+05
2015 11 25  0120   57351   4800   1.27e+00  1.95e-01  1.69e-01  1.32e-01  1.11e-01  4.31e-02  2.75e+03  1.07e+02 -1.00e+05
2015 11 25  0125   57351   5100   1.25e+00  1.91e-01  1.65e-01  6.64e-02  4.52e-02  2.19e-02  2.75e+03  1.08e+02 -1.00e+05
2015 11 25  0130   57351   5400   1.84e+00  2.93e-01  1.54e-01  1.15e-01  6.84e-02  2.70e-02  2.75e+03  1.08e+02 -1.00e+05
2015 11 25  0135   57351   5700   1.16e+00  2.32e-01  2.06e-01  1.69e-01  1.50e-01  6.02e-02  2.74e+03  9.60e+01 -1.00e+05
2015 11 25  0140   57351   6000   1.22e+00  1.45e-01  1.19e-01  5.23e-02  4.21e-02  2.19e-02  2.74e+03  1.06e+02 -1.00e+05
2015 11 25  0145   57351   6300   1.10e+00  1.57e-01  1.31e-01  5.23e-02  4.21e-02  2.19e-02  2.74e+03  1.08e+02 -1.00e+05
2015 11 25  0150   57351   6600   1.06e+00  1.53e-01  1.27e-01  8.94e-02  4.80e-02  2.19e-02  2.74e+03  1.08e+02 -1.00e+05
2015 11 25  0155   57351   6900   1.01e+00  1.72e-01  1.36e-01  5.33e-02  4.23e-02  2.19e-02  2.74e+03  1.06e+02 -1.00e+05
2015 11 25  0200   57351   7200   1.21e+00  2.49e-01  2.09e-01  8.42e-02  7.39e-02  2.33e-02  2.73e+03  1.09e+02 -1.00e+05
2015 11 25  0205   57351   7500   9.19e-01  1.59e-01  1.33e-01  6.65e-02  5.63e-02  3.61e-02  2.71e+03  1.06e+02 -1.00e+05
2015 11 25  0210   57351   7800   1.73e+00  2.11e-01  9.02e-02  5.23e-02  4.21e-02  2.19e-02  2.73e+03  1.09e+02 -1.00e+05
2015 11 25  0215   57351   8100   1.03e+00  1.87e-01  1.55e-01  1.18e-01  1.08e-01  4.31e-02  2.66e+03  1.11e+02 -1.00e+05
2015 11 25  0220   57351   8400   1.52e+00  2.37e-01  1.17e-01  7.89e-02  6.87e-02  4.85e-02  2.69e+03  1.09e+02 -1.00e+05
2015 11 25  0225   57351   8700   1.07e+00  1.54e-01  1.18e-01  7.95e-02  4.82e-02  2.19e-02  2.66e+03  1.12e+02 -1.00e+05
2015 11 25  0230   57351   9000   1.57e+00  2.78e-01  1.11e-01  7.29e-02  4.67e-02  2.19e-02  2.61e+03  1.08e+02 -1.00e+05
2015 11 25  0235   57351   9300   8.27e-01  1.76e-01  1.50e-01  7.30e-02  6.28e-02  4.26e-02  2.62e+03  1.06e+02 -1.00e+05
2015 11 25  0240   57351   9600   1.24e+00  1.86e-01  1.60e-01  1.24e-01  1.14e-01  7.65e-02  2.60e+03  9.91e+01 -1.00e+05
2015 11 25  0245   57351   9900   8.11e-01  1.14e-01  8.83e-02  5.23e-02  4.21e-02  2.19e-02  2.59e+03  1.08e+02 -1.00e+05
2015 11 25  0250   57351  10200   9.98e-01  1.80e-01  1.49e-01  7.09e-02  6.06e-02  3.75e-02  2.58e+03  1.07e+02 -1.00e+05
2015 11 25  0255   57351  10500   9.79e-01  2.22e-01  1.39e-01  6.16e-02  5.13e-02  3.12e-02  2.57e+03  1.05e+02 -1.00e+05
2015 11 25  0300   57351  10800   8.87e-01  1.69e-01  1.43e-01  1.06e-01  7.89e-02  5.37e-02  2.55e+03  9.90e+01 -1.00e+05
2015 11 25  0305   57351  11100   1.49e+00  2.50e-01  1.34e-01  8.19e-02  6.59e-02  2.90e-02  2.52e+03  1.03e+02 -1.00e+05
2015 11 25  0310   57351  11400   1.76e+00  3.35e-01  1.35e-01  9.78e-02  8.76e-02  5.29e-02  2.53e+03  1.06e+02 -1.00e+05
2015 11 25  0315   57351  11700   8.75e-01  1.25e-01  9.87e-02  6.27e-02  5.25e-02  2.81e-02  2.49e+03  1.03e+02 -1.00e+05
2015 11 25  0320   57351  12000   7.47e-01  1.29e-01  1.03e-01  6.64e-02  4.52e-02  2.19e-02  2.49e+03  1.07e+02 -1.00e+05
2015 11 25  0325   57351  12300   8.64e-01  2.02e-01  1.76e-01  1.39e-01  1.08e-01  4.11e-02  2.48e+03  9.94e+01 -1.00e+05
2015 11 25  0330   57351  12600   1.73e+00  5.49e-01  2.18e-01  7.04e-02  6.01e-02  3.57e-02  2.47e+03  1.00e+02 -1.00e+05
2015 11 25  0335   57351  12900   7.14e-01  1.14e-01  8.83e-02  5.23e-02  4.21e-02  2.19e-02  2.45e+03  9.99e+01 -1.00e+05
2015 11 25  0340   57351  13200   7.38e-01  1.14e-01  8.83e-02  5.23e-02  4.21e-02  2.19e-02  2.46e+03  1.06e+02 -1.00e+05
2015 11 25  0345   57351  13500   7.72e-01  1.79e-01  1.54e-01  5.56e-02  4.54e-02  2.30e-02  2.42e+03  1.05e+02 -1.00e+05
2015 11 25  0350   57351  13800   1.12e+00  2.36e-01  1.60e-01  6.29e-02  5.19e-02  2.50e-02  2.42e+03  9.66e+01 -1.00e+05
2015 11 25  0355   57351  14100   1.14e+00  2.88e-01  2.33e-01  1.10e-01  9.96e-02  5.51e-02  2.45e+03  1.00e+02 -1.00e+05
2015 11 25  0400   57351  14400   7.38e-01  1.54e-01  1.24e-01  8.66e-02  7.01e-02  4.50e-02  2.42e+03  1.00e+02 -1.00e+05
2015 11 25  0405   57351  14700   1.13e+00  1.83e-01  9.89e-02  5.23e-02  4.21e-02  2.19e-02  2.42e+03  1.06e+02 -1.00e+05
2015 11 25  0410   57351  15000   6.49e-01  1.42e-01  1.17e-01  8.02e-02  6.32e-02  4.11e-02  2.40e+03  1.04e+02 -1.00e+05
2015 11 25  0415   57351  15300   1.52e+00  2.74e-01  1.46e-01  1.07e-01  8.61e-02  3.50e-02  2.45e+03  1.04e+02 -1.00e+05
2015 11 25  0420   57351  15600   1.31e+00  5.23e-01  3.17e-01  5.98e-02  4.38e-02  2.19e-02  2.45e+03  1.01e+02 -1.00e+05
2015 11 25  0425   57351  15900   1.07e+00  2.76e-01  2.51e-01  1.14e-01  7.80e-02  3.10e-02  2.46e+03  1.01e+02 -1.00e+05
2015 11 25  0430   57351  16200   1.18e+00  2.68e-01  1.41e-01  8.62e-02  7.60e-02  5.25e-02  2.45e+03  9.91e+01 -1.00e+05
2015 11 25  0435   57351  16500   9.21e-01  2.33e-01  2.07e-01  1.37e-01  1.27e-01  4.91e-02  2.47e+03  1.04e+02 -1.00e+05
2015 11 25  0440   57351  16800   1.40e+00  2.58e-01  1.14e-01  7.64e-02  6.62e-02  4.60e-02  2.45e+03  1.07e+02 -1.00e+05
2015 11 25  0445   57351  17100   9.06e-01  2.33e-01  2.07e-01  1.32e-01  1.11e-01  4.31e-02  2.47e+03  1.01e+02 -1.00e+05
2015 11 25  0450   57351  17400   9.33e-01  2.18e-01  1.92e-01  1.18e-01  1.08e-01  4.31e-02  2.46e+03  1.02e+02 -1.00e+05
2015 11 25  0455   57351  17700   8.17e-01  2.22e-01  1.96e-01  1.60e-01  1.50e-01  7.12e-02  2.47e+03  1.02e+02 -1.00e+05
2015 11 25  0500   57351  18000   7.38e-01  1.14e-01  8.83e-02  5.23e-02  4.21e-02  2.19e-02  2.48e+03  1.10e+02 -1.00e+05
2015 11 25  0505   57351  18300   9.93e-01  1.75e-01  1.49e-01  1.12e-01  7.61e-02  4.85e-02  2.47e+03  9.89e+01 -1.00e+05
2015 11 25  0510   57351  18600   1.52e+00  4.03e-01  1.83e-01  6.65e-02  5.63e-02  3.61e-02  2.46e+03  1.05e+02 -1.00e+05
2015 11 25  0515   57351  18900   8.54e-01  2.23e-01  1.97e-01  1.34e-01  8.30e-02  3.42e-02  2.47e+03  9.92e+01 -1.00e+05
2015 11 25  0520   57351  19200   1.07e+00  3.03e-01  2.08e-01  1.69e-01  1.32e-01  6.13e-02  2.47e+03  9.98e+01 -1.00e+05
2015 11 25  0525   57351  19500   8.07e-01  1.26e-01  1.00e-01  6.41e-02  5.38e-02  3.36e-02  2.48e+03  1.07e+02 -1.00e+05
2015 11 25  0530   57351  19800   1.09e+00  2.06e-01  1.44e-01  8.07e-02  7.04e-02  3.10e-02  2.48e+03  1.04e+02 -1.00e+05
2015 11 25  0535   57351  20100   1.36e+00  2.24e-01  1.29e-01  9.13e-02  8.10e-02  6.09e-02  2.48e+03  1.00e+02 -1.00e+05
2015 11 25  0540   57351  20400   8.01e-01  2.05e-01  1.50e-01  1.02e-01  9.19e-02  4.76e-02  2.48e+03  1.03e+02 -1.00e+05
2015 11 25  0545   57351  20700   8.88e-01  1.45e-01  1.19e-01  5.23e-02  4.21e-02  2.19e-02  2.50e+03  1.06e+02 -1.00e+05
2015 11 25  0550   57351  21000   1.50e+00  4.24e-01  2.16e-01  1.11e-01  1.01e-01  5.87e-02  2.49e+03  1.06e+02 -1.00e+05
2015 11 25  0555   57351  21300   8.71e-01  1.49e-01  1.24e-01  8.75e-02  7.73e-02  5.71e-02  2.52e+03  1.09e+02 -1.00e+05
2015 11 25  0600   57351  21600   1.23e+00  1.45e-01  1.19e-01  5.23e-02  4.21e-02  2.19e-02  2.51e+03  1.07e+02 -1.00e+05
2015 11 25  0605   57351  21900   1.05e+00  1.16e-01  9.06e-02  5.46e-02  4.40e-02  2.37e-02  2.55e+03  1.10e+02 -1.00e+05
2015 11 25  0610   57351  22200   1.09e+00  1.76e-01  1.50e-01  1.13e-01  7.06e-02  4.11e-02  2.56e+03  1.09e+02 -1.00e+05
2015 11 25  0615   57351  22500   1.62e+00  1.86e-01  9.03e-02  5.23e-02  4.21e-02  2.19e-02  2.59e+03  1.10e+02 -1.00e+05
2015 11 25  0620   57351  22800   1.43e+00  2.37e-01  1.32e-01  9.32e-02  8.30e-02  3.50e-02  2.60e+03  1.11e+02 -1.00e+05
2015 11 25  0625   57351  23100   1.72e+00  3.36e-01  2.31e-01  1.78e-01  1.10e-01  4.94e-02  2.61e+03  1.08e+02 -1.00e+05
2015 11 25  0630   57351  23400   1.10e+00  1.41e-01  1.15e-01  7.89e-02  6.87e-02  4.85e-02  2.61e+03  1.08e+02 -1.00e+05
2015 11 25  0635   57351  23700   1.06e+00  1.61e-01  1.35e-01  9.81e-02  6.53e-02  3.86e-02  2.63e+03  1.14e+02 -1.00e+05
2015 11 25  0640   57351  24000   2.04e+00  4.90e-01  2.68e-01  1.04e-01  9.34e-02  7.33e-02  2.65e+03  1.12e+02 -1.00e+05
2015 11 25  0645   57351  24300   1.38e+00  2.60e-01  1.78e-01  7.89e-02  6.87e-02  4.85e-02  2.61e+03  1.12e+02 -1.00e+05
2015 11 25  0650   57351  24600   1.66e+00  3.08e-01  1.71e-01  9.11e-02  8.08e-02  4.90e-02  2.67e+03  1.08e+02 -1.00e+05
2015 11 25  0655   57351  24900   9.31e-01  1.86e-01  1.45e-01  1.06e-01  9.55e-02  3.91e-02  2.69e+03  1.16e+02 -1.00e+05
2015 11 25  0700   57351  25200   1.69e+00  2.53e-01  1.58e-01  1.19e-01  7.95e-02  5.34e-02  2.64e+03  1.13e+02 -1.00e+05
2015 11 25  0705   57351  25500   1.55e+00  2.24e-01  1.28e-01  8.92e-02  5.37e-02  2.62e-02  2.66e+03  1.09e+02 -1.00e+05
2015 11 25  0710   57351  25800   1.67e+00  2.25e-01  1.04e-01  6.65e-02  5.63e-02  3.61e-02  2.72e+03  1.10e+02 -1.00e+05
2015 11 25  0715   57351  26100   2.54e+00  2.98e-01  1.12e-01  7.40e-02  6.37e-02  4.35e-02  2.67e+03  1.14e+02 -1.00e+05
2015 11 25  0720   57351  26400   1.10e+00  1.26e-01  9.83e-02  6.19e-02  5.16e-02  2.50e-02  2.74e+03  1.14e+02 -1.00e+05
2015 11 25  0725   57351  26700   1.44e+00  1.89e-01  1.64e-01  1.27e-01  9.54e-02  3.70e-02  2.72e+03  1.16e+02 -1.00e+05
2015 11 25  0730   57351  27000   1.95e+00  2.92e-01  2.08e-01  9.26e-02  5.11e-02  2.19e-02  2.74e+03  1.18e+02 -1.00e+05
2015 11 25  0735   57351  27300   2.13e+00  2.52e-01  1.58e-01  1.19e-01  8.54e-02  5.84e-02  2.74e+03  1.10e+02 -1.00e+05
2015 11 25  0740   57351  27600   1.48e+00  1.70e-01  1.38e-01  1.01e-01  9.11e-02  7.10e-02  2.75e+03  1.14e+02 -1.00e+05
2015 11 25  0745   57351  27900   1.27e+00  1.68e-01  1.42e-01  1.06e-01  9.59e-02  7.57e-02  2.75e+03  1.22e+02 -1.00e+05
2015 11 25  0750   57351  28200   1.57e+00  1.48e-01  1.22e-01  8.64e-02  7.61e-02  5.59e-02  2.77e+03  1.18e+02 -1.00e+05
2015 11 25  0755   57351  28500   1.35e+00  1.14e-01  8.83e-02  5.23e-02  4.21e-02  2.19e-02  2.80e+03  1.18e+02 -1.00e+05
2015 11 25  0800   57351  28800   1.34e+00  1.38e-01  1.12e-01  7.56e-02  5.54e-02  2.81e-02  2.80e+03  1.19e+02 -1.00e+05
2015 11 25  0805   57351  29100   1.48e+00  1.14e-01  8.83e-02  5.23e-02  4.21e-02  2.19e-02  2.84e+03  1.24e+02 -1.00e+05
2015 11 25  0810   57351  29400   1.63e+00  2.14e-01  1.88e-01  1.52e-01  1.42e-01  6.18e-02  2.88e+03  1.23e+02 -1.00e+05
2015 11 25  0815   57351  29700   1.51e+00  1.95e-01  1.69e-01  1.32e-01  8.97e-02  4.72e-02  2.91e+03  1.25e+02 -1.00e+05
2015 11 25  0820   57351  30000   2.73e+00  3.39e-01  1.80e-01  5.91e-02  4.89e-02  2.87e-02  2.91e+03  1.20e+02 -1.00e+05
2015 11 25  0825   57351  30300   2.96e+00  3.54e-01  1.95e-01  8.02e-02  6.32e-02  4.11e-02  2.91e+03  1.23e+02 -1.00e+05
2015 11 25  0830   57351  30600   1.79e+00  1.51e-01  1.25e-01  8.88e-02  7.86e-02  5.84e-02  2.92e+03  1.22e+02 -1.00e+05
2015 11 25  0835   57351  30900   1.86e+00  1.62e-01  1.37e-01  9.92e-02  5.26e-02  2.19e-02  2.92e+03  1.27e+02 -1.00e+05
2015 11 25  0840   57351  31200   1.73e+00  1.14e-01  8.83e-02  5.23e-02  4.21e-02  2.19e-02  2.98e+03  1.30e+02 -1.00e+05
2015 11 25  0845   57351  31500   2.07e+00  2.06e-01  1.80e-01  1.43e-01  1.02e-01  7.33e-02  3.03e+03  1.24e+02 -1.00e+05
2015 11 25  0850   57351  31800   1.87e+00  1.14e-01  8.83e-02  5.23e-02  4.21e-02  2.19e-02  3.03e+03  1.29e+02 -1.00e+05
2015 11 25  0855   57351  32100   1.99e+00  2.34e-01  2.08e-01  9.32e-02  8.30e-02  3.50e-02  3.08e+03  1.26e+02 -1.00e+05
2015 11 25  0900   57351  32400   1.85e+00  1.14e-01  8.83e-02  5.23e-02  4.21e-02  2.19e-02  3.08e+03  1.34e+02 -1.00e+05
2015 11 25  0905   57351  32700   3.50e+00  1.90e-01  9.46e-02  5.66e-02  4.64e-02  2.62e-02  3.09e+03  1.36e+02 -1.00e+05
2015 11 25  0910   57351  33000   4.12e+00  2.70e-01  1.04e-01  6.65e-02  5.63e-02  3.61e-02  3.14e+03  1.37e+02 -1.00e+05
2015 11 25  0915   57351  33300   2.16e+00  1.26e-01  9.01e-02  5.23e-02  4.21e-02  2.19e-02  3.15e+03  1.33e+02 -1.00e+05
2015 11 25  0920   57351  33600   2.23e+00  2.57e-01  2.32e-01  1.96e-01  1.85e-01  9.77e-02  3.19e+03  1.30e+02 -1.00e+05
2015 11 25  0925   57351  33900   2.24e+00  1.43e-01  1.17e-01  8.07e-02  7.04e-02  3.10e-02  3.24e+03  1.36e+02 -1.00e+05
2015 11 25  0930   57351  34200   3.03e+00  1.83e-01  9.89e-02  5.23e-02  4.21e-02  2.19e-02  3.24e+03  1.44e+02 -1.00e+05
2015 11 25  0935   57351  34500   2.38e+00  1.15e-01  8.93e-02  5.33e-02  4.23e-02  2.19e-02  3.25e+03  1.37e+02 -1.00e+05
2015 11 25  0940   57351  34800   2.54e+00  1.14e-01  8.83e-02  5.23e-02  4.21e-02  2.19e-02  3.30e+03  1.48e+02 -1.00e+05
2015 11 25  0945   57351  35100   2.37e+00  1.30e-01  1.04e-01  6.82e-02  5.79e-02  2.70e-02  3.34e+03  1.38e+02 -1.00e+05
2015 11 25  0950   57351  35400   2.60e+00  2.00e-01  1.74e-01  1.12e-01  1.02e-01  6.94e-02  3.33e+03  1.40e+02 -1.00e+05
2015 11 25  0955   57351  35700   3.05e+00  1.87e-01  1.46e-01  1.07e-01  9.57e-02  3.91e-02  3.37e+03  1.42e+02 -1.00e+05
2015 11 25  1000   57351  36000   2.56e+00  1.15e-01  8.93e-02  5.33e-02  4.23e-02  2.19e-02  3.41e+03  1.40e+02 -1.00e+05
2015 11 25  1005   57351  36300   4.72e+00  2.34e-01  9.01e-02  5.23e-02  4.21e-02  2.19e-02  3.42e+03  1.44e+02 -1.00e+05
2015 11 25  1010   57351  36600   2.71e+00  1.87e-01  1.61e-01  1.25e-01  1.15e-01  4.65e-02  3.43e+03  1.43e+02 -1.00e+05
2015 11 25  1015   57351  36900   4.66e+00  2.19e-01  1.24e-01  8.64e-02  7.61e-02  5.59e-02  3.46e+03  1.43e+02 -1.00e+05
2015 11 25  1020   57351  37200   2.85e+00  1.41e-01  1.15e-01  7.89e-02  6.87e-02  4.85e-02  3.50e+03  1.42e+02 -1.00e+05
2015 11 25  1025   57351  37500   3.00e+00  1.14e-01  8.83e-02  5.23e-02  4.21e-02  2.19e-02  3.53e+03  1.44e+02 -1.00e+05
2015 11 25  1030   57351  37800   3.15e+00  1.89e-01  1.63e-01  5.98e-02  4.38e-02  2.19e-02  3.52e+03  1.48e+02 -1.00e+05
2015 11 25  1035   57351  38100   4.00e+00  1.85e-01  1.19e-01  7.54e-02  6.44e-02  2.90e-02  3.58e+03  1.53e+02 -1.00e+05
2015 11 25  1040   57351  38400   2.92e+00  1.88e-01  1.61e-01  1.25e-01  1.14e-01  4.51e-02  3.52e+03  1.51e+02 -1.00e+05
2015 11 25  1045   57351  38700   2.96e+00  2.13e-01  1.87e-01  1.51e-01  1.35e-01  5.11e-02  3.60e+03  1.47e+02 -1.00e+05
2015 11 25  1050   57351  39000   3.16e+00  1.29e-01  1.03e-01  6.64e-02  4.52e-02  2.19e-02  3.67e+03  1.56e+02 -1.00e+05
2015 11 25  1055   57351  39300   3.63e+00  1.26e-01  9.01e-02  5.23e-02  4.21e-02  2.19e-02  3.61e+03  1.49e+02 -1.00e+05
2015 11 25  1100   57351  39600   3.26e+00  1.22e-01  9.61e-02  5.98e-02  4.38e-02  2.19e-02  3.69e+03  1.59e+02 -1.00e+05
2015 11 25  1105   57351  39900   3.56e+00  1.65e-01  1.39e-01  1.03e-01  9.29e-02  5.12e-02  3.73e+03  1.63e+02 -1.00e+05
2015 11 25  1110   57351  40200   3.60e+00  1.92e-01  1.66e-01  7.23e-02  6.20e-02  4.18e-02  3.73e+03  1.49e+02 -1.00e+05
2015 11 25  1115   57351  40500   5.39e+00  4.35e-01  2.90e-01  1.09e-01  6.59e-02  3.61e-02  3.75e+03  1.56e+02 -1.00e+05
2015 11 25  1120   57351  40800   3.70e+00  1.96e-01  1.70e-01  6.64e-02  4.52e-02  2.19e-02  3.76e+03  1.58e+02 -1.00e+05
2015 11 25  1125   57351  41100   5.20e+00  2.72e-01  1.87e-01  7.29e-02  4.67e-02  2.19e-02  3.79e+03  1.59e+02 -1.00e+05
2015 11 25  1130   57351  41400   5.24e+00  3.54e-01  2.70e-01  1.04e-01  5.90e-02  2.87e-02  3.85e+03  1.59e+02 -1.00e+05
2015 11 25  1135   57351  41700   3.54e+00  1.60e-01  1.34e-01  8.70e-02  7.67e-02  3.30e-02  3.85e+03  1.60e+02 -1.00e+05
2015 11 25  1140   57351  42000   4.07e+00  2.00e-01  1.67e-01  1.29e-01  9.15e-02  6.33e-02  3.91e+03  1.60e+02 -1.00e+05
2015 11 25  1145   57351  42300   3.78e+00  1.30e-01  1.04e-01  6.82e-02  5.79e-02  2.70e-02  3.91e+03  1.67e+02 -1.00e+05
2015 11 25  1150   57351  42600   7.03e+00  2.55e-01  1.12e-01  7.46e-02  6.43e-02  4.41e-02  3.92e+03  1.68e+02 -1.00e+05
2015 11 25  1155   57351  42900   4.04e+00  1.26e-01  1.00e-01  6.41e-02  5.38e-02  3.36e-02  3.93e+03  1.65e+02 -1.00e+05
2015 11 25  1200   57351  43200   4.23e+00  1.96e-01  1.71e-01  8.00e-02  6.98e-02  4.96e-02  3.99e+03  1.69e+02 -1.00e+05
2015 11 25  1205   57351  43500   3.84e+00  1.74e-01  1.48e-01  1.12e-01  1.02e-01  4.11e-02  4.02e+03  1.71e+02 -1.00e+05
2015 11 25  1210   57351  43800   6.74e+00  3.07e-01  1.62e-01  6.65e-02  5.63e-02  3.61e-02  4.08e+03  1.71e+02 -1.00e+05
2015 11 25  1215   57351  44100   4.52e+00  1.95e-01  1.69e-01  1.04e-01  9.34e-02  7.33e-02  4.05e+03  1.74e+02 -1.00e+05
2015 11 25  1220   57351  44400   4.66e+00  2.85e-01  2.59e-01  2.21e-01  1.42e-01  4.51e-02  4.18e+03  1.70e+02 -1.00e+05
2015 11 25  1225   57351  44700   4.87e+00  1.55e-01  1.29e-01  9.32e-02  8.30e-02  3.50e-02  4.22e+03  1.81e+02 -1.00e+05
2015 11 25  1230   57351  45000   4.95e+00  1.68e-01  1.42e-01  1.06e-01  9.59e-02  7.57e-02  4.25e+03  1.77e+02 -1.00e+05
2015 11 25  1235   57351  45300   4.98e+00  2.53e-01  2.28e-01  1.89e-01  1.10e-01  4.02e-02  4.24e+03  1.77e+02 -1.00e+05
2015 11 25  1240   57351  45600   5.17e+00  2.26e-01  2.00e-01  1.13e-01  1.03e-01  8.27e-02  4.27e+03  1.83e+02 -1.00e+05
2015 11 25  1245   57351  45900   5.34e+00  1.56e-01  1.30e-01  9.38e-02  8.35e-02  6.33e-02  4.34e+03  1.85e+02 -1.00e+05
2015 11 25  1250   57351  46200   7.64e+00  2.55e-01  1.73e-01  1.27e-01  1.17e-01  5.38e-02  4.42e+03  1.89e+02 -1.00e+05
2015 11 25  1255   57351  46500   8.70e+00  2.90e-01  1.75e-01  7.44e-02  6.42e-02  2.90e-02  4.43e+03  1.84e+02 -1.00e+05
2015 11 25  1300   57351  46800   5.80e+00  1.51e-01  1.25e-01  8.88e-02  7.86e-02  5.84e-02  4.45e+03  1.90e+02 -1.00e+05
2015 11 25  1305   57351  47100   5.52e+00  1.55e-01  1.29e-01  9.32e-02  8.30e-02  3.50e-02  4.45e+03  1.88e+02 -1.00e+05
2015 11 25  1310   57351  47400   5.87e+00  1.90e-01  1.64e-01  8.07e-02  7.04e-02  3.10e-02  4.45e+03  1.95e+02 -1.00e+05
2015 11 25  1315   57351  47700   5.89e+00  1.93e-01  1.67e-01  1.31e-01  1.21e-01  4.71e-02  4.46e+03  1.93e+02 -1.00e+05
2015 11 25  1320   57351  48000   5.65e+00  1.87e-01  1.61e-01  9.28e-02  8.08e-02  4.72e-02  4.47e+03  1.95e+02 -1.00e+05
2015 11 25  1325   57351  48300   1.20e+01  3.38e-01  1.50e-01  1.12e-01  1.02e-01  4.11e-02  4.58e+03  1.98e+02 -1.00e+05
2015 11 25  1330   57351  48600   9.44e+00  5.00e-01  3.41e-01  1.12e-01  6.28e-02  3.12e-02  4.55e+03  1.94e+02 -1.00e+05
2015 11 25  1335   57351  48900   6.01e+00  1.76e-01  1.50e-01  1.13e-01  9.27e-02  3.84e-02  4.57e+03  1.88e+02 -1.00e+05
2015 11 25  1340   57351  49200   8.07e+00  1.83e-01  9.89e-02  5.23e-02  4.21e-02  2.19e-02  4.69e+03  1.97e+02 -1.00e+05
2015 11 25  1345   57351  49500   5.85e+00  1.48e-01  1.23e-01  8.64e-02  7.04e-02  4.68e-02  4.70e+03  1.95e+02 -1.00e+05
2015 11 25  1350   57351  49800   5.77e+00  1.49e-01  1.23e-01  8.60e-02  4.97e-02  2.19e-02  4.70e+03  2.01e+02 -1.00e+05
2015 11 25  1355   57351  50100   6.07e+00  1.36e-01  1.10e-01  7.40e-02  6.37e-02  4.35e-02  4.70e+03  2.00e+02 -1.00e+05
2015 11 25  1400   57351  50400   1.03e+01  2.30e-01  1.09e-01  7.15e-02  6.12e-02  4.11e-02  4.71e+03  2.02e+02 -1.00e+05
2015 11 25  1405   57351  50700   1.14e+01  3.82e-01  2.21e-01  1.00e-01  5.43e-02  2.37e-02  4.70e+03  1.98e+02 -1.00e+05
2015 11 25  1410   57351  51000   8.40e+00  2.03e-01  1.20e-01  7.40e-02  6.37e-02  4.35e-02  4.71e+03  2.05e+02 -1.00e+05
2015 11 25  1415   57351  51300   6.35e+00  1.98e-01  1.73e-01  7.40e-02  6.37e-02  4.35e-02  4.70e+03  2.05e+02 -1.00e+05
2015 11 25  1420   57351  51600   6.56e+00  2.34e-01  2.08e-01  8.18e-02  7.15e-02  2.33e-02  4.81e+03  2.01e+02 -1.00e+05
2015 11 25  1425   57351  51900   6.71e+00  1.72e-01  1.46e-01  6.82e-02  5.79e-02  2.70e-02  4.93e+03  2.05e+02 -1.00e+05
2015 11 25  1430   57351  52200   6.86e+00  1.89e-01  1.63e-01  9.51e-02  6.88e-02  2.90e-02  4.95e+03  2.16e+02 -1.00e+05
2015 11 25  1435   57351  52500   7.08e+00  1.42e-01  1.16e-01  7.95e-02  4.82e-02  2.19e-02  4.88e+03  2.18e+02 -1.00e+05
2015 11 25  1440   57351  52800   1.08e+01  1.86e-01  9.03e-02  5.23e-02  4.21e-02  2.19e-02  4.71e+03  2.07e+02 -1.00e+05
2015 11 25  1445   57351  53100   6.98e+00  1.14e-01  8.83e-02  5.23e-02  4.21e-02  2.19e-02  4.87e+03  2.02e+02 -1.00e+05
2015 11 25  1450   57351  53400   1.07e+01  3.33e-01  1.73e-01  5.23e-02  4.21e-02  2.19e-02  4.92e+03  2.05e+02 -1.00e+05
2015 11 25  1455   57351  53700   6.28e+00  1.33e-01  1.07e-01  7.07e-02  6.04e-02  4.03e-02  4.82e+03  1.97e+02 -1.00e+05
2015 11 25  1500   57351  54000   7.11e+00  1.96e-01  1.64e-01  1.26e-01  1.16e-01  5.20e-02  4.76e+03  1.96e+02 -1.00e+05
2015 11 25  1505   57351  54300   9.68e+00  2.08e-01  1.14e-01  7.61e-02  6.58e-02  4.56e-02  4.88e+03  2.01e+02 -1.00e+05
2015 11 25  1510   57351  54600   6.17e+00  2.19e-01  1.93e-01  1.57e-01  1.47e-01  6.02e-02  4.83e+03  2.01e+02 -1.00e+05
2015 11 25  1515   57351  54900   1.16e+01  2.44e-01  9.44e-02  5.66e-02  4.64e-02  2.62e-02  4.70e+03  1.98e+02 -1.00e+05
2015 11 25  1520   57351  55200   6.63e+00  1.62e-01  1.36e-01  1.00e-01  9.01e-02  4.02e-02  4.84e+03  1.99e+02 -1.00e+05
2015 11 25  1525   57351  55500   9.47e+00  1.83e-01  9.89e-02  5.23e-02  4.21e-02  2.19e-02  4.89e+03  2.02e+02 -1.00e+05
2015 11 25  1530   57351  55800   1.10e+01  3.86e-01  1.88e-01  8.18e-02  7.15e-02  2.33e-02  4.72e+03  2.04e+02 -1.00e+05
2015 11 25  1535   57351  56100   6.44e+00  1.50e-01  1.24e-01  8.83e-02  7.80e-02  3.80e-02  4.79e+03  2.01e+02 -1.00e+05
2015 11 25  1540   57351  56400   7.30e+00  1.27e-01  9.11e-02  5.33e-02  4.23e-02  2.19e-02  4.91e+03  2.06e+02 -1.00e+05
2015 11 25  1545   57351  56700   1.17e+01  2.36e-01  9.34e-02  5.56e-02  4.54e-02  2.30e-02  4.74e+03  2.03e+02 -1.00e+05
2015 11 25  1550   57351  57000   1.08e+01  2.11e-01  9.02e-02  5.23e-02  4.21e-02  2.19e-02  4.73e+03  2.05e+02 -1.00e+05
2015 11 25  1555   57351  57300   6.85e+00  1.82e-01  1.46e-01  6.29e-02  4.78e-02  2.62e-02  4.95e+03  2.04e+02 -1.00e+05
2015 11 25  1600   57351  57600   9.31e+00  2.11e-01  1.27e-01  7.95e-02  4.82e-02  2.19e-02  4.85e+03  1.97e+02 -1.00e+05
2015 11 25  1605   57351  57900   6.70e+00  2.32e-01  2.07e-01  7.13e-02  5.16e-02  2.87e-02  4.90e+03  2.07e+02 -1.00e+05
2015 11 25  1610   57351  58200   7.04e+00  1.59e-01  1.26e-01  8.88e-02  7.86e-02  5.84e-02  4.86e+03  2.15e+02 -1.00e+05
2015 11 25  1615   57351  58500   6.50e+00  1.74e-01  1.48e-01  1.12e-01  1.02e-01  4.11e-02  4.85e+03  2.06e+02 -1.00e+05
2015 11 25  1620   57351  58800   8.36e+00  2.31e-01  1.70e-01  1.28e-01  1.17e-01  4.61e-02  4.82e+03  2.03e+02 -1.00e+05
2015 11 25  1625   57351  59100  -1.00e+05 -1.00e+05 -1.00e+05 -1.00e+05 -1.00e+05 -1.00e+05 -1.00e+05 -1.00e+05 -1.00e+05
2015 11 25  1630   57351  59400  -1.00e+05 -1.00e+05 -1.00e+05 -1.00e+05 -1.00e+05 -1.00e+05 -1.00e+05 -1.00e+05 -1.00e+05
2015 11 25  1635   57351  59700   6.68e+00  1.61e-01  1.36e-01  9.95e-02  8.93e-02  3.70e-02  4.86e+03  2.08e+02 -1.00e+05
2015 11 25  1640   57351  60000   6.95e+00  1.39e-01  1.13e-01  7.67e-02  5.86e-02  3.61e-02  4.87e+03  2.03e+02 -1.00e+05
2015 11 25  1645   57351  60300   7.02e+00  1.68e-01  1.42e-01  1.06e-01  9.55e-02  3.91e-02  4.95e+03  2.05e+02 -1.00e+05
2015 11 25  1650   57351  60600   6.93e+00  1.16e-01  9.02e-02  5.42e-02  4.39e-02  2.37e-02  4.95e+03  2.06e+02 -1.00e+05
2015 11 25  1655   57351  60900   7.05e+00  1.53e-01  1.27e-01  9.13e-02  8.10e-02  6.09e-02  4.95e+03  2.05e+02 -1.00e+05
2015 11 25  1700   57351  61200   6.88e+00  2.05e-01  1.79e-01  1.43e-01  1.33e-01  5.11e-02  4.82e+03  2.09e+02 -1.00e+05
2015 11 25  1705   57351  61500   7.36e+00  2.06e-01  1.80e-01  1.42e-01  9.44e-02  6.33e-02  4.96e+03  2.09e+02 -1.00e+05
2015 11 25  1710   57351  61800   1.41e+01  2.56e-01  9.00e-02  5.23e-02  4.21e-02  2.19e-02  4.95e+03  2.10e+02 -1.00e+05
2015 11 25  1715   57351  62100   7.01e+00  1.40e-01  1.14e-01  7.77e-02  6.75e-02  4.73e-02  4.93e+03  2.04e+02 -1.00e+05
2015 11 25  1720   57351  62400   6.92e+00  2.10e-01  1.84e-01  8.88e-02  7.86e-02  5.84e-02  4.95e+03  2.12e+02 -1.00e+05
2015 11 25  1725   57351  62700   7.05e+00  1.22e-01  9.61e-02  5.98e-02  4.38e-02  2.19e-02  4.92e+03  2.09e+02 -1.00e+05
2015 11 25  1730   57351  63000   6.63e+00  1.81e-01  1.55e-01  1.19e-01  1.09e-01  4.63e-02  4.86e+03  2.00e+02 -1.00e+05
2015 11 25  1735   57351  63300   6.88e+00  1.49e-01  1.23e-01  8.70e-02  7.67e-02  3.30e-02  4.87e+03  2.08e+02 -1.00e+05
2015 11 25  1740   57351  63600   6.53e+00  1.14e-01  8.83e-02  5.23e-02  4.21e-02  2.19e-02  4.83e+03  2.07e+02 -1.00e+05
2015 11 25  1745   57351  63900   6.95e+00  1.60e-01  1.34e-01  8.70e-02  7.67e-02  3.30e-02  4.78e+03  2.05e+02 -1.00e+05
2015 11 25  1750   57351  64200   9.13e+00  1.85e-01  1.01e-01  5.42e-02  4.39e-02  2.37e-02  4.80e+03  2.02e+02 -1.00e+05
2015 11 25  1755   57351  64500   1.37e+01  2.89e-01  1.02e-01  6.41e-02  5.38e-02  3.36e-02  4.80e+03  2.02e+02 -1.00e+05
2015 11 25  1800   57351  64800   1.07e+01  2.11e-01  9.02e-02  5.23e-02  4.21e-02  2.19e-02  4.70e+03  1.96e+02 -1.00e+05
2015 11 25  1805   57351  65100   5.99e+00  1.18e-01  9.03e-02  5.39e-02  4.37e-02  2.27e-02  4.70e+03  2.01e+02 -1.00e+05
2015 11 25  1810   57351  65400   6.46e+00  1.87e-01  1.59e-01  6.13e-02  4.53e-02  2.27e-02  4.71e+03  2.00e+02 -1.00e+05
2015 11 25  1815   57351  65700   6.20e+00  1.38e-01  1.11e-01  7.43e-02  6.40e-02  3.09e-02  4.70e+03  1.94e+02 -1.00e+05
2015 11 25  1820   57351  66000   6.18e+00  1.18e-01  9.03e-02  5.39e-02  4.37e-02  2.27e-02  4.69e+03  1.95e+02 -1.00e+05
2015 11 25  1825   57351  66300   6.17e+00  2.05e-01  1.78e-01  1.42e-01  1.31e-01  6.93e-02  4.67e+03  1.98e+02 -1.00e+05
2015 11 25  1830   57351  66600   7.25e+00  2.08e-01  1.44e-01  7.13e-02  6.10e-02  4.00e-02  4.56e+03  1.87e+02 -1.00e+05
2015 11 25  1835   57351  66900   1.17e+01  3.45e-01  1.45e-01  1.06e-01  6.12e-02  3.01e-02  4.57e+03  1.86e+02 -1.00e+05
2015 11 25  1840   57351  67200   7.33e+00  2.38e-01  1.69e-01  1.25e-01  1.04e-01  4.11e-02  4.50e+03  1.90e+02 -1.00e+05
2015 11 25  1845   57351  67500   9.44e+00  3.18e-01  1.70e-01  5.39e-02  4.37e-02  2.27e-02  4.47e+03  1.89e+02 -1.00e+05
2015 11 25  1850   57351  67800   1.03e+01  2.73e-01  9.41e-02  5.64e-02  4.62e-02  2.52e-02  4.47e+03  1.83e+02 -1.00e+05
2015 11 25  1855   57351  68100   6.02e+00  1.38e-01  1.10e-01  7.38e-02  6.35e-02  4.25e-02  4.49e+03  1.83e+02 -1.00e+05
2015 11 25  1900   57351  68400   5.76e+00  1.82e-01  1.54e-01  1.18e-01  1.08e-01  6.68e-02  4.50e+03  1.89e+02 -1.00e+05
2015 11 25  1905   57351  68700   5.24e+00  1.18e-01  9.03e-02  5.39e-02  4.37e-02  2.27e-02  4.46e+03  1.83e+02 -1.00e+05
2015 11 25  1910   57351  69000   8.85e+00  2.79e-01  1.62e-01  1.24e-01  1.06e-01  5.03e-02  4.33e+03  1.81e+02 -1.00e+05
2015 11 25  1915   57351  69300   8.70e+00  3.18e-01  1.70e-01  5.39e-02  4.37e-02  2.27e-02  4.43e+03  1.78e+02 -1.00e+05
2015 11 25  1920   57351  69600   4.92e+00  1.25e-01  9.78e-02  6.13e-02  4.53e-02  2.27e-02  4.34e+03  1.76e+02 -1.00e+05
2015 11 25  1925   57351  69900   6.49e+00  1.70e-01  1.05e-01  6.13e-02  4.53e-02  2.27e-02  4.29e+03  1.77e+02 -1.00e+05
2015 11 25  1930   57351  70200   7.99e+00  3.25e-01  1.80e-01  6.63e-02  5.61e-02  3.51e-02  4.31e+03  1.75e+02 -1.00e+05
2015 11 25  1935   57351  70500   4.63e+00  1.83e-01  1.55e-01  5.39e-02  4.37e-02  2.27e-02  4.27e+03  1.74e+02 -1.00e+05
2015 11 25  1940   57351  70800   4.89e+00  2.21e-01  1.94e-01  1.57e-01  1.31e-01  4.92e-02  4.25e+03  1.66e+02 -1.00e+05
2015 11 25  1945   57351  71100   4.41e+00  1.18e-01  9.03e-02  5.39e-02  4.37e-02  2.27e-02  4.21e+03  1.71e+02 -1.00e+05
2015 11 25  1950   57351  71400   7.65e+00  2.69e-01  1.34e-01  9.40e-02  5.00e-02  2.27e-02  4.17e+03  1.71e+02 -1.00e+05
2015 11 25  1955   57351  71700   4.58e+00  1.25e-01  9.77e-02  6.14e-02  5.11e-02  3.01e-02  4.21e+03  1.76e+02 -1.00e+05
2015 11 25  2000   57351  72000   6.23e+00  3.83e-01  2.69e-01  8.09e-02  4.97e-02  2.27e-02  4.19e+03  1.69e+02 -1.00e+05
2015 11 25  2005   57351  72300   4.30e+00  1.18e-01  9.03e-02  5.39e-02  4.37e-02  2.27e-02  4.05e+03  1.62e+02 -1.00e+05
2015 11 25  2010   57351  72600   4.08e+00  1.18e-01  9.03e-02  5.39e-02  4.37e-02  2.27e-02  4.07e+03  1.67e+02 -1.00e+05
2015 11 25  2015   57351  72900   4.16e+00  2.33e-01  2.06e-01  1.69e-01  1.48e-01  5.52e-02  4.07e+03  1.65e+02 -1.00e+05
2015 11 25  2020   57351  73200   5.20e+00  2.48e-01  1.83e-01  7.44e-02  4.83e-02  2.27e-02  4.05e+03  1.63e+02 -1.00e+05
2015 11 25  2025   57351  73500   4.22e+00  1.67e-01  1.40e-01  1.04e-01  9.33e-02  5.54e-02  4.04e+03  1.68e+02 -1.00e+05
2015 11 25  2030   57351  73800   5.08e+00  1.62e-01  9.71e-02  5.39e-02  4.37e-02  2.27e-02  4.04e+03  1.61e+02 -1.00e+05
2015 11 25  2035   57351  74100   3.79e+00  1.32e-01  1.05e-01  6.78e-02  4.68e-02  2.27e-02  3.99e+03  1.60e+02 -1.00e+05
2015 11 25  2040   57351  74400   3.71e+00  1.53e-01  1.26e-01  8.85e-02  5.23e-02  2.30e-02  3.99e+03  1.59e+02 -1.00e+05
2015 11 25  2045   57351  74700   3.90e+00  1.82e-01  1.54e-01  1.18e-01  9.99e-02  5.01e-02  3.95e+03  1.56e+02 -1.00e+05
2015 11 25  2050   57351  75000   3.75e+00  1.83e-01  1.55e-01  5.39e-02  4.37e-02  2.27e-02  3.90e+03  1.59e+02 -1.00e+05
2015 11 25  2055   57351  75300   5.17e+00  2.20e-01  1.06e-01  5.39e-02  4.37e-02  2.27e-02  3.90e+03  1.56e+02 -1.00e+05
2015 11 25  2100   57351  75600   5.57e+00  2.67e-01  1.56e-01  1.18e-01  1.08e-01  4.50e-02  3.82e+03  1.52e+02 -1.00e+05
2015 11 25  2105   57351  75900   3.59e+00  1.18e-01  9.03e-02  5.39e-02  4.37e-02  2.27e-02  3.76e+03  1.50e+02 -1.00e+05
2015 11 25  2110   57351  76200   3.78e+00  1.62e-01  1.35e-01  9.67e-02  5.00e-02  2.27e-02  3.86e+03  1.53e+02 -1.00e+05
2015 11 25  2115   57351  76500   3.47e+00  1.72e-01  1.45e-01  6.63e-02  5.61e-02  3.51e-02  3.77e+03  1.48e+02 -1.00e+05
2015 11 25  2120   57351  76800   3.77e+00  1.32e-01  1.05e-01  6.78e-02  4.68e-02  2.27e-02  3.74e+03  1.50e+02 -1.00e+05
2015 11 25  2125   57351  77100   5.13e+00  2.24e-01  1.11e-01  5.89e-02  4.86e-02  2.76e-02  3.75e+03  1.53e+02 -1.00e+05
2015 11 25  2130   57351  77400   3.52e+00  1.83e-01  1.55e-01  5.39e-02  4.37e-02  2.27e-02  3.75e+03  1.54e+02 -1.00e+05
2015 11 25  2135   57351  77700   3.40e+00  1.49e-01  1.22e-01  8.51e-02  6.22e-02  3.75e-02  3.73e+03  1.46e+02 -1.00e+05
2015 11 25  2140   57351  78000   3.03e+00  1.18e-01  9.03e-02  5.39e-02  4.37e-02  2.27e-02  3.70e+03  1.56e+02 -1.00e+05
2015 11 25  2145   57351  78300   6.16e+00  2.63e-01  1.29e-01  9.05e-02  6.92e-02  4.50e-02  3.67e+03  1.46e+02 -1.00e+05
2015 11 25  2150   57351  78600   3.15e+00  1.38e-01  1.10e-01  7.38e-02  6.35e-02  2.91e-02  3.59e+03  1.46e+02 -1.00e+05
2015 11 25  2155   57351  78900   6.06e+00  3.81e-01  1.71e-01  5.39e-02  4.37e-02  2.27e-02  3.58e+03  1.44e+02 -1.00e+05
2015 11 25  2200   57351  79200   2.88e+00  1.90e-01  1.63e-01  6.39e-02  5.36e-02  3.26e-02  3.54e+03  1.49e+02 -1.00e+05
2015 11 25  2205   57351  79500   2.94e+00  1.18e-01  9.03e-02  5.39e-02  4.37e-02  2.27e-02  3.52e+03  1.37e+02 -1.00e+05
2015 11 25  2210   57351  79800   4.36e+00  2.81e-01  1.69e-01  1.18e-01  1.07e-01  4.31e-02  3.46e+03  1.35e+02 -1.00e+05
2015 11 25  2215   57351  80100   2.67e+00  1.18e-01  9.03e-02  5.40e-02  4.37e-02  2.27e-02  3.40e+03  1.36e+02 -1.00e+05
2015 11 25  2220   57351  80400   3.70e+00  2.21e-01  1.23e-01  7.38e-02  6.35e-02  2.90e-02  3.39e+03  1.31e+02 -1.00e+05
2015 11 25  2225   57351  80700   3.20e+00  1.62e-01  9.71e-02  5.39e-02  4.37e-02  2.27e-02  3.36e+03  1.28e+02 -1.00e+05
2015 11 25  2230   57351  81000   2.53e+00  1.81e-01  1.54e-01  1.18e-01  1.07e-01  4.31e-02  3.33e+03  1.34e+02 -1.00e+05
2015 11 25  2235   57351  81300   2.48e+00  1.48e-01  1.21e-01  5.39e-02  4.37e-02  2.27e-02  3.30e+03  1.31e+02 -1.00e+05
2015 11 25  2240   57351  81600   2.44e+00  1.95e-01  1.68e-01  1.31e-01  1.15e-01  4.52e-02  3.26e+03  1.29e+02 -1.00e+05
2015 11 25  2245   57351  81900   3.12e+00  1.78e-01  1.14e-01  7.13e-02  6.10e-02  4.00e-02  3.24e+03  1.25e+02 -1.00e+05
2015 11 25  2250   57351  82200   2.42e+00  1.18e-01  9.03e-02  5.39e-02  4.37e-02  2.27e-02  3.20e+03  1.28e+02 -1.00e+05
2015 11 25  2255   57351  82500   2.39e+00  3.28e-01  3.00e-01  8.93e-02  5.00e-02  2.27e-02  3.15e+03  1.27e+02 -1.00e+05
2015 11 25  2300   57351  82800   2.25e+00  1.50e-01  1.23e-01  8.61e-02  7.59e-02  5.49e-02  3.19e+03  1.28e+02 -1.00e+05
2015 11 25  2305   57351  83100   2.03e+00  1.83e-01  1.55e-01  5.39e-02  4.37e-02  2.27e-02  3.09e+03  1.24e+02 -1.00e+05
2015 11 25  2310   57351  83400   2.93e+00  2.50e-01  1.36e-01  5.39e-02  4.37e-02  2.27e-02  3.06e+03  1.17e+02 -1.00e+05
2015 11 25  2315   57351  83700   3.88e+00  4.80e-01  2.52e-01  6.83e-02  5.74e-02  2.70e-02  3.06e+03  1.15e+02 -1.00e+05
2015 11 25  2320   57351  84000   3.38e+00  2.32e-01  1.33e-01  9.50e-02  8.47e-02  4.43e-02  3.03e+03  1.16e+02 -1.00e+05
2015 11 25  2325   57351  84300   2.66e+00  2.01e-01  1.36e-01  9.10e-02  5.00e-02  2.27e-02  2.93e+03  1.11e+02 -1.00e+05
2015 11 25  2330   57351  84600   1.99e+00  1.83e-01  1.55e-01  5.39e-02  4.37e-02  2.27e-02  2.94e+03  1.17e+02 -1.00e+05
2015 11 25  2335   57351  84900   2.79e+00  2.20e-01  1.06e-01  5.39e-02  4.37e-02  2.27e-02  2.93e+03  1.13e+02 -1.00e+05
2015 11 25  2340   57351  85200   2.71e+00  2.20e-01  1.06e-01  5.39e-02  4.37e-02  2.27e-02  2.88e+03  1.16e+02 -1.00e+05
2015 11 25  2345   57351  85500   2.16e+00  1.72e-01  1.07e-01  6.39e-02  5.36e-02  3.26e-02  2.91e+03  1.18e+02 -1.00e+05
2015 11 25  2350   57351  85800   3.77e+00  4.86e-01  2.03e-01  5.39e-02  4.37e-02  2.27e-02  2.89e+03  1.09e+02 -1.00e+05
2015 11 25  2355   57351  86100   2.02e+00  2.35e-01  1.69e-01  6.13e-02  4.53e-02  2.27e-02  2.78e+03  1.11e+02 -1.00e+05
