:Data_list: 20151106_Gp_part_5m.txt
:Created: 2015 Nov 07 0011 UTC
# Prepared by the U.S. Dept. of Commerce, NOAA, Space Weather Prediction Center
# Please send comments and suggestions to SWPC.Webmaster@noaa.gov 
# 
# Label: P > 1 = Particles at >1 Mev
# Label: P > 5 = Particles at >5 Mev
# Label: P >10 = Particles at >10 Mev
# Label: P >30 = Particles at >30 Mev
# Label: P >50 = Particles at >50 Mev
# Label: P>100 = Particles at >100 Mev
# Label: E>0.8 = Electrons at >0.8 Mev
# Label: E>2.0 = Electrons at >2.0 Mev
# Label: E>4.0 = Electrons at >4.0 Mev
# Units: Particles = Protons/cm2-s-sr
# Units: Electrons = Electrons/cm2-s-sr
# Source: GOES-13
# Location: W075
# Missing data: -1.00e+05
#
#                      5-minute  GOES-13 Solar Particle and Electron Flux
#
#                 Modified Seconds
# UTC Date  Time   Julian  of the
# YR MO DA  HHMM    Day     Day     P > 1     P > 5     P >10     P >30     P >50     P>100     E>0.8     E>2.0     E>4.0
#-------------------------------------------------------------------------------------------------------------------------
2015 11 06  0000   57332      0   6.13e+00  2.29e-01  1.22e-01  6.76e-02  5.75e-02  3.78e-02  4.79e+04  1.35e+03 -1.00e+05
2015 11 06  0005   57332    300   2.51e+01  1.92e-01  1.60e-01  7.50e-02  6.49e-02  4.52e-02  4.06e+04  9.06e+02 -1.00e+05
2015 11 06  0010   57332    600   2.24e+01  3.26e-01  1.71e-01  7.50e-02  6.49e-02  4.52e-02  5.04e+04  1.41e+03 -1.00e+05
2015 11 06  0015   57332    900   3.78e+01  2.31e-01  9.38e-02  5.08e-02  4.07e-02  2.10e-02  6.70e+04  2.50e+03 -1.00e+05
2015 11 06  0020   57332   1200   2.02e+01  2.46e-01  2.14e-01  6.76e-02  5.75e-02  3.78e-02  7.07e+04  2.94e+03 -1.00e+05
2015 11 06  0025   57332   1500   3.18e+01  2.31e-01  9.38e-02  5.08e-02  4.07e-02  2.10e-02  7.34e+04  3.17e+03 -1.00e+05
2015 11 06  0030   57332   1800   1.95e+01  1.25e-01  9.23e-02  5.08e-02  4.07e-02  2.10e-02  7.18e+04  3.16e+03 -1.00e+05
2015 11 06  0035   57332   2100   1.71e+01  1.52e-01  1.19e-01  7.75e-02  6.74e-02  4.77e-02  6.96e+04  2.90e+03 -1.00e+05
2015 11 06  0040   57332   2400   1.83e+01  1.55e-01  1.23e-01  5.08e-02  4.07e-02  2.10e-02  6.46e+04  2.47e+03 -1.00e+05
2015 11 06  0045   57332   2700   1.66e+01  1.95e-01  1.63e-01  7.15e-02  6.13e-02  2.76e-02  6.77e+04  2.76e+03 -1.00e+05
2015 11 06  0050   57332   3000   1.78e+01  1.93e-01  1.60e-01  6.07e-02  4.29e-02  2.10e-02  7.17e+04  3.27e+03 -1.00e+05
2015 11 06  0055   57332   3300   1.68e+01  2.02e-01  1.69e-01  1.27e-01  9.39e-02  6.75e-02  7.30e+04  3.27e+03 -1.00e+05
2015 11 06  0100   57332   3600   1.51e+01  1.28e-01  9.57e-02  5.42e-02  4.14e-02  2.10e-02  7.07e+04  3.10e+03 -1.00e+05
2015 11 06  0105   57332   3900   1.60e+01  1.25e-01  9.23e-02  5.08e-02  4.07e-02  2.10e-02  6.61e+04  2.85e+03 -1.00e+05
2015 11 06  0110   57332   4200   2.02e+01  2.88e-01  1.80e-01  9.35e-02  5.03e-02  2.10e-02  6.50e+04  2.66e+03 -1.00e+05
2015 11 06  0115   57332   4500   1.58e+01  1.92e-01  1.59e-01  1.17e-01  8.78e-02  6.25e-02  6.82e+04  3.00e+03 -1.00e+05
2015 11 06  0120   57332   4800   2.45e+01  4.09e-01  2.79e-01  8.73e-02  7.46e-02  3.16e-02  6.97e+04  3.17e+03 -1.00e+05
2015 11 06  0125   57332   5100   1.72e+01  1.89e-01  1.56e-01  1.14e-01  9.24e-02  6.92e-02  6.99e+04  3.21e+03 -1.00e+05
2015 11 06  0130   57332   5400   2.30e+01  1.65e-01  1.06e-01  6.02e-02  5.00e-02  3.03e-02  7.08e+04  3.35e+03 -1.00e+05
2015 11 06  0135   57332   5700   2.00e+01  1.25e-01  9.23e-02  5.08e-02  4.07e-02  2.10e-02  7.13e+04  3.36e+03 -1.00e+05
2015 11 06  0140   57332   6000   1.91e+01  1.59e-01  1.26e-01  8.40e-02  7.39e-02  3.16e-02  6.98e+04  3.32e+03 -1.00e+05
2015 11 06  0145   57332   6300   1.64e+01  1.67e-01  1.34e-01  9.19e-02  5.53e-02  2.78e-02  6.91e+04  3.20e+03 -1.00e+05
2015 11 06  0150   57332   6600   1.48e+01  1.27e-01  9.42e-02  5.27e-02  4.26e-02  2.29e-02  6.68e+04  2.93e+03 -1.00e+05
2015 11 06  0155   57332   6900   1.59e+01  1.56e-01  9.71e-02  5.08e-02  4.07e-02  2.10e-02  6.39e+04  2.81e+03 -1.00e+05
2015 11 06  0200   57332   7200   1.18e+01  1.25e-01  9.23e-02  5.08e-02  4.07e-02  2.10e-02  6.42e+04  2.73e+03 -1.00e+05
2015 11 06  0205   57332   7500   1.08e+01  1.94e-01  1.61e-01  8.78e-02  4.64e-02  2.10e-02  6.26e+04  2.60e+03 -1.00e+05
2015 11 06  0210   57332   7800   1.07e+01  1.64e-01  1.32e-01  9.01e-02  7.41e-02  5.26e-02  6.26e+04  2.59e+03 -1.00e+05
2015 11 06  0215   57332   8100   9.45e+00  1.25e-01  9.23e-02  5.08e-02  4.07e-02  2.10e-02  6.25e+04  2.56e+03 -1.00e+05
2015 11 06  0220   57332   8400   1.29e+01  2.29e-01  1.22e-01  6.76e-02  5.75e-02  3.78e-02  6.08e+04  2.53e+03 -1.00e+05
2015 11 06  0225   57332   8700   9.00e+00  1.69e-01  1.36e-01  9.48e-02  8.47e-02  6.50e-02  6.16e+04  2.49e+03 -1.00e+05
2015 11 06  0230   57332   9000   8.24e+00  1.25e-01  9.23e-02  5.08e-02  4.07e-02  2.10e-02  6.04e+04  2.46e+03 -1.00e+05
2015 11 06  0235   57332   9300   9.06e+00  1.59e-01  1.26e-01  8.49e-02  7.48e-02  5.51e-02  5.99e+04  2.47e+03 -1.00e+05
2015 11 06  0240   57332   9600   1.36e+01  2.76e-01  9.37e-02  5.08e-02  4.07e-02  2.10e-02  6.23e+04  2.54e+03 -1.00e+05
2015 11 06  0245   57332   9900   7.42e+00  1.49e-01  1.16e-01  7.38e-02  4.59e-02  2.10e-02  6.02e+04  2.42e+03 -1.00e+05
2015 11 06  0250   57332  10200   7.30e+00  1.66e-01  1.34e-01  6.51e-02  5.50e-02  3.53e-02  5.92e+04  2.34e+03 -1.00e+05
2015 11 06  0255   57332  10500   1.16e+01  3.13e-01  1.54e-01  1.10e-01  8.63e-02  6.25e-02  5.75e+04  2.27e+03 -1.00e+05
2015 11 06  0300   57332  10800   6.42e+00  1.80e-01  1.48e-01  1.06e-01  8.53e-02  4.24e-02  5.73e+04  2.22e+03 -1.00e+05
2015 11 06  0305   57332  11100   1.02e+01  2.71e-01  1.15e-01  5.08e-02  4.07e-02  2.10e-02  5.58e+04  2.14e+03 -1.00e+05
2015 11 06  0310   57332  11400   7.14e+00  1.25e-01  9.23e-02  5.08e-02  4.07e-02  2.10e-02  5.61e+04  2.16e+03 -1.00e+05
2015 11 06  0315   57332  11700   7.02e+00  1.27e-01  9.42e-02  5.27e-02  4.26e-02  2.29e-02  5.60e+04  2.16e+03 -1.00e+05
2015 11 06  0320   57332  12000   6.70e+00  1.57e-01  1.24e-01  5.27e-02  4.26e-02  2.29e-02  5.46e+04  2.12e+03 -1.00e+05
2015 11 06  0325   57332  12300   6.39e+00  1.95e-01  1.62e-01  1.20e-01  8.68e-02  3.36e-02  5.46e+04  2.08e+03 -1.00e+05
2015 11 06  0330   57332  12600   6.64e+00  1.56e-01  1.24e-01  8.25e-02  7.23e-02  5.26e-02  5.46e+04  2.01e+03 -1.00e+05
2015 11 06  0335   57332  12900   6.29e+00  1.57e-01  1.24e-01  8.28e-02  7.27e-02  4.94e-02  5.36e+04  1.93e+03 -1.00e+05
2015 11 06  0340   57332  13200   5.94e+00  1.25e-01  9.23e-02  5.08e-02  4.07e-02  2.10e-02  5.15e+04  1.81e+03 -1.00e+05
2015 11 06  0345   57332  13500   6.14e+00  1.32e-01  9.91e-02  5.77e-02  4.76e-02  2.78e-02  5.27e+04  1.85e+03 -1.00e+05
2015 11 06  0350   57332  13800   5.86e+00  1.55e-01  1.23e-01  5.08e-02  4.07e-02  2.10e-02  5.16e+04  1.83e+03 -1.00e+05
2015 11 06  0355   57332  14100   5.74e+00  1.71e-01  1.39e-01  7.85e-02  6.84e-02  4.86e-02  5.20e+04  1.88e+03 -1.00e+05
2015 11 06  0400   57332  14400   5.49e+00  1.74e-01  1.41e-01  9.98e-02  8.97e-02  6.99e-02  5.36e+04  1.92e+03 -1.00e+05
2015 11 06  0405   57332  14700   6.82e+00  3.11e-01  2.24e-01  1.07e-01  7.42e-02  2.96e-02  5.30e+04  1.89e+03 -1.00e+05
2015 11 06  0410   57332  15000   5.63e+00  1.60e-01  1.01e-01  5.42e-02  4.14e-02  2.10e-02  5.25e+04  1.85e+03 -1.00e+05
2015 11 06  0415   57332  15300   4.86e+00  1.64e-01  1.32e-01  6.26e-02  5.25e-02  3.28e-02  5.19e+04  1.80e+03 -1.00e+05
2015 11 06  0420   57332  15600   4.84e+00  1.58e-01  1.26e-01  5.08e-02  4.07e-02  2.10e-02  5.23e+04  1.85e+03 -1.00e+05
2015 11 06  0425   57332  15900   5.08e+00  2.33e-01  2.01e-01  5.08e-02  4.07e-02  2.10e-02  5.28e+04  1.88e+03 -1.00e+05
2015 11 06  0430   57332  16200   7.23e+00  3.22e-01  2.14e-01  5.08e-02  4.07e-02  2.10e-02  5.19e+04  1.83e+03 -1.00e+05
2015 11 06  0435   57332  16500   4.97e+00  1.35e-01  1.02e-01  6.07e-02  4.29e-02  2.10e-02  5.14e+04  1.74e+03 -1.00e+05
2015 11 06  0440   57332  16800   6.19e+00  2.02e-01  1.42e-01  9.49e-02  5.21e-02  2.29e-02  5.21e+04  1.83e+03 -1.00e+05
2015 11 06  0445   57332  17100   5.31e+00  1.54e-01  1.21e-01  8.00e-02  6.99e-02  5.01e-02  5.21e+04  1.85e+03 -1.00e+05
2015 11 06  0450   57332  17400   5.25e+00  1.25e-01  9.23e-02  5.08e-02  4.07e-02  2.10e-02  5.19e+04  1.79e+03 -1.00e+05
2015 11 06  0455   57332  17700   4.77e+00  2.27e-01  1.95e-01  1.20e-01  1.10e-01  5.96e-02  5.19e+04  1.83e+03 -1.00e+05
2015 11 06  0500   57332  18000   5.12e+00  1.28e-01  9.57e-02  5.42e-02  4.14e-02  2.10e-02  5.19e+04  1.79e+03 -1.00e+05
2015 11 06  0505   57332  18300   4.85e+00  1.64e-01  1.32e-01  8.88e-02  4.89e-02  2.16e-02  5.19e+04  1.72e+03 -1.00e+05
2015 11 06  0510   57332  18600   5.04e+00  1.61e-01  1.28e-01  8.69e-02  7.41e-02  2.21e-02  5.00e+04  1.65e+03 -1.00e+05
2015 11 06  0515   57332  18900   5.10e+00  2.33e-01  2.01e-01  5.08e-02  4.07e-02  2.10e-02  5.02e+04  1.74e+03 -1.00e+05
2015 11 06  0520   57332  19200   6.92e+00  3.95e-01  2.87e-01  8.48e-02  4.64e-02  2.10e-02  5.27e+04  1.81e+03 -1.00e+05
2015 11 06  0525   57332  19500   5.00e+00  1.96e-01  1.63e-01  1.22e-01  1.12e-01  4.51e-02  5.45e+04  2.00e+03 -1.00e+05
2015 11 06  0530   57332  19800   5.12e+00  2.44e-01  2.12e-01  1.70e-01  1.42e-01  5.18e-02  5.62e+04  2.10e+03 -1.00e+05
2015 11 06  0535   57332  20100   5.59e+00  2.27e-01  1.69e-01  8.00e-02  6.99e-02  5.01e-02  5.80e+04  2.20e+03 -1.00e+05
2015 11 06  0540   57332  20400   6.84e+00  2.14e-01  1.06e-01  5.08e-02  4.07e-02  2.10e-02  5.78e+04  2.22e+03 -1.00e+05
2015 11 06  0545   57332  20700   5.10e+00  1.29e-01  9.67e-02  5.52e-02  4.51e-02  2.54e-02  5.80e+04  2.21e+03 -1.00e+05
2015 11 06  0550   57332  21000   5.60e+00  2.39e-01  2.06e-01  5.73e-02  4.56e-02  2.54e-02  5.87e+04  2.23e+03 -1.00e+05
2015 11 06  0555   57332  21300   7.81e+00  2.61e-01  1.57e-01  1.02e-01  9.21e-02  7.24e-02  5.95e+04  2.28e+03 -1.00e+05
2015 11 06  0600   57332  21600   6.04e+00  1.39e-01  1.07e-01  6.51e-02  5.50e-02  3.53e-02  5.99e+04  2.25e+03 -1.00e+05
2015 11 06  0605   57332  21900   5.83e+00  1.25e-01  9.23e-02  5.08e-02  4.07e-02  2.10e-02  5.99e+04  2.26e+03 -1.00e+05
2015 11 06  0610   57332  22200   5.81e+00  2.38e-01  2.06e-01  1.63e-01  1.35e-01  4.97e-02  6.04e+04  2.35e+03 -1.00e+05
2015 11 06  0615   57332  22500   5.80e+00  1.42e-01  1.09e-01  6.73e-02  4.44e-02  2.10e-02  6.18e+04  2.38e+03 -1.00e+05
2015 11 06  0620   57332  22800   5.46e+00  1.42e-01  1.10e-01  6.84e-02  5.82e-02  3.80e-02  6.25e+04  2.44e+03 -1.00e+05
2015 11 06  0625   57332  23100   5.47e+00  2.05e-01  1.73e-01  1.30e-01  9.07e-02  6.25e-02  6.26e+04  2.49e+03 -1.00e+05
2015 11 06  0630   57332  23400   5.04e+00  1.44e-01  1.12e-01  7.01e-02  5.99e-02  4.02e-02  6.20e+04  2.41e+03 -1.00e+05
2015 11 06  0635   57332  23700   4.81e+00  1.39e-01  1.07e-01  6.51e-02  5.50e-02  3.53e-02  6.26e+04  2.45e+03 -1.00e+05
2015 11 06  0640   57332  24000   4.89e+00  2.86e-01  2.53e-01  8.04e-02  4.73e-02  2.10e-02  6.26e+04  2.47e+03 -1.00e+05
2015 11 06  0645   57332  24300   4.71e+00  1.25e-01  9.23e-02  5.08e-02  4.07e-02  2.10e-02  6.26e+04  2.45e+03 -1.00e+05
2015 11 06  0650   57332  24600   4.75e+00  1.59e-01  1.26e-01  8.49e-02  7.48e-02  5.51e-02  6.26e+04  2.43e+03 -1.00e+05
2015 11 06  0655   57332  24900   4.83e+00  1.41e-01  1.09e-01  6.74e-02  5.73e-02  3.43e-02  6.26e+04  2.43e+03 -1.00e+05
2015 11 06  0700   57332  25200   4.76e+00  1.53e-01  1.21e-01  7.88e-02  5.23e-02  2.78e-02  6.40e+04  2.58e+03 -1.00e+05
2015 11 06  0705   57332  25500   4.84e+00  1.56e-01  1.24e-01  8.25e-02  7.23e-02  5.26e-02  6.59e+04  2.76e+03 -1.00e+05
2015 11 06  0710   57332  25800   5.41e+00  1.80e-01  1.47e-01  7.52e-02  4.77e-02  2.29e-02  6.53e+04  2.78e+03 -1.00e+05
2015 11 06  0715   57332  26100   4.86e+00  1.84e-01  1.51e-01  7.75e-02  6.74e-02  4.77e-02  6.75e+04  2.86e+03 -1.00e+05
2015 11 06  0720   57332  26400   5.20e+00  1.25e-01  9.23e-02  5.08e-02  4.07e-02  2.10e-02  6.79e+04  2.91e+03 -1.00e+05
2015 11 06  0725   57332  26700   5.77e+00  1.55e-01  1.23e-01  5.08e-02  4.07e-02  2.10e-02  6.71e+04  2.83e+03 -1.00e+05
2015 11 06  0730   57332  27000   5.21e+00  1.91e-01  1.58e-01  1.16e-01  7.21e-02  4.27e-02  6.46e+04  2.70e+03 -1.00e+05
2015 11 06  0735   57332  27300   5.12e+00  1.39e-01  1.07e-01  6.51e-02  5.50e-02  3.53e-02  6.57e+04  2.77e+03 -1.00e+05
2015 11 06  0740   57332  27600   5.45e+00  2.60e-01  2.27e-01  9.09e-02  8.08e-02  5.87e-02  6.38e+04  2.64e+03 -1.00e+05
2015 11 06  0745   57332  27900   6.16e+00  1.85e-01  1.30e-01  8.42e-02  7.40e-02  5.43e-02  6.27e+04  2.55e+03 -1.00e+05
2015 11 06  0750   57332  28200   4.69e+00  1.25e-01  9.23e-02  5.08e-02  4.07e-02  2.10e-02  6.26e+04  2.56e+03 -1.00e+05
2015 11 06  0755   57332  28500   4.89e+00  1.83e-01  1.51e-01  1.09e-01  9.18e-02  6.99e-02  6.26e+04  2.49e+03 -1.00e+05
2015 11 06  0800   57332  28800   6.54e+00  2.85e-01  1.37e-01  7.42e-02  6.40e-02  3.82e-02  6.26e+04  2.49e+03 -1.00e+05
2015 11 06  0805   57332  29100   4.27e+00  1.25e-01  9.23e-02  5.08e-02  4.07e-02  2.10e-02  6.26e+04  2.52e+03 -1.00e+05
2015 11 06  0810   57332  29400   3.90e+00  1.78e-01  1.46e-01  8.00e-02  6.99e-02  5.01e-02  6.35e+04  2.58e+03 -1.00e+05
2015 11 06  0815   57332  29700   4.06e+00  2.75e-01  2.42e-01  1.13e-01  9.01e-02  3.57e-02  6.53e+04  2.61e+03 -1.00e+05
2015 11 06  0820   57332  30000   4.18e+00  1.75e-01  1.26e-01  8.14e-02  7.12e-02  4.39e-02  6.53e+04  2.63e+03 -1.00e+05
2015 11 06  0825   57332  30300   3.88e+00  1.78e-01  1.46e-01  8.00e-02  6.99e-02  5.01e-02  6.53e+04  2.71e+03 -1.00e+05
2015 11 06  0830   57332  30600   3.71e+00  1.88e-01  1.55e-01  1.14e-01  1.04e-01  5.76e-02  6.64e+04  2.80e+03 -1.00e+05
2015 11 06  0835   57332  30900   4.25e+00  1.52e-01  1.19e-01  7.75e-02  6.74e-02  4.77e-02  6.79e+04  2.88e+03 -1.00e+05
2015 11 06  0840   57332  31200   4.28e+00  1.30e-01  9.75e-02  5.60e-02  4.33e-02  2.16e-02  6.84e+04  3.02e+03 -1.00e+05
2015 11 06  0845   57332  31500   4.16e+00  1.84e-01  1.51e-01  1.08e-01  5.99e-02  2.36e-02  7.09e+04  3.08e+03 -1.00e+05
2015 11 06  0850   57332  31800   4.43e+00  2.70e-01  2.38e-01  1.07e-01  8.38e-02  3.36e-02  7.12e+04  3.15e+03 -1.00e+05
2015 11 06  0855   57332  32100   4.87e+00  1.45e-01  1.13e-01  7.15e-02  6.13e-02  2.76e-02  7.13e+04  3.19e+03 -1.00e+05
2015 11 06  0900   57332  32400   4.65e+00  1.25e-01  9.23e-02  5.08e-02  4.07e-02  2.10e-02  7.18e+04  3.36e+03 -1.00e+05
2015 11 06  0905   57332  32700   4.69e+00  1.25e-01  9.23e-02  5.08e-02  4.07e-02  2.10e-02  7.32e+04  3.40e+03 -1.00e+05
2015 11 06  0910   57332  33000   5.63e+00  1.61e-01  1.01e-01  5.52e-02  4.51e-02  2.54e-02  7.14e+04  3.42e+03 -1.00e+05
2015 11 06  0915   57332  33300   4.60e+00  1.59e-01  1.26e-01  8.48e-02  7.47e-02  3.49e-02  7.49e+04  3.49e+03 -1.00e+05
2015 11 06  0920   57332  33600   4.62e+00  1.25e-01  9.23e-02  5.08e-02  4.07e-02  2.10e-02  7.53e+04  3.58e+03 -1.00e+05
2015 11 06  0925   57332  33900   7.00e+00  2.94e-01  1.39e-01  7.50e-02  6.49e-02  4.52e-02  7.53e+04  3.62e+03 -1.00e+05
2015 11 06  0930   57332  34200   4.87e+00  1.56e-01  1.24e-01  8.24e-02  7.23e-02  2.21e-02  7.52e+04  3.59e+03 -1.00e+05
2015 11 06  0935   57332  34500   9.28e+00  2.82e-01  1.49e-01  1.05e-01  7.73e-02  4.75e-02  7.28e+04  3.55e+03 -1.00e+05
2015 11 06  0940   57332  34800   5.22e+00  1.25e-01  9.23e-02  5.08e-02  4.07e-02  2.10e-02  7.28e+04  3.61e+03 -1.00e+05
2015 11 06  0945   57332  35100   7.70e+00  2.38e-01  1.30e-01  7.38e-02  4.59e-02  2.10e-02  7.50e+04  3.56e+03 -1.00e+05
2015 11 06  0950   57332  35400   5.48e+00  1.51e-01  1.18e-01  7.64e-02  6.33e-02  4.27e-02  7.37e+04  3.64e+03 -1.00e+05
2015 11 06  0955   57332  35700   5.16e+00  1.83e-01  1.50e-01  1.09e-01  9.77e-02  3.27e-02  7.53e+04  3.67e+03 -1.00e+05
2015 11 06  1000   57332  36000   4.82e+00  2.29e-01  1.97e-01  9.92e-02  8.91e-02  4.62e-02  7.53e+04  3.72e+03 -1.00e+05
2015 11 06  1005   57332  36300   4.94e+00  1.50e-01  1.18e-01  5.89e-02  4.88e-02  2.36e-02  7.51e+04  3.65e+03 -1.00e+05
2015 11 06  1010   57332  36600   4.82e+00  1.81e-01  1.48e-01  1.07e-01  9.68e-02  5.37e-02  7.44e+04  3.63e+03 -1.00e+05
2015 11 06  1015   57332  36900   4.86e+00  1.27e-01  9.41e-02  5.26e-02  4.25e-02  2.16e-02  7.53e+04  3.72e+03 -1.00e+05
2015 11 06  1020   57332  37200   5.03e+00  2.71e-01  2.38e-01  1.15e-01  1.05e-01  4.17e-02  7.53e+04  3.79e+03 -1.00e+05
2015 11 06  1025   57332  37500   5.26e+00  1.55e-01  1.23e-01  5.08e-02  4.07e-02  2.10e-02  7.53e+04  3.83e+03 -1.00e+05
2015 11 06  1030   57332  37800   4.78e+00  1.25e-01  9.23e-02  5.08e-02  4.07e-02  2.10e-02  7.53e+04  3.88e+03 -1.00e+05
2015 11 06  1035   57332  38100   4.76e+00  1.66e-01  1.34e-01  9.24e-02  8.22e-02  6.25e-02  7.78e+04  4.07e+03 -1.00e+05
2015 11 06  1040   57332  38400   5.47e+00  1.49e-01  1.16e-01  7.50e-02  6.49e-02  4.52e-02  7.93e+04  4.22e+03 -1.00e+05
2015 11 06  1045   57332  38700   5.79e+00  1.25e-01  9.23e-02  5.08e-02  4.07e-02  2.10e-02  7.93e+04  4.39e+03 -1.00e+05
2015 11 06  1050   57332  39000   5.40e+00  1.65e-01  1.33e-01  6.07e-02  4.29e-02  2.10e-02  8.19e+04  4.62e+03 -1.00e+05
2015 11 06  1055   57332  39300   7.51e+00  2.54e-01  1.49e-01  9.48e-02  8.47e-02  6.50e-02  8.08e+04  4.59e+03 -1.00e+05
2015 11 06  1100   57332  39600   5.51e+00  1.39e-01  1.07e-01  6.51e-02  5.50e-02  3.53e-02  7.95e+04  4.57e+03 -1.00e+05
2015 11 06  1105   57332  39900   5.53e+00  1.39e-01  1.07e-01  6.52e-02  5.51e-02  2.56e-02  7.94e+04  4.66e+03 -1.00e+05
2015 11 06  1110   57332  40200   5.72e+00  1.74e-01  1.42e-01  7.50e-02  6.49e-02  4.52e-02  8.30e+04  4.77e+03 -1.00e+05
2015 11 06  1115   57332  40500   9.46e+00  4.71e-01  2.07e-01  6.23e-02  4.95e-02  2.36e-02  8.33e+04  4.91e+03 -1.00e+05
2015 11 06  1120   57332  40800   5.61e+00  1.55e-01  1.23e-01  5.08e-02  4.07e-02  2.10e-02  8.33e+04  4.88e+03 -1.00e+05
2015 11 06  1125   57332  41100   5.81e+00  1.25e-01  9.23e-02  5.08e-02  4.07e-02  2.10e-02  8.33e+04  4.88e+03 -1.00e+05
2015 11 06  1130   57332  41400   5.76e+00  1.28e-01  9.57e-02  5.42e-02  4.14e-02  2.10e-02  8.33e+04  4.83e+03 -1.00e+05
2015 11 06  1135   57332  41700   6.78e+00  2.14e-01  1.81e-01  1.39e-01  1.01e-01  3.77e-02  8.58e+04  5.21e+03 -1.00e+05
2015 11 06  1140   57332  42000   7.54e+00  1.58e-01  1.25e-01  8.40e-02  7.39e-02  3.16e-02  8.84e+04  5.76e+03 -1.00e+05
2015 11 06  1145   57332  42300   7.32e+00  1.76e-01  1.43e-01  1.00e-01  5.18e-02  2.10e-02  8.79e+04  5.86e+03 -1.00e+05
2015 11 06  1150   57332  42600   6.53e+00  1.76e-01  1.44e-01  1.02e-01  9.21e-02  7.24e-02  8.79e+04  5.64e+03 -1.00e+05
2015 11 06  1155   57332  42900   6.49e+00  2.33e-01  2.01e-01  5.08e-02  4.07e-02  2.10e-02  8.79e+04  5.49e+03 -1.00e+05
2015 11 06  1200   57332  43200   6.21e+00  2.54e-01  2.22e-01  6.73e-02  4.44e-02  2.10e-02  8.79e+04  5.65e+03 -1.00e+05
2015 11 06  1205   57332  43500   6.11e+00  1.64e-01  1.31e-01  8.99e-02  7.98e-02  6.00e-02  8.79e+04  5.57e+03 -1.00e+05
2015 11 06  1210   57332  43800   6.39e+00  1.25e-01  9.23e-02  5.08e-02  4.07e-02  2.10e-02  8.79e+04  5.55e+03 -1.00e+05
2015 11 06  1215   57332  44100   6.40e+00  1.61e-01  1.29e-01  8.74e-02  7.73e-02  5.76e-02  8.69e+04  5.60e+03 -1.00e+05
2015 11 06  1220   57332  44400   9.44e+00  2.72e-01  1.22e-01  5.89e-02  4.88e-02  2.36e-02  8.33e+04  5.09e+03 -1.00e+05
2015 11 06  1225   57332  44700   9.61e+00  2.59e-01  1.54e-01  9.85e-02  7.79e-02  5.51e-02  8.77e+04  5.66e+03 -1.00e+05
2015 11 06  1230   57332  45000   7.13e+00  1.27e-01  9.42e-02  5.27e-02  4.26e-02  2.29e-02  8.79e+04  5.71e+03 -1.00e+05
2015 11 06  1235   57332  45300   1.03e+01  2.88e-01  1.32e-01  6.73e-02  4.44e-02  2.10e-02  8.79e+04  5.52e+03 -1.00e+05
2015 11 06  1240   57332  45600   7.89e+00  1.70e-01  1.14e-01  6.79e-02  5.78e-02  3.62e-02  8.58e+04  5.42e+03 -1.00e+05
2015 11 06  1245   57332  45900   6.20e+00  1.70e-01  1.38e-01  5.73e-02  4.56e-02  2.54e-02  8.33e+04  5.18e+03 -1.00e+05
2015 11 06  1250   57332  46200   7.10e+00  1.57e-01  1.24e-01  5.27e-02  4.26e-02  2.29e-02  8.61e+04  5.44e+03 -1.00e+05
2015 11 06  1255   57332  46500   7.77e+00  1.81e-01  1.49e-01  1.07e-01  8.38e-02  3.36e-02  8.79e+04  5.65e+03 -1.00e+05
2015 11 06  1300   57332  46800   8.47e+00  2.31e-01  1.98e-01  8.67e-02  7.66e-02  4.22e-02  8.79e+04  5.57e+03 -1.00e+05
2015 11 06  1305   57332  47100   1.11e+01  3.08e-01  1.52e-01  8.71e-02  5.61e-02  3.03e-02  8.55e+04  5.32e+03 -1.00e+05
2015 11 06  1310   57332  47400   9.94e+00  2.48e-01  1.42e-01  8.74e-02  7.73e-02  5.76e-02  8.98e+04  5.87e+03 -1.00e+05
2015 11 06  1315   57332  47700   8.15e+00  1.25e-01  9.23e-02  5.08e-02  4.07e-02  2.10e-02  9.52e+04  6.49e+03 -1.00e+05
2015 11 06  1320   57332  48000   1.24e+01  1.32e-01  9.91e-02  5.77e-02  4.76e-02  2.78e-02  1.04e+05  7.81e+03 -1.00e+05
2015 11 06  1325   57332  48300   9.47e+00  1.37e-01  1.04e-01  6.26e-02  5.25e-02  3.28e-02  9.84e+04  7.22e+03 -1.00e+05
2015 11 06  1330   57332  48600   8.22e+00  1.74e-01  1.42e-01  7.50e-02  6.49e-02  4.52e-02  9.64e+04  6.85e+03 -1.00e+05
2015 11 06  1335   57332  48900   8.53e+00  1.76e-01  1.43e-01  5.77e-02  4.76e-02  2.78e-02  1.01e+05  7.42e+03 -1.00e+05
2015 11 06  1340   57332  49200   7.20e+00  1.58e-01  1.25e-01  8.40e-02  7.39e-02  3.16e-02  9.86e+04  7.04e+03 -1.00e+05
2015 11 06  1345   57332  49500   6.99e+00  1.88e-01  1.55e-01  5.08e-02  4.07e-02  2.10e-02  9.86e+04  6.95e+03 -1.00e+05
2015 11 06  1350   57332  49800   7.70e+00  1.29e-01  9.67e-02  5.52e-02  4.51e-02  2.54e-02  9.96e+04  7.25e+03 -1.00e+05
2015 11 06  1355   57332  50100   8.47e+00  1.25e-01  9.23e-02  5.08e-02  4.07e-02  2.10e-02  1.04e+05  7.80e+03 -1.00e+05
2015 11 06  1400   57332  50400   1.02e+01  2.14e-01  1.06e-01  5.08e-02  4.07e-02  2.10e-02  9.93e+04  7.31e+03 -1.00e+05
2015 11 06  1405   57332  50700   6.74e+00  1.76e-01  1.43e-01  1.00e-01  5.18e-02  2.10e-02  9.86e+04  7.23e+03 -1.00e+05
2015 11 06  1410   57332  51000   6.69e+00  1.25e-01  9.23e-02  5.08e-02  4.07e-02  2.10e-02  9.86e+04  7.13e+03 -1.00e+05
2015 11 06  1415   57332  51300   6.46e+00  1.54e-01  1.21e-01  8.00e-02  6.99e-02  5.01e-02  9.86e+04  7.01e+03 -1.00e+05
2015 11 06  1420   57332  51600   8.22e+00  1.57e-01  1.04e-01  5.89e-02  4.88e-02  2.36e-02  9.94e+04  7.10e+03 -1.00e+05
2015 11 06  1425   57332  51900   8.33e+00  1.53e-01  1.21e-01  7.95e-02  6.94e-02  3.65e-02  1.04e+05  7.65e+03 -1.00e+05
2015 11 06  1430   57332  52200   8.56e+00  1.69e-01  1.36e-01  9.48e-02  8.47e-02  6.50e-02  1.04e+05  7.71e+03 -1.00e+05
2015 11 06  1435   57332  52500   1.07e+01  1.72e-01  1.40e-01  7.26e-02  6.24e-02  4.27e-02  1.09e+05  8.58e+03 -1.00e+05
2015 11 06  1440   57332  52800   1.57e+01  2.75e-01  1.18e-01  5.42e-02  4.14e-02  2.10e-02  1.08e+05  8.51e+03 -1.00e+05
2015 11 06  1445   57332  53100   1.38e+01  2.34e-01  1.29e-01  7.40e-02  6.20e-02  4.17e-02  1.05e+05  8.27e+03 -1.00e+05
2015 11 06  1450   57332  53400   9.83e+00  1.56e-01  1.24e-01  8.25e-02  7.23e-02  5.26e-02  1.08e+05  8.62e+03 -1.00e+05
2015 11 06  1455   57332  53700   1.18e+01  1.41e-01  1.09e-01  6.74e-02  5.73e-02  3.43e-02  1.13e+05  9.52e+03 -1.00e+05
2015 11 06  1500   57332  54000   1.34e+01  1.25e-01  9.23e-02  5.08e-02  4.07e-02  2.10e-02  1.15e+05  1.00e+04 -1.00e+05
2015 11 06  1505   57332  54300   1.40e+01  1.39e-01  1.07e-01  6.51e-02  5.50e-02  3.53e-02  1.17e+05  1.06e+04 -1.00e+05
2015 11 06  1510   57332  54600   1.51e+01  1.88e-01  1.55e-01  9.24e-02  8.22e-02  6.25e-02  1.20e+05  1.09e+04 -1.00e+05
2015 11 06  1515   57332  54900   2.99e+01  2.76e-01  9.37e-02  5.08e-02  4.07e-02  2.10e-02  1.20e+05  1.11e+04 -1.00e+05
2015 11 06  1520   57332  55200   1.94e+01  2.73e-01  2.40e-01  9.96e-02  7.24e-02  4.77e-02  1.25e+05  1.19e+04 -1.00e+05
2015 11 06  1525   57332  55500   1.34e+01  1.96e-01  1.63e-01  1.22e-01  1.12e-01  4.51e-02  1.16e+05  1.05e+04 -1.00e+05
2015 11 06  1530   57332  55800   1.20e+01  1.44e-01  1.12e-01  7.01e-02  5.99e-02  4.02e-02  1.18e+05  1.04e+04 -1.00e+05
2015 11 06  1535   57332  56100   1.24e+01  1.27e-01  9.42e-02  5.27e-02  4.26e-02  2.29e-02  1.20e+05  1.06e+04 -1.00e+05
2015 11 06  1540   57332  56400   1.62e+01  1.87e-01  1.27e-01  5.08e-02  4.07e-02  2.10e-02  1.20e+05  1.09e+04 -1.00e+05
2015 11 06  1545   57332  56700   1.08e+01  1.87e-01  1.54e-01  1.11e-01  6.82e-02  4.27e-02  1.15e+05  1.02e+04 -1.00e+05
2015 11 06  1550   57332  57000   1.17e+01  1.25e-01  9.23e-02  5.08e-02  4.07e-02  2.10e-02  1.15e+05  1.03e+04 -1.00e+05
2015 11 06  1555   57332  57300   1.09e+01  1.71e-01  1.38e-01  9.67e-02  8.66e-02  5.89e-02  1.15e+05  9.96e+03 -1.00e+05
2015 11 06  1600   57332  57600   1.17e+01  2.24e-01  1.92e-01  6.52e-02  5.51e-02  2.56e-02  1.15e+05  1.01e+04 -1.00e+05
2015 11 06  1605   57332  57900   1.20e+01  2.56e-01  2.24e-01  8.00e-02  6.99e-02  5.01e-02  1.15e+05  1.02e+04 -1.00e+05
2015 11 06  1610   57332  58200   2.33e+01  2.54e-01  9.38e-02  5.08e-02  4.07e-02  2.10e-02  1.19e+05  1.07e+04 -1.00e+05
2015 11 06  1615   57332  58500   2.66e+01  2.31e-01  9.38e-02  5.08e-02  4.07e-02  2.10e-02  1.21e+05  1.14e+04 -1.00e+05
2015 11 06  1620   57332  58800   1.26e+01  2.11e-01  1.79e-01  1.37e-01  1.27e-01  6.91e-02  1.19e+05  1.08e+04 -1.00e+05
2015 11 06  1625   57332  59100   1.50e+01  1.58e-01  1.26e-01  5.08e-02  4.07e-02  2.10e-02  1.20e+05  1.13e+04 -1.00e+05
2015 11 06  1630   57332  59400   1.50e+01  1.37e-01  1.04e-01  6.26e-02  5.25e-02  3.28e-02  1.21e+05  1.16e+04 -1.00e+05
2015 11 06  1635   57332  59700   1.69e+01  1.52e-01  1.19e-01  7.75e-02  6.74e-02  4.77e-02  1.25e+05  1.19e+04 -1.00e+05
2015 11 06  1640   57332  60000   1.54e+01  1.25e-01  9.23e-02  5.08e-02  4.07e-02  2.10e-02  1.20e+05  1.15e+04 -1.00e+05
2015 11 06  1645   57332  60300   1.70e+01  1.39e-01  1.07e-01  6.52e-02  5.51e-02  2.56e-02  1.22e+05  1.16e+04 -1.00e+05
2015 11 06  1650   57332  60600   1.72e+01  2.50e-01  2.17e-01  7.38e-02  4.59e-02  2.10e-02  1.22e+05  1.18e+04 -1.00e+05
2015 11 06  1655   57332  60900   1.95e+01  1.69e-01  1.36e-01  9.48e-02  8.47e-02  6.50e-02  1.23e+05  1.21e+04 -1.00e+05
2015 11 06  1700   57332  61200   1.48e+01  3.00e-01  1.85e-01  1.42e-01  1.32e-01  7.85e-02  1.12e+05  9.49e+03 -1.00e+05
2015 11 06  1705   57332  61500   8.29e+00  1.71e-01  1.38e-01  9.65e-02  8.64e-02  3.57e-02  1.12e+05  9.50e+03 -1.00e+05
2015 11 06  1710   57332  61800   9.53e+00  1.81e-01  1.23e-01  7.75e-02  6.74e-02  4.77e-02  1.10e+05  9.26e+03 -1.00e+05
2015 11 06  1715   57332  62100   7.98e+00  1.34e-01  1.02e-01  6.02e-02  5.01e-02  2.87e-02  1.12e+05  9.36e+03 -1.00e+05
2015 11 06  1720   57332  62400   1.45e+01  3.56e-01  2.01e-01  7.50e-02  6.49e-02  4.52e-02  1.13e+05  9.52e+03 -1.00e+05
2015 11 06  1725   57332  62700   8.45e+00  1.67e-01  1.34e-01  9.30e-02  8.28e-02  4.42e-02  1.10e+05  9.21e+03 -1.00e+05
2015 11 06  1730   57332  63000   7.90e+00  1.27e-01  9.42e-02  5.27e-02  4.26e-02  2.29e-02  1.09e+05  8.85e+03 -1.00e+05
2015 11 06  1735   57332  63300   7.45e+00  1.39e-01  1.07e-01  6.52e-02  5.51e-02  2.56e-02  1.09e+05  8.41e+03 -1.00e+05
2015 11 06  1740   57332  63600   7.25e+00  1.80e-01  1.48e-01  8.25e-02  7.23e-02  5.26e-02  1.09e+05  8.36e+03 -1.00e+05
2015 11 06  1745   57332  63900   7.54e+00  2.44e-01  2.12e-01  7.16e-02  6.15e-02  4.17e-02  1.05e+05  8.27e+03 -1.00e+05
2015 11 06  1750   57332  64200   7.66e+00  1.52e-01  1.19e-01  7.75e-02  6.74e-02  4.77e-02  1.05e+05  8.32e+03 -1.00e+05
2015 11 06  1755   57332  64500   9.30e+00  1.49e-01  1.16e-01  7.50e-02  6.49e-02  4.52e-02  1.08e+05  8.53e+03 -1.00e+05
2015 11 06  1800   57332  64800   1.07e+01  1.42e-01  1.09e-01  6.73e-02  4.44e-02  2.10e-02  1.09e+05  8.78e+03 -1.00e+05
2015 11 06  1805   57332  65100   2.01e+01  2.31e-01  9.38e-02  5.08e-02  4.07e-02  2.10e-02  1.09e+05  8.76e+03 -1.00e+05
2015 11 06  1810   57332  65400   1.23e+01  1.84e-01  1.52e-01  1.09e-01  7.07e-02  4.27e-02  1.09e+05  8.71e+03 -1.00e+05
2015 11 06  1815   57332  65700   3.29e+01  1.93e-01  1.60e-01  1.18e-01  7.45e-02  4.52e-02  1.10e+05  9.53e+03 -1.00e+05
2015 11 06  1820   57332  66000   2.40e+02  3.65e-01  1.87e-01  9.03e-02  8.01e-02  3.36e-02  1.32e+05  2.16e+04 -1.00e+05
2015 11 06  1825   57332  66300   8.26e+01  1.83e-01  1.24e-01  7.76e-02  5.78e-02  3.53e-02  1.27e+05  9.34e+03 -1.00e+05
2015 11 06  1830   57332  66600   9.63e+01  2.84e-01  1.28e-01  6.39e-02  4.70e-02  2.54e-02  1.14e+05  1.34e+04 -1.00e+05
2015 11 06  1835   57332  66900   7.19e+01  1.25e-01  9.23e-02  5.08e-02  4.07e-02  2.10e-02  1.29e+05  1.30e+04 -1.00e+05
2015 11 06  1840   57332  67200   9.27e+01  1.96e-01  1.63e-01  1.22e-01  1.11e-01  4.37e-02  1.31e+05  1.36e+04 -1.00e+05
2015 11 06  1845   57332  67500   5.33e+01  1.66e-01  1.34e-01  9.24e-02  8.22e-02  6.25e-02  1.20e+05  1.07e+04 -1.00e+05
2015 11 06  1850   57332  67800   4.41e+01  1.76e-01  1.44e-01  7.75e-02  6.74e-02  4.77e-02  1.07e+05  1.02e+04 -1.00e+05
2015 11 06  1855   57332  68100   5.16e+01  1.16e-01  8.87e-02  5.05e-02  4.09e-02  2.13e-02  1.20e+05  1.10e+04 -1.00e+05
2015 11 06  1900   57332  68400   4.71e+01  1.16e-01  8.87e-02  5.05e-02  4.09e-02  2.13e-02  1.21e+05  1.05e+04 -1.00e+05
2015 11 06  1905   57332  68700   8.67e+01  1.65e-01  9.62e-02  5.05e-02  4.09e-02  2.13e-02  1.24e+05  1.32e+04 -1.00e+05
2015 11 06  1910   57332  69000   4.89e+01  1.49e-01  1.22e-01  8.38e-02  7.05e-02  2.26e-02  1.23e+05  1.18e+04 -1.00e+05
2015 11 06  1915   57332  69300   4.70e+01  1.67e-01  1.40e-01  5.05e-02  4.09e-02  2.13e-02  1.16e+05  1.09e+04 -1.00e+05
2015 11 06  1920   57332  69600   5.12e+01  1.34e-01  1.07e-01  6.87e-02  5.14e-02  2.70e-02  1.19e+05  1.19e+04 -1.00e+05
2015 11 06  1925   57332  69900   4.47e+01  1.16e-01  8.87e-02  5.05e-02  4.09e-02  2.13e-02  1.26e+05  1.25e+04 -1.00e+05
2015 11 06  1930   57332  70200   4.17e+01  1.67e-01  1.40e-01  5.05e-02  4.09e-02  2.13e-02  1.15e+05  1.05e+04 -1.00e+05
2015 11 06  1935   57332  70500   6.16e+01  2.41e-01  1.23e-01  6.83e-02  4.49e-02  2.13e-02  1.16e+05  1.07e+04 -1.00e+05
2015 11 06  1940   57332  70800   7.43e+01  2.30e-01  9.06e-02  5.05e-02  4.09e-02  2.13e-02  1.11e+05  9.88e+03 -1.00e+05
2015 11 06  1945   57332  71100   6.10e+01  1.38e-01  1.10e-01  7.23e-02  6.27e-02  4.31e-02  1.12e+05  1.06e+04 -1.00e+05
2015 11 06  1950   57332  71400   6.45e+01  1.16e-01  8.87e-02  5.05e-02  4.09e-02  2.13e-02  1.13e+05  1.18e+04 -1.00e+05
2015 11 06  1955   57332  71700   1.02e+02  5.74e-01  3.02e-01  1.08e-01  6.61e-02  4.06e-02  1.26e+05  1.22e+04 -1.00e+05
2015 11 06  2000   57332  72000   5.57e+01  1.61e-01  1.34e-01  9.56e-02  8.59e-02  3.57e-02  1.31e+05  1.46e+04 -1.00e+05
2015 11 06  2005   57332  72300   3.14e+01  2.65e-01  2.37e-01  7.48e-02  6.51e-02  4.55e-02  1.31e+05  1.17e+04 -1.00e+05
2015 11 06  2010   57332  72600   4.76e+01  2.63e-01  2.35e-01  7.23e-02  6.27e-02  4.31e-02  1.22e+05  1.34e+04 -1.00e+05
2015 11 06  2015   57332  72900   4.83e+01  1.41e-01  1.14e-01  7.48e-02  4.63e-02  2.13e-02  1.26e+05  1.12e+04 -1.00e+05
2015 11 06  2020   57332  73200   5.47e+01  1.16e-01  8.87e-02  5.05e-02  4.09e-02  2.13e-02  1.20e+05  1.12e+04 -1.00e+05
2015 11 06  2025   57332  73500   5.46e+01  1.16e-01  8.87e-02  5.05e-02  4.09e-02  2.13e-02  1.14e+05  9.56e+03 -1.00e+05
2015 11 06  2030   57332  73800   7.78e+01  2.30e-01  9.06e-02  5.05e-02  4.09e-02  2.13e-02  1.01e+05  7.95e+03 -1.00e+05
2015 11 06  2035   57332  74100   3.63e+01  1.27e-01  1.00e-01  6.17e-02  4.34e-02  2.13e-02  9.43e+04  6.68e+03 -1.00e+05
2015 11 06  2040   57332  74400   3.57e+01  1.48e-01  1.21e-01  8.30e-02  7.34e-02  3.17e-02  8.69e+04  6.14e+03 -1.00e+05
2015 11 06  2045   57332  74700   2.81e+01  1.53e-01  1.25e-01  8.72e-02  7.75e-02  5.79e-02  7.73e+04  5.20e+03 -1.00e+05
2015 11 06  2050   57332  75000   2.60e+01  1.54e-01  1.26e-01  8.68e-02  4.68e-02  2.13e-02  6.21e+04  3.78e+03 -1.00e+05
2015 11 06  2055   57332  75300   2.45e+01  1.67e-01  1.40e-01  5.05e-02  4.09e-02  2.13e-02  5.30e+04  2.83e+03 -1.00e+05
2015 11 06  2100   57332  75600   2.37e+01  1.43e-01  1.15e-01  7.73e-02  6.76e-02  4.80e-02  5.61e+04  2.91e+03 -1.00e+05
2015 11 06  2105   57332  75900   2.79e+01  1.34e-01  1.07e-01  6.83e-02  4.49e-02  2.13e-02  5.88e+04  3.42e+03 -1.00e+05
2015 11 06  2110   57332  76200   3.42e+01  1.16e-01  8.87e-02  5.05e-02  4.09e-02  2.13e-02  5.85e+04  3.42e+03 -1.00e+05
2015 11 06  2115   57332  76500   4.11e+01  2.38e-01  1.70e-01  7.98e-02  7.01e-02  5.05e-02  5.46e+04  2.97e+03 -1.00e+05
2015 11 06  2120   57332  76800   2.52e+01  1.97e-01  1.70e-01  6.74e-02  5.77e-02  3.81e-02  4.98e+04  2.68e+03 -1.00e+05
2015 11 06  2125   57332  77100   1.29e+01  1.17e-01  8.98e-02  5.17e-02  4.20e-02  2.16e-02  3.88e+04  1.80e+03 -1.00e+05
2015 11 06  2130   57332  77400   1.47e+01  1.16e-01  8.87e-02  5.05e-02  4.09e-02  2.13e-02  4.10e+04  1.76e+03 -1.00e+05
2015 11 06  2135   57332  77700   7.99e+00  1.16e-01  8.87e-02  5.05e-02  4.09e-02  2.13e-02  4.33e+04  1.63e+03 -1.00e+05
2015 11 06  2140   57332  78000   5.63e+00  1.53e-01  1.25e-01  5.05e-02  4.09e-02  2.13e-02  2.68e+04  5.71e+02 -1.00e+05
2015 11 06  2145   57332  78300   6.96e+00  1.34e-01  1.07e-01  6.83e-02  4.49e-02  2.13e-02  2.05e+04  3.81e+02 -1.00e+05
2015 11 06  2150   57332  78600   1.37e+01  2.29e-01  2.02e-01  1.19e-01  1.06e-01  4.18e-02  1.50e+04  3.52e+02 -1.00e+05
2015 11 06  2155   57332  78900   1.38e+01  1.63e-01  1.36e-01  5.05e-02  4.09e-02  2.13e-02  1.14e+04  2.50e+02 -1.00e+05
2015 11 06  2200   57332  79200   1.40e+01  2.22e-01  1.53e-01  5.51e-02  4.19e-02  2.13e-02  8.26e+03  2.00e+02 -1.00e+05
2015 11 06  2205   57332  79500   1.85e+01  2.60e-01  1.42e-01  5.05e-02  4.09e-02  2.13e-02  8.71e+03  2.14e+02 -1.00e+05
2015 11 06  2210   57332  79800   9.28e+00  1.38e-01  1.11e-01  7.28e-02  6.31e-02  4.35e-02  8.59e+03  2.53e+02 -1.00e+05
2015 11 06  2215   57332  80100   1.50e+01  2.23e-01  1.05e-01  5.05e-02  4.09e-02  2.13e-02  9.87e+03  2.83e+02 -1.00e+05
2015 11 06  2220   57332  80400   1.15e+01  1.53e-01  1.25e-01  5.05e-02  4.09e-02  2.13e-02  1.32e+04  4.03e+02 -1.00e+05
2015 11 06  2225   57332  80700   1.24e+01  1.61e-01  1.34e-01  9.56e-02  8.59e-02  3.57e-02  1.57e+04  4.80e+02 -1.00e+05
2015 11 06  2230   57332  81000   1.41e+01  1.16e-01  8.87e-02  5.05e-02  4.09e-02  2.13e-02  1.71e+04  5.33e+02 -1.00e+05
2015 11 06  2235   57332  81300   1.27e+01  1.68e-01  1.40e-01  1.01e-01  6.78e-02  2.77e-02  1.96e+04  5.92e+02 -1.00e+05
2015 11 06  2240   57332  81600   9.44e+00  2.14e-01  1.87e-01  7.50e-02  5.37e-02  3.07e-02  2.16e+04  6.71e+02 -1.00e+05
2015 11 06  2245   57332  81900   8.44e+00  2.79e-01  2.52e-01  8.46e-02  5.20e-02  2.57e-02  2.23e+04  6.89e+02 -1.00e+05
2015 11 06  2250   57332  82200   8.72e+00  2.67e-01  2.39e-01  7.56e-02  6.15e-02  4.06e-02  2.23e+04  7.07e+02 -1.00e+05
2015 11 06  2255   57332  82500   7.74e+00  1.94e-01  1.66e-01  1.27e-01  8.32e-02  3.17e-02  2.34e+04  7.47e+02 -1.00e+05
2015 11 06  2300   57332  82800   7.56e+00  1.43e-01  1.15e-01  7.68e-02  5.60e-02  3.32e-02  2.39e+04  7.64e+02 -1.00e+05
2015 11 06  2305   57332  83100   7.78e+00  1.54e-01  1.26e-01  8.68e-02  4.68e-02  2.13e-02  2.50e+04  7.98e+02 -1.00e+05
2015 11 06  2310   57332  83400   9.72e+00  2.30e-01  1.61e-01  5.05e-02  4.09e-02  2.13e-02  2.30e+04  6.20e+02 -1.00e+05
2015 11 06  2315   57332  83700   5.86e+00  2.84e-01  2.57e-01  9.41e-02  7.14e-02  4.80e-02  2.22e+04  6.23e+02 -1.00e+05
2015 11 06  2320   57332  84000   3.74e+00  1.16e-01  8.87e-02  5.05e-02  4.09e-02  2.13e-02  2.25e+04  5.33e+02 -1.00e+05
2015 11 06  2325   57332  84300   3.19e+00  2.17e-01  1.48e-01  5.05e-02  4.09e-02  2.13e-02  2.17e+04  5.63e+02 -1.00e+05
2015 11 06  2330   57332  84600   1.85e+00  2.04e-01  1.76e-01  8.53e-02  4.68e-02  2.13e-02  2.28e+04  8.02e+02 -1.00e+05
2015 11 06  2335   57332  84900   1.53e+00  2.28e-01  1.70e-01  1.27e-01  1.17e-01  4.58e-02  2.46e+04  9.05e+02 -1.00e+05
2015 11 06  2340   57332  85200   1.51e+00  1.16e-01  8.87e-02  5.05e-02  4.09e-02  2.13e-02  2.12e+04  5.34e+02 -1.00e+05
2015 11 06  2345   57332  85500   3.18e+00  3.57e-01  1.77e-01  1.36e-01  1.02e-01  3.88e-02  1.96e+04  3.25e+02 -1.00e+05
2015 11 06  2350   57332  85800   1.54e+00  1.33e-01  1.05e-01  6.74e-02  5.77e-02  3.81e-02  2.27e+04  5.00e+02 -1.00e+05
2015 11 06  2355   57332  86100   1.76e+00  1.16e-01  8.87e-02  5.05e-02  4.09e-02  2.13e-02  1.95e+04  4.80e+02 -1.00e+05
