:Data_list: 20150923_Gs_part_5m.txt
:Created: 2015 Sep 24 0011 UTC
# Prepared by the U.S. Dept. of Commerce, NOAA, Space Weather Prediction Center
# Please send comments and suggestions to SWPC.Webmaster@noaa.gov 
# 
# Label: P > 1 = Particles at >1 Mev
# Label: P > 5 = Particles at >5 Mev
# Label: P >10 = Particles at >10 Mev
# Label: P >30 = Particles at >30 Mev
# Label: P >50 = Particles at >50 Mev
# Label: P>100 = Particles at >100 Mev
# Label: E>0.8 = Electrons at >0.8 Mev
# Label: E>2.0 = Electrons at >2.0 Mev
# Label: E>4.0 = Electrons at >4.0 Mev
# Units: Particles = Protons/cm2-s-sr
# Units: Electrons = Electrons/cm2-s-sr
# Source: GOES-15
# Location: W135
# Missing data: -1.00e+05
#
#                      5-minute  GOES-15 Solar Particle and Electron Flux
#
#                 Modified Seconds
# UTC Date  Time   Julian  of the
# YR MO DA  HHMM    Day     Day     P > 1     P > 5     P >10     P >30     P >50     P>100     E>0.8     E>2.0     E>4.0
#-------------------------------------------------------------------------------------------------------------------------
2015 09 23  0000   57288      0   1.90e+01  2.28e-01  1.42e-01  4.88e-02  3.84e-02  1.92e-02  4.66e+04  1.03e+03 -1.00e+05
2015 09 23  0005   57288    300   1.36e+01  1.80e-01  1.50e-01  5.32e-02  4.28e-02  2.06e-02  4.65e+04  1.02e+03 -1.00e+05
2015 09 23  0010   57288    600   1.43e+01  1.59e-01  1.29e-01  8.92e-02  7.88e-02  5.95e-02  4.66e+04  1.01e+03 -1.00e+05
2015 09 23  0015   57288    900   1.46e+01  1.19e-01  8.87e-02  4.88e-02  3.84e-02  1.92e-02  4.66e+04  1.04e+03 -1.00e+05
2015 09 23  0020   57288   1200   1.55e+01  2.22e-01  1.92e-01  8.67e-02  7.63e-02  5.71e-02  4.66e+04  1.07e+03 -1.00e+05
2015 09 23  0025   57288   1500   1.63e+01  1.27e-01  9.00e-02  4.88e-02  3.84e-02  1.92e-02  4.66e+04  1.07e+03 -1.00e+05
2015 09 23  0030   57288   1800   1.66e+01  2.25e-01  1.95e-01  7.20e-02  6.16e-02  2.67e-02  4.85e+04  1.10e+03 -1.00e+05
2015 09 23  0035   57288   2100   1.81e+01  1.56e-01  1.26e-01  4.88e-02  3.84e-02  1.92e-02  4.93e+04  1.15e+03 -1.00e+05
2015 09 23  0040   57288   2400   2.00e+01  2.46e-01  2.16e-01  1.23e-01  1.13e-01  4.69e-02  4.92e+04  1.15e+03 -1.00e+05
2015 09 23  0045   57288   2700   2.63e+01  3.06e-01  2.20e-01  4.88e-02  3.84e-02  1.92e-02  4.77e+04  1.10e+03 -1.00e+05
2015 09 23  0050   57288   3000   1.79e+01  1.20e-01  8.94e-02  4.95e-02  3.91e-02  1.99e-02  4.68e+04  1.10e+03 -1.00e+05
2015 09 23  0055   57288   3300   1.95e+01  1.28e-01  9.37e-02  5.32e-02  4.28e-02  2.06e-02  4.75e+04  1.08e+03 -1.00e+05
2015 09 23  0100   57288   3600   1.77e+01  2.60e-01  2.30e-01  7.43e-02  6.39e-02  4.47e-02  4.67e+04  1.08e+03 -1.00e+05
2015 09 23  0105   57288   3900   1.89e+01  1.39e-01  1.09e-01  6.93e-02  5.90e-02  3.97e-02  4.66e+04  1.04e+03 -1.00e+05
2015 09 23  0110   57288   4200   1.71e+01  1.37e-01  1.07e-01  6.69e-02  5.65e-02  3.72e-02  4.58e+04  1.01e+03 -1.00e+05
2015 09 23  0115   57288   4500   2.39e+01  2.44e-01  1.58e-01  5.49e-02  3.98e-02  1.92e-02  4.55e+04  9.95e+02 -1.00e+05
2015 09 23  0120   57288   4800   1.64e+01  1.21e-01  8.96e-02  4.67e-02  3.78e-02  1.91e-02  4.44e+04  9.75e+02 -1.00e+05
2015 09 23  0125   57288   5100   1.67e+01  1.36e-01  1.06e-01  4.67e-02  3.78e-02  1.91e-02  4.40e+04  9.68e+02 -1.00e+05
2015 09 23  0130   57288   5400   2.47e+01  3.41e-01  2.16e-01  9.44e-02  7.33e-02  5.11e-02  4.40e+04  9.45e+02 -1.00e+05
2015 09 23  0135   57288   5700   1.56e+01  1.58e-01  1.27e-01  4.89e-02  4.00e-02  2.13e-02  4.39e+04  9.25e+02 -1.00e+05
2015 09 23  0140   57288   6000   1.45e+01  1.46e-01  1.15e-01  4.67e-02  3.78e-02  1.91e-02  4.34e+04  8.93e+02 -1.00e+05
2015 09 23  0145   57288   6300   1.34e+01  1.21e-01  8.96e-02  4.67e-02  3.78e-02  1.91e-02  4.17e+04  8.89e+02 -1.00e+05
2015 09 23  0150   57288   6600   1.47e+01  1.86e-01  1.55e-01  5.82e-02  4.04e-02  1.91e-02  4.38e+04  8.97e+02 -1.00e+05
2015 09 23  0155   57288   6900   1.45e+01  1.39e-01  1.08e-01  6.47e-02  5.58e-02  3.71e-02  4.36e+04  8.81e+02 -1.00e+05
2015 09 23  0200   57288   7200   1.55e+01  1.90e-01  1.59e-01  1.16e-01  1.07e-01  4.15e-02  4.40e+04  8.95e+02 -1.00e+05
2015 09 23  0205   57288   7500   1.52e+01  1.21e-01  8.96e-02  4.67e-02  3.78e-02  1.91e-02  4.40e+04  9.10e+02 -1.00e+05
2015 09 23  0210   57288   7800   1.67e+01  1.21e-01  8.96e-02  4.67e-02  3.78e-02  1.91e-02  4.39e+04  9.31e+02 -1.00e+05
2015 09 23  0215   57288   8100   3.09e+01  4.47e-01  2.45e-01  8.44e-02  4.63e-02  1.91e-02  4.40e+04  9.42e+02 -1.00e+05
2015 09 23  0220   57288   8400   1.82e+01  1.21e-01  8.96e-02  4.67e-02  3.78e-02  1.91e-02  4.40e+04  9.43e+02 -1.00e+05
2015 09 23  0225   57288   8700   1.83e+01  1.64e-01  1.33e-01  8.11e-02  7.22e-02  5.35e-02  4.40e+04  9.48e+02 -1.00e+05
2015 09 23  0230   57288   9000   1.96e+01  1.80e-01  1.49e-01  1.06e-01  8.66e-02  6.05e-02  4.40e+04  9.14e+02 -1.00e+05
2015 09 23  0235   57288   9300   1.96e+01  1.51e-01  1.20e-01  7.71e-02  5.79e-02  3.62e-02  4.40e+04  9.34e+02 -1.00e+05
2015 09 23  0240   57288   9600   2.00e+01  2.34e-01  2.03e-01  6.88e-02  5.41e-02  3.37e-02  4.40e+04  9.12e+02 -1.00e+05
2015 09 23  0245   57288   9900   1.90e+01  2.14e-01  1.84e-01  4.67e-02  3.78e-02  1.91e-02  4.39e+04  8.96e+02 -1.00e+05
2015 09 23  0250   57288  10200   1.81e+01  1.89e-01  1.58e-01  7.52e-02  6.63e-02  1.94e-02  4.16e+04  8.50e+02 -1.00e+05
2015 09 23  0255   57288  10500   2.45e+01  2.59e-01  1.87e-01  5.36e-02  4.47e-02  2.13e-02  4.14e+04  8.70e+02 -1.00e+05
2015 09 23  0300   57288  10800   2.45e+01  3.14e-01  2.39e-01  1.03e-01  8.49e-02  6.34e-02  4.01e+04  7.97e+02 -1.00e+05
2015 09 23  0305   57288  11100   2.84e+01  2.34e-01  1.07e-01  4.67e-02  3.78e-02  1.91e-02  3.97e+04  7.95e+02 -1.00e+05
2015 09 23  0310   57288  11400   1.93e+01  1.90e-01  1.59e-01  8.11e-02  7.22e-02  5.35e-02  3.97e+04  8.00e+02 -1.00e+05
2015 09 23  0315   57288  11700   1.85e+01  1.58e-01  1.27e-01  8.26e-02  4.36e-02  1.91e-02  3.89e+04  7.58e+02 -1.00e+05
2015 09 23  0320   57288  12000   1.94e+01  1.36e-01  1.06e-01  4.67e-02  3.78e-02  1.91e-02  3.79e+04  7.58e+02 -1.00e+05
2015 09 23  0325   57288  12300   3.21e+01  2.19e-01  9.89e-02  5.36e-02  4.47e-02  2.13e-02  3.81e+04  7.79e+02 -1.00e+05
2015 09 23  0330   57288  12600   1.85e+01  1.38e-01  1.07e-01  6.38e-02  5.49e-02  3.62e-02  4.01e+04  7.70e+02 -1.00e+05
2015 09 23  0335   57288  12900   1.86e+01  1.40e-01  1.09e-01  6.63e-02  5.74e-02  3.87e-02  3.86e+04  7.20e+02 -1.00e+05
2015 09 23  0340   57288  13200   1.69e+01  1.56e-01  1.25e-01  4.67e-02  3.78e-02  1.91e-02  3.76e+04  7.39e+02 -1.00e+05
2015 09 23  0345   57288  13500   1.71e+01  1.87e-01  1.56e-01  9.12e-02  8.24e-02  3.34e-02  3.76e+04  7.04e+02 -1.00e+05
2015 09 23  0350   57288  13800   1.62e+01  1.21e-01  8.96e-02  4.67e-02  3.78e-02  1.91e-02  3.69e+04  7.01e+02 -1.00e+05
2015 09 23  0355   57288  14100   1.48e+01  1.21e-01  8.96e-02  4.67e-02  3.78e-02  1.91e-02  3.71e+04  7.12e+02 -1.00e+05
2015 09 23  0400   57288  14400   2.18e+01  2.60e-01  1.30e-01  7.12e-02  6.23e-02  4.36e-02  3.61e+04  6.65e+02 -1.00e+05
2015 09 23  0405   57288  14700   2.15e+01  4.00e-01  2.36e-01  8.86e-02  7.97e-02  6.10e-02  3.56e+04  6.67e+02 -1.00e+05
2015 09 23  0410   57288  15000   1.23e+01  1.21e-01  8.96e-02  4.67e-02  3.78e-02  1.91e-02  3.56e+04  6.45e+02 -1.00e+05
2015 09 23  0415   57288  15300   1.21e+01  2.49e-01  2.18e-01  7.95e-02  4.35e-02  1.91e-02  3.52e+04  6.33e+02 -1.00e+05
2015 09 23  0420   57288  15600   2.14e+01  4.44e-01  2.09e-01  5.14e-02  4.25e-02  2.38e-02  3.52e+04  6.53e+02 -1.00e+05
2015 09 23  0425   57288  15900   1.67e+01  2.59e-01  1.32e-01  7.13e-02  4.33e-02  1.91e-02  3.23e+04  5.67e+02 -1.00e+05
2015 09 23  0430   57288  16200   1.56e+01  1.99e-01  1.23e-01  6.39e-02  5.50e-02  3.63e-02  2.98e+04  5.54e+02 -1.00e+05
2015 09 23  0435   57288  16500   9.97e+00  1.62e-01  1.31e-01  6.38e-02  5.49e-02  3.62e-02  3.19e+04  5.34e+02 -1.00e+05
2015 09 23  0440   57288  16800   1.33e+01  1.95e-01  1.17e-01  6.48e-02  4.19e-02  1.91e-02  2.99e+04  5.20e+02 -1.00e+05
2015 09 23  0445   57288  17100   9.34e+00  2.06e-01  1.75e-01  1.30e-01  7.75e-02  2.74e-02  2.90e+04  5.03e+02 -1.00e+05
2015 09 23  0450   57288  17400   1.60e+01  4.08e-01  2.06e-01  4.67e-02  3.78e-02  1.91e-02  2.98e+04  4.95e+02 -1.00e+05
2015 09 23  0455   57288  17700   1.12e+01  2.36e-01  1.60e-01  7.37e-02  6.48e-02  4.61e-02  2.84e+04  4.65e+02 -1.00e+05
2015 09 23  0500   57288  18000   8.66e+00  1.21e-01  8.96e-02  4.67e-02  3.78e-02  1.91e-02  2.64e+04  4.51e+02 -1.00e+05
2015 09 23  0505   57288  18300   9.19e+00  1.21e-01  8.96e-02  4.67e-02  3.78e-02  1.91e-02  2.51e+04  4.19e+02 -1.00e+05
2015 09 23  0510   57288  18600   8.71e+00  2.22e-01  1.91e-01  6.48e-02  4.19e-02  1.91e-02  2.48e+04  4.14e+02 -1.00e+05
2015 09 23  0515   57288  18900   1.52e+01  6.70e-01  3.08e-01  1.04e-01  7.06e-02  2.74e-02  2.52e+04  4.14e+02 -1.00e+05
2015 09 23  0520   57288  19200   8.37e+00  1.21e-01  8.96e-02  4.67e-02  3.78e-02  1.91e-02  2.32e+04  3.82e+02 -1.00e+05
2015 09 23  0525   57288  19500   7.78e+00  1.80e-01  1.50e-01  1.06e-01  7.39e-02  4.86e-02  2.40e+04  3.84e+02 -1.00e+05
2015 09 23  0530   57288  19800   1.52e+01  2.99e-01  1.11e-01  4.67e-02  3.78e-02  1.91e-02  2.31e+04  3.71e+02 -1.00e+05
2015 09 23  0535   57288  20100   8.58e+00  2.14e-01  1.84e-01  4.67e-02  3.78e-02  1.91e-02  2.30e+04  3.68e+02 -1.00e+05
2015 09 23  0540   57288  20400   6.48e+00  1.21e-01  8.96e-02  4.67e-02  3.78e-02  1.91e-02  2.12e+04  3.44e+02 -1.00e+05
2015 09 23  0545   57288  20700   6.10e+00  1.81e-01  1.51e-01  8.36e-02  7.47e-02  5.60e-02  1.95e+04  3.10e+02 -1.00e+05
2015 09 23  0550   57288  21000   7.24e+00  2.79e-01  1.52e-01  8.98e-02  4.35e-02  1.91e-02  1.83e+04  2.74e+02 -1.00e+05
2015 09 23  0555   57288  21300   4.71e+00  1.56e-01  1.25e-01  4.67e-02  3.78e-02  1.91e-02  1.90e+04  2.86e+02 -1.00e+05
2015 09 23  0600   57288  21600   4.66e+00  1.81e-01  1.09e-01  5.36e-02  4.47e-02  2.13e-02  1.74e+04  2.72e+02 -1.00e+05
2015 09 23  0605   57288  21900   3.88e+00  1.53e-01  1.22e-01  7.79e-02  4.48e-02  1.91e-02  1.54e+04  2.72e+02 -1.00e+05
2015 09 23  0610   57288  22200   3.86e+00  2.16e-01  1.85e-01  4.89e-02  4.00e-02  2.13e-02  1.67e+04  2.39e+02 -1.00e+05
2015 09 23  0615   57288  22500   3.51e+00  1.48e-01  1.17e-01  4.89e-02  4.00e-02  2.13e-02  1.46e+04  2.37e+02 -1.00e+05
2015 09 23  0620   57288  22800   3.49e+00  1.42e-01  1.11e-01  5.17e-02  3.89e-02  1.91e-02  1.48e+04  2.53e+02 -1.00e+05
2015 09 23  0625   57288  23100   3.49e+00  1.55e-01  1.24e-01  8.01e-02  5.47e-02  3.12e-02  1.61e+04  2.38e+02 -1.00e+05
2015 09 23  0630   57288  23400   3.66e+00  1.62e-01  1.31e-01  7.13e-02  4.33e-02  1.91e-02  1.40e+04  2.33e+02 -1.00e+05
2015 09 23  0635   57288  23700   5.21e+00  3.01e-01  1.61e-01  9.89e-02  9.00e-02  4.07e-02  1.35e+04  2.20e+02 -1.00e+05
2015 09 23  0640   57288  24000   4.92e+00  2.76e-01  1.61e-01  1.02e-01  7.24e-02  3.82e-02  1.52e+04  2.28e+02 -1.00e+05
2015 09 23  0645   57288  24300   4.03e+00  4.49e-01  3.47e-01  1.68e-01  9.42e-02  3.85e-02  1.29e+04  2.17e+02 -1.00e+05
2015 09 23  0650   57288  24600   3.25e+00  1.33e-01  1.02e-01  5.88e-02  4.99e-02  3.12e-02  1.25e+04  2.08e+02 -1.00e+05
2015 09 23  0655   57288  24900   3.04e+00  1.21e-01  8.96e-02  4.67e-02  3.78e-02  1.91e-02  1.27e+04  2.00e+02 -1.00e+05
2015 09 23  0700   57288  25200   3.58e+00  2.69e-01  2.38e-01  1.04e-01  7.16e-02  4.61e-02  1.18e+04  1.93e+02 -1.00e+05
2015 09 23  0705   57288  25500   3.20e+00  1.50e-01  1.19e-01  7.62e-02  6.73e-02  4.86e-02  9.94e+03  1.67e+02 -1.00e+05
2015 09 23  0710   57288  25800   5.44e+00  4.04e-01  2.40e-01  8.96e-02  7.42e-02  5.35e-02  1.03e+04  1.64e+02 -1.00e+05
2015 09 23  0715   57288  26100   4.51e+00  2.15e-01  9.19e-02  4.67e-02  3.78e-02  1.91e-02  9.90e+03  1.47e+02 -1.00e+05
2015 09 23  0720   57288  26400   2.92e+00  1.65e-01  1.34e-01  9.12e-02  8.24e-02  3.34e-02  8.51e+03  1.50e+02 -1.00e+05
2015 09 23  0725   57288  26700   4.89e+00  2.40e-01  9.18e-02  4.67e-02  3.78e-02  1.91e-02  8.68e+03  1.40e+02 -1.00e+05
2015 09 23  0730   57288  27000   4.99e+00  2.79e-01  1.52e-01  4.67e-02  3.78e-02  1.91e-02  8.14e+03  1.36e+02 -1.00e+05
2015 09 23  0735   57288  27300   3.50e+00  2.54e-01  1.06e-01  6.13e-02  5.24e-02  3.37e-02  7.56e+03  1.24e+02 -1.00e+05
2015 09 23  0740   57288  27600   1.80e+00  1.83e-01  1.31e-01  8.37e-02  7.09e-02  2.94e-02  6.44e+03  1.17e+02 -1.00e+05
2015 09 23  0745   57288  27900   1.98e+00  2.38e-01  1.61e-01  1.10e-01  1.01e-01  3.94e-02  4.55e+03  8.02e+01 -1.00e+05
2015 09 23  0750   57288  28200   4.96e+00  3.74e-01  2.05e-01  4.67e-02  3.78e-02  1.91e-02  6.69e+03  1.61e+02 -1.00e+05
2015 09 23  0755   57288  28500   4.02e+00  1.83e-01  1.31e-01  8.37e-02  7.09e-02  2.94e-02  9.40e+03  2.21e+02 -1.00e+05
2015 09 23  0800   57288  28800   3.25e+00  1.21e-01  8.96e-02  4.67e-02  3.78e-02  1.91e-02  1.08e+04  2.35e+02 -1.00e+05
2015 09 23  0805   57288  29100   3.85e+00  1.73e-01  1.43e-01  8.49e-02  5.39e-02  2.88e-02  1.16e+04  2.26e+02 -1.00e+05
2015 09 23  0810   57288  29400   2.21e+00  1.56e-01  1.25e-01  8.11e-02  4.36e-02  1.91e-02  9.05e+03  1.54e+02 -1.00e+05
2015 09 23  0815   57288  29700   1.93e+00  1.21e-01  8.96e-02  4.67e-02  3.78e-02  1.91e-02  6.40e+03  1.07e+02 -1.00e+05
2015 09 23  0820   57288  30000   1.97e+00  1.36e-01  1.06e-01  4.67e-02  3.78e-02  1.91e-02  6.42e+03  1.35e+02 -1.00e+05
2015 09 23  0825   57288  30300   1.58e+00  1.62e-01  1.31e-01  7.13e-02  4.33e-02  1.91e-02  6.95e+03  1.45e+02 -1.00e+05
2015 09 23  0830   57288  30600   1.46e+00  1.56e-01  1.25e-01  8.19e-02  7.31e-02  4.20e-02  8.07e+03  1.68e+02 -1.00e+05
2015 09 23  0835   57288  30900   1.65e+00  1.46e-01  1.15e-01  4.67e-02  3.78e-02  1.91e-02  8.58e+03  1.40e+02 -1.00e+05
2015 09 23  0840   57288  31200   5.33e+00  4.08e-01  2.06e-01  4.67e-02  3.78e-02  1.91e-02  9.58e+03  1.59e+02 -1.00e+05
2015 09 23  0845   57288  31500   1.28e+01  2.48e-01  2.17e-01  7.17e-02  5.09e-02  2.88e-02  1.37e+04  2.25e+02 -1.00e+05
2015 09 23  0850   57288  31800   2.52e+01  3.28e-01  2.01e-01  4.67e-02  3.78e-02  1.91e-02  2.09e+04  3.88e+02 -1.00e+05
2015 09 23  0855   57288  32100   1.05e+01  1.72e-01  1.41e-01  6.62e-02  5.73e-02  2.54e-02  2.24e+04  4.08e+02 -1.00e+05
2015 09 23  0900   57288  32400   9.84e+00  2.15e-01  9.19e-02  4.67e-02  3.78e-02  1.91e-02  1.90e+04  3.12e+02 -1.00e+05
2015 09 23  0905   57288  32700   5.10e+00  1.26e-01  9.47e-02  5.17e-02  3.89e-02  1.91e-02  2.27e+04  3.74e+02 -1.00e+05
2015 09 23  0910   57288  33000   5.29e+00  2.28e-01  1.97e-01  1.53e-01  1.26e-01  4.55e-02  2.40e+04  4.26e+02 -1.00e+05
2015 09 23  0915   57288  33300   4.18e+00  1.67e-01  1.36e-01  6.87e-02  5.99e-02  4.11e-02  2.43e+04  4.37e+02 -1.00e+05
2015 09 23  0920   57288  33600   4.68e+00  1.52e-01  1.22e-01  7.86e-02  6.98e-02  5.11e-02  2.29e+04  4.06e+02 -1.00e+05
2015 09 23  0925   57288  33900   5.70e+00  1.21e-01  8.96e-02  4.67e-02  3.78e-02  1.91e-02  2.46e+04  4.79e+02 -1.00e+05
2015 09 23  0930   57288  34200   6.83e+00  1.30e-01  9.93e-02  5.64e-02  4.75e-02  2.88e-02  2.52e+04  4.82e+02 -1.00e+05
2015 09 23  0935   57288  34500   7.60e+00  2.18e-01  1.40e-01  8.65e-02  4.36e-02  1.91e-02  2.18e+04  4.00e+02 -1.00e+05
2015 09 23  0940   57288  34800   5.71e+00  1.46e-01  1.15e-01  7.24e-02  6.35e-02  2.74e-02  1.82e+04  3.11e+02 -1.00e+05
2015 09 23  0945   57288  35100   7.27e+00  2.50e-01  1.23e-01  4.67e-02  3.78e-02  1.91e-02  1.81e+04  3.08e+02 -1.00e+05
2015 09 23  0950   57288  35400   4.67e+00  1.84e-01  1.53e-01  8.61e-02  7.72e-02  5.85e-02  1.67e+04  2.60e+02 -1.00e+05
2015 09 23  0955   57288  35700   3.94e+00  1.36e-01  1.06e-01  4.67e-02  3.78e-02  1.91e-02  1.66e+04  2.88e+02 -1.00e+05
2015 09 23  1000   57288  36000   5.46e+00  2.59e-01  1.32e-01  7.13e-02  4.33e-02  1.91e-02  1.48e+04  2.28e+02 -1.00e+05
2015 09 23  1005   57288  36300   5.43e+00  2.68e-01  9.65e-02  5.14e-02  4.25e-02  2.38e-02  1.34e+04  2.15e+02 -1.00e+05
2015 09 23  1010   57288  36600   2.75e+00  1.92e-01  1.14e-01  4.67e-02  3.78e-02  1.91e-02  1.17e+04  1.67e+02 -1.00e+05
2015 09 23  1015   57288  36900   2.39e+00  1.21e-01  8.96e-02  4.67e-02  3.78e-02  1.91e-02  1.03e+04  1.35e+02 -1.00e+05
2015 09 23  1020   57288  37200   2.35e+00  1.40e-01  1.09e-01  6.62e-02  5.73e-02  2.54e-02  9.44e+03  1.08e+02 -1.00e+05
2015 09 23  1025   57288  37500   2.85e+00  1.26e-01  9.47e-02  5.17e-02  3.89e-02  1.91e-02  9.87e+03  1.41e+02 -1.00e+05
2015 09 23  1030   57288  37800   3.67e+00  2.70e-01  1.92e-01  4.67e-02  3.78e-02  1.91e-02  1.11e+04  1.49e+02 -1.00e+05
2015 09 23  1035   57288  38100   2.65e+00  1.40e-01  1.09e-01  6.54e-02  4.25e-02  1.93e-02  1.11e+04  1.46e+02 -1.00e+05
2015 09 23  1040   57288  38400   4.89e+00  2.61e-01  1.38e-01  9.10e-02  4.78e-02  1.91e-02  9.56e+03  1.19e+02 -1.00e+05
2015 09 23  1045   57288  38700   3.38e+00  2.26e-01  1.95e-01  6.13e-02  5.24e-02  3.37e-02  8.20e+03  9.27e+01 -1.00e+05
2015 09 23  1050   57288  39000   2.79e+00  1.89e-01  1.27e-01  7.77e-02  5.99e-02  2.54e-02  7.20e+03  6.96e+01 -1.00e+05
2015 09 23  1055   57288  39300   2.11e+00  1.39e-01  1.08e-01  6.48e-02  4.19e-02  1.91e-02  6.60e+03  7.98e+01 -1.00e+05
2015 09 23  1100   57288  39600   2.16e+00  1.53e-01  1.22e-01  7.79e-02  4.48e-02  1.91e-02  7.55e+03  1.34e+02 -1.00e+05
2015 09 23  1105   57288  39900   2.64e+00  1.76e-01  9.81e-02  4.67e-02  3.78e-02  1.91e-02  7.57e+03  1.26e+02 -1.00e+05
2015 09 23  1110   57288  40200   4.23e+00  2.78e-01  1.55e-01  1.10e-01  1.01e-01  3.94e-02  7.00e+03  1.10e+02 -1.00e+05
2015 09 23  1115   57288  40500   1.92e+00  1.33e-01  1.02e-01  5.88e-02  4.99e-02  3.12e-02  7.52e+03  1.87e+02 -1.00e+05
2015 09 23  1120   57288  40800   2.46e+00  1.81e-01  1.03e-01  5.17e-02  3.89e-02  1.91e-02  7.36e+03  1.69e+02 -1.00e+05
2015 09 23  1125   57288  41100   1.72e+00  1.66e-01  1.35e-01  4.67e-02  3.78e-02  1.91e-02  7.71e+03  1.83e+02 -1.00e+05
2015 09 23  1130   57288  41400   1.53e+00  1.68e-01  1.37e-01  9.40e-02  8.51e-02  4.42e-02  9.17e+03  1.91e+02 -1.00e+05
2015 09 23  1135   57288  41700   1.50e+00  2.49e-01  1.24e-01  6.38e-02  5.49e-02  3.62e-02  7.33e+03  1.44e+02 -1.00e+05
2015 09 23  1140   57288  42000   1.10e+00  1.28e-01  9.68e-02  5.39e-02  4.50e-02  2.63e-02  5.42e+03  7.05e+01 -1.00e+05
2015 09 23  1145   57288  42300   1.35e+00  1.60e-01  1.29e-01  8.57e-02  6.30e-02  4.02e-02  5.30e+03  5.74e+01 -1.00e+05
2015 09 23  1150   57288  42600   1.14e+00  1.46e-01  1.15e-01  7.13e-02  4.33e-02  1.91e-02  4.35e+03  5.39e+01 -1.00e+05
2015 09 23  1155   57288  42900   1.51e+00  2.24e-01  1.93e-01  5.88e-02  4.99e-02  3.12e-02  4.67e+03  5.41e+01 -1.00e+05
2015 09 23  1200   57288  43200   1.40e+00  1.21e-01  8.96e-02  4.67e-02  3.78e-02  1.91e-02  4.31e+03  6.37e+01 -1.00e+05
2015 09 23  1205   57288  43500   1.02e+00  1.36e-01  1.06e-01  4.67e-02  3.78e-02  1.91e-02  3.64e+03  7.23e+01 -1.00e+05
2015 09 23  1210   57288  43800   1.99e+00  2.03e-01  1.40e-01  9.08e-02  6.28e-02  2.54e-02  3.03e+03  5.50e+01 -1.00e+05
2015 09 23  1215   57288  44100   2.62e+00  2.41e-01  1.19e-01  7.37e-02  6.48e-02  4.61e-02  3.06e+03  5.73e+01 -1.00e+05
2015 09 23  1220   57288  44400   1.46e+00  1.21e-01  8.96e-02  4.67e-02  3.78e-02  1.91e-02  3.63e+03  5.32e+01 -1.00e+05
2015 09 23  1225   57288  44700   1.26e+00  1.21e-01  8.96e-02  4.67e-02  3.78e-02  1.91e-02  2.93e+03  4.84e+01 -1.00e+05
2015 09 23  1230   57288  45000   1.56e+00  2.06e-01  1.63e-01  9.62e-02  8.35e-02  3.34e-02  3.10e+03  4.39e+01 -1.00e+05
2015 09 23  1235   57288  45300   2.33e+00  2.70e-01  1.56e-01  9.69e-02  6.49e-02  2.88e-02  5.32e+03  6.54e+01 -1.00e+05
2015 09 23  1240   57288  45600   1.76e+00  1.38e-01  1.07e-01  6.38e-02  5.49e-02  3.62e-02  4.18e+03  6.20e+01 -1.00e+05
2015 09 23  1245   57288  45900   1.70e+00  1.28e-01  9.68e-02  5.39e-02  4.50e-02  2.63e-02  4.99e+03  6.33e+01 -1.00e+05
2015 09 23  1250   57288  46200   1.67e+00  3.01e-01  2.70e-01  6.48e-02  4.19e-02  1.91e-02  4.15e+03  5.69e+01 -1.00e+05
2015 09 23  1255   57288  46500   1.61e+00  1.47e-01  1.16e-01  7.27e-02  6.38e-02  4.51e-02  4.16e+03  4.98e+01 -1.00e+05
2015 09 23  1300   57288  46800   2.24e+00  2.15e-01  9.19e-02  4.67e-02  3.78e-02  1.91e-02  4.33e+03  5.53e+01 -1.00e+05
2015 09 23  1305   57288  47100   1.63e+00  2.53e-01  2.22e-01  8.44e-02  4.63e-02  1.91e-02  4.28e+03  4.88e+01 -1.00e+05
2015 09 23  1310   57288  47400   1.42e+00  2.14e-01  1.84e-01  4.67e-02  3.78e-02  1.91e-02  4.51e+03  5.17e+01 -1.00e+05
2015 09 23  1315   57288  47700   1.29e+00  1.76e-01  9.81e-02  4.67e-02  3.78e-02  1.91e-02  4.96e+03  5.54e+01 -1.00e+05
2015 09 23  1320   57288  48000   1.74e+00  1.76e-01  9.81e-02  4.67e-02  3.78e-02  1.91e-02  5.10e+03  6.06e+01 -1.00e+05
2015 09 23  1325   57288  48300   1.29e+00  1.34e-01  1.03e-01  5.99e-02  5.10e-02  2.33e-02  5.08e+03  6.26e+01 -1.00e+05
2015 09 23  1330   57288  48600   1.18e+00  2.47e-01  2.16e-01  7.79e-02  4.48e-02  1.91e-02  5.50e+03  6.44e+01 -1.00e+05
2015 09 23  1335   57288  48900   1.32e+00  1.56e-01  1.25e-01  4.67e-02  3.78e-02  1.91e-02  5.77e+03  7.38e+01 -1.00e+05
2015 09 23  1340   57288  49200   1.43e+00  1.52e-01  1.21e-01  6.63e-02  5.74e-02  3.87e-02  5.66e+03  7.90e+01 -1.00e+05
2015 09 23  1345   57288  49500   1.82e+00  1.85e-01  1.28e-01  8.01e-02  7.12e-02  3.47e-02  5.99e+03  8.54e+01 -1.00e+05
2015 09 23  1350   57288  49800   1.76e+00  1.81e-01  1.50e-01  6.62e-02  5.73e-02  2.54e-02  6.27e+03  9.12e+01 -1.00e+05
2015 09 23  1355   57288  50100   1.96e+00  1.98e-01  1.67e-01  7.24e-02  6.35e-02  2.74e-02  5.75e+03  9.11e+01 -1.00e+05
2015 09 23  1400   57288  50400   2.61e+00  1.76e-01  9.87e-02  4.74e-02  3.85e-02  1.93e-02  6.19e+03  9.79e+01 -1.00e+05
2015 09 23  1405   57288  50700   2.06e+00  1.71e-01  1.40e-01  9.75e-02  8.86e-02  3.54e-02  6.48e+03  1.20e+02 -1.00e+05
2015 09 23  1410   57288  51000   2.25e+00  1.50e-01  1.19e-01  7.62e-02  6.73e-02  4.86e-02  6.72e+03  1.31e+02 -1.00e+05
2015 09 23  1415   57288  51300   2.08e+00  1.34e-01  1.03e-01  5.99e-02  5.10e-02  2.33e-02  5.14e+03  1.06e+02 -1.00e+05
2015 09 23  1420   57288  51600   2.12e+00  1.71e-01  1.40e-01  9.65e-02  7.87e-02  3.14e-02  4.82e+03  9.13e+01 -1.00e+05
2015 09 23  1425   57288  51900   2.67e+00  2.36e-01  1.40e-01  8.50e-02  7.61e-02  3.14e-02  4.35e+03  7.73e+01 -1.00e+05
2015 09 23  1430   57288  52200   2.37e+00  1.21e-01  8.96e-02  4.67e-02  3.78e-02  1.91e-02  4.81e+03  1.03e+02 -1.00e+05
2015 09 23  1435   57288  52500   2.23e+00  1.28e-01  9.68e-02  5.39e-02  4.50e-02  2.63e-02  5.20e+03  1.09e+02 -1.00e+05
2015 09 23  1440   57288  52800   3.48e+00  2.56e-01  1.80e-01  1.21e-01  8.70e-02  6.10e-02  5.83e+03  1.62e+02 -1.00e+05
2015 09 23  1445   57288  53100   2.27e+00  1.84e-01  1.53e-01  1.10e-01  1.01e-01  3.94e-02  9.89e+03  2.18e+02 -1.00e+05
2015 09 23  1450   57288  53400   2.13e+00  1.59e-01  1.28e-01  8.50e-02  7.61e-02  3.14e-02  4.97e+03  1.50e+02 -1.00e+05
2015 09 23  1455   57288  53700   2.84e+00  3.45e-01  3.14e-01  1.59e-01  9.42e-02  3.14e-02  6.63e+03  1.64e+02 -1.00e+05
2015 09 23  1500   57288  54000   2.56e+00  1.51e-01  1.20e-01  7.74e-02  6.85e-02  4.06e-02  6.92e+03  1.82e+02 -1.00e+05
2015 09 23  1505   57288  54300   2.76e+00  1.28e-01  9.68e-02  5.39e-02  4.50e-02  2.63e-02  6.56e+03  1.89e+02 -1.00e+05
2015 09 23  1510   57288  54600   4.12e+00  2.65e-01  1.90e-01  1.30e-01  8.54e-02  6.10e-02  1.24e+04  3.38e+02 -1.00e+05
2015 09 23  1515   57288  54900   2.94e+00  1.40e-01  1.10e-01  6.66e-02  5.77e-02  2.70e-02  1.52e+04  3.82e+02 -1.00e+05
2015 09 23  1520   57288  55200   2.56e+00  1.46e-01  1.15e-01  4.67e-02  3.78e-02  1.91e-02  1.43e+04  3.73e+02 -1.00e+05
2015 09 23  1525   57288  55500   2.52e+00  1.36e-01  1.06e-01  4.67e-02  3.78e-02  1.91e-02  1.32e+04  3.39e+02 -1.00e+05
2015 09 23  1530   57288  55800   1.75e+00  1.21e-01  8.96e-02  4.67e-02  3.78e-02  1.91e-02  1.06e+04  2.89e+02 -1.00e+05
2015 09 23  1535   57288  56100   2.60e+00  1.60e-01  1.29e-01  8.61e-02  7.72e-02  5.85e-02  9.60e+03  2.73e+02 -1.00e+05
2015 09 23  1540   57288  56400   1.96e+00  1.21e-01  8.96e-02  4.67e-02  3.78e-02  1.91e-02  1.01e+04  3.00e+02 -1.00e+05
2015 09 23  1545   57288  56700   2.73e+00  1.39e-01  1.08e-01  6.48e-02  4.19e-02  1.91e-02  1.12e+04  3.19e+02 -1.00e+05
2015 09 23  1550   57288  57000   4.24e+00  1.76e-01  9.81e-02  4.67e-02  3.78e-02  1.91e-02  1.16e+04  3.45e+02 -1.00e+05
2015 09 23  1555   57288  57300   2.68e+00  1.78e-01  1.47e-01  1.04e-01  9.49e-02  3.74e-02  1.15e+04  3.45e+02 -1.00e+05
2015 09 23  1600   57288  57600   3.14e+00  1.21e-01  8.96e-02  4.67e-02  3.78e-02  1.91e-02  1.08e+04  3.25e+02 -1.00e+05
2015 09 23  1605   57288  57900   3.73e+00  2.14e-01  1.84e-01  4.67e-02  3.78e-02  1.91e-02  8.68e+03  2.72e+02 -1.00e+05
2015 09 23  1610   57288  58200   5.71e+00  2.01e-01  1.23e-01  4.67e-02  3.78e-02  1.91e-02  8.80e+03  2.68e+02 -1.00e+05
2015 09 23  1615   57288  58500   9.50e+00  3.85e-01  1.50e-01  8.44e-02  4.63e-02  1.91e-02  9.94e+03  3.22e+02 -1.00e+05
2015 09 23  1620   57288  58800   5.11e+00  1.21e-01  8.96e-02  4.67e-02  3.78e-02  1.91e-02  1.32e+04  3.94e+02 -1.00e+05
2015 09 23  1625   57288  59100   6.61e+00  2.65e-01  2.34e-01  8.44e-02  4.63e-02  1.91e-02  1.35e+04  4.50e+02 -1.00e+05
2015 09 23  1630   57288  59400   7.47e+00  1.21e-01  8.96e-02  4.67e-02  3.78e-02  1.91e-02  1.65e+04  4.84e+02 -1.00e+05
2015 09 23  1635   57288  59700   8.66e+00  1.84e-01  1.53e-01  8.61e-02  7.72e-02  5.85e-02  1.70e+04  5.19e+02 -1.00e+05
2015 09 23  1640   57288  60000   9.46e+00  2.59e-01  2.28e-01  1.11e-01  6.13e-02  2.33e-02  2.02e+04  5.78e+02 -1.00e+05
2015 09 23  1645   57288  60300   8.87e+00  2.27e-01  1.96e-01  7.13e-02  4.33e-02  1.91e-02  2.23e+04  5.91e+02 -1.00e+05
2015 09 23  1650   57288  60600   8.84e+00  1.26e-01  9.47e-02  5.17e-02  3.89e-02  1.91e-02  2.44e+04  6.47e+02 -1.00e+05
2015 09 23  1655   57288  60900   8.84e+00  1.28e-01  9.68e-02  5.39e-02  4.50e-02  2.63e-02  2.44e+04  6.60e+02 -1.00e+05
2015 09 23  1700   57288  61200   9.96e+00  1.84e-01  1.53e-01  5.64e-02  4.75e-02  2.88e-02  2.84e+04  6.88e+02 -1.00e+05
2015 09 23  1705   57288  61500   9.41e+00  1.59e-01  1.29e-01  8.44e-02  4.63e-02  1.91e-02  3.03e+04  6.84e+02 -1.00e+05
2015 09 23  1710   57288  61800   1.62e+01  1.40e-01  1.09e-01  6.63e-02  5.74e-02  3.87e-02  3.07e+04  6.55e+02 -1.00e+05
2015 09 23  1715   57288  62100   2.73e+01  1.60e-01  1.29e-01  7.62e-02  6.73e-02  4.86e-02  3.30e+04  7.31e+02 -1.00e+05
2015 09 23  1720   57288  62400   3.47e+01  1.72e-01  1.41e-01  7.37e-02  6.48e-02  4.61e-02  3.45e+04  8.04e+02 -1.00e+05
2015 09 23  1725   57288  62700   3.17e+01  1.21e-01  8.96e-02  4.67e-02  3.78e-02  1.91e-02  3.67e+04  8.74e+02 -1.00e+05
2015 09 23  1730   57288  63000   2.24e+01  1.75e-01  1.44e-01  1.01e-01  9.19e-02  4.81e-02  3.86e+04  9.45e+02 -1.00e+05
2015 09 23  1735   57288  63300   2.40e+01  2.38e-01  1.61e-01  1.10e-01  1.01e-01  3.94e-02  3.96e+04  9.99e+02 -1.00e+05
2015 09 23  1740   57288  63600   1.91e+01  1.49e-01  1.18e-01  7.52e-02  6.63e-02  1.94e-02  4.16e+04  1.07e+03 -1.00e+05
2015 09 23  1745   57288  63900   1.85e+01  1.96e-01  1.66e-01  1.23e-01  1.14e-01  4.35e-02  4.16e+04  1.10e+03 -1.00e+05
2015 09 23  1750   57288  64200   1.97e+01  1.38e-01  1.07e-01  6.38e-02  5.49e-02  3.62e-02  4.22e+04  1.13e+03 -1.00e+05
2015 09 23  1755   57288  64500   2.09e+01  1.21e-01  8.96e-02  4.67e-02  3.78e-02  1.91e-02  4.40e+04  1.21e+03 -1.00e+05
2015 09 23  1800   57288  64800   2.54e+01  1.21e-01  8.96e-02  4.67e-02  3.78e-02  1.91e-02  4.40e+04  1.37e+03 -1.00e+05
2015 09 23  1805   57288  65100   2.69e+01  1.30e-01  9.93e-02  5.64e-02  4.75e-02  2.88e-02  4.47e+04  1.53e+03 -1.00e+05
2015 09 23  1810   57288  65400   2.54e+01  1.66e-01  1.35e-01  9.11e-02  5.80e-02  2.33e-02  4.34e+04  1.43e+03 -1.00e+05
2015 09 23  1815   57288  65700   3.87e+01  1.99e-01  1.22e-01  5.51e-02  4.33e-02  2.38e-02  4.70e+04  1.67e+03 -1.00e+05
2015 09 23  1820   57288  66000   2.87e+01  1.33e-01  1.02e-01  5.88e-02  4.99e-02  3.12e-02  4.55e+04  1.60e+03 -1.00e+05
2015 09 23  1825   57288  66300   4.20e+01  2.38e-01  1.12e-01  5.14e-02  4.25e-02  2.38e-02  4.38e+04  1.53e+03 -1.00e+05
2015 09 23  1830   57288  66600   2.80e+01  1.58e-01  1.27e-01  7.37e-02  6.48e-02  4.61e-02  4.29e+04  1.51e+03 -1.00e+05
2015 09 23  1835   57288  66900   2.99e+01  1.21e-01  8.96e-02  4.67e-02  3.78e-02  1.91e-02  4.33e+04  1.50e+03 -1.00e+05
2015 09 23  1840   57288  67200   3.00e+01  1.85e-01  1.54e-01  1.11e-01  1.02e-01  6.66e-02  4.32e+04  1.49e+03 -1.00e+05
2015 09 23  1845   57288  67500   2.76e+01  1.36e-01  1.06e-01  4.67e-02  3.78e-02  1.91e-02  4.17e+04  1.41e+03 -1.00e+05
2015 09 23  1850   57288  67800   2.90e+01  1.52e-01  1.21e-01  7.77e-02  6.57e-02  4.61e-02  4.15e+04  1.42e+03 -1.00e+05
2015 09 23  1855   57288  68100   4.45e+01  2.39e-01  1.12e-01  5.17e-02  3.89e-02  1.91e-02  4.23e+04  1.47e+03 -1.00e+05
2015 09 23  1900   57288  68400   2.92e+01  1.52e-01  1.21e-01  7.80e-02  5.51e-02  2.33e-02  4.08e+04  1.40e+03 -1.00e+05
2015 09 23  1905   57288  68700   2.83e+01  1.96e-01  1.66e-01  1.23e-01  1.14e-01  4.35e-02  4.24e+04  1.47e+03 -1.00e+05
2015 09 23  1910   57288  69000   2.86e+01  1.21e-01  8.96e-02  4.67e-02  3.78e-02  1.91e-02  4.11e+04  1.42e+03 -1.00e+05
2015 09 23  1915   57288  69300   3.05e+01  1.21e-01  8.96e-02  4.67e-02  3.78e-02  1.91e-02  4.07e+04  1.43e+03 -1.00e+05
2015 09 23  1920   57288  69600   3.09e+01  1.55e-01  1.24e-01  6.48e-02  4.19e-02  1.91e-02  4.06e+04  1.40e+03 -1.00e+05
2015 09 23  1925   57288  69900   5.74e+01  5.72e-01  2.34e-01  6.62e-02  5.73e-02  2.54e-02  3.96e+04  1.39e+03 -1.00e+05
2015 09 23  1930   57288  70200   5.24e+01  2.40e-01  9.18e-02  4.67e-02  3.78e-02  1.91e-02  3.96e+04  1.39e+03 -1.00e+05
2015 09 23  1935   57288  70500   5.18e+01  4.08e-01  2.06e-01  4.67e-02  3.78e-02  1.91e-02  3.94e+04  1.35e+03 -1.00e+05
2015 09 23  1940   57288  70800   2.80e+01  2.61e-01  2.30e-01  1.86e-01  1.42e-01  4.95e-02  3.85e+04  1.32e+03 -1.00e+05
2015 09 23  1945   57288  71100   2.72e+01  1.43e-01  1.12e-01  6.94e-02  6.05e-02  3.80e-02  3.90e+04  1.35e+03 -1.00e+05
2015 09 23  1950   57288  71400   2.81e+01  1.21e-01  8.96e-02  4.67e-02  3.78e-02  1.91e-02  3.94e+04  1.37e+03 -1.00e+05
2015 09 23  1955   57288  71700   2.83e+01  1.26e-01  9.47e-02  5.17e-02  3.89e-02  1.91e-02  3.88e+04  1.37e+03 -1.00e+05
2015 09 23  2000   57288  72000   2.87e+01  1.66e-01  1.35e-01  9.14e-02  5.54e-02  2.88e-02  3.85e+04  1.33e+03 -1.00e+05
2015 09 23  2005   57288  72300   2.71e+01  2.00e-01  1.69e-01  1.26e-01  1.12e-01  5.41e-02  3.77e+04  1.32e+03 -1.00e+05
2015 09 23  2010   57288  72600   3.45e+01  1.76e-01  9.81e-02  4.67e-02  3.78e-02  1.91e-02  3.75e+04  1.28e+03 -1.00e+05
2015 09 23  2015   57288  72900   2.63e+01  2.07e-01  1.76e-01  7.11e-02  5.84e-02  2.54e-02  3.74e+04  1.27e+03 -1.00e+05
2015 09 23  2020   57288  73200   2.67e+01  1.53e-01  1.22e-01  7.87e-02  6.98e-02  2.94e-02  3.76e+04  1.22e+03 -1.00e+05
2015 09 23  2025   57288  73500   2.50e+01  1.40e-01  1.09e-01  6.62e-02  5.73e-02  2.54e-02  3.73e+04  1.26e+03 -1.00e+05
2015 09 23  2030   57288  73800   2.58e+01  1.69e-01  1.38e-01  5.86e-02  4.59e-02  2.13e-02  3.58e+04  1.22e+03 -1.00e+05
2015 09 23  2035   57288  74100   2.70e+01  2.84e-01  2.53e-01  7.95e-02  4.35e-02  1.91e-02  3.70e+04  1.25e+03 -1.00e+05
2015 09 23  2040   57288  74400   1.35e+01  2.14e-01  1.84e-01  4.67e-02  3.78e-02  1.91e-02  2.99e+04  8.45e+02 -1.00e+05
2015 09 23  2045   57288  74700   4.76e+00  1.96e-01  1.66e-01  1.23e-01  1.14e-01  4.35e-02  2.25e+04  4.62e+02 -1.00e+05
2015 09 23  2050   57288  75000  -1.00e+05 -1.00e+05 -1.00e+05 -1.00e+05 -1.00e+05 -1.00e+05 -1.00e+05 -1.00e+05 -1.00e+05
2015 09 23  2055   57288  75300   9.06e+00  2.50e-01  1.23e-01  4.67e-02  3.78e-02  1.91e-02  2.51e+04  5.97e+02 -1.00e+05
2015 09 23  2100   57288  75600   1.77e+01  1.32e-01  1.06e-01  6.40e-02  4.46e-02  2.35e-02  3.03e+04  8.34e+02 -1.00e+05
2015 09 23  2105   57288  75900   2.26e+01  1.48e-01  1.22e-01  5.13e-02  4.18e-02  2.35e-02  3.10e+04  8.81e+02 -1.00e+05
2015 09 23  2110   57288  76200   2.73e+01  1.61e-01  1.26e-01  8.24e-02  5.46e-02  3.09e-02  3.21e+04  9.07e+02 -1.00e+05
2015 09 23  2115   57288  76500   2.30e+01  1.30e-01  1.04e-01  6.29e-02  5.33e-02  2.45e-02  3.21e+04  9.44e+02 -1.00e+05
2015 09 23  2120   57288  76800   2.85e+01  2.09e-01  1.24e-01  4.72e-02  3.77e-02  1.94e-02  3.02e+04  8.31e+02 -1.00e+05
2015 09 23  2125   57288  77100   2.21e+01  1.14e-01  8.84e-02  4.72e-02  3.77e-02  1.94e-02  3.15e+04  8.75e+02 -1.00e+05
2015 09 23  2130   57288  77400   1.60e+01  1.14e-01  8.84e-02  4.72e-02  3.77e-02  1.94e-02  2.85e+04  7.53e+02 -1.00e+05
2015 09 23  2135   57288  77700   2.58e+01  1.91e-01  1.06e-01  5.45e-02  3.94e-02  1.94e-02  2.95e+04  7.38e+02 -1.00e+05
2015 09 23  2140   57288  78000   1.75e+01  1.40e-01  1.14e-01  4.72e-02  3.77e-02  1.94e-02  2.86e+04  7.43e+02 -1.00e+05
2015 09 23  2145   57288  78300   2.85e+01  1.84e-01  9.90e-02  4.72e-02  3.77e-02  1.94e-02  2.91e+04  7.65e+02 -1.00e+05
2015 09 23  2150   57288  78600   1.70e+01  2.18e-01  1.92e-01  4.72e-02  3.77e-02  1.94e-02  2.89e+04  7.52e+02 -1.00e+05
2015 09 23  2155   57288  78900   2.98e+01  2.67e-01  1.31e-01  6.65e-02  5.70e-02  3.87e-02  2.86e+04  7.39e+02 -1.00e+05
2015 09 23  2200   57288  79200   2.29e+01  2.22e-01  1.38e-01  8.60e-02  5.92e-02  3.59e-02  2.86e+04  7.12e+02 -1.00e+05
2015 09 23  2205   57288  79500   1.64e+01  2.00e-01  1.74e-01  1.33e-01  1.18e-01  4.46e-02  2.78e+04  6.95e+02 -1.00e+05
2015 09 23  2210   57288  79800   1.49e+01  2.44e-01  2.18e-01  7.59e-02  5.31e-02  3.09e-02  2.70e+04  6.68e+02 -1.00e+05
2015 09 23  2215   57288  80100   1.48e+01  1.14e-01  8.84e-02  4.72e-02  3.77e-02  1.94e-02  2.66e+04  6.41e+02 -1.00e+05
2015 09 23  2220   57288  80400   1.38e+01  1.14e-01  8.84e-02  4.72e-02  3.77e-02  1.94e-02  2.61e+04  6.23e+02 -1.00e+05
2015 09 23  2225   57288  80700   1.33e+01  1.94e-01  1.68e-01  1.27e-01  1.18e-01  5.13e-02  2.57e+04  6.12e+02 -1.00e+05
2015 09 23  2230   57288  81000   1.19e+01  1.49e-01  1.23e-01  8.07e-02  4.53e-02  1.94e-02  2.51e+04  5.67e+02 -1.00e+05
2015 09 23  2235   57288  81300   1.25e+01  1.71e-01  1.45e-01  1.03e-01  6.23e-02  2.45e-02  2.46e+04  5.56e+02 -1.00e+05
2015 09 23  2240   57288  81600   1.19e+01  1.61e-01  1.29e-01  5.78e-02  4.83e-02  2.73e-02  2.45e+04  5.47e+02 -1.00e+05
2015 09 23  2245   57288  81900   1.57e+01  1.87e-01  1.03e-01  5.13e-02  4.18e-02  2.35e-02  2.36e+04  5.30e+02 -1.00e+05
2015 09 23  2250   57288  82200   1.04e+01  1.93e-01  1.67e-01  1.26e-01  1.16e-01  4.46e-02  2.33e+04  5.11e+02 -1.00e+05
2015 09 23  2255   57288  82500   1.13e+01  1.37e-01  1.08e-01  5.66e-02  4.71e-02  2.25e-02  2.33e+04  5.01e+02 -1.00e+05
2015 09 23  2300   57288  82800   1.09e+01  1.28e-01  1.02e-01  6.12e-02  5.17e-02  3.34e-02  2.33e+04  5.16e+02 -1.00e+05
2015 09 23  2305   57288  83100   1.26e+01  1.26e-01  9.02e-02  4.72e-02  3.77e-02  1.94e-02  2.34e+04  5.03e+02 -1.00e+05
2015 09 23  2310   57288  83400   1.19e+01  1.21e-01  9.50e-02  5.38e-02  4.43e-02  2.60e-02  2.33e+04  5.16e+02 -1.00e+05
2015 09 23  2315   57288  83700   1.17e+01  2.05e-01  1.79e-01  1.38e-01  1.29e-01  4.86e-02  2.35e+04  4.83e+02 -1.00e+05
2015 09 23  2320   57288  84000   1.72e+01  3.50e-01  1.85e-01  5.63e-02  4.67e-02  2.85e-02  2.33e+04  5.07e+02 -1.00e+05
2015 09 23  2325   57288  84300   1.41e+01  1.86e-01  1.28e-01  8.17e-02  7.21e-02  3.05e-02  2.33e+04  4.85e+02 -1.00e+05
2015 09 23  2330   57288  84600   1.65e+01  2.13e-01  1.14e-01  6.99e-02  5.94e-02  4.09e-02  2.30e+04  4.83e+02 -1.00e+05
2015 09 23  2335   57288  84900   1.09e+01  1.54e-01  1.21e-01  7.72e-02  4.69e-02  2.04e-02  2.25e+04  4.49e+02 -1.00e+05
2015 09 23  2340   57288  85200   1.01e+01  1.59e-01  1.25e-01  8.19e-02  6.79e-02  4.83e-02  2.20e+04  4.58e+02 -1.00e+05
2015 09 23  2345   57288  85500   9.50e+00  1.16e-01  9.00e-02  4.88e-02  3.93e-02  2.10e-02  2.21e+04  4.44e+02 -1.00e+05
2015 09 23  2350   57288  85800   9.33e+00  1.68e-01  1.42e-01  1.01e-01  9.17e-02  3.96e-02  2.18e+04  4.31e+02 -1.00e+05
2015 09 23  2355   57288  86100   1.52e+01  1.91e-01  9.15e-02  4.72e-02  3.77e-02  1.94e-02  2.21e+04  4.43e+02 -1.00e+05
