:Data_list: 20150729_Gs_part_5m.txt
:Created: 2015 Jul 30 0011 UTC
# Prepared by the U.S. Dept. of Commerce, NOAA, Space Weather Prediction Center
# Please send comments and suggestions to SWPC.Webmaster@noaa.gov 
# 
# Label: P > 1 = Particles at >1 Mev
# Label: P > 5 = Particles at >5 Mev
# Label: P >10 = Particles at >10 Mev
# Label: P >30 = Particles at >30 Mev
# Label: P >50 = Particles at >50 Mev
# Label: P>100 = Particles at >100 Mev
# Label: E>0.8 = Electrons at >0.8 Mev
# Label: E>2.0 = Electrons at >2.0 Mev
# Label: E>4.0 = Electrons at >4.0 Mev
# Units: Particles = Protons/cm2-s-sr
# Units: Electrons = Electrons/cm2-s-sr
# Source: GOES-15
# Location: W135
# Missing data: -1.00e+05
#
#                      5-minute  GOES-15 Solar Particle and Electron Flux
#
#                 Modified Seconds
# UTC Date  Time   Julian  of the
# YR MO DA  HHMM    Day     Day     P > 1     P > 5     P >10     P >30     P >50     P>100     E>0.8     E>2.0     E>4.0
#-------------------------------------------------------------------------------------------------------------------------
2015 07 29  0000   57232      0   1.64e+01  1.62e-01  1.34e-01  9.29e-02  5.92e-02  3.52e-02  4.54e+04  9.52e+02 -1.00e+05
2015 07 29  0005   57232    300   1.57e+01  1.13e-01  8.53e-02  4.50e-02  3.68e-02  1.86e-02  4.40e+04  9.27e+02 -1.00e+05
2015 07 29  0010   57232    600   1.54e+01  1.77e-01  1.50e-01  6.41e-02  5.59e-02  3.77e-02  4.40e+04  8.89e+02 -1.00e+05
2015 07 29  0015   57232    900   2.01e+01  1.66e-01  9.66e-02  4.85e-02  3.76e-02  1.86e-02  4.40e+04  8.81e+02 -1.00e+05
2015 07 29  0020   57232   1200   1.51e+01  2.12e-01  1.85e-01  1.45e-01  1.29e-01  6.08e-02  4.37e+04  8.46e+02 -1.00e+05
2015 07 29  0025   57232   1500   1.42e+01  1.16e-01  8.89e-02  4.85e-02  3.76e-02  1.86e-02  4.21e+04  8.30e+02 -1.00e+05
2015 07 29  0030   57232   1800   1.97e+01  2.21e-01  1.14e-01  5.95e-02  5.13e-02  2.32e-02  4.16e+04  8.15e+02 -1.00e+05
2015 07 29  0035   57232   2100   1.33e+01  1.51e-01  1.24e-01  4.68e-02  3.86e-02  2.04e-02  4.16e+04  7.77e+02 -1.00e+05
2015 07 29  0040   57232   2400   1.27e+01  1.29e-01  1.02e-01  6.16e-02  5.34e-02  3.52e-02  4.16e+04  7.68e+02 -1.00e+05
2015 07 29  0045   57232   2700   1.23e+01  1.13e-01  8.53e-02  4.50e-02  3.68e-02  1.86e-02  4.05e+04  7.39e+02 -1.00e+05
2015 07 29  0050   57232   3000   1.19e+01  1.13e-01  8.53e-02  4.50e-02  3.68e-02  1.86e-02  3.96e+04  7.16e+02 -1.00e+05
2015 07 29  0055   57232   3300   1.20e+01  1.57e-01  1.30e-01  8.90e-02  6.28e-02  2.53e-02  3.96e+04  7.00e+02 -1.00e+05
2015 07 29  0100   57232   3600   1.87e+01  2.24e-01  1.08e-01  6.50e-02  5.68e-02  3.86e-02  3.88e+04  6.63e+02 -1.00e+05
2015 07 29  0105   57232   3900   1.04e+01  4.37e-01  4.09e-01  1.52e-01  7.91e-02  2.73e-02  3.76e+04  6.37e+02 -1.00e+05
2015 07 29  0110   57232   4200   1.01e+01  1.13e-01  8.53e-02  4.50e-02  3.68e-02  1.86e-02  3.76e+04  6.21e+02 -1.00e+05
2015 07 29  0115   57232   4500   1.01e+01  1.30e-01  1.02e-01  6.16e-02  4.05e-02  1.86e-02  3.76e+04  6.17e+02 -1.00e+05
2015 07 29  0120   57232   4800   1.28e+01  1.63e-01  9.30e-02  4.50e-02  3.68e-02  1.86e-02  3.76e+04  6.28e+02 -1.00e+05
2015 07 29  0125   57232   5100   9.76e+00  1.13e-01  8.53e-02  4.50e-02  3.68e-02  1.86e-02  3.76e+04  6.03e+02 -1.00e+05
2015 07 29  0130   57232   5400   9.87e+00  1.68e-01  1.40e-01  7.15e-02  6.33e-02  4.51e-02  3.76e+04  5.90e+02 -1.00e+05
2015 07 29  0135   57232   5700   9.26e+00  1.37e-01  1.10e-01  6.93e-02  5.84e-02  2.53e-02  3.60e+04  5.67e+02 -1.00e+05
2015 07 29  0140   57232   6000   9.71e+00  1.78e-01  1.51e-01  7.60e-02  4.51e-02  2.04e-02  3.56e+04  5.78e+02 -1.00e+05
2015 07 29  0145   57232   6300   9.50e+00  1.30e-01  1.03e-01  6.27e-02  5.45e-02  3.56e-02  3.56e+04  5.40e+02 -1.00e+05
2015 07 29  0150   57232   6600   8.98e+00  1.62e-01  1.35e-01  8.14e-02  6.28e-02  3.39e-02  3.56e+04  5.29e+02 -1.00e+05
2015 07 29  0155   57232   6900   8.85e+00  1.13e-01  8.53e-02  4.50e-02  3.68e-02  1.86e-02  3.56e+04  5.21e+02 -1.00e+05
2015 07 29  0200   57232   7200   8.77e+00  1.68e-01  1.40e-01  7.15e-02  6.33e-02  4.51e-02  3.56e+04  5.16e+02 -1.00e+05
2015 07 29  0205   57232   7500   8.53e+00  1.27e-01  9.95e-02  5.92e-02  5.10e-02  3.27e-02  3.52e+04  4.92e+02 -1.00e+05
2015 07 29  0210   57232   7800   7.51e+00  1.39e-01  1.12e-01  4.50e-02  3.68e-02  1.86e-02  3.51e+04  4.82e+02 -1.00e+05
2015 07 29  0215   57232   8100   1.14e+01  2.54e-01  1.36e-01  4.50e-02  3.68e-02  1.86e-02  3.30e+04  4.52e+02 -1.00e+05
2015 07 29  0220   57232   8400   7.03e+00  2.56e-01  2.29e-01  1.23e-01  1.14e-01  4.47e-02  3.37e+04  4.56e+02 -1.00e+05
2015 07 29  0225   57232   8700   6.13e+00  1.15e-01  8.73e-02  4.70e-02  3.88e-02  1.92e-02  3.27e+04  4.45e+02 -1.00e+05
2015 07 29  0230   57232   9000   7.26e+00  2.07e-01  1.37e-01  5.50e-02  3.90e-02  1.86e-02  3.26e+04  4.21e+02 -1.00e+05
2015 07 29  0235   57232   9300   6.77e+00  2.76e-01  2.06e-01  4.68e-02  3.86e-02  2.04e-02  3.16e+04  4.12e+02 -1.00e+05
2015 07 29  0240   57232   9600   7.88e+00  2.82e-01  1.65e-01  6.71e-02  5.46e-02  3.52e-02  3.13e+04  3.92e+02 -1.00e+05
2015 07 29  0245   57232   9900   4.96e+00  1.47e-01  1.19e-01  4.50e-02  3.68e-02  1.86e-02  3.10e+04  3.81e+02 -1.00e+05
2015 07 29  0250   57232  10200   4.68e+00  1.36e-01  1.09e-01  6.81e-02  4.20e-02  1.86e-02  3.04e+04  3.71e+02 -1.00e+05
2015 07 29  0255   57232  10500   4.61e+00  1.13e-01  8.53e-02  4.50e-02  3.68e-02  1.86e-02  3.00e+04  3.65e+02 -1.00e+05
2015 07 29  0300   57232  10800   6.29e+00  2.20e-01  1.02e-01  4.50e-02  3.68e-02  1.86e-02  3.00e+04  3.55e+02 -1.00e+05
2015 07 29  0305   57232  11100   4.47e+00  1.50e-01  1.23e-01  8.27e-02  7.45e-02  5.63e-02  2.94e+04  3.33e+02 -1.00e+05
2015 07 29  0310   57232  11400   4.10e+00  1.13e-01  8.53e-02  4.50e-02  3.68e-02  1.86e-02  2.86e+04  3.22e+02 -1.00e+05
2015 07 29  0315   57232  11700   3.84e+00  1.39e-01  1.12e-01  4.50e-02  3.68e-02  1.86e-02  2.86e+04  3.20e+02 -1.00e+05
2015 07 29  0320   57232  12000   5.02e+00  2.25e-01  1.63e-01  1.16e-01  1.08e-01  4.14e-02  2.77e+04  3.04e+02 -1.00e+05
2015 07 29  0325   57232  12300   7.56e+00  4.93e-01  2.33e-01  7.84e-02  5.53e-02  3.27e-02  2.73e+04  3.05e+02 -1.00e+05
2015 07 29  0330   57232  12600   3.81e+00  1.24e-01  9.70e-02  5.67e-02  4.85e-02  3.03e-02  2.73e+04  2.98e+02 -1.00e+05
2015 07 29  0335   57232  12900   3.63e+00  1.13e-01  8.53e-02  4.50e-02  3.68e-02  1.86e-02  2.65e+04  2.76e+02 -1.00e+05
2015 07 29  0340   57232  13200   3.73e+00  2.49e-01  2.21e-01  6.81e-02  4.20e-02  1.86e-02  2.60e+04  2.76e+02 -1.00e+05
2015 07 29  0345   57232  13500   3.19e+00  1.13e-01  8.53e-02  4.50e-02  3.68e-02  1.86e-02  2.60e+04  2.74e+02 -1.00e+05
2015 07 29  0350   57232  13800   2.83e+00  1.77e-01  1.50e-01  1.10e-01  1.01e-01  3.94e-02  2.60e+04  2.68e+02 -1.00e+05
2015 07 29  0355   57232  14100   2.77e+00  1.36e-01  1.09e-01  6.81e-02  4.20e-02  1.86e-02  2.58e+04  2.51e+02 -1.00e+05
2015 07 29  0400   57232  14400   4.31e+00  2.57e-01  1.38e-01  4.50e-02  3.68e-02  1.86e-02  2.53e+04  2.47e+02 -1.00e+05
2015 07 29  0405   57232  14700   3.79e+00  2.52e-01  1.64e-01  1.12e-01  9.51e-02  4.95e-02  2.44e+04  2.26e+02 -1.00e+05
2015 07 29  0410   57232  15000   2.83e+00  2.25e-01  1.97e-01  4.50e-02  3.68e-02  1.86e-02  2.33e+04  2.19e+02 -1.00e+05
2015 07 29  0415   57232  15300   3.29e+00  1.99e-01  1.31e-01  8.39e-02  7.57e-02  5.75e-02  2.33e+04  2.11e+02 -1.00e+05
2015 07 29  0420   57232  15600   2.58e+00  1.13e-01  8.53e-02  4.50e-02  3.68e-02  1.86e-02  2.31e+04  1.97e+02 -1.00e+05
2015 07 29  0425   57232  15900   3.20e+00  2.14e-01  1.44e-01  4.85e-02  3.76e-02  1.86e-02  2.13e+04  1.71e+02 -1.00e+05
2015 07 29  0430   57232  16200   2.52e+00  2.25e-01  1.97e-01  4.50e-02  3.68e-02  1.86e-02  2.18e+04  1.65e+02 -1.00e+05
2015 07 29  0435   57232  16500   2.83e+00  1.96e-01  1.48e-01  1.04e-01  9.54e-02  6.05e-02  2.23e+04  1.70e+02 -1.00e+05
2015 07 29  0440   57232  16800   2.43e+00  1.38e-01  1.11e-01  6.99e-02  4.88e-02  2.12e-02  2.32e+04  1.73e+02 -1.00e+05
2015 07 29  0445   57232  17100   3.78e+00  2.54e-01  1.36e-01  4.50e-02  3.68e-02  1.86e-02  2.33e+04  1.81e+02 -1.00e+05
2015 07 29  0450   57232  17400   3.22e+00  2.75e-01  2.05e-01  6.16e-02  4.05e-02  1.86e-02  2.24e+04  1.73e+02 -1.00e+05
2015 07 29  0455   57232  17700   3.18e+00  1.63e-01  9.30e-02  4.50e-02  3.68e-02  1.86e-02  2.33e+04  1.81e+02 -1.00e+05
2015 07 29  0500   57232  18000   2.76e+00  1.44e-01  1.16e-01  7.62e-02  6.80e-02  4.33e-02  2.33e+04  1.79e+02 -1.00e+05
2015 07 29  0505   57232  18300   3.14e+00  1.30e-01  1.02e-01  6.17e-02  4.77e-02  2.78e-02  2.34e+04  1.77e+02 -1.00e+05
2015 07 29  0510   57232  18600   3.09e+00  1.54e-01  1.27e-01  8.64e-02  7.82e-02  6.00e-02  2.37e+04  1.85e+02 -1.00e+05
2015 07 29  0515   57232  18900   3.85e+00  1.63e-01  9.30e-02  4.50e-02  3.68e-02  1.86e-02  2.46e+04  1.93e+02 -1.00e+05
2015 07 29  0520   57232  19200   4.03e+00  2.20e-01  1.02e-01  4.50e-02  3.68e-02  1.86e-02  2.41e+04  1.89e+02 -1.00e+05
2015 07 29  0525   57232  19500   3.43e+00  1.71e-01  1.02e-01  5.42e-02  4.60e-02  2.78e-02  2.32e+04  1.91e+02 -1.00e+05
2015 07 29  0530   57232  19800   5.35e+00  2.95e-01  1.30e-01  8.73e-02  6.69e-02  4.51e-02  2.25e+04  1.75e+02 -1.00e+05
2015 07 29  0535   57232  20100   2.61e+00  1.34e-01  1.06e-01  6.62e-02  5.80e-02  2.66e-02  2.22e+04  1.76e+02 -1.00e+05
2015 07 29  0540   57232  20400   2.75e+00  1.49e-01  1.22e-01  4.50e-02  3.68e-02  1.86e-02  2.29e+04  1.83e+02 -1.00e+05
2015 07 29  0545   57232  20700   2.52e+00  1.13e-01  8.53e-02  4.50e-02  3.68e-02  1.86e-02  2.26e+04  1.80e+02 -1.00e+05
2015 07 29  0550   57232  21000   2.60e+00  1.98e-01  1.71e-01  1.05e-01  8.23e-02  6.00e-02  2.26e+04  1.69e+02 -1.00e+05
2015 07 29  0555   57232  21300   2.51e+00  2.03e-01  1.69e-01  9.09e-02  8.27e-02  3.33e-02  2.23e+04  1.74e+02 -1.00e+05
2015 07 29  0600   57232  21600   2.50e+00  1.50e-01  1.23e-01  8.12e-02  4.49e-02  1.86e-02  2.33e+04  1.81e+02 -1.00e+05
2015 07 29  0605   57232  21900   3.74e+00  2.06e-01  8.99e-02  4.70e-02  3.88e-02  1.92e-02  2.33e+04  1.90e+02 -1.00e+05
2015 07 29  0610   57232  22200   2.79e+00  1.64e-01  1.16e-01  7.21e-02  6.39e-02  2.73e-02  2.33e+04  1.97e+02 -1.00e+05
2015 07 29  0615   57232  22500   2.74e+00  1.27e-01  9.99e-02  5.95e-02  5.13e-02  2.32e-02  2.33e+04  1.96e+02 -1.00e+05
2015 07 29  0620   57232  22800   4.22e+00  2.38e-01  9.97e-02  5.68e-02  4.59e-02  2.12e-02  2.35e+04  1.99e+02 -1.00e+05
2015 07 29  0625   57232  23100   2.42e+00  2.12e-01  1.84e-01  6.16e-02  4.05e-02  1.86e-02  2.45e+04  2.15e+02 -1.00e+05
2015 07 29  0630   57232  23400   4.36e+00  2.53e-01  8.77e-02  4.50e-02  3.68e-02  1.86e-02  2.46e+04  2.15e+02 -1.00e+05
2015 07 29  0635   57232  23700   2.29e+00  1.21e-01  9.36e-02  5.33e-02  4.51e-02  2.12e-02  2.46e+04  2.27e+02 -1.00e+05
2015 07 29  0640   57232  24000   3.04e+00  1.63e-01  9.30e-02  4.50e-02  3.68e-02  1.86e-02  2.48e+04  2.36e+02 -1.00e+05
2015 07 29  0645   57232  24300   2.37e+00  1.13e-01  8.53e-02  4.50e-02  3.68e-02  1.86e-02  2.47e+04  2.36e+02 -1.00e+05
2015 07 29  0650   57232  24600   2.34e+00  1.60e-01  1.32e-01  9.09e-02  5.04e-02  2.28e-02  2.47e+04  2.48e+02 -1.00e+05
2015 07 29  0655   57232  24900   2.25e+00  1.29e-01  1.02e-01  6.16e-02  5.34e-02  3.52e-02  2.46e+04  2.34e+02 -1.00e+05
2015 07 29  0700   57232  25200   2.13e+00  1.13e-01  8.53e-02  4.50e-02  3.68e-02  1.86e-02  2.43e+04  2.24e+02 -1.00e+05
2015 07 29  0705   57232  25500   2.09e+00  1.13e-01  8.53e-02  4.50e-02  3.68e-02  1.86e-02  2.34e+04  2.19e+02 -1.00e+05
2015 07 29  0710   57232  25800   2.03e+00  1.36e-01  1.09e-01  6.81e-02  4.20e-02  1.86e-02  2.33e+04  2.28e+02 -1.00e+05
2015 07 29  0715   57232  26100   1.99e+00  1.23e-01  9.56e-02  5.50e-02  3.90e-02  1.86e-02  2.40e+04  2.29e+02 -1.00e+05
2015 07 29  0720   57232  26400   1.97e+00  1.23e-01  9.56e-02  5.50e-02  3.90e-02  1.86e-02  2.40e+04  2.34e+02 -1.00e+05
2015 07 29  0725   57232  26700   3.14e+00  2.54e-01  1.38e-01  8.14e-02  7.32e-02  5.50e-02  2.33e+04  2.20e+02 -1.00e+05
2015 07 29  0730   57232  27000   2.11e+00  1.88e-01  1.61e-01  5.99e-02  4.54e-02  2.53e-02  2.33e+04  2.15e+02 -1.00e+05
2015 07 29  0735   57232  27300   1.86e+00  1.79e-01  1.51e-01  7.57e-02  4.25e-02  1.86e-02  2.33e+04  2.21e+02 -1.00e+05
2015 07 29  0740   57232  27600   3.02e+00  2.38e-01  1.21e-01  6.41e-02  5.59e-02  3.77e-02  2.27e+04  2.16e+02 -1.00e+05
2015 07 29  0745   57232  27900   1.86e+00  1.33e-01  1.06e-01  6.58e-02  5.76e-02  2.53e-02  2.25e+04  2.12e+02 -1.00e+05
2015 07 29  0750   57232  28200   2.11e+00  1.42e-01  1.14e-01  7.36e-02  5.61e-02  3.52e-02  2.26e+04  2.03e+02 -1.00e+05
2015 07 29  0755   57232  28500   1.74e+00  1.22e-01  9.44e-02  5.41e-02  4.59e-02  2.44e-02  2.21e+04  2.11e+02 -1.00e+05
2015 07 29  0800   57232  28800   2.07e+00  1.43e-01  1.16e-01  7.57e-02  6.75e-02  4.92e-02  2.33e+04  2.26e+02 -1.00e+05
2015 07 29  0805   57232  29100   2.00e+00  1.52e-01  1.25e-01  5.16e-02  4.16e-02  2.28e-02  2.23e+04  2.13e+02 -1.00e+05
2015 07 29  0810   57232  29400   1.64e+00  1.16e-01  8.89e-02  4.85e-02  3.76e-02  1.86e-02  2.11e+04  1.98e+02 -1.00e+05
2015 07 29  0815   57232  29700   1.69e+00  1.63e-01  1.36e-01  9.41e-02  5.29e-02  2.80e-02  1.98e+04  1.73e+02 -1.00e+05
2015 07 29  0820   57232  30000   1.46e+00  2.25e-01  1.97e-01  4.50e-02  3.68e-02  1.86e-02  1.87e+04  1.61e+02 -1.00e+05
2015 07 29  0825   57232  30300   1.40e+00  1.13e-01  8.53e-02  4.50e-02  3.68e-02  1.86e-02  1.88e+04  1.65e+02 -1.00e+05
2015 07 29  0830   57232  30600   1.40e+00  1.39e-01  1.11e-01  7.10e-02  6.28e-02  1.88e-02  1.87e+04  1.50e+02 -1.00e+05
2015 07 29  0835   57232  30900   3.01e+00  2.54e-01  1.27e-01  8.46e-02  7.64e-02  3.13e-02  1.82e+04  1.61e+02 -1.00e+05
2015 07 29  0840   57232  31200   1.83e+00  2.55e-01  2.28e-01  7.47e-02  4.35e-02  1.86e-02  1.99e+04  1.75e+02 -1.00e+05
2015 07 29  0845   57232  31500   1.62e+00  1.29e-01  1.02e-01  6.16e-02  5.34e-02  3.52e-02  2.06e+04  1.91e+02 -1.00e+05
2015 07 29  0850   57232  31800   1.85e+00  1.34e-01  1.07e-01  6.66e-02  5.84e-02  4.02e-02  2.11e+04  1.95e+02 -1.00e+05
2015 07 29  0855   57232  32100   1.88e+00  2.25e-01  1.97e-01  4.50e-02  3.68e-02  1.86e-02  2.18e+04  2.02e+02 -1.00e+05
2015 07 29  0900   57232  32400   1.86e+00  1.58e-01  1.31e-01  9.09e-02  8.27e-02  3.33e-02  2.20e+04  1.99e+02 -1.00e+05
2015 07 29  0905   57232  32700   2.23e+00  2.67e-01  2.40e-01  8.58e-02  4.26e-02  1.86e-02  2.20e+04  2.10e+02 -1.00e+05
2015 07 29  0910   57232  33000   2.11e+00  1.52e-01  1.25e-01  8.46e-02  7.64e-02  3.13e-02  2.27e+04  2.24e+02 -1.00e+05
2015 07 29  0915   57232  33300   1.98e+00  1.68e-01  1.40e-01  1.00e-01  9.06e-02  4.03e-02  2.23e+04  2.14e+02 -1.00e+05
2015 07 29  0920   57232  33600   2.42e+00  1.96e-01  1.29e-01  8.14e-02  7.32e-02  5.50e-02  2.32e+04  2.29e+02 -1.00e+05
2015 07 29  0925   57232  33900   2.31e+00  2.29e-01  2.01e-01  1.59e-01  9.44e-02  4.18e-02  2.31e+04  2.16e+02 -1.00e+05
2015 07 29  0930   57232  34200   3.43e+00  3.18e-01  2.00e-01  5.81e-02  4.30e-02  2.28e-02  2.33e+04  2.22e+02 -1.00e+05
2015 07 29  0935   57232  34500   2.02e+00  1.21e-01  9.36e-02  5.33e-02  4.51e-02  2.12e-02  2.33e+04  2.20e+02 -1.00e+05
2015 07 29  0940   57232  34800   2.26e+00  1.27e-01  9.95e-02  5.92e-02  5.10e-02  3.27e-02  2.36e+04  2.27e+02 -1.00e+05
2015 07 29  0945   57232  35100   2.27e+00  1.44e-01  1.17e-01  7.66e-02  6.84e-02  5.02e-02  2.38e+04  2.37e+02 -1.00e+05
2015 07 29  0950   57232  35400   3.30e+00  2.44e-01  1.26e-01  6.81e-02  4.20e-02  1.86e-02  2.40e+04  2.40e+02 -1.00e+05
2015 07 29  0955   57232  35700   2.03e+00  1.39e-01  1.12e-01  7.15e-02  6.33e-02  4.51e-02  2.43e+04  2.35e+02 -1.00e+05
2015 07 29  1000   57232  36000   2.06e+00  1.48e-01  1.21e-01  7.92e-02  4.26e-02  1.86e-02  2.46e+04  2.36e+02 -1.00e+05
2015 07 29  1005   57232  36300   2.40e+00  1.63e-01  9.30e-02  4.50e-02  3.68e-02  1.86e-02  2.39e+04  2.29e+02 -1.00e+05
2015 07 29  1010   57232  36600   2.26e+00  2.28e-01  2.01e-01  4.85e-02  3.76e-02  1.86e-02  2.34e+04  2.33e+02 -1.00e+05
2015 07 29  1015   57232  36900   2.01e+00  1.79e-01  1.52e-01  1.10e-01  6.91e-02  4.51e-02  2.46e+04  2.28e+02 -1.00e+05
2015 07 29  1020   57232  37200   3.12e+00  3.66e-01  2.50e-01  8.33e-02  4.70e-02  1.92e-02  2.46e+04  2.38e+02 -1.00e+05
2015 07 29  1025   57232  37500   2.77e+00  1.98e-01  1.28e-01  7.96e-02  4.98e-02  2.53e-02  2.46e+04  2.42e+02 -1.00e+05
2015 07 29  1030   57232  37800   2.13e+00  1.39e-01  1.12e-01  4.50e-02  3.68e-02  1.86e-02  2.46e+04  2.58e+02 -1.00e+05
2015 07 29  1035   57232  38100   1.92e+00  1.15e-01  8.73e-02  4.70e-02  3.88e-02  1.92e-02  2.44e+04  2.51e+02 -1.00e+05
2015 07 29  1040   57232  38400   3.12e+00  2.40e-01  1.23e-01  6.66e-02  5.84e-02  4.02e-02  2.46e+04  2.44e+02 -1.00e+05
2015 07 29  1045   57232  38700   2.47e+00  2.29e-01  1.60e-01  8.19e-02  5.99e-02  3.77e-02  2.43e+04  2.27e+02 -1.00e+05
2015 07 29  1050   57232  39000   2.03e+00  2.35e-01  2.08e-01  5.50e-02  3.90e-02  1.86e-02  2.34e+04  2.32e+02 -1.00e+05
2015 07 29  1055   57232  39300   1.72e+00  1.87e-01  1.60e-01  1.20e-01  1.11e-01  5.55e-02  2.33e+04  2.29e+02 -1.00e+05
2015 07 29  1100   57232  39600   1.85e+00  2.72e-01  2.44e-01  1.04e-01  9.60e-02  4.05e-02  2.33e+04  2.19e+02 -1.00e+05
2015 07 29  1105   57232  39900   1.72e+00  1.16e-01  8.89e-02  4.85e-02  3.76e-02  1.86e-02  2.33e+04  2.31e+02 -1.00e+05
2015 07 29  1110   57232  40200   1.97e+00  1.97e-01  1.27e-01  4.50e-02  3.68e-02  1.86e-02  2.25e+04  2.12e+02 -1.00e+05
2015 07 29  1115   57232  40500   1.79e+00  1.64e-01  1.37e-01  9.57e-02  7.07e-02  4.76e-02  2.27e+04  2.14e+02 -1.00e+05
2015 07 29  1120   57232  40800   2.29e+00  1.97e-01  1.38e-01  9.15e-02  8.33e-02  5.83e-02  2.28e+04  2.27e+02 -1.00e+05
2015 07 29  1125   57232  41100   2.02e+00  1.97e-01  1.27e-01  4.50e-02  3.68e-02  1.86e-02  2.33e+04  2.38e+02 -1.00e+05
2015 07 29  1130   57232  41400   2.60e+00  1.94e-01  1.27e-01  7.90e-02  7.08e-02  5.26e-02  2.35e+04  2.34e+02 -1.00e+05
2015 07 29  1135   57232  41700   3.58e+00  3.28e-01  1.32e-01  4.92e-02  4.10e-02  2.28e-02  2.35e+04  2.51e+02 -1.00e+05
2015 07 29  1140   57232  42000   1.81e+00  2.13e-01  1.86e-01  1.24e-01  8.72e-02  6.31e-02  2.50e+04  2.57e+02 -1.00e+05
2015 07 29  1145   57232  42300   1.94e+00  1.13e-01  8.53e-02  4.50e-02  3.68e-02  1.86e-02  2.48e+04  2.49e+02 -1.00e+05
2015 07 29  1150   57232  42600   2.30e+00  1.60e-01  1.33e-01  9.22e-02  7.79e-02  5.26e-02  2.31e+04  2.44e+02 -1.00e+05
2015 07 29  1155   57232  42900   2.67e+00  1.52e-01  1.25e-01  6.92e-02  5.41e-02  2.64e-02  2.47e+04  2.43e+02 -1.00e+05
2015 07 29  1200   57232  43200   4.69e+00  2.30e-01  8.78e-02  4.50e-02  3.68e-02  1.86e-02  2.60e+04  2.56e+02 -1.00e+05
2015 07 29  1205   57232  43500   4.29e+00  2.84e-01  1.59e-01  1.01e-01  8.97e-02  3.53e-02  2.66e+04  2.58e+02 -1.00e+05
2015 07 29  1210   57232  43800   3.16e+00  1.13e-01  8.53e-02  4.50e-02  3.68e-02  1.86e-02  2.79e+04  2.62e+02 -1.00e+05
2015 07 29  1215   57232  44100   3.23e+00  1.49e-01  1.22e-01  4.50e-02  3.68e-02  1.86e-02  2.96e+04  2.92e+02 -1.00e+05
2015 07 29  1220   57232  44400   3.50e+00  1.43e-01  1.16e-01  7.54e-02  5.84e-02  3.77e-02  3.16e+04  3.07e+02 -1.00e+05
2015 07 29  1225   57232  44700   4.70e+00  2.48e-01  1.76e-01  1.27e-01  1.00e-01  3.73e-02  3.34e+04  3.16e+02 -1.00e+05
2015 07 29  1230   57232  45000   6.68e+00  4.48e-01  2.02e-01  5.33e-02  4.51e-02  2.12e-02  3.40e+04  3.48e+02 -1.00e+05
2015 07 29  1235   57232  45300   6.71e+00  3.47e-01  1.57e-01  1.14e-01  9.27e-02  3.53e-02  3.55e+04  3.44e+02 -1.00e+05
2015 07 29  1240   57232  45600   5.69e+00  2.76e-01  1.43e-01  6.86e-02  6.04e-02  4.22e-02  3.67e+04  3.69e+02 -1.00e+05
2015 07 29  1245   57232  45900   3.57e+00  2.02e-01  1.75e-01  1.35e-01  1.27e-01  4.74e-02  3.76e+04  3.76e+02 -1.00e+05
2015 07 29  1250   57232  46200   3.58e+00  1.47e-01  1.19e-01  7.90e-02  7.08e-02  5.26e-02  3.76e+04  3.87e+02 -1.00e+05
2015 07 29  1255   57232  46500   7.10e+00  5.41e-01  2.03e-01  4.68e-02  3.86e-02  2.04e-02  3.92e+04  4.19e+02 -1.00e+05
2015 07 29  1300   57232  46800   7.04e+00  4.86e-01  2.51e-01  7.30e-02  4.83e-02  2.53e-02  3.96e+04  4.30e+02 -1.00e+05
2015 07 29  1305   57232  47100   3.92e+00  2.62e-01  2.35e-01  8.07e-02  4.26e-02  1.86e-02  4.05e+04  4.57e+02 -1.00e+05
2015 07 29  1310   57232  47400   6.81e+00  2.68e-01  1.29e-01  4.50e-02  3.68e-02  1.86e-02  4.16e+04  4.77e+02 -1.00e+05
2015 07 29  1315   57232  47700   4.26e+00  1.52e-01  1.24e-01  8.39e-02  7.57e-02  5.75e-02  4.16e+04  4.87e+02 -1.00e+05
2015 07 29  1320   57232  48000   4.41e+00  1.89e-01  1.62e-01  1.21e-01  8.94e-02  3.33e-02  4.18e+04  5.13e+02 -1.00e+05
2015 07 29  1325   57232  48300   4.58e+00  1.13e-01  8.53e-02  4.50e-02  3.68e-02  1.86e-02  4.16e+04  4.98e+02 -1.00e+05
2015 07 29  1330   57232  48600   5.03e+00  1.50e-01  1.23e-01  8.12e-02  4.49e-02  1.86e-02  4.21e+04  5.04e+02 -1.00e+05
2015 07 29  1335   57232  48900   6.20e+00  2.22e-01  1.95e-01  1.53e-01  9.44e-02  3.13e-02  4.38e+04  5.21e+02 -1.00e+05
2015 07 29  1340   57232  49200   5.85e+00  2.34e-01  2.06e-01  1.24e-01  1.16e-01  7.20e-02  4.40e+04  5.43e+02 -1.00e+05
2015 07 29  1345   57232  49500   1.25e+01  5.18e-01  2.53e-01  8.08e-02  6.54e-02  4.51e-02  4.40e+04  5.41e+02 -1.00e+05
2015 07 29  1350   57232  49800   1.33e+01  4.20e-01  1.58e-01  8.39e-02  7.57e-02  5.75e-02  4.40e+04  5.50e+02 -1.00e+05
2015 07 29  1355   57232  50100   6.06e+00  1.60e-01  1.32e-01  6.16e-02  5.34e-02  3.52e-02  4.40e+04  5.49e+02 -1.00e+05
2015 07 29  1400   57232  50400   6.07e+00  1.52e-01  1.25e-01  5.17e-02  4.35e-02  2.53e-02  4.39e+04  5.58e+02 -1.00e+05
2015 07 29  1405   57232  50700   6.22e+00  1.63e-01  1.35e-01  6.91e-02  6.09e-02  4.26e-02  4.40e+04  5.48e+02 -1.00e+05
2015 07 29  1410   57232  51000   6.26e+00  2.01e-01  1.74e-01  1.06e-01  7.68e-02  5.26e-02  4.40e+04  5.83e+02 -1.00e+05
2015 07 29  1415   57232  51300   1.19e+01  2.30e-01  8.78e-02  4.50e-02  3.68e-02  1.86e-02  4.40e+04  5.68e+02 -1.00e+05
2015 07 29  1420   57232  51600   6.44e+00  1.53e-01  1.25e-01  8.34e-02  4.26e-02  1.86e-02  4.40e+04  5.61e+02 -1.00e+05
2015 07 29  1425   57232  51900   8.23e+00  1.66e-01  9.66e-02  4.85e-02  3.76e-02  1.86e-02  4.40e+04  5.83e+02 -1.00e+05
2015 07 29  1430   57232  52200   6.20e+00  1.39e-01  1.12e-01  4.50e-02  3.68e-02  1.86e-02  4.40e+04  5.80e+02 -1.00e+05
2015 07 29  1435   57232  52500   1.31e+01  2.75e-01  8.76e-02  4.50e-02  3.68e-02  1.86e-02  4.40e+04  5.80e+02 -1.00e+05
2015 07 29  1440   57232  52800   6.73e+00  1.97e-01  1.70e-01  9.80e-02  8.98e-02  3.85e-02  4.40e+04  5.92e+02 -1.00e+05
2015 07 29  1445   57232  53100   9.25e+00  1.71e-01  1.02e-01  5.42e-02  4.60e-02  2.78e-02  4.41e+04  6.08e+02 -1.00e+05
2015 07 29  1450   57232  53400   7.25e+00  1.44e-01  1.17e-01  7.66e-02  6.84e-02  5.02e-02  4.57e+04  6.26e+02 -1.00e+05
2015 07 29  1455   57232  53700   7.42e+00  2.28e-01  2.01e-01  4.85e-02  3.76e-02  1.86e-02  4.66e+04  6.57e+02 -1.00e+05
2015 07 29  1500   57232  54000   7.47e+00  1.70e-01  1.43e-01  1.03e-01  9.45e-02  5.68e-02  4.66e+04  6.71e+02 -1.00e+05
2015 07 29  1505   57232  54300   8.21e+00  1.71e-01  1.43e-01  6.81e-02  4.20e-02  1.86e-02  4.66e+04  6.94e+02 -1.00e+05
2015 07 29  1510   57232  54600   8.41e+00  1.47e-01  1.19e-01  4.50e-02  3.68e-02  1.86e-02  4.68e+04  7.01e+02 -1.00e+05
2015 07 29  1515   57232  54900   1.29e+01  2.67e-01  1.51e-01  9.45e-02  7.62e-02  5.50e-02  4.85e+04  7.20e+02 -1.00e+05
2015 07 29  1520   57232  55200   8.80e+00  1.80e-01  1.53e-01  7.21e-02  6.39e-02  2.73e-02  4.93e+04  7.39e+02 -1.00e+05
2015 07 29  1525   57232  55500   9.01e+00  1.40e-01  1.13e-01  7.29e-02  6.47e-02  3.04e-02  4.93e+04  7.58e+02 -1.00e+05
2015 07 29  1530   57232  55800   9.33e+00  2.67e-01  2.40e-01  8.58e-02  4.26e-02  1.86e-02  4.93e+04  7.71e+02 -1.00e+05
2015 07 29  1535   57232  56100   9.22e+00  1.13e-01  8.53e-02  4.50e-02  3.68e-02  1.86e-02  4.93e+04  7.71e+02 -1.00e+05
2015 07 29  1540   57232  56400   9.60e+00  1.57e-01  1.30e-01  8.91e-02  6.92e-02  4.76e-02  5.05e+04  7.96e+02 -1.00e+05
2015 07 29  1545   57232  56700   1.65e+01  2.15e-01  9.82e-02  5.50e-02  3.90e-02  1.86e-02  5.19e+04  8.18e+02 -1.00e+05
2015 07 29  1550   57232  57000   1.02e+01  1.48e-01  1.21e-01  8.02e-02  5.76e-02  3.52e-02  5.19e+04  8.27e+02 -1.00e+05
2015 07 29  1555   57232  57300   1.03e+01  2.25e-01  1.97e-01  4.50e-02  3.68e-02  1.86e-02  5.19e+04  8.61e+02 -1.00e+05
2015 07 29  1600   57232  57600   1.32e+01  2.13e-01  1.55e-01  1.07e-01  6.19e-02  2.32e-02  5.19e+04  8.73e+02 -1.00e+05
2015 07 29  1605   57232  57900   1.06e+01  1.13e-01  8.53e-02  4.50e-02  3.68e-02  1.86e-02  5.19e+04  8.73e+02 -1.00e+05
2015 07 29  1610   57232  58200   2.54e+01  3.92e-01  1.24e-01  8.07e-02  4.26e-02  1.86e-02  5.27e+04  8.87e+02 -1.00e+05
2015 07 29  1615   57232  58500   1.13e+01  1.30e-01  1.02e-01  6.16e-02  4.05e-02  1.86e-02  5.22e+04  8.78e+02 -1.00e+05
2015 07 29  1620   57232  58800   1.15e+01  1.60e-01  1.33e-01  5.99e-02  4.54e-02  2.53e-02  5.38e+04  8.98e+02 -1.00e+05
2015 07 29  1625   57232  59100   2.42e+01  2.96e-01  8.75e-02  4.50e-02  3.68e-02  1.86e-02  5.43e+04  9.30e+02 -1.00e+05
2015 07 29  1630   57232  59400   1.20e+01  1.84e-01  1.57e-01  1.10e-01  1.01e-01  3.94e-02  5.46e+04  9.19e+02 -1.00e+05
2015 07 29  1635   57232  59700   1.22e+01  1.32e-01  1.04e-01  6.41e-02  5.59e-02  3.77e-02  5.46e+04  9.27e+02 -1.00e+05
2015 07 29  1640   57232  60000   1.24e+01  1.70e-01  1.43e-01  6.66e-02  5.84e-02  4.02e-02  5.46e+04  9.41e+02 -1.00e+05
2015 07 29  1645   57232  60300   1.25e+01  1.84e-01  1.56e-01  1.15e-01  7.37e-02  2.86e-02  5.46e+04  9.52e+02 -1.00e+05
2015 07 29  1650   57232  60600   2.15e+01  2.19e-01  1.02e-01  5.92e-02  5.10e-02  3.27e-02  5.47e+04  9.87e+02 -1.00e+05
2015 07 29  1655   57232  60900   2.48e+01  3.00e-01  1.14e-01  7.15e-02  6.33e-02  4.51e-02  5.54e+04  9.78e+02 -1.00e+05
2015 07 29  1700   57232  61200   2.81e+01  4.02e-01  1.30e-01  4.68e-02  3.86e-02  2.04e-02  5.66e+04  9.83e+02 -1.00e+05
2015 07 29  1705   57232  61500   1.32e+01  1.47e-01  1.19e-01  7.90e-02  7.08e-02  5.26e-02  5.51e+04  1.00e+03 -1.00e+05
2015 07 29  1710   57232  61800   1.26e+01  2.97e-01  2.69e-01  7.75e-02  4.26e-02  1.86e-02  5.50e+04  9.79e+02 -1.00e+05
2015 07 29  1715   57232  62100   1.77e+01  2.23e-01  1.41e-01  9.09e-02  8.27e-02  3.33e-02  5.70e+04  1.02e+03 -1.00e+05
2015 07 29  1720   57232  62400   1.35e+01  1.13e-01  8.53e-02  4.50e-02  3.68e-02  1.86e-02  5.73e+04  1.05e+03 -1.00e+05
2015 07 29  1725   57232  62700   1.30e+01  1.23e-01  9.56e-02  5.50e-02  3.90e-02  1.86e-02  5.73e+04  1.06e+03 -1.00e+05
2015 07 29  1730   57232  63000   2.52e+01  2.72e-01  1.11e-01  6.62e-02  5.80e-02  2.66e-02  5.73e+04  1.06e+03 -1.00e+05
2015 07 29  1735   57232  63300   1.40e+01  1.74e-01  1.47e-01  4.50e-02  3.68e-02  1.86e-02  5.73e+04  1.08e+03 -1.00e+05
2015 07 29  1740   57232  63600   1.43e+01  1.64e-01  1.36e-01  6.16e-02  4.05e-02  1.86e-02  5.73e+04  1.13e+03 -1.00e+05
2015 07 29  1745   57232  63900   2.32e+01  2.19e-01  1.02e-01  5.92e-02  5.10e-02  3.27e-02  5.73e+04  1.14e+03 -1.00e+05
2015 07 29  1750   57232  64200   1.47e+01  1.76e-01  1.49e-01  5.99e-02  4.54e-02  2.53e-02  5.91e+04  1.21e+03 -1.00e+05
2015 07 29  1755   57232  64500   1.52e+01  1.13e-01  8.53e-02  4.50e-02  3.68e-02  1.86e-02  5.99e+04  1.24e+03 -1.00e+05
2015 07 29  1800   57232  64800   1.62e+01  2.14e-01  1.86e-01  1.11e-01  1.03e-01  4.62e-02  5.99e+04  1.30e+03 -1.00e+05
2015 07 29  1805   57232  65100   1.64e+01  2.72e-01  2.45e-01  9.27e-02  5.27e-02  2.53e-02  5.99e+04  1.29e+03 -1.00e+05
2015 07 29  1810   57232  65400   1.69e+01  1.39e-01  1.12e-01  4.50e-02  3.68e-02  1.86e-02  6.04e+04  1.35e+03 -1.00e+05
2015 07 29  1815   57232  65700   1.69e+01  2.61e-01  2.34e-01  9.97e-02  7.36e-02  4.51e-02  6.04e+04  1.35e+03 -1.00e+05
2015 07 29  1820   57232  66000   2.76e+01  2.14e-01  9.71e-02  5.42e-02  4.60e-02  2.78e-02  6.00e+04  1.35e+03 -1.00e+05
2015 07 29  1825   57232  66300   3.03e+01  2.40e-01  9.81e-02  5.50e-02  3.90e-02  1.86e-02  6.09e+04  1.38e+03 -1.00e+05
2015 07 29  1830   57232  66600   1.71e+01  2.25e-01  1.97e-01  4.50e-02  3.68e-02  1.86e-02  6.15e+04  1.40e+03 -1.00e+05
2015 07 29  1835   57232  66900   1.72e+01  1.41e-01  1.14e-01  7.38e-02  4.33e-02  1.86e-02  6.20e+04  1.43e+03 -1.00e+05
2015 07 29  1840   57232  67200   1.82e+01  2.35e-01  2.01e-01  4.50e-02  3.67e-02  1.85e-02  6.00e+04  1.41e+03 -1.00e+05
2015 07 29  1845   57232  67500   2.31e+01  2.41e-01  1.61e-01  8.22e-02  7.40e-02  5.57e-02  6.10e+04  1.42e+03 -1.00e+05
2015 07 29  1850   57232  67800   3.20e+01  3.07e-01  1.60e-01  1.17e-01  7.79e-02  5.08e-02  6.19e+04  1.45e+03 -1.00e+05
2015 07 29  1855   57232  68100   1.66e+01  1.51e-01  1.25e-01  8.50e-02  7.67e-02  5.33e-02  6.03e+04  1.45e+03 -1.00e+05
2015 07 29  1900   57232  68400   2.25e+01  1.77e-01  9.70e-02  4.75e-02  3.93e-02  1.93e-02  6.08e+04  1.45e+03 -1.00e+05
2015 07 29  1905   57232  68700   3.10e+01  2.76e-01  1.30e-01  8.72e-02  7.89e-02  6.07e-02  6.13e+04  1.45e+03 -1.00e+05
2015 07 29  1910   57232  69000   1.65e+01  1.11e-01  8.48e-02  4.50e-02  3.67e-02  1.85e-02  6.20e+04  1.45e+03 -1.00e+05
2015 07 29  1915   57232  69300   3.08e+01  5.15e-01  2.85e-01  6.32e-02  4.28e-02  1.93e-02  6.26e+04  1.48e+03 -1.00e+05
2015 07 29  1920   57232  69600   1.72e+01  1.11e-01  8.48e-02  4.50e-02  3.67e-02  1.85e-02  6.26e+04  1.48e+03 -1.00e+05
2015 07 29  1925   57232  69900   1.74e+01  1.11e-01  8.48e-02  4.50e-02  3.67e-02  1.85e-02  6.26e+04  1.49e+03 -1.00e+05
2015 07 29  1930   57232  70200  -1.00e+05 -1.00e+05 -1.00e+05 -1.00e+05 -1.00e+05 -1.00e+05 -1.00e+05 -1.00e+05 -1.00e+05
2015 07 29  1935   57232  70500  -1.00e+05 -1.00e+05 -1.00e+05 -1.00e+05 -1.00e+05 -1.00e+05 -1.00e+05 -1.00e+05 -1.00e+05
2015 07 29  1940   57232  70800  -1.00e+05 -1.00e+05 -1.00e+05 -1.00e+05 -1.00e+05 -1.00e+05 -1.00e+05 -1.00e+05 -1.00e+05
2015 07 29  1945   57232  71100  -1.00e+05 -1.00e+05 -1.00e+05 -1.00e+05 -1.00e+05 -1.00e+05 -1.00e+05 -1.00e+05 -1.00e+05
2015 07 29  1950   57232  71400  -1.00e+05 -1.00e+05 -1.00e+05 -1.00e+05 -1.00e+05 -1.00e+05 -1.00e+05 -1.00e+05 -1.00e+05
2015 07 29  1955   57232  71700  -1.00e+05 -1.00e+05 -1.00e+05 -1.00e+05 -1.00e+05 -1.00e+05 -1.00e+05 -1.00e+05 -1.00e+05
2015 07 29  2000   57232  72000  -1.00e+05 -1.00e+05 -1.00e+05 -1.00e+05 -1.00e+05 -1.00e+05 -1.00e+05 -1.00e+05 -1.00e+05
2015 07 29  2005   57232  72300  -1.00e+05 -1.00e+05 -1.00e+05 -1.00e+05 -1.00e+05 -1.00e+05 -1.00e+05 -1.00e+05 -1.00e+05
2015 07 29  2010   57232  72600  -1.00e+05 -1.00e+05 -1.00e+05 -1.00e+05 -1.00e+05 -1.00e+05 -1.00e+05 -1.00e+05 -1.00e+05
2015 07 29  2015   57232  72900  -1.00e+05 -1.00e+05 -1.00e+05 -1.00e+05 -1.00e+05 -1.00e+05 -1.00e+05 -1.00e+05 -1.00e+05
2015 07 29  2020   57232  73200  -1.00e+05 -1.00e+05 -1.00e+05 -1.00e+05 -1.00e+05 -1.00e+05 -1.00e+05 -1.00e+05 -1.00e+05
2015 07 29  2025   57232  73500  -1.00e+05 -1.00e+05 -1.00e+05 -1.00e+05 -1.00e+05 -1.00e+05 -1.00e+05 -1.00e+05 -1.00e+05
2015 07 29  2030   57232  73800  -1.00e+05 -1.00e+05 -1.00e+05 -1.00e+05 -1.00e+05 -1.00e+05 -1.00e+05 -1.00e+05 -1.00e+05
2015 07 29  2035   57232  74100  -1.00e+05 -1.00e+05 -1.00e+05 -1.00e+05 -1.00e+05 -1.00e+05 -1.00e+05 -1.00e+05 -1.00e+05
2015 07 29  2040   57232  74400  -1.00e+05 -1.00e+05 -1.00e+05 -1.00e+05 -1.00e+05 -1.00e+05 -1.00e+05 -1.00e+05 -1.00e+05
2015 07 29  2045   57232  74700  -1.00e+05 -1.00e+05 -1.00e+05 -1.00e+05 -1.00e+05 -1.00e+05 -1.00e+05 -1.00e+05 -1.00e+05
2015 07 29  2050   57232  75000  -1.00e+05 -1.00e+05 -1.00e+05 -1.00e+05 -1.00e+05 -1.00e+05 -1.00e+05 -1.00e+05 -1.00e+05
2015 07 29  2055   57232  75300  -1.00e+05 -1.00e+05 -1.00e+05 -1.00e+05 -1.00e+05 -1.00e+05 -1.00e+05 -1.00e+05 -1.00e+05
2015 07 29  2100   57232  75600  -1.00e+05 -1.00e+05 -1.00e+05 -1.00e+05 -1.00e+05 -1.00e+05 -1.00e+05 -1.00e+05 -1.00e+05
2015 07 29  2105   57232  75900  -1.00e+05 -1.00e+05 -1.00e+05 -1.00e+05 -1.00e+05 -1.00e+05 -1.00e+05 -1.00e+05 -1.00e+05
2015 07 29  2110   57232  76200  -1.00e+05 -1.00e+05 -1.00e+05 -1.00e+05 -1.00e+05 -1.00e+05 -1.00e+05 -1.00e+05 -1.00e+05
2015 07 29  2115   57232  76500  -1.00e+05 -1.00e+05 -1.00e+05 -1.00e+05 -1.00e+05 -1.00e+05 -1.00e+05 -1.00e+05 -1.00e+05
2015 07 29  2120   57232  76800  -1.00e+05 -1.00e+05 -1.00e+05 -1.00e+05 -1.00e+05 -1.00e+05 -1.00e+05 -1.00e+05 -1.00e+05
2015 07 29  2125   57232  77100  -1.00e+05 -1.00e+05 -1.00e+05 -1.00e+05 -1.00e+05 -1.00e+05 -1.00e+05 -1.00e+05 -1.00e+05
2015 07 29  2130   57232  77400  -1.00e+05 -1.00e+05 -1.00e+05 -1.00e+05 -1.00e+05 -1.00e+05 -1.00e+05 -1.00e+05 -1.00e+05
2015 07 29  2135   57232  77700  -1.00e+05 -1.00e+05 -1.00e+05 -1.00e+05 -1.00e+05 -1.00e+05 -1.00e+05 -1.00e+05 -1.00e+05
2015 07 29  2140   57232  78000  -1.00e+05 -1.00e+05 -1.00e+05 -1.00e+05 -1.00e+05 -1.00e+05 -1.00e+05 -1.00e+05 -1.00e+05
2015 07 29  2145   57232  78300  -1.00e+05 -1.00e+05 -1.00e+05 -1.00e+05 -1.00e+05 -1.00e+05 -1.00e+05 -1.00e+05 -1.00e+05
2015 07 29  2150   57232  78600  -1.00e+05 -1.00e+05 -1.00e+05 -1.00e+05 -1.00e+05 -1.00e+05 -1.00e+05 -1.00e+05 -1.00e+05
2015 07 29  2155   57232  78900  -1.00e+05 -1.00e+05 -1.00e+05 -1.00e+05 -1.00e+05 -1.00e+05 -1.00e+05 -1.00e+05 -1.00e+05
2015 07 29  2200   57232  79200  -1.00e+05 -1.00e+05 -1.00e+05 -1.00e+05 -1.00e+05 -1.00e+05 -1.00e+05 -1.00e+05 -1.00e+05
2015 07 29  2205   57232  79500  -1.00e+05 -1.00e+05 -1.00e+05 -1.00e+05 -1.00e+05 -1.00e+05 -1.00e+05 -1.00e+05 -1.00e+05
2015 07 29  2210   57232  79800  -1.00e+05 -1.00e+05 -1.00e+05 -1.00e+05 -1.00e+05 -1.00e+05 -1.00e+05 -1.00e+05 -1.00e+05
2015 07 29  2215   57232  80100  -1.00e+05 -1.00e+05 -1.00e+05 -1.00e+05 -1.00e+05 -1.00e+05 -1.00e+05 -1.00e+05 -1.00e+05
2015 07 29  2220   57232  80400  -1.00e+05 -1.00e+05 -1.00e+05 -1.00e+05 -1.00e+05 -1.00e+05 -1.00e+05 -1.00e+05 -1.00e+05
2015 07 29  2225   57232  80700  -1.00e+05 -1.00e+05 -1.00e+05 -1.00e+05 -1.00e+05 -1.00e+05 -1.00e+05 -1.00e+05 -1.00e+05
2015 07 29  2230   57232  81000   1.80e+01  1.81e-01  1.47e-01  5.41e-02  3.88e-02  1.85e-02  6.05e+04  1.42e+03 -1.00e+05
2015 07 29  2235   57232  81300   3.15e+01  3.89e-01  1.54e-01  4.50e-02  3.67e-02  1.85e-02  6.07e+04  1.41e+03 -1.00e+05
2015 07 29  2240   57232  81600   1.66e+01  1.54e-01  1.28e-01  8.69e-02  4.62e-02  1.85e-02  6.00e+04  1.41e+03 -1.00e+05
2015 07 29  2245   57232  81900   2.71e+01  5.02e-01  3.01e-01  5.41e-02  3.88e-02  1.85e-02  6.02e+04  1.40e+03 -1.00e+05
2015 07 29  2250   57232  82200   2.28e+01  2.31e-01  1.53e-01  1.03e-01  7.44e-02  5.04e-02  5.99e+04  1.39e+03 -1.00e+05
2015 07 29  2255   57232  82500   2.34e+01  2.92e-01  2.10e-01  4.50e-02  3.67e-02  1.85e-02  6.00e+04  1.38e+03 -1.00e+05
2015 07 29  2300   57232  82800   1.65e+01  2.41e-01  2.15e-01  1.05e-01  8.14e-02  4.26e-02  5.99e+04  1.36e+03 -1.00e+05
2015 07 29  2305   57232  83100   1.76e+01  1.29e-01  9.55e-02  5.41e-02  3.88e-02  1.85e-02  5.99e+04  1.33e+03 -1.00e+05
2015 07 29  2310   57232  83400   2.54e+01  2.78e-01  1.47e-01  5.30e-02  4.43e-02  2.60e-02  5.99e+04  1.33e+03 -1.00e+05
2015 07 29  2315   57232  83700   1.66e+01  2.38e-01  2.12e-01  6.63e-02  5.80e-02  3.98e-02  5.99e+04  1.32e+03 -1.00e+05
2015 07 29  2320   57232  84000   2.49e+01  3.04e-01  1.75e-01  8.29e-02  4.72e-02  1.93e-02  5.99e+04  1.32e+03 -1.00e+05
2015 07 29  2325   57232  84300   3.14e+01  2.58e-01  8.72e-02  4.50e-02  3.67e-02  1.85e-02  5.99e+04  1.30e+03 -1.00e+05
2015 07 29  2330   57232  84600   1.57e+01  1.76e-01  1.50e-01  1.10e-01  1.02e-01  3.95e-02  5.99e+04  1.29e+03 -1.00e+05
2015 07 29  2335   57232  84900   1.53e+01  1.26e-01  9.98e-02  6.01e-02  5.18e-02  2.34e-02  5.99e+04  1.26e+03 -1.00e+05
2015 07 29  2340   57232  85200   1.58e+01  1.20e-01  8.61e-02  4.50e-02  3.67e-02  1.85e-02  5.79e+04  1.25e+03 -1.00e+05
2015 07 29  2345   57232  85500   2.85e+01  2.44e-01  9.67e-02  5.41e-02  3.88e-02  1.85e-02  5.92e+04  1.25e+03 -1.00e+05
2015 07 29  2350   57232  85800   1.53e+01  1.11e-01  8.48e-02  4.50e-02  3.67e-02  1.85e-02  5.98e+04  1.22e+03 -1.00e+05
2015 07 29  2355   57232  86100   1.57e+01  1.48e-01  1.22e-01  4.50e-02  3.67e-02  1.85e-02  5.99e+04  1.22e+03 -1.00e+05
