:Data_list: 20150804_Gp_part_5m.txt
:Created: 2015 Aug 05 0011 UTC
# Prepared by the U.S. Dept. of Commerce, NOAA, Space Weather Prediction Center
# Please send comments and suggestions to SWPC.Webmaster@noaa.gov 
# 
# Label: P > 1 = Particles at >1 Mev
# Label: P > 5 = Particles at >5 Mev
# Label: P >10 = Particles at >10 Mev
# Label: P >30 = Particles at >30 Mev
# Label: P >50 = Particles at >50 Mev
# Label: P>100 = Particles at >100 Mev
# Label: E>0.8 = Electrons at >0.8 Mev
# Label: E>2.0 = Electrons at >2.0 Mev
# Label: E>4.0 = Electrons at >4.0 Mev
# Units: Particles = Protons/cm2-s-sr
# Units: Electrons = Electrons/cm2-s-sr
# Source: GOES-13
# Location: W075
# Missing data: -1.00e+05
#
#                      5-minute  GOES-13 Solar Particle and Electron Flux
#
#                 Modified Seconds
# UTC Date  Time   Julian  of the
# YR MO DA  HHMM    Day     Day     P > 1     P > 5     P >10     P >30     P >50     P>100     E>0.8     E>2.0     E>4.0
#-------------------------------------------------------------------------------------------------------------------------
2015 08 04  0000   57238      0   1.24e+00  1.61e-01  1.37e-01  5.59e-02  4.11e-02  2.07e-02  2.59e+04  3.14e+02 -1.00e+05
2015 08 04  0005   57238    300   1.01e+00  1.08e-01  8.43e-02  4.91e-02  3.95e-02  2.07e-02  2.55e+04  2.95e+02 -1.00e+05
2015 08 04  0010   57238    600   1.08e+00  2.27e-01  2.04e-01  9.32e-02  8.36e-02  6.47e-02  2.52e+04  2.88e+02 -1.00e+05
2015 08 04  0015   57238    900   1.29e+00  2.16e-01  1.38e-01  9.25e-02  8.30e-02  3.46e-02  2.46e+04  2.82e+02 -1.00e+05
2015 08 04  0020   57238   1200   9.08e-01  1.08e-01  8.43e-02  4.91e-02  3.95e-02  2.07e-02  2.41e+04  2.69e+02 -1.00e+05
2015 08 04  0025   57238   1500   1.43e+00  2.89e-01  1.77e-01  5.35e-02  4.40e-02  2.51e-02  2.46e+04  2.86e+02 -1.00e+05
2015 08 04  0030   57238   1800   8.82e-01  1.56e-01  9.17e-02  4.91e-02  3.95e-02  2.07e-02  2.36e+04  2.68e+02 -1.00e+05
2015 08 04  0035   57238   2100   1.21e+00  1.61e-01  1.37e-01  5.59e-02  4.11e-02  2.07e-02  2.33e+04  2.64e+02 -1.00e+05
2015 08 04  0040   57238   2400   8.59e-01  1.89e-01  1.65e-01  1.30e-01  1.21e-01  4.67e-02  2.33e+04  2.54e+02 -1.00e+05
2015 08 04  0045   57238   2700   6.92e-01  1.47e-01  1.23e-01  8.82e-02  7.87e-02  5.98e-02  2.33e+04  2.52e+02 -1.00e+05
2015 08 04  0050   57238   3000   1.14e+00  1.63e-01  9.87e-02  5.59e-02  4.11e-02  2.07e-02  2.37e+04  2.55e+02 -1.00e+05
2015 08 04  0055   57238   3300   8.26e-01  1.08e-01  8.43e-02  4.91e-02  3.95e-02  2.07e-02  2.44e+04  2.66e+02 -1.00e+05
2015 08 04  0100   57238   3600   9.25e-01  1.59e-01  1.36e-01  9.90e-02  6.20e-02  3.75e-02  2.42e+04  2.72e+02 -1.00e+05
2015 08 04  0105   57238   3900   9.15e-01  1.42e-01  1.18e-01  8.21e-02  4.70e-02  2.07e-02  2.46e+04  2.73e+02 -1.00e+05
2015 08 04  0110   57238   4200   9.44e-01  1.26e-01  1.03e-01  6.74e-02  5.79e-02  2.65e-02  2.46e+04  2.74e+02 -1.00e+05
2015 08 04  0115   57238   4500   6.98e-01  1.64e-01  1.41e-01  1.05e-01  9.56e-02  3.86e-02  2.45e+04  2.61e+02 -1.00e+05
2015 08 04  0120   57238   4800   7.67e-01  1.47e-01  1.23e-01  8.82e-02  7.87e-02  5.98e-02  2.30e+04  2.35e+02 -1.00e+05
2015 08 04  0125   57238   5100   6.75e-01  1.08e-01  8.43e-02  4.91e-02  3.95e-02  2.07e-02  2.09e+04  2.03e+02 -1.00e+05
2015 08 04  0130   57238   5400   6.14e-01  1.41e-01  1.17e-01  8.14e-02  5.13e-02  2.25e-02  1.98e+04  1.89e+02 -1.00e+05
2015 08 04  0135   57238   5700   8.57e-01  2.47e-01  1.85e-01  7.58e-02  6.63e-02  4.74e-02  1.98e+04  1.89e+02 -1.00e+05
2015 08 04  0140   57238   6000   5.38e-01  1.78e-01  1.55e-01  1.19e-01  9.37e-02  3.66e-02  2.04e+04  1.89e+02 -1.00e+05
2015 08 04  0145   57238   6300   7.38e-01  1.26e-01  1.03e-01  6.77e-02  5.80e-02  2.65e-02  2.08e+04  1.98e+02 -1.00e+05
2015 08 04  0150   57238   6600   1.08e+00  3.66e-01  2.29e-01  1.90e-01  1.18e-01  3.86e-02  2.06e+04  1.88e+02 -1.00e+05
2015 08 04  0155   57238   6900   6.22e-01  1.20e-01  9.62e-02  6.10e-02  5.14e-02  3.26e-02  1.95e+04  1.83e+02 -1.00e+05
2015 08 04  0200   57238   7200   8.71e-01  1.56e-01  9.17e-02  4.91e-02  3.95e-02  2.07e-02  1.81e+04  1.63e+02 -1.00e+05
2015 08 04  0205   57238   7500   6.46e-01  1.43e-01  1.20e-01  8.42e-02  5.67e-02  3.26e-02  1.83e+04  1.55e+02 -1.00e+05
2015 08 04  0210   57238   7800   9.34e-01  2.46e-01  1.52e-01  1.04e-01  9.40e-02  2.88e-02  1.55e+04  1.23e+02 -1.00e+05
2015 08 04  0215   57238   8100   4.98e-01  1.42e-01  1.18e-01  8.24e-02  5.43e-02  3.01e-02  1.33e+04  9.38e+01 -1.00e+05
2015 08 04  0220   57238   8400   5.53e-01  1.37e-01  1.14e-01  4.91e-02  3.95e-02  2.07e-02  1.61e+04  1.37e+02 -1.00e+05
2015 08 04  0225   57238   8700   6.67e-01  1.08e-01  8.43e-02  4.91e-02  3.95e-02  2.07e-02  1.76e+04  1.63e+02 -1.00e+05
2015 08 04  0230   57238   9000   7.40e-01  2.20e-01  1.08e-01  5.59e-02  4.11e-02  2.07e-02  1.69e+04  1.41e+02 -1.00e+05
2015 08 04  0235   57238   9300   9.14e-01  2.23e-01  1.24e-01  8.64e-02  7.26e-02  3.39e-02  1.67e+04  1.39e+02 -1.00e+05
2015 08 04  0240   57238   9600   6.29e-01  1.37e-01  1.14e-01  4.91e-02  3.95e-02  2.07e-02  1.59e+04  1.34e+02 -1.00e+05
2015 08 04  0245   57238   9900   5.68e-01  2.02e-01  1.79e-01  1.43e-01  1.28e-01  4.87e-02  1.33e+04  9.61e+01 -1.00e+05
2015 08 04  0250   57238  10200   8.22e-01  3.05e-01  2.09e-01  1.61e-01  1.52e-01  7.82e-02  1.24e+04  7.86e+01 -1.00e+05
2015 08 04  0255   57238  10500   8.08e-01  2.28e-01  9.35e-02  5.60e-02  4.65e-02  2.76e-02  1.39e+04  9.98e+01 -1.00e+05
2015 08 04  0300   57238  10800   9.77e-01  2.28e-01  1.18e-01  8.08e-02  7.13e-02  5.24e-02  1.58e+04  1.27e+02 -1.00e+05
2015 08 04  0305   57238  11100   7.85e-01  1.77e-01  1.54e-01  5.85e-02  4.90e-02  3.01e-02  2.53e+04  2.88e+02 -1.00e+05
2015 08 04  0310   57238  11400   1.31e+00  3.00e-01  1.87e-01  6.25e-02  4.26e-02  2.07e-02  2.66e+04  3.02e+02 -1.00e+05
2015 08 04  0315   57238  11700   7.02e-01  1.49e-01  1.26e-01  9.07e-02  8.12e-02  6.23e-02  2.38e+04  2.70e+02 -1.00e+05
2015 08 04  0320   57238  12000   7.57e-01  1.10e-01  8.63e-02  5.11e-02  4.15e-02  2.26e-02  2.58e+04  3.07e+02 -1.00e+05
2015 08 04  0325   57238  12300   8.14e-01  1.51e-01  1.28e-01  9.20e-02  6.66e-02  4.27e-02  2.45e+04  2.80e+02 -1.00e+05
2015 08 04  0330   57238  12600   1.43e+00  4.21e-01  2.27e-01  8.57e-02  7.62e-02  5.73e-02  2.59e+04  3.04e+02 -1.00e+05
2015 08 04  0335   57238  12900   6.52e-01  1.08e-01  8.43e-02  4.91e-02  3.95e-02  2.07e-02  2.44e+04  2.73e+02 -1.00e+05
2015 08 04  0340   57238  13200   1.31e+00  2.22e-01  1.30e-01  9.25e-02  8.30e-02  3.46e-02  2.28e+04  2.63e+02 -1.00e+05
2015 08 04  0345   57238  13500   9.23e-01  1.56e-01  9.17e-02  4.91e-02  3.95e-02  2.07e-02  2.45e+04  2.55e+02 -1.00e+05
2015 08 04  0350   57238  13800   9.54e-01  1.39e-01  1.16e-01  5.11e-02  4.15e-02  2.26e-02  2.46e+04  2.74e+02 -1.00e+05
2015 08 04  0355   57238  14100   9.52e-01  1.97e-01  1.74e-01  7.46e-02  5.84e-02  3.75e-02  2.55e+04  2.74e+02 -1.00e+05
2015 08 04  0400   57238  14400   1.20e+00  1.58e-01  9.36e-02  5.11e-02  4.15e-02  2.26e-02  2.60e+04  2.91e+02 -1.00e+05
2015 08 04  0405   57238  14700   7.69e-01  1.10e-01  8.63e-02  5.11e-02  4.15e-02  2.26e-02  2.71e+04  3.15e+02 -1.00e+05
2015 08 04  0410   57238  15000   8.63e-01  1.08e-01  8.43e-02  4.91e-02  3.95e-02  2.07e-02  2.60e+04  2.92e+02 -1.00e+05
2015 08 04  0415   57238  15300   8.78e-01  1.21e-01  9.81e-02  6.25e-02  4.26e-02  2.07e-02  2.66e+04  3.13e+02 -1.00e+05
2015 08 04  0420   57238  15600   1.01e+00  1.39e-01  1.15e-01  8.00e-02  7.04e-02  3.06e-02  2.61e+04  3.04e+02 -1.00e+05
2015 08 04  0425   57238  15900   9.66e-01  1.08e-01  8.43e-02  4.91e-02  3.95e-02  2.07e-02  2.72e+04  3.22e+02 -1.00e+05
2015 08 04  0430   57238  16200   8.58e-01  1.57e-01  1.33e-01  9.81e-02  8.86e-02  6.97e-02  2.66e+04  3.06e+02 -1.00e+05
2015 08 04  0435   57238  16500   8.90e-01  1.78e-01  1.55e-01  1.19e-01  8.89e-02  3.46e-02  2.54e+04  3.00e+02 -1.00e+05
2015 08 04  0440   57238  16800   8.42e-01  1.44e-01  1.21e-01  8.57e-02  7.62e-02  5.73e-02  2.64e+04  2.82e+02 -1.00e+05
2015 08 04  0445   57238  17100   1.81e+00  2.67e-01  1.11e-01  7.34e-02  6.38e-02  4.49e-02  2.46e+04  2.78e+02 -1.00e+05
2015 08 04  0450   57238  17400   7.47e-01  1.82e-01  1.59e-01  1.24e-01  1.14e-01  4.47e-02  2.34e+04  2.45e+02 -1.00e+05
2015 08 04  0455   57238  17700   1.21e+00  3.22e-01  2.16e-01  1.64e-01  1.18e-01  4.27e-02  2.37e+04  2.50e+02 -1.00e+05
2015 08 04  0500   57238  18000   1.45e+00  2.13e-01  1.00e-01  4.91e-02  3.95e-02  2.07e-02  2.39e+04  2.56e+02 -1.00e+05
2015 08 04  0505   57238  18300   1.62e+00  4.90e-01  1.91e-01  8.62e-02  7.67e-02  3.26e-02  2.30e+04  2.48e+02 -1.00e+05
2015 08 04  0510   57238  18600   8.28e-01  1.57e-01  1.34e-01  8.62e-02  7.67e-02  3.26e-02  2.25e+04  2.32e+02 -1.00e+05
2015 08 04  0515   57238  18900   8.81e-01  2.52e-01  2.28e-01  1.26e-01  8.35e-02  5.48e-02  2.07e+04  2.22e+02 -1.00e+05
2015 08 04  0520   57238  19200   1.33e+00  2.43e-01  1.09e-01  7.05e-02  4.59e-02  2.26e-02  2.14e+04  2.32e+02 -1.00e+05
2015 08 04  0525   57238  19500   1.70e+00  2.60e-01  1.03e-01  6.59e-02  5.64e-02  3.75e-02  2.28e+04  2.31e+02 -1.00e+05
2015 08 04  0530   57238  19800   1.45e+00  2.08e-01  9.85e-02  6.10e-02  5.14e-02  3.26e-02  2.17e+04  2.24e+02 -1.00e+05
2015 08 04  0535   57238  20100   7.92e-01  1.08e-01  8.46e-02  4.94e-02  3.96e-02  2.07e-02  2.07e+04  2.16e+02 -1.00e+05
2015 08 04  0540   57238  20400   1.28e+00  1.97e-01  8.66e-02  4.91e-02  3.95e-02  2.07e-02  2.05e+04  2.11e+02 -1.00e+05
2015 08 04  0545   57238  20700   9.52e-01  1.56e-01  9.20e-02  4.94e-02  3.96e-02  2.07e-02  1.94e+04  2.00e+02 -1.00e+05
2015 08 04  0550   57238  21000   1.01e+00  2.27e-01  1.14e-01  6.25e-02  4.26e-02  2.07e-02  2.09e+04  2.16e+02 -1.00e+05
2015 08 04  0555   57238  21300   5.51e-01  1.42e-01  1.18e-01  8.21e-02  4.70e-02  2.07e-02  1.96e+04  2.04e+02 -1.00e+05
2015 08 04  0600   57238  21600   1.39e+00  2.65e-01  8.63e-02  4.91e-02  3.95e-02  2.07e-02  1.98e+04  2.01e+02 -1.00e+05
2015 08 04  0605   57238  21900   7.61e-01  1.56e-01  9.17e-02  4.91e-02  3.95e-02  2.07e-02  1.89e+04  1.99e+02 -1.00e+05
2015 08 04  0610   57238  22200   8.01e-01  1.27e-01  1.04e-01  6.84e-02  5.89e-02  4.00e-02  1.91e+04  2.07e+02 -1.00e+05
2015 08 04  0615   57238  22500   7.87e-01  1.43e-01  1.20e-01  8.36e-02  4.89e-02  2.26e-02  1.91e+04  2.06e+02 -1.00e+05
2015 08 04  0620   57238  22800   1.19e+00  3.83e-01  2.06e-01  9.07e-02  7.93e-02  5.98e-02  1.93e+04  2.09e+02 -1.00e+05
2015 08 04  0625   57238  23100   8.54e-01  1.08e-01  8.46e-02  4.94e-02  3.96e-02  2.07e-02  1.98e+04  2.19e+02 -1.00e+05
2015 08 04  0630   57238  23400   1.49e+00  3.62e-01  1.42e-01  1.05e-01  9.55e-02  3.86e-02  1.98e+04  2.20e+02 -1.00e+05
2015 08 04  0635   57238  23700   8.64e-01  1.97e-01  1.74e-01  7.09e-02  6.13e-02  4.25e-02  1.98e+04  2.33e+02 -1.00e+05
2015 08 04  0640   57238  24000   1.19e+00  2.21e-01  1.13e-01  7.49e-02  4.99e-02  2.25e-02  2.02e+04  2.30e+02 -1.00e+05
2015 08 04  0645   57238  24300   5.48e-01  1.26e-01  1.03e-01  6.74e-02  5.79e-02  2.65e-02  2.08e+04  2.39e+02 -1.00e+05
2015 08 04  0650   57238  24600   9.39e-01  1.56e-01  9.17e-02  4.91e-02  3.95e-02  2.07e-02  2.19e+04  2.49e+02 -1.00e+05
2015 08 04  0655   57238  24900   1.63e+00  4.66e-01  2.80e-01  8.54e-02  5.12e-02  2.51e-02  2.20e+04  2.58e+02 -1.00e+05
2015 08 04  0700   57238  25200   1.28e+00  4.71e-01  1.57e-01  6.74e-02  5.79e-02  2.65e-02  2.24e+04  2.72e+02 -1.00e+05
2015 08 04  0705   57238  25500   7.61e-01  1.98e-01  1.48e-01  1.07e-01  6.68e-02  2.65e-02  2.29e+04  2.69e+02 -1.00e+05
2015 08 04  0710   57238  25800   9.44e-01  1.56e-01  9.17e-02  4.91e-02  3.95e-02  2.07e-02  2.23e+04  2.79e+02 -1.00e+05
2015 08 04  0715   57238  26100   1.29e+00  4.40e-01  2.51e-01  6.74e-02  5.79e-02  2.65e-02  2.29e+04  2.66e+02 -1.00e+05
2015 08 04  0720   57238  26400   1.08e+00  1.97e-01  8.66e-02  4.91e-02  3.95e-02  2.07e-02  2.21e+04  2.66e+02 -1.00e+05
2015 08 04  0725   57238  26700   6.12e-01  1.44e-01  1.21e-01  8.57e-02  7.62e-02  5.73e-02  2.20e+04  2.61e+02 -1.00e+05
2015 08 04  0730   57238  27000   7.64e-01  1.32e-01  1.09e-01  7.34e-02  6.38e-02  4.49e-02  2.20e+04  2.61e+02 -1.00e+05
2015 08 04  0735   57238  27300   6.90e-01  1.45e-01  1.21e-01  8.62e-02  7.67e-02  3.26e-02  2.20e+04  2.61e+02 -1.00e+05
2015 08 04  0740   57238  27600   1.22e+00  2.38e-01  1.27e-01  8.87e-02  4.85e-02  2.07e-02  2.20e+04  2.63e+02 -1.00e+05
2015 08 04  0745   57238  27900   6.98e-01  1.22e-01  9.91e-02  6.39e-02  5.44e-02  3.52e-02  2.23e+04  2.79e+02 -1.00e+05
2015 08 04  0750   57238  28200   1.06e+00  2.42e-01  1.45e-01  1.06e-01  7.64e-02  3.06e-02  2.29e+04  2.71e+02 -1.00e+05
2015 08 04  0755   57238  28500   6.66e-01  1.51e-01  1.28e-01  9.28e-02  8.30e-02  3.46e-02  2.36e+04  2.99e+02 -1.00e+05
2015 08 04  0800   57238  28800   5.82e-01  1.08e-01  8.46e-02  4.94e-02  3.96e-02  2.07e-02  2.37e+04  3.10e+02 -1.00e+05
2015 08 04  0805   57238  29100   7.21e-01  1.42e-01  1.18e-01  8.17e-02  4.51e-02  2.07e-02  2.46e+04  3.15e+02 -1.00e+05
2015 08 04  0810   57238  29400   9.10e-01  2.09e-01  1.86e-01  8.57e-02  7.62e-02  5.73e-02  2.44e+04  3.30e+02 -1.00e+05
2015 08 04  0815   57238  29700   1.58e+00  3.37e-01  1.91e-01  7.09e-02  6.13e-02  4.25e-02  2.42e+04  3.54e+02 -1.00e+05
2015 08 04  0820   57238  30000   8.33e-01  1.08e-01  8.43e-02  4.91e-02  3.95e-02  2.07e-02  2.28e+04  3.45e+02 -1.00e+05
2015 08 04  0825   57238  30300   1.60e+00  3.90e-01  1.92e-01  4.91e-02  3.95e-02  2.07e-02  2.37e+04  3.48e+02 -1.00e+05
2015 08 04  0830   57238  30600   1.91e+00  2.61e-01  1.31e-01  9.32e-02  8.37e-02  5.97e-02  2.40e+04  3.74e+02 -1.00e+05
2015 08 04  0835   57238  30900   8.06e-01  1.22e-01  9.87e-02  6.34e-02  5.39e-02  3.50e-02  2.36e+04  3.83e+02 -1.00e+05
2015 08 04  0840   57238  31200   1.21e+00  1.25e-01  1.01e-01  6.59e-02  5.64e-02  3.75e-02  2.54e+04  4.01e+02 -1.00e+05
2015 08 04  0845   57238  31500   1.09e+00  1.80e-01  1.57e-01  4.91e-02  3.95e-02  2.07e-02  2.60e+04  4.11e+02 -1.00e+05
2015 08 04  0850   57238  31800   1.17e+00  1.20e-01  9.64e-02  6.12e-02  5.16e-02  2.45e-02  2.57e+04  4.31e+02 -1.00e+05
2015 08 04  0855   57238  32100   8.36e-01  1.37e-01  1.13e-01  7.76e-02  5.52e-02  3.26e-02  2.46e+04  4.43e+02 -1.00e+05
2015 08 04  0900   57238  32400   2.66e+00  3.84e-01  1.79e-01  8.33e-02  7.37e-02  5.48e-02  2.92e+04  4.85e+02 -1.00e+05
2015 08 04  0905   57238  32700   1.35e+00  1.48e-01  1.24e-01  8.90e-02  7.69e-02  5.73e-02  2.71e+04  4.79e+02 -1.00e+05
2015 08 04  0910   57238  33000   2.30e+00  2.43e-01  8.64e-02  4.91e-02  3.95e-02  2.07e-02  2.79e+04  4.91e+02 -1.00e+05
2015 08 04  0915   57238  33300   2.15e+00  2.55e-01  1.43e-01  1.05e-01  9.55e-02  3.86e-02  2.98e+04  4.90e+02 -1.00e+05
2015 08 04  0920   57238  33600   1.81e+00  2.40e-01  1.06e-01  6.84e-02  5.89e-02  4.00e-02  2.97e+04  5.16e+02 -1.00e+05
2015 08 04  0925   57238  33900   1.33e+00  1.08e-01  8.46e-02  4.94e-02  3.96e-02  2.07e-02  2.54e+04  5.18e+02 -1.00e+05
2015 08 04  0930   57238  34200   1.30e+00  1.80e-01  1.57e-01  4.91e-02  3.95e-02  2.07e-02  2.99e+04  5.50e+02 -1.00e+05
2015 08 04  0935   57238  34500   1.34e+00  1.93e-01  1.68e-01  1.32e-01  9.67e-02  3.66e-02  2.89e+04  5.31e+02 -1.00e+05
2015 08 04  0940   57238  34800   1.91e+00  2.35e-01  1.01e-01  6.34e-02  5.39e-02  3.50e-02  2.77e+04  5.29e+02 -1.00e+05
2015 08 04  0945   57238  35100   2.41e+00  4.05e-01  2.18e-01  6.25e-02  4.26e-02  2.07e-02  2.86e+04  5.62e+02 -1.00e+05
2015 08 04  0950   57238  35400   1.74e+00  1.57e-01  1.07e-01  6.74e-02  5.79e-02  2.65e-02  2.92e+04  5.72e+02 -1.00e+05
2015 08 04  0955   57238  35700   2.17e+00  2.46e-01  1.51e-01  1.13e-01  8.27e-02  3.26e-02  2.90e+04  5.91e+02 -1.00e+05
2015 08 04  1000   57238  36000   1.45e+00  2.01e-01  1.78e-01  1.43e-01  1.33e-01  5.07e-02  2.91e+04  5.95e+02 -1.00e+05
2015 08 04  1005   57238  36300   1.58e+00  1.08e-01  8.43e-02  4.91e-02  3.95e-02  2.07e-02  3.00e+04  6.13e+02 -1.00e+05
2015 08 04  1010   57238  36600   1.56e+00  1.08e-01  8.43e-02  4.91e-02  3.95e-02  2.07e-02  3.09e+04  6.32e+02 -1.00e+05
2015 08 04  1015   57238  36900   2.39e+00  2.13e-01  1.00e-01  4.91e-02  3.95e-02  2.07e-02  3.09e+04  6.56e+02 -1.00e+05
2015 08 04  1020   57238  37200   2.09e+00  2.27e-01  1.82e-01  1.42e-01  1.33e-01  6.05e-02  3.14e+04  6.96e+02 -1.00e+05
2015 08 04  1025   57238  37500   2.01e+00  1.60e-01  1.36e-01  1.01e-01  8.54e-02  6.47e-02  3.23e+04  7.06e+02 -1.00e+05
2015 08 04  1030   57238  37800   1.70e+00  1.10e-01  8.63e-02  5.11e-02  4.15e-02  2.26e-02  3.16e+04  7.22e+02 -1.00e+05
2015 08 04  1035   57238  38100   3.64e+00  2.55e-01  1.05e-01  6.74e-02  5.79e-02  2.65e-02  3.33e+04  7.41e+02 -1.00e+05
2015 08 04  1040   57238  38400   1.66e+00  1.71e-01  1.48e-01  1.12e-01  9.23e-02  3.66e-02  3.33e+04  7.46e+02 -1.00e+05
2015 08 04  1045   57238  38700   1.85e+00  1.23e-01  9.96e-02  6.39e-02  4.44e-02  2.26e-02  3.32e+04  7.22e+02 -1.00e+05
2015 08 04  1050   57238  39000   1.92e+00  1.18e-01  9.46e-02  5.92e-02  4.53e-02  2.51e-02  3.27e+04  7.18e+02 -1.00e+05
2015 08 04  1055   57238  39300   2.86e+00  2.47e-01  1.35e-01  8.21e-02  4.70e-02  2.07e-02  3.32e+04  7.50e+02 -1.00e+05
2015 08 04  1100   57238  39600   2.28e+00  1.08e-01  8.43e-02  4.91e-02  3.95e-02  2.07e-02  3.40e+04  7.94e+02 -1.00e+05
2015 08 04  1105   57238  39900   2.05e+00  1.33e-01  1.10e-01  7.40e-02  5.05e-02  2.76e-02  3.43e+04  8.26e+02 -1.00e+05
2015 08 04  1110   57238  40200   2.11e+00  1.45e-01  1.21e-01  8.62e-02  7.67e-02  3.26e-02  3.49e+04  8.20e+02 -1.00e+05
2015 08 04  1115   57238  40500   2.03e+00  2.50e-01  2.27e-01  9.39e-02  6.39e-02  2.65e-02  3.55e+04  7.82e+02 -1.00e+05
2015 08 04  1120   57238  40800   1.96e+00  1.61e-01  1.38e-01  8.00e-02  7.04e-02  3.06e-02  3.50e+04  8.02e+02 -1.00e+05
2015 08 04  1125   57238  41100   2.16e+00  2.30e-01  2.06e-01  1.70e-01  1.30e-01  4.67e-02  3.58e+04  8.23e+02 -1.00e+05
2015 08 04  1130   57238  41400   2.20e+00  1.52e-01  1.29e-01  9.31e-02  7.83e-02  3.26e-02  3.56e+04  8.44e+02 -1.00e+05
2015 08 04  1135   57238  41700   2.18e+00  1.97e-01  1.74e-01  7.09e-02  6.13e-02  4.25e-02  3.62e+04  8.49e+02 -1.00e+05
2015 08 04  1140   57238  42000   2.59e+00  3.23e-01  2.99e-01  8.73e-02  4.51e-02  2.07e-02  3.76e+04  8.84e+02 -1.00e+05
2015 08 04  1145   57238  42300   3.55e+00  2.58e-01  1.46e-01  9.39e-02  5.52e-02  2.77e-02  3.76e+04  8.98e+02 -1.00e+05
2015 08 04  1150   57238  42600   3.87e+00  2.75e-01  1.63e-01  1.11e-01  1.02e-01  4.06e-02  3.77e+04  9.19e+02 -1.00e+05
2015 08 04  1155   57238  42900   2.22e+00  1.08e-01  8.43e-02  4.91e-02  3.95e-02  2.07e-02  3.77e+04  9.26e+02 -1.00e+05
2015 08 04  1200   57238  43200   2.43e+00  1.08e-01  8.43e-02  4.91e-02  3.95e-02  2.07e-02  3.85e+04  9.58e+02 -1.00e+05
2015 08 04  1205   57238  43500   3.78e+00  2.43e-01  8.64e-02  4.91e-02  3.95e-02  2.07e-02  3.96e+04  9.42e+02 -1.00e+05
2015 08 04  1210   57238  43800   2.24e+00  1.15e-01  9.14e-02  5.59e-02  4.11e-02  2.07e-02  3.96e+04  9.76e+02 -1.00e+05
2015 08 04  1215   57238  44100   2.16e+00  1.78e-01  1.55e-01  1.19e-01  9.37e-02  3.66e-02  3.97e+04  1.00e+03 -1.00e+05
2015 08 04  1220   57238  44400   2.47e+00  1.78e-01  1.54e-01  6.12e-02  5.16e-02  2.45e-02  4.13e+04  1.02e+03 -1.00e+05
2015 08 04  1225   57238  44700   2.50e+00  1.58e-01  1.35e-01  9.93e-02  8.03e-02  3.59e-02  4.00e+04  1.04e+03 -1.00e+05
2015 08 04  1230   57238  45000   2.55e+00  1.69e-01  1.46e-01  6.77e-02  5.80e-02  2.65e-02  4.14e+04  1.05e+03 -1.00e+05
2015 08 04  1235   57238  45300   2.63e+00  1.26e-01  1.03e-01  6.74e-02  5.79e-02  2.65e-02  4.01e+04  1.05e+03 -1.00e+05
2015 08 04  1240   57238  45600   4.55e+00  2.04e-01  9.87e-02  6.12e-02  5.16e-02  2.45e-02  4.16e+04  1.07e+03 -1.00e+05
2015 08 04  1245   57238  45900   3.70e+00  1.87e-01  1.25e-01  8.33e-02  7.37e-02  5.48e-02  4.09e+04  1.06e+03 -1.00e+05
2015 08 04  1250   57238  46200   3.83e+00  2.22e-01  1.10e-01  5.85e-02  4.90e-02  3.01e-02  3.97e+04  1.03e+03 -1.00e+05
2015 08 04  1255   57238  46500   5.66e+00  3.24e-01  1.74e-01  4.91e-02  3.95e-02  2.07e-02  4.19e+04  1.09e+03 -1.00e+05
2015 08 04  1300   57238  46800   2.88e+00  1.21e-01  9.81e-02  6.25e-02  4.26e-02  2.07e-02  4.16e+04  1.09e+03 -1.00e+05
2015 08 04  1305   57238  47100   5.47e+00  3.82e-01  2.06e-01  9.07e-02  8.12e-02  6.23e-02  4.16e+04  1.08e+03 -1.00e+05
2015 08 04  1310   57238  47400   3.36e+00  1.64e-01  1.41e-01  1.05e-01  9.57e-02  6.19e-02  4.16e+04  1.10e+03 -1.00e+05
2015 08 04  1315   57238  47700   6.74e+00  4.81e-01  1.97e-01  4.91e-02  3.95e-02  2.07e-02  4.32e+04  1.14e+03 -1.00e+05
2015 08 04  1320   57238  48000   4.74e+00  1.56e-01  9.17e-02  4.91e-02  3.95e-02  2.07e-02  4.39e+04  1.18e+03 -1.00e+05
2015 08 04  1325   57238  48300   3.64e+00  1.08e-01  8.43e-02  4.91e-02  3.95e-02  2.07e-02  4.42e+04  1.23e+03 -1.00e+05
2015 08 04  1330   57238  48600   3.83e+00  1.66e-01  1.43e-01  1.07e-01  7.16e-02  2.86e-02  4.50e+04  1.24e+03 -1.00e+05
2015 08 04  1335   57238  48900   3.42e+00  1.52e-01  1.29e-01  9.34e-02  7.35e-02  3.06e-02  4.41e+04  1.22e+03 -1.00e+05
2015 08 04  1340   57238  49200   4.94e+00  1.70e-01  1.05e-01  6.25e-02  4.26e-02  2.07e-02  4.63e+04  1.24e+03 -1.00e+05
2015 08 04  1345   57238  49500   6.10e+00  2.27e-01  1.18e-01  8.00e-02  6.53e-02  4.49e-02  4.66e+04  1.29e+03 -1.00e+05
2015 08 04  1350   57238  49800   6.78e+00  3.55e-01  1.89e-01  9.56e-02  8.61e-02  6.72e-02  4.66e+04  1.32e+03 -1.00e+05
2015 08 04  1355   57238  50100   6.04e+00  2.05e-01  9.51e-02  5.74e-02  4.29e-02  2.26e-02  4.66e+04  1.31e+03 -1.00e+05
2015 08 04  1400   57238  50400   5.11e+00  1.96e-01  1.36e-01  9.39e-02  8.44e-02  6.55e-02  4.66e+04  1.34e+03 -1.00e+05
2015 08 04  1405   57238  50700   7.07e+00  3.97e-01  1.92e-01  9.07e-02  7.93e-02  5.98e-02  4.66e+04  1.38e+03 -1.00e+05
2015 08 04  1410   57238  51000   3.85e+00  1.15e-01  9.14e-02  5.59e-02  4.11e-02  2.07e-02  4.66e+04  1.35e+03 -1.00e+05
2015 08 04  1415   57238  51300   4.30e+00  1.78e-01  1.16e-01  7.34e-02  6.38e-02  4.49e-02  4.66e+04  1.30e+03 -1.00e+05
2015 08 04  1420   57238  51600   3.05e+00  1.08e-01  8.43e-02  4.91e-02  3.95e-02  2.07e-02  4.66e+04  1.31e+03 -1.00e+05
2015 08 04  1425   57238  51900   6.60e+00  2.74e-01  9.58e-02  5.85e-02  4.90e-02  3.01e-02  4.66e+04  1.31e+03 -1.00e+05
2015 08 04  1430   57238  52200   3.69e+00  1.30e-01  1.07e-01  7.11e-02  5.37e-02  3.26e-02  4.68e+04  1.34e+03 -1.00e+05
2015 08 04  1435   57238  52500   3.77e+00  1.35e-01  1.12e-01  7.56e-02  4.55e-02  2.07e-02  4.92e+04  1.39e+03 -1.00e+05
2015 08 04  1440   57238  52800   4.99e+00  1.63e-01  9.87e-02  5.59e-02  4.11e-02  2.07e-02  4.93e+04  1.42e+03 -1.00e+05
2015 08 04  1445   57238  53100   7.87e+00  2.44e-01  8.68e-02  4.94e-02  3.96e-02  2.07e-02  5.03e+04  1.50e+03 -1.00e+05
2015 08 04  1450   57238  53400   7.20e+00  2.06e-01  8.17e-02  4.93e-02  3.98e-02  2.07e-02  5.01e+04  1.52e+03 -1.00e+05
2015 08 04  1455   57238  53700   6.02e+00  2.66e-01  1.66e-01  1.20e-01  8.18e-02  5.46e-02  5.07e+04  1.45e+03 -1.00e+05
2015 08 04  1500   57238  54000   4.65e+00  1.58e-01  1.34e-01  8.16e-02  6.65e-02  4.34e-02  5.15e+04  1.53e+03 -1.00e+05
2015 08 04  1505   57238  54300   8.81e+00  3.73e-01  1.20e-01  4.93e-02  3.98e-02  2.07e-02  5.19e+04  1.53e+03 -1.00e+05
2015 08 04  1510   57238  54600   4.38e+00  1.38e-01  1.14e-01  8.29e-02  7.34e-02  3.15e-02  5.22e+04  1.59e+03 -1.00e+05
2015 08 04  1515   57238  54900   4.59e+00  2.49e-01  2.24e-01  9.88e-02  8.29e-02  6.20e-02  5.22e+04  1.61e+03 -1.00e+05
2015 08 04  1520   57238  55200   4.70e+00  1.64e-01  1.40e-01  1.09e-01  9.91e-02  6.44e-02  5.21e+04  1.61e+03 -1.00e+05
2015 08 04  1525   57238  55500   4.54e+00  1.13e-01  8.91e-02  5.78e-02  4.83e-02  2.35e-02  5.31e+04  1.61e+03 -1.00e+05
2015 08 04  1530   57238  55800   4.88e+00  1.86e-01  1.62e-01  1.30e-01  1.21e-01  5.97e-02  5.43e+04  1.62e+03 -1.00e+05
2015 08 04  1535   57238  56100   8.50e+00  1.83e-01  8.18e-02  4.93e-02  3.98e-02  2.07e-02  5.41e+04  1.63e+03 -1.00e+05
2015 08 04  1540   57238  56400   4.72e+00  1.65e-01  1.41e-01  1.10e-01  1.00e-01  4.63e-02  5.31e+04  1.61e+03 -1.00e+05
2015 08 04  1545   57238  56700   4.84e+00  1.20e-01  9.54e-02  6.41e-02  5.45e-02  2.55e-02  5.32e+04  1.61e+03 -1.00e+05
2015 08 04  1550   57238  57000   4.40e+00  1.76e-01  1.52e-01  1.21e-01  1.11e-01  4.36e-02  5.38e+04  1.63e+03 -1.00e+05
2015 08 04  1555   57238  57300   6.03e+00  1.71e-01  1.17e-01  4.93e-02  3.98e-02  2.07e-02  5.37e+04  1.66e+03 -1.00e+05
2015 08 04  1600   57238  57600   4.85e+00  1.85e-01  1.61e-01  1.29e-01  8.85e-02  3.35e-02  5.42e+04  1.66e+03 -1.00e+05
2015 08 04  1605   57238  57900   6.50e+00  2.33e-01  1.32e-01  8.57e-02  5.88e-02  3.48e-02  5.28e+04  1.62e+03 -1.00e+05
2015 08 04  1610   57238  58200   7.58e+00  3.79e-01  2.30e-01  7.08e-02  6.12e-02  4.22e-02  5.46e+04  1.61e+03 -1.00e+05
2015 08 04  1615   57238  58500   4.69e+00  1.31e-01  1.07e-01  4.93e-02  3.98e-02  2.07e-02  5.46e+04  1.60e+03 -1.00e+05
2015 08 04  1620   57238  58800   4.42e+00  1.31e-01  1.07e-01  4.93e-02  3.98e-02  2.07e-02  5.37e+04  1.60e+03 -1.00e+05
2015 08 04  1625   57238  59100   4.45e+00  1.36e-01  1.12e-01  4.93e-02  3.98e-02  2.07e-02  5.19e+04  1.58e+03 -1.00e+05
2015 08 04  1630   57238  59400   6.65e+00  2.13e-01  1.14e-01  6.92e-02  5.97e-02  4.07e-02  5.19e+04  1.54e+03 -1.00e+05
2015 08 04  1635   57238  59700   5.97e+00  1.99e-01  1.02e-01  5.81e-02  4.86e-02  2.47e-02  5.19e+04  1.57e+03 -1.00e+05
2015 08 04  1640   57238  60000   4.33e+00  2.23e-01  1.99e-01  1.66e-01  1.21e-01  4.36e-02  5.19e+04  1.55e+03 -1.00e+05
2015 08 04  1645   57238  60300   4.39e+00  1.95e-01  1.71e-01  1.39e-01  1.30e-01  6.21e-02  5.19e+04  1.60e+03 -1.00e+05
2015 08 04  1650   57238  60600   4.27e+00  1.05e-01  8.06e-02  4.93e-02  3.98e-02  2.07e-02  5.19e+04  1.58e+03 -1.00e+05
2015 08 04  1655   57238  60900   7.24e+00  2.18e-01  1.17e-01  8.45e-02  6.43e-02  4.22e-02  5.19e+04  1.57e+03 -1.00e+05
2015 08 04  1700   57238  61200   4.79e+00  1.05e-01  8.06e-02  4.93e-02  3.98e-02  2.07e-02  5.21e+04  1.62e+03 -1.00e+05
2015 08 04  1705   57238  61500   6.22e+00  2.20e-01  1.60e-01  1.21e-01  9.66e-02  3.76e-02  5.19e+04  1.59e+03 -1.00e+05
2015 08 04  1710   57238  61800   4.62e+00  1.39e-01  1.15e-01  8.32e-02  6.86e-02  2.95e-02  5.19e+04  1.63e+03 -1.00e+05
2015 08 04  1715   57238  62100   4.59e+00  1.78e-01  1.54e-01  1.22e-01  1.13e-01  5.03e-02  5.19e+04  1.58e+03 -1.00e+05
2015 08 04  1720   57238  62400   5.91e+00  4.04e-01  3.51e-01  8.90e-02  4.54e-02  2.07e-02  5.19e+04  1.60e+03 -1.00e+05
2015 08 04  1725   57238  62700   6.57e+00  2.28e-01  1.33e-01  8.86e-02  6.74e-02  3.97e-02  5.19e+04  1.59e+03 -1.00e+05
2015 08 04  1730   57238  63000   9.91e+00  2.95e-01  1.30e-01  9.74e-02  8.78e-02  6.88e-02  5.19e+04  1.58e+03 -1.00e+05
2015 08 04  1735   57238  63300   5.02e+00  1.76e-01  1.23e-01  5.59e-02  4.64e-02  2.73e-02  5.13e+04  1.51e+03 -1.00e+05
2015 08 04  1740   57238  63600   3.76e+00  1.75e-01  1.51e-01  1.20e-01  1.10e-01  6.30e-02  4.93e+04  1.48e+03 -1.00e+05
2015 08 04  1745   57238  63900   3.67e+00  1.05e-01  8.06e-02  4.93e-02  3.98e-02  2.07e-02  4.93e+04  1.49e+03 -1.00e+05
2015 08 04  1750   57238  64200   6.82e+00  2.06e-01  8.17e-02  4.93e-02  3.98e-02  2.07e-02  4.95e+04  1.49e+03 -1.00e+05
2015 08 04  1755   57238  64500   3.77e+00  2.53e-01  2.29e-01  9.80e-02  8.85e-02  6.94e-02  4.96e+04  1.45e+03 -1.00e+05
2015 08 04  1800   57238  64800   5.31e+00  2.25e-01  1.27e-01  8.19e-02  6.66e-02  4.59e-02  4.93e+04  1.41e+03 -1.00e+05
2015 08 04  1805   57238  65100   3.60e+00  1.28e-01  1.04e-01  7.26e-02  5.59e-02  3.48e-02  4.93e+04  1.38e+03 -1.00e+05
2015 08 04  1810   57238  65400   3.91e+00  1.11e-01  8.72e-02  5.59e-02  4.64e-02  2.73e-02  4.93e+04  1.39e+03 -1.00e+05
2015 08 04  1815   57238  65700   3.53e+00  1.12e-01  8.74e-02  5.59e-02  4.13e-02  2.07e-02  4.88e+04  1.35e+03 -1.00e+05
2015 08 04  1820   57238  66000   3.25e+00  1.20e-01  9.54e-02  6.41e-02  5.45e-02  2.55e-02  4.91e+04  1.37e+03 -1.00e+05
2015 08 04  1825   57238  66300   4.16e+00  1.45e-01  9.24e-02  5.59e-02  4.64e-02  2.73e-02  4.81e+04  1.33e+03 -1.00e+05
2015 08 04  1830   57238  66600   2.96e+00  1.18e-01  9.41e-02  6.25e-02  4.27e-02  2.07e-02  4.66e+04  1.25e+03 -1.00e+05
2015 08 04  1835   57238  66900   2.96e+00  1.42e-01  1.18e-01  8.51e-02  4.54e-02  2.07e-02  4.52e+04  1.22e+03 -1.00e+05
2015 08 04  1840   57238  67200   2.92e+00  1.25e-01  1.01e-01  6.90e-02  4.42e-02  2.07e-02  4.40e+04  1.23e+03 -1.00e+05
2015 08 04  1845   57238  67500   4.80e+00  2.19e-01  1.20e-01  7.48e-02  6.53e-02  4.62e-02  4.49e+04  1.23e+03 -1.00e+05
2015 08 04  1850   57238  67800   7.03e+00  6.38e-01  3.13e-01  1.40e-01  1.15e-01  4.36e-02  4.43e+04  1.22e+03 -1.00e+05
2015 08 04  1855   57238  68100   3.11e+00  1.34e-01  1.09e-01  7.81e-02  6.86e-02  2.21e-02  4.66e+04  1.23e+03 -1.00e+05
2015 08 04  1900   57238  68400   3.14e+00  1.62e-01  1.35e-01  1.03e-01  7.78e-02  3.15e-02  4.62e+04  1.22e+03 -1.00e+05
2015 08 04  1905   57238  68700   2.71e+00  1.05e-01  8.06e-02  4.93e-02  3.98e-02  2.07e-02  4.40e+04  1.18e+03 -1.00e+05
2015 08 04  1910   57238  69000   4.13e+00  2.24e-01  1.22e-01  7.56e-02  4.57e-02  2.07e-02  4.45e+04  1.17e+03 -1.00e+05
2015 08 04  1915   57238  69300   2.54e+00  2.33e-01  2.09e-01  1.41e-01  1.31e-01  7.82e-02  4.40e+04  1.12e+03 -1.00e+05
2015 08 04  1920   57238  69600   2.63e+00  1.53e-01  1.29e-01  9.60e-02  5.70e-02  3.23e-02  4.47e+04  1.16e+03 -1.00e+05
2015 08 04  1925   57238  69900   2.61e+00  1.41e-01  1.17e-01  8.56e-02  7.61e-02  5.71e-02  4.63e+04  1.16e+03 -1.00e+05
2015 08 04  1930   57238  70200   2.64e+00  1.86e-01  1.61e-01  9.54e-02  8.59e-02  3.55e-02  4.52e+04  1.15e+03 -1.00e+05
2015 08 04  1935   57238  70500   2.03e+00  1.05e-01  8.06e-02  4.93e-02  3.98e-02  2.07e-02  4.42e+04  1.11e+03 -1.00e+05
2015 08 04  1940   57238  70800   2.48e+00  2.38e-01  2.14e-01  9.35e-02  7.59e-02  5.46e-02  4.40e+04  1.06e+03 -1.00e+05
2015 08 04  1945   57238  71100   2.21e+00  1.26e-01  1.02e-01  7.04e-02  6.08e-02  2.75e-02  4.40e+04  1.05e+03 -1.00e+05
2015 08 04  1950   57238  71400   2.15e+00  1.44e-01  1.19e-01  4.93e-02  3.98e-02  2.07e-02  4.40e+04  1.05e+03 -1.00e+05
2015 08 04  1955   57238  71700   2.55e+00  1.73e-01  1.20e-01  8.21e-02  4.72e-02  2.07e-02  4.40e+04  1.03e+03 -1.00e+05
2015 08 04  2000   57238  72000   1.83e+00  1.05e-01  8.06e-02  4.93e-02  3.98e-02  2.07e-02  4.35e+04  9.76e+02 -1.00e+05
2015 08 04  2005   57238  72300   2.54e+00  2.64e-01  1.63e-01  8.07e-02  7.11e-02  5.21e-02  4.21e+04  9.51e+02 -1.00e+05
2015 08 04  2010   57238  72600   1.96e+00  1.36e-01  1.12e-01  8.07e-02  7.11e-02  5.21e-02  4.27e+04  9.77e+02 -1.00e+05
2015 08 04  2015   57238  72900   1.77e+00  1.64e-01  1.40e-01  4.93e-02  3.98e-02  2.07e-02  4.18e+04  9.12e+02 -1.00e+05
2015 08 04  2020   57238  73200   1.67e+00  1.36e-01  1.12e-01  4.93e-02  3.98e-02  2.07e-02  4.16e+04  8.98e+02 -1.00e+05
2015 08 04  2025   57238  73500   1.78e+00  2.32e-01  2.08e-01  7.58e-02  6.06e-02  3.99e-02  4.16e+04  9.03e+02 -1.00e+05
2015 08 04  2030   57238  73800   1.70e+00  1.46e-01  1.21e-01  5.16e-02  4.20e-02  2.15e-02  4.06e+04  8.75e+02 -1.00e+05
2015 08 04  2035   57238  74100   1.78e+00  1.46e-01  1.21e-01  8.98e-02  7.00e-02  2.95e-02  4.15e+04  8.81e+02 -1.00e+05
2015 08 04  2040   57238  74400   1.69e+00  1.55e-01  1.04e-01  6.77e-02  5.81e-02  3.91e-02  4.16e+04  9.00e+02 -1.00e+05
2015 08 04  2045   57238  74700   1.37e+00  1.52e-01  1.28e-01  9.52e-02  5.01e-02  2.07e-02  4.10e+04  8.47e+02 -1.00e+05
2015 08 04  2050   57238  75000   2.09e+00  2.33e-01  1.32e-01  8.57e-02  5.88e-02  3.48e-02  4.10e+04  8.32e+02 -1.00e+05
2015 08 04  2055   57238  75300   1.78e+00  1.96e-01  1.45e-01  1.08e-01  8.12e-02  5.71e-02  4.08e+04  8.25e+02 -1.00e+05
2015 08 04  2100   57238  75600   2.37e+00  2.69e-01  1.37e-01  1.05e-01  9.53e-02  4.98e-02  3.96e+04  8.06e+02 -1.00e+05
2015 08 04  2105   57238  75900   1.64e+00  1.71e-01  1.17e-01  4.93e-02  3.98e-02  2.07e-02  3.96e+04  7.56e+02 -1.00e+05
2015 08 04  2110   57238  76200   1.04e+00  1.47e-01  1.23e-01  9.06e-02  5.57e-02  2.35e-02  3.78e+04  7.12e+02 -1.00e+05
2015 08 04  2115   57238  76500   1.42e+00  2.28e-01  1.91e-01  8.42e-02  7.47e-02  4.39e-02  3.76e+04  6.63e+02 -1.00e+05
2015 08 04  2120   57238  76800   8.14e-01  1.54e-01  1.29e-01  9.80e-02  8.85e-02  6.94e-02  3.66e+04  6.35e+02 -1.00e+05
2015 08 04  2125   57238  77100   1.32e+00  2.35e-01  1.33e-01  5.59e-02  4.13e-02  2.07e-02  3.56e+04  6.23e+02 -1.00e+05
2015 08 04  2130   57238  77400   1.08e+00  2.62e-01  2.10e-01  6.83e-02  5.88e-02  3.97e-02  3.56e+04  5.86e+02 -1.00e+05
2015 08 04  2135   57238  77700   1.66e+00  1.84e-01  8.41e-02  5.16e-02  4.20e-02  2.15e-02  3.40e+04  5.45e+02 -1.00e+05
2015 08 04  2140   57238  78000   8.66e-01  1.31e-01  1.07e-01  4.93e-02  3.98e-02  2.07e-02  3.28e+04  4.99e+02 -1.00e+05
2015 08 04  2145   57238  78300   1.34e+00  1.98e-01  9.63e-02  5.10e-02  4.14e-02  2.24e-02  3.14e+04  4.51e+02 -1.00e+05
2015 08 04  2150   57238  78600   6.98e-01  1.18e-01  9.41e-02  6.25e-02  4.27e-02  2.07e-02  3.12e+04  4.39e+02 -1.00e+05
2015 08 04  2155   57238  78900   7.39e-01  1.64e-01  1.39e-01  7.56e-02  4.57e-02  2.07e-02  2.91e+04  3.89e+02 -1.00e+05
2015 08 04  2200   57238  79200   7.18e-01  1.32e-01  1.08e-01  7.56e-02  4.57e-02  2.07e-02  2.86e+04  3.61e+02 -1.00e+05
2015 08 04  2205   57238  79500   6.28e-01  2.04e-01  1.80e-01  1.47e-01  1.07e-01  3.96e-02  2.74e+04  3.37e+02 -1.00e+05
2015 08 04  2210   57238  79800   6.15e-01  1.65e-01  1.28e-01  9.42e-02  8.46e-02  5.31e-02  2.68e+04  3.09e+02 -1.00e+05
2015 08 04  2215   57238  80100   1.28e+00  3.97e-01  1.65e-01  6.41e-02  5.45e-02  2.55e-02  2.48e+04  2.69e+02 -1.00e+05
2015 08 04  2220   57238  80400   7.55e-01  1.05e-01  8.06e-02  4.93e-02  3.98e-02  2.07e-02  2.18e+04  1.77e+02 -1.00e+05
2015 08 04  2225   57238  80700   6.50e-01  2.05e-01  1.04e-01  7.13e-02  4.64e-02  2.15e-02  1.75e+04  1.51e+02 -1.00e+05
2015 08 04  2230   57238  81000   6.49e-01  1.05e-01  8.06e-02  4.94e-02  3.98e-02  2.07e-02  1.35e+04  8.93e+01 -1.00e+05
2015 08 04  2235   57238  81300   8.34e-01  1.05e-01  8.06e-02  4.93e-02  3.98e-02  2.07e-02  1.13e+04  8.12e+01 -1.00e+05
2015 08 04  2240   57238  81600   7.94e-01  3.01e-01  2.77e-01  1.90e-01  1.05e-01  2.21e-02  1.18e+04  9.08e+01 -1.00e+05
2015 08 04  2245   57238  81900   9.05e-01  1.13e-01  8.91e-02  5.78e-02  4.83e-02  2.35e-02  1.24e+04  9.78e+01 -1.00e+05
2015 08 04  2250   57238  82200   1.02e+00  1.31e-01  1.07e-01  4.93e-02  3.98e-02  2.07e-02  1.52e+04  1.56e+02 -1.00e+05
2015 08 04  2255   57238  82500   1.33e+00  1.47e-01  1.23e-01  9.05e-02  5.80e-02  3.23e-02  2.09e+04  2.58e+02 -1.00e+05
2015 08 04  2300   57238  82800   1.44e+00  1.05e-01  8.06e-02  4.93e-02  3.98e-02  2.07e-02  2.61e+04  3.66e+02 -1.00e+05
2015 08 04  2305   57238  83100   2.82e+00  2.77e-01  1.27e-01  5.84e-02  4.88e-02  2.98e-02  2.81e+04  4.09e+02 -1.00e+05
2015 08 04  2310   57238  83400   1.71e+00  1.20e-01  9.56e-02  6.43e-02  5.21e-02  3.23e-02  3.01e+04  4.64e+02 -1.00e+05
2015 08 04  2315   57238  83700   1.94e+00  1.53e-01  1.28e-01  9.63e-02  7.15e-02  2.95e-02  3.11e+04  5.22e+02 -1.00e+05
2015 08 04  2320   57238  84000   2.05e+00  1.26e-01  1.02e-01  7.08e-02  6.12e-02  4.22e-02  3.20e+04  5.46e+02 -1.00e+05
2015 08 04  2325   57238  84300   2.21e+00  1.05e-01  8.06e-02  4.94e-02  3.98e-02  2.07e-02  3.26e+04  5.63e+02 -1.00e+05
2015 08 04  2330   57238  84600   2.09e+00  1.87e-01  1.63e-01  7.33e-02  6.37e-02  4.47e-02  3.02e+04  4.96e+02 -1.00e+05
2015 08 04  2335   57238  84900   2.20e+00  1.73e-01  1.49e-01  8.92e-02  7.96e-02  3.35e-02  3.00e+04  4.99e+02 -1.00e+05
2015 08 04  2340   57238  85200   2.00e+00  1.41e-01  1.04e-01  7.04e-02  6.08e-02  2.75e-02  2.91e+04  4.80e+02 -1.00e+05
2015 08 04  2345   57238  85500   2.06e+00  1.79e-01  1.39e-01  1.05e-01  9.38e-02  6.43e-02  2.82e+04  4.44e+02 -1.00e+05
2015 08 04  2350   57238  85800   1.68e+00  1.56e-01  1.32e-01  5.16e-02  4.20e-02  2.15e-02  2.78e+04  4.33e+02 -1.00e+05
2015 08 04  2355   57238  86100   1.30e+00  1.44e-01  1.20e-01  4.94e-02  3.98e-02  2.07e-02  2.61e+04  3.89e+02 -1.00e+05
