:Data_list: 20150613_Gs_part_5m.txt
:Created: 2015 Jun 14 0011 UTC
# Prepared by the U.S. Dept. of Commerce, NOAA, Space Weather Prediction Center
# Please send comments and suggestions to SWPC.Webmaster@noaa.gov 
# 
# Label: P > 1 = Particles at >1 Mev
# Label: P > 5 = Particles at >5 Mev
# Label: P >10 = Particles at >10 Mev
# Label: P >30 = Particles at >30 Mev
# Label: P >50 = Particles at >50 Mev
# Label: P>100 = Particles at >100 Mev
# Label: E>0.8 = Electrons at >0.8 Mev
# Label: E>2.0 = Electrons at >2.0 Mev
# Label: E>4.0 = Electrons at >4.0 Mev
# Units: Particles = Protons/cm2-s-sr
# Units: Electrons = Electrons/cm2-s-sr
# Source: GOES-15
# Location: W135
# Missing data: -1.00e+05
#
#                      5-minute  GOES-15 Solar Particle and Electron Flux
#
#                 Modified Seconds
# UTC Date  Time   Julian  of the
# YR MO DA  HHMM    Day     Day     P > 1     P > 5     P >10     P >30     P >50     P>100     E>0.8     E>2.0     E>4.0
#-------------------------------------------------------------------------------------------------------------------------
2015 06 13  0000   57186      0   2.20e+01  1.16e-01  8.30e-02  4.39e-02  3.64e-02  1.84e-02  1.07e+05  9.67e+03 -1.00e+05
2015 06 13  0005   57186    300   2.62e+01  2.18e-01  1.86e-01  1.45e-01  8.75e-02  2.94e-02  1.03e+05  9.37e+03 -1.00e+05
2015 06 13  0010   57186    600   5.31e+01  3.02e-01  1.02e-01  6.21e-02  5.45e-02  3.65e-02  1.04e+05  9.48e+03 -1.00e+05
2015 06 13  0015   57186    900   2.96e+01  1.75e-01  1.42e-01  5.47e-02  4.72e-02  2.74e-02  1.04e+05  9.12e+03 -1.00e+05
2015 06 13  0020   57186   1200   2.11e+01  1.53e-01  1.20e-01  7.97e-02  4.24e-02  1.84e-02  1.02e+05  8.59e+03 -1.00e+05
2015 06 13  0025   57186   1500   3.28e+01  2.63e-01  1.19e-01  5.94e-02  5.19e-02  2.34e-02  9.89e+04  8.26e+03 -1.00e+05
2015 06 13  0030   57186   1800   2.18e+01  1.48e-01  9.04e-02  4.69e-02  3.93e-02  1.93e-02  1.04e+05  8.41e+03 -1.00e+05
2015 06 13  0035   57186   2100   1.83e+01  1.88e-01  1.56e-01  7.94e-02  7.19e-02  5.39e-02  1.01e+05  8.26e+03 -1.00e+05
2015 06 13  0040   57186   2400   1.74e+01  1.78e-01  1.45e-01  9.15e-02  7.76e-02  4.51e-02  1.04e+05  8.23e+03 -1.00e+05
2015 06 13  0045   57186   2700   1.77e+01  2.77e-01  2.45e-01  2.03e-01  1.21e-01  3.53e-02  9.93e+04  7.79e+03 -1.00e+05
2015 06 13  0050   57186   3000   2.85e+01  4.70e-01  2.73e-01  8.44e-02  7.68e-02  5.88e-02  1.01e+05  7.66e+03 -1.00e+05
2015 06 13  0055   57186   3300   1.57e+01  1.71e-01  1.39e-01  6.57e-02  5.81e-02  2.54e-02  1.00e+05  7.36e+03 -1.00e+05
2015 06 13  0100   57186   3600   1.85e+01  2.99e-01  2.40e-01  7.46e-02  4.23e-02  1.84e-02  1.01e+05  7.23e+03 -1.00e+05
2015 06 13  0105   57186   3900   2.23e+01  3.44e-01  1.87e-01  5.83e-02  3.96e-02  1.84e-02  9.92e+04  6.55e+03 -1.00e+05
2015 06 13  0110   57186   4200   1.71e+01  1.94e-01  1.34e-01  4.39e-02  3.64e-02  1.84e-02  9.32e+04  6.42e+03 -1.00e+05
2015 06 13  0115   57186   4500   1.66e+01  2.36e-01  1.60e-01  1.12e-01  8.31e-02  3.14e-02  9.46e+04  6.42e+03 -1.00e+05
2015 06 13  0120   57186   4800   2.17e+01  2.43e-01  1.25e-01  8.45e-02  7.69e-02  3.14e-02  9.42e+04  6.38e+03 -1.00e+05
2015 06 13  0125   57186   5100   1.82e+01  2.05e-01  9.66e-02  4.39e-02  3.64e-02  1.84e-02  9.33e+04  6.11e+03 -1.00e+05
2015 06 13  0130   57186   5400   1.13e+01  1.30e-01  9.78e-02  5.83e-02  3.96e-02  1.84e-02  8.79e+04  5.52e+03 -1.00e+05
2015 06 13  0135   57186   5700   1.35e+01  1.95e-01  1.36e-01  5.46e-02  4.71e-02  2.91e-02  8.59e+04  5.36e+03 -1.00e+05
2015 06 13  0140   57186   6000   1.88e+01  3.21e-01  1.64e-01  4.97e-02  4.21e-02  2.41e-02  8.47e+04  5.29e+03 -1.00e+05
2015 06 13  0145   57186   6300   2.13e+01  2.33e-01  9.88e-02  5.83e-02  3.96e-02  1.84e-02  8.43e+04  5.06e+03 -1.00e+05
2015 06 13  0150   57186   6600   1.92e+01  2.80e-01  1.24e-01  4.39e-02  3.64e-02  1.84e-02  7.98e+04  4.86e+03 -1.00e+05
2015 06 13  0155   57186   6900   1.14e+01  1.16e-01  8.30e-02  4.39e-02  3.64e-02  1.84e-02  8.27e+04  4.84e+03 -1.00e+05
2015 06 13  0200   57186   7200   1.00e+01  1.34e-01  1.01e-01  6.21e-02  5.45e-02  3.65e-02  7.00e+04  3.78e+03 -1.00e+05
2015 06 13  0205   57186   7500   1.62e+01  2.05e-01  9.66e-02  4.39e-02  3.64e-02  1.84e-02  6.04e+04  3.31e+03 -1.00e+05
2015 06 13  0210   57186   7800   1.28e+01  1.49e-01  9.71e-02  5.44e-02  4.59e-02  2.13e-02  6.77e+04  3.55e+03 -1.00e+05
2015 06 13  0215   57186   8100   1.68e+01  2.71e-01  1.63e-01  5.83e-02  3.96e-02  1.84e-02  6.34e+04  3.37e+03 -1.00e+05
2015 06 13  0220   57186   8400   1.16e+01  1.44e-01  1.11e-01  7.14e-02  4.26e-02  1.84e-02  6.02e+04  3.19e+03 -1.00e+05
2015 06 13  0225   57186   8700   1.29e+01  1.16e-01  8.30e-02  4.39e-02  3.64e-02  1.84e-02  6.46e+04  3.44e+03 -1.00e+05
2015 06 13  0230   57186   9000   1.27e+01  1.70e-01  1.37e-01  4.39e-02  3.64e-02  1.84e-02  6.38e+04  3.47e+03 -1.00e+05
2015 06 13  0235   57186   9300   1.44e+01  1.70e-01  1.37e-01  4.39e-02  3.64e-02  1.84e-02  6.51e+04  3.64e+03 -1.00e+05
2015 06 13  0240   57186   9600   1.36e+01  1.78e-01  1.45e-01  1.06e-01  9.87e-02  4.90e-02  6.69e+04  3.76e+03 -1.00e+05
2015 06 13  0245   57186   9900   1.43e+01  1.34e-01  1.01e-01  4.39e-02  3.64e-02  1.84e-02  6.90e+04  4.02e+03 -1.00e+05
2015 06 13  0250   57186  10200   1.39e+01  1.31e-01  9.84e-02  5.94e-02  5.19e-02  2.34e-02  7.13e+04  4.00e+03 -1.00e+05
2015 06 13  0255   57186  10500   1.49e+01  2.05e-01  1.73e-01  7.81e-02  4.24e-02  1.84e-02  7.04e+04  4.07e+03 -1.00e+05
2015 06 13  0300   57186  10800   1.41e+01  1.70e-01  1.37e-01  4.39e-02  3.64e-02  1.84e-02  7.19e+04  4.24e+03 -1.00e+05
2015 06 13  0305   57186  11100   1.38e+01  1.54e-01  1.21e-01  4.39e-02  3.64e-02  1.84e-02  7.13e+04  4.14e+03 -1.00e+05
2015 06 13  0310   57186  11400   1.37e+01  1.16e-01  8.30e-02  4.39e-02  3.64e-02  1.84e-02  7.06e+04  4.09e+03 -1.00e+05
2015 06 13  0315   57186  11700   1.34e+01  1.78e-01  1.45e-01  5.18e-02  3.81e-02  1.84e-02  7.05e+04  4.01e+03 -1.00e+05
2015 06 13  0320   57186  12000   2.08e+01  3.69e-01  2.12e-01  5.83e-02  3.96e-02  1.84e-02  7.08e+04  4.07e+03 -1.00e+05
2015 06 13  0325   57186  12300   2.24e+01  2.34e-01  9.97e-02  5.96e-02  5.20e-02  3.41e-02  7.13e+04  4.07e+03 -1.00e+05
2015 06 13  0330   57186  12600   1.26e+01  1.80e-01  1.48e-01  6.57e-02  5.81e-02  2.54e-02  7.09e+04  4.05e+03 -1.00e+05
2015 06 13  0335   57186  12900   1.27e+01  1.34e-01  1.01e-01  6.19e-02  5.44e-02  3.31e-02  7.04e+04  3.97e+03 -1.00e+05
2015 06 13  0340   57186  13200   1.92e+01  2.68e-01  1.11e-01  4.97e-02  4.21e-02  2.41e-02  7.02e+04  3.97e+03 -1.00e+05
2015 06 13  0345   57186  13500   1.12e+01  1.70e-01  1.37e-01  4.39e-02  3.64e-02  1.84e-02  7.02e+04  3.88e+03 -1.00e+05
2015 06 13  0350   57186  13800   1.13e+01  1.37e-01  1.05e-01  6.57e-02  5.81e-02  2.54e-02  6.88e+04  3.84e+03 -1.00e+05
2015 06 13  0355   57186  14100   1.15e+01  1.16e-01  8.30e-02  4.39e-02  3.64e-02  1.84e-02  6.81e+04  3.86e+03 -1.00e+05
2015 06 13  0400   57186  14400   1.77e+01  3.45e-01  1.88e-01  7.14e-02  4.26e-02  1.84e-02  6.97e+04  3.86e+03 -1.00e+05
2015 06 13  0405   57186  14700   1.23e+01  2.42e-01  1.83e-01  5.83e-02  3.96e-02  1.84e-02  6.96e+04  3.83e+03 -1.00e+05
2015 06 13  0410   57186  15000   1.06e+01  1.34e-01  1.01e-01  4.39e-02  3.64e-02  1.84e-02  6.64e+04  3.70e+03 -1.00e+05
2015 06 13  0415   57186  15300   1.03e+01  1.80e-01  1.48e-01  5.71e-02  4.96e-02  3.16e-02  6.84e+04  3.82e+03 -1.00e+05
2015 06 13  0420   57186  15600   9.81e+00  1.70e-01  1.37e-01  4.39e-02  3.64e-02  1.84e-02  6.79e+04  3.69e+03 -1.00e+05
2015 06 13  0425   57186  15900   9.77e+00  1.41e-01  1.09e-01  6.95e-02  6.20e-02  4.40e-02  6.52e+04  3.64e+03 -1.00e+05
2015 06 13  0430   57186  16200   9.56e+00  1.16e-01  8.30e-02  4.39e-02  3.64e-02  1.84e-02  6.32e+04  3.46e+03 -1.00e+05
2015 06 13  0435   57186  16500   1.56e+01  2.51e-01  1.17e-01  7.62e-02  5.58e-02  3.41e-02  6.31e+04  3.49e+03 -1.00e+05
2015 06 13  0440   57186  16800   8.63e+00  1.80e-01  1.48e-01  1.09e-01  1.01e-01  5.82e-02  6.48e+04  3.52e+03 -1.00e+05
2015 06 13  0445   57186  17100   7.82e+00  1.16e-01  8.30e-02  4.39e-02  3.64e-02  1.84e-02  6.27e+04  3.44e+03 -1.00e+05
2015 06 13  0450   57186  17400   8.35e+00  1.21e-01  8.87e-02  4.97e-02  4.21e-02  2.41e-02  6.16e+04  3.34e+03 -1.00e+05
2015 06 13  0455   57186  17700   7.34e+00  1.62e-01  1.29e-01  8.93e-02  5.87e-02  3.41e-02  5.83e+04  3.10e+03 -1.00e+05
2015 06 13  0500   57186  18000   6.24e+00  1.82e-01  1.50e-01  1.11e-01  1.03e-01  4.37e-02  5.77e+04  2.96e+03 -1.00e+05
2015 06 13  0505   57186  18300   9.40e+00  2.59e-01  1.01e-01  6.13e-02  5.05e-02  3.16e-02  5.73e+04  2.90e+03 -1.00e+05
2015 06 13  0510   57186  18600   4.58e+00  2.39e-01  2.07e-01  7.80e-02  4.40e-02  1.84e-02  5.47e+04  2.69e+03 -1.00e+05
2015 06 13  0515   57186  18900   4.69e+00  1.69e-01  1.36e-01  9.70e-02  8.95e-02  3.54e-02  4.79e+04  2.16e+03 -1.00e+05
2015 06 13  0520   57186  19200   4.41e+00  1.50e-01  1.17e-01  7.82e-02  7.07e-02  2.94e-02  4.75e+04  2.16e+03 -1.00e+05
2015 06 13  0525   57186  19500   4.24e+00  1.19e-01  8.59e-02  4.69e-02  3.93e-02  1.93e-02  4.57e+04  2.03e+03 -1.00e+05
2015 06 13  0530   57186  19800   3.98e+00  1.41e-01  1.09e-01  6.95e-02  6.20e-02  4.40e-02  3.76e+04  1.64e+03 -1.00e+05
2015 06 13  0535   57186  20100   5.69e+00  2.51e-01  1.45e-01  9.23e-02  7.67e-02  5.63e-02  3.27e+04  1.33e+03 -1.00e+05
2015 06 13  0540   57186  20400   4.38e+00  2.05e-01  1.72e-01  7.80e-02  4.40e-02  1.84e-02  3.18e+04  1.24e+03 -1.00e+05
2015 06 13  0545   57186  20700   7.44e+00  2.19e-01  8.40e-02  4.39e-02  3.64e-02  1.84e-02  2.94e+04  1.19e+03 -1.00e+05
2015 06 13  0550   57186  21000   4.93e+00  2.04e-01  1.71e-01  1.17e-01  1.09e-01  4.15e-02  3.20e+04  1.31e+03 -1.00e+05
2015 06 13  0555   57186  21300   6.10e+00  1.76e-01  1.17e-01  4.39e-02  3.64e-02  1.84e-02  2.94e+04  1.19e+03 -1.00e+05
2015 06 13  0600   57186  21600   9.00e+00  2.70e-01  1.13e-01  5.18e-02  3.81e-02  1.84e-02  3.42e+04  1.51e+03 -1.00e+05
2015 06 13  0605   57186  21900   6.31e+00  1.71e-01  1.39e-01  9.95e-02  9.20e-02  4.52e-02  4.31e+04  2.11e+03 -1.00e+05
2015 06 13  0610   57186  22200   8.19e+00  1.33e-01  1.00e-01  6.07e-02  4.27e-02  2.17e-02  5.10e+04  2.69e+03 -1.00e+05
2015 06 13  0615   57186  22500   1.57e+01  3.57e-01  1.85e-01  7.80e-02  4.40e-02  1.84e-02  6.69e+04  3.98e+03 -1.00e+05
2015 06 13  0620   57186  22800   8.00e+00  1.44e-01  1.11e-01  7.14e-02  4.26e-02  1.84e-02  6.43e+04  3.69e+03 -1.00e+05
2015 06 13  0625   57186  23100   8.62e+00  2.43e-01  1.84e-01  8.38e-02  4.24e-02  1.84e-02  5.92e+04  3.34e+03 -1.00e+05
2015 06 13  0630   57186  23400   7.14e+00  1.50e-01  1.17e-01  7.82e-02  7.07e-02  2.94e-02  5.93e+04  3.30e+03 -1.00e+05
2015 06 13  0635   57186  23700   1.33e+01  4.29e-01  1.72e-01  6.49e-02  4.11e-02  1.84e-02  6.19e+04  3.41e+03 -1.00e+05
2015 06 13  0640   57186  24000   5.86e+00  1.16e-01  8.30e-02  4.39e-02  3.64e-02  1.84e-02  5.91e+04  3.08e+03 -1.00e+05
2015 06 13  0645   57186  24300   5.98e+00  1.70e-01  1.37e-01  4.39e-02  3.64e-02  1.84e-02  5.66e+04  3.01e+03 -1.00e+05
2015 06 13  0650   57186  24600   6.11e+00  1.88e-01  1.29e-01  8.39e-02  5.18e-02  2.66e-02  5.37e+04  2.70e+03 -1.00e+05
2015 06 13  0655   57186  24900   5.05e+00  1.39e-01  1.07e-01  6.77e-02  6.02e-02  4.22e-02  5.16e+04  2.65e+03 -1.00e+05
2015 06 13  0700   57186  25200   8.57e+00  2.74e-01  9.45e-02  5.46e-02  4.71e-02  2.91e-02  4.82e+04  2.44e+03 -1.00e+05
2015 06 13  0705   57186  25500   4.82e+00  1.98e-01  1.65e-01  7.14e-02  4.26e-02  1.84e-02  4.47e+04  2.17e+03 -1.00e+05
2015 06 13  0710   57186  25800   4.45e+00  1.52e-01  1.20e-01  7.95e-02  4.56e-02  2.17e-02  4.59e+04  2.29e+03 -1.00e+05
2015 06 13  0715   57186  26100   4.42e+00  1.16e-01  8.30e-02  4.39e-02  3.64e-02  1.84e-02  4.39e+04  2.20e+03 -1.00e+05
2015 06 13  0720   57186  26400   6.99e+00  2.76e-01  1.21e-01  5.99e-02  5.24e-02  3.44e-02  4.49e+04  2.33e+03 -1.00e+05
2015 06 13  0725   57186  26700   6.18e+00  3.48e-01  2.35e-01  1.36e-01  1.28e-01  7.54e-02  4.29e+04  2.21e+03 -1.00e+05
2015 06 13  0730   57186  27000   3.86e+00  1.51e-01  1.18e-01  7.80e-02  4.40e-02  1.84e-02  3.92e+04  1.93e+03 -1.00e+05
2015 06 13  0735   57186  27300   4.17e+00  1.16e-01  8.30e-02  4.39e-02  3.64e-02  1.84e-02  3.90e+04  1.90e+03 -1.00e+05
2015 06 13  0740   57186  27600   5.30e+00  2.16e-01  1.29e-01  8.03e-02  7.27e-02  3.73e-02  3.82e+04  1.89e+03 -1.00e+05
2015 06 13  0745   57186  27900   3.60e+00  1.31e-01  9.86e-02  5.96e-02  5.20e-02  3.41e-02  3.90e+04  1.96e+03 -1.00e+05
2015 06 13  0750   57186  28200   5.82e+00  2.05e-01  9.66e-02  4.39e-02  3.64e-02  1.84e-02  4.05e+04  2.08e+03 -1.00e+05
2015 06 13  0755   57186  28500   4.17e+00  1.82e-01  1.49e-01  5.96e-02  5.20e-02  3.41e-02  4.01e+04  2.14e+03 -1.00e+05
2015 06 13  0800   57186  28800   4.21e+00  1.68e-01  1.35e-01  9.53e-02  7.35e-02  5.14e-02  4.16e+04  2.18e+03 -1.00e+05
2015 06 13  0805   57186  29100   4.70e+00  2.19e-01  1.12e-01  5.96e-02  5.20e-02  3.41e-02  4.27e+04  2.23e+03 -1.00e+05
2015 06 13  0810   57186  29400   3.88e+00  1.34e-01  1.01e-01  4.39e-02  3.64e-02  1.84e-02  4.40e+04  2.34e+03 -1.00e+05
2015 06 13  0815   57186  29700   3.98e+00  1.45e-01  1.12e-01  7.20e-02  4.33e-02  1.92e-02  4.40e+04  2.46e+03 -1.00e+05
2015 06 13  0820   57186  30000   5.09e+00  1.90e-01  1.31e-01  8.50e-02  4.23e-02  1.84e-02  4.63e+04  2.55e+03 -1.00e+05
2015 06 13  0825   57186  30300   3.84e+00  1.74e-01  1.41e-01  1.01e-01  6.72e-02  4.15e-02  4.41e+04  2.48e+03 -1.00e+05
2015 06 13  0830   57186  30600   4.05e+00  1.85e-01  1.52e-01  5.83e-02  3.96e-02  1.84e-02  4.41e+04  2.45e+03 -1.00e+05
2015 06 13  0835   57186  30900   5.62e+00  3.78e-01  2.34e-01  6.73e-02  5.36e-02  2.34e-02  4.40e+04  2.34e+03 -1.00e+05
2015 06 13  0840   57186  31200   3.86e+00  1.66e-01  1.33e-01  9.30e-02  5.45e-02  2.13e-02  4.19e+04  2.20e+03 -1.00e+05
2015 06 13  0845   57186  31500   3.57e+00  1.24e-01  9.12e-02  5.22e-02  4.46e-02  2.66e-02  3.96e+04  1.96e+03 -1.00e+05
2015 06 13  0850   57186  31800   3.83e+00  1.89e-01  1.56e-01  1.17e-01  1.10e-01  4.35e-02  3.68e+04  1.72e+03 -1.00e+05
2015 06 13  0855   57186  32100   3.60e+00  1.85e-01  1.52e-01  5.83e-02  3.96e-02  1.84e-02  3.39e+04  1.47e+03 -1.00e+05
2015 06 13  0900   57186  32400   3.88e+00  2.19e-01  1.86e-01  7.08e-02  4.88e-02  2.66e-02  3.14e+04  1.33e+03 -1.00e+05
2015 06 13  0905   57186  32700   3.85e+00  1.63e-01  1.30e-01  6.86e-02  6.11e-02  1.85e-02  3.17e+04  1.42e+03 -1.00e+05
2015 06 13  0910   57186  33000   6.98e+00  3.30e-01  1.62e-01  6.13e-02  4.26e-02  1.93e-02  3.36e+04  1.42e+03 -1.00e+05
2015 06 13  0915   57186  33300   4.23e+00  1.53e-01  1.20e-01  7.97e-02  4.24e-02  1.84e-02  3.38e+04  1.24e+03 -1.00e+05
2015 06 13  0920   57186  33600   3.88e+00  1.77e-01  1.45e-01  1.04e-01  7.05e-02  4.66e-02  2.70e+04  7.31e+02 -1.00e+05
2015 06 13  0925   57186  33900   4.05e+00  1.70e-01  1.37e-01  4.39e-02  3.64e-02  1.84e-02  3.31e+04  1.30e+03 -1.00e+05
2015 06 13  0930   57186  34200   4.49e+00  1.34e-01  1.01e-01  4.39e-02  3.64e-02  1.84e-02  4.71e+04  1.94e+03 -1.00e+05
2015 06 13  0935   57186  34500   5.11e+00  3.31e-01  2.98e-01  2.56e-01  1.61e-01  4.75e-02  4.15e+04  1.72e+03 -1.00e+05
2015 06 13  0940   57186  34800   7.26e+00  1.47e-01  8.78e-02  4.39e-02  3.64e-02  1.84e-02  4.91e+04  2.26e+03 -1.00e+05
2015 06 13  0945   57186  35100   7.75e+00  1.81e-01  1.49e-01  1.10e-01  1.02e-01  4.01e-02  5.39e+04  2.57e+03 -1.00e+05
2015 06 13  0950   57186  35400   7.98e+00  2.18e-01  1.86e-01  6.49e-02  4.11e-02  1.84e-02  5.03e+04  2.50e+03 -1.00e+05
2015 06 13  0955   57186  35700   8.34e+00  1.72e-01  1.40e-01  4.72e-02  3.97e-02  2.17e-02  5.65e+04  3.09e+03 -1.00e+05
2015 06 13  1000   57186  36000   1.22e+01  4.07e-01  2.51e-01  7.64e-02  4.23e-02  1.84e-02  5.97e+04  3.32e+03 -1.00e+05
2015 06 13  1005   57186  36300   7.06e+00  1.44e-01  1.11e-01  7.14e-02  4.26e-02  1.84e-02  6.25e+04  3.63e+03 -1.00e+05
2015 06 13  1010   57186  36600   6.72e+00  1.95e-01  1.62e-01  1.23e-01  1.15e-01  4.41e-02  5.72e+04  3.13e+03 -1.00e+05
2015 06 13  1015   57186  36900   6.34e+00  1.71e-01  1.38e-01  4.52e-02  3.67e-02  1.84e-02  5.23e+04  2.73e+03 -1.00e+05
2015 06 13  1020   57186  37200   6.32e+00  1.81e-01  1.22e-01  7.64e-02  4.23e-02  1.84e-02  4.87e+04  2.41e+03 -1.00e+05
2015 06 13  1025   57186  37500   5.53e+00  2.86e-01  2.53e-01  2.12e-01  1.13e-01  1.85e-02  4.60e+04  2.11e+03 -1.00e+05
2015 06 13  1030   57186  37800   4.89e+00  1.97e-01  1.64e-01  1.25e-01  9.57e-02  3.54e-02  4.47e+04  2.00e+03 -1.00e+05
2015 06 13  1035   57186  38100   4.62e+00  1.85e-01  1.52e-01  8.35e-02  7.60e-02  5.02e-02  4.40e+04  1.83e+03 -1.00e+05
2015 06 13  1040   57186  38400   4.45e+00  1.51e-01  1.18e-01  7.94e-02  7.19e-02  5.39e-02  4.23e+04  1.77e+03 -1.00e+05
2015 06 13  1045   57186  38700   5.24e+00  1.66e-01  1.06e-01  4.39e-02  3.64e-02  1.84e-02  3.83e+04  1.49e+03 -1.00e+05
2015 06 13  1050   57186  39000   4.53e+00  2.58e-01  2.26e-01  5.71e-02  4.96e-02  3.16e-02  3.74e+04  1.39e+03 -1.00e+05
2015 06 13  1055   57186  39300   4.18e+00  2.28e-01  1.95e-01  1.56e-01  1.32e-01  4.75e-02  3.54e+04  1.32e+03 -1.00e+05
2015 06 13  1100   57186  39600   4.35e+00  1.53e-01  1.20e-01  8.04e-02  4.71e-02  2.17e-02  3.61e+04  1.32e+03 -1.00e+05
2015 06 13  1105   57186  39900   6.25e+00  3.45e-01  2.39e-01  6.31e-02  5.56e-02  3.76e-02  3.54e+04  1.29e+03 -1.00e+05
2015 06 13  1110   57186  40200   4.25e+00  1.51e-01  1.18e-01  7.94e-02  7.19e-02  5.39e-02  3.47e+04  1.30e+03 -1.00e+05
2015 06 13  1115   57186  40500   5.54e+00  2.41e-01  1.53e-01  1.04e-01  9.67e-02  6.35e-02  3.43e+04  1.24e+03 -1.00e+05
2015 06 13  1120   57186  40800   6.00e+00  2.80e-01  1.24e-01  4.39e-02  3.64e-02  1.84e-02  3.57e+04  1.28e+03 -1.00e+05
2015 06 13  1125   57186  41100   4.48e+00  2.35e-01  1.76e-01  7.64e-02  4.23e-02  1.84e-02  3.68e+04  1.37e+03 -1.00e+05
2015 06 13  1130   57186  41400   4.07e+00  1.59e-01  1.26e-01  8.50e-02  4.23e-02  1.84e-02  3.65e+04  1.37e+03 -1.00e+05
2015 06 13  1135   57186  41700   4.19e+00  2.68e-01  2.35e-01  1.95e-01  1.34e-01  4.57e-02  3.55e+04  1.31e+03 -1.00e+05
2015 06 13  1140   57186  42000   4.64e+00  2.03e-01  1.43e-01  4.52e-02  3.67e-02  1.84e-02  3.42e+04  1.26e+03 -1.00e+05
2015 06 13  1145   57186  42300   4.01e+00  1.46e-01  1.13e-01  7.45e-02  6.69e-02  4.89e-02  3.45e+04  1.27e+03 -1.00e+05
2015 06 13  1150   57186  42600   4.01e+00  1.39e-01  1.06e-01  4.52e-02  3.67e-02  1.84e-02  3.56e+04  1.32e+03 -1.00e+05
2015 06 13  1155   57186  42900   4.28e+00  3.00e-01  2.67e-01  1.02e-01  6.18e-02  3.49e-02  3.67e+04  1.40e+03 -1.00e+05
2015 06 13  1200   57186  43200   4.14e+00  1.31e-01  9.87e-02  5.95e-02  4.82e-02  2.91e-02  3.76e+04  1.49e+03 -1.00e+05
2015 06 13  1205   57186  43500   4.47e+00  1.91e-01  1.32e-01  4.52e-02  3.67e-02  1.84e-02  3.76e+04  1.50e+03 -1.00e+05
2015 06 13  1210   57186  43800   4.06e+00  1.44e-01  1.12e-01  4.39e-02  3.64e-02  1.84e-02  3.80e+04  1.51e+03 -1.00e+05
2015 06 13  1215   57186  44100   4.12e+00  2.92e-01  2.60e-01  8.80e-02  4.81e-02  2.41e-02  3.79e+04  1.51e+03 -1.00e+05
2015 06 13  1220   57186  44400   3.64e+00  1.26e-01  9.37e-02  5.47e-02  4.72e-02  2.74e-02  3.87e+04  1.49e+03 -1.00e+05
2015 06 13  1225   57186  44700   5.88e+00  2.85e-01  1.40e-01  9.92e-02  7.54e-02  2.94e-02  3.96e+04  1.49e+03 -1.00e+05
2015 06 13  1230   57186  45000   3.74e+00  1.30e-01  9.78e-02  5.83e-02  3.96e-02  1.84e-02  3.83e+04  1.47e+03 -1.00e+05
2015 06 13  1235   57186  45300   3.45e+00  2.39e-01  2.06e-01  1.20e-01  8.49e-02  5.88e-02  3.84e+04  1.46e+03 -1.00e+05
2015 06 13  1240   57186  45600   3.79e+00  1.78e-01  1.45e-01  5.18e-02  3.81e-02  1.84e-02  3.85e+04  1.49e+03 -1.00e+05
2015 06 13  1245   57186  45900   3.67e+00  1.60e-01  1.27e-01  5.94e-02  5.19e-02  2.34e-02  3.96e+04  1.52e+03 -1.00e+05
2015 06 13  1250   57186  46200   4.13e+00  1.88e-01  1.28e-01  8.25e-02  4.24e-02  1.84e-02  3.98e+04  1.57e+03 -1.00e+05
2015 06 13  1255   57186  46500   3.67e+00  2.20e-01  1.87e-01  9.73e-02  6.30e-02  3.90e-02  4.13e+04  1.65e+03 -1.00e+05
2015 06 13  1300   57186  46800   3.69e+00  1.16e-01  8.30e-02  4.39e-02  3.64e-02  1.84e-02  4.13e+04  1.71e+03 -1.00e+05
2015 06 13  1305   57186  47100   3.50e+00  1.16e-01  8.30e-02  4.39e-02  3.64e-02  1.84e-02  4.16e+04  1.71e+03 -1.00e+05
2015 06 13  1310   57186  47400   4.22e+00  1.47e-01  8.78e-02  4.39e-02  3.64e-02  1.84e-02  4.17e+04  1.76e+03 -1.00e+05
2015 06 13  1315   57186  47700   3.51e+00  1.60e-01  1.28e-01  8.69e-02  4.56e-02  2.17e-02  4.39e+04  1.87e+03 -1.00e+05
2015 06 13  1320   57186  48000   6.14e+00  4.98e-01  2.06e-01  4.52e-02  3.67e-02  1.84e-02  4.40e+04  1.93e+03 -1.00e+05
2015 06 13  1325   57186  48300   5.54e+00  4.08e-01  3.05e-01  1.10e-01  6.97e-02  4.06e-02  4.58e+04  1.98e+03 -1.00e+05
2015 06 13  1330   57186  48600   3.77e+00  1.16e-01  8.30e-02  4.39e-02  3.64e-02  1.84e-02  4.66e+04  2.06e+03 -1.00e+05
2015 06 13  1335   57186  48900   3.87e+00  1.70e-01  1.37e-01  4.39e-02  3.64e-02  1.84e-02  4.66e+04  2.11e+03 -1.00e+05
2015 06 13  1340   57186  49200   3.76e+00  2.37e-01  2.04e-01  1.21e-01  8.40e-02  5.76e-02  4.88e+04  2.21e+03 -1.00e+05
2015 06 13  1345   57186  49500   6.03e+00  3.04e-01  1.50e-01  8.93e-02  7.99e-02  6.13e-02  4.79e+04  2.23e+03 -1.00e+05
2015 06 13  1350   57186  49800   4.77e+00  2.29e-01  1.58e-01  1.12e-01  8.79e-02  3.34e-02  4.91e+04  2.30e+03 -1.00e+05
2015 06 13  1355   57186  50100   3.64e+00  1.79e-01  1.46e-01  1.06e-01  7.21e-02  2.74e-02  5.11e+04  2.34e+03 -1.00e+05
2015 06 13  1400   57186  50400   3.82e+00  1.71e-01  1.38e-01  7.41e-02  6.56e-02  1.85e-02  5.04e+04  2.40e+03 -1.00e+05
2015 06 13  1405   57186  50700   3.65e+00  1.76e-01  1.44e-01  5.22e-02  4.46e-02  2.66e-02  5.19e+04  2.49e+03 -1.00e+05
2015 06 13  1410   57186  51000   4.54e+00  1.75e-01  1.42e-01  1.03e-01  9.57e-02  3.75e-02  5.43e+04  2.64e+03 -1.00e+05
2015 06 13  1415   57186  51300   3.73e+00  1.70e-01  1.37e-01  4.39e-02  3.64e-02  1.84e-02  5.25e+04  2.62e+03 -1.00e+05
2015 06 13  1420   57186  51600   3.68e+00  1.96e-01  1.63e-01  1.22e-01  7.78e-02  5.39e-02  5.42e+04  2.64e+03 -1.00e+05
2015 06 13  1425   57186  51900   7.53e+00  2.61e-01  1.05e-01  6.46e-02  5.70e-02  3.90e-02  5.42e+04  2.60e+03 -1.00e+05
2015 06 13  1430   57186  52200   4.40e+00  1.30e-01  9.78e-02  5.83e-02  3.96e-02  1.84e-02  5.19e+04  2.55e+03 -1.00e+05
2015 06 13  1435   57186  52500   5.01e+00  1.26e-01  9.37e-02  5.46e-02  4.71e-02  2.91e-02  5.19e+04  2.53e+03 -1.00e+05
2015 06 13  1440   57186  52800   8.79e+00  4.00e-01  1.83e-01  7.45e-02  6.69e-02  4.89e-02  5.23e+04  2.58e+03 -1.00e+05
2015 06 13  1445   57186  53100   4.96e+00  1.24e-01  9.11e-02  5.18e-02  3.81e-02  1.84e-02  5.30e+04  2.62e+03 -1.00e+05
2015 06 13  1450   57186  53400   4.98e+00  1.63e-01  1.31e-01  6.68e-02  5.92e-02  2.96e-02  5.46e+04  2.71e+03 -1.00e+05
2015 06 13  1455   57186  53700   5.11e+00  1.49e-01  1.16e-01  7.69e-02  6.94e-02  5.14e-02  5.69e+04  2.91e+03 -1.00e+05
2015 06 13  1500   57186  54000   5.33e+00  1.88e-01  1.55e-01  1.16e-01  1.08e-01  4.15e-02  5.94e+04  3.19e+03 -1.00e+05
2015 06 13  1505   57186  54300   5.49e+00  2.64e-01  2.31e-01  6.31e-02  5.28e-02  3.41e-02  6.20e+04  3.29e+03 -1.00e+05
2015 06 13  1510   57186  54600   5.82e+00  1.36e-01  1.04e-01  6.46e-02  5.70e-02  3.90e-02  6.26e+04  3.50e+03 -1.00e+05
2015 06 13  1515   57186  54900   6.26e+00  1.39e-01  1.06e-01  4.52e-02  3.67e-02  1.84e-02  6.44e+04  3.64e+03 -1.00e+05
2015 06 13  1520   57186  55200   6.53e+00  2.78e-01  2.45e-01  8.04e-02  6.82e-02  4.89e-02  6.36e+04  3.70e+03 -1.00e+05
2015 06 13  1525   57186  55500   6.53e+00  1.24e-01  9.11e-02  5.18e-02  3.81e-02  1.84e-02  6.56e+04  3.85e+03 -1.00e+05
2015 06 13  1530   57186  55800   9.35e+00  2.06e-01  9.79e-02  4.52e-02  3.67e-02  1.84e-02  6.79e+04  3.97e+03 -1.00e+05
2015 06 13  1535   57186  56100   6.72e+00  1.57e-01  1.25e-01  8.38e-02  4.24e-02  1.84e-02  6.82e+04  4.06e+03 -1.00e+05
2015 06 13  1540   57186  56400   1.37e+01  2.97e-01  1.19e-01  7.95e-02  7.20e-02  5.40e-02  7.13e+04  4.24e+03 -1.00e+05
2015 06 13  1545   57186  56700   7.24e+00  1.26e-01  9.37e-02  5.47e-02  4.72e-02  2.74e-02  6.87e+04  4.23e+03 -1.00e+05
2015 06 13  1550   57186  57000   1.25e+01  3.17e-01  1.62e-01  9.96e-02  6.54e-02  4.15e-02  7.06e+04  4.33e+03 -1.00e+05
2015 06 13  1555   57186  57300   7.61e+00  1.70e-01  1.37e-01  4.39e-02  3.64e-02  1.84e-02  7.10e+04  4.25e+03 -1.00e+05
2015 06 13  1600   57186  57600   7.51e+00  1.36e-01  1.04e-01  6.46e-02  5.70e-02  3.90e-02  7.08e+04  4.29e+03 -1.00e+05
2015 06 13  1605   57186  57900   1.03e+01  2.20e-01  1.11e-01  5.83e-02  3.96e-02  1.84e-02  6.91e+04  4.19e+03 -1.00e+05
2015 06 13  1610   57186  58200   7.97e+00  1.34e-01  1.01e-01  4.39e-02  3.64e-02  1.84e-02  7.39e+04  4.61e+03 -1.00e+05
2015 06 13  1615   57186  58500   8.03e+00  1.16e-01  8.30e-02  4.39e-02  3.64e-02  1.84e-02  7.53e+04  4.88e+03 -1.00e+05
2015 06 13  1620   57186  58800   8.43e+00  2.37e-01  2.05e-01  1.17e-01  7.78e-02  5.39e-02  7.74e+04  5.08e+03 -1.00e+05
2015 06 13  1625   57186  59100   7.75e+00  1.70e-01  1.37e-01  9.83e-02  8.98e-02  3.54e-02  7.76e+04  4.98e+03 -1.00e+05
2015 06 13  1630   57186  59400   8.78e+00  2.39e-01  2.07e-01  6.07e-02  5.22e-02  2.34e-02  7.93e+04  5.22e+03 -1.00e+05
2015 06 13  1635   57186  59700   9.70e+00  1.53e-01  1.20e-01  8.04e-02  5.66e-02  2.34e-02  8.03e+04  5.56e+03 -1.00e+05
2015 06 13  1640   57186  60000   1.37e+01  2.06e-01  9.79e-02  4.52e-02  3.67e-02  1.84e-02  8.33e+04  5.75e+03 -1.00e+05
2015 06 13  1645   57186  60300   9.43e+00  1.71e-01  1.38e-01  7.18e-02  6.42e-02  4.62e-02  8.24e+04  5.60e+03 -1.00e+05
2015 06 13  1650   57186  60600   1.09e+01  1.62e-01  1.03e-01  5.83e-02  3.96e-02  1.84e-02  8.11e+04  5.59e+03 -1.00e+05
2015 06 13  1655   57186  60900   9.51e+00  1.72e-01  1.40e-01  1.00e-01  8.13e-02  6.00e-02  8.33e+04  5.65e+03 -1.00e+05
2015 06 13  1700   57186  61200   1.20e+01  1.47e-01  8.78e-02  4.39e-02  3.64e-02  1.84e-02  8.33e+04  5.75e+03 -1.00e+05
2015 06 13  1705   57186  61500   9.52e+00  1.54e-01  1.21e-01  4.39e-02  3.64e-02  1.84e-02  8.44e+04  5.84e+03 -1.00e+05
2015 06 13  1710   57186  61800   9.48e+00  1.46e-01  1.13e-01  7.38e-02  5.51e-02  2.34e-02  8.79e+04  6.09e+03 -1.00e+05
2015 06 13  1715   57186  62100   1.04e+01  2.65e-01  2.32e-01  6.49e-02  5.52e-02  3.65e-02  8.79e+04  6.26e+03 -1.00e+05
2015 06 13  1720   57186  62400   1.05e+01  1.60e-01  1.28e-01  8.81e-02  6.42e-02  4.15e-02  8.79e+04  6.44e+03 -1.00e+05
2015 06 13  1725   57186  62700   1.78e+01  3.22e-01  1.50e-01  4.39e-02  3.64e-02  1.84e-02  9.15e+04  6.61e+03 -1.00e+05
2015 06 13  1730   57186  63000   1.56e+01  2.22e-01  1.19e-01  6.73e-02  4.93e-02  2.38e-02  9.32e+04  6.84e+03 -1.00e+05
2015 06 13  1735   57186  63300   1.50e+01  2.35e-01  1.39e-01  5.94e-02  5.19e-02  2.34e-02  9.32e+04  6.93e+03 -1.00e+05
2015 06 13  1740   57186  63600   1.10e+01  1.76e-01  1.44e-01  5.22e-02  4.46e-02  2.66e-02  9.32e+04  6.96e+03 -1.00e+05
2015 06 13  1745   57186  63900   1.14e+01  2.50e-01  2.18e-01  4.75e-02  3.99e-02  2.18e-02  9.32e+04  7.00e+03 -1.00e+05
2015 06 13  1750   57186  64200   1.10e+01  1.49e-01  1.17e-01  7.64e-02  4.23e-02  1.84e-02  9.32e+04  7.08e+03 -1.00e+05
2015 06 13  1755   57186  64500   1.08e+01  1.34e-01  1.01e-01  4.39e-02  3.64e-02  1.84e-02  9.32e+04  7.05e+03 -1.00e+05
2015 06 13  1800   57186  64800   1.59e+01  2.33e-01  1.25e-01  7.14e-02  4.26e-02  1.84e-02  9.32e+04  7.02e+03 -1.00e+05
2015 06 13  1805   57186  65100   2.03e+01  2.71e-01  1.17e-01  7.68e-02  6.93e-02  4.63e-02  9.32e+04  7.01e+03 -1.00e+05
2015 06 13  1810   57186  65400   1.11e+01  1.16e-01  8.30e-02  4.39e-02  3.64e-02  1.84e-02  9.32e+04  7.03e+03 -1.00e+05
2015 06 13  1815   57186  65700   1.11e+01  1.17e-01  8.43e-02  4.52e-02  3.67e-02  1.84e-02  9.71e+04  7.15e+03 -1.00e+05
2015 06 13  1820   57186  66000   1.10e+01  1.39e-01  1.06e-01  4.52e-02  3.67e-02  1.84e-02  9.86e+04  7.31e+03 -1.00e+05
2015 06 13  1825   57186  66300   1.15e+01  1.83e-01  1.51e-01  1.10e-01  6.29e-02  2.34e-02  9.86e+04  7.34e+03 -1.00e+05
2015 06 13  1830   57186  66600   1.32e+01  4.56e-01  3.97e-01  9.52e-02  5.31e-02  2.91e-02  9.86e+04  7.16e+03 -1.00e+05
2015 06 13  1835   57186  66900   9.98e+00  2.18e-01  1.86e-01  6.73e-02  4.42e-02  2.17e-02  9.68e+04  6.73e+03 -1.00e+05
2015 06 13  1840   57186  67200   1.07e+01  1.90e-01  1.57e-01  7.20e-02  6.44e-02  4.64e-02  9.83e+04  7.01e+03 -1.00e+05
2015 06 13  1845   57186  67500   1.15e+01  1.78e-01  1.45e-01  1.05e-01  7.96e-02  5.63e-02  9.86e+04  7.11e+03 -1.00e+05
2015 06 13  1850   57186  67800   1.21e+01  2.04e-01  1.71e-01  1.32e-01  1.25e-01  6.08e-02  9.86e+04  7.30e+03 -1.00e+05
2015 06 13  1855   57186  68100   1.22e+01  2.41e-01  2.08e-01  9.25e-02  6.98e-02  4.74e-02  9.86e+04  7.37e+03 -1.00e+05
2015 06 13  1900   57186  68400   1.24e+01  2.34e-01  2.01e-01  1.14e-01  7.78e-02  5.39e-02  9.86e+04  7.38e+03 -1.00e+05
2015 06 13  1905   57186  68700   1.27e+01  1.96e-01  1.63e-01  7.69e-02  6.94e-02  5.14e-02  9.89e+04  7.51e+03 -1.00e+05
2015 06 13  1910   57186  69000   1.32e+01  1.98e-01  1.65e-01  7.14e-02  4.26e-02  1.84e-02  9.98e+04  7.62e+03 -1.00e+05
2015 06 13  1915   57186  69300   1.38e+01  1.16e-01  8.30e-02  4.39e-02  3.64e-02  1.84e-02  1.02e+05  7.90e+03 -1.00e+05
2015 06 13  1920   57186  69600   2.07e+01  2.70e-01  1.63e-01  5.96e-02  5.20e-02  3.41e-02  1.00e+05  8.04e+03 -1.00e+05
2015 06 13  1925   57186  69900   1.45e+01  1.44e-01  1.12e-01  4.39e-02  3.64e-02  1.84e-02  9.94e+04  7.94e+03 -1.00e+05
2015 06 13  1930   57186  70200   1.47e+01  1.39e-01  1.06e-01  6.70e-02  5.95e-02  4.15e-02  9.97e+04  8.03e+03 -1.00e+05
2015 06 13  1935   57186  70500   2.11e+01  2.49e-01  1.44e-01  9.19e-02  8.44e-02  6.64e-02  1.01e+05  8.08e+03 -1.00e+05
2015 06 13  1940   57186  70800   2.16e+01  2.05e-01  9.66e-02  4.39e-02  3.64e-02  1.84e-02  1.03e+05  8.32e+03 -1.00e+05
2015 06 13  1945   57186  71100   2.61e+01  2.97e-01  1.40e-01  7.80e-02  4.40e-02  1.84e-02  1.04e+05  8.57e+03 -1.00e+05
2015 06 13  1950   57186  71400   1.63e+01  1.16e-01  8.30e-02  4.39e-02  3.64e-02  1.84e-02  1.04e+05  8.50e+03 -1.00e+05
2015 06 13  1955   57186  71700   1.65e+01  1.24e-01  9.16e-02  5.24e-02  3.89e-02  1.92e-02  1.04e+05  8.73e+03 -1.00e+05
2015 06 13  2000   57186  72000   1.59e+01  1.58e-01  1.25e-01  8.61e-02  7.24e-02  2.94e-02  1.03e+05  8.44e+03 -1.00e+05
2015 06 13  2005   57186  72300   1.45e+01  1.51e-01  1.18e-01  7.94e-02  7.19e-02  5.39e-02  9.94e+04  8.09e+03 -1.00e+05
2015 06 13  2010   57186  72600   1.63e+01  2.02e-01  1.69e-01  6.55e-02  4.19e-02  1.92e-02  1.04e+05  8.59e+03 -1.00e+05
2015 06 13  2015   57186  72900   1.56e+01  1.41e-01  1.09e-01  6.95e-02  6.20e-02  4.40e-02  9.92e+04  8.29e+03 -1.00e+05
2015 06 13  2020   57186  73200   1.79e+01  1.76e-01  1.18e-01  7.45e-02  6.69e-02  4.89e-02  9.96e+04  8.29e+03 -1.00e+05
2015 06 13  2025   57186  73500   1.68e+01  1.24e-01  9.11e-02  5.18e-02  3.81e-02  1.84e-02  1.01e+05  8.50e+03 -1.00e+05
2015 06 13  2030   57186  73800   1.64e+01  1.44e-01  1.11e-01  7.20e-02  6.44e-02  4.64e-02  9.86e+04  8.22e+03 -1.00e+05
2015 06 13  2035   57186  74100   1.84e+01  2.99e-01  2.42e-01  7.57e-02  6.81e-02  5.01e-02  9.85e+04  7.96e+03 -1.00e+05
2015 06 13  2040   57186  74400   1.46e+01  1.95e-01  1.63e-01  1.23e-01  1.06e-01  4.56e-02  9.61e+04  7.72e+03 -1.00e+05
2015 06 13  2045   57186  74700   1.56e+01  1.63e-01  1.30e-01  9.12e-02  8.37e-02  5.77e-02  9.72e+04  7.90e+03 -1.00e+05
2015 06 13  2050   57186  75000   3.38e+01  3.85e-01  1.18e-01  7.82e-02  7.07e-02  2.94e-02  9.48e+04  7.67e+03 -1.00e+05
2015 06 13  2055   57186  75300   1.54e+01  1.24e-01  9.11e-02  5.18e-02  3.81e-02  1.84e-02  9.36e+04  7.56e+03 -1.00e+05
2015 06 13  2100   57186  75600   2.22e+01  3.43e-01  1.71e-01  6.49e-02  4.11e-02  1.84e-02  9.00e+04  7.09e+03 -1.00e+05
2015 06 13  2105   57186  75900   2.46e+01  3.30e-01  1.29e-01  4.39e-02  3.64e-02  1.84e-02  9.08e+04  7.18e+03 -1.00e+05
2015 06 13  2110   57186  76200   1.66e+01  1.31e-01  9.86e-02  5.96e-02  5.20e-02  3.41e-02  9.03e+04  7.44e+03 -1.00e+05
2015 06 13  2115   57186  76500   2.79e+01  2.44e-01  1.35e-01  8.12e-02  4.24e-02  1.84e-02  9.31e+04  7.83e+03 -1.00e+05
2015 06 13  2120   57186  76800   2.47e+01  2.20e-01  1.12e-01  5.89e-02  4.04e-02  1.92e-02  8.94e+04  7.48e+03 -1.00e+05
2015 06 13  2125   57186  77100   2.11e+01  1.76e-01  1.44e-01  1.05e-01  9.60e-02  3.75e-02  9.26e+04  7.91e+03 -1.00e+05
2015 06 13  2130   57186  77400   2.67e+01  2.20e-01  1.11e-01  5.83e-02  3.96e-02  1.84e-02  8.90e+04  7.59e+03 -1.00e+05
2015 06 13  2135   57186  77700   3.47e+01  4.18e-01  2.02e-01  7.81e-02  7.01e-02  5.20e-02  8.85e+04  7.79e+03 -1.00e+05
2015 06 13  2140   57186  78000   1.98e+01  1.89e-01  1.60e-01  1.04e-01  7.78e-02  5.44e-02  8.96e+04  7.69e+03 -1.00e+05
2015 06 13  2145   57186  78300   2.72e+01  2.87e-01  1.75e-01  8.55e-02  7.75e-02  3.16e-02  8.43e+04  7.15e+03 -1.00e+05
2015 06 13  2150   57186  78600   2.22e+01  1.74e-01  1.27e-01  8.07e-02  4.76e-02  2.22e-02  8.31e+04  6.92e+03 -1.00e+05
2015 06 13  2155   57186  78900   2.21e+01  1.37e-01  8.99e-02  4.45e-02  3.66e-02  1.85e-02  8.19e+04  6.85e+03 -1.00e+05
2015 06 13  2200   57186  79200   1.93e+01  1.27e-01  9.79e-02  5.58e-02  4.78e-02  2.97e-02  7.93e+04  6.71e+03 -1.00e+05
2015 06 13  2205   57186  79500   2.13e+01  1.16e-01  8.67e-02  4.45e-02  3.66e-02  1.85e-02  7.89e+04  6.47e+03 -1.00e+05
2015 06 13  2210   57186  79800   2.14e+01  1.19e-01  9.00e-02  4.78e-02  3.99e-02  1.95e-02  7.67e+04  6.39e+03 -1.00e+05
2015 06 13  2215   57186  80100   2.29e+01  1.47e-01  1.17e-01  7.53e-02  6.73e-02  4.92e-02  7.53e+04  6.42e+03 -1.00e+05
2015 06 13  2220   57186  80400   2.32e+01  1.49e-01  1.20e-01  6.61e-02  5.81e-02  4.00e-02  7.51e+04  6.32e+03 -1.00e+05
2015 06 13  2225   57186  80700   2.55e+01  2.41e-01  2.12e-01  7.53e-02  6.18e-02  4.21e-02  7.47e+04  6.45e+03 -1.00e+05
2015 06 13  2230   57186  81000   4.93e+01  3.01e-01  1.24e-01  7.95e-02  7.15e-02  5.34e-02  7.48e+04  6.50e+03 -1.00e+05
2015 06 13  2235   57186  81300   3.02e+01  2.53e-01  1.88e-01  1.04e-01  8.83e-02  4.19e-02  7.30e+04  6.10e+03 -1.00e+05
2015 06 13  2240   57186  81600   4.06e+01  2.52e-01  1.07e-01  4.45e-02  3.66e-02  1.85e-02  7.06e+04  5.69e+03 -1.00e+05
2015 06 13  2245   57186  81900   2.62e+01  2.01e-01  1.71e-01  1.29e-01  1.21e-01  4.57e-02  6.83e+04  5.71e+03 -1.00e+05
2015 06 13  2250   57186  82200   2.71e+01  2.28e-01  1.99e-01  7.14e-02  4.26e-02  1.85e-02  6.57e+04  5.26e+03 -1.00e+05
2015 06 13  2255   57186  82500   3.30e+01  2.26e-01  1.97e-01  8.07e-02  5.70e-02  2.35e-02  7.24e+04  6.24e+03 -1.00e+05
2015 06 13  2300   57186  82800   2.95e+01  1.16e-01  8.67e-02  4.45e-02  3.66e-02  1.85e-02  7.15e+04  5.90e+03 -1.00e+05
2015 06 13  2305   57186  83100   3.90e+01  1.95e-01  9.87e-02  4.45e-02  3.66e-02  1.85e-02  7.42e+04  6.27e+03 -1.00e+05
2015 06 13  2310   57186  83400   3.99e+01  2.84e-01  2.06e-01  1.30e-01  1.22e-01  4.67e-02  7.75e+04  6.30e+03 -1.00e+05
2015 06 13  2315   57186  83700   2.72e+01  1.20e-01  9.05e-02  4.83e-02  4.04e-02  2.22e-02  7.81e+04  6.52e+03 -1.00e+05
2015 06 13  2320   57186  84000   2.41e+01  1.16e-01  8.67e-02  4.45e-02  3.66e-02  1.85e-02  7.48e+04  6.25e+03 -1.00e+05
2015 06 13  2325   57186  84300   2.51e+01  1.30e-01  1.01e-01  5.83e-02  3.97e-02  1.85e-02  8.36e+04  7.02e+03 -1.00e+05
2015 06 13  2330   57186  84600   2.62e+01  2.92e-01  1.95e-01  1.38e-01  1.04e-01  3.76e-02  7.46e+04  6.54e+03 -1.00e+05
2015 06 13  2335   57186  84900   2.03e+01  1.76e-01  1.31e-01  8.57e-02  6.01e-02  3.68e-02  8.86e+04  7.18e+03 -1.00e+05
2015 06 13  2340   57186  85200   2.29e+01  2.25e-01  1.32e-01  7.81e-02  7.01e-02  5.20e-02  8.13e+04  6.77e+03 -1.00e+05
2015 06 13  2345   57186  85500   1.71e+01  1.59e-01  1.30e-01  8.80e-02  8.00e-02  6.19e-02  8.76e+04  6.89e+03 -1.00e+05
2015 06 13  2350   57186  85800   1.55e+01  2.24e-01  1.94e-01  5.58e-02  4.78e-02  2.97e-02  8.37e+04  6.55e+03 -1.00e+05
2015 06 13  2355   57186  86100   1.68e+01  1.42e-01  1.13e-01  7.06e-02  6.26e-02  4.45e-02  8.79e+04  6.89e+03 -1.00e+05
