:Data_list: 20150906_Gp_part_5m.txt
:Created: 2015 Sep 07 0011 UTC
# Prepared by the U.S. Dept. of Commerce, NOAA, Space Weather Prediction Center
# Please send comments and suggestions to SWPC.Webmaster@noaa.gov 
# 
# Label: P > 1 = Particles at >1 Mev
# Label: P > 5 = Particles at >5 Mev
# Label: P >10 = Particles at >10 Mev
# Label: P >30 = Particles at >30 Mev
# Label: P >50 = Particles at >50 Mev
# Label: P>100 = Particles at >100 Mev
# Label: E>0.8 = Electrons at >0.8 Mev
# Label: E>2.0 = Electrons at >2.0 Mev
# Label: E>4.0 = Electrons at >4.0 Mev
# Units: Particles = Protons/cm2-s-sr
# Units: Electrons = Electrons/cm2-s-sr
# Source: GOES-13
# Location: W076
# Missing data: -1.00e+05
#
#                      5-minute  GOES-13 Solar Particle and Electron Flux
#
#                 Modified Seconds
# UTC Date  Time   Julian  of the
# YR MO DA  HHMM    Day     Day     P > 1     P > 5     P >10     P >30     P >50     P>100     E>0.8     E>2.0     E>4.0
#-------------------------------------------------------------------------------------------------------------------------
2015 09 06  0000   57271      0   1.45e+00  1.33e-01  1.06e-01  6.95e-02  4.51e-02  2.12e-02  2.73e+04  6.28e+02 -1.00e+05
2015 09 06  0005   57271    300   1.48e+00  1.15e-01  8.73e-02  5.14e-02  4.18e-02  2.15e-02  2.79e+04  6.41e+02 -1.00e+05
2015 09 06  0010   57271    600   3.08e+00  3.86e-01  2.04e-01  8.50e-02  6.53e-02  4.27e-02  2.84e+04  6.54e+02 -1.00e+05
2015 09 06  0015   57271    900   1.56e+00  1.27e-01  9.92e-02  6.29e-02  4.36e-02  2.12e-02  2.74e+04  6.57e+02 -1.00e+05
2015 09 06  0020   57271   1200   1.30e+00  1.14e-01  8.63e-02  5.04e-02  4.08e-02  2.12e-02  2.86e+04  6.60e+02 -1.00e+05
2015 09 06  0025   57271   1500   1.51e+00  1.50e-01  1.23e-01  8.67e-02  7.72e-02  5.76e-02  2.73e+04  6.29e+02 -1.00e+05
2015 09 06  0030   57271   1800   1.56e+00  1.14e-01  8.63e-02  5.04e-02  4.08e-02  2.12e-02  2.77e+04  6.53e+02 -1.00e+05
2015 09 06  0035   57271   2100   2.04e+00  2.80e-01  1.96e-01  1.20e-01  1.10e-01  6.31e-02  2.71e+04  5.98e+02 -1.00e+05
2015 09 06  0040   57271   2400   1.39e+00  1.43e-01  1.16e-01  7.99e-02  7.04e-02  2.24e-02  2.74e+04  6.04e+02 -1.00e+05
2015 09 06  0045   57271   2700   1.58e+00  1.53e-01  1.26e-01  8.85e-02  4.67e-02  2.12e-02  2.73e+04  6.05e+02 -1.00e+05
2015 09 06  0050   57271   3000   1.52e+00  1.52e-01  1.25e-01  8.90e-02  7.94e-02  3.36e-02  2.71e+04  5.77e+02 -1.00e+05
2015 09 06  0055   57271   3300   1.43e+00  1.18e-01  9.04e-02  5.45e-02  4.50e-02  2.54e-02  2.69e+04  5.83e+02 -1.00e+05
2015 09 06  0100   57271   3600   1.60e+00  1.43e-01  1.16e-01  5.04e-02  4.08e-02  2.12e-02  2.73e+04  5.70e+02 -1.00e+05
2015 09 06  0105   57271   3900   1.51e+00  1.53e-01  1.26e-01  8.92e-02  5.66e-02  3.03e-02  2.51e+04  4.83e+02 -1.00e+05
2015 09 06  0110   57271   4200   2.22e+00  2.40e-01  1.22e-01  6.95e-02  4.51e-02  2.12e-02  2.19e+04  3.73e+02 -1.00e+05
2015 09 06  0115   57271   4500   1.58e+00  2.13e-01  1.81e-01  1.03e-01  9.33e-02  4.26e-02  2.28e+04  4.17e+02 -1.00e+05
2015 09 06  0120   57271   4800   1.24e+00  1.23e-01  9.54e-02  5.95e-02  4.99e-02  3.03e-02  2.29e+04  3.83e+02 -1.00e+05
2015 09 06  0125   57271   5100   1.02e+00  1.14e-01  8.63e-02  5.04e-02  4.08e-02  2.12e-02  2.02e+04  3.64e+02 -1.00e+05
2015 09 06  0130   57271   5400   1.73e+00  3.22e-01  1.47e-01  5.04e-02  4.08e-02  2.12e-02  2.18e+04  3.56e+02 -1.00e+05
2015 09 06  0135   57271   5700   9.48e-01  2.22e-01  1.94e-01  7.78e-02  6.82e-02  3.45e-02  1.94e+04  3.06e+02 -1.00e+05
2015 09 06  0140   57271   6000   9.48e-01  1.53e-01  1.26e-01  6.39e-02  5.44e-02  2.56e-02  1.85e+04  3.01e+02 -1.00e+05
2015 09 06  0145   57271   6300   9.11e-01  1.98e-01  1.71e-01  6.69e-02  5.73e-02  3.78e-02  1.84e+04  2.94e+02 -1.00e+05
2015 09 06  0150   57271   6600   1.57e+00  1.73e-01  1.05e-01  6.20e-02  5.24e-02  3.28e-02  1.76e+04  2.66e+02 -1.00e+05
2015 09 06  0155   57271   6900   1.56e+00  1.63e-01  9.37e-02  5.04e-02  4.08e-02  2.12e-02  1.71e+04  2.86e+02 -1.00e+05
2015 09 06  0200   57271   7200   1.07e+00  1.68e-01  1.41e-01  1.05e-01  9.08e-02  7.00e-02  1.80e+04  2.59e+02 -1.00e+05
2015 09 06  0205   57271   7500   1.20e+00  1.14e-01  8.63e-02  5.04e-02  4.08e-02  2.12e-02  1.75e+04  2.67e+02 -1.00e+05
2015 09 06  0210   57271   7800   1.33e+00  2.04e-01  1.77e-01  8.18e-02  7.22e-02  5.26e-02  1.73e+04  2.70e+02 -1.00e+05
2015 09 06  0215   57271   8100   1.22e+00  1.25e-01  9.79e-02  6.20e-02  5.24e-02  3.28e-02  1.92e+04  3.29e+02 -1.00e+05
2015 09 06  0220   57271   8400   2.23e+00  2.01e-01  8.78e-02  5.04e-02  4.08e-02  2.12e-02  2.31e+04  4.76e+02 -1.00e+05
2015 09 06  0225   57271   8700   2.39e+00  2.81e-01  1.55e-01  1.02e-01  9.20e-02  3.76e-02  2.28e+04  4.50e+02 -1.00e+05
2015 09 06  0230   57271   9000   1.61e+00  1.55e-01  1.27e-01  5.04e-02  4.08e-02  2.12e-02  2.42e+04  5.41e+02 -1.00e+05
2015 09 06  0235   57271   9300   2.16e+00  2.50e-01  1.32e-01  5.04e-02  4.08e-02  2.12e-02  2.54e+04  5.23e+02 -1.00e+05
2015 09 06  0240   57271   9600   1.62e+00  1.14e-01  8.63e-02  5.04e-02  4.08e-02  2.12e-02  2.68e+04  5.95e+02 -1.00e+05
2015 09 06  0245   57271   9900   1.87e+00  1.31e-01  1.04e-01  6.79e-02  5.83e-02  3.87e-02  2.84e+04  6.43e+02 -1.00e+05
2015 09 06  0250   57271  10200   3.56e+00  3.62e-01  1.78e-01  5.45e-02  4.50e-02  2.54e-02  2.75e+04  6.13e+02 -1.00e+05
2015 09 06  0255   57271  10500   1.76e+00  1.47e-01  1.19e-01  8.26e-02  4.80e-02  2.12e-02  2.56e+04  5.34e+02 -1.00e+05
2015 09 06  0300   57271  10800   2.68e+00  3.09e-01  2.02e-01  1.51e-01  1.29e-01  5.63e-02  2.68e+04  5.17e+02 -1.00e+05
2015 09 06  0305   57271  11100   3.18e+00  2.23e-01  1.11e-01  7.31e-02  5.68e-02  3.53e-02  2.40e+04  4.77e+02 -1.00e+05
2015 09 06  0310   57271  11400   2.09e+00  2.11e-01  1.84e-01  7.60e-02  4.66e-02  2.12e-02  2.56e+04  5.21e+02 -1.00e+05
2015 09 06  0315   57271  11700   1.71e+00  2.02e-01  1.74e-01  7.62e-02  6.20e-02  4.10e-02  2.48e+04  4.97e+02 -1.00e+05
2015 09 06  0320   57271  12000   2.40e+00  2.34e-01  1.65e-01  5.04e-02  4.08e-02  2.12e-02  2.24e+04  3.98e+02 -1.00e+05
2015 09 06  0325   57271  12300   1.94e+00  2.06e-01  1.78e-01  7.44e-02  6.48e-02  4.52e-02  2.31e+04  4.32e+02 -1.00e+05
2015 09 06  0330   57271  12600   2.88e+00  2.53e-01  1.36e-01  8.26e-02  4.80e-02  2.12e-02  2.27e+04  4.21e+02 -1.00e+05
2015 09 06  0335   57271  12900   2.77e+00  1.43e-01  1.16e-01  5.04e-02  4.08e-02  2.12e-02  2.34e+04  4.68e+02 -1.00e+05
2015 09 06  0340   57271  13200   2.74e+00  2.80e-01  2.52e-01  9.57e-02  5.10e-02  2.12e-02  2.60e+04  4.90e+02 -1.00e+05
2015 09 06  0345   57271  13500   3.55e+00  2.91e-01  1.74e-01  5.04e-02  4.08e-02  2.12e-02  2.46e+04  4.53e+02 -1.00e+05
2015 09 06  0350   57271  13800   1.86e+00  1.40e-01  1.13e-01  7.60e-02  4.66e-02  2.12e-02  2.20e+04  4.14e+02 -1.00e+05
2015 09 06  0355   57271  14100   1.95e+00  1.91e-01  1.64e-01  5.64e-02  4.21e-02  2.12e-02  2.33e+04  4.01e+02 -1.00e+05
2015 09 06  0400   57271  14400   1.79e+00  1.32e-01  1.05e-01  6.90e-02  5.72e-02  3.42e-02  2.23e+04  3.96e+02 -1.00e+05
2015 09 06  0405   57271  14700   1.54e+00  1.52e-01  1.25e-01  8.90e-02  7.94e-02  3.36e-02  2.22e+04  3.91e+02 -1.00e+05
2015 09 06  0410   57271  15000   1.39e+00  1.55e-01  1.28e-01  5.14e-02  4.18e-02  2.15e-02  2.09e+04  3.36e+02 -1.00e+05
2015 09 06  0415   57271  15300   1.05e+00  1.14e-01  8.63e-02  5.04e-02  4.08e-02  2.12e-02  1.93e+04  2.87e+02 -1.00e+05
2015 09 06  0420   57271  15600   9.28e-01  1.48e-01  1.21e-01  8.39e-02  4.67e-02  2.12e-02  1.78e+04  2.38e+02 -1.00e+05
2015 09 06  0425   57271  15900   1.28e+00  2.05e-01  1.36e-01  9.11e-02  4.67e-02  2.12e-02  1.65e+04  2.23e+02 -1.00e+05
2015 09 06  0430   57271  16200   1.56e+00  2.35e-01  9.94e-02  6.20e-02  5.24e-02  3.28e-02  1.65e+04  2.10e+02 -1.00e+05
2015 09 06  0435   57271  16500   7.82e-01  1.88e-01  1.61e-01  7.55e-02  6.32e-02  3.43e-02  1.54e+04  1.90e+02 -1.00e+05
2015 09 06  0440   57271  16800   7.64e-01  1.89e-01  1.61e-01  9.31e-02  8.35e-02  4.95e-02  1.32e+04  1.19e+02 -1.00e+05
2015 09 06  0445   57271  17100   5.83e-01  2.30e-01  2.03e-01  9.99e-02  7.05e-02  4.52e-02  9.05e+03  4.51e+01 -1.00e+05
2015 09 06  0450   57271  17400   4.68e-01  1.47e-01  1.19e-01  8.26e-02  4.80e-02  2.12e-02  5.62e+03  2.52e+01 -1.00e+05
2015 09 06  0455   57271  17700   8.92e-01  3.49e-01  1.78e-01  8.43e-02  7.47e-02  5.51e-02  4.66e+03  1.35e+01 -1.00e+05
2015 09 06  0500   57271  18000   3.79e-01  1.55e-01  1.27e-01  5.04e-02  4.08e-02  2.12e-02  1.92e+03  7.84e+00 -1.00e+05
2015 09 06  0505   57271  18300   3.78e-01  2.22e-01  1.94e-01  8.56e-02  4.67e-02  2.12e-02  6.28e+02  4.80e-01 -1.00e+05
2015 09 06  0510   57271  18600   2.92e-01  1.70e-01  1.43e-01  1.05e-01  5.66e-02  2.35e-02  6.32e+02  5.00e+00 -1.00e+05
2015 09 06  0515   57271  18900   2.69e-01  1.14e-01  8.63e-02  5.04e-02  4.08e-02  2.12e-02  3.98e+02  6.72e-01 -1.00e+05
2015 09 06  0520   57271  19200   4.35e-01  1.47e-01  1.20e-01  8.31e-02  5.87e-02  2.56e-02  2.72e+02  1.33e-01 -1.00e+05
2015 09 06  0525   57271  19500   1.89e-01  1.61e-01  1.34e-01  9.69e-02  5.26e-02  2.29e-02  1.68e+03  9.00e+00 -1.00e+05
2015 09 06  0530   57271  19800   5.23e-01  1.63e-01  9.37e-02  5.04e-02  4.08e-02  2.12e-02  3.57e+03  2.31e+01 -1.00e+05
2015 09 06  0535   57271  20100   6.94e-01  1.98e-01  1.71e-01  7.47e-02  6.51e-02  4.55e-02  5.57e+03  3.13e+01 -1.00e+05
2015 09 06  0540   57271  20400   5.92e-01  1.29e-01  1.02e-01  6.57e-02  5.61e-02  3.23e-02  5.55e+03  2.39e+01 -1.00e+05
2015 09 06  0545   57271  20700   4.60e-01  1.36e-01  1.09e-01  7.32e-02  6.36e-02  4.41e-02  3.10e+03  1.09e+01 -1.00e+05
2015 09 06  0550   57271  21000   5.16e-01  1.63e-01  9.37e-02  5.04e-02  4.08e-02  2.12e-02  6.72e+02  1.59e+00 -1.00e+05
2015 09 06  0555   57271  21300   2.73e-01  1.14e-01  8.63e-02  5.04e-02  4.08e-02  2.12e-02  2.39e+02  1.62e+00 -1.00e+05
2015 09 06  0600   57271  21600   5.06e-01  2.19e-01  1.07e-01  6.94e-02  5.98e-02  4.02e-02  1.04e+02  1.33e-01 -1.00e+05
2015 09 06  0605   57271  21900   4.49e-01  1.77e-01  1.50e-01  5.64e-02  4.21e-02  2.12e-02  5.85e+02  1.61e+00 -1.00e+05
2015 09 06  0610   57271  22200   1.42e-01  1.14e-01  8.63e-02  5.04e-02  4.08e-02  2.12e-02  9.83e+02  1.64e-01 -1.00e+05
2015 09 06  0615   57271  22500   2.87e-01  1.85e-01  1.58e-01  5.04e-02  4.08e-02  2.12e-02  7.02e+02  1.92e+00 -1.00e+05
2015 09 06  0620   57271  22800   2.59e-01  1.47e-01  1.20e-01  8.43e-02  7.47e-02  5.51e-02  7.58e+02  2.90e+00 -1.00e+05
2015 09 06  0625   57271  23100   3.78e-01  3.23e-01  2.06e-01  8.37e-02  4.91e-02  2.15e-02  4.94e+02  1.63e-01 -1.00e+05
2015 09 06  0630   57271  23400   2.85e-01  1.62e-01  1.34e-01  6.94e-02  5.98e-02  4.02e-02  4.86e+02  1.33e-01 -1.00e+05
2015 09 06  0635   57271  23700   2.20e-01  1.14e-01  8.63e-02  5.04e-02  4.08e-02  2.12e-02  3.97e+02  1.96e+00 -1.00e+05
2015 09 06  0640   57271  24000   3.94e-01  2.32e-01  2.04e-01  9.57e-02  5.10e-02  2.12e-02  2.46e+02  1.33e-01 -1.00e+05
2015 09 06  0645   57271  24300   2.92e-01  2.64e-01  2.37e-01  1.34e-01  9.92e-02  3.76e-02  7.20e+01  1.33e-01 -1.00e+05
2015 09 06  0650   57271  24600   1.42e-01  1.14e-01  8.63e-02  5.04e-02  4.08e-02  2.12e-02  3.95e+01  7.44e-01 -1.00e+05
2015 09 06  0655   57271  24900   2.40e-01  1.20e-01  9.29e-02  5.70e-02  4.74e-02  2.79e-02  1.30e+01  1.33e-01 -1.00e+05
2015 09 06  0700   57271  25200   2.02e-01  1.74e-01  1.47e-01  1.09e-01  6.57e-02  4.02e-02  2.71e+01  1.33e-01 -1.00e+05
2015 09 06  0705   57271  25500   3.25e-01  1.23e-01  9.54e-02  5.95e-02  4.99e-02  3.03e-02  4.12e+01  1.33e-01 -1.00e+05
2015 09 06  0710   57271  25800   3.74e-01  2.25e-01  1.98e-01  8.92e-02  4.95e-02  2.12e-02  2.30e+02  8.20e-01 -1.00e+05
2015 09 06  0715   57271  26100   1.61e-01  1.33e-01  1.05e-01  6.94e-02  5.98e-02  4.02e-02  5.35e+02  3.22e+00 -1.00e+05
2015 09 06  0720   57271  26400   3.97e-01  2.26e-01  1.09e-01  5.64e-02  4.21e-02  2.12e-02  5.09e+02  3.14e+00 -1.00e+05
2015 09 06  0725   57271  26700   1.42e-01  1.14e-01  8.63e-02  5.04e-02  4.08e-02  2.12e-02  4.64e+02  1.27e+00 -1.00e+05
2015 09 06  0730   57271  27000   3.00e-01  1.14e-01  8.63e-02  5.04e-02  4.08e-02  2.12e-02  4.36e+02  1.20e+00 -1.00e+05
2015 09 06  0735   57271  27300   2.83e-01  1.14e-01  8.63e-02  5.04e-02  4.08e-02  2.12e-02  2.24e+02  1.64e+00 -1.00e+05
2015 09 06  0740   57271  27600   4.38e-01  2.65e-01  2.37e-01  1.03e-01  6.74e-02  4.02e-02  2.78e+02  1.33e-01 -1.00e+05
2015 09 06  0745   57271  27900   6.95e-01  2.20e-01  1.03e-01  5.04e-02  4.08e-02  2.12e-02  4.30e+02  1.33e-01 -1.00e+05
2015 09 06  0750   57271  28200   3.31e-01  1.48e-01  1.21e-01  8.39e-02  4.67e-02  2.12e-02  5.81e+02  3.04e+00 -1.00e+05
2015 09 06  0755   57271  28500   5.67e-01  1.73e-01  1.46e-01  6.94e-02  5.98e-02  4.02e-02  7.63e+02  3.53e+00 -1.00e+05
2015 09 06  0800   57271  28800   4.52e-01  1.92e-01  1.65e-01  5.95e-02  4.99e-02  3.03e-02  1.35e+03  2.80e+00 -1.00e+05
2015 09 06  0805   57271  29100   6.21e-01  1.14e-01  8.63e-02  5.04e-02  4.08e-02  2.12e-02  1.90e+03  6.38e+00 -1.00e+05
2015 09 06  0810   57271  29400   6.14e-01  1.65e-01  1.27e-01  8.90e-02  7.94e-02  3.36e-02  2.40e+03  8.88e+00 -1.00e+05
2015 09 06  0815   57271  29700   3.47e-01  1.45e-01  1.18e-01  8.18e-02  7.22e-02  5.26e-02  2.72e+03  1.01e+01 -1.00e+05
2015 09 06  0820   57271  30000   6.25e-01  1.85e-01  1.58e-01  5.04e-02  4.08e-02  2.12e-02  3.41e+03  1.75e+01 -1.00e+05
2015 09 06  0825   57271  30300   5.30e-01  1.14e-01  8.63e-02  5.04e-02  4.08e-02  2.12e-02  3.58e+03  1.64e+01 -1.00e+05
2015 09 06  0830   57271  30600   6.71e-01  1.76e-01  1.49e-01  6.39e-02  5.44e-02  2.56e-02  3.67e+03  2.26e+01 -1.00e+05
2015 09 06  0835   57271  30900   8.18e-01  2.52e-01  1.17e-01  7.93e-02  6.97e-02  5.01e-02  4.36e+03  3.03e+01 -1.00e+05
2015 09 06  0840   57271  31200   5.55e-01  1.48e-01  1.21e-01  8.39e-02  4.67e-02  2.12e-02  3.92e+03  3.12e+01 -1.00e+05
2015 09 06  0845   57271  31500   5.38e-01  1.50e-01  1.23e-01  8.67e-02  7.31e-02  4.92e-02  3.76e+03  2.53e+01 -1.00e+05
2015 09 06  0850   57271  31800   4.80e-01  1.38e-01  1.10e-01  7.44e-02  6.48e-02  4.52e-02  2.92e+03  2.44e+01 -1.00e+05
2015 09 06  0855   57271  32100   8.39e-01  2.91e-01  1.74e-01  5.04e-02  4.08e-02  2.12e-02  3.68e+03  3.40e+01 -1.00e+05
2015 09 06  0900   57271  32400   7.30e-01  2.50e-01  2.23e-01  7.02e-02  6.06e-02  2.76e-02  4.77e+03  6.35e+01 -1.00e+05
2015 09 06  0905   57271  32700   5.84e-01  1.43e-01  1.16e-01  8.01e-02  7.05e-02  4.37e-02  5.00e+03  6.55e+01 -1.00e+05
2015 09 06  0910   57271  33000   4.19e-01  1.25e-01  9.79e-02  6.20e-02  5.24e-02  3.28e-02  3.97e+03  3.80e+01 -1.00e+05
2015 09 06  0915   57271  33300   3.92e-01  1.63e-01  1.05e-01  6.39e-02  5.44e-02  2.56e-02  3.48e+03  3.24e+01 -1.00e+05
2015 09 06  0920   57271  33600   5.39e-01  2.21e-01  1.94e-01  1.56e-01  8.98e-02  3.16e-02  3.24e+03  4.29e+01 -1.00e+05
2015 09 06  0925   57271  33900   4.12e-01  1.85e-01  1.58e-01  5.04e-02  4.08e-02  2.12e-02  3.25e+03  4.90e+01 -1.00e+05
2015 09 06  0930   57271  34200   4.48e-01  1.27e-01  9.92e-02  6.29e-02  4.36e-02  2.12e-02  3.79e+03  6.32e+01 -1.00e+05
2015 09 06  0935   57271  34500   4.08e-01  1.14e-01  8.63e-02  5.04e-02  4.08e-02  2.12e-02  4.43e+03  8.54e+01 -1.00e+05
2015 09 06  0940   57271  34800   6.03e-01  1.85e-01  1.58e-01  5.04e-02  4.08e-02  2.12e-02  4.62e+03  8.87e+01 -1.00e+05
2015 09 06  0945   57271  35100   7.12e-01  1.95e-01  1.67e-01  1.31e-01  1.04e-01  6.27e-02  4.99e+03  1.02e+02 -1.00e+05
2015 09 06  0950   57271  35400   6.80e-01  2.00e-01  1.73e-01  6.29e-02  4.36e-02  2.12e-02  6.06e+03  1.23e+02 -1.00e+05
2015 09 06  0955   57271  35700   8.02e-01  2.08e-01  1.81e-01  9.40e-02  7.69e-02  5.51e-02  6.02e+03  1.31e+02 -1.00e+05
2015 09 06  1000   57271  36000   9.96e-01  2.46e-01  1.78e-01  6.69e-02  5.73e-02  3.78e-02  5.77e+03  1.19e+02 -1.00e+05
2015 09 06  1005   57271  36300   4.24e-01  1.14e-01  8.63e-02  5.04e-02  4.08e-02  2.12e-02  5.87e+03  1.27e+02 -1.00e+05
2015 09 06  1010   57271  36600   5.17e-01  1.85e-01  1.58e-01  5.04e-02  4.08e-02  2.12e-02  7.63e+03  1.65e+02 -1.00e+05
2015 09 06  1015   57271  36900   1.24e+00  5.08e-01  2.04e-01  9.80e-02  8.84e-02  4.61e-02  8.81e+03  1.89e+02 -1.00e+05
2015 09 06  1020   57271  37200   9.83e-01  3.48e-01  1.09e-01  7.19e-02  6.23e-02  4.27e-02  1.12e+04  2.22e+02 -1.00e+05
2015 09 06  1025   57271  37500   7.33e-01  1.98e-01  1.71e-01  1.34e-01  9.53e-02  4.06e-02  1.02e+04  1.75e+02 -1.00e+05
2015 09 06  1030   57271  37800   4.72e-01  1.14e-01  8.63e-02  5.04e-02  4.08e-02  2.12e-02  1.01e+04  1.32e+02 -1.00e+05
2015 09 06  1035   57271  38100   9.53e-01  3.03e-01  2.38e-01  1.31e-01  9.05e-02  6.50e-02  1.10e+04  1.53e+02 -1.00e+05
2015 09 06  1040   57271  38400   9.85e-01  2.47e-01  8.77e-02  5.04e-02  4.08e-02  2.12e-02  9.67e+03  1.40e+02 -1.00e+05
2015 09 06  1045   57271  38700   4.82e-01  1.85e-01  1.58e-01  5.04e-02  4.08e-02  2.12e-02  1.05e+04  1.62e+02 -1.00e+05
2015 09 06  1050   57271  39000   9.06e-01  1.64e-01  9.54e-02  5.21e-02  4.25e-02  2.29e-02  1.09e+04  1.80e+02 -1.00e+05
2015 09 06  1055   57271  39300   7.70e-01  1.20e-01  9.29e-02  5.70e-02  4.74e-02  2.79e-02  1.04e+04  1.53e+02 -1.00e+05
2015 09 06  1100   57271  39600   8.55e-01  1.60e-01  1.33e-01  9.57e-02  5.10e-02  2.12e-02  9.66e+03  1.47e+02 -1.00e+05
2015 09 06  1105   57271  39900   9.55e-01  1.97e-01  1.70e-01  1.34e-01  1.04e-01  3.97e-02  9.10e+03  1.55e+02 -1.00e+05
2015 09 06  1110   57271  40200   1.36e+00  2.20e-01  1.03e-01  5.04e-02  4.08e-02  2.12e-02  1.09e+04  2.04e+02 -1.00e+05
2015 09 06  1115   57271  40500   9.84e-01  1.98e-01  1.71e-01  6.66e-02  5.53e-02  3.53e-02  1.26e+04  2.50e+02 -1.00e+05
2015 09 06  1120   57271  40800   9.00e-01  2.11e-01  1.84e-01  1.28e-01  8.34e-02  3.16e-02  1.43e+04  3.18e+02 -1.00e+05
2015 09 06  1125   57271  41100   8.44e-01  1.14e-01  8.63e-02  5.04e-02  4.08e-02  2.12e-02  1.64e+04  3.77e+02 -1.00e+05
2015 09 06  1130   57271  41400   8.80e-01  1.20e-01  9.25e-02  5.64e-02  4.21e-02  2.12e-02  1.70e+04  4.02e+02 -1.00e+05
2015 09 06  1135   57271  41700   1.51e+00  2.52e-01  1.18e-01  8.10e-02  7.15e-02  4.73e-02  1.72e+04  4.05e+02 -1.00e+05
2015 09 06  1140   57271  42000   8.29e-01  1.85e-01  1.58e-01  5.04e-02  4.08e-02  2.12e-02  1.81e+04  4.31e+02 -1.00e+05
2015 09 06  1145   57271  42300   1.04e+00  1.20e-01  9.29e-02  5.70e-02  4.74e-02  2.79e-02  1.88e+04  4.39e+02 -1.00e+05
2015 09 06  1150   57271  42600   1.89e+00  3.13e-01  1.33e-01  9.34e-02  4.67e-02  2.12e-02  1.91e+04  4.97e+02 -1.00e+05
2015 09 06  1155   57271  42900   1.19e+00  2.47e-01  2.19e-01  7.65e-02  6.69e-02  2.96e-02  2.01e+04  5.09e+02 -1.00e+05
2015 09 06  1200   57271  43200   1.45e+00  1.78e-01  1.51e-01  1.14e-01  8.22e-02  4.20e-02  1.92e+04  4.50e+02 -1.00e+05
2015 09 06  1205   57271  43500   2.18e+00  2.58e-01  1.43e-01  9.10e-02  8.00e-02  6.01e-02  1.85e+04  4.37e+02 -1.00e+05
2015 09 06  1210   57271  43800   1.55e+00  1.64e-01  1.37e-01  6.12e-02  4.84e-02  2.79e-02  2.03e+04  4.64e+02 -1.00e+05
2015 09 06  1215   57271  44100   1.85e+00  1.63e-01  9.37e-02  5.04e-02  4.08e-02  2.12e-02  2.23e+04  5.21e+02 -1.00e+05
2015 09 06  1220   57271  44400   1.72e+00  1.14e-01  8.63e-02  5.04e-02  4.08e-02  2.12e-02  2.50e+04  6.16e+02 -1.00e+05
2015 09 06  1225   57271  44700   1.98e+00  1.89e-01  1.31e-01  6.39e-02  5.44e-02  2.56e-02  2.76e+04  7.03e+02 -1.00e+05
2015 09 06  1230   57271  45000   2.18e+00  2.46e-01  1.79e-01  7.68e-02  6.73e-02  4.77e-02  2.99e+04  7.88e+02 -1.00e+05
2015 09 06  1235   57271  45300   1.65e+00  1.15e-01  8.80e-02  5.21e-02  4.25e-02  2.29e-02  3.42e+04  9.78e+02 -1.00e+05
2015 09 06  1240   57271  45600   1.53e+00  1.70e-01  1.43e-01  1.07e-01  8.59e-02  4.59e-02  3.56e+04  1.05e+03 -1.00e+05
2015 09 06  1245   57271  45900   1.31e+00  1.62e-01  1.34e-01  9.79e-02  7.35e-02  2.24e-02  3.59e+04  1.01e+03 -1.00e+05
2015 09 06  1250   57271  46200   1.34e+00  1.15e-01  8.73e-02  5.14e-02  4.18e-02  2.15e-02  3.66e+04  1.04e+03 -1.00e+05
2015 09 06  1255   57271  46500   1.12e+00  1.85e-01  1.58e-01  5.04e-02  4.08e-02  2.12e-02  3.33e+04  9.26e+02 -1.00e+05
2015 09 06  1300   57271  46800   1.10e+00  2.47e-01  2.19e-01  7.65e-02  6.69e-02  2.96e-02  2.79e+04  6.79e+02 -1.00e+05
2015 09 06  1305   57271  47100   1.58e+00  1.63e-01  9.37e-02  5.04e-02  4.08e-02  2.12e-02  2.77e+04  7.22e+02 -1.00e+05
2015 09 06  1310   57271  47400   1.61e+00  1.47e-01  1.20e-01  8.43e-02  7.47e-02  5.51e-02  2.83e+04  7.01e+02 -1.00e+05
2015 09 06  1315   57271  47700   2.16e+00  1.56e-01  1.29e-01  9.09e-02  4.81e-02  2.15e-02  3.09e+04  8.26e+02 -1.00e+05
2015 09 06  1320   57271  48000   2.98e+00  1.20e-01  9.25e-02  5.64e-02  4.21e-02  2.12e-02  3.20e+04  8.56e+02 -1.00e+05
2015 09 06  1325   57271  48300   3.10e+00  2.30e-01  2.03e-01  1.65e-01  1.11e-01  7.19e-02  3.23e+04  8.84e+02 -1.00e+05
2015 09 06  1330   57271  48600   3.03e+00  1.64e-01  1.11e-01  7.02e-02  6.06e-02  2.76e-02  3.31e+04  9.27e+02 -1.00e+05
2015 09 06  1335   57271  48900   2.30e+00  1.67e-01  1.40e-01  1.02e-01  5.33e-02  2.79e-02  3.35e+04  9.23e+02 -1.00e+05
2015 09 06  1340   57271  49200   2.52e+00  2.01e-01  1.73e-01  6.40e-02  4.47e-02  2.15e-02  3.33e+04  9.06e+02 -1.00e+05
2015 09 06  1345   57271  49500   5.73e+00  4.92e-01  2.61e-01  7.60e-02  4.66e-02  2.12e-02  3.39e+04  9.95e+02 -1.00e+05
2015 09 06  1350   57271  49800   7.25e+00  2.42e-01  1.50e-01  1.02e-01  7.75e-02  3.16e-02  3.61e+04  1.14e+03 -1.00e+05
2015 09 06  1355   57271  50100   5.28e+00  1.53e-01  1.25e-01  8.91e-02  6.97e-02  2.96e-02  3.98e+04  1.37e+03 -1.00e+05
2015 09 06  1400   57271  50400   5.42e+00  1.59e-01  1.32e-01  9.53e-02  7.60e-02  3.16e-02  4.53e+04  1.71e+03 -1.00e+05
2015 09 06  1405   57271  50700   8.85e+00  2.68e-01  8.76e-02  5.04e-02  4.08e-02  2.12e-02  4.67e+04  1.89e+03 -1.00e+05
2015 09 06  1410   57271  51000   5.01e+00  2.23e-01  1.41e-01  9.53e-02  8.57e-02  3.56e-02  4.66e+04  1.97e+03 -1.00e+05
2015 09 06  1415   57271  51300   3.60e+00  1.28e-01  1.00e-01  6.42e-02  4.52e-02  2.29e-02  4.60e+04  1.87e+03 -1.00e+05
2015 09 06  1420   57271  51600   3.69e+00  1.20e-01  9.25e-02  5.64e-02  4.21e-02  2.12e-02  4.52e+04  1.86e+03 -1.00e+05
2015 09 06  1425   57271  51900   3.67e+00  1.35e-01  1.08e-01  7.19e-02  6.23e-02  4.27e-02  4.41e+04  1.78e+03 -1.00e+05
2015 09 06  1430   57271  52200   3.80e+00  1.20e-01  9.25e-02  5.64e-02  4.21e-02  2.12e-02  4.19e+04  1.65e+03 -1.00e+05
2015 09 06  1435   57271  52500   3.93e+00  1.52e-01  1.25e-01  8.92e-02  7.96e-02  6.01e-02  3.99e+04  1.48e+03 -1.00e+05
2015 09 06  1440   57271  52800   4.16e+00  1.52e-01  1.25e-01  8.71e-02  4.67e-02  2.12e-02  4.18e+04  1.63e+03 -1.00e+05
2015 09 06  1445   57271  53100   5.09e+00  2.20e-01  1.03e-01  5.04e-02  4.08e-02  2.12e-02  3.94e+04  1.42e+03 -1.00e+05
2015 09 06  1450   57271  53400   3.26e+00  1.62e-01  1.35e-01  9.91e-02  8.95e-02  7.00e-02  3.52e+04  1.15e+03 -1.00e+05
2015 09 06  1455   57271  53700   6.55e+00  2.60e-01  1.02e-01  6.44e-02  5.49e-02  3.53e-02  3.60e+04  1.16e+03 -1.00e+05
2015 09 06  1500   57271  54000   3.77e+00  1.91e-01  1.63e-01  1.27e-01  1.03e-01  3.97e-02  3.55e+04  1.17e+03 -1.00e+05
2015 09 06  1505   57271  54300   3.71e+00  2.34e-01  2.07e-01  9.87e-02  5.49e-02  2.54e-02  3.47e+04  1.11e+03 -1.00e+05
2015 09 06  1510   57271  54600   2.90e+00  1.14e-01  8.63e-02  5.04e-02  4.08e-02  2.12e-02  3.33e+04  9.86e+02 -1.00e+05
2015 09 06  1515   57271  54900   2.89e+00  1.42e-01  1.15e-01  7.87e-02  6.91e-02  3.82e-02  3.21e+04  9.23e+02 -1.00e+05
2015 09 06  1520   57271  55200   3.68e+00  1.75e-01  1.07e-01  6.29e-02  4.36e-02  2.12e-02  3.13e+04  8.77e+02 -1.00e+05
2015 09 06  1525   57271  55500   4.95e+00  2.14e-01  1.02e-01  6.44e-02  5.49e-02  3.53e-02  3.02e+04  8.26e+02 -1.00e+05
2015 09 06  1530   57271  55800   2.51e+00  1.71e-01  1.44e-01  1.08e-01  9.83e-02  3.97e-02  2.71e+04  7.40e+02 -1.00e+05
2015 09 06  1535   57271  56100   3.11e+00  2.00e-01  1.73e-01  6.94e-02  5.98e-02  4.02e-02  2.92e+04  8.25e+02 -1.00e+05
2015 09 06  1540   57271  56400   3.47e+00  1.50e-01  1.23e-01  8.56e-02  4.67e-02  2.12e-02  3.04e+04  9.24e+02 -1.00e+05
2015 09 06  1545   57271  56700   3.34e+00  1.14e-01  8.63e-02  5.04e-02  4.08e-02  2.12e-02  3.20e+04  9.69e+02 -1.00e+05
2015 09 06  1550   57271  57000   2.99e+00  1.27e-01  9.99e-02  6.39e-02  5.44e-02  2.56e-02  3.38e+04  1.09e+03 -1.00e+05
2015 09 06  1555   57271  57300   2.60e+00  1.43e-01  1.16e-01  5.04e-02  4.08e-02  2.12e-02  3.45e+04  1.10e+03 -1.00e+05
2015 09 06  1600   57271  57600   2.66e+00  1.47e-01  1.19e-01  8.26e-02  4.80e-02  2.12e-02  3.51e+04  1.13e+03 -1.00e+05
2015 09 06  1605   57271  57900   2.82e+00  1.71e-01  1.44e-01  1.08e-01  9.33e-02  3.76e-02  3.61e+04  1.15e+03 -1.00e+05
2015 09 06  1610   57271  58200   2.99e+00  1.14e-01  8.63e-02  5.04e-02  4.08e-02  2.12e-02  3.79e+04  1.30e+03 -1.00e+05
2015 09 06  1615   57271  58500   3.17e+00  1.14e-01  8.63e-02  5.04e-02  4.08e-02  2.12e-02  3.78e+04  1.29e+03 -1.00e+05
2015 09 06  1620   57271  58800   3.12e+00  1.15e-01  8.80e-02  5.21e-02  4.25e-02  2.29e-02  3.77e+04  1.30e+03 -1.00e+05
2015 09 06  1625   57271  59100   2.75e+00  1.65e-01  1.37e-01  8.28e-02  7.32e-02  3.16e-02  3.76e+04  1.29e+03 -1.00e+05
2015 09 06  1630   57271  59400   2.97e+00  1.65e-01  1.38e-01  5.14e-02  4.18e-02  2.15e-02  3.64e+04  1.23e+03 -1.00e+05
2015 09 06  1635   57271  59700   2.62e+00  1.23e-01  9.54e-02  5.95e-02  4.99e-02  3.03e-02  3.59e+04  1.21e+03 -1.00e+05
2015 09 06  1640   57271  60000   2.58e+00  1.14e-01  8.63e-02  5.04e-02  4.08e-02  2.12e-02  3.41e+04  1.12e+03 -1.00e+05
2015 09 06  1645   57271  60300   4.65e+00  2.97e-01  1.61e-01  6.39e-02  5.44e-02  2.56e-02  3.95e+04  1.41e+03 -1.00e+05
2015 09 06  1650   57271  60600   2.46e+00  2.25e-01  1.97e-01  8.85e-02  4.67e-02  2.12e-02  3.65e+04  1.21e+03 -1.00e+05
2015 09 06  1655   57271  60900   2.31e+00  1.48e-01  1.20e-01  8.46e-02  7.50e-02  5.54e-02  3.27e+04  1.09e+03 -1.00e+05
2015 09 06  1700   57271  61200   3.92e+00  2.27e-01  1.14e-01  7.60e-02  4.66e-02  2.12e-02  3.51e+04  1.11e+03 -1.00e+05
2015 09 06  1705   57271  61500   2.15e+00  1.47e-01  1.19e-01  8.26e-02  4.80e-02  2.12e-02  3.04e+04  8.99e+02 -1.00e+05
2015 09 06  1710   57271  61800   3.52e+00  2.01e-01  8.78e-02  5.04e-02  4.08e-02  2.12e-02  3.12e+04  9.43e+02 -1.00e+05
2015 09 06  1715   57271  62100   2.30e+00  1.14e-01  8.63e-02  5.04e-02  4.08e-02  2.12e-02  2.97e+04  8.69e+02 -1.00e+05
2015 09 06  1720   57271  62400   2.35e+00  2.35e-01  2.08e-01  1.14e-01  9.48e-02  3.76e-02  3.16e+04  1.02e+03 -1.00e+05
2015 09 06  1725   57271  62700   2.94e+00  1.63e-01  9.37e-02  5.04e-02  4.08e-02  2.12e-02  3.25e+04  1.01e+03 -1.00e+05
2015 09 06  1730   57271  63000   1.73e+00  1.14e-01  8.63e-02  5.04e-02  4.08e-02  2.12e-02  3.20e+04  9.53e+02 -1.00e+05
2015 09 06  1735   57271  63300   1.97e+00  2.03e-01  1.79e-01  6.84e-02  5.87e-02  3.90e-02  3.54e+04  1.28e+03 -1.00e+05
2015 09 06  1740   57271  63600   1.88e+00  1.53e-01  1.29e-01  9.34e-02  5.05e-02  2.13e-02  3.76e+04  1.21e+03 -1.00e+05
2015 09 06  1745   57271  63900   2.75e+00  2.01e-01  9.86e-02  5.06e-02  4.09e-02  2.13e-02  3.84e+04  1.40e+03 -1.00e+05
2015 09 06  1750   57271  64200   2.19e+00  1.15e-01  9.11e-02  5.73e-02  4.75e-02  2.34e-02  4.08e+04  1.48e+03 -1.00e+05
2015 09 06  1755   57271  64500   2.16e+00  1.09e-01  8.45e-02  5.06e-02  4.09e-02  2.13e-02  3.88e+04  1.41e+03 -1.00e+05
2015 09 06  1800   57271  64800   4.22e+00  2.30e-01  9.49e-02  5.06e-02  4.09e-02  2.13e-02  4.36e+04  1.80e+03 -1.00e+05
2015 09 06  1805   57271  65100   1.54e+00  1.51e-01  9.74e-02  5.84e-02  4.86e-02  2.90e-02  3.66e+04  1.13e+03 -1.00e+05
2015 09 06  1810   57271  65400   1.41e+00  2.38e-01  2.14e-01  9.34e-02  5.05e-02  2.13e-02  3.06e+04  1.08e+03 -1.00e+05
2015 09 06  1815   57271  65700   1.23e+00  1.09e-01  8.45e-02  5.06e-02  4.09e-02  2.13e-02  3.84e+04  1.28e+03 -1.00e+05
2015 09 06  1820   57271  66000   1.27e+00  1.41e-01  1.17e-01  8.31e-02  7.34e-02  5.37e-02  3.48e+04  1.28e+03 -1.00e+05
2015 09 06  1825   57271  66300   2.26e+00  2.00e-01  9.66e-02  6.07e-02  4.32e-02  2.13e-02  3.69e+04  1.31e+03 -1.00e+05
2015 09 06  1830   57271  66600   2.60e+00  2.86e-01  1.84e-01  5.06e-02  4.09e-02  2.13e-02  3.47e+04  1.30e+03 -1.00e+05
2015 09 06  1835   57271  66900   1.35e+00  1.56e-01  1.31e-01  9.75e-02  8.78e-02  6.81e-02  3.67e+04  1.36e+03 -1.00e+05
2015 09 06  1840   57271  67200   1.35e+00  1.40e-01  1.16e-01  8.23e-02  7.26e-02  3.14e-02  3.33e+04  1.26e+03 -1.00e+05
2015 09 06  1845   57271  67500   2.92e+00  3.64e-01  1.55e-01  1.20e-01  1.10e-01  4.35e-02  3.48e+04  1.19e+03 -1.00e+05
2015 09 06  1850   57271  67800   1.27e+00  2.29e-01  2.05e-01  9.55e-02  8.58e-02  6.61e-02  3.15e+04  1.10e+03 -1.00e+05
2015 09 06  1855   57271  68100   1.19e+00  1.16e-01  9.22e-02  5.84e-02  4.86e-02  2.90e-02  3.25e+04  1.12e+03 -1.00e+05
2015 09 06  1900   57271  68400   2.31e+00  2.58e-01  1.52e-01  1.16e-01  1.06e-01  5.09e-02  3.41e+04  1.14e+03 -1.00e+05
2015 09 06  1905   57271  68700   1.40e+00  1.26e-01  1.02e-01  6.72e-02  4.46e-02  2.13e-02  3.53e+04  1.20e+03 -1.00e+05
2015 09 06  1910   57271  69000   1.45e+00  1.16e-01  9.16e-02  5.06e-02  4.09e-02  2.13e-02  3.47e+04  1.11e+03 -1.00e+05
2015 09 06  1915   57271  69300   2.82e+00  4.01e-01  1.90e-01  5.06e-02  4.09e-02  2.13e-02  3.01e+04  9.38e+02 -1.00e+05
2015 09 06  1920   57271  69600   9.35e-01  1.09e-01  8.45e-02  5.06e-02  4.09e-02  2.13e-02  1.86e+04  4.24e+02 -1.00e+05
2015 09 06  1925   57271  69900   1.62e+00  1.24e-01  9.96e-02  6.58e-02  5.61e-02  3.64e-02  2.06e+04  5.05e+02 -1.00e+05
2015 09 06  1930   57271  70200   1.96e+00  1.28e-01  1.03e-01  6.58e-02  5.61e-02  3.64e-02  2.13e+04  5.38e+02 -1.00e+05
2015 09 06  1935   57271  70500   2.56e+00  1.45e-01  1.12e-01  7.61e-02  6.63e-02  2.94e-02  2.40e+04  6.49e+02 -1.00e+05
2015 09 06  1940   57271  70800   2.39e+00  1.09e-01  8.45e-02  5.06e-02  4.09e-02  2.13e-02  2.48e+04  6.62e+02 -1.00e+05
2015 09 06  1945   57271  71100   2.58e+00  1.45e-01  1.06e-01  6.98e-02  6.01e-02  2.74e-02  2.39e+04  6.09e+02 -1.00e+05
2015 09 06  1950   57271  71400   2.78e+00  2.29e-01  1.28e-01  7.99e-02  6.12e-02  3.89e-02  2.05e+04  4.78e+02 -1.00e+05
2015 09 06  1955   57271  71700   2.31e+00  2.32e-01  1.78e-01  5.41e-02  4.17e-02  2.13e-02  2.14e+04  5.04e+02 -1.00e+05
2015 09 06  2000   57271  72000   1.79e+00  1.19e-01  9.50e-02  6.09e-02  4.34e-02  2.15e-02  2.53e+04  6.57e+02 -1.00e+05
2015 09 06  2005   57271  72300   2.33e+00  1.34e-01  1.10e-01  7.61e-02  6.63e-02  2.94e-02  2.45e+04  6.46e+02 -1.00e+05
2015 09 06  2010   57271  72600   3.25e+00  1.59e-01  1.35e-01  1.01e-01  8.12e-02  5.87e-02  2.76e+04  7.57e+02 -1.00e+05
2015 09 06  2015   57271  72900   3.22e+00  1.71e-01  1.46e-01  6.83e-02  5.85e-02  3.89e-02  3.17e+04  9.10e+02 -1.00e+05
2015 09 06  2020   57271  73200   2.95e+00  1.40e-01  1.15e-01  7.38e-02  4.61e-02  2.13e-02  3.39e+04  1.01e+03 -1.00e+05
2015 09 06  2025   57271  73500   2.57e+00  1.15e-01  9.11e-02  5.73e-02  4.75e-02  2.34e-02  3.60e+04  1.02e+03 -1.00e+05
2015 09 06  2030   57271  73800   2.48e+00  1.12e-01  8.82e-02  5.43e-02  4.20e-02  2.15e-02  3.48e+04  1.05e+03 -1.00e+05
2015 09 06  2035   57271  74100   4.23e+00  1.78e-01  1.33e-01  9.57e-02  8.60e-02  6.12e-02  3.81e+04  1.23e+03 -1.00e+05
2015 09 06  2040   57271  74400   3.81e+00  1.59e-01  1.35e-01  1.00e-01  5.72e-02  2.34e-02  3.88e+04  1.14e+03 -1.00e+05
2015 09 06  2045   57271  74700   3.36e+00  2.00e-01  1.76e-01  1.42e-01  1.32e-01  6.26e-02  3.15e+04  8.79e+02 -1.00e+05
2015 09 06  2050   57271  75000   3.25e+00  3.20e-01  2.96e-01  8.69e-02  4.91e-02  2.13e-02  3.37e+04  8.61e+02 -1.00e+05
2015 09 06  2055   57271  75300   3.43e+00  2.12e-01  1.87e-01  7.32e-02  6.35e-02  4.38e-02  3.09e+04  8.91e+02 -1.00e+05
2015 09 06  2100   57271  75600   5.19e+00  2.02e-01  1.20e-01  7.61e-02  6.63e-02  2.94e-02  3.42e+04  9.36e+02 -1.00e+05
2015 09 06  2105   57271  75900   7.55e+00  2.53e-01  1.04e-01  6.76e-02  4.50e-02  2.14e-02  3.51e+04  1.08e+03 -1.00e+05
2015 09 06  2110   57271  76200   3.63e+00  1.78e-01  1.54e-01  1.19e-01  8.08e-02  3.14e-02  3.42e+04  1.12e+03 -1.00e+05
2015 09 06  2115   57271  76500   3.60e+00  1.16e-01  9.16e-02  5.06e-02  4.09e-02  2.13e-02  2.78e+04  9.60e+02 -1.00e+05
2015 09 06  2120   57271  76800   4.32e+00  1.43e-01  8.98e-02  5.06e-02  4.09e-02  2.13e-02  2.50e+04  7.12e+02 -1.00e+05
2015 09 06  2125   57271  77100   2.96e+00  1.31e-01  1.07e-01  7.32e-02  6.35e-02  4.38e-02  2.43e+04  7.94e+02 -1.00e+05
2015 09 06  2130   57271  77400   2.99e+00  1.81e-01  1.57e-01  1.22e-01  8.80e-02  6.12e-02  2.44e+04  8.23e+02 -1.00e+05
2015 09 06  2135   57271  77700   5.16e+00  3.69e-01  1.89e-01  5.06e-02  4.09e-02  2.13e-02  2.60e+04  8.37e+02 -1.00e+05
2015 09 06  2140   57271  78000   4.37e+00  2.05e-01  1.12e-01  7.61e-02  6.63e-02  2.94e-02  2.41e+04  7.99e+02 -1.00e+05
2015 09 06  2145   57271  78300   2.92e+00  1.72e-01  1.48e-01  5.06e-02  4.09e-02  2.13e-02  2.65e+04  8.86e+02 -1.00e+05
2015 09 06  2150   57271  78600   3.34e+00  2.46e-01  1.94e-01  7.57e-02  6.60e-02  4.63e-02  2.73e+04  9.34e+02 -1.00e+05
2015 09 06  2155   57271  78900   2.45e+00  1.15e-01  9.11e-02  5.73e-02  4.75e-02  2.34e-02  2.53e+04  8.49e+02 -1.00e+05
2015 09 06  2200   57271  79200   3.04e+00  1.43e-01  8.98e-02  5.06e-02  4.09e-02  2.13e-02  2.51e+04  8.14e+02 -1.00e+05
2015 09 06  2205   57271  79500   3.08e+00  2.01e-01  9.86e-02  5.06e-02  4.09e-02  2.13e-02  2.36e+04  7.57e+02 -1.00e+05
2015 09 06  2210   57271  79800   2.04e+00  1.43e-01  1.18e-01  5.10e-02  4.13e-02  2.14e-02  2.33e+04  7.09e+02 -1.00e+05
2015 09 06  2215   57271  80100   4.51e+00  5.81e-01  2.27e-01  8.69e-02  4.91e-02  2.13e-02  2.35e+04  7.11e+02 -1.00e+05
2015 09 06  2220   57271  80400   1.90e+00  1.11e-01  8.72e-02  5.34e-02  4.37e-02  2.40e-02  2.34e+04  7.25e+02 -1.00e+05
2015 09 06  2225   57271  80700   1.81e+00  1.09e-01  8.45e-02  5.06e-02  4.09e-02  2.13e-02  2.13e+04  6.43e+02 -1.00e+05
2015 09 06  2230   57271  81000   2.01e+00  1.78e-01  1.54e-01  1.20e-01  1.10e-01  4.35e-02  2.04e+04  6.46e+02 -1.00e+05
2015 09 06  2235   57271  81300   1.90e+00  1.16e-01  9.16e-02  5.06e-02  4.09e-02  2.13e-02  2.19e+04  6.17e+02 -1.00e+05
2015 09 06  2240   57271  81600   1.94e+00  1.72e-01  1.48e-01  5.06e-02  4.09e-02  2.13e-02  1.95e+04  5.99e+02 -1.00e+05
2015 09 06  2245   57271  81900   2.01e+00  1.46e-01  1.22e-01  8.69e-02  4.91e-02  2.13e-02  2.01e+04  6.19e+02 -1.00e+05
2015 09 06  2250   57271  82200   2.06e+00  1.45e-01  1.21e-01  8.65e-02  6.26e-02  3.89e-02  2.11e+04  6.33e+02 -1.00e+05
2015 09 06  2255   57271  82500   1.68e+00  1.90e-01  1.66e-01  1.31e-01  9.33e-02  3.55e-02  2.22e+04  6.67e+02 -1.00e+05
2015 09 06  2300   57271  82800   2.08e+00  1.94e-01  1.70e-01  5.06e-02  4.09e-02  2.13e-02  1.99e+04  6.62e+02 -1.00e+05
2015 09 06  2305   57271  83100   1.90e+00  1.24e-01  9.96e-02  6.58e-02  5.61e-02  3.64e-02  2.26e+04  6.58e+02 -1.00e+05
2015 09 06  2310   57271  83400   2.27e+00  1.51e-01  9.74e-02  5.84e-02  4.86e-02  2.90e-02  2.07e+04  6.24e+02 -1.00e+05
2015 09 06  2315   57271  83700   2.61e+00  2.05e-01  1.12e-01  7.61e-02  6.63e-02  2.94e-02  2.14e+04  6.36e+02 -1.00e+05
2015 09 06  2320   57271  84000   1.59e+00  1.71e-01  1.47e-01  1.12e-01  7.45e-02  2.94e-02  2.10e+04  6.13e+02 -1.00e+05
2015 09 06  2325   57271  84300   2.12e+00  1.90e-01  8.63e-02  5.06e-02  4.09e-02  2.13e-02  2.01e+04  5.96e+02 -1.00e+05
2015 09 06  2330   57271  84600   1.33e+00  1.59e-01  1.35e-01  1.01e-01  9.14e-02  3.75e-02  1.97e+04  5.75e+02 -1.00e+05
2015 09 06  2335   57271  84900   2.00e+00  2.43e-01  1.62e-01  9.15e-02  8.18e-02  4.47e-02  1.99e+04  5.98e+02 -1.00e+05
2015 09 06  2340   57271  85200   2.45e+00  2.50e-01  1.47e-01  9.72e-02  4.67e-02  2.13e-02  1.82e+04  5.61e+02 -1.00e+05
2015 09 06  2345   57271  85500   2.20e+00  2.50e-01  1.24e-01  8.81e-02  7.84e-02  5.87e-02  1.89e+04  5.51e+02 -1.00e+05
2015 09 06  2350   57271  85800   3.13e+00  4.74e-01  2.32e-01  9.08e-02  4.68e-02  2.13e-02  1.69e+04  5.00e+02 -1.00e+05
2015 09 06  2355   57271  86100   1.31e+00  1.09e-01  8.45e-02  5.06e-02  4.09e-02  2.13e-02  1.47e+04  4.31e+02 -1.00e+05
