:Data_list: 20150907_Gp_part_5m.txt
:Created: 2015 Sep 08 0011 UTC
# Prepared by the U.S. Dept. of Commerce, NOAA, Space Weather Prediction Center
# Please send comments and suggestions to SWPC.Webmaster@noaa.gov 
# 
# Label: P > 1 = Particles at >1 Mev
# Label: P > 5 = Particles at >5 Mev
# Label: P >10 = Particles at >10 Mev
# Label: P >30 = Particles at >30 Mev
# Label: P >50 = Particles at >50 Mev
# Label: P>100 = Particles at >100 Mev
# Label: E>0.8 = Electrons at >0.8 Mev
# Label: E>2.0 = Electrons at >2.0 Mev
# Label: E>4.0 = Electrons at >4.0 Mev
# Units: Particles = Protons/cm2-s-sr
# Units: Electrons = Electrons/cm2-s-sr
# Source: GOES-13
# Location: W076
# Missing data: -1.00e+05
#
#                      5-minute  GOES-13 Solar Particle and Electron Flux
#
#                 Modified Seconds
# UTC Date  Time   Julian  of the
# YR MO DA  HHMM    Day     Day     P > 1     P > 5     P >10     P >30     P >50     P>100     E>0.8     E>2.0     E>4.0
#-------------------------------------------------------------------------------------------------------------------------
2015 09 07  0000   57272      0   1.21e+00  1.25e-01  1.01e-01  6.70e-02  5.46e-02  2.54e-02  1.37e+04  4.05e+02 -1.00e+05
2015 09 07  0005   57272    300   1.15e+00  1.09e-01  8.45e-02  5.06e-02  4.09e-02  2.13e-02  1.40e+04  3.99e+02 -1.00e+05
2015 09 07  0010   57272    600   1.19e+00  1.28e-01  1.04e-01  6.98e-02  6.01e-02  2.74e-02  1.36e+04  3.97e+02 -1.00e+05
2015 09 07  0015   57272    900   1.62e+00  2.03e-01  1.31e-01  8.86e-02  7.89e-02  3.35e-02  1.36e+04  3.80e+02 -1.00e+05
2015 09 07  0020   57272   1200   1.80e+00  2.01e-01  9.86e-02  5.06e-02  4.09e-02  2.13e-02  1.31e+04  3.71e+02 -1.00e+05
2015 09 07  0025   57272   1500   1.54e+00  3.29e-01  2.27e-01  9.20e-02  4.68e-02  2.13e-02  1.30e+04  3.58e+02 -1.00e+05
2015 09 07  0030   57272   1800   9.63e-01  1.47e-01  1.22e-01  8.86e-02  7.89e-02  3.35e-02  1.25e+04  3.52e+02 -1.00e+05
2015 09 07  0035   57272   2100   1.03e+00  1.12e-01  8.80e-02  5.41e-02  4.17e-02  2.13e-02  1.27e+04  3.52e+02 -1.00e+05
2015 09 07  0040   57272   2400   1.02e+00  1.34e-01  1.10e-01  7.57e-02  6.60e-02  4.63e-02  1.26e+04  3.44e+02 -1.00e+05
2015 09 07  0045   57272   2700   1.45e+00  2.18e-01  1.16e-01  6.72e-02  4.46e-02  2.13e-02  1.21e+04  3.23e+02 -1.00e+05
2015 09 07  0050   57272   3000   9.44e-01  1.69e-01  1.17e-01  7.82e-02  6.84e-02  4.88e-02  1.28e+04  3.44e+02 -1.00e+05
2015 09 07  0055   57272   3300   1.20e+00  1.09e-01  8.45e-02  5.06e-02  4.09e-02  2.13e-02  1.34e+04  3.47e+02 -1.00e+05
2015 09 07  0100   57272   3600   9.64e-01  2.20e-01  1.96e-01  1.33e-01  1.23e-01  4.76e-02  1.43e+04  3.38e+02 -1.00e+05
2015 09 07  0105   57272   3900   1.49e+00  2.31e-01  1.04e-01  6.83e-02  5.85e-02  3.89e-02  1.25e+04  2.83e+02 -1.00e+05
2015 09 07  0110   57272   4200   1.22e+00  2.01e-01  9.86e-02  5.06e-02  4.09e-02  2.13e-02  1.05e+04  2.52e+02 -1.00e+05
2015 09 07  0115   57272   4500   1.17e+00  2.47e-01  1.94e-01  6.92e-02  4.72e-02  2.40e-02  9.97e+03  2.42e+02 -1.00e+05
2015 09 07  0120   57272   4800   1.66e+00  3.15e-01  1.23e-01  8.67e-02  4.68e-02  2.13e-02  7.90e+03  1.88e+02 -1.00e+05
2015 09 07  0125   57272   5100   8.14e-01  1.94e-01  1.70e-01  5.06e-02  4.09e-02  2.13e-02  6.05e+03  1.41e+02 -1.00e+05
2015 09 07  0130   57272   5400   9.69e-01  2.03e-01  1.31e-01  8.86e-02  7.89e-02  3.35e-02  6.40e+03  1.47e+02 -1.00e+05
2015 09 07  0135   57272   5700   8.89e-01  2.41e-01  1.31e-01  9.49e-02  8.52e-02  3.55e-02  6.59e+03  1.37e+02 -1.00e+05
2015 09 07  0140   57272   6000   6.68e-01  1.53e-01  1.29e-01  9.49e-02  8.52e-02  3.55e-02  6.37e+03  1.37e+02 -1.00e+05
2015 09 07  0145   57272   6300   6.98e-01  3.53e-01  3.29e-01  1.63e-01  1.20e-01  4.35e-02  6.19e+03  1.21e+02 -1.00e+05
2015 09 07  0150   57272   6600   5.33e-01  1.32e-01  1.08e-01  7.36e-02  5.61e-02  2.54e-02  6.44e+03  1.23e+02 -1.00e+05
2015 09 07  0155   57272   6900   4.61e-01  1.21e-01  9.68e-02  6.27e-02  4.58e-02  2.40e-02  6.05e+03  1.21e+02 -1.00e+05
2015 09 07  0200   57272   7200   5.33e-01  2.04e-01  1.80e-01  6.33e-02  5.36e-02  3.39e-02  6.07e+03  1.18e+02 -1.00e+05
2015 09 07  0205   57272   7500   5.88e-01  1.78e-01  1.54e-01  8.82e-02  7.84e-02  5.88e-02  5.67e+03  1.09e+02 -1.00e+05
2015 09 07  0210   57272   7800   7.37e-01  2.01e-01  9.86e-02  5.06e-02  4.09e-02  2.13e-02  6.49e+03  1.30e+02 -1.00e+05
2015 09 07  0215   57272   8100   5.46e-01  1.34e-01  1.10e-01  7.57e-02  6.60e-02  4.63e-02  6.19e+03  1.12e+02 -1.00e+05
2015 09 07  0220   57272   8400   9.74e-01  4.29e-01  2.23e-01  9.25e-02  7.74e-02  5.62e-02  6.24e+03  1.21e+02 -1.00e+05
2015 09 07  0225   57272   8700   6.69e-01  1.78e-01  1.54e-01  8.23e-02  7.26e-02  3.14e-02  6.59e+03  1.21e+02 -1.00e+05
2015 09 07  0230   57272   9000   6.38e-01  1.09e-01  8.45e-02  5.06e-02  4.09e-02  2.13e-02  6.97e+03  1.25e+02 -1.00e+05
2015 09 07  0235   57272   9300   6.70e-01  3.30e-01  3.06e-01  1.02e-01  5.46e-02  2.40e-02  6.58e+03  1.15e+02 -1.00e+05
2015 09 07  0240   57272   9600   3.99e-01  1.19e-01  9.47e-02  6.08e-02  5.11e-02  3.15e-02  5.98e+03  1.03e+02 -1.00e+05
2015 09 07  0245   57272   9900   4.67e-01  1.42e-01  1.18e-01  5.06e-02  4.09e-02  2.13e-02  5.93e+03  1.01e+02 -1.00e+05
2015 09 07  0250   57272  10200   6.41e-01  1.64e-01  1.12e-01  7.32e-02  6.35e-02  4.38e-02  5.38e+03  8.50e+01 -1.00e+05
2015 09 07  0255   57272  10500   3.64e-01  1.09e-01  8.48e-02  5.09e-02  4.12e-02  2.15e-02  5.22e+03  7.58e+01 -1.00e+05
2015 09 07  0300   57272  10800   4.84e-01  1.66e-01  1.42e-01  1.08e-01  9.87e-02  4.34e-02  4.78e+03  8.00e+01 -1.00e+05
2015 09 07  0305   57272  11100   2.64e-01  1.19e-01  9.50e-02  6.09e-02  4.34e-02  2.15e-02  4.63e+03  5.64e+01 -1.00e+05
2015 09 07  0310   57272  11400   5.30e-01  1.63e-01  1.39e-01  1.05e-01  8.74e-02  3.55e-02  4.00e+03  4.61e+01 -1.00e+05
2015 09 07  0315   57272  11700   4.33e-01  1.39e-01  1.15e-01  8.03e-02  4.76e-02  2.13e-02  4.67e+03  6.25e+01 -1.00e+05
2015 09 07  0320   57272  12000   3.47e-01  1.09e-01  8.45e-02  5.06e-02  4.09e-02  2.13e-02  4.14e+03  4.82e+01 -1.00e+05
2015 09 07  0325   57272  12300   4.60e-01  2.08e-01  1.83e-01  6.83e-02  5.85e-02  3.89e-02  3.15e+03  2.74e+01 -1.00e+05
2015 09 07  0330   57272  12600   4.23e-01  1.94e-01  1.70e-01  5.06e-02  4.09e-02  2.13e-02  2.87e+03  1.72e+01 -1.00e+05
2015 09 07  0335   57272  12900   4.48e-01  2.04e-01  1.80e-01  6.07e-02  4.32e-02  2.13e-02  2.02e+03  1.04e+01 -1.00e+05
2015 09 07  0340   57272  13200   2.79e-01  1.31e-01  1.07e-01  7.32e-02  6.35e-02  4.38e-02  1.72e+03  8.22e+00 -1.00e+05
2015 09 07  0345   57272  13500   4.46e-01  2.72e-01  2.48e-01  2.12e-01  1.15e-01  2.25e-02  1.61e+03  2.93e+00 -1.00e+05
2015 09 07  0350   57272  13800   4.69e-01  1.09e-01  8.45e-02  5.06e-02  4.09e-02  2.13e-02  1.55e+03  7.71e+00 -1.00e+05
2015 09 07  0355   57272  14100   5.05e-01  1.09e-01  8.45e-02  5.06e-02  4.09e-02  2.13e-02  4.42e+03  4.15e+01 -1.00e+05
2015 09 07  0400   57272  14400   4.56e-01  1.76e-01  1.52e-01  1.18e-01  1.09e-01  6.00e-02  7.16e+03  9.53e+01 -1.00e+05
2015 09 07  0405   57272  14700   6.99e-01  2.35e-01  1.36e-01  8.81e-02  7.84e-02  5.87e-02  7.02e+03  9.99e+01 -1.00e+05
2015 09 07  0410   57272  15000   4.02e-01  1.53e-01  1.29e-01  9.49e-02  8.52e-02  3.55e-02  5.76e+03  8.64e+01 -1.00e+05
2015 09 07  0415   57272  15300   6.78e-01  1.09e-01  8.45e-02  5.06e-02  4.09e-02  2.13e-02  6.29e+03  1.01e+02 -1.00e+05
2015 09 07  0420   57272  15600   6.84e-01  2.59e-01  1.56e-01  1.00e-01  5.20e-02  2.13e-02  7.52e+03  1.42e+02 -1.00e+05
2015 09 07  0425   57272  15900   7.22e-01  1.09e-01  8.45e-02  5.06e-02  4.09e-02  2.13e-02  7.07e+03  1.70e+02 -1.00e+05
2015 09 07  0430   57272  16200   1.43e+00  1.16e-01  9.16e-02  5.06e-02  4.09e-02  2.13e-02  1.28e+04  3.27e+02 -1.00e+05
2015 09 07  0435   57272  16500   1.56e+00  3.25e-01  3.01e-01  1.68e-01  1.36e-01  4.96e-02  1.28e+04  3.59e+02 -1.00e+05
2015 09 07  0440   57272  16800   7.48e-01  1.12e-01  8.80e-02  5.41e-02  4.17e-02  2.13e-02  1.35e+04  4.11e+02 -1.00e+05
2015 09 07  0445   57272  17100   9.19e-01  1.55e-01  1.02e-01  6.33e-02  5.36e-02  3.39e-02  1.42e+04  4.13e+02 -1.00e+05
2015 09 07  0450   57272  17400   5.88e-01  1.16e-01  9.18e-02  5.09e-02  4.12e-02  2.15e-02  1.29e+04  3.78e+02 -1.00e+05
2015 09 07  0455   57272  17700   2.23e+00  2.53e-01  9.48e-02  5.06e-02  4.09e-02  2.13e-02  1.36e+04  3.72e+02 -1.00e+05
2015 09 07  0500   57272  18000   1.57e+00  1.09e-01  8.45e-02  5.06e-02  4.09e-02  2.13e-02  1.60e+04  4.22e+02 -1.00e+05
2015 09 07  0505   57272  18300   2.31e+00  2.59e-01  1.58e-01  6.58e-02  5.61e-02  3.64e-02  1.70e+04  4.34e+02 -1.00e+05
2015 09 07  0510   57272  18600   1.61e+00  1.43e-01  8.98e-02  5.06e-02  4.09e-02  2.13e-02  1.81e+04  4.68e+02 -1.00e+05
2015 09 07  0515   57272  18900   1.23e+00  1.31e-01  1.07e-01  7.32e-02  6.35e-02  4.38e-02  1.85e+04  4.75e+02 -1.00e+05
2015 09 07  0520   57272  19200   2.60e+00  2.32e-01  1.40e-01  1.04e-01  8.45e-02  4.47e-02  1.82e+04  4.22e+02 -1.00e+05
2015 09 07  0525   57272  19500   3.16e+00  1.46e-01  1.22e-01  8.69e-02  4.91e-02  2.13e-02  1.89e+04  4.33e+02 -1.00e+05
2015 09 07  0530   57272  19800   8.30e+00  1.30e-01  1.05e-01  6.83e-02  5.85e-02  3.89e-02  2.25e+04  5.48e+02 -1.00e+05
2015 09 07  0535   57272  20100   1.30e+01  2.01e-01  9.86e-02  5.06e-02  4.09e-02  2.13e-02  2.38e+04  5.78e+02 -1.00e+05
2015 09 07  0540   57272  20400   1.23e+01  4.84e-01  3.66e-01  1.74e-01  1.12e-01  4.69e-02  2.48e+04  6.05e+02 -1.00e+05
2015 09 07  0545   57272  20700   1.28e+01  1.16e-01  9.18e-02  5.79e-02  4.66e-02  2.65e-02  2.59e+04  6.66e+02 -1.00e+05
2015 09 07  0550   57272  21000   1.67e+01  1.09e-01  8.45e-02  5.06e-02  4.09e-02  2.13e-02  2.74e+04  7.33e+02 -1.00e+05
2015 09 07  0555   57272  21300   2.26e+01  4.25e-01  2.37e-01  1.04e-01  9.26e-02  3.95e-02  2.92e+04  7.95e+02 -1.00e+05
2015 09 07  0600   57272  21600   4.96e+00  1.63e-01  1.39e-01  5.06e-02  4.09e-02  2.13e-02  2.79e+04  7.47e+02 -1.00e+05
2015 09 07  0605   57272  21900   4.80e+00  2.55e-01  1.53e-01  9.90e-02  5.78e-02  2.90e-02  2.97e+04  7.97e+02 -1.00e+05
2015 09 07  0610   57272  22200   3.29e+00  1.52e-01  1.28e-01  6.08e-02  5.11e-02  3.15e-02  3.17e+04  9.13e+02 -1.00e+05
2015 09 07  0615   57272  22500   2.97e+00  1.91e-01  1.66e-01  1.33e-01  1.23e-01  4.76e-02  3.22e+04  9.31e+02 -1.00e+05
2015 09 07  0620   57272  22800   5.36e+00  2.01e-01  9.89e-02  5.10e-02  4.13e-02  2.14e-02  3.70e+04  1.18e+03 -1.00e+05
2015 09 07  0625   57272  23100   7.24e+00  4.20e-01  2.40e-01  1.00e-01  5.23e-02  2.15e-02  3.62e+04  1.16e+03 -1.00e+05
2015 09 07  0630   57272  23400   6.93e+00  4.53e-01  1.93e-01  7.36e-02  5.61e-02  2.54e-02  3.47e+04  1.03e+03 -1.00e+05
2015 09 07  0635   57272  23700   3.94e+00  1.93e-01  1.48e-01  7.99e-02  7.02e-02  4.43e-02  3.28e+04  8.98e+02 -1.00e+05
2015 09 07  0640   57272  24000   2.73e+00  1.19e-01  9.48e-02  6.07e-02  4.32e-02  2.13e-02  3.47e+04  9.70e+02 -1.00e+05
2015 09 07  0645   57272  24300   2.02e+00  1.81e-01  1.57e-01  5.06e-02  4.09e-02  2.13e-02  3.23e+04  7.81e+02 -1.00e+05
2015 09 07  0650   57272  24600   2.63e+00  2.01e-01  9.86e-02  5.06e-02  4.09e-02  2.13e-02  3.33e+04  7.19e+02 -1.00e+05
2015 09 07  0655   57272  24900   3.06e+00  2.28e-01  1.19e-01  7.38e-02  4.61e-02  2.13e-02  3.36e+04  6.69e+02 -1.00e+05
2015 09 07  0700   57272  25200   2.37e+00  2.16e-01  1.63e-01  6.08e-02  5.11e-02  3.15e-02  3.00e+04  4.63e+02 -1.00e+05
2015 09 07  0705   57272  25500   2.12e+00  2.29e-01  1.75e-01  5.06e-02  4.09e-02  2.13e-02  2.84e+04  3.90e+02 -1.00e+05
2015 09 07  0710   57272  25800   3.41e+00  2.70e-01  1.05e-01  6.98e-02  6.01e-02  2.74e-02  2.62e+04  3.75e+02 -1.00e+05
2015 09 07  0715   57272  26100   1.27e+00  2.08e-01  1.83e-01  6.83e-02  5.85e-02  3.89e-02  2.22e+04  2.68e+02 -1.00e+05
2015 09 07  0720   57272  26400   1.12e+00  1.51e-01  9.71e-02  5.09e-02  4.12e-02  2.15e-02  1.61e+04  1.79e+02 -1.00e+05
2015 09 07  0725   57272  26700   1.32e+00  2.61e-01  1.79e-01  9.20e-02  8.22e-02  4.65e-02  1.16e+04  9.92e+01 -1.00e+05
2015 09 07  0730   57272  27000   6.61e-01  1.09e-01  8.45e-02  5.06e-02  4.09e-02  2.13e-02  6.75e+03  5.73e+01 -1.00e+05
2015 09 07  0735   57272  27300   1.45e+00  3.34e-01  1.89e-01  5.06e-02  4.09e-02  2.13e-02  4.19e+03  4.11e+01 -1.00e+05
2015 09 07  0740   57272  27600   8.67e-01  1.45e-01  1.12e-01  7.61e-02  6.63e-02  2.94e-02  5.82e+03  6.77e+01 -1.00e+05
2015 09 07  0745   57272  27900   1.67e+00  3.02e-01  1.10e-01  7.38e-02  4.61e-02  2.13e-02  5.69e+03  6.71e+01 -1.00e+05
2015 09 07  0750   57272  28200   8.50e-01  1.43e-01  8.98e-02  5.06e-02  4.09e-02  2.13e-02  6.08e+03  9.55e+01 -1.00e+05
2015 09 07  0755   57272  28500   7.93e-01  1.48e-01  9.50e-02  5.59e-02  4.62e-02  2.65e-02  5.40e+03  6.97e+01 -1.00e+05
2015 09 07  0800   57272  28800   5.14e-01  1.16e-01  9.16e-02  5.06e-02  4.09e-02  2.13e-02  3.38e+03  3.51e+01 -1.00e+05
2015 09 07  0805   57272  29100   4.13e-01  1.09e-01  8.45e-02  5.06e-02  4.09e-02  2.13e-02  2.16e+03  2.07e+01 -1.00e+05
2015 09 07  0810   57272  29400   5.30e-01  1.52e-01  9.90e-02  5.34e-02  4.37e-02  2.40e-02  1.76e+03  1.16e+01 -1.00e+05
2015 09 07  0815   57272  29700   2.83e-01  1.11e-01  8.72e-02  5.34e-02  4.37e-02  2.40e-02  1.61e+03  2.08e+01 -1.00e+05
2015 09 07  0820   57272  30000   6.93e-01  1.43e-01  8.98e-02  5.06e-02  4.09e-02  2.13e-02  1.50e+03  1.63e+01 -1.00e+05
2015 09 07  0825   57272  30300   7.17e-01  2.26e-01  1.24e-01  8.81e-02  7.84e-02  5.87e-02  1.25e+03  8.89e+00 -1.00e+05
2015 09 07  0830   57272  30600   8.31e-01  2.58e-01  1.57e-01  1.08e-01  6.94e-02  4.14e-02  1.84e+03  1.39e+01 -1.00e+05
2015 09 07  0835   57272  30900   9.72e-01  1.90e-01  8.63e-02  5.06e-02  4.09e-02  2.13e-02  2.59e+03  2.36e+01 -1.00e+05
2015 09 07  0840   57272  31200   5.57e-01  1.43e-01  8.98e-02  5.06e-02  4.09e-02  2.13e-02  2.80e+03  2.58e+01 -1.00e+05
2015 09 07  0845   57272  31500   4.85e-01  1.74e-01  1.49e-01  8.31e-02  7.34e-02  5.37e-02  1.91e+03  1.71e+01 -1.00e+05
2015 09 07  0850   57272  31800   3.91e-01  1.09e-01  8.45e-02  5.06e-02  4.09e-02  2.13e-02  1.36e+03  1.39e+01 -1.00e+05
2015 09 07  0855   57272  32100   7.93e-01  2.85e-01  9.32e-02  5.79e-02  4.66e-02  2.65e-02  6.87e+02  5.75e+00 -1.00e+05
2015 09 07  0900   57272  32400   3.58e-01  2.19e-01  1.95e-01  1.59e-01  9.67e-02  3.35e-02  7.88e+02  2.28e+00 -1.00e+05
2015 09 07  0905   57272  32700   5.58e-01  1.97e-01  1.73e-01  1.39e-01  1.29e-01  4.96e-02  1.06e+03  9.43e+00 -1.00e+05
2015 09 07  0910   57272  33000   6.57e-01  1.88e-01  1.35e-01  5.06e-02  4.09e-02  2.13e-02  2.01e+03  1.36e+01 -1.00e+05
2015 09 07  0915   57272  33300   5.89e-01  1.49e-01  1.24e-01  9.06e-02  8.08e-02  6.12e-02  2.02e+03  1.65e+01 -1.00e+05
2015 09 07  0920   57272  33600   6.83e-01  1.91e-01  1.67e-01  1.32e-01  8.37e-02  3.14e-02  2.21e+03  2.64e+01 -1.00e+05
2015 09 07  0925   57272  33900   1.26e+00  2.36e-01  8.61e-02  5.06e-02  4.09e-02  2.13e-02  3.04e+03  4.49e+01 -1.00e+05
2015 09 07  0930   57272  34200   9.29e-01  2.36e-01  8.61e-02  5.06e-02  4.09e-02  2.13e-02  3.75e+03  4.81e+01 -1.00e+05
2015 09 07  0935   57272  34500   6.61e-01  1.49e-01  1.25e-01  9.00e-02  5.20e-02  2.65e-02  4.21e+03  6.09e+01 -1.00e+05
2015 09 07  0940   57272  34800   7.88e-01  1.09e-01  8.45e-02  5.06e-02  4.09e-02  2.13e-02  5.46e+03  9.12e+01 -1.00e+05
2015 09 07  0945   57272  35100   1.21e+00  1.44e-01  9.01e-02  5.09e-02  4.12e-02  2.15e-02  5.59e+03  1.06e+02 -1.00e+05
2015 09 07  0950   57272  35400   1.83e+00  1.51e-01  9.69e-02  5.06e-02  4.09e-02  2.13e-02  6.28e+03  1.26e+02 -1.00e+05
2015 09 07  0955   57272  35700   1.64e+00  2.04e-01  1.79e-01  1.44e-01  1.03e-01  7.36e-02  6.45e+03  1.56e+02 -1.00e+05
2015 09 07  1000   57272  36000   1.81e+00  1.55e-01  1.22e-01  8.61e-02  6.86e-02  2.94e-02  7.26e+03  1.84e+02 -1.00e+05
2015 09 07  1005   57272  36300   4.51e+00  2.01e-01  9.86e-02  5.06e-02  4.09e-02  2.13e-02  6.98e+03  1.92e+02 -1.00e+05
2015 09 07  1010   57272  36600   3.78e+00  1.75e-01  1.51e-01  1.17e-01  9.65e-02  4.50e-02  7.11e+03  1.85e+02 -1.00e+05
2015 09 07  1015   57272  36900   2.99e+00  1.09e-01  8.45e-02  5.06e-02  4.09e-02  2.13e-02  6.44e+03  1.78e+02 -1.00e+05
2015 09 07  1020   57272  37200   1.91e+00  1.37e-01  1.13e-01  7.82e-02  6.84e-02  4.88e-02  6.14e+03  1.69e+02 -1.00e+05
2015 09 07  1025   57272  37500   2.46e+00  2.01e-01  9.86e-02  5.06e-02  4.09e-02  2.13e-02  6.08e+03  1.74e+02 -1.00e+05
2015 09 07  1030   57272  37800   1.38e+00  1.20e-01  9.57e-02  5.59e-02  4.62e-02  2.65e-02  6.05e+03  1.68e+02 -1.00e+05
2015 09 07  1035   57272  38100   2.46e+00  2.18e-01  1.16e-01  6.72e-02  4.46e-02  2.13e-02  6.13e+03  1.82e+02 -1.00e+05
2015 09 07  1040   57272  38400   1.52e+00  1.76e-01  1.52e-01  1.18e-01  9.52e-02  3.75e-02  6.59e+03  1.92e+02 -1.00e+05
2015 09 07  1045   57272  38700   1.40e+00  1.83e-01  1.58e-01  1.24e-01  1.01e-01  3.97e-02  6.72e+03  2.05e+02 -1.00e+05
2015 09 07  1050   57272  39000   1.70e+00  1.46e-01  1.22e-01  8.81e-02  7.84e-02  5.87e-02  7.73e+03  2.17e+02 -1.00e+05
2015 09 07  1055   57272  39300   3.25e+00  2.44e-01  9.90e-02  6.35e-02  5.38e-02  2.54e-02  8.13e+03  2.25e+02 -1.00e+05
2015 09 07  1100   57272  39600   1.70e+00  2.24e-01  2.00e-01  8.67e-02  5.90e-02  2.54e-02  8.36e+03  2.41e+02 -1.00e+05
2015 09 07  1105   57272  39900   1.91e+00  1.19e-01  9.51e-02  5.41e-02  4.17e-02  2.13e-02  8.94e+03  2.30e+02 -1.00e+05
2015 09 07  1110   57272  40200   2.14e+00  1.46e-01  1.22e-01  8.67e-02  4.68e-02  2.13e-02  9.24e+03  2.43e+02 -1.00e+05
2015 09 07  1115   57272  40500   2.02e+00  1.53e-01  1.29e-01  8.69e-02  4.91e-02  2.13e-02  9.09e+03  2.32e+02 -1.00e+05
2015 09 07  1120   57272  40800   2.52e+00  2.79e-01  2.26e-01  1.00e-01  5.20e-02  2.13e-02  1.00e+04  2.53e+02 -1.00e+05
2015 09 07  1125   57272  41100   1.81e+00  1.46e-01  1.22e-01  8.81e-02  7.84e-02  5.87e-02  9.77e+03  2.52e+02 -1.00e+05
2015 09 07  1130   57272  41400   2.90e+00  2.18e-01  1.16e-01  6.72e-02  4.46e-02  2.13e-02  9.53e+03  2.48e+02 -1.00e+05
2015 09 07  1135   57272  41700   1.99e+00  1.84e-01  1.59e-01  1.24e-01  8.18e-02  5.62e-02  9.77e+03  2.70e+02 -1.00e+05
2015 09 07  1140   57272  42000   2.64e+00  2.29e-01  1.75e-01  5.06e-02  4.09e-02  2.13e-02  9.98e+03  2.91e+02 -1.00e+05
2015 09 07  1145   57272  42300   1.77e+00  1.53e-01  1.29e-01  5.06e-02  4.09e-02  2.13e-02  1.03e+04  3.08e+02 -1.00e+05
2015 09 07  1150   57272  42600   2.02e+00  1.95e-01  1.71e-01  1.37e-01  1.28e-01  6.61e-02  1.09e+04  3.29e+02 -1.00e+05
2015 09 07  1155   57272  42900   1.75e+00  1.09e-01  8.45e-02  5.06e-02  4.09e-02  2.13e-02  1.15e+04  3.67e+02 -1.00e+05
2015 09 07  1200   57272  43200   1.89e+00  1.16e-01  9.16e-02  5.06e-02  4.09e-02  2.13e-02  1.22e+04  3.75e+02 -1.00e+05
2015 09 07  1205   57272  43500   1.73e+00  1.09e-01  8.45e-02  5.06e-02  4.09e-02  2.13e-02  1.23e+04  3.92e+02 -1.00e+05
2015 09 07  1210   57272  43800   3.41e+00  2.36e-01  8.61e-02  5.06e-02  4.09e-02  2.13e-02  1.23e+04  3.78e+02 -1.00e+05
2015 09 07  1215   57272  44100   1.92e+00  1.40e-01  1.16e-01  8.23e-02  7.26e-02  3.14e-02  1.14e+04  3.79e+02 -1.00e+05
2015 09 07  1220   57272  44400   1.78e+00  1.16e-01  9.16e-02  5.06e-02  4.09e-02  2.13e-02  1.18e+04  3.80e+02 -1.00e+05
2015 09 07  1225   57272  44700   1.42e+00  1.65e-01  1.41e-01  1.07e-01  9.77e-02  3.95e-02  1.13e+04  3.62e+02 -1.00e+05
2015 09 07  1230   57272  45000   1.40e+00  1.31e-01  1.07e-01  7.32e-02  6.35e-02  4.38e-02  1.15e+04  3.73e+02 -1.00e+05
2015 09 07  1235   57272  45300   1.21e+00  1.09e-01  8.45e-02  5.06e-02  4.09e-02  2.13e-02  1.25e+04  3.92e+02 -1.00e+05
2015 09 07  1240   57272  45600   1.48e+00  2.17e-01  1.92e-01  7.38e-02  4.61e-02  2.13e-02  1.09e+04  3.38e+02 -1.00e+05
2015 09 07  1245   57272  45900   2.49e+00  3.04e-01  1.33e-01  9.52e-02  4.67e-02  2.13e-02  1.14e+04  3.76e+02 -1.00e+05
2015 09 07  1250   57272  46200   1.26e+00  1.11e-01  8.72e-02  5.34e-02  4.37e-02  2.40e-02  1.29e+04  3.85e+02 -1.00e+05
2015 09 07  1255   57272  46500   1.79e+00  1.09e-01  8.45e-02  5.06e-02  4.09e-02  2.13e-02  1.59e+04  5.14e+02 -1.00e+05
2015 09 07  1300   57272  46800   1.68e+00  1.93e-01  1.69e-01  7.61e-02  6.63e-02  2.94e-02  1.28e+04  4.48e+02 -1.00e+05
2015 09 07  1305   57272  47100   1.60e+00  1.19e-01  9.51e-02  5.41e-02  4.17e-02  2.13e-02  1.34e+04  4.71e+02 -1.00e+05
2015 09 07  1310   57272  47400   1.82e+00  1.33e-01  1.08e-01  7.38e-02  4.61e-02  2.13e-02  1.40e+04  5.00e+02 -1.00e+05
2015 09 07  1315   57272  47700   1.63e+00  1.09e-01  8.45e-02  5.06e-02  4.09e-02  2.13e-02  1.27e+04  4.65e+02 -1.00e+05
2015 09 07  1320   57272  48000   2.55e+00  2.01e-01  9.86e-02  5.06e-02  4.09e-02  2.13e-02  1.26e+04  4.94e+02 -1.00e+05
2015 09 07  1325   57272  48300   1.64e+00  1.16e-01  9.18e-02  5.09e-02  4.12e-02  2.15e-02  1.55e+04  5.45e+02 -1.00e+05
2015 09 07  1330   57272  48600   2.48e+00  1.09e-01  8.45e-02  5.06e-02  4.09e-02  2.13e-02  2.09e+04  6.82e+02 -1.00e+05
2015 09 07  1335   57272  48900   2.33e+00  1.28e-01  1.04e-01  6.98e-02  6.01e-02  2.74e-02  1.58e+04  7.36e+02 -1.00e+05
2015 09 07  1340   57272  49200   4.89e+00  1.64e-01  1.40e-01  7.32e-02  6.35e-02  4.38e-02  2.02e+04  7.88e+02 -1.00e+05
2015 09 07  1345   57272  49500   3.52e+00  2.06e-01  1.74e-01  1.39e-01  1.29e-01  4.96e-02  2.47e+04  9.10e+02 -1.00e+05
2015 09 07  1350   57272  49800   6.98e+00  1.26e-01  1.02e-01  6.07e-02  4.32e-02  2.13e-02  2.74e+04  1.13e+03 -1.00e+05
2015 09 07  1355   57272  50100   8.29e+00  1.94e-01  1.69e-01  5.10e-02  4.13e-02  2.14e-02  2.86e+04  1.09e+03 -1.00e+05
2015 09 07  1400   57272  50400   1.83e+01  2.34e-01  1.33e-01  8.47e-02  6.03e-02  3.64e-02  3.12e+04  1.19e+03 -1.00e+05
2015 09 07  1405   57272  50700   1.23e+01  1.60e-01  1.07e-01  6.72e-02  4.46e-02  2.13e-02  3.28e+04  1.25e+03 -1.00e+05
2015 09 07  1410   57272  51000   6.92e+00  2.36e-01  2.11e-01  8.03e-02  4.76e-02  2.13e-02  2.88e+04  8.97e+02 -1.00e+05
2015 09 07  1415   57272  51300   6.69e+00  1.19e-01  9.48e-02  6.07e-02  4.32e-02  2.13e-02  2.93e+04  9.63e+02 -1.00e+05
2015 09 07  1420   57272  51600   1.72e+01  3.55e-01  2.13e-01  8.31e-02  7.34e-02  5.37e-02  3.35e+04  1.12e+03 -1.00e+05
2015 09 07  1425   57272  51900   1.64e+01  2.32e-01  2.08e-01  1.14e-01  1.04e-01  4.15e-02  3.05e+04  1.11e+03 -1.00e+05
2015 09 07  1430   57272  52200   1.68e+01  1.09e-01  8.45e-02  5.06e-02  4.09e-02  2.13e-02  3.20e+04  1.11e+03 -1.00e+05
2015 09 07  1435   57272  52500   1.44e+01  1.43e-01  8.98e-02  5.06e-02  4.09e-02  2.13e-02  3.58e+04  1.35e+03 -1.00e+05
2015 09 07  1440   57272  52800   1.67e+01  2.36e-01  1.09e-01  7.32e-02  6.35e-02  4.38e-02  4.32e+04  1.80e+03 -1.00e+05
2015 09 07  1445   57272  53100   6.01e+00  1.94e-01  1.70e-01  5.09e-02  4.12e-02  2.15e-02  3.81e+04  1.44e+03 -1.00e+05
2015 09 07  1450   57272  53400   1.10e+01  1.88e-01  1.35e-01  5.06e-02  4.09e-02  2.13e-02  4.15e+04  1.63e+03 -1.00e+05
2015 09 07  1455   57272  53700   9.95e+00  2.06e-01  1.82e-01  1.20e-01  1.10e-01  4.35e-02  4.20e+04  1.71e+03 -1.00e+05
2015 09 07  1500   57272  54000   7.49e+00  1.66e-01  1.41e-01  1.06e-01  6.34e-02  2.54e-02  4.64e+04  1.95e+03 -1.00e+05
2015 09 07  1505   57272  54300   5.50e+00  1.90e-01  1.66e-01  1.31e-01  9.33e-02  3.55e-02  4.98e+04  2.18e+03 -1.00e+05
2015 09 07  1510   57272  54600   6.08e+00  3.34e-01  1.89e-01  5.06e-02  4.09e-02  2.13e-02  5.14e+04  2.19e+03 -1.00e+05
2015 09 07  1515   57272  54900   4.02e+00  2.47e-01  1.64e-01  1.19e-01  7.60e-02  2.94e-02  4.59e+04  1.76e+03 -1.00e+05
2015 09 07  1520   57272  55200   3.82e+00  1.90e-01  8.63e-02  5.06e-02  4.09e-02  2.13e-02  3.66e+04  1.20e+03 -1.00e+05
2015 09 07  1525   57272  55500   8.70e+00  1.88e-01  1.35e-01  5.06e-02  4.09e-02  2.13e-02  2.28e+04  1.05e+03 -1.00e+05
2015 09 07  1530   57272  55800   8.28e+00  2.05e-01  1.81e-01  6.27e-02  4.58e-02  2.40e-02  2.22e+04  1.16e+03 -1.00e+05
2015 09 07  1535   57272  56100   9.70e+00  1.61e-01  1.09e-01  6.58e-02  5.61e-02  3.64e-02  2.39e+04  1.16e+03 -1.00e+05
2015 09 07  1540   57272  56400   2.06e+01  2.13e-01  1.11e-01  6.33e-02  5.36e-02  3.39e-02  2.45e+04  1.21e+03 -1.00e+05
2015 09 07  1545   57272  56700   3.06e+01  3.30e-01  2.28e-01  9.34e-02  5.05e-02  2.13e-02  2.19e+04  1.07e+03 -1.00e+05
2015 09 07  1550   57272  57000   3.49e+01  1.90e-01  8.63e-02  5.06e-02  4.09e-02  2.13e-02  2.33e+04  9.39e+02 -1.00e+05
2015 09 07  1555   57272  57300   2.01e+01  1.94e-01  1.70e-01  5.06e-02  4.09e-02  2.13e-02  2.56e+04  9.90e+02 -1.00e+05
2015 09 07  1600   57272  57600   2.46e+01  1.09e-01  8.45e-02  5.06e-02  4.09e-02  2.13e-02  2.48e+04  9.02e+02 -1.00e+05
2015 09 07  1605   57272  57900   4.74e+01  2.86e-01  1.84e-01  5.06e-02  4.09e-02  2.13e-02  2.68e+04  9.41e+02 -1.00e+05
2015 09 07  1610   57272  58200   2.87e+01  1.71e-01  1.47e-01  1.12e-01  7.93e-02  3.14e-02  2.69e+04  9.33e+02 -1.00e+05
2015 09 07  1615   57272  58500   3.41e+01  2.09e-01  1.17e-01  7.13e-02  6.15e-02  3.31e-02  2.11e+04  6.30e+02 -1.00e+05
2015 09 07  1620   57272  58800   4.48e+01  1.84e-01  1.60e-01  1.26e-01  1.17e-01  4.55e-02  2.91e+04  1.22e+03 -1.00e+05
2015 09 07  1625   57272  59100   1.08e+02  3.05e-01  2.05e-01  7.82e-02  6.84e-02  4.88e-02  2.67e+04  1.01e+03 -1.00e+05
2015 09 07  1630   57272  59400   2.68e+02  2.36e-01  8.61e-02  5.06e-02  4.09e-02  2.13e-02  3.47e+04  1.67e+03 -1.00e+05
2015 09 07  1635   57272  59700   1.23e+02  1.16e-01  9.22e-02  5.84e-02  4.86e-02  2.90e-02  3.31e+04  1.44e+03 -1.00e+05
2015 09 07  1640   57272  60000   2.34e+02  2.31e-01  1.29e-01  8.03e-02  4.76e-02  2.13e-02  3.66e+04  1.69e+03 -1.00e+05
2015 09 07  1645   57272  60300   1.70e+02  1.43e-01  8.98e-02  5.06e-02  4.09e-02  2.13e-02  3.50e+04  1.53e+03 -1.00e+05
2015 09 07  1650   57272  60600   1.01e+02  1.16e-01  9.16e-02  5.06e-02  4.09e-02  2.13e-02  2.97e+04  1.25e+03 -1.00e+05
2015 09 07  1655   57272  60900   8.43e+01  1.45e-01  1.21e-01  8.67e-02  5.90e-02  2.54e-02  3.26e+04  1.34e+03 -1.00e+05
2015 09 07  1700   57272  61200   7.47e+01  1.49e-01  1.25e-01  8.95e-02  4.68e-02  2.13e-02  3.73e+04  1.68e+03 -1.00e+05
2015 09 07  1705   57272  61500   7.13e+01  1.94e-01  1.70e-01  5.06e-02  4.09e-02  2.13e-02  3.57e+04  1.61e+03 -1.00e+05
2015 09 07  1710   57272  61800   7.62e+01  2.31e-01  1.29e-01  8.03e-02  4.76e-02  2.13e-02  3.89e+04  1.85e+03 -1.00e+05
2015 09 07  1715   57272  62100   4.98e+01  1.43e-01  8.98e-02  5.06e-02  4.09e-02  2.13e-02  4.78e+04  2.43e+03 -1.00e+05
2015 09 07  1720   57272  62400   2.85e+01  1.46e-01  1.22e-01  8.69e-02  4.91e-02  2.13e-02  4.64e+04  2.28e+03 -1.00e+05
2015 09 07  1725   57272  62700   1.93e+01  1.59e-01  1.35e-01  6.92e-02  5.94e-02  3.98e-02  4.49e+04  2.31e+03 -1.00e+05
2015 09 07  1730   57272  63000   1.26e+01  1.09e-01  8.45e-02  5.06e-02  4.09e-02  2.13e-02  4.71e+04  2.33e+03 -1.00e+05
2015 09 07  1735   57272  63300   8.12e+00  1.09e-01  8.45e-02  5.06e-02  4.09e-02  2.13e-02  4.22e+04  2.06e+03 -1.00e+05
2015 09 07  1740   57272  63600   2.15e+01  2.19e-01  1.10e-01  7.11e-02  6.14e-02  4.18e-02  4.25e+04  2.08e+03 -1.00e+05
2015 09 07  1745   57272  63900   1.50e+01  1.84e-01  1.61e-01  5.98e-02  4.26e-02  2.09e-02  4.38e+04  2.20e+03 -1.00e+05
2015 09 07  1750   57272  64200   1.15e+01  1.54e-01  1.31e-01  9.31e-02  5.23e-02  2.69e-02  4.68e+04  2.56e+03 -1.00e+05
2015 09 07  1755   57272  64500   7.89e+00  1.10e-01  8.63e-02  5.03e-02  4.05e-02  2.09e-02  4.44e+04  2.28e+03 -1.00e+05
2015 09 07  1800   57272  64800   9.79e+00  2.15e-01  1.05e-01  6.63e-02  4.41e-02  2.09e-02  4.25e+04  1.97e+03 -1.00e+05
2015 09 07  1805   57272  65100   6.98e+00  1.90e-01  1.66e-01  1.30e-01  1.15e-01  5.00e-02  4.19e+04  1.88e+03 -1.00e+05
2015 09 07  1810   57272  65400   6.97e+00  1.23e-01  9.97e-02  6.37e-02  5.39e-02  3.43e-02  2.92e+04  1.46e+03 -1.00e+05
2015 09 07  1815   57272  65700   4.44e+00  1.56e-01  1.33e-01  8.66e-02  7.46e-02  3.16e-02  2.89e+04  1.19e+03 -1.00e+05
2015 09 07  1820   57272  66000   9.50e+00  2.13e-01  1.02e-01  5.03e-02  4.05e-02  2.09e-02  2.30e+04  9.28e+02 -1.00e+05
2015 09 07  1825   57272  66300   6.04e+00  1.10e-01  8.63e-02  5.03e-02  4.05e-02  2.09e-02  2.05e+04  7.54e+02 -1.00e+05
2015 09 07  1830   57272  66600   4.11e+00  1.31e-01  1.07e-01  7.11e-02  6.14e-02  2.76e-02  2.14e+04  6.52e+02 -1.00e+05
2015 09 07  1835   57272  66900   6.99e+00  2.94e-01  1.85e-01  7.36e-02  6.38e-02  4.42e-02  2.05e+04  6.14e+02 -1.00e+05
2015 09 07  1840   57272  67200   4.88e+00  1.96e-01  1.34e-01  9.03e-02  5.42e-02  2.69e-02  1.90e+04  5.13e+02 -1.00e+05
2015 09 07  1845   57272  67500   4.58e+00  1.28e-01  1.04e-01  6.81e-02  5.10e-02  2.36e-02  1.85e+04  4.99e+02 -1.00e+05
2015 09 07  1850   57272  67800   4.63e+00  1.13e-01  8.93e-02  5.32e-02  4.12e-02  2.09e-02  1.49e+04  4.17e+02 -1.00e+05
2015 09 07  1855   57272  68100   1.29e+01  2.75e-01  1.64e-01  5.32e-02  4.12e-02  2.09e-02  1.78e+04  4.41e+02 -1.00e+05
2015 09 07  1900   57272  68400   5.78e+00  1.51e-01  1.27e-01  5.13e-02  4.15e-02  2.19e-02  1.82e+04  4.49e+02 -1.00e+05
2015 09 07  1905   57272  68700   6.88e+00  2.93e-01  2.69e-01  1.18e-01  1.06e-01  4.17e-02  1.43e+04  2.95e+02 -1.00e+05
2015 09 07  1910   57272  69000   4.53e+00  1.75e-01  1.51e-01  1.15e-01  1.05e-01  4.17e-02  1.17e+04  1.76e+02 -1.00e+05
2015 09 07  1915   57272  69300   5.84e+00  1.43e-01  1.20e-01  8.38e-02  7.38e-02  5.41e-02  8.73e+03  1.50e+02 -1.00e+05
2015 09 07  1920   57272  69600   6.14e+00  1.24e-01  1.01e-01  6.49e-02  5.51e-02  2.56e-02  1.07e+04  2.00e+02 -1.00e+05
2015 09 07  1925   57272  69900   8.51e+00  1.74e-01  1.51e-01  5.03e-02  4.05e-02  2.09e-02  1.02e+04  2.31e+02 -1.00e+05
2015 09 07  1930   57272  70200   2.06e+01  2.02e-01  9.18e-02  5.32e-02  4.12e-02  2.09e-02  1.11e+04  2.54e+02 -1.00e+05
2015 09 07  1935   57272  70500   7.99e+00  1.10e-01  8.63e-02  5.03e-02  4.05e-02  2.09e-02  1.09e+04  2.35e+02 -1.00e+05
2015 09 07  1940   57272  70800   8.35e+00  2.41e-01  1.30e-01  5.03e-02  4.05e-02  2.09e-02  8.90e+03  1.78e+02 -1.00e+05
2015 09 07  1945   57272  71100   1.24e+01  2.71e-01  1.66e-01  8.44e-02  7.34e-02  5.05e-02  8.70e+03  1.33e+02 -1.00e+05
2015 09 07  1950   57272  71400   7.92e+00  1.68e-01  1.44e-01  8.12e-02  7.15e-02  5.19e-02  7.05e+03  1.14e+02 -1.00e+05
2015 09 07  1955   57272  71700   5.55e+00  1.33e-01  1.10e-01  7.36e-02  6.38e-02  4.42e-02  1.00e+04  1.52e+02 -1.00e+05
2015 09 07  2000   57272  72000   5.51e+00  2.22e-01  1.12e-01  7.29e-02  4.56e-02  2.09e-02  5.71e+03  5.87e+01 -1.00e+05
2015 09 07  2005   57272  72300   3.41e+00  1.48e-01  1.25e-01  5.32e-02  4.12e-02  2.09e-02  6.06e+03  6.66e+01 -1.00e+05
2015 09 07  2010   57272  72600   6.85e+00  1.74e-01  1.51e-01  8.40e-02  7.42e-02  4.40e-02  8.59e+03  1.25e+02 -1.00e+05
2015 09 07  2015   57272  72900   4.00e+00  1.41e-01  1.17e-01  8.10e-02  7.13e-02  5.17e-02  1.01e+04  1.45e+02 -1.00e+05
2015 09 07  2020   57272  73200   4.84e+00  1.37e-01  1.13e-01  7.74e-02  6.77e-02  2.96e-02  7.44e+03  1.10e+02 -1.00e+05
2015 09 07  2025   57272  73500   6.84e+00  1.49e-01  1.26e-01  9.00e-02  8.02e-02  3.36e-02  1.02e+04  2.41e+02 -1.00e+05
2015 09 07  2030   57272  73800   5.86e+00  2.67e-01  8.85e-02  5.03e-02  4.05e-02  2.09e-02  9.40e+03  1.96e+02 -1.00e+05
2015 09 07  2035   57272  74100   3.02e+00  1.79e-01  1.56e-01  1.20e-01  1.10e-01  6.08e-02  6.48e+03  1.13e+02 -1.00e+05
2015 09 07  2040   57272  74400   4.57e+00  1.98e-01  1.37e-01  5.38e-02  4.40e-02  2.44e-02  5.28e+03  9.42e+01 -1.00e+05
2015 09 07  2045   57272  74700   5.56e+00  2.29e-01  9.47e-02  5.63e-02  4.65e-02  2.69e-02  5.96e+03  1.06e+02 -1.00e+05
2015 09 07  2050   57272  75000   6.61e+00  2.13e-01  1.02e-01  5.03e-02  4.05e-02  2.09e-02  5.06e+03  8.82e+01 -1.00e+05
2015 09 07  2055   57272  75300   2.57e+00  1.24e-01  1.01e-01  6.49e-02  5.51e-02  2.56e-02  4.23e+03  6.15e+01 -1.00e+05
2015 09 07  2100   57272  75600   7.01e+00  1.99e-01  8.87e-02  5.03e-02  4.05e-02  2.09e-02  3.88e+03  5.22e+01 -1.00e+05
2015 09 07  2105   57272  75900   6.96e+00  1.18e-01  9.48e-02  5.87e-02  4.90e-02  2.94e-02  6.29e+03  1.10e+02 -1.00e+05
2015 09 07  2110   57272  76200   1.12e+01  1.97e-01  1.36e-01  9.21e-02  5.65e-02  2.94e-02  1.24e+04  2.34e+02 -1.00e+05
2015 09 07  2115   57272  76500   1.08e+01  2.77e-01  1.66e-01  5.03e-02  4.05e-02  2.09e-02  9.67e+03  1.81e+02 -1.00e+05
2015 09 07  2120   57272  76800   6.29e+00  1.23e-01  9.97e-02  6.37e-02  5.39e-02  3.43e-02  1.03e+04  2.05e+02 -1.00e+05
2015 09 07  2125   57272  77100   6.16e+00  1.18e-01  9.48e-02  5.87e-02  4.90e-02  2.94e-02  7.26e+03  1.42e+02 -1.00e+05
2015 09 07  2130   57272  77400   6.19e+00  1.53e-01  1.29e-01  9.32e-02  7.61e-02  3.16e-02  9.76e+03  2.01e+02 -1.00e+05
2015 09 07  2135   57272  77700   6.32e+00  2.24e-01  2.01e-01  1.64e-01  1.21e-01  4.37e-02  1.19e+04  2.27e+02 -1.00e+05
2015 09 07  2140   57272  78000   4.51e+00  1.32e-01  1.08e-01  7.23e-02  6.25e-02  3.20e-02  1.29e+04  2.25e+02 -1.00e+05
2015 09 07  2145   57272  78300   3.07e+00  1.10e-01  8.63e-02  5.03e-02  4.05e-02  2.09e-02  9.88e+03  2.01e+02 -1.00e+05
2015 09 07  2150   57272  78600   3.39e+00  1.10e-01  8.63e-02  5.03e-02  4.05e-02  2.09e-02  9.63e+03  1.83e+02 -1.00e+05
2015 09 07  2155   57272  78900   3.65e+00  1.10e-01  8.63e-02  5.03e-02  4.05e-02  2.09e-02  1.11e+04  2.00e+02 -1.00e+05
2015 09 07  2200   57272  79200   4.59e+00  1.41e-01  1.17e-01  8.10e-02  7.13e-02  5.17e-02  1.28e+04  2.78e+02 -1.00e+05
2015 09 07  2205   57272  79500   5.66e+00  1.55e-01  9.32e-02  5.03e-02  4.05e-02  2.09e-02  1.63e+04  3.66e+02 -1.00e+05
2015 09 07  2210   57272  79800   3.18e+00  1.10e-01  8.63e-02  5.03e-02  4.05e-02  2.09e-02  1.09e+04  2.32e+02 -1.00e+05
2015 09 07  2215   57272  80100   2.95e+00  1.43e-01  1.20e-01  8.35e-02  7.37e-02  5.41e-02  1.13e+04  1.82e+02 -1.00e+05
2015 09 07  2220   57272  80400   2.71e+00  1.38e-01  1.15e-01  5.03e-02  4.05e-02  2.09e-02  1.43e+04  2.55e+02 -1.00e+05
2015 09 07  2225   57272  80700   2.02e+00  1.10e-01  8.63e-02  5.03e-02  4.05e-02  2.09e-02  1.70e+04  3.34e+02 -1.00e+05
2015 09 07  2230   57272  81000   1.38e+00  1.71e-01  1.48e-01  6.18e-02  4.47e-02  2.16e-02  1.24e+04  1.85e+02 -1.00e+05
2015 09 07  2235   57272  81300   1.28e+00  1.10e-01  8.63e-02  5.03e-02  4.05e-02  2.09e-02  1.26e+04  1.57e+02 -1.00e+05
2015 09 07  2240   57272  81600   8.73e-01  1.10e-01  8.63e-02  5.03e-02  4.05e-02  2.09e-02  9.91e+03  8.16e+01 -1.00e+05
2015 09 07  2245   57272  81900   5.27e-01  1.63e-01  1.02e-01  5.87e-02  4.90e-02  2.94e-02  7.18e+03  4.82e+01 -1.00e+05
2015 09 07  2250   57272  82200   4.83e-01  1.55e-01  1.31e-01  9.43e-02  5.69e-02  2.36e-02  6.04e+03  2.66e+01 -1.00e+05
2015 09 07  2255   57272  82500   5.17e-01  1.10e-01  8.63e-02  5.03e-02  4.05e-02  2.09e-02  4.44e+03  1.75e+01 -1.00e+05
2015 09 07  2300   57272  82800   4.86e-01  2.00e-01  1.76e-01  1.39e-01  9.12e-02  3.36e-02  4.53e+03  1.09e+01 -1.00e+05
2015 09 07  2305   57272  83100   3.16e-01  1.21e-01  9.72e-02  6.12e-02  5.15e-02  3.18e-02  5.05e+03  1.76e+01 -1.00e+05
2015 09 07  2310   57272  83400   2.02e+00  1.10e-01  8.63e-02  5.03e-02  4.05e-02  2.09e-02  1.10e+04  1.24e+02 -1.00e+05
2015 09 07  2315   57272  83700   5.48e+01  2.23e-01  8.87e-02  5.03e-02  4.05e-02  2.09e-02  1.15e+04  2.51e+02 -1.00e+05
2015 09 07  2320   57272  84000   2.48e+01  1.10e-01  8.63e-02  5.03e-02  4.05e-02  2.09e-02  1.28e+04  3.83e+02 -1.00e+05
2015 09 07  2325   57272  84300   4.51e+01  1.12e-01  8.84e-02  5.23e-02  4.26e-02  2.16e-02  1.78e+04  5.69e+02 -1.00e+05
2015 09 07  2330   57272  84600   2.69e+01  1.13e-01  8.98e-02  5.38e-02  4.40e-02  2.44e-02  1.89e+04  6.32e+02 -1.00e+05
2015 09 07  2335   57272  84900   5.51e+01  2.50e-01  1.39e-01  8.60e-02  4.63e-02  2.09e-02  2.06e+04  7.15e+02 -1.00e+05
2015 09 07  2340   57272  85200   4.89e+01  2.13e-01  1.02e-01  5.03e-02  4.05e-02  2.09e-02  2.29e+04  8.00e+02 -1.00e+05
2015 09 07  2345   57272  85500   2.71e+01  1.79e-01  1.56e-01  1.19e-01  9.13e-02  6.65e-02  2.08e+04  6.71e+02 -1.00e+05
2015 09 07  2350   57272  85800   3.22e+01  2.77e-01  1.66e-01  5.03e-02  4.05e-02  2.09e-02  2.03e+04  6.39e+02 -1.00e+05
2015 09 07  2355   57272  86100   1.49e+01  1.38e-01  1.15e-01  5.03e-02  4.05e-02  2.09e-02  2.03e+04  6.39e+02 -1.00e+05
