:Data_list: 20150914_Gp_part_5m.txt
:Created: 2015 Sep 15 0011 UTC
# Prepared by the U.S. Dept. of Commerce, NOAA, Space Weather Prediction Center
# Please send comments and suggestions to SWPC.Webmaster@noaa.gov 
# 
# Label: P > 1 = Particles at >1 Mev
# Label: P > 5 = Particles at >5 Mev
# Label: P >10 = Particles at >10 Mev
# Label: P >30 = Particles at >30 Mev
# Label: P >50 = Particles at >50 Mev
# Label: P>100 = Particles at >100 Mev
# Label: E>0.8 = Electrons at >0.8 Mev
# Label: E>2.0 = Electrons at >2.0 Mev
# Label: E>4.0 = Electrons at >4.0 Mev
# Units: Particles = Protons/cm2-s-sr
# Units: Electrons = Electrons/cm2-s-sr
# Source: GOES-13
# Location: W075
# Missing data: -1.00e+05
#
#                      5-minute  GOES-13 Solar Particle and Electron Flux
#
#                 Modified Seconds
# UTC Date  Time   Julian  of the
# YR MO DA  HHMM    Day     Day     P > 1     P > 5     P >10     P >30     P >50     P>100     E>0.8     E>2.0     E>4.0
#-------------------------------------------------------------------------------------------------------------------------
2015 09 14  0000   57279      0   3.22e+00  1.02e-01  7.94e-02  4.81e-02  3.89e-02  2.03e-02  2.94e+04  1.40e+03 -1.00e+05
2015 09 14  0005   57279    300   5.93e+00  2.14e-01  1.27e-01  8.41e-02  7.50e-02  3.25e-02  3.38e+04  1.74e+03 -1.00e+05
2015 09 14  0010   57279    600   6.52e+00  2.39e-01  1.37e-01  1.05e-01  9.55e-02  6.77e-02  3.21e+04  1.60e+03 -1.00e+05
2015 09 14  0015   57279    900   6.32e+00  2.42e-01  1.26e-01  4.81e-02  3.89e-02  2.03e-02  3.15e+04  1.57e+03 -1.00e+05
2015 09 14  0020   57279   1200   3.69e+00  1.16e-01  9.27e-02  6.14e-02  5.22e-02  3.36e-02  3.17e+04  1.54e+03 -1.00e+05
2015 09 14  0025   57279   1500   3.89e+00  1.78e-01  1.55e-01  8.48e-02  7.56e-02  2.16e-02  3.00e+04  1.50e+03 -1.00e+05
2015 09 14  0030   57279   1800   3.99e+00  1.35e-01  1.12e-01  8.05e-02  5.95e-02  3.74e-02  3.01e+04  1.42e+03 -1.00e+05
2015 09 14  0035   57279   2100   3.96e+00  2.05e-01  1.82e-01  7.39e-02  4.47e-02  2.03e-02  3.00e+04  1.39e+03 -1.00e+05
2015 09 14  0040   57279   2400   4.20e+00  1.27e-01  1.04e-01  4.81e-02  3.89e-02  2.03e-02  3.00e+04  1.38e+03 -1.00e+05
2015 09 14  0045   57279   2700   3.92e+00  1.02e-01  7.94e-02  4.81e-02  3.89e-02  2.03e-02  2.96e+04  1.35e+03 -1.00e+05
2015 09 14  0050   57279   3000   3.77e+00  2.11e-01  1.88e-01  7.81e-02  5.40e-02  2.38e-02  2.88e+04  1.31e+03 -1.00e+05
2015 09 14  0055   57279   3300   3.23e+00  1.27e-01  1.04e-01  7.19e-02  4.78e-02  2.18e-02  2.95e+04  1.33e+03 -1.00e+05
2015 09 14  0100   57279   3600   3.07e+00  1.84e-01  1.61e-01  9.02e-02  8.11e-02  3.38e-02  2.74e+04  1.19e+03 -1.00e+05
2015 09 14  0105   57279   3900   7.48e+00  4.50e-01  1.29e-01  4.81e-02  3.89e-02  2.03e-02  2.73e+04  1.17e+03 -1.00e+05
2015 09 14  0110   57279   4200   3.50e+00  2.04e-01  1.81e-01  5.89e-02  4.97e-02  2.38e-02  2.77e+04  1.22e+03 -1.00e+05
2015 09 14  0115   57279   4500   7.39e+00  5.79e-01  2.07e-01  4.81e-02  3.89e-02  2.03e-02  2.86e+04  1.23e+03 -1.00e+05
2015 09 14  0120   57279   4800   4.34e+00  2.26e-01  1.78e-01  7.14e-02  6.23e-02  2.78e-02  2.87e+04  1.24e+03 -1.00e+05
2015 09 14  0125   57279   5100   3.62e+00  1.02e-01  7.94e-02  4.81e-02  3.89e-02  2.03e-02  2.88e+04  1.26e+03 -1.00e+05
2015 09 14  0130   57279   5400   3.31e+00  1.67e-01  1.44e-01  9.66e-02  8.75e-02  6.89e-02  2.86e+04  1.25e+03 -1.00e+05
2015 09 14  0135   57279   5700   3.40e+00  1.18e-01  9.51e-02  6.38e-02  5.46e-02  3.60e-02  2.87e+04  1.25e+03 -1.00e+05
2015 09 14  0140   57279   6000   3.58e+00  1.46e-01  1.23e-01  6.08e-02  4.17e-02  2.03e-02  2.87e+04  1.27e+03 -1.00e+05
2015 09 14  0145   57279   6300   3.49e+00  1.02e-01  7.94e-02  4.81e-02  3.89e-02  2.03e-02  2.98e+04  1.29e+03 -1.00e+05
2015 09 14  0150   57279   6600   3.58e+00  1.27e-01  1.04e-01  4.81e-02  3.89e-02  2.03e-02  2.98e+04  1.30e+03 -1.00e+05
2015 09 14  0155   57279   6900   6.15e+00  2.29e-01  1.21e-01  8.78e-02  7.39e-02  2.16e-02  2.98e+04  1.28e+03 -1.00e+05
2015 09 14  0200   57279   7200   3.43e+00  1.08e-01  8.52e-02  5.39e-02  4.47e-02  2.61e-02  3.00e+04  1.29e+03 -1.00e+05
2015 09 14  0205   57279   7500   6.38e+00  5.16e-01  2.98e-01  8.82e-02  5.28e-02  2.86e-02  3.00e+04  1.33e+03 -1.00e+05
2015 09 14  0210   57279   7800   3.26e+00  2.21e-01  1.98e-01  6.13e-02  5.22e-02  3.36e-02  2.94e+04  1.26e+03 -1.00e+05
2015 09 14  0215   57279   8100   2.98e+00  1.44e-01  1.20e-01  8.74e-02  4.45e-02  2.03e-02  2.79e+04  1.20e+03 -1.00e+05
2015 09 14  0220   57279   8400   4.57e+00  2.58e-01  1.46e-01  9.84e-02  8.35e-02  6.33e-02  2.86e+04  1.16e+03 -1.00e+05
2015 09 14  0225   57279   8700   3.40e+00  1.56e-01  1.18e-01  8.40e-02  7.48e-02  3.18e-02  2.75e+04  1.13e+03 -1.00e+05
2015 09 14  0230   57279   9000   4.18e+00  1.95e-01  1.30e-01  6.38e-02  5.46e-02  3.60e-02  2.61e+04  1.04e+03 -1.00e+05
2015 09 14  0235   57279   9300   3.80e+00  2.07e-01  1.61e-01  1.25e-01  1.05e-01  6.78e-02  2.77e+04  1.13e+03 -1.00e+05
2015 09 14  0240   57279   9600   6.30e+00  4.96e-01  2.04e-01  4.81e-02  3.89e-02  2.03e-02  2.73e+04  1.09e+03 -1.00e+05
2015 09 14  0245   57279   9900   3.05e+00  2.35e-01  2.12e-01  7.87e-02  6.95e-02  5.09e-02  2.60e+04  1.07e+03 -1.00e+05
2015 09 14  0250   57279  10200   3.02e+00  1.76e-01  1.53e-01  1.22e-01  1.12e-01  4.39e-02  2.62e+04  1.03e+03 -1.00e+05
2015 09 14  0255   57279  10500   3.18e+00  1.02e-01  7.94e-02  4.81e-02  3.89e-02  2.03e-02  2.61e+04  1.02e+03 -1.00e+05
2015 09 14  0300   57279  10800   3.29e+00  2.29e-01  2.06e-01  7.12e-02  6.21e-02  4.35e-02  2.63e+04  1.03e+03 -1.00e+05
2015 09 14  0305   57279  11100   3.51e+00  1.09e-01  8.57e-02  5.42e-02  4.03e-02  2.03e-02  2.67e+04  1.04e+03 -1.00e+05
2015 09 14  0310   57279  11400   3.37e+00  1.79e-01  1.56e-01  1.25e-01  1.16e-01  7.92e-02  2.70e+04  1.05e+03 -1.00e+05
2015 09 14  0315   57279  11700   5.09e+00  2.36e-01  1.21e-01  4.81e-02  3.89e-02  2.03e-02  2.60e+04  9.92e+02 -1.00e+05
2015 09 14  0320   57279  12000   3.07e+00  1.25e-01  1.02e-01  7.05e-02  6.13e-02  4.27e-02  2.60e+04  9.71e+02 -1.00e+05
2015 09 14  0325   57279  12300   2.89e+00  1.56e-01  1.33e-01  1.01e-01  7.25e-02  4.84e-02  2.51e+04  9.12e+02 -1.00e+05
2015 09 14  0330   57279  12600   2.95e+00  1.16e-01  9.24e-02  6.08e-02  4.17e-02  2.03e-02  2.46e+04  8.75e+02 -1.00e+05
2015 09 14  0335   57279  12900   2.84e+00  1.36e-01  1.13e-01  5.88e-02  4.48e-02  2.18e-02  2.46e+04  8.57e+02 -1.00e+05
2015 09 14  0340   57279  13200   2.75e+00  1.39e-01  1.16e-01  5.64e-02  4.72e-02  2.86e-02  2.43e+04  8.65e+02 -1.00e+05
2015 09 14  0345   57279  13500   2.56e+00  1.23e-01  9.94e-02  6.82e-02  5.90e-02  3.74e-02  2.45e+04  8.97e+02 -1.00e+05
2015 09 14  0350   57279  13800   2.45e+00  1.32e-01  1.09e-01  7.77e-02  6.85e-02  2.98e-02  2.46e+04  8.78e+02 -1.00e+05
2015 09 14  0355   57279  14100   3.26e+00  1.67e-01  1.00e-01  6.08e-02  4.17e-02  2.03e-02  2.33e+04  8.13e+02 -1.00e+05
2015 09 14  0400   57279  14400   3.61e+00  2.88e-01  1.74e-01  9.83e-02  6.24e-02  3.60e-02  2.27e+04  7.74e+02 -1.00e+05
2015 09 14  0405   57279  14700   1.98e+00  1.89e-01  1.65e-01  1.34e-01  1.25e-01  4.79e-02  2.17e+04  7.25e+02 -1.00e+05
2015 09 14  0410   57279  15000   2.19e+00  1.84e-01  1.18e-01  4.81e-02  3.89e-02  2.03e-02  2.05e+04  6.66e+02 -1.00e+05
2015 09 14  0415   57279  15300   1.54e+00  2.18e-01  1.95e-01  1.09e-01  9.99e-02  3.99e-02  2.05e+04  6.64e+02 -1.00e+05
2015 09 14  0420   57279  15600   1.81e+00  2.23e-01  2.00e-01  8.04e-02  4.62e-02  2.03e-02  1.96e+04  6.14e+02 -1.00e+05
2015 09 14  0425   57279  15900   3.42e+00  2.54e-01  8.06e-02  4.81e-02  3.89e-02  2.03e-02  1.81e+04  5.51e+02 -1.00e+05
2015 09 14  0430   57279  16200   3.01e+00  2.39e-01  8.65e-02  5.39e-02  4.47e-02  2.61e-02  1.73e+04  5.27e+02 -1.00e+05
2015 09 14  0435   57279  16500   1.47e+00  1.96e-01  1.73e-01  1.41e-01  9.96e-02  4.75e-02  1.63e+04  4.59e+02 -1.00e+05
2015 09 14  0440   57279  16800   1.40e+00  1.50e-01  1.27e-01  4.81e-02  3.89e-02  2.03e-02  1.44e+04  4.10e+02 -1.00e+05
2015 09 14  0445   57279  17100   1.72e+00  2.03e-01  1.04e-01  7.14e-02  6.23e-02  2.78e-02  1.33e+04  3.69e+02 -1.00e+05
2015 09 14  0450   57279  17400   1.03e+00  1.71e-01  1.48e-01  8.49e-02  4.45e-02  2.03e-02  1.26e+04  3.67e+02 -1.00e+05
2015 09 14  0455   57279  17700   8.22e-01  1.40e-01  1.16e-01  4.81e-02  3.89e-02  2.03e-02  1.18e+04  3.28e+02 -1.00e+05
2015 09 14  0500   57279  18000   8.61e-01  1.73e-01  1.50e-01  7.77e-02  6.85e-02  2.98e-02  1.25e+04  3.34e+02 -1.00e+05
2015 09 14  0505   57279  18300   9.84e-01  2.17e-01  1.02e-01  5.39e-02  4.47e-02  2.61e-02  1.25e+04  2.86e+02 -1.00e+05
2015 09 14  0510   57279  18600   8.27e-01  1.33e-01  1.10e-01  4.81e-02  3.89e-02  2.03e-02  1.43e+04  3.37e+02 -1.00e+05
2015 09 14  0515   57279  18900   9.18e-01  2.42e-01  2.19e-01  1.21e-01  1.12e-01  6.45e-02  1.29e+04  2.40e+02 -1.00e+05
2015 09 14  0520   57279  19200   7.94e-01  1.77e-01  1.54e-01  1.22e-01  9.79e-02  3.79e-02  1.04e+04  1.59e+02 -1.00e+05
2015 09 14  0525   57279  19500   7.24e-01  2.00e-01  1.77e-01  1.45e-01  1.36e-01  6.89e-02  6.66e+03  8.12e+01 -1.00e+05
2015 09 14  0530   57279  19800   1.18e+00  3.71e-01  1.77e-01  4.81e-02  3.89e-02  2.03e-02  5.29e+03  5.41e+01 -1.00e+05
2015 09 14  0535   57279  20100   6.97e-01  2.39e-01  2.16e-01  8.92e-02  8.00e-02  6.14e-02  4.00e+03  3.52e+01 -1.00e+05
2015 09 14  0540   57279  20400   8.22e-01  2.17e-01  1.94e-01  5.64e-02  4.72e-02  2.86e-02  4.84e+03  4.99e+01 -1.00e+05
2015 09 14  0545   57279  20700   5.96e-01  1.45e-01  1.21e-01  8.99e-02  7.21e-02  3.41e-02  4.94e+03  4.47e+01 -1.00e+05
2015 09 14  0550   57279  21000   1.85e+00  2.73e-01  8.05e-02  4.81e-02  3.89e-02  2.03e-02  5.24e+03  4.11e+01 -1.00e+05
2015 09 14  0555   57279  21300   6.53e-01  1.47e-01  1.24e-01  6.56e-02  5.50e-02  3.60e-02  5.28e+03  4.32e+01 -1.00e+05
2015 09 14  0600   57279  21600   5.38e-01  1.02e-01  7.94e-02  4.81e-02  3.89e-02  2.03e-02  5.81e+03  5.33e+01 -1.00e+05
2015 09 14  0605   57279  21900   1.06e+00  2.19e-01  1.52e-01  6.08e-02  4.17e-02  2.03e-02  6.70e+03  9.32e+01 -1.00e+05
2015 09 14  0610   57279  22200   8.95e-01  1.51e-01  1.28e-01  9.51e-02  5.53e-02  3.11e-02  7.23e+03  8.40e+01 -1.00e+05
2015 09 14  0615   57279  22500   1.41e+00  2.61e-01  1.23e-01  9.02e-02  8.11e-02  3.38e-02  6.76e+03  8.09e+01 -1.00e+05
2015 09 14  0620   57279  22800   5.84e-01  1.30e-01  1.07e-01  7.54e-02  6.62e-02  4.31e-02  6.76e+03  8.47e+01 -1.00e+05
2015 09 14  0625   57279  23100   5.15e-01  1.02e-01  7.94e-02  4.81e-02  3.89e-02  2.03e-02  6.94e+03  9.16e+01 -1.00e+05
2015 09 14  0630   57279  23400   7.06e-01  1.58e-01  1.35e-01  1.04e-01  9.05e-02  7.07e-02  6.41e+03  7.24e+01 -1.00e+05
2015 09 14  0635   57279  23700   5.91e-01  1.73e-01  1.08e-01  6.88e-02  5.96e-02  4.10e-02  4.90e+03  4.16e+01 -1.00e+05
2015 09 14  0640   57279  24000   9.68e-01  2.22e-01  9.78e-02  6.52e-02  5.60e-02  2.58e-02  4.37e+03  3.16e+01 -1.00e+05
2015 09 14  0645   57279  24300   5.84e-01  1.33e-01  1.10e-01  7.87e-02  6.95e-02  5.09e-02  4.55e+03  3.31e+01 -1.00e+05
2015 09 14  0650   57279  24600   5.22e-01  1.33e-01  1.10e-01  7.87e-02  6.95e-02  5.09e-02  4.35e+03  2.83e+01 -1.00e+05
2015 09 14  0655   57279  24900   6.76e-01  1.92e-01  1.69e-01  7.77e-02  6.85e-02  2.98e-02  3.33e+03  2.68e+01 -1.00e+05
2015 09 14  0700   57279  25200   8.41e-01  2.89e-01  1.28e-01  4.81e-02  3.89e-02  2.03e-02  3.02e+03  2.64e+01 -1.00e+05
2015 09 14  0705   57279  25500   6.46e-01  2.41e-01  2.17e-01  7.39e-02  4.47e-02  2.03e-02  3.76e+03  3.27e+01 -1.00e+05
2015 09 14  0710   57279  25800   5.97e-01  1.57e-01  1.29e-01  9.65e-02  8.73e-02  3.59e-02  4.24e+03  3.80e+01 -1.00e+05
2015 09 14  0715   57279  26100   3.84e-01  1.86e-01  1.63e-01  6.73e-02  4.32e-02  2.03e-02  4.90e+03  6.56e+01 -1.00e+05
2015 09 14  0720   57279  26400   6.48e-01  2.92e-01  2.69e-01  8.21e-02  4.45e-02  2.03e-02  5.23e+03  8.89e+01 -1.00e+05
2015 09 14  0725   57279  26700   6.39e-01  1.08e-01  8.52e-02  5.39e-02  4.47e-02  2.61e-02  5.51e+03  1.04e+02 -1.00e+05
2015 09 14  0730   57279  27000   5.24e-01  1.02e-01  7.94e-02  4.81e-02  3.89e-02  2.03e-02  6.12e+03  1.37e+02 -1.00e+05
2015 09 14  0735   57279  27300   9.75e-01  2.92e-01  1.31e-01  5.14e-02  4.22e-02  2.37e-02  7.11e+03  1.88e+02 -1.00e+05
2015 09 14  0740   57279  27600   9.93e-01  2.24e-01  1.58e-01  8.70e-02  4.77e-02  2.03e-02  7.88e+03  2.46e+02 -1.00e+05
2015 09 14  0745   57279  27900   4.79e-01  1.33e-01  1.10e-01  4.81e-02  3.89e-02  2.03e-02  9.30e+03  2.73e+02 -1.00e+05
2015 09 14  0750   57279  28200   8.63e-01  2.95e-01  1.80e-01  6.73e-02  4.32e-02  2.03e-02  8.74e+03  2.42e+02 -1.00e+05
2015 09 14  0755   57279  28500   6.36e-01  2.00e-01  1.77e-01  1.45e-01  1.34e-01  5.98e-02  8.96e+03  2.69e+02 -1.00e+05
2015 09 14  0800   57279  28800   4.80e-01  1.64e-01  1.40e-01  1.09e-01  9.50e-02  3.79e-02  8.66e+03  2.92e+02 -1.00e+05
2015 09 14  0805   57279  29100   6.30e-01  1.36e-01  1.12e-01  8.12e-02  7.20e-02  4.33e-02  8.88e+03  3.02e+02 -1.00e+05
2015 09 14  0810   57279  29400   1.27e+00  4.10e-01  1.49e-01  5.42e-02  4.03e-02  2.03e-02  9.12e+03  3.05e+02 -1.00e+05
2015 09 14  0815   57279  29700   5.33e-01  1.02e-01  7.94e-02  4.81e-02  3.89e-02  2.03e-02  1.01e+04  3.47e+02 -1.00e+05
2015 09 14  0820   57279  30000   5.29e-01  1.02e-01  7.94e-02  4.81e-02  3.89e-02  2.03e-02  9.66e+03  3.48e+02 -1.00e+05
2015 09 14  0825   57279  30300   9.91e-01  1.99e-01  9.16e-02  5.89e-02  4.97e-02  3.11e-02  9.40e+03  3.58e+02 -1.00e+05
2015 09 14  0830   57279  30600   5.48e-01  1.20e-01  9.64e-02  6.52e-02  5.60e-02  2.58e-02  9.42e+03  3.63e+02 -1.00e+05
2015 09 14  0835   57279  30900   6.64e-01  1.29e-01  1.06e-01  7.39e-02  4.47e-02  2.03e-02  1.02e+04  4.20e+02 -1.00e+05
2015 09 14  0840   57279  31200   6.84e-01  1.32e-01  1.09e-01  7.77e-02  6.85e-02  2.98e-02  1.22e+04  4.71e+02 -1.00e+05
2015 09 14  0845   57279  31500   6.48e-01  1.53e-01  1.30e-01  6.73e-02  4.32e-02  2.03e-02  1.15e+04  4.80e+02 -1.00e+05
2015 09 14  0850   57279  31800   6.58e-01  1.02e-01  7.94e-02  4.81e-02  3.89e-02  2.03e-02  9.71e+03  4.09e+02 -1.00e+05
2015 09 14  0855   57279  32100   6.94e-01  1.27e-01  1.04e-01  4.81e-02  3.89e-02  2.03e-02  9.85e+03  4.14e+02 -1.00e+05
2015 09 14  0900   57279  32400   7.34e-01  1.27e-01  1.04e-01  4.81e-02  3.89e-02  2.03e-02  1.08e+04  4.55e+02 -1.00e+05
2015 09 14  0905   57279  32700   1.30e+00  2.46e-01  1.55e-01  1.10e-01  7.58e-02  2.98e-02  1.17e+04  5.37e+02 -1.00e+05
2015 09 14  0910   57279  33000   6.04e-01  1.22e-01  9.92e-02  6.73e-02  4.32e-02  2.03e-02  1.24e+04  5.62e+02 -1.00e+05
2015 09 14  0915   57279  33300   7.71e-01  1.59e-01  1.36e-01  1.03e-01  7.43e-02  2.98e-02  1.25e+04  6.07e+02 -1.00e+05
2015 09 14  0920   57279  33600   7.62e-01  1.45e-01  1.22e-01  9.01e-02  7.62e-02  3.18e-02  1.33e+04  6.13e+02 -1.00e+05
2015 09 14  0925   57279  33900   7.97e-01  1.70e-01  1.47e-01  1.16e-01  1.07e-01  4.44e-02  1.13e+04  5.13e+02 -1.00e+05
2015 09 14  0930   57279  34200   1.55e+00  2.35e-01  1.29e-01  9.60e-02  8.68e-02  6.82e-02  1.01e+04  4.23e+02 -1.00e+05
2015 09 14  0935   57279  34500   9.96e-01  1.85e-01  1.62e-01  8.36e-02  7.44e-02  5.59e-02  1.04e+04  5.13e+02 -1.00e+05
2015 09 14  0940   57279  34800   2.46e+00  2.36e-01  8.40e-02  5.14e-02  4.22e-02  2.37e-02  1.31e+04  5.99e+02 -1.00e+05
2015 09 14  0945   57279  35100   1.13e+00  2.06e-01  1.83e-01  8.23e-02  6.26e-02  4.10e-02  1.32e+04  6.18e+02 -1.00e+05
2015 09 14  0950   57279  35400   1.02e+00  1.40e-01  1.16e-01  4.81e-02  3.89e-02  2.03e-02  1.44e+04  7.24e+02 -1.00e+05
2015 09 14  0955   57279  35700   1.03e+00  1.77e-01  1.53e-01  1.03e-01  9.36e-02  3.79e-02  1.61e+04  7.56e+02 -1.00e+05
2015 09 14  1000   57279  36000   1.77e+00  1.60e-01  1.37e-01  4.81e-02  3.89e-02  2.03e-02  1.66e+04  8.74e+02 -1.00e+05
2015 09 14  1005   57279  36300   1.32e+00  2.23e-01  2.00e-01  8.04e-02  4.62e-02  2.03e-02  2.02e+04  1.03e+03 -1.00e+05
2015 09 14  1010   57279  36600   1.42e+00  1.27e-01  1.04e-01  7.21e-02  5.65e-02  3.60e-02  1.96e+04  1.07e+03 -1.00e+05
2015 09 14  1015   57279  36900   1.49e+00  1.60e-01  1.36e-01  7.39e-02  4.47e-02  2.03e-02  2.07e+04  1.22e+03 -1.00e+05
2015 09 14  1020   57279  37200   1.99e+00  1.69e-01  1.31e-01  9.67e-02  7.76e-02  3.18e-02  2.54e+04  1.46e+03 -1.00e+05
2015 09 14  1025   57279  37500   2.40e+00  2.43e-01  1.51e-01  7.77e-02  6.85e-02  2.98e-02  2.50e+04  1.31e+03 -1.00e+05
2015 09 14  1030   57279  37800   1.32e+00  1.39e-01  1.16e-01  5.42e-02  4.03e-02  2.03e-02  2.58e+04  1.29e+03 -1.00e+05
2015 09 14  1035   57279  38100   1.42e+00  1.02e-01  7.94e-02  4.81e-02  3.89e-02  2.03e-02  2.62e+04  1.18e+03 -1.00e+05
2015 09 14  1040   57279  38400   1.56e+00  2.11e-01  9.60e-02  4.81e-02  3.89e-02  2.03e-02  2.31e+04  8.43e+02 -1.00e+05
2015 09 14  1045   57279  38700   1.06e+00  1.33e-01  1.10e-01  4.81e-02  3.89e-02  2.03e-02  2.48e+04  7.48e+02 -1.00e+05
2015 09 14  1050   57279  39000   1.27e+00  1.02e-01  7.94e-02  4.81e-02  3.89e-02  2.03e-02  2.13e+04  4.62e+02 -1.00e+05
2015 09 14  1055   57279  39300   1.82e+00  2.52e-01  1.42e-01  1.09e-01  9.50e-02  3.79e-02  2.28e+04  5.34e+02 -1.00e+05
2015 09 14  1100   57279  39600   1.46e+00  1.02e-01  7.94e-02  4.81e-02  3.89e-02  2.03e-02  2.38e+04  5.43e+02 -1.00e+05
2015 09 14  1105   57279  39900   2.91e+00  3.34e-01  1.54e-01  4.81e-02  3.89e-02  2.03e-02  2.26e+04  6.74e+02 -1.00e+05
2015 09 14  1110   57279  40200   2.12e+00  1.65e-01  1.42e-01  5.39e-02  4.47e-02  2.61e-02  2.36e+04  8.55e+02 -1.00e+05
2015 09 14  1115   57279  40500   1.92e+00  1.33e-01  1.10e-01  4.81e-02  3.89e-02  2.03e-02  2.64e+04  1.04e+03 -1.00e+05
2015 09 14  1120   57279  40800   2.89e+00  1.99e-01  1.34e-01  6.88e-02  5.96e-02  4.10e-02  3.05e+04  1.38e+03 -1.00e+05
2015 09 14  1125   57279  41100   2.09e+00  1.38e-01  1.15e-01  8.40e-02  7.48e-02  3.18e-02  2.95e+04  1.39e+03 -1.00e+05
2015 09 14  1130   57279  41400   3.60e+00  2.22e-01  1.14e-01  8.04e-02  4.62e-02  2.03e-02  3.04e+04  1.37e+03 -1.00e+05
2015 09 14  1135   57279  41700   2.22e+00  1.11e-01  8.77e-02  5.64e-02  4.72e-02  2.86e-02  3.12e+04  1.45e+03 -1.00e+05
2015 09 14  1140   57279  42000   2.81e+00  1.50e-01  1.27e-01  4.81e-02  3.89e-02  2.03e-02  3.18e+04  1.43e+03 -1.00e+05
2015 09 14  1145   57279  42300   6.18e+00  3.01e-01  1.29e-01  9.66e-02  8.12e-02  6.08e-02  3.27e+04  1.56e+03 -1.00e+05
2015 09 14  1150   57279  42600   5.38e+00  1.89e-01  8.08e-02  4.81e-02  3.89e-02  2.03e-02  3.73e+04  1.88e+03 -1.00e+05
2015 09 14  1155   57279  42900   3.39e+00  1.02e-01  7.94e-02  4.81e-02  3.89e-02  2.03e-02  3.94e+04  2.05e+03 -1.00e+05
2015 09 14  1200   57279  43200   3.47e+00  1.59e-01  1.36e-01  1.04e-01  6.76e-02  4.35e-02  3.78e+04  2.01e+03 -1.00e+05
2015 09 14  1205   57279  43500   2.82e+00  1.66e-01  1.43e-01  8.04e-02  4.62e-02  2.03e-02  3.77e+04  1.98e+03 -1.00e+05
2015 09 14  1210   57279  43800   5.81e+00  3.40e-01  1.64e-01  1.05e-01  8.50e-02  6.33e-02  3.83e+04  2.04e+03 -1.00e+05
2015 09 14  1215   57279  44100   5.49e+00  2.33e-01  8.06e-02  4.81e-02  3.89e-02  2.03e-02  3.76e+04  1.86e+03 -1.00e+05
2015 09 14  1220   57279  44400   4.80e+00  2.33e-01  8.06e-02  4.81e-02  3.89e-02  2.03e-02  3.86e+04  1.99e+03 -1.00e+05
2015 09 14  1225   57279  44700   7.65e+00  2.25e-01  9.48e-02  6.20e-02  5.04e-02  3.11e-02  3.95e+04  1.95e+03 -1.00e+05
2015 09 14  1230   57279  45000   5.12e+00  1.37e-01  1.14e-01  8.17e-02  5.48e-02  3.11e-02  4.33e+04  2.68e+03 -1.00e+05
2015 09 14  1235   57279  45300   9.19e+00  2.43e-01  1.79e-01  1.40e-01  1.31e-01  7.06e-02  4.50e+04  2.73e+03 -1.00e+05
2015 09 14  1240   57279  45600   6.14e+00  1.56e-01  1.33e-01  1.01e-01  7.76e-02  4.88e-02  4.42e+04  2.70e+03 -1.00e+05
2015 09 14  1245   57279  45900   1.07e+01  2.01e-01  9.41e-02  6.13e-02  5.22e-02  3.36e-02  4.43e+04  2.79e+03 -1.00e+05
2015 09 14  1250   57279  46200   1.27e+01  2.45e-01  1.14e-01  8.05e-02  4.45e-02  2.03e-02  4.49e+04  2.79e+03 -1.00e+05
2015 09 14  1255   57279  46500   7.10e+00  1.33e-01  1.10e-01  4.81e-02  3.89e-02  2.03e-02  4.40e+04  2.83e+03 -1.00e+05
2015 09 14  1300   57279  46800   6.37e+00  1.02e-01  7.94e-02  4.81e-02  3.89e-02  2.03e-02  4.39e+04  2.80e+03 -1.00e+05
2015 09 14  1305   57279  47100   6.30e+00  1.20e-01  9.64e-02  6.52e-02  5.60e-02  2.58e-02  4.41e+04  2.81e+03 -1.00e+05
2015 09 14  1310   57279  47400   5.46e+00  1.40e-01  1.16e-01  4.81e-02  3.89e-02  2.03e-02  4.12e+04  2.65e+03 -1.00e+05
2015 09 14  1315   57279  47700   5.19e+00  1.16e-01  9.26e-02  6.13e-02  5.22e-02  3.36e-02  4.45e+04  2.94e+03 -1.00e+05
2015 09 14  1320   57279  48000   4.24e+00  1.36e-01  1.13e-01  8.04e-02  4.62e-02  2.03e-02  4.29e+04  2.80e+03 -1.00e+05
2015 09 14  1325   57279  48300   3.22e+00  1.70e-01  1.47e-01  1.15e-01  1.06e-01  4.19e-02  4.23e+04  2.66e+03 -1.00e+05
2015 09 14  1330   57279  48600   4.99e+00  2.54e-01  8.06e-02  4.81e-02  3.89e-02  2.03e-02  3.96e+04  2.45e+03 -1.00e+05
2015 09 14  1335   57279  48900   3.26e+00  1.02e-01  7.94e-02  4.81e-02  3.89e-02  2.03e-02  4.28e+04  2.85e+03 -1.00e+05
2015 09 14  1340   57279  49200   4.50e+00  1.43e-01  1.19e-01  8.70e-02  4.77e-02  2.03e-02  4.68e+04  3.35e+03 -1.00e+05
2015 09 14  1345   57279  49500   3.49e+00  2.09e-01  1.86e-01  1.54e-01  1.20e-01  4.39e-02  4.39e+04  3.08e+03 -1.00e+05
2015 09 14  1350   57279  49800   3.56e+00  1.54e-01  8.72e-02  4.81e-02  3.89e-02  2.03e-02  4.21e+04  2.79e+03 -1.00e+05
2015 09 14  1355   57279  50100   5.24e+00  1.99e-01  9.79e-02  6.52e-02  5.60e-02  2.58e-02  4.35e+04  3.19e+03 -1.00e+05
2015 09 14  1400   57279  50400   3.66e+00  1.95e-01  8.71e-02  5.42e-02  4.03e-02  2.03e-02  4.04e+04  2.74e+03 -1.00e+05
2015 09 14  1405   57279  50700   3.00e+00  1.09e-01  8.57e-02  5.42e-02  4.03e-02  2.03e-02  4.39e+04  3.15e+03 -1.00e+05
2015 09 14  1410   57279  51000   3.77e+00  2.31e-01  2.08e-01  1.09e-01  8.54e-02  3.38e-02  4.76e+04  3.61e+03 -1.00e+05
2015 09 14  1415   57279  51300   3.91e+00  1.02e-01  7.94e-02  4.81e-02  3.89e-02  2.03e-02  4.91e+04  3.68e+03 -1.00e+05
2015 09 14  1420   57279  51600   3.83e+00  1.02e-01  7.94e-02  4.81e-02  3.89e-02  2.03e-02  4.76e+04  3.84e+03 -1.00e+05
2015 09 14  1425   57279  51900   3.93e+00  1.02e-01  7.94e-02  4.81e-02  3.89e-02  2.03e-02  5.11e+04  3.94e+03 -1.00e+05
2015 09 14  1430   57279  52200   6.55e+00  2.65e-01  1.29e-01  9.67e-02  8.75e-02  3.65e-02  4.99e+04  3.90e+03 -1.00e+05
2015 09 14  1435   57279  52500   4.01e+00  2.02e-01  1.79e-01  1.46e-01  1.11e-01  5.34e-02  5.31e+04  4.26e+03 -1.00e+05
2015 09 14  1440   57279  52800   3.85e+00  1.48e-01  1.25e-01  5.64e-02  4.72e-02  2.86e-02  5.55e+04  4.55e+03 -1.00e+05
2015 09 14  1445   57279  53100   4.40e+00  1.33e-01  1.10e-01  4.81e-02  3.89e-02  2.03e-02  5.74e+04  4.95e+03 -1.00e+05
2015 09 14  1450   57279  53400   4.40e+00  1.94e-01  1.70e-01  9.02e-02  8.11e-02  3.38e-02  5.97e+04  5.26e+03 -1.00e+05
2015 09 14  1455   57279  53700   6.33e+00  2.79e-01  2.14e-01  7.12e-02  6.21e-02  4.35e-02  6.01e+04  5.35e+03 -1.00e+05
2015 09 14  1500   57279  54000   4.33e+00  1.33e-01  1.10e-01  4.81e-02  3.89e-02  2.03e-02  6.15e+04  5.60e+03 -1.00e+05
2015 09 14  1505   57279  54300   4.20e+00  2.23e-01  2.00e-01  6.38e-02  5.46e-02  3.60e-02  6.02e+04  5.42e+03 -1.00e+05
2015 09 14  1510   57279  54600   4.50e+00  1.02e-01  7.94e-02  4.81e-02  3.89e-02  2.03e-02  6.10e+04  5.55e+03 -1.00e+05
2015 09 14  1515   57279  54900   1.07e+01  2.83e-01  9.13e-02  5.88e-02  4.48e-02  2.18e-02  6.26e+04  5.58e+03 -1.00e+05
2015 09 14  1520   57279  55200   5.57e+00  1.34e-01  1.10e-01  7.84e-02  4.92e-02  2.18e-02  6.43e+04  6.41e+03 -1.00e+05
2015 09 14  1525   57279  55500   1.56e+01  3.89e-01  1.24e-01  9.03e-02  5.06e-02  2.18e-02  6.59e+04  6.38e+03 -1.00e+05
2015 09 14  1530   57279  55800   1.55e+01  1.54e-01  8.72e-02  4.81e-02  3.89e-02  2.03e-02  7.19e+04  7.23e+03 -1.00e+05
2015 09 14  1535   57279  56100   1.29e+01  1.20e-01  9.64e-02  6.52e-02  5.60e-02  2.58e-02  7.07e+04  7.20e+03 -1.00e+05
2015 09 14  1540   57279  56400   9.84e+00  1.49e-01  1.26e-01  9.46e-02  8.54e-02  6.08e-02  7.11e+04  7.00e+03 -1.00e+05
2015 09 14  1545   57279  56700   8.37e+00  1.02e-01  7.94e-02  4.81e-02  3.89e-02  2.03e-02  7.05e+04  7.09e+03 -1.00e+05
2015 09 14  1550   57279  57000   8.24e+00  1.80e-01  1.57e-01  9.35e-02  4.91e-02  2.03e-02  7.14e+04  6.99e+03 -1.00e+05
2015 09 14  1555   57279  57300   1.07e+01  1.55e-01  8.81e-02  4.90e-02  3.98e-02  2.12e-02  7.38e+04  7.43e+03 -1.00e+05
2015 09 14  1600   57279  57600   7.80e+00  1.02e-01  7.94e-02  4.81e-02  3.89e-02  2.03e-02  7.59e+04  7.52e+03 -1.00e+05
2015 09 14  1605   57279  57900   1.81e+01  3.00e-01  1.16e-01  8.38e-02  6.99e-02  2.98e-02  7.79e+04  7.60e+03 -1.00e+05
2015 09 14  1610   57279  58200   7.56e+00  1.02e-01  7.94e-02  4.81e-02  3.89e-02  2.03e-02  7.67e+04  7.28e+03 -1.00e+05
2015 09 14  1615   57279  58500   8.57e+00  1.88e-01  1.65e-01  8.40e-02  7.48e-02  3.18e-02  7.55e+04  7.19e+03 -1.00e+05
2015 09 14  1620   57279  58800   1.06e+01  1.40e-01  1.16e-01  4.81e-02  3.89e-02  2.03e-02  7.58e+04  6.83e+03 -1.00e+05
2015 09 14  1625   57279  59100   1.59e+01  2.85e-01  2.62e-01  2.28e-01  1.41e-01  5.56e-02  7.48e+04  6.56e+03 -1.00e+05
2015 09 14  1630   57279  59400   1.94e+01  1.45e-01  1.22e-01  9.02e-02  8.11e-02  3.38e-02  7.15e+04  5.96e+03 -1.00e+05
2015 09 14  1635   57279  59700   1.75e+01  4.33e-01  4.10e-01  1.68e-01  1.00e-01  3.38e-02  6.60e+04  5.10e+03 -1.00e+05
2015 09 14  1640   57279  60000   1.94e+01  1.34e-01  1.11e-01  7.95e-02  7.03e-02  2.16e-02  6.63e+04  5.29e+03 -1.00e+05
2015 09 14  1645   57279  60300   1.62e+01  1.48e-01  1.25e-01  5.64e-02  4.72e-02  2.86e-02  5.92e+04  4.29e+03 -1.00e+05
2015 09 14  1650   57279  60600   1.81e+01  2.71e-01  1.50e-01  1.16e-01  7.80e-02  3.41e-02  5.68e+04  3.88e+03 -1.00e+05
2015 09 14  1655   57279  60900   1.62e+01  2.98e-01  1.45e-01  8.29e-02  7.04e-02  5.09e-02  5.77e+04  3.80e+03 -1.00e+05
2015 09 14  1700   57279  61200   7.51e+00  1.26e-01  1.03e-01  7.14e-02  6.23e-02  2.78e-02  5.73e+04  3.71e+03 -1.00e+05
2015 09 14  1705   57279  61500   7.67e+00  2.18e-01  1.95e-01  1.35e-01  1.26e-01  5.23e-02  5.93e+04  3.90e+03 -1.00e+05
2015 09 14  1710   57279  61800   6.02e+00  2.02e-01  1.78e-01  9.11e-02  8.19e-02  6.33e-02  5.35e+04  3.26e+03 -1.00e+05
2015 09 14  1715   57279  62100   6.85e+00  1.91e-01  1.24e-01  4.81e-02  3.89e-02  2.03e-02  5.10e+04  2.94e+03 -1.00e+05
2015 09 14  1720   57279  62400   6.62e+00  3.12e-01  2.46e-01  8.04e-02  4.62e-02  2.03e-02  4.83e+04  2.80e+03 -1.00e+05
2015 09 14  1725   57279  62700   4.86e+00  1.30e-01  1.07e-01  5.26e-02  4.34e-02  2.18e-02  4.49e+04  2.42e+03 -1.00e+05
2015 09 14  1730   57279  63000   7.05e+00  1.91e-01  1.24e-01  5.42e-02  4.03e-02  2.03e-02  3.86e+04  2.09e+03 -1.00e+05
2015 09 14  1735   57279  63300   5.58e+00  1.36e-01  1.13e-01  8.04e-02  4.62e-02  2.03e-02  3.80e+04  2.12e+03 -1.00e+05
2015 09 14  1740   57279  63600   5.31e+00  1.43e-01  1.20e-01  6.13e-02  5.22e-02  3.36e-02  3.34e+04  1.70e+03 -1.00e+05
2015 09 14  1745   57279  63900   6.83e+00  1.96e-01  1.30e-01  8.85e-02  4.44e-02  2.03e-02  3.28e+04  1.89e+03 -1.00e+05
2015 09 14  1750   57279  64200   5.25e+00  1.38e-01  1.15e-01  8.21e-02  4.45e-02  2.03e-02  3.30e+04  1.81e+03 -1.00e+05
2015 09 14  1755   57279  64500   4.44e+00  1.84e-01  1.61e-01  4.81e-02  3.89e-02  2.03e-02  2.54e+04  1.30e+03 -1.00e+05
2015 09 14  1800   57279  64800   4.87e+00  1.32e-01  1.09e-01  7.77e-02  6.85e-02  2.98e-02  2.55e+04  1.25e+03 -1.00e+05
2015 09 14  1805   57279  65100   5.14e+00  1.47e-01  1.24e-01  9.18e-02  6.09e-02  3.60e-02  2.50e+04  1.20e+03 -1.00e+05
2015 09 14  1810   57279  65400   5.86e+00  1.27e-01  1.04e-01  7.19e-02  4.78e-02  2.18e-02  2.61e+04  1.27e+03 -1.00e+05
2015 09 14  1815   57279  65700   1.23e+01  2.77e-01  1.18e-01  4.81e-02  3.89e-02  2.03e-02  2.43e+04  1.20e+03 -1.00e+05
2015 09 14  1820   57279  66000   1.32e+01  1.89e-01  8.08e-02  4.81e-02  3.89e-02  2.03e-02  2.57e+04  1.31e+03 -1.00e+05
2015 09 14  1825   57279  66300   1.39e+01  1.22e-01  9.92e-02  6.73e-02  4.32e-02  2.03e-02  3.56e+04  1.84e+03 -1.00e+05
2015 09 14  1830   57279  66600   1.41e+01  1.51e-01  1.28e-01  9.67e-02  7.76e-02  3.18e-02  3.71e+04  1.91e+03 -1.00e+05
2015 09 14  1835   57279  66900   1.16e+01  1.02e-01  7.94e-02  4.81e-02  3.89e-02  2.03e-02  3.92e+04  2.24e+03 -1.00e+05
2015 09 14  1840   57279  67200   1.06e+01  1.32e-01  1.09e-01  7.77e-02  6.85e-02  2.98e-02  4.21e+04  2.45e+03 -1.00e+05
2015 09 14  1845   57279  67500   8.64e+00  1.29e-01  1.06e-01  7.39e-02  4.47e-02  2.03e-02  4.39e+04  2.59e+03 -1.00e+05
2015 09 14  1850   57279  67800   1.19e+01  2.42e-01  1.26e-01  4.81e-02  3.89e-02  2.03e-02  4.16e+04  2.39e+03 -1.00e+05
2015 09 14  1855   57279  68100   1.24e+01  3.67e-01  2.53e-01  1.00e-01  6.47e-02  3.85e-02  4.50e+04  2.70e+03 -1.00e+05
2015 09 14  1900   57279  68400   1.26e+01  2.56e-01  1.41e-01  5.64e-02  4.72e-02  2.86e-02  4.55e+04  2.75e+03 -1.00e+05
2015 09 14  1905   57279  68700   7.92e+00  2.19e-01  1.96e-01  5.89e-02  4.97e-02  3.11e-02  4.37e+04  2.61e+03 -1.00e+05
2015 09 14  1910   57279  69000   1.09e+01  1.54e-01  8.72e-02  4.81e-02  3.89e-02  2.03e-02  4.46e+04  2.70e+03 -1.00e+05
2015 09 14  1915   57279  69300   1.04e+01  1.54e-01  8.72e-02  4.81e-02  3.89e-02  2.03e-02  4.57e+04  2.74e+03 -1.00e+05
2015 09 14  1920   57279  69600   1.07e+01  1.74e-01  1.07e-01  6.73e-02  4.32e-02  2.03e-02  4.56e+04  2.77e+03 -1.00e+05
2015 09 14  1925   57279  69900   1.80e+01  2.73e-01  8.05e-02  4.81e-02  3.89e-02  2.03e-02  4.63e+04  2.79e+03 -1.00e+05
2015 09 14  1930   57279  70200   9.80e+00  1.84e-01  1.18e-01  4.81e-02  3.89e-02  2.03e-02  4.29e+04  2.56e+03 -1.00e+05
2015 09 14  1935   57279  70500   9.15e+00  1.79e-01  1.12e-01  4.81e-02  3.89e-02  2.03e-02  4.08e+04  2.34e+03 -1.00e+05
2015 09 14  1940   57279  70800   6.55e+00  1.23e-01  1.00e-01  6.88e-02  5.96e-02  4.10e-02  4.21e+04  2.48e+03 -1.00e+05
2015 09 14  1945   57279  71100   1.24e+01  2.52e-01  1.01e-01  6.83e-02  5.91e-02  4.05e-02  4.27e+04  2.51e+03 -1.00e+05
2015 09 14  1950   57279  71400   5.69e+00  1.02e-01  7.94e-02  4.81e-02  3.89e-02  2.03e-02  4.09e+04  2.38e+03 -1.00e+05
2015 09 14  1955   57279  71700   5.33e+00  1.52e-01  1.29e-01  9.76e-02  8.84e-02  4.02e-02  3.96e+04  2.25e+03 -1.00e+05
2015 09 14  2000   57279  72000   5.49e+00  2.01e-01  1.78e-01  1.47e-01  1.33e-01  5.00e-02  3.72e+04  2.07e+03 -1.00e+05
2015 09 14  2005   57279  72300   6.09e+00  1.37e-01  1.14e-01  8.23e-02  6.26e-02  4.10e-02  3.75e+04  2.12e+03 -1.00e+05
2015 09 14  2010   57279  72600   5.97e+00  1.83e-01  1.60e-01  1.04e-01  7.72e-02  5.34e-02  3.76e+04  2.07e+03 -1.00e+05
2015 09 14  2015   57279  72900   6.38e+00  1.26e-01  1.03e-01  7.12e-02  6.21e-02  4.35e-02  3.64e+04  2.01e+03 -1.00e+05
2015 09 14  2020   57279  73200   6.73e+00  2.48e-01  2.25e-01  9.35e-02  6.48e-02  4.05e-02  4.09e+04  2.32e+03 -1.00e+05
2015 09 14  2025   57279  73500   1.10e+01  2.11e-01  9.60e-02  4.81e-02  3.89e-02  2.03e-02  4.08e+04  2.36e+03 -1.00e+05
2015 09 14  2030   57279  73800   6.75e+00  2.23e-01  2.00e-01  6.38e-02  5.46e-02  3.60e-02  3.93e+04  2.18e+03 -1.00e+05
2015 09 14  2035   57279  74100   5.91e+00  1.32e-01  1.09e-01  7.77e-02  6.85e-02  2.98e-02  3.75e+04  2.00e+03 -1.00e+05
2015 09 14  2040   57279  74400   9.29e+00  2.77e-01  1.62e-01  8.21e-02  4.45e-02  2.03e-02  3.81e+04  2.09e+03 -1.00e+05
2015 09 14  2045   57279  74700   5.84e+00  1.63e-01  1.40e-01  1.09e-01  9.99e-02  3.99e-02  3.81e+04  2.00e+03 -1.00e+05
2015 09 14  2050   57279  75000   6.26e+00  1.59e-01  1.36e-01  1.04e-01  6.95e-02  2.78e-02  3.78e+04  1.99e+03 -1.00e+05
2015 09 14  2055   57279  75300   5.97e+00  1.33e-01  1.10e-01  4.81e-02  3.89e-02  2.03e-02  3.69e+04  1.91e+03 -1.00e+05
2015 09 14  2100   57279  75600   7.40e+00  1.54e-01  8.72e-02  4.81e-02  3.89e-02  2.03e-02  3.75e+04  1.92e+03 -1.00e+05
2015 09 14  2105   57279  75900   4.68e+00  2.16e-01  1.92e-01  9.66e-02  7.33e-02  3.23e-02  3.63e+04  1.81e+03 -1.00e+05
2015 09 14  2110   57279  76200   4.33e+00  1.02e-01  7.94e-02  4.81e-02  3.89e-02  2.03e-02  3.49e+04  1.72e+03 -1.00e+05
2015 09 14  2115   57279  76500   4.00e+00  1.40e-01  1.16e-01  4.81e-02  3.89e-02  2.03e-02  3.50e+04  1.67e+03 -1.00e+05
2015 09 14  2120   57279  76800   3.77e+00  1.02e-01  7.94e-02  4.81e-02  3.89e-02  2.03e-02  3.46e+04  1.64e+03 -1.00e+05
2015 09 14  2125   57279  77100   4.77e+00  1.42e-01  1.19e-01  8.64e-02  5.40e-02  2.86e-02  3.68e+04  1.78e+03 -1.00e+05
2015 09 14  2130   57279  77400   6.56e+00  2.41e-01  8.90e-02  5.64e-02  4.72e-02  2.86e-02  3.57e+04  1.69e+03 -1.00e+05
2015 09 14  2135   57279  77700   7.19e+00  5.34e-01  1.83e-01  4.81e-02  3.89e-02  2.03e-02  3.58e+04  1.73e+03 -1.00e+05
2015 09 14  2140   57279  78000   3.36e+00  1.42e-01  1.18e-01  8.49e-02  7.55e-02  3.20e-02  3.68e+04  1.76e+03 -1.00e+05
2015 09 14  2145   57279  78300   2.83e+00  1.52e-01  1.28e-01  9.16e-02  8.22e-02  6.36e-02  3.50e+04  1.60e+03 -1.00e+05
2015 09 14  2150   57279  78600   2.90e+00  1.52e-01  1.28e-01  9.35e-02  5.19e-02  2.40e-02  3.48e+04  1.59e+03 -1.00e+05
2015 09 14  2155   57279  78900   3.16e+00  2.35e-01  2.11e-01  6.46e-02  4.26e-02  2.03e-02  3.45e+04  1.51e+03 -1.00e+05
2015 09 14  2200   57279  79200   4.80e+00  3.27e-01  2.18e-01  7.77e-02  4.55e-02  2.03e-02  3.19e+04  1.39e+03 -1.00e+05
2015 09 14  2205   57279  79500   2.73e+00  1.05e-01  8.16e-02  4.82e-02  3.89e-02  2.03e-02  3.05e+04  1.31e+03 -1.00e+05
2015 09 14  2210   57279  79800   2.60e+00  1.92e-01  1.68e-01  5.15e-02  3.96e-02  2.03e-02  2.87e+04  1.14e+03 -1.00e+05
2015 09 14  2215   57279  80100   3.81e+00  1.90e-01  8.34e-02  4.82e-02  3.89e-02  2.03e-02  2.91e+04  1.20e+03 -1.00e+05
2015 09 14  2220   57279  80400   2.28e+00  1.71e-01  1.47e-01  1.14e-01  1.04e-01  4.30e-02  3.10e+04  1.27e+03 -1.00e+05
2015 09 14  2225   57279  80700   2.56e+00  1.25e-01  1.01e-01  6.79e-02  5.39e-02  3.39e-02  3.12e+04  1.26e+03 -1.00e+05
2015 09 14  2230   57279  81000   2.86e+00  1.32e-01  1.09e-01  6.43e-02  4.92e-02  2.89e-02  3.03e+04  1.20e+03 -1.00e+05
2015 09 14  2235   57279  81300   2.84e+00  1.27e-01  1.03e-01  5.94e-02  5.00e-02  3.14e-02  2.90e+04  1.18e+03 -1.00e+05
2015 09 14  2240   57279  81600   3.14e+00  2.13e-01  1.89e-01  6.46e-02  4.26e-02  2.03e-02  2.88e+04  1.15e+03 -1.00e+05
2015 09 14  2245   57279  81900   2.93e+00  1.05e-01  8.16e-02  4.82e-02  3.89e-02  2.03e-02  2.83e+04  1.06e+03 -1.00e+05
2015 09 14  2250   57279  82200   3.76e+00  1.48e-01  8.82e-02  4.82e-02  3.89e-02  2.03e-02  2.57e+04  9.81e+02 -1.00e+05
2015 09 14  2255   57279  82500   2.49e+00  1.42e-01  1.19e-01  7.20e-02  4.52e-02  2.15e-02  2.55e+04  9.05e+02 -1.00e+05
2015 09 14  2300   57279  82800   1.96e+00  1.52e-01  1.28e-01  9.46e-02  7.77e-02  3.20e-02  2.46e+04  8.43e+02 -1.00e+05
2015 09 14  2305   57279  83100   1.66e+00  1.73e-01  1.49e-01  8.49e-02  7.55e-02  3.20e-02  2.00e+04  6.03e+02 -1.00e+05
2015 09 14  2310   57279  83400   1.56e+00  1.54e-01  1.30e-01  9.65e-02  8.72e-02  6.86e-02  1.89e+04  5.62e+02 -1.00e+05
2015 09 14  2315   57279  83700   1.81e+00  1.48e-01  1.25e-01  7.77e-02  4.55e-02  2.03e-02  2.19e+04  6.60e+02 -1.00e+05
2015 09 14  2320   57279  84000   2.36e+00  2.25e-01  1.18e-01  6.93e-02  5.99e-02  4.13e-02  2.29e+04  7.12e+02 -1.00e+05
2015 09 14  2325   57279  84300   2.37e+00  2.06e-01  9.70e-02  4.82e-02  3.89e-02  2.03e-02  2.35e+04  7.41e+02 -1.00e+05
2015 09 14  2330   57279  84600   1.61e+00  1.36e-01  1.12e-01  7.77e-02  4.55e-02  2.03e-02  2.42e+04  7.57e+02 -1.00e+05
2015 09 14  2335   57279  84900   1.82e+00  1.55e-01  1.31e-01  8.42e-02  4.70e-02  2.03e-02  2.57e+04  8.24e+02 -1.00e+05
2015 09 14  2340   57279  85200   1.77e+00  1.05e-01  8.16e-02  4.82e-02  3.89e-02  2.03e-02  2.68e+04  8.73e+02 -1.00e+05
2015 09 14  2345   57279  85500   1.41e+00  1.61e-01  1.37e-01  1.02e-01  6.00e-02  2.40e-02  2.50e+04  7.78e+02 -1.00e+05
2015 09 14  2350   57279  85800   1.51e+00  2.64e-01  2.40e-01  1.13e-01  9.65e-02  3.81e-02  2.27e+04  6.77e+02 -1.00e+05
2015 09 14  2355   57279  86100   1.86e+00  2.80e-01  1.74e-01  9.41e-02  8.47e-02  6.61e-02  2.42e+04  6.98e+02 -1.00e+05
