:Data_list: 20151229_Gp_part_5m.txt
:Created: 2015 Dec 30 0011 UTC
# Prepared by the U.S. Dept. of Commerce, NOAA, Space Weather Prediction Center
# Please send comments and suggestions to SWPC.Webmaster@noaa.gov 
# 
# Label: P > 1 = Particles at >1 Mev
# Label: P > 5 = Particles at >5 Mev
# Label: P >10 = Particles at >10 Mev
# Label: P >30 = Particles at >30 Mev
# Label: P >50 = Particles at >50 Mev
# Label: P>100 = Particles at >100 Mev
# Label: E>0.8 = Electrons at >0.8 Mev
# Label: E>2.0 = Electrons at >2.0 Mev
# Label: E>4.0 = Electrons at >4.0 Mev
# Units: Particles = Protons/cm2-s-sr
# Units: Electrons = Electrons/cm2-s-sr
# Source: GOES-13
# Location: W075
# Missing data: -1.00e+05
#
#                      5-minute  GOES-13 Solar Particle and Electron Flux
#
#                 Modified Seconds
# UTC Date  Time   Julian  of the
# YR MO DA  HHMM    Day     Day     P > 1     P > 5     P >10     P >30     P >50     P>100     E>0.8     E>2.0     E>4.0
#-------------------------------------------------------------------------------------------------------------------------
2015 12 29  0000   57385      0   3.49e+01  6.86e+00  1.40e+00  1.44e-01  8.95e-02  6.17e-02  2.55e+04  8.73e+02 -1.00e+05
2015 12 29  0005   57385    300   3.43e+01  8.15e+00  1.68e+00  1.42e-01  7.68e-02  4.94e-02  2.51e+04  8.40e+02 -1.00e+05
2015 12 29  0010   57385    600   3.54e+01  9.24e+00  2.16e+00  1.19e-01  5.04e-02  2.31e-02  1.89e+04  6.53e+02 -1.00e+05
2015 12 29  0015   57385    900   3.50e+01  9.46e+00  2.20e+00  1.55e-01  9.17e-02  6.42e-02  1.94e+04  6.42e+02 -1.00e+05
2015 12 29  0020   57385   1200   3.66e+01  8.80e+00  1.68e+00  1.14e-01  5.22e-02  2.46e-02  2.17e+04  7.32e+02 -1.00e+05
2015 12 29  0025   57385   1500   3.59e+01  7.76e+00  1.77e+00  1.18e-01  5.04e-02  2.31e-02  2.42e+04  8.04e+02 -1.00e+05
2015 12 29  0030   57385   1800   4.00e+01  8.68e+00  1.42e+00  1.23e-01  7.37e-02  4.59e-02  2.36e+04  7.78e+02 -1.00e+05
2015 12 29  0035   57385   2100   3.64e+01  7.73e+00  1.93e+00  1.14e-01  5.72e-02  2.95e-02  2.48e+04  8.34e+02 -1.00e+05
2015 12 29  0040   57385   2400   3.77e+01  9.07e+00  2.33e+00  1.56e-01  8.40e-02  5.68e-02  2.75e+04  9.23e+02 -1.00e+05
2015 12 29  0045   57385   2700   4.11e+01  8.88e+00  2.26e+00  2.11e-01  1.07e-01  5.26e-02  2.88e+04  1.00e+03 -1.00e+05
2015 12 29  0050   57385   3000   4.07e+01  9.91e+00  2.21e+00  1.37e-01  6.41e-02  3.70e-02  2.87e+04  9.91e+02 -1.00e+05
2015 12 29  0055   57385   3300   4.39e+01  1.13e+01  2.57e+00  1.20e-01  5.04e-02  2.31e-02  2.86e+04  9.74e+02 -1.00e+05
2015 12 29  0100   57385   3600   4.32e+01  8.81e+00  1.48e+00  1.15e-01  5.05e-02  2.31e-02  2.85e+04  9.56e+02 -1.00e+05
2015 12 29  0105   57385   3900   4.82e+01  1.10e+01  2.19e+00  1.93e-01  9.19e-02  3.28e-02  2.96e+04  1.04e+03 -1.00e+05
2015 12 29  0110   57385   4200   5.35e+01  1.21e+01  2.68e+00  1.44e-01  7.16e-02  4.44e-02  3.08e+04  1.10e+03 -1.00e+05
2015 12 29  0115   57385   4500   5.65e+01  1.28e+01  2.50e+00  1.29e-01  5.93e-02  3.20e-02  3.00e+04  1.08e+03 -1.00e+05
2015 12 29  0120   57385   4800   5.22e+01  1.12e+01  2.32e+00  2.21e-01  1.00e-01  3.48e-02  2.99e+04  1.05e+03 -1.00e+05
2015 12 29  0125   57385   5100   5.12e+01  1.21e+01  2.05e+00  1.08e-01  5.08e-02  2.31e-02  2.74e+04  9.85e+02 -1.00e+05
2015 12 29  0130   57385   5400   5.75e+01  1.26e+01  2.09e+00  1.40e-01  6.92e-02  4.19e-02  2.68e+04  9.56e+02 -1.00e+05
2015 12 29  0135   57385   5700   5.97e+01  1.47e+01  2.66e+00  1.90e-01  8.29e-02  3.19e-02  2.62e+04  9.05e+02 -1.00e+05
2015 12 29  0140   57385   6000   6.88e+01  1.77e+01  3.42e+00  1.48e-01  6.11e-02  3.45e-02  2.55e+04  9.16e+02 -1.00e+05
2015 12 29  0145   57385   6300   6.97e+01  1.78e+01  3.62e+00  3.13e-01  1.25e-01  4.09e-02  2.53e+04  8.99e+02 -1.00e+05
2015 12 29  0150   57385   6600   7.45e+01  1.84e+01  3.74e+00  4.20e-01  1.92e-01  6.91e-02  2.38e+04  8.42e+02 -1.00e+05
2015 12 29  0155   57385   6900   6.96e+01  1.54e+01  2.53e+00  1.23e-01  5.02e-02  2.31e-02  2.14e+04  7.10e+02 -1.00e+05
2015 12 29  0200   57385   7200   7.37e+01  1.53e+01  2.00e+00  1.16e-01  5.05e-02  2.31e-02  2.01e+04  6.73e+02 -1.00e+05
2015 12 29  0205   57385   7500   7.41e+01  1.61e+01  2.79e+00  1.44e-01  7.42e-02  4.69e-02  1.95e+04  6.54e+02 -1.00e+05
2015 12 29  0210   57385   7800   6.95e+01  1.45e+01  2.47e+00  1.91e-01  1.12e-01  7.66e-02  2.05e+04  6.82e+02 -1.00e+05
2015 12 29  0215   57385   8100   7.36e+01  1.56e+01  2.53e+00  1.20e-01  5.12e-02  2.34e-02  1.94e+04  6.35e+02 -1.00e+05
2015 12 29  0220   57385   8400   7.98e+01  1.61e+01  2.30e+00  1.17e-01  5.13e-02  2.34e-02  1.87e+04  6.27e+02 -1.00e+05
2015 12 29  0225   57385   8700   9.34e+01  1.75e+01  2.61e+00  1.38e-01  7.07e-02  4.28e-02  1.78e+04  6.22e+02 -1.00e+05
2015 12 29  0230   57385   9000   8.49e+01  1.62e+01  2.84e+00  3.15e-01  1.51e-01  4.69e-02  1.82e+04  6.41e+02 -1.00e+05
2015 12 29  0235   57385   9300   7.62e+01  1.55e+01  2.63e+00  1.41e-01  7.06e-02  4.28e-02  2.02e+04  6.34e+02 -1.00e+05
2015 12 29  0240   57385   9600   6.79e+01  1.48e+01  3.17e+00  1.52e-01  6.49e-02  3.79e-02  1.88e+04  6.57e+02 -1.00e+05
2015 12 29  0245   57385   9900   7.16e+01  1.50e+01  2.63e+00  2.31e-01  1.08e-01  3.69e-02  2.01e+04  6.57e+02 -1.00e+05
2015 12 29  0250   57385  10200   6.70e+01  1.49e+01  2.66e+00  1.19e-01  5.12e-02  2.34e-02  1.98e+04  6.58e+02 -1.00e+05
2015 12 29  0255   57385  10500   7.52e+01  1.89e+01  3.07e+00  1.26e-01  5.83e-02  3.05e-02  1.98e+04  6.55e+02 -1.00e+05
2015 12 29  0300   57385  10800   6.48e+01  1.53e+01  2.64e+00  1.29e-01  6.08e-02  3.29e-02  1.92e+04  6.45e+02 -1.00e+05
2015 12 29  0305   57385  11100   6.08e+01  1.27e+01  1.80e+00  1.38e-01  7.58e-02  4.78e-02  1.98e+04  6.53e+02 -1.00e+05
2015 12 29  0310   57385  11400   6.05e+01  1.24e+01  1.90e+00  1.20e-01  5.59e-02  2.80e-02  1.99e+04  6.63e+02 -1.00e+05
2015 12 29  0315   57385  11700   6.33e+01  1.43e+01  2.10e+00  1.36e-01  8.09e-02  5.27e-02  2.04e+04  6.85e+02 -1.00e+05
2015 12 29  0320   57385  12000   6.41e+01  1.33e+01  2.28e+00  1.78e-01  8.29e-02  3.08e-02  2.08e+04  7.03e+02 -1.00e+05
2015 12 29  0325   57385  12300   5.92e+01  1.22e+01  1.66e+00  1.08e-01  5.37e-02  2.55e-02  2.10e+04  7.26e+02 -1.00e+05
2015 12 29  0330   57385  12600   6.25e+01  1.30e+01  1.95e+00  1.52e-01  7.45e-02  2.88e-02  2.08e+04  7.38e+02 -1.00e+05
2015 12 29  0335   57385  12900   6.30e+01  1.36e+01  2.65e+00  3.58e-01  1.50e-01  4.69e-02  2.10e+04  7.29e+02 -1.00e+05
2015 12 29  0340   57385  13200   5.66e+01  1.25e+01  2.12e+00  1.42e-01  6.59e-02  2.68e-02  2.10e+04  7.27e+02 -1.00e+05
2015 12 29  0345   57385  13500   5.47e+01  1.17e+01  1.65e+00  1.52e-01  9.83e-02  7.01e-02  2.10e+04  7.25e+02 -1.00e+05
2015 12 29  0350   57385  13800   5.53e+01  1.20e+01  2.00e+00  1.50e-01  6.57e-02  2.68e-02  2.08e+04  7.06e+02 -1.00e+05
2015 12 29  0355   57385  14100   5.77e+01  1.29e+01  1.96e+00  1.15e-01  5.13e-02  2.34e-02  2.08e+04  6.99e+02 -1.00e+05
2015 12 29  0400   57385  14400   5.37e+01  1.24e+01  2.20e+00  1.59e-01  9.30e-02  6.51e-02  2.08e+04  7.04e+02 -1.00e+05
2015 12 29  0405   57385  14700   5.31e+01  1.18e+01  1.89e+00  3.11e-01  1.61e-01  4.74e-02  2.13e+04  7.04e+02 -1.00e+05
2015 12 29  0410   57385  15000   5.23e+01  1.16e+01  1.65e+00  1.18e-01  6.11e-02  3.29e-02  2.08e+04  6.99e+02 -1.00e+05
2015 12 29  0415   57385  15300   5.12e+01  1.05e+01  1.31e+00  1.07e-01  5.15e-02  2.34e-02  2.08e+04  6.78e+02 -1.00e+05
2015 12 29  0420   57385  15600   4.91e+01  1.11e+01  1.94e+00  2.22e-01  1.08e-01  3.69e-02  2.09e+04  7.01e+02 -1.00e+05
2015 12 29  0425   57385  15900   5.48e+01  1.20e+01  1.63e+00  1.44e-01  8.87e-02  5.46e-02  2.06e+04  6.84e+02 -1.00e+05
2015 12 29  0430   57385  16200   5.45e+01  1.19e+01  1.79e+00  1.15e-01  5.13e-02  2.34e-02  2.05e+04  6.94e+02 -1.00e+05
2015 12 29  0435   57385  16500   5.07e+01  9.86e+00  1.44e+00  1.46e-01  6.58e-02  2.68e-02  2.02e+04  6.58e+02 -1.00e+05
2015 12 29  0440   57385  16800   5.10e+01  1.05e+01  1.61e+00  1.12e-01  5.14e-02  2.34e-02  2.08e+04  6.73e+02 -1.00e+05
2015 12 29  0445   57385  17100   5.25e+01  1.03e+01  1.52e+00  1.09e-01  5.15e-02  2.34e-02  2.02e+04  6.81e+02 -1.00e+05
2015 12 29  0450   57385  17400   5.43e+01  1.10e+01  1.62e+00  1.34e-01  6.60e-02  2.68e-02  2.07e+04  6.87e+02 -1.00e+05
2015 12 29  0455   57385  17700   4.99e+01  8.45e+00  1.29e+00  1.73e-01  8.30e-02  3.08e-02  2.08e+04  6.96e+02 -1.00e+05
2015 12 29  0500   57385  18000   5.77e+01  1.22e+01  2.26e+00  2.92e-01  1.20e-01  2.46e-02  2.05e+04  6.82e+02 -1.00e+05
2015 12 29  0505   57385  18300   5.49e+01  1.02e+01  1.45e+00  1.10e-01  5.15e-02  2.34e-02  1.99e+04  6.79e+02 -1.00e+05
2015 12 29  0510   57385  18600   5.24e+01  1.14e+01  2.18e+00  1.18e-01  5.12e-02  2.34e-02  1.96e+04  6.42e+02 -1.00e+05
2015 12 29  0515   57385  18900   5.10e+01  1.06e+01  1.82e+00  1.94e-01  9.98e-02  3.49e-02  1.88e+04  6.10e+02 -1.00e+05
2015 12 29  0520   57385  19200   4.58e+01  9.43e+00  1.71e+00  1.94e-01  9.98e-02  3.49e-02  1.91e+04  6.22e+02 -1.00e+05
2015 12 29  0525   57385  19500   4.59e+01  8.83e+00  1.34e+00  1.07e-01  5.15e-02  2.34e-02  1.99e+04  6.47e+02 -1.00e+05
2015 12 29  0530   57385  19800   4.45e+01  8.38e+00  1.33e+00  1.25e-01  6.47e-02  3.57e-02  2.04e+04  6.67e+02 -1.00e+05
2015 12 29  0535   57385  20100   3.94e+01  7.95e+00  1.85e+00  2.97e-01  1.42e-01  4.49e-02  2.08e+04  6.93e+02 -1.00e+05
2015 12 29  0540   57385  20400   3.83e+01  8.39e+00  2.07e+00  1.47e-01  7.55e-02  4.78e-02  2.14e+04  7.06e+02 -1.00e+05
2015 12 29  0545   57385  20700   4.05e+01  7.69e+00  1.47e+00  1.23e-01  5.11e-02  2.34e-02  2.18e+04  7.30e+02 -1.00e+05
2015 12 29  0550   57385  21000   4.08e+01  7.94e+00  1.65e+00  1.26e-01  6.34e-02  3.54e-02  2.20e+04  7.49e+02 -1.00e+05
2015 12 29  0555   57385  21300   4.04e+01  7.96e+00  1.26e+00  1.64e-01  9.11e-02  3.28e-02  2.20e+04  7.64e+02 -1.00e+05
2015 12 29  0600   57385  21600   4.30e+01  8.74e+00  1.97e+00  2.99e-01  1.24e-01  2.47e-02  2.23e+04  7.73e+02 -1.00e+05
2015 12 29  0605   57385  21900   4.57e+01  9.74e+00  1.80e+00  1.29e-01  6.59e-02  3.79e-02  2.21e+04  7.66e+02 -1.00e+05
2015 12 29  0610   57385  22200   4.40e+01  9.29e+00  1.70e+00  1.25e-01  6.85e-02  4.04e-02  2.33e+04  7.84e+02 -1.00e+05
2015 12 29  0615   57385  22500   4.32e+01  7.94e+00  1.17e+00  1.07e-01  5.15e-02  2.34e-02  2.32e+04  8.10e+02 -1.00e+05
2015 12 29  0620   57385  22800   4.11e+01  8.72e+00  1.88e+00  1.26e-01  6.34e-02  3.54e-02  2.33e+04  8.10e+02 -1.00e+05
2015 12 29  0625   57385  23100   4.17e+01  8.22e+00  1.69e+00  1.10e-01  5.15e-02  2.34e-02  2.33e+04  8.42e+02 -1.00e+05
2015 12 29  0630   57385  23400   4.82e+01  1.02e+01  1.83e+00  1.93e-01  1.14e-01  6.24e-02  2.33e+04  8.32e+02 -1.00e+05
2015 12 29  0635   57385  23700   4.66e+01  8.76e+00  1.47e+00  1.66e-01  9.07e-02  3.81e-02  2.33e+04  8.45e+02 -1.00e+05
2015 12 29  0640   57385  24000   4.59e+01  8.68e+00  1.66e+00  1.22e-01  5.33e-02  2.55e-02  2.33e+04  8.41e+02 -1.00e+05
2015 12 29  0645   57385  24300   4.65e+01  9.41e+00  1.68e+00  1.08e-01  5.87e-02  3.05e-02  2.33e+04  8.35e+02 -1.00e+05
2015 12 29  0650   57385  24600   5.34e+01  1.02e+01  1.62e+00  1.11e-01  5.15e-02  2.34e-02  2.33e+04  8.38e+02 -1.00e+05
2015 12 29  0655   57385  24900   5.48e+01  9.23e+00  1.57e+00  3.30e-01  1.83e-01  5.50e-02  2.33e+04  8.52e+02 -1.00e+05
2015 12 29  0700   57385  25200   5.32e+01  8.82e+00  1.29e+00  1.31e-01  7.60e-02  4.78e-02  2.33e+04  8.58e+02 -1.00e+05
2015 12 29  0705   57385  25500   5.11e+01  9.20e+00  1.60e+00  2.69e-01  1.56e-01  6.52e-02  2.33e+04  8.68e+02 -1.00e+05
2015 12 29  0710   57385  25800   4.95e+01  8.04e+00  9.53e-01  1.15e-01  8.32e-02  5.52e-02  2.33e+04  8.66e+02 -1.00e+05
2015 12 29  0715   57385  26100   4.89e+01  8.86e+00  1.70e+00  1.12e-01  5.14e-02  2.34e-02  2.33e+04  8.50e+02 -1.00e+05
2015 12 29  0720   57385  26400   4.99e+01  6.97e+00  9.58e-01  1.07e-01  5.15e-02  2.34e-02  2.33e+04  8.57e+02 -1.00e+05
2015 12 29  0725   57385  26700   5.32e+01  8.73e+00  1.33e+00  1.08e-01  5.15e-02  2.34e-02  2.33e+04  8.67e+02 -1.00e+05
2015 12 29  0730   57385  27000   5.04e+01  8.37e+00  1.42e+00  1.08e-01  5.15e-02  2.34e-02  2.33e+04  8.68e+02 -1.00e+05
2015 12 29  0735   57385  27300   4.92e+01  7.60e+00  1.48e+00  1.61e-01  1.06e-01  7.75e-02  2.33e+04  8.79e+02 -1.00e+05
2015 12 29  0740   57385  27600   5.00e+01  6.61e+00  8.81e-01  1.26e-01  6.60e-02  2.68e-02  2.33e+04  8.48e+02 -1.00e+05
2015 12 29  0745   57385  27900   4.80e+01  8.35e+00  1.48e+00  1.05e-01  5.16e-02  2.34e-02  2.33e+04  8.60e+02 -1.00e+05
2015 12 29  0750   57385  28200   5.20e+01  8.25e+00  1.65e+00  1.15e-01  5.13e-02  2.34e-02  2.33e+04  8.51e+02 -1.00e+05
2015 12 29  0755   57385  28500   5.54e+01  8.53e+00  1.55e+00  2.15e-01  1.16e-01  3.89e-02  2.33e+04  8.55e+02 -1.00e+05
2015 12 29  0800   57385  28800   5.63e+01  8.24e+00  1.18e+00  1.03e-01  5.16e-02  2.34e-02  2.33e+04  8.54e+02 -1.00e+05
2015 12 29  0805   57385  29100   5.26e+01  7.34e+00  1.40e+00  2.69e-01  1.62e-01  8.25e-02  2.33e+04  8.41e+02 -1.00e+05
2015 12 29  0810   57385  29400   5.21e+01  7.64e+00  1.56e+00  1.19e-01  5.12e-02  2.34e-02  2.33e+04  8.43e+02 -1.00e+05
2015 12 29  0815   57385  29700   4.57e+01  6.80e+00  1.46e+00  1.21e-01  5.11e-02  2.34e-02  2.33e+04  8.54e+02 -1.00e+05
2015 12 29  0820   57385  30000   4.82e+01  6.06e+00  9.34e-01  1.26e-01  7.10e-02  4.28e-02  2.33e+04  8.66e+02 -1.00e+05
2015 12 29  0825   57385  30300   4.58e+01  6.88e+00  1.08e+00  1.19e-01  7.36e-02  4.53e-02  2.33e+04  8.93e+02 -1.00e+05
2015 12 29  0830   57385  30600   4.66e+01  7.02e+00  1.24e+00  1.37e-01  7.84e-02  5.03e-02  2.44e+04  8.92e+02 -1.00e+05
2015 12 29  0835   57385  30900   4.69e+01  8.31e+00  1.77e+00  1.13e-01  5.14e-02  2.34e-02  2.46e+04  9.15e+02 -1.00e+05
2015 12 29  0840   57385  31200   4.93e+01  7.60e+00  1.40e+00  1.19e-01  5.12e-02  2.34e-02  2.46e+04  9.14e+02 -1.00e+05
2015 12 29  0845   57385  31500   4.64e+01  8.04e+00  1.42e+00  1.32e-01  9.09e-02  6.27e-02  2.46e+04  8.95e+02 -1.00e+05
2015 12 29  0850   57385  31800   4.72e+01  8.00e+00  1.47e+00  1.48e-01  7.45e-02  2.88e-02  2.46e+04  9.19e+02 -1.00e+05
2015 12 29  0855   57385  32100   4.82e+01  8.23e+00  1.40e+00  1.05e-01  5.16e-02  2.34e-02  2.46e+04  9.27e+02 -1.00e+05
2015 12 29  0900   57385  32400   5.44e+01  9.04e+00  1.55e+00  1.91e-01  9.98e-02  3.49e-02  2.46e+04  9.36e+02 -1.00e+05
2015 12 29  0905   57385  32700   4.99e+01  8.59e+00  1.53e+00  2.03e-01  1.16e-01  4.59e-02  2.46e+04  9.24e+02 -1.00e+05
2015 12 29  0910   57385  33000   4.67e+01  7.54e+00  1.14e+00  1.14e-01  5.75e-02  2.48e-02  2.46e+04  9.60e+02 -1.00e+05
2015 12 29  0915   57385  33300   4.56e+01  8.40e+00  1.60e+00  1.46e-01  8.32e-02  5.52e-02  2.46e+04  9.37e+02 -1.00e+05
2015 12 29  0920   57385  33600   4.76e+01  8.07e+00  1.46e+00  1.07e-01  5.15e-02  2.34e-02  2.46e+04  9.39e+02 -1.00e+05
2015 12 29  0925   57385  33900   4.63e+01  7.86e+00  1.30e+00  1.25e-01  7.10e-02  4.28e-02  2.51e+04  9.63e+02 -1.00e+05
2015 12 29  0930   57385  34200   4.98e+01  7.48e+00  1.21e+00  2.04e-01  1.08e-01  3.69e-02  2.59e+04  9.83e+02 -1.00e+05
2015 12 29  0935   57385  34500   5.06e+01  7.06e+00  1.05e+00  1.59e-01  1.01e-01  7.26e-02  2.60e+04  1.00e+03 -1.00e+05
2015 12 29  0940   57385  34800   4.93e+01  7.87e+00  1.39e+00  2.16e-01  1.24e-01  4.25e-02  2.60e+04  9.93e+02 -1.00e+05
2015 12 29  0945   57385  35100   4.74e+01  7.84e+00  1.22e+00  1.80e-01  1.14e-01  6.06e-02  2.60e+04  1.01e+03 -1.00e+05
2015 12 29  0950   57385  35400   4.83e+01  7.76e+00  1.15e+00  1.20e-01  7.11e-02  4.28e-02  2.60e+04  1.04e+03 -1.00e+05
2015 12 29  0955   57385  35700   5.26e+01  9.37e+00  1.48e+00  1.10e-01  5.62e-02  2.80e-02  2.69e+04  1.04e+03 -1.00e+05
2015 12 29  1000   57385  36000   4.95e+01  8.35e+00  1.13e+00  1.06e-01  5.63e-02  2.34e-02  2.73e+04  1.06e+03 -1.00e+05
2015 12 29  1005   57385  36300   5.18e+01  8.22e+00  1.11e+00  1.02e-01  5.16e-02  2.34e-02  2.73e+04  1.09e+03 -1.00e+05
2015 12 29  1010   57385  36600   5.22e+01  7.65e+00  1.03e+00  1.17e-01  6.86e-02  4.04e-02  2.73e+04  1.10e+03 -1.00e+05
2015 12 29  1015   57385  36900   5.17e+01  7.81e+00  1.08e+00  1.06e-01  5.63e-02  2.34e-02  2.73e+04  1.09e+03 -1.00e+05
2015 12 29  1020   57385  37200   5.25e+01  7.96e+00  9.87e-01  1.41e-01  1.02e-01  7.26e-02  2.73e+04  1.11e+03 -1.00e+05
2015 12 29  1025   57385  37500   5.57e+01  8.43e+00  9.19e-01  1.36e-01  1.25e-01  4.90e-02  2.73e+04  1.11e+03 -1.00e+05
2015 12 29  1030   57385  37800   5.07e+01  6.18e+00  9.81e-01  2.31e-01  1.32e-01  5.00e-02  2.83e+04  1.12e+03 -1.00e+05
2015 12 29  1035   57385  38100   5.62e+01  8.29e+00  1.09e+00  9.59e-02  5.17e-02  2.34e-02  2.86e+04  1.14e+03 -1.00e+05
2015 12 29  1040   57385  38400   5.54e+01  7.45e+00  1.33e+00  1.15e-01  5.13e-02  2.34e-02  2.86e+04  1.17e+03 -1.00e+05
2015 12 29  1045   57385  38700   6.17e+01  9.09e+00  1.46e+00  1.10e-01  5.15e-02  2.34e-02  2.89e+04  1.20e+03 -1.00e+05
2015 12 29  1050   57385  39000   5.86e+01  7.72e+00  1.19e+00  1.05e-01  5.87e-02  3.05e-02  2.95e+04  1.21e+03 -1.00e+05
2015 12 29  1055   57385  39300   5.82e+01  8.66e+00  1.63e+00  2.66e-01  1.34e-01  4.29e-02  2.97e+04  1.23e+03 -1.00e+05
2015 12 29  1100   57385  39600   5.24e+01  5.71e+00  5.81e-01  9.76e-02  6.00e-02  3.05e-02  2.95e+04  1.21e+03 -1.00e+05
2015 12 29  1105   57385  39900   5.13e+01  5.75e+00  7.58e-01  1.97e-01  1.30e-01  7.01e-02  2.98e+04  1.22e+03 -1.00e+05
2015 12 29  1110   57385  40200   5.17e+01  6.15e+00  6.61e-01  9.80e-02  8.71e-02  3.69e-02  2.96e+04  1.23e+03 -1.00e+05
2015 12 29  1115   57385  40500   5.57e+01  8.62e+00  1.60e+00  1.13e-01  5.14e-02  2.34e-02  3.05e+04  1.24e+03 -1.00e+05
2015 12 29  1120   57385  40800   5.47e+01  7.76e+00  1.09e+00  9.25e-02  5.34e-02  2.34e-02  3.06e+04  1.27e+03 -1.00e+05
2015 12 29  1125   57385  41100   5.98e+01  8.65e+00  1.38e+00  1.05e-01  5.37e-02  2.55e-02  3.20e+04  1.32e+03 -1.00e+05
2015 12 29  1130   57385  41400   6.00e+01  6.31e+00  8.57e-01  1.37e-01  8.59e-02  5.77e-02  3.29e+04  1.35e+03 -1.00e+05
2015 12 29  1135   57385  41700   6.43e+01  7.67e+00  1.51e+00  2.17e-01  1.16e-01  4.41e-02  3.40e+04  1.46e+03 -1.00e+05
2015 12 29  1140   57385  42000   6.72e+01  7.13e+00  1.16e+00  2.81e-01  1.73e-01  5.30e-02  3.27e+04  1.42e+03 -1.00e+05
2015 12 29  1145   57385  42300   7.57e+01  7.54e+00  9.25e-01  1.06e-01  5.16e-02  2.34e-02  3.31e+04  1.44e+03 -1.00e+05
2015 12 29  1150   57385  42600   7.01e+01  7.09e+00  1.00e+00  1.11e-01  6.62e-02  3.79e-02  3.40e+04  1.48e+03 -1.00e+05
2015 12 29  1155   57385  42900   6.57e+01  5.49e+00  6.90e-01  9.73e-02  5.17e-02  2.34e-02  3.30e+04  1.46e+03 -1.00e+05
2015 12 29  1200   57385  43200   6.98e+01  6.97e+00  9.29e-01  1.06e-01  5.63e-02  2.34e-02  3.46e+04  1.53e+03 -1.00e+05
2015 12 29  1205   57385  43500   8.18e+01  6.70e+00  1.00e+00  1.60e-01  8.29e-02  3.08e-02  3.70e+04  1.64e+03 -1.00e+05
2015 12 29  1210   57385  43800   7.49e+01  5.60e+00  6.73e-01  9.59e-02  5.17e-02  2.34e-02  3.38e+04  1.54e+03 -1.00e+05
2015 12 29  1215   57385  44100   7.15e+01  5.84e+00  6.95e-01  1.65e-01  1.27e-01  5.03e-02  3.46e+04  1.52e+03 -1.00e+05
2015 12 29  1220   57385  44400   7.57e+01  6.72e+00  9.58e-01  1.20e-01  8.28e-02  5.35e-02  3.54e+04  1.58e+03 -1.00e+05
2015 12 29  1225   57385  44700   7.37e+01  7.26e+00  1.32e+00  2.10e-01  1.37e-01  8.68e-02  3.39e+04  1.50e+03 -1.00e+05
2015 12 29  1230   57385  45000   6.14e+01  5.25e+00  9.01e-01  1.03e-01  5.16e-02  2.34e-02  3.42e+04  1.48e+03 -1.00e+05
2015 12 29  1235   57385  45300   6.75e+01  5.88e+00  8.12e-01  9.73e-02  5.17e-02  2.34e-02  3.56e+04  1.55e+03 -1.00e+05
2015 12 29  1240   57385  45600   6.60e+01  5.95e+00  9.30e-01  1.03e-01  5.16e-02  2.34e-02  3.56e+04  1.61e+03 -1.00e+05
2015 12 29  1245   57385  45900   6.68e+01  4.81e+00  7.73e-01  1.03e-01  5.63e-02  2.80e-02  3.69e+04  1.69e+03 -1.00e+05
2015 12 29  1250   57385  46200   7.19e+01  5.58e+00  9.21e-01  1.11e-01  5.15e-02  2.34e-02  3.75e+04  1.69e+03 -1.00e+05
2015 12 29  1255   57385  46500   7.05e+01  5.99e+00  1.11e+00  9.87e-02  5.17e-02  2.34e-02  3.75e+04  1.68e+03 -1.00e+05
2015 12 29  1300   57385  46800   7.78e+01  6.69e+00  1.36e+00  1.11e-01  5.15e-02  2.34e-02  3.76e+04  1.77e+03 -1.00e+05
2015 12 29  1305   57385  47100   7.13e+01  5.94e+00  1.23e+00  1.33e-01  6.60e-02  2.68e-02  3.76e+04  1.76e+03 -1.00e+05
2015 12 29  1310   57385  47400   7.54e+01  7.56e+00  1.59e+00  1.08e-01  5.15e-02  2.34e-02  3.85e+04  1.78e+03 -1.00e+05
2015 12 29  1315   57385  47700   7.36e+01  6.20e+00  1.01e+00  1.06e-01  5.63e-02  2.34e-02  3.76e+04  1.77e+03 -1.00e+05
2015 12 29  1320   57385  48000   7.87e+01  7.19e+00  1.04e+00  1.07e-01  5.75e-02  2.48e-02  3.76e+04  1.76e+03 -1.00e+05
2015 12 29  1325   57385  48300   7.68e+01  6.00e+00  8.78e-01  1.02e-01  5.38e-02  2.55e-02  3.90e+04  1.76e+03 -1.00e+05
2015 12 29  1330   57385  48600   7.28e+01  5.15e+00  6.36e-01  1.10e-01  6.85e-02  3.79e-02  3.77e+04  1.75e+03 -1.00e+05
2015 12 29  1335   57385  48900   7.32e+01  5.86e+00  6.18e-01  8.87e-02  6.95e-02  4.53e-02  3.76e+04  1.71e+03 -1.00e+05
2015 12 29  1340   57385  49200   7.61e+01  6.23e+00  8.85e-01  1.22e-01  7.80e-02  3.08e-02  3.80e+04  1.73e+03 -1.00e+05
2015 12 29  1345   57385  49500   8.40e+01  6.52e+00  7.91e-01  1.42e-01  8.91e-02  5.52e-02  3.87e+04  1.74e+03 -1.00e+05
2015 12 29  1350   57385  49800   9.19e+01  5.45e+00  3.89e-01  5.60e-02  4.52e-02  2.34e-02  4.02e+04  1.83e+03 -1.00e+05
2015 12 29  1355   57385  50100   9.20e+01  6.13e+00  9.85e-01  1.52e-01  8.83e-02  5.64e-02  3.95e+04  1.82e+03 -1.00e+05
2015 12 29  1400   57385  50400   8.74e+01  5.87e+00  8.48e-01  1.00e-01  5.16e-02  2.34e-02  4.02e+04  1.88e+03 -1.00e+05
2015 12 29  1405   57385  50700   9.07e+01  5.87e+00  7.51e-01  9.73e-02  5.17e-02  2.34e-02  4.04e+04  1.88e+03 -1.00e+05
2015 12 29  1410   57385  51000   8.86e+01  6.63e+00  1.14e+00  1.10e-01  5.37e-02  2.55e-02  4.00e+04  1.86e+03 -1.00e+05
2015 12 29  1415   57385  51300   8.54e+01  5.75e+00  8.24e-01  1.02e-01  5.87e-02  3.05e-02  3.98e+04  1.88e+03 -1.00e+05
2015 12 29  1420   57385  51600   8.77e+01  6.12e+00  7.99e-01  9.87e-02  5.17e-02  2.34e-02  4.07e+04  1.86e+03 -1.00e+05
2015 12 29  1425   57385  51900   9.54e+01  6.76e+00  1.08e+00  1.41e-01  9.09e-02  6.27e-02  3.92e+04  1.89e+03 -1.00e+05
2015 12 29  1430   57385  52200   1.02e+02  5.91e+00  8.12e-01  9.73e-02  5.17e-02  2.34e-02  4.38e+04  2.05e+03 -1.00e+05
2015 12 29  1435   57385  52500   1.10e+02  7.39e+00  1.12e+00  1.16e-01  6.36e-02  3.54e-02  4.40e+04  2.11e+03 -1.00e+05
2015 12 29  1440   57385  52800   1.17e+02  6.67e+00  9.04e-01  1.17e-01  5.75e-02  2.48e-02  4.50e+04  2.14e+03 -1.00e+05
2015 12 29  1445   57385  53100   1.25e+02  7.76e+00  1.51e+00  1.50e-01  7.34e-02  3.59e-02  4.66e+04  2.15e+03 -1.00e+05
2015 12 29  1450   57385  53400   1.27e+02  5.63e+00  7.88e-01  2.25e-01  1.32e-01  4.45e-02  4.66e+04  2.19e+03 -1.00e+05
2015 12 29  1455   57385  53700   1.17e+02  5.76e+00  7.16e-01  1.18e-01  8.01e-02  5.03e-02  4.63e+04  2.13e+03 -1.00e+05
2015 12 29  1500   57385  54000   1.16e+02  6.49e+00  1.11e+00  1.06e-01  5.16e-02  2.34e-02  4.49e+04  2.10e+03 -1.00e+05
2015 12 29  1505   57385  54300   1.12e+02  3.72e+00  4.45e-01  1.94e-01  1.23e-01  4.09e-02  4.47e+04  2.08e+03 -1.00e+05
2015 12 29  1510   57385  54600   1.26e+02  6.36e+00  9.19e-01  2.04e-01  1.16e-01  4.04e-02  4.41e+04  1.98e+03 -1.00e+05
2015 12 29  1515   57385  54900   1.24e+02  5.26e+00  7.29e-01  1.36e-01  9.34e-02  6.51e-02  4.68e+04  2.33e+03 -1.00e+05
2015 12 29  1520   57385  55200   1.20e+02  4.81e+00  7.37e-01  1.40e-01  7.44e-02  2.88e-02  4.73e+04  2.33e+03 -1.00e+05
2015 12 29  1525   57385  55500   1.12e+02  4.11e+00  7.02e-01  1.85e-01  1.07e-01  4.94e-02  4.59e+04  2.24e+03 -1.00e+05
2015 12 29  1530   57385  55800   1.14e+02  3.92e+00  3.51e-01  8.79e-02  7.70e-02  5.52e-02  4.57e+04  2.22e+03 -1.00e+05
2015 12 29  1535   57385  56100   1.21e+02  4.69e+00  5.76e-01  1.06e-01  5.63e-02  2.34e-02  4.40e+04  2.18e+03 -1.00e+05
2015 12 29  1540   57385  56400   1.15e+02  3.21e+00  3.10e-01  8.69e-02  6.72e-02  4.28e-02  4.46e+04  2.19e+03 -1.00e+05
2015 12 29  1545   57385  56700   1.29e+02  4.73e+00  5.87e-01  7.94e-02  5.04e-02  2.34e-02  4.65e+04  2.39e+03 -1.00e+05
2015 12 29  1550   57385  57000   1.42e+02  4.69e+00  4.48e-01  7.94e-02  5.04e-02  2.34e-02  4.66e+04  2.44e+03 -1.00e+05
2015 12 29  1555   57385  57300   1.41e+02  4.75e+00  5.45e-01  1.06e-01  5.63e-02  2.34e-02  4.61e+04  2.40e+03 -1.00e+05
2015 12 29  1600   57385  57600   1.21e+02  3.67e+00  5.69e-01  9.43e-02  5.16e-02  2.34e-02  4.40e+04  2.32e+03 -1.00e+05
2015 12 29  1605   57385  57900   1.15e+02  3.55e+00  6.98e-01  1.14e-01  5.86e-02  3.05e-02  4.40e+04  2.25e+03 -1.00e+05
2015 12 29  1610   57385  58200   1.07e+02  3.53e+00  6.22e-01  1.16e-01  7.36e-02  4.53e-02  4.27e+04  2.18e+03 -1.00e+05
2015 12 29  1615   57385  58500   1.08e+02  3.07e+00  2.96e-01  1.10e-01  9.93e-02  7.75e-02  4.16e+04  2.11e+03 -1.00e+05
2015 12 29  1620   57385  58800   1.05e+02  3.59e+00  6.19e-01  1.05e-01  5.16e-02  2.34e-02  4.16e+04  2.08e+03 -1.00e+05
2015 12 29  1625   57385  59100   9.28e+01  3.75e+00  5.49e-01  7.43e-02  6.34e-02  3.40e-02  4.02e+04  1.92e+03 -1.00e+05
2015 12 29  1630   57385  59400   9.32e+01  3.53e+00  4.49e-01  8.93e-02  5.62e-02  2.80e-02  4.03e+04  1.91e+03 -1.00e+05
2015 12 29  1635   57385  59700   9.48e+01  4.47e+00  8.75e-01  9.91e-02  5.49e-02  2.34e-02  4.16e+04  1.98e+03 -1.00e+05
2015 12 29  1640   57385  60000   9.70e+01  3.49e+00  6.45e-01  1.09e-01  5.15e-02  2.34e-02  4.16e+04  2.04e+03 -1.00e+05
2015 12 29  1645   57385  60300   8.36e+01  3.64e+00  9.72e-01  2.04e-01  1.08e-01  3.69e-02  4.12e+04  1.97e+03 -1.00e+05
2015 12 29  1650   57385  60600   8.60e+01  3.97e+00  6.82e-01  1.56e-01  1.08e-01  7.50e-02  3.96e+04  1.87e+03 -1.00e+05
2015 12 29  1655   57385  60900   8.75e+01  4.24e+00  8.72e-01  1.13e-01  6.37e-02  3.54e-02  4.07e+04  1.95e+03 -1.00e+05
2015 12 29  1700   57385  61200   8.71e+01  3.82e+00  5.60e-01  1.36e-01  8.22e-02  4.78e-02  3.99e+04  1.80e+03 -1.00e+05
2015 12 29  1705   57385  61500   8.15e+01  5.03e+00  9.17e-01  1.31e-01  1.09e-01  6.44e-02  3.96e+04  1.83e+03 -1.00e+05
2015 12 29  1710   57385  61800   7.64e+01  3.86e+00  5.05e-01  9.83e-02  8.75e-02  6.57e-02  3.97e+04  1.81e+03 -1.00e+05
2015 12 29  1715   57385  62100   8.63e+01  4.81e+00  5.38e-01  8.96e-02  7.88e-02  4.91e-02  4.12e+04  1.93e+03 -1.00e+05
2015 12 29  1720   57385  62400   8.63e+01  4.36e+00  6.22e-01  1.36e-01  8.22e-02  4.78e-02  4.16e+04  1.92e+03 -1.00e+05
2015 12 29  1725   57385  62700   7.65e+01  2.92e+00  4.76e-01  1.06e-01  5.16e-02  2.34e-02  4.02e+04  1.85e+03 -1.00e+05
2015 12 29  1730   57385  63000   7.90e+01  5.19e+00  9.88e-01  1.32e-01  7.85e-02  5.03e-02  3.96e+04  1.83e+03 -1.00e+05
2015 12 29  1735   57385  63300   8.29e+01  4.14e+00  3.32e-01  8.75e-02  7.50e-02  5.27e-02  3.98e+04  1.75e+03 -1.00e+05
2015 12 29  1740   57385  63600   7.92e+01  3.89e+00  5.33e-01  9.73e-02  5.17e-02  2.34e-02  4.25e+04  2.01e+03 -1.00e+05
2015 12 29  1745   57385  63900   8.76e+01  4.07e+00  7.77e-01  1.05e-01  5.37e-02  2.55e-02  4.29e+04  2.12e+03 -1.00e+05
2015 12 29  1750   57385  64200   9.67e+01  5.18e+00  6.37e-01  1.06e-01  6.38e-02  3.29e-02  4.16e+04  1.89e+03 -1.00e+05
2015 12 29  1755   57385  64500   8.32e+01  4.17e+00  6.96e-01  1.00e-01  5.16e-02  2.34e-02  4.13e+04  1.95e+03 -1.00e+05
2015 12 29  1800   57385  64800   9.21e+01  4.45e+00  7.65e-01  2.40e-01  1.48e-01  5.77e-02  4.28e+04  2.02e+03 -1.00e+05
2015 12 29  1805   57385  65100   8.59e+01  4.76e+00  9.21e-01  1.53e-01  1.19e-01  4.49e-02  4.40e+04  2.09e+03 -1.00e+05
2015 12 29  1810   57385  65400   8.39e+01  4.83e+00  6.59e-01  7.76e-02  6.68e-02  4.50e-02  4.22e+04  1.95e+03 -1.00e+05
2015 12 29  1815   57385  65700   8.43e+01  4.54e+00  6.66e-01  1.06e-01  5.63e-02  2.34e-02  4.16e+04  1.97e+03 -1.00e+05
2015 12 29  1820   57385  66000   8.13e+01  3.81e+00  6.24e-01  1.41e-01  9.34e-02  6.51e-02  4.34e+04  2.01e+03 -1.00e+05
2015 12 29  1825   57385  66300   8.47e+01  4.20e+00  7.43e-01  1.08e-01  5.15e-02  2.34e-02  4.38e+04  2.06e+03 -1.00e+05
2015 12 29  1830   57385  66600   8.47e+01  5.83e+00  9.47e-01  9.25e-02  5.34e-02  2.34e-02  4.35e+04  2.02e+03 -1.00e+05
2015 12 29  1835   57385  66900   8.50e+01  3.72e+00  3.44e-01  9.25e-02  5.34e-02  2.34e-02  4.31e+04  2.01e+03 -1.00e+05
2015 12 29  1840   57385  67200   7.90e+01  5.32e+00  1.13e+00  2.74e-01  1.79e-01  5.50e-02  4.29e+04  1.97e+03 -1.00e+05
2015 12 29  1845   57385  67500   8.55e+01  5.52e+00  8.05e-01  1.08e-01  6.61e-02  3.79e-02  4.32e+04  1.94e+03 -1.00e+05
2015 12 29  1850   57385  67800   8.48e+01  5.39e+00  7.88e-01  1.00e-01  5.16e-02  2.34e-02  4.17e+04  1.90e+03 -1.00e+05
2015 12 29  1855   57385  68100   7.73e+01  4.52e+00  7.64e-01  1.32e-01  7.42e-02  2.88e-02  4.16e+04  1.86e+03 -1.00e+05
2015 12 29  1900   57385  68400   8.17e+01  4.78e+00  6.91e-01  1.02e-01  5.16e-02  2.34e-02  4.16e+04  1.78e+03 -1.00e+05
2015 12 29  1905   57385  68700   7.71e+01  3.01e+00  2.94e-01  1.02e-01  7.25e-02  4.53e-02  4.15e+04  1.77e+03 -1.00e+05
2015 12 29  1910   57385  69000   8.30e+01  5.20e+00  8.23e-01  1.16e-01  6.86e-02  4.04e-02  4.16e+04  1.78e+03 -1.00e+05
2015 12 29  1915   57385  69300   8.02e+01  4.91e+00  7.17e-01  1.12e-01  5.76e-02  2.48e-02  4.08e+04  1.74e+03 -1.00e+05
2015 12 29  1920   57385  69600   7.99e+01  4.48e+00  6.66e-01  1.08e-01  5.37e-02  2.55e-02  3.97e+04  1.69e+03 -1.00e+05
2015 12 29  1925   57385  69900   8.62e+01  4.65e+00  5.35e-01  1.73e-01  1.07e-01  3.69e-02  3.96e+04  1.62e+03 -1.00e+05
2015 12 29  1930   57385  70200   7.91e+01  5.39e+00  6.92e-01  1.06e-01  5.63e-02  2.34e-02  3.96e+04  1.60e+03 -1.00e+05
2015 12 29  1935   57385  70500   7.44e+01  4.14e+00  6.28e-01  1.11e-01  6.12e-02  3.29e-02  3.96e+04  1.58e+03 -1.00e+05
2015 12 29  1940   57385  70800   7.42e+01  4.41e+00  5.95e-01  1.00e-01  5.16e-02  2.34e-02  3.96e+04  1.60e+03 -1.00e+05
2015 12 29  1945   57385  71100   7.75e+01  5.31e+00  5.15e-01  1.08e-01  8.95e-02  3.69e-02  3.88e+04  1.57e+03 -1.00e+05
2015 12 29  1950   57385  71400   7.30e+01  4.22e+00  5.46e-01  9.87e-02  5.17e-02  2.34e-02  3.77e+04  1.50e+03 -1.00e+05
2015 12 29  1955   57385  71700   7.09e+01  4.30e+00  3.70e-01  1.11e-01  9.97e-02  4.09e-02  3.82e+04  1.52e+03 -1.00e+05
2015 12 29  2000   57385  72000   6.62e+01  4.35e+00  4.12e-01  7.70e-02  6.61e-02  4.43e-02  3.76e+04  1.48e+03 -1.00e+05
2015 12 29  2005   57385  72300   6.79e+01  5.20e+00  5.20e-01  8.61e-02  7.05e-02  4.74e-02  3.76e+04  1.44e+03 -1.00e+05
2015 12 29  2010   57385  72600   6.58e+01  4.46e+00  3.93e-01  5.60e-02  4.52e-02  2.34e-02  3.70e+04  1.41e+03 -1.00e+05
2015 12 29  2015   57385  72900   7.21e+01  4.37e+00  3.64e-01  5.97e-02  4.60e-02  2.34e-02  3.75e+04  1.42e+03 -1.00e+05
2015 12 29  2020   57385  73200   8.01e+01  4.79e+00  3.79e-01  6.81e-02  5.72e-02  3.54e-02  3.76e+04  1.45e+03 -1.00e+05
2015 12 29  2025   57385  73500   8.81e+01  4.52e+00  3.34e-01  8.03e-02  6.57e-02  4.28e-02  3.68e+04  1.47e+03 -1.00e+05
2015 12 29  2030   57385  73800   9.33e+01  4.94e+00  6.62e-01  1.11e-01  5.73e-02  2.64e-02  3.64e+04  1.42e+03 -1.00e+05
2015 12 29  2035   57385  74100   1.05e+02  6.01e+00  7.46e-01  1.08e-01  6.61e-02  3.54e-02  3.56e+04  1.36e+03 -1.00e+05
2015 12 29  2040   57385  74400   1.41e+02  6.82e+00  8.11e-01  1.41e-01  7.45e-02  2.88e-02  2.87e+04  1.04e+03 -1.00e+05
2015 12 29  2045   57385  74700   1.60e+02  6.18e+00  4.77e-01  7.55e-02  6.46e-02  4.28e-02  2.01e+04  6.08e+02 -1.00e+05
2015 12 29  2050   57385  75000   1.42e+02  4.86e+00  5.27e-01  9.17e-02  6.63e-02  4.04e-02  1.76e+04  4.63e+02 -1.00e+05
2015 12 29  2055   57385  75300   1.60e+02  5.66e+00  4.39e-01  6.04e-02  4.95e-02  2.48e-02  1.82e+04  4.73e+02 -1.00e+05
2015 12 29  2100   57385  75600   1.52e+02  5.29e+00  5.42e-01  9.03e-02  7.95e-02  5.77e-02  1.86e+04  4.52e+02 -1.00e+05
2015 12 29  2105   57385  75900   1.54e+02  4.34e+00  4.74e-01  1.61e-01  1.34e-01  8.88e-02  2.04e+04  5.17e+02 -1.00e+05
2015 12 29  2110   57385  76200   1.40e+02  4.24e+00  3.79e-01  6.56e-02  5.47e-02  3.29e-02  2.09e+04  5.04e+02 -1.00e+05
2015 12 29  2115   57385  76500   1.38e+02  5.75e+00  1.09e+00  1.09e-01  5.76e-02  2.48e-02  2.25e+04  5.71e+02 -1.00e+05
2015 12 29  2120   57385  76800   1.30e+02  4.27e+00  4.74e-01  6.63e-02  4.75e-02  2.34e-02  2.43e+04  6.31e+02 -1.00e+05
2015 12 29  2125   57385  77100   1.35e+02  5.59e+00  1.05e+00  1.00e-01  5.16e-02  2.34e-02  2.36e+04  6.10e+02 -1.00e+05
2015 12 29  2130   57385  77400   1.35e+02  4.37e+00  5.36e-01  8.38e-02  5.48e-02  2.48e-02  2.44e+04  6.28e+02 -1.00e+05
2015 12 29  2135   57385  77700   1.28e+02  3.21e+00  2.81e-01  8.33e-02  6.25e-02  3.79e-02  2.53e+04  6.41e+02 -1.00e+05
2015 12 29  2140   57385  78000   1.25e+02  2.79e+00  2.29e-01  9.27e-02  7.09e-02  4.59e-02  2.57e+04  6.87e+02 -1.00e+05
2015 12 29  2145   57385  78300   1.15e+02  3.72e+00  5.61e-01  9.25e-02  5.34e-02  2.34e-02  2.46e+04  6.36e+02 -1.00e+05
2015 12 29  2150   57385  78600   1.11e+02  3.82e+00  5.53e-01  1.23e-01  9.25e-02  6.51e-02  2.44e+04  6.00e+02 -1.00e+05
2015 12 29  2155   57385  78900   1.10e+02  4.19e+00  7.43e-01  1.21e-01  6.60e-02  2.68e-02  2.38e+04  6.11e+02 -1.00e+05
2015 12 29  2200   57385  79200   1.05e+02  2.97e+00  3.11e-01  8.87e-02  6.95e-02  4.53e-02  2.45e+04  6.11e+02 -1.00e+05
2015 12 29  2205   57385  79500   1.03e+02  3.47e+00  3.48e-01  5.60e-02  4.52e-02  2.34e-02  2.48e+04  6.28e+02 -1.00e+05
2015 12 29  2210   57385  79800   1.05e+02  2.74e+00  2.34e-01  7.69e-02  5.81e-02  2.68e-02  2.40e+04  5.87e+02 -1.00e+05
2015 12 29  2215   57385  80100   9.42e+01  3.24e+00  4.67e-01  5.97e-02  4.60e-02  2.34e-02  2.35e+04  5.56e+02 -1.00e+05
2015 12 29  2220   57385  80400   1.00e+02  3.29e+00  3.16e-01  5.97e-02  4.60e-02  2.34e-02  2.34e+04  5.57e+02 -1.00e+05
2015 12 29  2225   57385  80700   9.12e+01  3.63e+00  6.02e-01  1.21e-01  6.91e-02  3.54e-02  2.38e+04  5.37e+02 -1.00e+05
2015 12 29  2230   57385  81000   9.08e+01  3.14e+00  2.78e-01  6.71e-02  5.62e-02  2.84e-02  2.30e+04  5.28e+02 -1.00e+05
2015 12 29  2235   57385  81300   9.67e+01  3.38e+00  3.89e-01  8.60e-02  5.19e-02  2.34e-02  2.20e+04  4.98e+02 -1.00e+05
2015 12 29  2240   57385  81600   9.82e+01  3.64e+00  5.70e-01  1.41e-01  9.46e-02  6.27e-02  2.19e+04  4.96e+02 -1.00e+05
2015 12 29  2245   57385  81900   9.91e+01  2.81e+00  3.07e-01  8.38e-02  5.48e-02  2.48e-02  2.21e+04  5.17e+02 -1.00e+05
2015 12 29  2250   57385  82200   9.54e+01  1.96e+00  1.93e-01  1.46e-01  1.17e-01  4.49e-02  2.22e+04  5.14e+02 -1.00e+05
2015 12 29  2255   57385  82500   8.75e+01  3.46e+00  6.50e-01  9.87e-02  5.17e-02  2.34e-02  2.11e+04  4.81e+02 -1.00e+05
2015 12 29  2300   57385  82800   9.56e+01  4.01e+00  6.35e-01  1.09e-01  6.37e-02  3.54e-02  2.10e+04  4.62e+02 -1.00e+05
2015 12 29  2305   57385  83100   9.43e+01  3.63e+00  4.86e-01  1.06e-01  5.63e-02  2.34e-02  2.23e+04  5.08e+02 -1.00e+05
2015 12 29  2310   57385  83400   9.24e+01  3.23e+00  6.18e-01  2.19e-01  1.39e-01  4.49e-02  2.28e+04  5.48e+02 -1.00e+05
2015 12 29  2315   57385  83700   9.77e+01  3.43e+00  4.00e-01  9.00e-02  6.11e-02  2.68e-02  2.33e+04  5.81e+02 -1.00e+05
2015 12 29  2320   57385  84000   9.58e+01  2.63e+00  1.93e-01  5.60e-02  4.52e-02  2.34e-02  2.36e+04  5.77e+02 -1.00e+05
2015 12 29  2325   57385  84300   9.89e+01  3.71e+00  3.47e-01  5.60e-02  4.52e-02  2.34e-02  2.40e+04  5.85e+02 -1.00e+05
2015 12 29  2330   57385  84600   9.29e+01  3.24e+00  3.44e-01  6.41e-02  5.04e-02  2.48e-02  2.46e+04  6.24e+02 -1.00e+05
2015 12 29  2335   57385  84900   8.98e+01  2.79e+00  3.49e-01  1.19e-01  8.79e-02  6.02e-02  2.44e+04  5.98e+02 -1.00e+05
2015 12 29  2340   57385  85200   9.32e+01  3.64e+00  3.47e-01  5.60e-02  4.52e-02  2.34e-02  2.45e+04  6.06e+02 -1.00e+05
2015 12 29  2345   57385  85500   9.44e+01  2.61e+00  1.93e-01  5.60e-02  4.52e-02  2.34e-02  2.45e+04  6.09e+02 -1.00e+05
2015 12 29  2350   57385  85800   9.65e+01  3.02e+00  3.47e-01  9.65e-02  5.83e-02  2.82e-02  2.33e+04  5.98e+02 -1.00e+05
2015 12 29  2355   57385  86100   9.70e+01  2.85e+00  1.92e-01  5.60e-02  4.52e-02  2.34e-02  2.24e+04  5.32e+02 -1.00e+05
