:Data_list: 20151026_Gs_part_5m.txt
:Created: 2015 Oct 27 0011 UTC
# Prepared by the U.S. Dept. of Commerce, NOAA, Space Weather Prediction Center
# Please send comments and suggestions to SWPC.Webmaster@noaa.gov 
# 
# Label: P > 1 = Particles at >1 Mev
# Label: P > 5 = Particles at >5 Mev
# Label: P >10 = Particles at >10 Mev
# Label: P >30 = Particles at >30 Mev
# Label: P >50 = Particles at >50 Mev
# Label: P>100 = Particles at >100 Mev
# Label: E>0.8 = Electrons at >0.8 Mev
# Label: E>2.0 = Electrons at >2.0 Mev
# Label: E>4.0 = Electrons at >4.0 Mev
# Units: Particles = Protons/cm2-s-sr
# Units: Electrons = Electrons/cm2-s-sr
# Source: GOES-15
# Location: W135
# Missing data: -1.00e+05
#
#                      5-minute  GOES-15 Solar Particle and Electron Flux
#
#                 Modified Seconds
# UTC Date  Time   Julian  of the
# YR MO DA  HHMM    Day     Day     P > 1     P > 5     P >10     P >30     P >50     P>100     E>0.8     E>2.0     E>4.0
#-------------------------------------------------------------------------------------------------------------------------
2015 10 26  0000   57321      0   3.92e+00  1.32e-01  1.05e-01  4.79e-02  3.86e-02  1.98e-02  7.81e+03  7.46e+01 -1.00e+05
2015 10 26  0005   57321    300   3.89e+00  1.54e-01  1.28e-01  4.79e-02  3.86e-02  1.98e-02  7.83e+03  7.15e+01 -1.00e+05
2015 10 26  0010   57321    600   3.94e+00  1.17e-01  9.03e-02  4.79e-02  3.86e-02  1.98e-02  7.71e+03  7.30e+01 -1.00e+05
2015 10 26  0015   57321    900   3.83e+00  1.67e-01  1.41e-01  9.68e-02  5.75e-02  3.32e-02  7.78e+03  7.06e+01 -1.00e+05
2015 10 26  0020   57321   1200   5.03e+00  1.85e-01  1.09e-01  5.79e-02  4.08e-02  1.98e-02  7.81e+03  6.68e+01 -1.00e+05
2015 10 26  0025   57321   1500   5.41e+00  1.91e-01  1.17e-01  6.62e-02  5.69e-02  3.81e-02  7.76e+03  6.70e+01 -1.00e+05
2015 10 26  0030   57321   1800   4.04e+00  1.32e-01  1.05e-01  4.79e-02  3.86e-02  1.98e-02  7.78e+03  6.85e+01 -1.00e+05
2015 10 26  0035   57321   2100   4.96e+00  2.22e-01  1.47e-01  4.89e-02  3.95e-02  2.08e-02  7.65e+03  7.13e+01 -1.00e+05
2015 10 26  0040   57321   2400   3.69e+00  1.32e-01  1.05e-01  4.79e-02  3.86e-02  1.98e-02  7.50e+03  6.63e+01 -1.00e+05
2015 10 26  0045   57321   2700   3.83e+00  2.49e-01  2.22e-01  8.55e-02  4.42e-02  1.98e-02  7.40e+03  6.55e+01 -1.00e+05
2015 10 26  0050   57321   3000   3.73e+00  2.19e-01  1.92e-01  7.16e-02  4.46e-02  2.08e-02  7.18e+03  6.37e+01 -1.00e+05
2015 10 26  0055   57321   3300   4.10e+00  2.12e-01  1.85e-01  5.37e-02  4.17e-02  2.06e-02  7.17e+03  5.63e+01 -1.00e+05
2015 10 26  0100   57321   3600   3.91e+00  1.32e-01  1.05e-01  4.79e-02  3.86e-02  1.98e-02  6.95e+03  6.11e+01 -1.00e+05
2015 10 26  0105   57321   3900   4.02e+00  1.63e-01  1.36e-01  8.48e-02  6.87e-02  4.80e-02  6.87e+03  5.58e+01 -1.00e+05
2015 10 26  0110   57321   4200   3.95e+00  2.10e-01  1.83e-01  4.79e-02  3.86e-02  1.98e-02  6.94e+03  5.93e+01 -1.00e+05
2015 10 26  0115   57321   4500   4.24e+00  1.92e-01  1.65e-01  5.79e-02  4.08e-02  1.98e-02  6.68e+03  5.83e+01 -1.00e+05
2015 10 26  0120   57321   4800   6.06e+00  2.49e-01  1.25e-01  6.44e-02  4.23e-02  1.98e-02  6.67e+03  5.49e+01 -1.00e+05
2015 10 26  0125   57321   5100   3.87e+00  1.63e-01  1.37e-01  9.42e-02  8.49e-02  3.47e-02  6.70e+03  5.66e+01 -1.00e+05
2015 10 26  0130   57321   5400   3.66e+00  1.40e-01  1.13e-01  5.88e-02  4.94e-02  3.07e-02  6.48e+03  5.52e+01 -1.00e+05
2015 10 26  0135   57321   5700   3.31e+00  1.70e-01  1.43e-01  1.01e-01  9.16e-02  6.10e-02  6.33e+03  5.31e+01 -1.00e+05
2015 10 26  0140   57321   6000   4.86e+00  1.75e-01  9.91e-02  4.79e-02  3.86e-02  1.98e-02  5.93e+03  5.03e+01 -1.00e+05
2015 10 26  0145   57321   6300   3.41e+00  1.17e-01  9.03e-02  4.79e-02  3.86e-02  1.98e-02  5.84e+03  4.66e+01 -1.00e+05
2015 10 26  0150   57321   6600   3.68e+00  1.88e-01  1.62e-01  1.19e-01  1.10e-01  4.28e-02  5.98e+03  4.82e+01 -1.00e+05
2015 10 26  0155   57321   6900   3.03e+00  1.32e-01  1.05e-01  4.79e-02  3.86e-02  1.98e-02  5.56e+03  4.67e+01 -1.00e+05
2015 10 26  0200   57321   7200   3.04e+00  1.56e-01  1.29e-01  5.13e-02  3.93e-02  1.98e-02  5.67e+03  4.53e+01 -1.00e+05
2015 10 26  0205   57321   7500   4.48e+00  2.93e-01  1.69e-01  5.13e-02  3.93e-02  1.98e-02  5.39e+03  4.33e+01 -1.00e+05
2015 10 26  0210   57321   7800   2.90e+00  1.11e-01  8.62e-02  4.68e-02  3.78e-02  1.95e-02  5.56e+03  4.55e+01 -1.00e+05
2015 10 26  0215   57321   8100   2.83e+00  1.66e-01  1.41e-01  6.61e-02  5.70e-02  3.88e-02  5.38e+03  4.17e+01 -1.00e+05
2015 10 26  0220   57321   8400   2.79e+00  1.11e-01  8.62e-02  4.68e-02  3.78e-02  1.95e-02  5.21e+03  4.29e+01 -1.00e+05
2015 10 26  0225   57321   8700   2.94e+00  1.61e-01  1.36e-01  6.58e-02  5.67e-02  3.85e-02  5.28e+03  3.60e+01 -1.00e+05
2015 10 26  0230   57321   9000   2.82e+00  1.44e-01  9.85e-02  5.52e-02  3.97e-02  1.95e-02  5.23e+03  3.98e+01 -1.00e+05
2015 10 26  0235   57321   9300   3.77e+00  2.27e-01  1.27e-01  8.44e-02  7.54e-02  2.05e-02  5.19e+03  3.83e+01 -1.00e+05
2015 10 26  0240   57321   9600   3.87e+00  2.65e-01  1.39e-01  4.87e-02  3.82e-02  1.95e-02  5.08e+03  3.60e+01 -1.00e+05
2015 10 26  0245   57321   9900   3.73e+00  1.92e-01  9.86e-02  4.68e-02  3.78e-02  1.95e-02  5.11e+03  4.03e+01 -1.00e+05
2015 10 26  0250   57321  10200   2.30e+00  1.69e-01  1.43e-01  7.35e-02  6.45e-02  4.62e-02  5.11e+03  4.07e+01 -1.00e+05
2015 10 26  0255   57321  10500   2.13e+00  1.33e-01  1.08e-01  6.83e-02  4.26e-02  1.95e-02  4.98e+03  3.71e+01 -1.00e+05
2015 10 26  0300   57321  10800   3.23e+00  1.99e-01  1.05e-01  5.37e-02  4.46e-02  2.64e-02  4.96e+03  3.61e+01 -1.00e+05
2015 10 26  0305   57321  11100   3.25e+00  1.92e-01  9.86e-02  4.68e-02  3.78e-02  1.95e-02  4.95e+03  3.37e+01 -1.00e+05
2015 10 26  0310   57321  11400   2.14e+00  1.76e-01  1.51e-01  1.12e-01  1.03e-01  5.02e-02  4.93e+03  3.38e+01 -1.00e+05
2015 10 26  0315   57321  11700   4.24e+00  2.42e-01  8.89e-02  4.68e-02  3.78e-02  1.95e-02  4.74e+03  3.53e+01 -1.00e+05
2015 10 26  0320   57321  12000   2.03e+00  2.29e-01  2.04e-01  4.68e-02  3.78e-02  1.95e-02  4.70e+03  3.50e+01 -1.00e+05
2015 10 26  0325   57321  12300   2.12e+00  1.50e-01  1.25e-01  8.36e-02  4.32e-02  1.95e-02  4.66e+03  2.98e+01 -1.00e+05
2015 10 26  0330   57321  12600   3.28e+00  3.79e-01  2.30e-01  4.68e-02  3.78e-02  1.95e-02  4.46e+03  3.02e+01 -1.00e+05
2015 10 26  0335   57321  12900   2.10e+00  1.51e-01  1.26e-01  5.46e-02  4.45e-02  2.29e-02  4.47e+03  2.99e+01 -1.00e+05
2015 10 26  0340   57321  13200   1.99e+00  1.51e-01  1.06e-01  6.36e-02  5.46e-02  3.63e-02  4.33e+03  2.92e+01 -1.00e+05
2015 10 26  0345   57321  13500   1.84e+00  1.43e-01  1.18e-01  4.68e-02  3.78e-02  1.95e-02  4.27e+03  2.69e+01 -1.00e+05
2015 10 26  0350   57321  13800   2.01e+00  3.22e-01  2.97e-01  8.09e-02  4.32e-02  1.95e-02  4.13e+03  2.64e+01 -1.00e+05
2015 10 26  0355   57321  14100   1.95e+00  2.05e-01  1.80e-01  1.24e-01  1.04e-01  3.96e-02  3.96e+03  2.61e+01 -1.00e+05
2015 10 26  0400   57321  14400   1.65e+00  1.31e-01  1.05e-01  6.61e-02  5.70e-02  3.88e-02  3.92e+03  2.27e+01 -1.00e+05
2015 10 26  0405   57321  14700   2.54e+00  2.52e-01  1.58e-01  6.86e-02  4.99e-02  2.89e-02  3.82e+03  2.61e+01 -1.00e+05
2015 10 26  0410   57321  15000   1.75e+00  2.33e-01  2.07e-01  5.12e-02  4.22e-02  2.39e-02  3.70e+03  2.39e+01 -1.00e+05
2015 10 26  0415   57321  15300   1.60e+00  1.11e-01  8.62e-02  4.68e-02  3.78e-02  1.95e-02  3.79e+03  2.37e+01 -1.00e+05
2015 10 26  0420   57321  15600   1.65e+00  1.51e-01  1.26e-01  4.68e-02  3.78e-02  1.95e-02  3.73e+03  2.53e+01 -1.00e+05
2015 10 26  0425   57321  15900   1.63e+00  1.21e-01  9.62e-02  5.66e-02  4.15e-02  2.14e-02  3.59e+03  2.37e+01 -1.00e+05
2015 10 26  0430   57321  16200   1.49e+00  1.80e-01  1.55e-01  7.49e-02  4.41e-02  1.95e-02  3.66e+03  2.25e+01 -1.00e+05
2015 10 26  0435   57321  16500   1.73e+00  2.29e-01  2.04e-01  4.68e-02  3.78e-02  1.95e-02  3.67e+03  2.14e+01 -1.00e+05
2015 10 26  0440   57321  16800   1.43e+00  1.11e-01  8.62e-02  4.68e-02  3.78e-02  1.95e-02  3.66e+03  2.65e+01 -1.00e+05
2015 10 26  0445   57321  17100   1.56e+00  1.47e-01  1.22e-01  8.22e-02  6.16e-02  4.00e-02  3.66e+03  1.85e+01 -1.00e+05
2015 10 26  0450   57321  17400   1.43e+00  1.34e-01  1.09e-01  6.92e-02  5.77e-02  3.88e-02  3.56e+03  2.40e+01 -1.00e+05
2015 10 26  0455   57321  17700   1.41e+00  1.53e-01  1.28e-01  4.68e-02  3.78e-02  1.95e-02  3.55e+03  2.24e+01 -1.00e+05
2015 10 26  0500   57321  18000   1.72e+00  2.04e-01  1.59e-01  7.49e-02  4.41e-02  1.95e-02  3.46e+03  2.09e+01 -1.00e+05
2015 10 26  0505   57321  18300   1.38e+00  2.45e-01  2.20e-01  7.69e-02  5.37e-02  3.13e-02  3.44e+03  1.61e+01 -1.00e+05
2015 10 26  0510   57321  18600   2.15e+00  3.10e-01  2.16e-01  4.68e-02  3.78e-02  1.95e-02  3.30e+03  1.90e+01 -1.00e+05
2015 10 26  0515   57321  18900   1.35e+00  1.40e-01  1.15e-01  7.49e-02  4.41e-02  1.95e-02  3.35e+03  2.24e+01 -1.00e+05
2015 10 26  0520   57321  19200   1.44e+00  1.13e-01  8.81e-02  4.87e-02  3.82e-02  1.95e-02  3.32e+03  2.03e+01 -1.00e+05
2015 10 26  0525   57321  19500   1.36e+00  1.13e-01  8.81e-02  4.87e-02  3.82e-02  1.95e-02  3.24e+03  2.03e+01 -1.00e+05
2015 10 26  0530   57321  19800   1.38e+00  1.11e-01  8.62e-02  4.68e-02  3.78e-02  1.95e-02  3.25e+03  2.18e+01 -1.00e+05
2015 10 26  0535   57321  20100   1.97e+00  3.10e-01  2.16e-01  4.68e-02  3.78e-02  1.95e-02  3.27e+03  2.25e+01 -1.00e+05
2015 10 26  0540   57321  20400   1.29e+00  1.66e-01  1.41e-01  1.01e-01  9.23e-02  5.35e-02  3.25e+03  1.82e+01 -1.00e+05
2015 10 26  0545   57321  20700   1.07e+00  1.68e-01  1.43e-01  6.86e-02  5.95e-02  4.12e-02  3.21e+03  2.06e+01 -1.00e+05
2015 10 26  0550   57321  21000   1.24e+00  1.11e-01  8.62e-02  4.68e-02  3.78e-02  1.95e-02  3.23e+03  2.03e+01 -1.00e+05
2015 10 26  0555   57321  21300   9.41e-01  1.38e-01  1.13e-01  7.35e-02  6.44e-02  3.44e-02  3.36e+03  1.77e+01 -1.00e+05
2015 10 26  0600   57321  21600   1.35e+00  1.97e-01  1.71e-01  9.84e-02  5.98e-02  3.61e-02  3.34e+03  1.90e+01 -1.00e+05
2015 10 26  0605   57321  21900   1.37e+00  2.13e-01  1.88e-01  7.17e-02  6.26e-02  2.75e-02  3.55e+03  2.14e+01 -1.00e+05
2015 10 26  0610   57321  22200   1.19e+00  1.20e-01  9.49e-02  5.52e-02  3.97e-02  1.95e-02  3.26e+03  1.97e+01 -1.00e+05
2015 10 26  0615   57321  22500   1.02e+00  1.49e-01  1.24e-01  8.46e-02  7.55e-02  3.29e-02  3.54e+03  2.09e+01 -1.00e+05
2015 10 26  0620   57321  22800   2.34e+00  2.18e-01  8.90e-02  4.68e-02  3.78e-02  1.95e-02  3.27e+03  2.39e+01 -1.00e+05
2015 10 26  0625   57321  23100   1.23e+00  1.11e-01  8.62e-02  4.68e-02  3.78e-02  1.95e-02  3.48e+03  2.19e+01 -1.00e+05
2015 10 26  0630   57321  23400   1.33e+00  1.11e-01  8.62e-02  4.68e-02  3.78e-02  1.95e-02  3.23e+03  2.00e+01 -1.00e+05
2015 10 26  0635   57321  23700   1.23e+00  1.61e-01  1.36e-01  9.54e-02  6.36e-02  3.88e-02  3.28e+03  2.16e+01 -1.00e+05
2015 10 26  0640   57321  24000   1.67e+00  1.60e-01  1.16e-01  7.35e-02  6.45e-02  4.62e-02  3.08e+03  1.87e+01 -1.00e+05
2015 10 26  0645   57321  24300   1.07e+00  1.30e-01  1.05e-01  6.54e-02  5.64e-02  2.55e-02  3.25e+03  1.94e+01 -1.00e+05
2015 10 26  0650   57321  24600   1.21e+00  1.50e-01  1.25e-01  8.46e-02  4.97e-02  2.39e-02  3.11e+03  1.86e+01 -1.00e+05
2015 10 26  0655   57321  24900   1.35e+00  2.21e-01  1.96e-01  1.56e-01  1.30e-01  4.76e-02  3.15e+03  1.90e+01 -1.00e+05
2015 10 26  0700   57321  25200   1.38e+00  2.55e-01  2.30e-01  7.75e-02  6.15e-02  4.12e-02  3.08e+03  1.66e+01 -1.00e+05
2015 10 26  0705   57321  25500   3.27e+00  3.45e-01  8.84e-02  4.68e-02  3.78e-02  1.95e-02  3.02e+03  2.12e+01 -1.00e+05
2015 10 26  0710   57321  25800   1.37e+00  1.17e-01  9.22e-02  5.29e-02  4.38e-02  2.14e-02  3.07e+03  1.89e+01 -1.00e+05
2015 10 26  0715   57321  26100   1.64e+00  3.51e-01  3.26e-01  1.81e-01  1.16e-01  3.76e-02  2.67e+03  1.74e+01 -1.00e+05
2015 10 26  0720   57321  26400   1.34e+00  1.20e-01  9.49e-02  5.52e-02  3.97e-02  1.95e-02  2.92e+03  2.05e+01 -1.00e+05
2015 10 26  0725   57321  26700   1.45e+00  1.35e-01  8.98e-02  4.68e-02  3.78e-02  1.95e-02  3.03e+03  1.91e+01 -1.00e+05
2015 10 26  0730   57321  27000   1.37e+00  1.11e-01  8.62e-02  4.68e-02  3.78e-02  1.95e-02  2.68e+03  1.93e+01 -1.00e+05
2015 10 26  0735   57321  27300   1.39e+00  1.35e-01  8.98e-02  4.68e-02  3.78e-02  1.95e-02  3.04e+03  2.00e+01 -1.00e+05
2015 10 26  0740   57321  27600   1.29e+00  2.28e-01  2.03e-01  1.63e-01  1.27e-01  4.56e-02  3.00e+03  2.08e+01 -1.00e+05
2015 10 26  0745   57321  27900   1.10e+00  1.51e-01  1.26e-01  4.68e-02  3.78e-02  1.95e-02  3.09e+03  2.28e+01 -1.00e+05
2015 10 26  0750   57321  28200   1.07e+00  1.47e-01  1.22e-01  8.15e-02  4.56e-02  1.95e-02  3.05e+03  2.15e+01 -1.00e+05
2015 10 26  0755   57321  28500   1.19e+00  1.33e-01  1.08e-01  6.83e-02  4.26e-02  1.95e-02  3.20e+03  1.99e+01 -1.00e+05
2015 10 26  0800   57321  28800   1.06e+00  1.33e-01  1.08e-01  6.86e-02  4.99e-02  2.89e-02  3.07e+03  2.23e+01 -1.00e+05
2015 10 26  0805   57321  29100   1.35e+00  1.11e-01  8.62e-02  4.68e-02  3.78e-02  1.95e-02  2.81e+03  1.75e+01 -1.00e+05
2015 10 26  0810   57321  29400   1.49e+00  2.13e-01  1.88e-01  1.48e-01  1.34e-01  5.47e-02  2.83e+03  1.23e+01 -1.00e+05
2015 10 26  0815   57321  29700   1.96e+00  2.31e-01  1.28e-01  8.58e-02  6.53e-02  4.37e-02  2.86e+03  1.58e+01 -1.00e+05
2015 10 26  0820   57321  30000   2.40e+00  2.64e-01  8.88e-02  4.68e-02  3.78e-02  1.95e-02  2.89e+03  2.05e+01 -1.00e+05
2015 10 26  0825   57321  30300   1.34e+00  2.74e-01  2.48e-01  1.10e-01  1.01e-01  4.28e-02  2.77e+03  1.72e+01 -1.00e+05
2015 10 26  0830   57321  30600   1.71e+00  2.18e-01  1.17e-01  7.44e-02  4.87e-02  2.14e-02  2.77e+03  2.04e+01 -1.00e+05
2015 10 26  0835   57321  30900   1.19e+00  2.44e-01  2.19e-01  6.18e-02  4.11e-02  1.95e-02  2.76e+03  1.92e+01 -1.00e+05
2015 10 26  0840   57321  31200   2.40e+00  2.63e-01  1.37e-01  4.68e-02  3.78e-02  1.95e-02  2.84e+03  1.95e+01 -1.00e+05
2015 10 26  0845   57321  31500   1.61e+00  2.37e-01  1.36e-01  9.33e-02  8.43e-02  6.60e-02  2.95e+03  1.80e+01 -1.00e+05
2015 10 26  0850   57321  31800   1.26e+00  1.45e-01  1.20e-01  7.94e-02  4.32e-02  1.95e-02  2.85e+03  1.90e+01 -1.00e+05
2015 10 26  0855   57321  32100   1.21e+00  1.11e-01  8.62e-02  4.68e-02  3.78e-02  1.95e-02  3.01e+03  2.20e+01 -1.00e+05
2015 10 26  0900   57321  32400   8.72e-01  1.11e-01  8.62e-02  4.68e-02  3.78e-02  1.95e-02  3.22e+03  2.62e+01 -1.00e+05
2015 10 26  0905   57321  32700   1.22e+00  1.20e-01  9.49e-02  5.52e-02  3.97e-02  1.95e-02  3.17e+03  2.35e+01 -1.00e+05
2015 10 26  0910   57321  33000   1.30e+00  1.64e-01  1.39e-01  6.86e-02  5.95e-02  4.12e-02  3.37e+03  2.47e+01 -1.00e+05
2015 10 26  0915   57321  33300   1.41e+00  1.71e-01  1.46e-01  1.06e-01  8.00e-02  3.15e-02  3.33e+03  2.28e+01 -1.00e+05
2015 10 26  0920   57321  33600   1.34e+00  1.55e-01  1.29e-01  5.12e-02  4.22e-02  2.39e-02  3.35e+03  2.49e+01 -1.00e+05
2015 10 26  0925   57321  33900   1.28e+00  1.55e-01  1.30e-01  9.05e-02  8.14e-02  3.35e-02  3.53e+03  2.38e+01 -1.00e+05
2015 10 26  0930   57321  34200   1.39e+00  1.71e-01  1.46e-01  1.06e-01  7.52e-02  2.95e-02  3.46e+03  2.34e+01 -1.00e+05
2015 10 26  0935   57321  34500   1.04e+00  1.11e-01  8.62e-02  4.68e-02  3.78e-02  1.95e-02  3.59e+03  2.85e+01 -1.00e+05
2015 10 26  0940   57321  34800   1.22e+00  1.11e-01  8.62e-02  4.68e-02  3.78e-02  1.95e-02  3.58e+03  2.87e+01 -1.00e+05
2015 10 26  0945   57321  35100   1.44e+00  1.93e-01  1.68e-01  8.80e-02  4.70e-02  1.95e-02  3.70e+03  2.71e+01 -1.00e+05
2015 10 26  0950   57321  35400   1.27e+00  1.49e-01  1.24e-01  8.42e-02  7.52e-02  3.15e-02  3.63e+03  2.89e+01 -1.00e+05
2015 10 26  0955   57321  35700   2.51e+00  2.55e-01  1.36e-01  9.32e-02  6.75e-02  2.75e-02  3.54e+03  2.46e+01 -1.00e+05
2015 10 26  1000   57321  36000   1.45e+00  1.11e-01  8.62e-02  4.68e-02  3.78e-02  1.95e-02  3.42e+03  2.75e+01 -1.00e+05
2015 10 26  1005   57321  36300   1.67e+00  3.31e-01  2.38e-01  7.03e-02  5.22e-02  3.13e-02  3.25e+03  2.68e+01 -1.00e+05
2015 10 26  1010   57321  36600   1.48e+00  1.24e-01  9.85e-02  5.91e-02  5.01e-02  2.35e-02  3.31e+03  2.27e+01 -1.00e+05
2015 10 26  1015   57321  36900   1.10e+00  1.57e-01  1.32e-01  9.18e-02  5.90e-02  3.38e-02  3.17e+03  2.35e+01 -1.00e+05
2015 10 26  1020   57321  37200   2.08e+00  2.09e-01  1.06e-01  6.36e-02  5.46e-02  3.63e-02  3.47e+03  2.67e+01 -1.00e+05
2015 10 26  1025   57321  37500   1.79e+00  1.35e-01  8.98e-02  4.68e-02  3.78e-02  1.95e-02  3.52e+03  3.01e+01 -1.00e+05
2015 10 26  1030   57321  37800   1.43e+00  1.11e-01  8.62e-02  4.68e-02  3.78e-02  1.95e-02  3.33e+03  2.90e+01 -1.00e+05
2015 10 26  1035   57321  38100   1.29e+00  1.76e-01  1.51e-01  7.10e-02  6.20e-02  4.37e-02  3.63e+03  2.83e+01 -1.00e+05
2015 10 26  1040   57321  38400   2.63e+00  2.64e-01  8.88e-02  4.68e-02  3.78e-02  1.95e-02  3.69e+03  2.99e+01 -1.00e+05
2015 10 26  1045   57321  38700   1.51e+00  1.67e-01  1.24e-01  8.10e-02  7.19e-02  5.36e-02  3.87e+03  3.31e+01 -1.00e+05
2015 10 26  1050   57321  39000   1.48e+00  1.36e-01  1.00e-01  5.91e-02  5.01e-02  2.35e-02  3.91e+03  3.09e+01 -1.00e+05
2015 10 26  1055   57321  39300   1.57e+00  1.35e-01  8.98e-02  4.68e-02  3.78e-02  1.95e-02  3.97e+03  3.45e+01 -1.00e+05
2015 10 26  1100   57321  39600   2.87e+00  3.30e-01  1.56e-01  8.20e-02  7.30e-02  5.47e-02  4.08e+03  3.20e+01 -1.00e+05
2015 10 26  1105   57321  39900   1.43e+00  1.23e-01  9.80e-02  5.87e-02  4.96e-02  3.13e-02  4.07e+03  3.46e+01 -1.00e+05
2015 10 26  1110   57321  40200   1.53e+00  2.29e-01  2.04e-01  4.68e-02  3.78e-02  1.95e-02  4.07e+03  3.69e+01 -1.00e+05
2015 10 26  1115   57321  40500   1.51e+00  1.13e-01  8.81e-02  4.87e-02  3.82e-02  1.95e-02  4.09e+03  3.52e+01 -1.00e+05
2015 10 26  1120   57321  40800   1.57e+00  1.18e-01  9.31e-02  5.37e-02  4.46e-02  2.64e-02  4.09e+03  3.61e+01 -1.00e+05
2015 10 26  1125   57321  41100   2.23e+00  2.35e-01  1.39e-01  9.70e-02  8.79e-02  5.88e-02  4.13e+03  3.26e+01 -1.00e+05
2015 10 26  1130   57321  41400   1.45e+00  1.11e-01  8.62e-02  4.68e-02  3.78e-02  1.95e-02  4.12e+03  3.62e+01 -1.00e+05
2015 10 26  1135   57321  41700   2.17e+00  1.93e-01  8.90e-02  4.68e-02  3.78e-02  1.95e-02  4.24e+03  3.62e+01 -1.00e+05
2015 10 26  1140   57321  42000   1.78e+00  2.49e-01  2.24e-01  7.09e-02  6.00e-02  4.12e-02  4.23e+03  3.74e+01 -1.00e+05
2015 10 26  1145   57321  42300   1.35e+00  1.68e-01  1.43e-01  1.03e-01  7.99e-02  5.66e-02  4.39e+03  3.59e+01 -1.00e+05
2015 10 26  1150   57321  42600   1.42e+00  1.58e-01  1.33e-01  9.29e-02  7.23e-02  2.95e-02  4.48e+03  4.03e+01 -1.00e+05
2015 10 26  1155   57321  42900   1.57e+00  1.75e-01  1.50e-01  1.11e-01  1.02e-01  4.47e-02  4.62e+03  4.09e+01 -1.00e+05
2015 10 26  1200   57321  43200   1.64e+00  2.19e-01  1.94e-01  1.53e-01  9.24e-02  3.15e-02  4.64e+03  4.03e+01 -1.00e+05
2015 10 26  1205   57321  43500   1.57e+00  1.32e-01  1.07e-01  6.73e-02  5.68e-02  2.55e-02  4.72e+03  4.22e+01 -1.00e+05
2015 10 26  1210   57321  43800   2.65e+00  3.46e-01  1.60e-01  6.97e-02  4.44e-02  2.14e-02  4.75e+03  4.56e+01 -1.00e+05
2015 10 26  1215   57321  44100   3.05e+00  4.27e-01  2.31e-01  9.07e-02  7.98e-02  4.76e-02  4.86e+03  4.37e+01 -1.00e+05
2015 10 26  1220   57321  44400   2.21e+00  1.94e-01  1.20e-01  7.17e-02  6.26e-02  2.75e-02  4.97e+03  4.94e+01 -1.00e+05
2015 10 26  1225   57321  44700   1.52e+00  1.51e-01  1.26e-01  4.68e-02  3.78e-02  1.95e-02  4.96e+03  5.27e+01 -1.00e+05
2015 10 26  1230   57321  45000   1.89e+00  1.87e-01  1.62e-01  8.15e-02  4.56e-02  1.95e-02  5.10e+03  5.25e+01 -1.00e+05
2015 10 26  1235   57321  45300   3.70e+00  2.57e-01  1.14e-01  7.17e-02  6.26e-02  2.75e-02  5.20e+03  5.01e+01 -1.00e+05
2015 10 26  1240   57321  45600   1.97e+00  1.56e-01  1.31e-01  9.12e-02  7.23e-02  5.11e-02  5.23e+03  4.97e+01 -1.00e+05
2015 10 26  1245   57321  45900   1.76e+00  1.21e-01  9.55e-02  5.62e-02  4.71e-02  2.89e-02  5.25e+03  5.79e+01 -1.00e+05
2015 10 26  1250   57321  46200   1.82e+00  1.95e-01  1.70e-01  9.20e-02  5.51e-02  3.13e-02  5.22e+03  5.28e+01 -1.00e+05
2015 10 26  1255   57321  46500   3.81e+00  4.93e-01  2.73e-01  9.00e-02  5.67e-02  3.13e-02  5.28e+03  5.03e+01 -1.00e+05
2015 10 26  1300   57321  46800   1.98e+00  1.42e-01  1.17e-01  7.80e-02  6.89e-02  2.95e-02  5.41e+03  5.60e+01 -1.00e+05
2015 10 26  1305   57321  47100   2.69e+00  1.92e-01  9.86e-02  4.68e-02  3.78e-02  1.95e-02  5.32e+03  5.31e+01 -1.00e+05
2015 10 26  1310   57321  47400   1.90e+00  1.11e-01  8.62e-02  4.68e-02  3.78e-02  1.95e-02  5.34e+03  5.40e+01 -1.00e+05
2015 10 26  1315   57321  47700   3.05e+00  1.92e-01  9.86e-02  4.68e-02  3.78e-02  1.95e-02  5.24e+03  5.71e+01 -1.00e+05
2015 10 26  1320   57321  48000   2.04e+00  1.55e-01  1.30e-01  9.09e-02  8.18e-02  6.35e-02  5.45e+03  5.13e+01 -1.00e+05
2015 10 26  1325   57321  48300   2.02e+00  1.45e-01  1.20e-01  8.10e-02  7.19e-02  5.36e-02  5.41e+03  5.51e+01 -1.00e+05
2015 10 26  1330   57321  48600   2.31e+00  1.69e-01  1.24e-01  7.94e-02  4.32e-02  1.95e-02  5.49e+03  5.01e+01 -1.00e+05
2015 10 26  1335   57321  48900   1.85e+00  1.58e-01  1.33e-01  9.29e-02  7.23e-02  2.95e-02  5.47e+03  5.09e+01 -1.00e+05
2015 10 26  1340   57321  49200   2.40e+00  3.12e-01  2.87e-01  7.78e-02  4.32e-02  1.95e-02  5.27e+03  5.33e+01 -1.00e+05
2015 10 26  1345   57321  49500   2.48e+00  1.44e-01  1.08e-01  6.72e-02  5.81e-02  3.24e-02  5.35e+03  5.16e+01 -1.00e+05
2015 10 26  1350   57321  49800   2.08e+00  1.18e-01  9.31e-02  5.37e-02  4.46e-02  2.64e-02  5.22e+03  5.20e+01 -1.00e+05
2015 10 26  1355   57321  50100   2.50e+00  1.85e-01  1.60e-01  8.58e-02  6.53e-02  4.37e-02  5.52e+03  5.72e+01 -1.00e+05
2015 10 26  1400   57321  50400   6.04e+00  5.02e-01  1.66e-01  7.49e-02  4.41e-02  1.95e-02  5.51e+03  5.77e+01 -1.00e+05
2015 10 26  1405   57321  50700   2.30e+00  1.97e-01  1.72e-01  1.31e-01  9.55e-02  3.55e-02  5.49e+03  5.52e+01 -1.00e+05
2015 10 26  1410   57321  51000   2.22e+00  1.11e-01  8.62e-02  4.68e-02  3.78e-02  1.95e-02  5.53e+03  5.89e+01 -1.00e+05
2015 10 26  1415   57321  51300   2.55e+00  1.49e-01  1.24e-01  8.42e-02  7.52e-02  3.15e-02  5.76e+03  6.44e+01 -1.00e+05
2015 10 26  1420   57321  51600   3.97e+00  1.93e-01  8.90e-02  4.68e-02  3.78e-02  1.95e-02  6.01e+03  6.45e+01 -1.00e+05
2015 10 26  1425   57321  51900   2.50e+00  1.51e-01  1.26e-01  4.68e-02  3.78e-02  1.95e-02  5.85e+03  6.73e+01 -1.00e+05
2015 10 26  1430   57321  52200   2.61e+00  1.36e-01  1.11e-01  7.17e-02  6.26e-02  2.75e-02  6.11e+03  6.92e+01 -1.00e+05
2015 10 26  1435   57321  52500   2.66e+00  1.11e-01  8.62e-02  4.68e-02  3.78e-02  1.95e-02  5.87e+03  6.39e+01 -1.00e+05
2015 10 26  1440   57321  52800   2.77e+00  2.29e-01  2.04e-01  4.68e-02  3.78e-02  1.95e-02  6.01e+03  6.43e+01 -1.00e+05
2015 10 26  1445   57321  53100   2.49e+00  1.21e-01  9.55e-02  5.62e-02  4.71e-02  2.89e-02  5.86e+03  6.73e+01 -1.00e+05
2015 10 26  1450   57321  53400   3.16e+00  1.75e-01  1.30e-01  4.68e-02  3.78e-02  1.95e-02  6.09e+03  6.81e+01 -1.00e+05
2015 10 26  1455   57321  53700   2.63e+00  1.72e-01  1.47e-01  9.07e-02  8.16e-02  5.68e-02  6.25e+03  6.60e+01 -1.00e+05
2015 10 26  1500   57321  54000   2.76e+00  1.11e-01  8.62e-02  4.68e-02  3.78e-02  1.95e-02  6.16e+03  6.81e+01 -1.00e+05
2015 10 26  1505   57321  54300   2.76e+00  1.65e-01  1.40e-01  7.26e-02  6.35e-02  4.52e-02  6.24e+03  6.84e+01 -1.00e+05
2015 10 26  1510   57321  54600   2.94e+00  2.81e-01  2.56e-01  1.43e-01  1.18e-01  4.36e-02  6.26e+03  6.93e+01 -1.00e+05
2015 10 26  1515   57321  54900   4.03e+00  2.02e-01  1.18e-01  6.76e-02  5.20e-02  2.35e-02  6.32e+03  6.83e+01 -1.00e+05
2015 10 26  1520   57321  55200   3.73e+00  2.09e-01  1.30e-01  8.04e-02  5.97e-02  2.55e-02  6.49e+03  7.45e+01 -1.00e+05
2015 10 26  1525   57321  55500   2.91e+00  2.36e-01  2.10e-01  7.30e-02  5.94e-02  3.24e-02  6.49e+03  7.61e+01 -1.00e+05
2015 10 26  1530   57321  55800   3.22e+00  1.28e-01  1.03e-01  6.38e-02  5.08e-02  3.13e-02  6.70e+03  7.83e+01 -1.00e+05
2015 10 26  1535   57321  56100   4.93e+00  2.52e-01  1.58e-01  4.68e-02  3.78e-02  1.95e-02  6.78e+03  8.81e+01 -1.00e+05
2015 10 26  1540   57321  56400   2.96e+00  1.13e-01  8.81e-02  4.87e-02  3.82e-02  1.95e-02  6.84e+03  8.08e+01 -1.00e+05
2015 10 26  1545   57321  56700   3.27e+00  1.13e-01  8.81e-02  4.88e-02  3.97e-02  2.14e-02  6.83e+03  7.87e+01 -1.00e+05
2015 10 26  1550   57321  57000   4.04e+00  1.35e-01  8.98e-02  4.68e-02  3.78e-02  1.95e-02  6.87e+03  8.21e+01 -1.00e+05
2015 10 26  1555   57321  57300   5.60e+00  1.95e-01  9.10e-02  4.88e-02  3.97e-02  2.14e-02  6.90e+03  8.89e+01 -1.00e+05
2015 10 26  1600   57321  57600   5.59e+00  2.63e-01  1.37e-01  4.68e-02  3.78e-02  1.95e-02  6.69e+03  8.28e+01 -1.00e+05
2015 10 26  1605   57321  57900   3.43e+00  1.13e-01  8.81e-02  4.87e-02  3.82e-02  1.95e-02  6.89e+03  7.97e+01 -1.00e+05
2015 10 26  1610   57321  58200   3.31e+00  1.67e-01  1.42e-01  1.02e-01  8.62e-02  6.60e-02  6.74e+03  8.05e+01 -1.00e+05
2015 10 26  1615   57321  58500   3.05e+00  1.11e-01  8.62e-02  4.68e-02  3.78e-02  1.95e-02  6.74e+03  8.45e+01 -1.00e+05
2015 10 26  1620   57321  58800   3.43e+00  2.36e-01  2.11e-01  5.62e-02  4.71e-02  2.89e-02  7.08e+03  8.58e+01 -1.00e+05
2015 10 26  1625   57321  59100   3.23e+00  1.13e-01  8.81e-02  4.88e-02  3.97e-02  2.14e-02  7.11e+03  8.70e+01 -1.00e+05
2015 10 26  1630   57321  59400   3.55e+00  1.55e-01  1.30e-01  9.09e-02  8.18e-02  6.35e-02  7.16e+03  8.81e+01 -1.00e+05
2015 10 26  1635   57321  59700   3.61e+00  1.70e-01  1.45e-01  6.68e-02  4.76e-02  2.64e-02  7.36e+03  9.19e+01 -1.00e+05
2015 10 26  1640   57321  60000   3.56e+00  1.27e-01  1.02e-01  6.18e-02  4.11e-02  1.95e-02  7.36e+03  9.11e+01 -1.00e+05
2015 10 26  1645   57321  60300   3.67e+00  1.51e-01  1.26e-01  4.68e-02  3.78e-02  1.95e-02  7.48e+03  9.68e+01 -1.00e+05
2015 10 26  1650   57321  60600   3.75e+00  1.11e-01  8.62e-02  4.68e-02  3.78e-02  1.95e-02  7.51e+03  9.58e+01 -1.00e+05
2015 10 26  1655   57321  60900   4.16e+00  1.90e-01  1.46e-01  6.86e-02  5.95e-02  4.12e-02  7.54e+03  9.49e+01 -1.00e+05
2015 10 26  1700   57321  61200   4.01e+00  1.42e-01  1.17e-01  7.80e-02  6.89e-02  2.95e-02  7.62e+03  1.01e+02 -1.00e+05
2015 10 26  1705   57321  61500   4.17e+00  1.97e-01  1.54e-01  7.85e-02  6.94e-02  5.11e-02  7.62e+03  9.87e+01 -1.00e+05
2015 10 26  1710   57321  61800   4.42e+00  1.96e-01  1.47e-01  1.03e-01  9.40e-02  3.76e-02  7.74e+03  9.77e+01 -1.00e+05
2015 10 26  1715   57321  62100   3.92e+00  2.29e-01  2.04e-01  4.68e-02  3.78e-02  1.95e-02  7.81e+03  1.04e+02 -1.00e+05
2015 10 26  1720   57321  62400   5.39e+00  1.92e-01  9.86e-02  4.68e-02  3.78e-02  1.95e-02  7.81e+03  1.09e+02 -1.00e+05
2015 10 26  1725   57321  62700   4.56e+00  2.69e-01  2.27e-01  7.42e-02  4.89e-02  2.29e-02  7.83e+03  1.08e+02 -1.00e+05
2015 10 26  1730   57321  63000   4.12e+00  1.11e-01  8.62e-02  4.68e-02  3.78e-02  1.95e-02  7.83e+03  1.07e+02 -1.00e+05
2015 10 26  1735   57321  63300   3.95e+00  2.20e-01  1.95e-01  1.54e-01  1.15e-01  6.11e-02  7.89e+03  1.05e+02 -1.00e+05
2015 10 26  1740   57321  63600   4.02e+00  1.11e-01  8.62e-02  4.68e-02  3.78e-02  1.95e-02  7.85e+03  1.04e+02 -1.00e+05
2015 10 26  1745   57321  63900   5.60e+00  1.92e-01  9.86e-02  4.68e-02  3.78e-02  1.95e-02  7.99e+03  1.08e+02 -1.00e+05
2015 10 26  1750   57321  64200   3.80e+00  1.11e-01  8.62e-02  4.68e-02  3.78e-02  1.95e-02  7.94e+03  1.05e+02 -1.00e+05
2015 10 26  1755   57321  64500   3.86e+00  1.11e-01  8.62e-02  4.68e-02  3.78e-02  1.95e-02  7.96e+03  1.14e+02 -1.00e+05
2015 10 26  1800   57321  64800   3.82e+00  1.24e-01  9.85e-02  5.91e-02  5.01e-02  2.35e-02  7.97e+03  1.07e+02 -1.00e+05
2015 10 26  1805   57321  65100   4.76e+00  1.64e-01  1.19e-01  7.49e-02  4.41e-02  1.95e-02  8.11e+03  1.12e+02 -1.00e+05
2015 10 26  1810   57321  65400   3.90e+00  1.43e-01  1.18e-01  4.68e-02  3.78e-02  1.95e-02  8.08e+03  1.15e+02 -1.00e+05
2015 10 26  1815   57321  65700   4.11e+00  1.82e-01  1.57e-01  8.05e-02  5.83e-02  3.63e-02  8.06e+03  1.10e+02 -1.00e+05
2015 10 26  1820   57321  66000   3.91e+00  1.45e-01  1.20e-01  8.10e-02  7.19e-02  5.36e-02  8.17e+03  1.16e+02 -1.00e+05
2015 10 26  1825   57321  66300   4.27e+00  1.27e-01  1.02e-01  6.18e-02  4.11e-02  1.95e-02  8.15e+03  1.13e+02 -1.00e+05
2015 10 26  1830   57321  66600   4.19e+00  1.85e-01  1.60e-01  7.94e-02  4.32e-02  1.95e-02  8.17e+03  1.18e+02 -1.00e+05
2015 10 26  1835   57321  66900   4.10e+00  1.30e-01  1.05e-01  6.56e-02  5.31e-02  3.38e-02  8.18e+03  1.13e+02 -1.00e+05
2015 10 26  1840   57321  67200   3.92e+00  1.86e-01  1.61e-01  5.52e-02  3.97e-02  1.95e-02  8.16e+03  1.12e+02 -1.00e+05
2015 10 26  1845   57321  67500   4.09e+00  1.83e-01  1.57e-01  1.18e-01  1.09e-01  7.40e-02  8.17e+03  1.12e+02 -1.00e+05
2015 10 26  1850   57321  67800   4.74e+00  1.37e-01  9.17e-02  4.87e-02  3.82e-02  1.95e-02  8.17e+03  1.18e+02 -1.00e+05
2015 10 26  1855   57321  68100   4.01e+00  1.88e-01  1.63e-01  9.33e-02  8.43e-02  6.60e-02  8.18e+03  1.14e+02 -1.00e+05
2015 10 26  1900   57321  68400   4.18e+00  1.43e-01  1.18e-01  7.85e-02  6.94e-02  5.11e-02  8.20e+03  1.25e+02 -1.00e+05
2015 10 26  1905   57321  68700   5.74e+00  1.94e-01  1.00e-01  4.88e-02  3.97e-02  2.14e-02  8.16e+03  1.17e+02 -1.00e+05
2015 10 26  1910   57321  69000   4.08e+00  1.50e-01  1.25e-01  8.59e-02  7.68e-02  5.86e-02  8.27e+03  1.22e+02 -1.00e+05
2015 10 26  1915   57321  69300   4.06e+00  1.21e-01  9.55e-02  5.62e-02  4.71e-02  2.89e-02  8.28e+03  1.21e+02 -1.00e+05
2015 10 26  1920   57321  69600   4.25e+00  1.11e-01  8.62e-02  4.68e-02  3.78e-02  1.95e-02  8.32e+03  1.24e+02 -1.00e+05
2015 10 26  1925   57321  69900   4.26e+00  1.67e-01  1.42e-01  1.03e-01  9.40e-02  3.76e-02  8.38e+03  1.24e+02 -1.00e+05
2015 10 26  1930   57321  70200   4.40e+00  1.73e-01  1.48e-01  5.52e-02  3.97e-02  1.95e-02  8.50e+03  1.27e+02 -1.00e+05
2015 10 26  1935   57321  70500   7.10e+00  2.35e-01  1.31e-01  8.71e-02  4.32e-02  1.95e-02  8.55e+03  1.25e+02 -1.00e+05
2015 10 26  1940   57321  70800   5.55e+00  1.88e-01  1.44e-01  6.38e-02  5.08e-02  3.13e-02  8.55e+03  1.32e+02 -1.00e+05
2015 10 26  1945   57321  71100   4.47e+00  1.11e-01  8.62e-02  4.68e-02  3.78e-02  1.95e-02  8.66e+03  1.31e+02 -1.00e+05
2015 10 26  1950   57321  71400   5.22e+00  1.51e-01  1.06e-01  6.36e-02  5.46e-02  3.63e-02  8.42e+03  1.25e+02 -1.00e+05
2015 10 26  1955   57321  71700   4.93e+00  1.39e-01  1.14e-01  7.45e-02  6.47e-02  4.62e-02  8.72e+03  1.23e+02 -1.00e+05
2015 10 26  2000   57321  72000   4.80e+00  1.40e-01  1.15e-01  7.49e-02  4.41e-02  1.95e-02  8.83e+03  1.29e+02 -1.00e+05
2015 10 26  2005   57321  72300   8.84e+00  2.18e-01  8.90e-02  4.68e-02  3.78e-02  1.95e-02  8.79e+03  1.38e+02 -1.00e+05
2015 10 26  2010   57321  72600   5.16e+00  1.48e-01  1.23e-01  8.23e-02  4.32e-02  1.95e-02  8.91e+03  1.34e+02 -1.00e+05
2015 10 26  2015   57321  72900   7.83e+00  1.92e-01  9.86e-02  4.68e-02  3.78e-02  1.95e-02  8.91e+03  1.39e+02 -1.00e+05
2015 10 26  2020   57321  73200   9.00e+00  2.40e-01  1.11e-01  6.83e-02  4.26e-02  1.95e-02  9.03e+03  1.43e+02 -1.00e+05
2015 10 26  2025   57321  73500   4.62e+00  1.43e-01  1.18e-01  4.68e-02  3.78e-02  1.95e-02  8.93e+03  1.44e+02 -1.00e+05
2015 10 26  2030   57321  73800   8.77e+00  2.18e-01  8.90e-02  4.68e-02  3.78e-02  1.95e-02  8.91e+03  1.47e+02 -1.00e+05
2015 10 26  2035   57321  74100   7.75e+00  2.04e-01  1.01e-01  5.87e-02  4.96e-02  3.13e-02  8.91e+03  1.40e+02 -1.00e+05
2015 10 26  2040   57321  74400   5.74e+00  1.37e-01  9.17e-02  4.87e-02  3.82e-02  1.95e-02  8.92e+03  1.40e+02 -1.00e+05
2015 10 26  2045   57321  74700   6.79e+00  2.71e-01  1.80e-01  1.28e-01  9.21e-02  6.60e-02  8.88e+03  1.34e+02 -1.00e+05
2015 10 26  2050   57321  75000   7.81e+00  3.95e-01  2.48e-01  7.10e-02  6.20e-02  4.37e-02  8.76e+03  1.35e+02 -1.00e+05
2015 10 26  2055   57321  75300   7.53e+00  3.86e-01  2.04e-01  5.29e-02  4.38e-02  2.14e-02  8.87e+03  1.39e+02 -1.00e+05
2015 10 26  2100   57321  75600   5.03e+00  1.77e-01  1.52e-01  1.12e-01  9.11e-02  3.55e-02  8.89e+03  1.39e+02 -1.00e+05
2015 10 26  2105   57321  75900   4.94e+00  1.53e-01  1.28e-01  4.68e-02  3.78e-02  1.95e-02  8.91e+03  1.46e+02 -1.00e+05
2015 10 26  2110   57321  76200   8.28e+00  2.63e-01  1.37e-01  4.68e-02  3.78e-02  1.95e-02  8.92e+03  1.49e+02 -1.00e+05
2015 10 26  2115   57321  76500   4.88e+00  1.43e-01  1.18e-01  4.68e-02  3.78e-02  1.95e-02  8.91e+03  1.49e+02 -1.00e+05
2015 10 26  2120   57321  76800   4.89e+00  1.61e-01  1.36e-01  6.58e-02  5.67e-02  3.85e-02  8.90e+03  1.41e+02 -1.00e+05
2015 10 26  2125   57321  77100   4.57e+00  1.61e-01  1.36e-01  6.61e-02  5.70e-02  3.88e-02  8.79e+03  1.43e+02 -1.00e+05
2015 10 26  2130   57321  77400   4.61e+00  1.39e-01  1.14e-01  6.54e-02  5.64e-02  2.55e-02  8.78e+03  1.38e+02 -1.00e+05
2015 10 26  2135   57321  77700   6.65e+00  1.93e-01  1.09e-01  5.91e-02  5.01e-02  2.35e-02  8.66e+03  1.42e+02 -1.00e+05
2015 10 26  2140   57321  78000   4.46e+00  1.11e-01  8.62e-02  4.68e-02  3.78e-02  1.95e-02  8.68e+03  1.49e+02 -1.00e+05
2015 10 26  2145   57321  78300   4.77e+00  1.11e-01  8.62e-02  4.68e-02  3.78e-02  1.95e-02  8.64e+03  1.53e+02 -1.00e+05
2015 10 26  2150   57321  78600   4.55e+00  2.45e-01  2.20e-01  9.24e-02  6.87e-02  3.44e-02  8.72e+03  1.55e+02 -1.00e+05
2015 10 26  2155   57321  78900   7.12e+00  1.92e-01  9.86e-02  4.68e-02  3.78e-02  1.95e-02  8.56e+03  1.51e+02 -1.00e+05
2015 10 26  2200   57321  79200   4.60e+00  1.11e-01  8.62e-02  4.68e-02  3.78e-02  1.95e-02  8.54e+03  1.57e+02 -1.00e+05
2015 10 26  2205   57321  79500   5.11e+00  1.58e-01  1.33e-01  9.32e-02  6.75e-02  2.75e-02  8.63e+03  1.50e+02 -1.00e+05
2015 10 26  2210   57321  79800   4.49e+00  1.56e-01  1.31e-01  9.13e-02  8.23e-02  3.68e-02  8.60e+03  1.52e+02 -1.00e+05
2015 10 26  2215   57321  80100   6.43e+00  2.97e-01  2.05e-01  8.76e-02  6.76e-02  4.62e-02  8.52e+03  1.64e+02 -1.00e+05
2015 10 26  2220   57321  80400   4.48e+00  1.43e-01  1.18e-01  4.68e-02  3.78e-02  1.95e-02  8.50e+03  1.55e+02 -1.00e+05
2015 10 26  2225   57321  80700   4.47e+00  1.11e-01  8.62e-02  4.68e-02  3.78e-02  1.95e-02  8.50e+03  1.65e+02 -1.00e+05
2015 10 26  2230   57321  81000   8.46e+00  2.57e-01  1.04e-01  6.18e-02  4.11e-02  1.95e-02  8.50e+03  1.53e+02 -1.00e+05
2015 10 26  2235   57321  81300   5.14e+00  1.63e-01  1.19e-01  7.57e-02  5.92e-02  3.88e-02  8.48e+03  1.55e+02 -1.00e+05
2015 10 26  2240   57321  81600   4.39e+00  2.44e-01  2.19e-01  6.18e-02  4.11e-02  1.95e-02  8.51e+03  1.58e+02 -1.00e+05
2015 10 26  2245   57321  81900   4.41e+00  1.20e-01  9.49e-02  5.52e-02  3.97e-02  1.95e-02  8.48e+03  1.53e+02 -1.00e+05
2015 10 26  2250   57321  82200   4.18e+00  1.87e-01  1.62e-01  1.22e-01  9.06e-02  6.60e-02  8.49e+03  1.55e+02 -1.00e+05
2015 10 26  2255   57321  82500   4.19e+00  2.29e-01  2.04e-01  4.68e-02  3.78e-02  1.95e-02  8.44e+03  1.57e+02 -1.00e+05
2015 10 26  2300   57321  82800   4.01e+00  1.33e-01  1.08e-01  6.78e-02  4.72e-02  2.14e-02  8.40e+03  1.62e+02 -1.00e+05
2015 10 26  2305   57321  83100   4.46e+00  1.17e-01  9.22e-02  5.29e-02  4.38e-02  2.14e-02  8.31e+03  1.53e+02 -1.00e+05
2015 10 26  2310   57321  83400   4.13e+00  1.53e-01  1.28e-01  8.75e-02  5.16e-02  2.14e-02  8.44e+03  1.47e+02 -1.00e+05
2015 10 26  2315   57321  83700   8.58e+00  2.66e-01  9.07e-02  4.87e-02  3.82e-02  1.95e-02  8.29e+03  1.54e+02 -1.00e+05
2015 10 26  2320   57321  84000   7.51e+00  2.37e-01  1.08e-01  6.61e-02  5.70e-02  3.88e-02  8.22e+03  1.52e+02 -1.00e+05
2015 10 26  2325   57321  84300   4.13e+00  2.68e-01  2.43e-01  8.88e-02  6.21e-02  3.88e-02  8.27e+03  1.45e+02 -1.00e+05
2015 10 26  2330   57321  84600   5.55e+00  2.06e-01  1.13e-01  6.11e-02  5.21e-02  3.38e-02  8.15e+03  1.52e+02 -1.00e+05
2015 10 26  2335   57321  84900   3.53e+00  1.78e-01  1.52e-01  6.13e-02  4.57e-02  2.14e-02  8.16e+03  1.48e+02 -1.00e+05
2015 10 26  2340   57321  85200   5.26e+00  2.21e-01  1.42e-01  6.54e-02  5.64e-02  2.55e-02  8.15e+03  1.45e+02 -1.00e+05
2015 10 26  2345   57321  85500   7.37e+00  4.93e-01  2.74e-01  9.18e-02  5.90e-02  3.38e-02  8.01e+03  1.50e+02 -1.00e+05
2015 10 26  2350   57321  85800   3.60e+00  2.25e-01  2.00e-01  5.29e-02  4.38e-02  2.14e-02  8.08e+03  1.43e+02 -1.00e+05
2015 10 26  2355   57321  86100   3.80e+00  1.58e-01  1.33e-01  6.63e-02  5.72e-02  2.87e-02  8.07e+03  1.39e+02 -1.00e+05
