:Data_list: 20151118_Gs_part_5m.txt
:Created: 2015 Nov 19 0011 UTC
# Prepared by the U.S. Dept. of Commerce, NOAA, Space Weather Prediction Center
# Please send comments and suggestions to SWPC.Webmaster@noaa.gov 
# 
# Label: P > 1 = Particles at >1 Mev
# Label: P > 5 = Particles at >5 Mev
# Label: P >10 = Particles at >10 Mev
# Label: P >30 = Particles at >30 Mev
# Label: P >50 = Particles at >50 Mev
# Label: P>100 = Particles at >100 Mev
# Label: E>0.8 = Electrons at >0.8 Mev
# Label: E>2.0 = Electrons at >2.0 Mev
# Label: E>4.0 = Electrons at >4.0 Mev
# Units: Particles = Protons/cm2-s-sr
# Units: Electrons = Electrons/cm2-s-sr
# Source: GOES-15
# Location: W135
# Missing data: -1.00e+05
#
#                      5-minute  GOES-15 Solar Particle and Electron Flux
#
#                 Modified Seconds
# UTC Date  Time   Julian  of the
# YR MO DA  HHMM    Day     Day     P > 1     P > 5     P >10     P >30     P >50     P>100     E>0.8     E>2.0     E>4.0
#-------------------------------------------------------------------------------------------------------------------------
2015 11 18  0000   57344      0   7.44e+00  2.83e-01  1.86e-01  7.64e-02  5.98e-02  3.96e-02  2.33e+04  2.93e+02 -1.00e+05
2015 11 18  0005   57344    300   4.82e+00  1.70e-01  1.45e-01  1.06e-01  9.70e-02  4.39e-02  2.33e+04  2.86e+02 -1.00e+05
2015 11 18  0010   57344    600   4.96e+00  2.51e-01  2.27e-01  7.54e-02  6.64e-02  4.84e-02  2.29e+04  2.69e+02 -1.00e+05
2015 11 18  0015   57344    900   9.57e+00  4.17e-01  2.39e-01  1.96e-01  1.19e-01  3.78e-02  2.22e+04  2.62e+02 -1.00e+05
2015 11 18  0020   57344   1200   4.76e+00  2.31e-01  2.06e-01  4.59e-02  3.69e-02  1.90e-02  2.20e+04  2.66e+02 -1.00e+05
2015 11 18  0025   57344   1500   4.64e+00  1.10e-01  8.49e-02  4.59e-02  3.69e-02  1.90e-02  2.20e+04  2.52e+02 -1.00e+05
2015 11 18  0030   57344   1800   4.74e+00  1.31e-01  1.06e-01  6.70e-02  5.80e-02  2.63e-02  2.20e+04  2.43e+02 -1.00e+05
2015 11 18  0035   57344   2100   5.57e+00  3.04e-01  2.53e-01  8.12e-02  4.48e-02  1.90e-02  2.14e+04  2.35e+02 -1.00e+05
2015 11 18  0040   57344   2400   8.60e+00  4.67e-01  2.01e-01  5.12e-02  3.84e-02  1.93e-02  2.08e+04  2.28e+02 -1.00e+05
2015 11 18  0045   57344   2700   6.40e+00  2.06e-01  1.08e-01  5.47e-02  4.54e-02  2.74e-02  2.04e+04  2.14e+02 -1.00e+05
2015 11 18  0050   57344   3000   7.47e+00  3.05e-01  1.53e-01  7.44e-02  6.14e-02  4.23e-02  1.98e+04  2.10e+02 -1.00e+05
2015 11 18  0055   57344   3300   4.02e+00  1.45e-01  1.20e-01  4.66e-02  3.73e-02  1.93e-02  1.97e+04  1.96e+02 -1.00e+05
2015 11 18  0100   57344   3600   6.77e+00  2.34e-01  1.10e-01  6.65e-02  5.72e-02  2.57e-02  1.88e+04  1.88e+02 -1.00e+05
2015 11 18  0105   57344   3900   4.63e+00  1.91e-01  1.42e-01  6.54e-02  4.98e-02  2.99e-02  1.88e+04  1.89e+02 -1.00e+05
2015 11 18  0110   57344   4200   3.97e+00  1.79e-01  1.54e-01  4.66e-02  3.73e-02  1.93e-02  1.88e+04  1.81e+02 -1.00e+05
2015 11 18  0115   57344   4500   4.31e+00  1.51e-01  1.27e-01  8.29e-02  7.36e-02  4.48e-02  1.88e+04  1.85e+02 -1.00e+05
2015 11 18  0120   57344   4800   7.58e+00  2.67e-01  1.20e-01  7.73e-02  6.46e-02  2.82e-02  1.84e+04  1.70e+02 -1.00e+05
2015 11 18  0125   57344   5100   6.68e+00  2.57e-01  1.31e-01  4.66e-02  3.73e-02  1.93e-02  1.78e+04  1.65e+02 -1.00e+05
2015 11 18  0130   57344   5400   8.66e+00  6.05e-01  3.54e-01  1.92e-01  1.18e-01  3.78e-02  1.78e+04  1.63e+02 -1.00e+05
2015 11 18  0135   57344   5700   5.60e+00  2.32e-01  1.54e-01  1.04e-01  7.04e-02  2.77e-02  1.78e+04  1.59e+02 -1.00e+05
2015 11 18  0140   57344   6000   6.52e+00  3.81e-01  2.30e-01  5.47e-02  4.54e-02  2.74e-02  1.75e+04  1.50e+02 -1.00e+05
2015 11 18  0145   57344   6300   5.71e+00  2.38e-01  1.40e-01  8.51e-02  5.07e-02  2.74e-02  1.67e+04  1.46e+02 -1.00e+05
2015 11 18  0150   57344   6600   3.82e+00  1.70e-01  1.45e-01  1.05e-01  9.57e-02  6.37e-02  1.68e+04  1.33e+02 -1.00e+05
2015 11 18  0155   57344   6900   3.93e+00  1.64e-01  1.39e-01  9.88e-02  8.61e-02  6.70e-02  1.67e+04  1.36e+02 -1.00e+05
2015 11 18  0200   57344   7200   5.80e+00  1.97e-01  8.98e-02  4.66e-02  3.73e-02  1.93e-02  1.62e+04  1.36e+02 -1.00e+05
2015 11 18  0205   57344   7500   7.35e+00  4.84e-01  2.33e-01  6.36e-02  5.43e-02  3.62e-02  1.60e+04  1.25e+02 -1.00e+05
2015 11 18  0210   57344   7800  -1.00e+05 -1.00e+05 -1.00e+05 -1.00e+05 -1.00e+05 -1.00e+05 -1.00e+05 -1.00e+05 -1.00e+05
2015 11 18  0215   57344   8100  -1.00e+05 -1.00e+05 -1.00e+05 -1.00e+05 -1.00e+05 -1.00e+05 -1.00e+05 -1.00e+05 -1.00e+05
2015 11 18  0220   57344   8400  -1.00e+05 -1.00e+05 -1.00e+05 -1.00e+05 -1.00e+05 -1.00e+05 -1.00e+05 -1.00e+05 -1.00e+05
2015 11 18  0225   57344   8700   4.61e+00  2.91e-01  2.04e-01  1.20e-01  1.01e-01  3.88e-02  1.57e+04  1.30e+02 -1.00e+05
2015 11 18  0230   57344   9000   5.77e+00  4.93e-01  2.40e-01  6.71e-02  5.78e-02  3.98e-02  1.52e+04  1.22e+02 -1.00e+05
2015 11 18  0235   57344   9300   4.90e+00  2.30e-01  9.85e-02  5.55e-02  4.62e-02  2.76e-02  1.45e+04  1.17e+02 -1.00e+05
2015 11 18  0240   57344   9600   2.63e+00  1.55e-01  1.30e-01  6.48e-02  4.76e-02  2.40e-02  1.43e+04  1.08e+02 -1.00e+05
2015 11 18  0245   57344   9900   2.67e+00  1.44e-01  1.19e-01  7.90e-02  6.97e-02  2.97e-02  1.43e+04  1.04e+02 -1.00e+05
2015 11 18  0250   57344  10200   4.78e+00  2.68e-01  8.95e-02  4.66e-02  3.73e-02  1.93e-02  1.37e+04  1.06e+02 -1.00e+05
2015 11 18  0255   57344  10500   3.89e+00  2.08e-01  1.02e-01  5.89e-02  4.83e-02  2.99e-02  1.32e+04  9.90e+01 -1.00e+05
2015 11 18  0300   57344  10800   3.61e+00  2.30e-01  1.16e-01  7.30e-02  6.37e-02  2.04e-02  1.27e+04  1.04e+02 -1.00e+05
2015 11 18  0305   57344  11100   3.67e+00  2.66e-01  1.10e-01  6.66e-02  4.43e-02  2.24e-02  1.29e+04  1.09e+02 -1.00e+05
2015 11 18  0310   57344  11400   3.57e+00  2.34e-01  1.37e-01  8.44e-02  7.52e-02  5.71e-02  1.10e+04  9.17e+01 -1.00e+05
2015 11 18  0315   57344  11700   2.49e+00  1.89e-01  1.64e-01  1.23e-01  7.96e-02  2.97e-02  1.19e+04  9.25e+01 -1.00e+05
2015 11 18  0320   57344  12000   2.52e+00  1.11e-01  8.67e-02  4.66e-02  3.73e-02  1.93e-02  1.10e+04  1.10e+02 -1.00e+05
2015 11 18  0325   57344  12300   5.21e+00  2.22e-01  8.97e-02  4.66e-02  3.73e-02  1.93e-02  1.09e+04  1.19e+02 -1.00e+05
2015 11 18  0330   57344  12600   4.58e+00  2.22e-01  8.97e-02  4.66e-02  3.73e-02  1.93e-02  1.14e+04  1.35e+02 -1.00e+05
2015 11 18  0335   57344  12900   4.89e+00  3.76e-01  2.24e-01  4.66e-02  3.73e-02  1.93e-02  1.11e+04  1.31e+02 -1.00e+05
2015 11 18  0340   57344  13200   3.18e+00  1.37e-01  1.13e-01  7.26e-02  5.90e-02  3.98e-02  1.12e+04  1.39e+02 -1.00e+05
2015 11 18  0345   57344  13500   7.41e+00  3.57e-01  2.11e-01  1.68e-01  1.58e-01  8.39e-02  1.10e+04  1.48e+02 -1.00e+05
2015 11 18  0350   57344  13800   9.63e+00  6.71e-01  2.63e-01  8.47e-02  5.16e-02  2.17e-02  1.06e+04  1.52e+02 -1.00e+05
2015 11 18  0355   57344  14100   6.18e+00  2.55e-01  1.30e-01  4.77e-02  3.84e-02  1.96e-02  9.23e+03  1.34e+02 -1.00e+05
2015 11 18  0400   57344  14400   6.04e+00  3.27e-01  2.30e-01  6.96e-02  6.03e-02  4.23e-02  8.37e+03  1.27e+02 -1.00e+05
2015 11 18  0405   57344  14700   7.67e+00  3.37e-01  1.51e-01  1.08e-01  9.92e-02  5.47e-02  8.23e+03  1.18e+02 -1.00e+05
2015 11 18  0410   57344  15000   7.74e+00  2.75e-01  1.20e-01  7.70e-02  6.77e-02  4.97e-02  7.76e+03  1.09e+02 -1.00e+05
2015 11 18  0415   57344  15300   4.89e+00  1.41e-01  9.13e-02  4.66e-02  3.73e-02  1.93e-02  8.29e+03  1.17e+02 -1.00e+05
2015 11 18  0420   57344  15600   6.94e+00  2.75e-01  1.49e-01  6.43e-02  4.13e-02  1.93e-02  8.20e+03  1.19e+02 -1.00e+05
2015 11 18  0425   57344  15900   3.99e+00  1.11e-01  8.67e-02  4.66e-02  3.73e-02  1.93e-02  7.79e+03  1.11e+02 -1.00e+05
2015 11 18  0430   57344  16200   6.89e+00  2.37e-01  1.16e-01  7.27e-02  6.35e-02  2.77e-02  7.24e+03  1.01e+02 -1.00e+05
2015 11 18  0435   57344  16500   4.07e+00  2.77e-01  2.52e-01  1.28e-01  1.00e-01  3.78e-02  7.45e+03  1.04e+02 -1.00e+05
2015 11 18  0440   57344  16800   3.96e+00  1.50e-01  1.25e-01  8.53e-02  7.60e-02  3.17e-02  7.27e+03  1.00e+02 -1.00e+05
2015 11 18  0445   57344  17100   4.96e+00  1.72e-01  1.22e-01  4.66e-02  3.73e-02  1.93e-02  7.01e+03  9.69e+01 -1.00e+05
2015 11 18  0450   57344  17400   6.06e+00  2.37e-01  1.39e-01  8.40e-02  4.58e-02  1.93e-02  7.19e+03  1.02e+02 -1.00e+05
2015 11 18  0455   57344  17700   4.50e+00  1.41e-01  9.13e-02  4.66e-02  3.73e-02  1.93e-02  7.04e+03  9.91e+01 -1.00e+05
2015 11 18  0500   57344  18000   3.52e+00  1.56e-01  1.32e-01  9.16e-02  8.23e-02  3.37e-02  6.88e+03  9.22e+01 -1.00e+05
2015 11 18  0505   57344  18300   7.75e+00  3.42e-01  1.31e-01  4.66e-02  3.73e-02  1.93e-02  7.26e+03  9.88e+01 -1.00e+05
2015 11 18  0510   57344  18600   4.00e+00  1.68e-01  1.39e-01  9.70e-02  6.89e-02  2.77e-02  7.41e+03  1.03e+02 -1.00e+05
2015 11 18  0515   57344  18900   5.47e+00  2.47e-01  1.49e-01  9.42e-02  5.56e-02  3.23e-02  7.30e+03  9.85e+01 -1.00e+05
2015 11 18  0520   57344  19200   6.93e+00  4.20e-01  2.32e-01  5.72e-02  4.79e-02  2.99e-02  7.48e+03  1.01e+02 -1.00e+05
2015 11 18  0525   57344  19500   4.35e+00  1.41e-01  9.13e-02  4.66e-02  3.73e-02  1.93e-02  7.28e+03  9.86e+01 -1.00e+05
2015 11 18  0530   57344  19800   3.62e+00  1.45e-01  1.20e-01  4.66e-02  3.73e-02  1.93e-02  7.02e+03  1.04e+02 -1.00e+05
2015 11 18  0535   57344  20100   3.76e+00  1.45e-01  1.20e-01  4.66e-02  3.73e-02  1.93e-02  7.15e+03  9.64e+01 -1.00e+05
2015 11 18  0540   57344  20400   3.48e+00  1.81e-01  1.57e-01  1.17e-01  1.07e-01  4.18e-02  7.51e+03  9.34e+01 -1.00e+05
2015 11 18  0545   57344  20700   7.01e+00  2.71e-01  1.15e-01  7.09e-02  4.28e-02  1.93e-02  7.72e+03  1.03e+02 -1.00e+05
2015 11 18  0550   57344  21000   3.74e+00  2.53e-01  2.28e-01  8.44e-02  7.52e-02  5.71e-02  7.65e+03  9.90e+01 -1.00e+05
2015 11 18  0555   57344  21300   8.67e+00  7.57e-01  2.13e-01  4.66e-02  3.73e-02  1.93e-02  7.27e+03  9.54e+01 -1.00e+05
2015 11 18  0600   57344  21600   3.46e+00  1.11e-01  8.67e-02  4.66e-02  3.73e-02  1.93e-02  7.33e+03  9.20e+01 -1.00e+05
2015 11 18  0605   57344  21900   5.06e+00  2.33e-01  1.34e-01  4.66e-02  3.73e-02  1.93e-02  7.84e+03  1.04e+02 -1.00e+05
2015 11 18  0610   57344  22200   3.33e+00  1.35e-01  1.10e-01  6.99e-02  6.06e-02  3.90e-02  8.08e+03  1.03e+02 -1.00e+05
2015 11 18  0615   57344  22500   5.59e+00  3.11e-01  2.12e-01  4.66e-02  3.73e-02  1.93e-02  7.68e+03  9.86e+01 -1.00e+05
2015 11 18  0620   57344  22800   3.51e+00  1.11e-01  8.67e-02  4.66e-02  3.73e-02  1.93e-02  7.49e+03  9.18e+01 -1.00e+05
2015 11 18  0625   57344  23100   5.82e+00  2.87e-01  1.31e-01  4.66e-02  3.73e-02  1.93e-02  7.75e+03  1.01e+02 -1.00e+05
2015 11 18  0630   57344  23400   6.02e+00  2.46e-01  8.96e-02  4.66e-02  3.73e-02  1.93e-02  7.38e+03  9.96e+01 -1.00e+05
2015 11 18  0635   57344  23700   6.67e+00  3.13e-01  1.36e-01  9.34e-02  7.85e-02  5.77e-02  7.35e+03  9.30e+01 -1.00e+05
2015 11 18  0640   57344  24000   4.63e+00  2.59e-01  1.63e-01  8.44e-02  7.52e-02  5.71e-02  7.50e+03  9.30e+01 -1.00e+05
2015 11 18  0645   57344  24300   2.98e+00  1.47e-01  1.22e-01  8.05e-02  4.26e-02  1.93e-02  7.42e+03  9.54e+01 -1.00e+05
2015 11 18  0650   57344  24600   3.15e+00  1.94e-01  1.69e-01  1.29e-01  1.20e-01  4.58e-02  7.48e+03  9.20e+01 -1.00e+05
2015 11 18  0655   57344  24900   5.10e+00  2.40e-01  1.42e-01  4.73e-02  3.80e-02  2.00e-02  7.50e+03  9.15e+01 -1.00e+05
2015 11 18  0700   57344  25200   6.54e+00  3.08e-01  1.08e-01  6.43e-02  4.13e-02  1.93e-02  7.47e+03  9.76e+01 -1.00e+05
2015 11 18  0705   57344  25500   3.08e+00  1.24e-01  9.97e-02  5.97e-02  5.04e-02  3.23e-02  7.49e+03  9.41e+01 -1.00e+05
2015 11 18  0710   57344  25800   4.26e+00  2.34e-01  1.37e-01  8.44e-02  7.52e-02  5.71e-02  7.49e+03  8.97e+01 -1.00e+05
2015 11 18  0715   57344  26100   3.02e+00  1.73e-01  1.49e-01  1.07e-01  7.29e-02  4.97e-02  7.49e+03  9.28e+01 -1.00e+05
2015 11 18  0720   57344  26400   2.97e+00  1.25e-01  1.00e-01  6.02e-02  5.09e-02  2.37e-02  7.21e+03  9.77e+01 -1.00e+05
2015 11 18  0725   57344  26700   4.67e+00  2.56e-01  1.58e-01  6.46e-02  5.53e-02  3.73e-02  7.18e+03  8.99e+01 -1.00e+05
2015 11 18  0730   57344  27000   3.35e+00  1.44e-01  1.10e-01  6.65e-02  5.72e-02  2.57e-02  7.17e+03  8.96e+01 -1.00e+05
2015 11 18  0735   57344  27300   5.97e+00  3.02e-01  1.09e-01  6.65e-02  5.72e-02  2.57e-02  7.11e+03  8.35e+01 -1.00e+05
2015 11 18  0740   57344  27600   2.46e+00  1.11e-01  8.67e-02  4.66e-02  3.73e-02  1.93e-02  6.83e+03  9.04e+01 -1.00e+05
2015 11 18  0745   57344  27900   3.08e+00  1.56e-01  1.09e-01  6.44e-02  5.51e-02  3.70e-02  6.53e+03  8.36e+01 -1.00e+05
2015 11 18  0750   57344  28200   2.58e+00  1.81e-01  1.56e-01  1.16e-01  1.07e-01  6.22e-02  6.02e+03  7.26e+01 -1.00e+05
2015 11 18  0755   57344  28500   2.55e+00  1.63e-01  1.38e-01  6.96e-02  6.03e-02  4.23e-02  5.76e+03  6.97e+01 -1.00e+05
2015 11 18  0800   57344  28800   2.50e+00  2.07e-01  1.82e-01  7.27e-02  6.35e-02  2.77e-02  5.39e+03  6.57e+01 -1.00e+05
2015 11 18  0805   57344  29100   2.88e+00  1.77e-01  1.24e-01  7.86e-02  6.93e-02  2.04e-02  5.39e+03  7.16e+01 -1.00e+05
2015 11 18  0810   57344  29400   4.47e+00  2.93e-01  1.15e-01  7.09e-02  4.28e-02  1.93e-02  4.91e+03  6.69e+01 -1.00e+05
2015 11 18  0815   57344  29700   3.36e+00  1.99e-01  1.00e-01  4.66e-02  3.73e-02  1.93e-02  4.79e+03  6.31e+01 -1.00e+05
2015 11 18  0820   57344  30000   3.01e+00  2.46e-01  1.73e-01  1.23e-01  7.96e-02  2.97e-02  4.25e+03  6.07e+01 -1.00e+05
2015 11 18  0825   57344  30300   1.88e+00  1.71e-01  1.46e-01  7.95e-02  7.02e-02  5.22e-02  3.97e+03  5.80e+01 -1.00e+05
2015 11 18  0830   57344  30600   3.63e+00  2.61e-01  1.05e-01  6.21e-02  5.29e-02  3.48e-02  3.54e+03  5.57e+01 -1.00e+05
2015 11 18  0835   57344  30900   3.06e+00  2.61e-01  1.85e-01  1.35e-01  8.90e-02  4.14e-02  3.37e+03  5.19e+01 -1.00e+05
2015 11 18  0840   57344  31200   5.39e+00  3.74e-01  9.49e-02  5.23e-02  3.94e-02  1.96e-02  3.23e+03  5.24e+01 -1.00e+05
2015 11 18  0845   57344  31500   2.66e+00  2.05e-01  1.80e-01  9.16e-02  7.68e-02  5.71e-02  3.28e+03  6.60e+01 -1.00e+05
2015 11 18  0850   57344  31800   2.67e+00  1.30e-01  1.05e-01  6.43e-02  4.13e-02  1.93e-02  3.33e+03  6.49e+01 -1.00e+05
2015 11 18  0855   57344  32100   4.48e+00  2.73e-01  1.67e-01  1.23e-01  8.29e-02  5.96e-02  3.14e+03  6.15e+01 -1.00e+05
2015 11 18  0900   57344  32400   6.01e+00  3.87e-01  8.90e-02  4.66e-02  3.73e-02  1.93e-02  3.29e+03  7.29e+01 -1.00e+05
2015 11 18  0905   57344  32700   4.01e+00  1.97e-01  8.98e-02  4.66e-02  3.73e-02  1.93e-02  3.88e+03  8.18e+01 -1.00e+05
2015 11 18  0910   57344  33000   3.85e+00  4.05e-01  1.81e-01  4.66e-02  3.73e-02  1.93e-02  5.61e+03  1.33e+02 -1.00e+05
2015 11 18  0915   57344  33300   2.95e+00  2.24e-01  1.77e-01  1.32e-01  9.34e-02  6.70e-02  6.32e+03  1.47e+02 -1.00e+05
2015 11 18  0920   57344  33600   3.44e+00  2.24e-01  1.28e-01  7.45e-02  6.52e-02  4.72e-02  6.86e+03  1.69e+02 -1.00e+05
2015 11 18  0925   57344  33900   2.36e+00  1.49e-01  1.24e-01  8.38e-02  6.60e-02  2.82e-02  7.85e+03  1.89e+02 -1.00e+05
2015 11 18  0930   57344  34200   2.33e+00  2.19e-01  1.94e-01  7.08e-02  5.86e-02  2.80e-02  7.30e+03  1.87e+02 -1.00e+05
2015 11 18  0935   57344  34500   3.71e+00  2.29e-01  1.22e-01  7.75e-02  4.26e-02  1.93e-02  7.18e+03  1.87e+02 -1.00e+05
2015 11 18  0940   57344  34800   2.30e+00  1.54e-01  1.15e-01  6.02e-02  5.09e-02  2.37e-02  6.69e+03  1.86e+02 -1.00e+05
2015 11 18  0945   57344  35100   2.24e+00  2.00e-01  1.75e-01  1.34e-01  1.11e-01  4.23e-02  6.77e+03  1.83e+02 -1.00e+05
2015 11 18  0950   57344  35400   2.18e+00  1.45e-01  1.20e-01  4.66e-02  3.73e-02  1.93e-02  6.37e+03  1.81e+02 -1.00e+05
2015 11 18  0955   57344  35700   2.80e+00  2.65e-01  2.40e-01  1.04e-01  9.48e-02  3.78e-02  6.21e+03  1.72e+02 -1.00e+05
2015 11 18  1000   57344  36000   4.97e+00  2.04e-01  1.05e-01  5.12e-02  3.84e-02  1.93e-02  8.00e+03  2.52e+02 -1.00e+05
2015 11 18  1005   57344  36300   5.99e+00  2.33e-01  1.36e-01  8.27e-02  6.52e-02  4.47e-02  9.22e+03  2.90e+02 -1.00e+05
2015 11 18  1010   57344  36600   3.28e+00  1.96e-01  1.71e-01  1.31e-01  1.22e-01  5.36e-02  1.15e+04  3.63e+02 -1.00e+05
2015 11 18  1015   57344  36900   3.76e+00  2.11e-01  1.86e-01  6.65e-02  5.72e-02  2.57e-02  1.13e+04  3.67e+02 -1.00e+05
2015 11 18  1020   57344  37200   9.74e+00  1.81e-01  1.57e-01  1.17e-01  1.07e-01  6.41e-02  1.13e+04  3.76e+02 -1.00e+05
2015 11 18  1025   57344  37500   1.65e+01  3.58e-01  2.76e-01  2.24e-01  1.49e-01  4.58e-02  1.02e+04  3.23e+02 -1.00e+05
2015 11 18  1030   57344  37800   9.49e+00  2.91e-01  1.38e-01  9.32e-02  5.23e-02  2.17e-02  1.03e+04  3.43e+02 -1.00e+05
2015 11 18  1035   57344  38100   5.97e+00  2.56e-01  1.73e-01  1.21e-01  6.90e-02  2.57e-02  1.04e+04  3.11e+02 -1.00e+05
2015 11 18  1040   57344  38400   3.49e+00  1.11e-01  8.67e-02  4.66e-02  3.73e-02  1.93e-02  1.07e+04  3.34e+02 -1.00e+05
2015 11 18  1045   57344  38700   3.11e+00  2.64e-01  2.40e-01  9.88e-02  6.49e-02  3.98e-02  1.10e+04  3.36e+02 -1.00e+05
2015 11 18  1050   57344  39000   3.34e+00  1.67e-01  1.19e-01  7.45e-02  6.52e-02  4.72e-02  1.12e+04  3.25e+02 -1.00e+05
2015 11 18  1055   57344  39300   2.78e+00  1.11e-01  8.67e-02  4.66e-02  3.73e-02  1.93e-02  1.11e+04  3.27e+02 -1.00e+05
2015 11 18  1100   57344  39600   2.98e+00  2.40e-01  2.15e-01  6.54e-02  4.98e-02  2.99e-02  1.02e+04  2.78e+02 -1.00e+05
2015 11 18  1105   57344  39900   5.27e+00  2.50e-01  9.69e-02  5.39e-02  4.46e-02  2.17e-02  1.00e+04  2.63e+02 -1.00e+05
2015 11 18  1110   57344  40200   2.90e+00  1.24e-01  9.90e-02  5.89e-02  4.83e-02  2.99e-02  9.87e+03  2.48e+02 -1.00e+05
2015 11 18  1115   57344  40500   4.82e+00  4.54e-01  2.98e-01  1.28e-01  1.01e-01  4.37e-02  9.55e+03  2.26e+02 -1.00e+05
2015 11 18  1120   57344  40800   2.93e+00  1.94e-01  1.69e-01  7.95e-02  7.02e-02  5.22e-02  8.83e+03  2.01e+02 -1.00e+05
2015 11 18  1125   57344  41100   3.28e+00  1.53e-01  1.03e-01  5.78e-02  3.99e-02  1.93e-02  8.80e+03  1.93e+02 -1.00e+05
2015 11 18  1130   57344  41400   4.41e+00  2.59e-01  1.56e-01  1.13e-01  8.81e-02  6.15e-02  8.66e+03  1.80e+02 -1.00e+05
2015 11 18  1135   57344  41700   4.97e+00  4.88e-01  2.81e-01  8.53e-02  7.60e-02  3.17e-02  8.13e+03  1.67e+02 -1.00e+05
2015 11 18  1140   57344  42000   2.89e+00  1.11e-01  8.67e-02  4.66e-02  3.73e-02  1.93e-02  8.45e+03  1.66e+02 -1.00e+05
2015 11 18  1145   57344  42300   5.61e+00  4.16e-01  3.01e-01  1.24e-01  1.15e-01  7.16e-02  8.93e+03  1.53e+02 -1.00e+05
2015 11 18  1150   57344  42600   3.32e+00  1.57e-01  1.32e-01  5.78e-02  3.99e-02  1.93e-02  8.85e+03  1.62e+02 -1.00e+05
2015 11 18  1155   57344  42900   5.05e+00  3.72e-01  2.20e-01  1.04e-01  9.43e-02  5.82e-02  8.87e+03  1.61e+02 -1.00e+05
2015 11 18  1200   57344  43200   3.17e+00  1.16e-01  9.14e-02  5.12e-02  3.84e-02  1.93e-02  9.36e+03  1.67e+02 -1.00e+05
2015 11 18  1205   57344  43500   3.35e+00  2.62e-01  2.37e-01  1.06e-01  6.07e-02  2.37e-02  9.90e+03  1.85e+02 -1.00e+05
2015 11 18  1210   57344  43800   3.06e+00  1.23e-01  9.82e-02  5.78e-02  3.99e-02  1.93e-02  1.07e+04  1.98e+02 -1.00e+05
2015 11 18  1215   57344  44100   3.32e+00  1.61e-01  1.36e-01  9.64e-02  8.71e-02  5.25e-02  1.14e+04  2.06e+02 -1.00e+05
2015 11 18  1220   57344  44400   7.99e+00  5.97e-01  2.82e-01  1.06e-01  7.42e-02  4.97e-02  1.13e+04  2.02e+02 -1.00e+05
2015 11 18  1225   57344  44700   3.64e+00  2.62e-01  2.37e-01  8.40e-02  4.58e-02  1.93e-02  1.10e+04  1.96e+02 -1.00e+05
2015 11 18  1230   57344  45000   5.14e+00  2.31e-01  1.32e-01  7.74e-02  4.43e-02  1.93e-02  1.15e+04  2.12e+02 -1.00e+05
2015 11 18  1235   57344  45300   3.43e+00  2.21e-01  1.96e-01  9.67e-02  7.37e-02  2.97e-02  1.18e+04  2.18e+02 -1.00e+05
2015 11 18  1240   57344  45600   3.56e+00  1.38e-01  1.13e-01  7.33e-02  6.40e-02  3.00e-02  1.23e+04  2.34e+02 -1.00e+05
2015 11 18  1245   57344  45900   3.68e+00  1.11e-01  8.67e-02  4.66e-02  3.73e-02  1.93e-02  1.23e+04  2.34e+02 -1.00e+05
2015 11 18  1250   57344  46200   7.67e+00  3.83e-01  1.48e-01  6.54e-02  4.24e-02  1.96e-02  1.20e+04  2.13e+02 -1.00e+05
2015 11 18  1255   57344  46500   5.69e+00  2.56e-01  1.24e-01  7.97e-02  4.72e-02  2.24e-02  1.20e+04  2.22e+02 -1.00e+05
2015 11 18  1300   57344  46800   4.62e+00  2.21e-01  1.28e-01  5.39e-02  4.46e-02  2.17e-02  1.24e+04  2.20e+02 -1.00e+05
2015 11 18  1305   57344  47100   6.65e+00  2.68e-01  8.95e-02  4.66e-02  3.73e-02  1.93e-02  1.30e+04  2.50e+02 -1.00e+05
2015 11 18  1310   57344  47400   3.49e+00  1.45e-01  1.20e-01  4.66e-02  3.73e-02  1.93e-02  1.33e+04  2.47e+02 -1.00e+05
2015 11 18  1315   57344  47700   4.89e+00  1.99e-01  1.00e-01  4.66e-02  3.73e-02  1.93e-02  1.30e+04  2.52e+02 -1.00e+05
2015 11 18  1320   57344  48000   3.28e+00  1.16e-01  9.14e-02  5.12e-02  3.84e-02  1.93e-02  1.33e+04  2.41e+02 -1.00e+05
2015 11 18  1325   57344  48300   5.34e+00  2.47e-01  1.49e-01  9.52e-02  6.03e-02  3.48e-02  1.36e+04  2.47e+02 -1.00e+05
2015 11 18  1330   57344  48600   3.52e+00  1.11e-01  8.67e-02  4.66e-02  3.73e-02  1.93e-02  1.36e+04  2.45e+02 -1.00e+05
2015 11 18  1335   57344  48900   5.43e+00  2.59e-01  1.47e-01  9.16e-02  8.23e-02  3.37e-02  1.39e+04  2.52e+02 -1.00e+05
2015 11 18  1340   57344  49200   3.53e+00  1.29e-01  1.05e-01  6.46e-02  5.53e-02  3.73e-02  1.36e+04  2.38e+02 -1.00e+05
2015 11 18  1345   57344  49500   3.19e+00  1.62e-01  1.37e-01  9.64e-02  7.85e-02  3.17e-02  1.30e+04  2.28e+02 -1.00e+05
2015 11 18  1350   57344  49800   2.91e+00  1.49e-01  1.24e-01  8.33e-02  5.19e-02  2.74e-02  1.26e+04  2.21e+02 -1.00e+05
2015 11 18  1355   57344  50100   2.82e+00  1.45e-01  1.20e-01  7.91e-02  4.26e-02  1.93e-02  1.29e+04  2.32e+02 -1.00e+05
2015 11 18  1400   57344  50400   3.48e+00  1.85e-01  1.38e-01  9.43e-02  8.51e-02  6.70e-02  1.32e+04  2.26e+02 -1.00e+05
2015 11 18  1405   57344  50700   5.92e+00  2.89e-01  1.35e-01  9.19e-02  8.26e-02  6.45e-02  1.33e+04  2.14e+02 -1.00e+05
2015 11 18  1410   57344  51000   3.02e+00  1.48e-01  1.23e-01  8.19e-02  4.26e-02  1.93e-02  1.25e+04  2.18e+02 -1.00e+05
2015 11 18  1415   57344  51300   3.42e+00  2.28e-01  1.80e-01  1.07e-01  7.29e-02  4.97e-02  1.34e+04  2.41e+02 -1.00e+05
2015 11 18  1420   57344  51600   2.65e+00  1.63e-01  1.38e-01  9.78e-02  8.85e-02  3.57e-02  1.40e+04  2.68e+02 -1.00e+05
2015 11 18  1425   57344  51900   2.68e+00  2.53e-01  2.28e-01  8.54e-02  6.56e-02  4.45e-02  1.43e+04  2.75e+02 -1.00e+05
2015 11 18  1430   57344  52200   2.57e+00  1.50e-01  1.25e-01  8.53e-02  7.60e-02  3.17e-02  1.49e+04  2.98e+02 -1.00e+05
2015 11 18  1435   57344  52500   3.77e+00  2.86e-01  2.07e-01  8.36e-02  6.64e-02  3.00e-02  1.47e+04  3.02e+02 -1.00e+05
2015 11 18  1440   57344  52800   2.87e+00  1.23e-01  9.82e-02  5.78e-02  3.99e-02  1.93e-02  1.50e+04  3.07e+02 -1.00e+05
2015 11 18  1445   57344  53100   5.84e+00  3.07e-01  1.07e-01  6.46e-02  5.53e-02  3.73e-02  1.55e+04  3.23e+02 -1.00e+05
2015 11 18  1450   57344  53400  -1.00e+05 -1.00e+05 -1.00e+05 -1.00e+05 -1.00e+05 -1.00e+05 -1.00e+05 -1.00e+05 -1.00e+05
2015 11 18  1455   57344  53700  -1.00e+05 -1.00e+05 -1.00e+05 -1.00e+05 -1.00e+05 -1.00e+05 -1.00e+05 -1.00e+05 -1.00e+05
2015 11 18  1500   57344  54000  -1.00e+05 -1.00e+05 -1.00e+05 -1.00e+05 -1.00e+05 -1.00e+05 -1.00e+05 -1.00e+05 -1.00e+05
2015 11 18  1505   57344  54300  -1.00e+05 -1.00e+05 -1.00e+05 -1.00e+05 -1.00e+05 -1.00e+05 -1.00e+05 -1.00e+05 -1.00e+05
2015 11 18  1510   57344  54600  -1.00e+05 -1.00e+05 -1.00e+05 -1.00e+05 -1.00e+05 -1.00e+05 -1.00e+05 -1.00e+05 -1.00e+05
2015 11 18  1515   57344  54900  -1.00e+05 -1.00e+05 -1.00e+05 -1.00e+05 -1.00e+05 -1.00e+05 -1.00e+05 -1.00e+05 -1.00e+05
2015 11 18  1520   57344  55200  -1.00e+05 -1.00e+05 -1.00e+05 -1.00e+05 -1.00e+05 -1.00e+05 -1.00e+05 -1.00e+05 -1.00e+05
2015 11 18  1525   57344  55500  -1.00e+05 -1.00e+05 -1.00e+05 -1.00e+05 -1.00e+05 -1.00e+05 -1.00e+05 -1.00e+05 -1.00e+05
2015 11 18  1530   57344  55800  -1.00e+05 -1.00e+05 -1.00e+05 -1.00e+05 -1.00e+05 -1.00e+05 -1.00e+05 -1.00e+05 -1.00e+05
2015 11 18  1535   57344  56100  -1.00e+05 -1.00e+05 -1.00e+05 -1.00e+05 -1.00e+05 -1.00e+05 -1.00e+05 -1.00e+05 -1.00e+05
2015 11 18  1540   57344  56400   7.02e+00  1.61e-01  1.37e-01  6.71e-02  5.78e-02  3.98e-02  2.33e+04  8.24e+02 -1.00e+05
2015 11 18  1545   57344  56700   2.90e+01  2.53e-01  9.77e-02  5.47e-02  4.54e-02  2.74e-02  2.33e+04  8.82e+02 -1.00e+05
2015 11 18  1550   57344  57000   1.86e+01  1.17e-01  9.23e-02  5.22e-02  4.30e-02  2.49e-02  2.43e+04  9.07e+02 -1.00e+05
2015 11 18  1555   57344  57300   3.02e+01  2.32e-01  1.00e-01  5.72e-02  4.79e-02  2.99e-02  2.47e+04  9.53e+02 -1.00e+05
2015 11 18  1600   57344  57600   1.30e+01  2.23e-01  1.99e-01  5.85e-02  4.57e-02  2.17e-02  2.53e+04  1.01e+03 -1.00e+05
2015 11 18  1605   57344  57900   1.30e+01  2.50e-01  2.25e-01  9.54e-02  7.12e-02  4.10e-02  2.59e+04  1.01e+03 -1.00e+05
2015 11 18  1610   57344  58200   1.55e+01  1.69e-01  1.21e-01  7.70e-02  6.77e-02  4.97e-02  2.60e+04  1.03e+03 -1.00e+05
2015 11 18  1615   57344  58500   1.01e+01  1.67e-01  1.43e-01  1.02e-01  8.96e-02  3.57e-02  2.63e+04  1.07e+03 -1.00e+05
2015 11 18  1620   57344  58800   8.01e+00  2.43e-01  2.18e-01  7.21e-02  6.28e-02  4.47e-02  2.75e+04  1.14e+03 -1.00e+05
2015 11 18  1625   57344  59100   7.31e+00  1.11e-01  8.67e-02  4.66e-02  3.73e-02  1.93e-02  2.75e+04  1.13e+03 -1.00e+05
2015 11 18  1630   57344  59400   7.13e+00  1.11e-01  8.67e-02  4.66e-02  3.73e-02  1.93e-02  2.70e+04  1.08e+03 -1.00e+05
2015 11 18  1635   57344  59700   8.16e+00  1.19e-01  9.40e-02  5.39e-02  4.46e-02  2.17e-02  2.85e+04  1.12e+03 -1.00e+05
2015 11 18  1640   57344  60000   1.28e+01  2.78e-01  1.79e-01  9.06e-02  4.72e-02  1.93e-02  3.04e+04  1.31e+03 -1.00e+05
2015 11 18  1645   57344  60300   1.31e+01  2.58e-01  1.37e-01  7.90e-02  6.97e-02  2.97e-02  2.99e+04  1.26e+03 -1.00e+05
2015 11 18  1650   57344  60600   1.24e+01  2.57e-01  1.31e-01  4.66e-02  3.73e-02  1.93e-02  2.78e+04  1.10e+03 -1.00e+05
2015 11 18  1655   57344  60900   8.19e+00  1.48e-01  1.23e-01  4.98e-02  4.05e-02  2.24e-02  2.84e+04  1.11e+03 -1.00e+05
2015 11 18  1700   57344  61200   1.24e+01  1.99e-01  1.00e-01  4.66e-02  3.73e-02  1.93e-02  2.85e+04  1.07e+03 -1.00e+05
2015 11 18  1705   57344  61500   8.48e+00  1.19e-01  9.48e-02  5.47e-02  4.54e-02  2.74e-02  2.69e+04  1.03e+03 -1.00e+05
2015 11 18  1710   57344  61800   8.17e+00  1.54e-01  1.29e-01  8.94e-02  8.01e-02  6.21e-02  2.71e+04  9.88e+02 -1.00e+05
2015 11 18  1715   57344  62100   1.49e+01  2.80e-01  1.25e-01  8.20e-02  7.27e-02  5.46e-02  2.64e+04  9.64e+02 -1.00e+05
2015 11 18  1720   57344  62400   1.22e+01  2.52e-01  1.55e-01  7.45e-02  6.52e-02  4.72e-02  2.67e+04  9.07e+02 -1.00e+05
2015 11 18  1725   57344  62700   8.14e+00  1.22e-01  9.72e-02  5.72e-02  4.79e-02  2.99e-02  2.56e+04  8.76e+02 -1.00e+05
2015 11 18  1730   57344  63000   8.70e+00  1.60e-01  1.35e-01  9.40e-02  6.58e-02  4.23e-02  2.56e+04  8.32e+02 -1.00e+05
2015 11 18  1735   57344  63300   9.74e+00  1.51e-01  1.27e-01  8.63e-02  6.98e-02  4.97e-02  2.58e+04  8.23e+02 -1.00e+05
2015 11 18  1740   57344  63600   1.30e+01  2.27e-01  1.30e-01  7.70e-02  6.77e-02  4.97e-02  2.51e+04  7.89e+02 -1.00e+05
2015 11 18  1745   57344  63900   8.77e+00  2.50e-01  2.26e-01  7.73e-02  5.82e-02  3.73e-02  2.40e+04  7.18e+02 -1.00e+05
2015 11 18  1750   57344  64200   8.39e+00  1.95e-01  1.70e-01  1.30e-01  1.17e-01  7.71e-02  2.37e+04  6.82e+02 -1.00e+05
2015 11 18  1755   57344  64500   8.47e+00  1.11e-01  8.67e-02  4.66e-02  3.73e-02  1.93e-02  2.41e+04  7.29e+02 -1.00e+05
2015 11 18  1800   57344  64800   1.08e+01  2.22e-01  1.38e-01  8.76e-02  7.84e-02  5.04e-02  2.23e+04  6.38e+02 -1.00e+05
2015 11 18  1805   57344  65100   1.26e+01  1.97e-01  8.98e-02  4.66e-02  3.73e-02  1.93e-02  2.38e+04  6.72e+02 -1.00e+05
2015 11 18  1810   57344  65400   8.27e+00  1.55e-01  1.31e-01  5.97e-02  5.04e-02  3.23e-02  2.38e+04  7.38e+02 -1.00e+05
2015 11 18  1815   57344  65700   8.29e+00  1.74e-01  1.49e-01  1.09e-01  8.73e-02  3.97e-02  2.56e+04  8.86e+02 -1.00e+05
2015 11 18  1820   57344  66000   1.44e+01  2.68e-01  1.37e-01  9.43e-02  8.51e-02  6.70e-02  2.64e+04  8.52e+02 -1.00e+05
2015 11 18  1825   57344  66300   7.07e+00  1.27e-01  1.02e-01  6.21e-02  5.29e-02  3.48e-02  2.51e+04  8.33e+02 -1.00e+05
2015 11 18  1830   57344  66600   1.52e+01  5.46e-01  2.30e-01  5.22e-02  4.30e-02  2.49e-02  2.56e+04  8.32e+02 -1.00e+05
2015 11 18  1835   57344  66900   7.64e+00  2.89e-01  2.65e-01  9.04e-02  6.11e-02  3.73e-02  2.67e+04  9.31e+02 -1.00e+05
2015 11 18  1840   57344  67200   7.18e+00  1.50e-01  1.25e-01  8.40e-02  4.58e-02  1.93e-02  2.70e+04  9.52e+02 -1.00e+05
2015 11 18  1845   57344  67500   8.47e+00  1.91e-01  1.43e-01  9.76e-02  7.04e-02  4.72e-02  2.70e+04  9.56e+02 -1.00e+05
2015 11 18  1850   57344  67800   6.53e+00  1.25e-01  1.00e-01  6.02e-02  5.09e-02  2.37e-02  2.60e+04  9.05e+02 -1.00e+05
2015 11 18  1855   57344  68100   7.04e+00  2.44e-01  2.19e-01  1.76e-01  9.45e-02  3.17e-02  2.68e+04  9.67e+02 -1.00e+05
2015 11 18  1900   57344  68400   7.86e+00  1.52e-01  1.27e-01  8.68e-02  7.75e-02  3.77e-02  2.82e+04  1.03e+03 -1.00e+05
2015 11 18  1905   57344  68700   7.98e+00  1.59e-01  1.34e-01  9.28e-02  5.02e-02  2.24e-02  2.78e+04  1.03e+03 -1.00e+05
2015 11 18  1910   57344  69000   8.90e+00  1.25e-01  1.00e-01  6.02e-02  5.09e-02  2.37e-02  2.78e+04  1.06e+03 -1.00e+05
2015 11 18  1915   57344  69300   1.11e+01  2.64e-01  2.15e-01  6.21e-02  5.29e-02  3.48e-02  2.90e+04  1.10e+03 -1.00e+05
2015 11 18  1920   57344  69600   7.63e+00  1.12e-01  8.77e-02  4.77e-02  3.84e-02  1.96e-02  2.67e+04  1.08e+03 -1.00e+05
2015 11 18  1925   57344  69900   7.68e+00  1.30e-01  1.05e-01  6.48e-02  4.19e-02  2.00e-02  2.81e+04  1.10e+03 -1.00e+05
2015 11 18  1930   57344  70200   8.58e+00  1.99e-01  1.74e-01  7.81e-02  6.06e-02  4.01e-02  2.98e+04  1.24e+03 -1.00e+05
2015 11 18  1935   57344  70500   9.54e+00  1.64e-01  1.39e-01  9.82e-02  5.71e-02  2.99e-02  3.00e+04  1.27e+03 -1.00e+05
2015 11 18  1940   57344  70800   1.05e+01  1.76e-01  1.25e-01  4.73e-02  3.80e-02  2.00e-02  2.96e+04  1.34e+03 -1.00e+05
2015 11 18  1945   57344  71100   1.39e+01  3.32e-01  2.27e-01  1.73e-01  1.63e-01  7.01e-02  3.07e+04  1.34e+03 -1.00e+05
2015 11 18  1950   57344  71400   8.44e+00  1.45e-01  1.20e-01  4.66e-02  3.73e-02  1.93e-02  3.14e+04  1.38e+03 -1.00e+05
2015 11 18  1955   57344  71700   9.24e+00  1.28e-01  1.04e-01  6.36e-02  5.43e-02  3.62e-02  3.41e+04  1.41e+03 -1.00e+05
2015 11 18  2000   57344  72000   1.42e+01  2.18e-01  1.55e-01  1.08e-01  9.82e-02  5.11e-02  3.56e+04  1.46e+03 -1.00e+05
2015 11 18  2005   57344  72300   1.28e+01  2.28e-01  2.04e-01  1.39e-01  1.30e-01  6.30e-02  3.67e+04  1.53e+03 -1.00e+05
2015 11 18  2010   57344  72600   1.86e+01  3.02e-01  2.78e-01  8.69e-02  5.65e-02  3.23e-02  3.73e+04  1.60e+03 -1.00e+05
2015 11 18  2015   57344  72900   3.74e+01  3.05e-01  2.55e-01  8.51e-02  5.42e-02  2.99e-02  4.09e+04  1.80e+03 -1.00e+05
2015 11 18  2020   57344  73200   4.79e+01  4.10e-01  3.04e-01  1.52e-01  1.19e-01  6.06e-02  3.80e+04  1.68e+03 -1.00e+05
2015 11 18  2025   57344  73500   5.56e+01  5.73e-01  2.42e-01  9.54e-02  8.61e-02  4.89e-02  3.54e+04  1.48e+03 -1.00e+05
2015 11 18  2030   57344  73800   4.02e+01  2.59e-01  1.53e-01  1.10e-01  1.01e-01  3.98e-02  3.52e+04  1.50e+03 -1.00e+05
2015 11 18  2035   57344  74100   2.01e+01  1.11e-01  8.67e-02  4.66e-02  3.73e-02  1.93e-02  3.31e+04  1.32e+03 -1.00e+05
2015 11 18  2040   57344  74400   2.39e+01  1.81e-01  1.32e-01  5.72e-02  4.79e-02  2.99e-02  3.63e+04  1.60e+03 -1.00e+05
2015 11 18  2045   57344  74700   2.51e+01  2.24e-01  1.25e-01  7.09e-02  4.28e-02  1.93e-02  3.63e+04  1.67e+03 -1.00e+05
2015 11 18  2050   57344  75000   2.60e+01  2.82e-01  1.66e-01  1.22e-01  9.02e-02  3.97e-02  3.81e+04  1.81e+03 -1.00e+05
2015 11 18  2055   57344  75300   1.43e+01  2.36e-01  2.12e-01  1.71e-01  1.42e-01  6.32e-02  3.80e+04  1.92e+03 -1.00e+05
2015 11 18  2100   57344  75600   2.13e+01  3.83e-01  2.11e-01  6.65e-02  5.72e-02  2.57e-02  3.72e+04  1.78e+03 -1.00e+05
2015 11 18  2105   57344  75900   1.77e+01  2.35e-01  1.78e-01  7.64e-02  6.71e-02  2.04e-02  3.86e+04  1.85e+03 -1.00e+05
2015 11 18  2110   57344  76200   1.69e+01  1.11e-01  8.67e-02  4.66e-02  3.73e-02  1.93e-02  4.33e+04  2.23e+03 -1.00e+05
2015 11 18  2115   57344  76500   1.68e+01  1.56e-01  1.31e-01  8.98e-02  5.33e-02  2.74e-02  4.11e+04  2.07e+03 -1.00e+05
2015 11 18  2120   57344  76800   1.98e+01  1.24e-01  9.97e-02  5.97e-02  5.04e-02  3.23e-02  4.06e+04  2.07e+03 -1.00e+05
2015 11 18  2125   57344  77100   2.26e+01  1.11e-01  8.67e-02  4.66e-02  3.73e-02  1.93e-02  4.27e+04  2.15e+03 -1.00e+05
2015 11 18  2130   57344  77400   2.39e+01  1.92e-01  1.68e-01  1.28e-01  1.18e-01  6.26e-02  4.10e+04  2.14e+03 -1.00e+05
2015 11 18  2135   57344  77700   2.52e+01  1.55e-01  1.30e-01  8.99e-02  8.06e-02  5.08e-02  4.11e+04  2.14e+03 -1.00e+05
2015 11 18  2140   57344  78000   3.69e+01  2.13e-01  1.07e-01  6.44e-02  5.51e-02  3.70e-02  4.08e+04  2.09e+03 -1.00e+05
2015 11 18  2145   57344  78300   2.77e+01  3.14e-01  2.16e-01  5.22e-02  4.30e-02  2.49e-02  3.95e+04  2.01e+03 -1.00e+05
2015 11 18  2150   57344  78600   1.53e+01  2.44e-01  2.19e-01  1.77e-01  1.10e-01  3.57e-02  3.87e+04  2.00e+03 -1.00e+05
2015 11 18  2155   57344  78900   2.14e+01  2.42e-01  1.59e-01  8.24e-02  7.31e-02  4.30e-02  3.76e+04  1.96e+03 -1.00e+05
2015 11 18  2200   57344  79200   1.58e+01  1.30e-01  1.05e-01  6.43e-02  4.13e-02  1.93e-02  3.94e+04  2.07e+03 -1.00e+05
2015 11 18  2205   57344  79500   3.30e+01  2.28e-01  1.23e-01  7.06e-02  5.89e-02  2.98e-02  3.66e+04  2.02e+03 -1.00e+05
2015 11 18  2210   57344  79800   2.38e+01  2.23e-01  1.98e-01  4.66e-02  3.73e-02  1.93e-02  3.69e+04  2.13e+03 -1.00e+05
2015 11 18  2215   57344  80100   2.30e+01  1.11e-01  8.67e-02  4.66e-02  3.73e-02  1.93e-02  3.67e+04  2.16e+03 -1.00e+05
2015 11 18  2220   57344  80400   4.03e+01  2.91e-01  1.35e-01  5.22e-02  4.30e-02  2.49e-02  3.61e+04  2.26e+03 -1.00e+05
2015 11 18  2225   57344  80700   2.51e+01  1.19e-01  9.48e-02  5.47e-02  4.54e-02  2.74e-02  3.64e+04  2.43e+03 -1.00e+05
2015 11 18  2230   57344  81000   5.15e+01  2.59e-01  1.33e-01  8.91e-02  6.94e-02  3.92e-02  3.89e+04  2.87e+03 -1.00e+05
2015 11 18  2235   57344  81300   2.80e+01  3.62e-01  3.37e-01  1.73e-01  1.35e-01  4.78e-02  4.09e+04  3.55e+03 -1.00e+05
2015 11 18  2240   57344  81600   2.81e+01  1.43e-01  1.18e-01  7.74e-02  4.43e-02  1.93e-02  3.82e+04  3.83e+03 -1.00e+05
2015 11 18  2245   57344  81900   2.57e+01  1.79e-01  1.54e-01  5.55e-02  4.62e-02  2.76e-02  3.65e+04  3.61e+03 -1.00e+05
2015 11 18  2250   57344  82200   3.88e+01  2.63e-01  1.67e-01  8.94e-02  8.01e-02  6.21e-02  2.51e+04  2.15e+03 -1.00e+05
2015 11 18  2255   57344  82500   5.17e+01  5.46e-01  1.61e-01  4.66e-02  3.73e-02  1.93e-02  1.49e+04  1.11e+03 -1.00e+05
2015 11 18  2300   57344  82800   1.87e+01  1.49e-01  1.24e-01  8.38e-02  7.45e-02  4.85e-02  1.15e+04  6.85e+02 -1.00e+05
2015 11 18  2305   57344  83100   1.82e+01  2.81e-01  2.56e-01  1.46e-01  1.21e-01  4.12e-02  1.01e+04  5.03e+02 -1.00e+05
2015 11 18  2310   57344  83400   1.48e+01  2.26e-01  2.01e-01  4.98e-02  4.05e-02  2.24e-02  1.06e+04  6.10e+02 -1.00e+05
2015 11 18  2315   57344  83700   2.62e+01  1.97e-01  8.98e-02  4.66e-02  3.73e-02  1.93e-02  1.34e+04  7.95e+02 -1.00e+05
2015 11 18  2320   57344  84000   2.09e+01  1.74e-01  1.26e-01  8.20e-02  7.27e-02  5.46e-02  1.21e+04  6.62e+02 -1.00e+05
2015 11 18  2325   57344  84300   2.51e+01  1.82e-01  1.32e-01  4.66e-02  3.73e-02  1.93e-02  1.27e+04  7.23e+02 -1.00e+05
2015 11 18  2330   57344  84600   1.89e+01  1.11e-01  8.67e-02  4.66e-02  3.73e-02  1.93e-02  1.39e+04  8.38e+02 -1.00e+05
2015 11 18  2335   57344  84900   1.94e+01  1.11e-01  8.67e-02  4.66e-02  3.73e-02  1.93e-02  1.48e+04  8.45e+02 -1.00e+05
2015 11 18  2340   57344  85200   2.74e+01  2.15e-01  1.18e-01  6.46e-02  5.53e-02  3.73e-02  1.27e+04  7.16e+02 -1.00e+05
2015 11 18  2345   57344  85500   3.70e+01  5.31e-01  2.44e-01  6.43e-02  4.13e-02  1.93e-02  1.17e+04  6.07e+02 -1.00e+05
2015 11 18  2350   57344  85800   2.52e+01  2.34e-01  1.35e-01  8.05e-02  4.26e-02  1.93e-02  1.26e+04  6.72e+02 -1.00e+05
2015 11 18  2355   57344  86100   2.21e+01  1.12e-01  8.73e-02  4.73e-02  3.80e-02  2.00e-02  1.15e+04  6.03e+02 -1.00e+05
