:Data_list: 20150609_Gp_part_5m.txt
:Created: 2015 Jun 10 0011 UTC
# Prepared by the U.S. Dept. of Commerce, NOAA, Space Weather Prediction Center
# Please send comments and suggestions to SWPC.Webmaster@noaa.gov 
# 
# Label: P > 1 = Particles at >1 Mev
# Label: P > 5 = Particles at >5 Mev
# Label: P >10 = Particles at >10 Mev
# Label: P >30 = Particles at >30 Mev
# Label: P >50 = Particles at >50 Mev
# Label: P>100 = Particles at >100 Mev
# Label: E>0.8 = Electrons at >0.8 Mev
# Label: E>2.0 = Electrons at >2.0 Mev
# Label: E>4.0 = Electrons at >4.0 Mev
# Units: Particles = Protons/cm2-s-sr
# Units: Electrons = Electrons/cm2-s-sr
# Source: GOES-13
# Location: W075
# Missing data: -1.00e+05
#
#                      5-minute  GOES-13 Solar Particle and Electron Flux
#
#                 Modified Seconds
# UTC Date  Time   Julian  of the
# YR MO DA  HHMM    Day     Day     P > 1     P > 5     P >10     P >30     P >50     P>100     E>0.8     E>2.0     E>4.0
#-------------------------------------------------------------------------------------------------------------------------
2015 06 09  0000   57182      0   3.70e+00  1.70e-01  1.47e-01  1.17e-01  1.03e-01  4.04e-02  9.93e+03  1.00e+01 -1.00e+05
2015 06 09  0005   57182    300   8.98e+00  6.79e-01  2.29e-01  9.36e-02  8.44e-02  6.59e-02  1.01e+04  1.15e+01 -1.00e+05
2015 06 09  0010   57182    600   3.52e+00  1.13e-01  8.93e-02  5.94e-02  5.02e-02  3.17e-02  9.74e+03  1.31e+01 -1.00e+05
2015 06 09  0015   57182    900   3.84e+00  1.50e-01  1.27e-01  9.70e-02  8.78e-02  5.22e-02  9.90e+03  1.62e+01 -1.00e+05
2015 06 09  0020   57182   1200   3.67e+00  2.61e-01  2.38e-01  9.29e-02  4.87e-02  2.00e-02  9.24e+03  1.01e+01 -1.00e+05
2015 06 09  0025   57182   1500   4.69e+00  1.82e-01  1.19e-01  8.17e-02  7.25e-02  5.40e-02  8.63e+03  1.18e+01 -1.00e+05
2015 06 09  0030   57182   1800   4.87e+00  1.66e-01  1.02e-01  6.44e-02  5.52e-02  3.67e-02  8.14e+03  8.13e+00 -1.00e+05
2015 06 09  0035   57182   2100   4.00e+00  2.62e-01  2.39e-01  7.98e-02  4.57e-02  2.00e-02  8.10e+03  1.04e+01 -1.00e+05
2015 06 09  0040   57182   2400   3.49e+00  1.43e-01  1.19e-01  8.88e-02  6.45e-02  4.16e-02  8.03e+03  6.15e+00 -1.00e+05
2015 06 09  0045   57182   2700   3.70e+00  1.73e-01  1.50e-01  8.18e-02  7.26e-02  5.41e-02  8.04e+03  7.85e+00 -1.00e+05
2015 06 09  0050   57182   3000   6.95e+00  2.34e-01  1.05e-01  7.32e-02  4.43e-02  2.00e-02  8.80e+03  7.95e+00 -1.00e+05
2015 06 09  0055   57182   3300   4.80e+00  1.79e-01  1.14e-01  4.86e-02  3.94e-02  2.03e-02  8.84e+03  1.24e+01 -1.00e+05
2015 06 09  0100   57182   3600   3.24e+00  1.62e-01  1.39e-01  5.36e-02  3.98e-02  2.00e-02  9.21e+03  1.37e+01 -1.00e+05
2015 06 09  0105   57182   3900   6.27e+00  2.55e-01  1.05e-01  7.33e-02  5.14e-02  2.92e-02  8.24e+03  1.14e+01 -1.00e+05
2015 06 09  0110   57182   4200   6.67e+00  2.37e-01  1.22e-01  4.77e-02  3.85e-02  2.00e-02  7.60e+03  1.44e+01 -1.00e+05
2015 06 09  0115   57182   4500   3.58e+00  1.44e-01  1.21e-01  4.77e-02  3.85e-02  2.00e-02  8.85e+03  1.56e+01 -1.00e+05
2015 06 09  0120   57182   4800   3.45e+00  1.44e-01  1.21e-01  4.77e-02  3.85e-02  2.00e-02  8.61e+03  1.55e+01 -1.00e+05
2015 06 09  0125   57182   5100   3.45e+00  1.01e-01  7.76e-02  4.77e-02  3.85e-02  2.00e-02  7.96e+03  8.60e+00 -1.00e+05
2015 06 09  0130   57182   5400   6.48e+00  2.12e-01  8.29e-02  5.20e-02  4.28e-02  2.43e-02  6.90e+03  8.02e+00 -1.00e+05
2015 06 09  0135   57182   5700   5.48e+00  2.81e-01  1.68e-01  7.18e-02  6.26e-02  4.41e-02  5.79e+03  1.79e+00 -1.00e+05
2015 06 09  0140   57182   6000   3.77e+00  1.57e-01  1.34e-01  6.01e-02  4.13e-02  2.00e-02  3.40e+03  3.13e+00 -1.00e+05
2015 06 09  0145   57182   6300   4.89e+00  1.91e-01  1.26e-01  4.77e-02  3.85e-02  2.00e-02  2.24e+03  1.33e-01 -1.00e+05
2015 06 09  0150   57182   6600   3.41e+00  1.59e-01  1.36e-01  6.68e-02  5.76e-02  3.91e-02  1.48e+03  3.28e-01 -1.00e+05
2015 06 09  0155   57182   6900   7.31e+00  2.87e-01  7.83e-02  4.77e-02  3.85e-02  2.00e-02  8.02e+02  1.41e+00 -1.00e+05
2015 06 09  0200   57182   7200   6.95e+00  2.07e-01  7.87e-02  4.77e-02  3.85e-02  2.00e-02  2.14e+03  1.73e+00 -1.00e+05
2015 06 09  0205   57182   7500   7.32e+00  2.07e-01  7.87e-02  4.77e-02  3.85e-02  2.00e-02  4.87e+03  4.06e+00 -1.00e+05
2015 06 09  0210   57182   7800   7.80e+00  3.91e-01  1.91e-01  6.67e-02  4.28e-02  2.00e-02  7.29e+03  1.15e+01 -1.00e+05
2015 06 09  0215   57182   8100   5.31e+00  1.66e-01  1.26e-01  9.23e-02  7.35e-02  3.03e-02  1.04e+04  1.77e+01 -1.00e+05
2015 06 09  0220   57182   8400   9.96e+00  3.85e-01  1.52e-01  5.84e-02  4.61e-02  2.67e-02  8.21e+03  1.15e+01 -1.00e+05
2015 06 09  0225   57182   8700   7.52e+00  2.48e-01  1.64e-01  1.23e-01  9.74e-02  4.87e-02  1.19e+04  2.38e+01 -1.00e+05
2015 06 09  0230   57182   9000   1.03e+01  2.07e-01  7.87e-02  4.77e-02  3.85e-02  2.00e-02  1.32e+04  2.84e+01 -1.00e+05
2015 06 09  0235   57182   9300   4.06e+01  4.20e-01  1.83e-01  4.77e-02  3.85e-02  2.00e-02  1.48e+04  4.14e+01 -1.00e+05
2015 06 09  0240   57182   9600   3.73e+01  2.68e-01  7.84e-02  4.77e-02  3.85e-02  2.00e-02  1.86e+04  5.51e+01 -1.00e+05
2015 06 09  0245   57182   9900   4.54e+01  2.39e-01  1.73e-01  6.97e-02  4.68e-02  2.43e-02  2.31e+04  8.71e+01 -1.00e+05
2015 06 09  0250   57182  10200   2.22e+01  2.09e-01  9.41e-02  4.77e-02  3.85e-02  2.00e-02  2.04e+04  7.04e+01 -1.00e+05
2015 06 09  0255   57182  10500   1.61e+01  3.71e-01  1.73e-01  7.39e-02  5.92e-02  3.91e-02  1.56e+04  4.46e+01 -1.00e+05
2015 06 09  0300   57182  10800   1.41e+01  2.96e-01  1.32e-01  4.77e-02  3.85e-02  2.00e-02  1.57e+04  4.77e+01 -1.00e+05
2015 06 09  0305   57182  11100   1.02e+01  1.71e-01  1.05e-01  6.67e-02  4.28e-02  2.00e-02  1.92e+04  6.53e+01 -1.00e+05
2015 06 09  0310   57182  11400   6.64e+00  1.49e-01  1.26e-01  5.66e-02  4.38e-02  2.43e-02  1.98e+04  6.84e+01 -1.00e+05
2015 06 09  0315   57182  11700   1.19e+01  2.09e-01  9.41e-02  4.77e-02  3.85e-02  2.00e-02  1.94e+04  8.31e+01 -1.00e+05
2015 06 09  0320   57182  12000   1.10e+01  1.02e-01  7.85e-02  4.86e-02  3.94e-02  2.03e-02  1.74e+04  7.44e+01 -1.00e+05
2015 06 09  0325   57182  12300   8.37e+00  2.64e-01  2.41e-01  8.63e-02  4.72e-02  2.00e-02  1.65e+04  5.58e+01 -1.00e+05
2015 06 09  0330   57182  12600   1.22e+01  1.51e-01  8.53e-02  4.77e-02  3.85e-02  2.00e-02  1.60e+04  5.99e+01 -1.00e+05
2015 06 09  0335   57182  12900   9.24e+00  2.10e-01  1.87e-01  6.74e-02  5.82e-02  2.63e-02  1.47e+04  4.91e+01 -1.00e+05
2015 06 09  0340   57182  13200   1.34e+01  4.06e-01  2.14e-01  8.42e-02  7.50e-02  5.65e-02  1.52e+04  5.05e+01 -1.00e+05
2015 06 09  0345   57182  13500   7.32e+00  1.55e-01  1.31e-01  1.00e-01  6.07e-02  3.67e-02  1.48e+04  4.70e+01 -1.00e+05
2015 06 09  0350   57182  13800   1.16e+01  2.27e-01  1.23e-01  9.18e-02  8.25e-02  6.39e-02  1.26e+04  3.43e+01 -1.00e+05
2015 06 09  0355   57182  14100   4.86e+00  2.45e-01  2.21e-01  1.36e-01  1.27e-01  4.85e-02  9.04e+03  1.77e+01 -1.00e+05
2015 06 09  0400   57182  14400   4.38e+00  1.02e-01  7.85e-02  4.86e-02  3.94e-02  2.03e-02  9.57e+03  1.71e+01 -1.00e+05
2015 06 09  0405   57182  14700   7.51e+00  2.79e-01  1.46e-01  6.68e-02  5.76e-02  3.91e-02  1.09e+04  2.11e+01 -1.00e+05
2015 06 09  0410   57182  15000   3.85e+00  1.07e-01  8.36e-02  5.36e-02  3.98e-02  2.00e-02  1.02e+04  2.26e+01 -1.00e+05
2015 06 09  0415   57182  15300   6.70e+00  1.85e-01  7.88e-02  4.77e-02  3.85e-02  2.00e-02  8.83e+03  1.47e+01 -1.00e+05
2015 06 09  0420   57182  15600   3.43e+00  1.20e-01  9.67e-02  6.68e-02  5.76e-02  3.91e-02  5.27e+03  5.75e+00 -1.00e+05
2015 06 09  0425   57182  15900   3.24e+00  1.42e-01  1.19e-01  8.91e-02  7.99e-02  6.14e-02  2.48e+03  1.33e-01 -1.00e+05
2015 06 09  0430   57182  16200   6.61e+00  3.82e-01  2.01e-01  6.32e-02  4.53e-02  2.43e-02  3.93e+03  3.14e+00 -1.00e+05
2015 06 09  0435   57182  16500   6.43e+00  2.09e-01  9.41e-02  4.77e-02  3.85e-02  2.00e-02  1.21e+04  2.33e+01 -1.00e+05
2015 06 09  0440   57182  16800   4.27e+00  1.20e-01  9.67e-02  6.68e-02  5.76e-02  3.91e-02  1.28e+04  2.69e+01 -1.00e+05
2015 06 09  0445   57182  17100   5.89e+00  2.33e-01  1.20e-01  7.43e-02  6.51e-02  4.66e-02  1.07e+04  2.07e+01 -1.00e+05
2015 06 09  0450   57182  17400   1.07e+01  2.70e-01  8.02e-02  4.95e-02  4.03e-02  2.18e-02  1.12e+04  2.82e+01 -1.00e+05
2015 06 09  0455   57182  17700   1.03e+01  3.57e-01  1.40e-01  5.94e-02  5.02e-02  3.17e-02  1.38e+04  3.64e+01 -1.00e+05
2015 06 09  0500   57182  18000   8.69e+00  1.51e-01  8.53e-02  4.77e-02  3.85e-02  2.00e-02  1.35e+04  3.37e+01 -1.00e+05
2015 06 09  0505   57182  18300   7.59e+00  1.17e-01  9.43e-02  6.44e-02  5.52e-02  3.67e-02  1.52e+04  4.82e+01 -1.00e+05
2015 06 09  0510   57182  18600   1.39e+01  1.57e-01  9.13e-02  5.36e-02  3.98e-02  2.00e-02  1.82e+04  7.59e+01 -1.00e+05
2015 06 09  0515   57182  18900   1.37e+01  1.46e-01  1.22e-01  4.95e-02  4.03e-02  2.18e-02  1.54e+04  5.43e+01 -1.00e+05
2015 06 09  0520   57182  19200   2.93e+01  3.31e-01  1.24e-01  5.48e-02  4.56e-02  2.23e-02  1.35e+04  3.98e+01 -1.00e+05
2015 06 09  0525   57182  19500   8.59e+00  1.41e-01  1.18e-01  8.69e-02  5.28e-02  2.23e-02  1.64e+04  6.33e+01 -1.00e+05
2015 06 09  0530   57182  19800   7.61e+00  1.77e-01  1.53e-01  8.91e-02  7.99e-02  6.14e-02  1.76e+04  6.67e+01 -1.00e+05
2015 06 09  0535   57182  20100   1.03e+01  1.94e-01  1.29e-01  4.77e-02  3.85e-02  2.00e-02  2.03e+04  9.45e+01 -1.00e+05
2015 06 09  0540   57182  20400   1.21e+01  2.21e-01  1.07e-01  6.01e-02  4.13e-02  2.00e-02  2.27e+04  1.29e+02 -1.00e+05
2015 06 09  0545   57182  20700   7.60e+00  1.39e-01  1.16e-01  8.46e-02  4.58e-02  2.18e-02  2.36e+04  1.63e+02 -1.00e+05
2015 06 09  0550   57182  21000   9.60e+00  1.51e-01  8.53e-02  4.77e-02  3.85e-02  2.00e-02  2.33e+04  1.59e+02 -1.00e+05
2015 06 09  0555   57182  21300   5.87e+00  1.02e-01  7.85e-02  4.86e-02  3.94e-02  2.03e-02  2.08e+04  1.25e+02 -1.00e+05
2015 06 09  0600   57182  21600   4.53e+00  1.51e-01  1.28e-01  4.77e-02  3.85e-02  2.00e-02  1.97e+04  1.19e+02 -1.00e+05
2015 06 09  0605   57182  21900   8.52e+00  3.22e-01  1.63e-01  9.00e-02  8.01e-02  6.14e-02  1.55e+04  8.11e+01 -1.00e+05
2015 06 09  0610   57182  22200   3.97e+00  1.12e-01  8.84e-02  5.84e-02  4.61e-02  2.67e-02  1.50e+04  7.44e+01 -1.00e+05
2015 06 09  0615   57182  22500   4.12e+00  1.01e-01  7.76e-02  4.77e-02  3.85e-02  2.00e-02  1.63e+04  8.61e+01 -1.00e+05
2015 06 09  0620   57182  22800   8.38e+00  5.42e-01  2.84e-01  9.83e-02  6.28e-02  3.67e-02  1.50e+04  7.37e+01 -1.00e+05
2015 06 09  0625   57182  23100   6.31e+00  1.85e-01  7.88e-02  4.77e-02  3.85e-02  2.00e-02  1.39e+04  4.67e+01 -1.00e+05
2015 06 09  0630   57182  23400   6.89e+00  3.44e-01  1.51e-01  6.67e-02  4.28e-02  2.00e-02  1.32e+04  4.17e+01 -1.00e+05
2015 06 09  0635   57182  23700   3.54e+00  1.44e-01  1.21e-01  4.77e-02  3.85e-02  2.00e-02  1.57e+04  5.49e+01 -1.00e+05
2015 06 09  0640   57182  24000   6.53e+00  2.41e-01  1.24e-01  9.23e-02  7.35e-02  3.03e-02  1.54e+04  4.85e+01 -1.00e+05
2015 06 09  0645   57182  24300   3.38e+00  1.56e-01  1.33e-01  6.74e-02  5.82e-02  2.63e-02  1.05e+04  2.06e+01 -1.00e+05
2015 06 09  0650   57182  24600   3.58e+00  1.62e-01  1.38e-01  6.68e-02  4.99e-02  2.92e-02  1.06e+04  1.77e+01 -1.00e+05
2015 06 09  0655   57182  24900   4.49e+00  2.00e-01  1.35e-01  5.36e-02  3.98e-02  2.00e-02  5.39e+03  6.59e+00 -1.00e+05
2015 06 09  0700   57182  25200   3.33e+00  1.62e-01  1.39e-01  1.08e-01  6.19e-02  2.43e-02  1.25e+03  1.33e-01 -1.00e+05
2015 06 09  0705   57182  25500   4.20e+00  1.94e-01  1.29e-01  4.77e-02  3.85e-02  2.00e-02  1.35e+03  2.22e+00 -1.00e+05
2015 06 09  0710   57182  25800   4.44e+00  2.20e-01  1.23e-01  7.45e-02  6.52e-02  3.15e-02  2.27e+03  1.83e-01 -1.00e+05
2015 06 09  0715   57182  26100   3.51e+00  1.01e-01  7.76e-02  4.77e-02  3.85e-02  2.00e-02  4.18e+03  4.49e+00 -1.00e+05
2015 06 09  0720   57182  26400   7.62e+00  2.70e-01  1.35e-01  5.20e-02  4.28e-02  2.43e-02  5.69e+03  2.35e+01 -1.00e+05
2015 06 09  0725   57182  26700   4.32e+00  1.22e-01  9.92e-02  6.93e-02  6.01e-02  4.16e-02  1.11e+04  4.72e+01 -1.00e+05
2015 06 09  0730   57182  27000   4.84e+00  1.01e-01  7.76e-02  4.77e-02  3.85e-02  2.00e-02  1.39e+04  7.06e+01 -1.00e+05
2015 06 09  0735   57182  27300   5.71e+00  1.29e-01  1.06e-01  4.77e-02  3.85e-02  2.00e-02  1.33e+04  7.44e+01 -1.00e+05
2015 06 09  0740   57182  27600   1.59e+01  1.98e-01  9.29e-02  6.19e-02  5.27e-02  3.42e-02  1.63e+04  9.17e+01 -1.00e+05
2015 06 09  0745   57182  27900   1.16e+01  1.51e-01  8.53e-02  4.77e-02  3.85e-02  2.00e-02  1.32e+04  7.24e+01 -1.00e+05
2015 06 09  0750   57182  28200   9.14e+00  2.09e-01  9.41e-02  4.77e-02  3.85e-02  2.00e-02  1.18e+04  6.50e+01 -1.00e+05
2015 06 09  0755   57182  28500   6.28e+00  1.34e-01  1.10e-01  7.99e-02  5.29e-02  2.92e-02  1.62e+04  9.34e+01 -1.00e+05
2015 06 09  0800   57182  28800   8.15e+00  1.42e-01  1.19e-01  4.86e-02  3.94e-02  2.03e-02  2.06e+04  1.52e+02 -1.00e+05
2015 06 09  0805   57182  29100   7.53e+00  1.34e-01  1.11e-01  7.98e-02  4.57e-02  2.00e-02  2.14e+04  1.79e+02 -1.00e+05
2015 06 09  0810   57182  29400   1.06e+01  2.09e-01  9.41e-02  4.77e-02  3.85e-02  2.00e-02  2.09e+04  1.71e+02 -1.00e+05
2015 06 09  0815   57182  29700   5.45e+00  1.42e-01  1.19e-01  8.91e-02  7.99e-02  6.14e-02  2.00e+04  1.50e+02 -1.00e+05
2015 06 09  0820   57182  30000   5.93e+00  1.43e-01  1.20e-01  6.19e-02  5.27e-02  3.42e-02  2.14e+04  1.73e+02 -1.00e+05
2015 06 09  0825   57182  30300   6.24e+00  1.76e-01  1.53e-01  1.22e-01  9.00e-02  5.75e-02  2.27e+04  2.02e+02 -1.00e+05
2015 06 09  0830   57182  30600   6.10e+00  1.01e-01  7.76e-02  4.77e-02  3.85e-02  2.00e-02  2.53e+04  2.42e+02 -1.00e+05
2015 06 09  0835   57182  30900   6.12e+00  1.47e-01  1.24e-01  9.29e-02  4.87e-02  2.00e-02  2.60e+04  2.66e+02 -1.00e+05
2015 06 09  0840   57182  31200   7.26e+00  1.69e-01  1.04e-01  6.68e-02  5.76e-02  3.91e-02  2.72e+04  2.58e+02 -1.00e+05
2015 06 09  0845   57182  31500   1.25e+01  3.25e-01  1.31e-01  4.77e-02  3.85e-02  2.00e-02  2.84e+04  2.88e+02 -1.00e+05
2015 06 09  0850   57182  31800   1.34e+01  5.23e-01  1.74e-01  9.00e-02  8.01e-02  6.14e-02  2.90e+04  3.22e+02 -1.00e+05
2015 06 09  0855   57182  32100   6.06e+00  1.71e-01  1.47e-01  1.18e-01  1.08e-01  4.24e-02  3.10e+04  3.54e+02 -1.00e+05
2015 06 09  0900   57182  32400   6.14e+00  1.52e-01  1.29e-01  9.87e-02  8.95e-02  3.64e-02  3.20e+04  3.69e+02 -1.00e+05
2015 06 09  0905   57182  32700   1.09e+01  1.98e-01  9.15e-02  6.01e-02  4.13e-02  2.00e-02  3.27e+04  4.02e+02 -1.00e+05
2015 06 09  0910   57182  33000   6.29e+00  1.83e-01  1.60e-01  1.30e-01  1.21e-01  4.65e-02  3.34e+04  4.06e+02 -1.00e+05
2015 06 09  0915   57182  33300   6.98e+00  2.10e-01  1.87e-01  7.59e-02  6.67e-02  3.70e-02  3.44e+04  4.35e+02 -1.00e+05
2015 06 09  0920   57182  33600   7.58e+00  1.43e-01  1.20e-01  8.98e-02  8.06e-02  6.21e-02  3.54e+04  4.71e+02 -1.00e+05
2015 06 09  0925   57182  33900   9.81e+00  2.57e-01  1.43e-01  5.45e-02  4.53e-02  2.67e-02  3.57e+04  4.83e+02 -1.00e+05
2015 06 09  0930   57182  34200   7.87e+00  1.03e-01  7.94e-02  4.95e-02  4.03e-02  2.18e-02  3.72e+04  5.04e+02 -1.00e+05
2015 06 09  0935   57182  34500   9.46e+00  1.91e-01  1.25e-01  8.63e-02  4.72e-02  2.00e-02  3.76e+04  5.21e+02 -1.00e+05
2015 06 09  0940   57182  34800   1.47e+01  2.48e-01  9.79e-02  6.68e-02  4.99e-02  2.92e-02  3.77e+04  5.58e+02 -1.00e+05
2015 06 09  0945   57182  35100   1.52e+01  3.77e-01  1.31e-01  4.77e-02  3.85e-02  2.00e-02  3.76e+04  5.61e+02 -1.00e+05
2015 06 09  0950   57182  35400   1.15e+01  2.56e-01  1.43e-01  6.93e-02  6.01e-02  4.16e-02  3.76e+04  5.54e+02 -1.00e+05
2015 06 09  0955   57182  35700   6.68e+00  1.08e-01  8.47e-02  5.48e-02  4.56e-02  2.23e-02  3.92e+04  5.72e+02 -1.00e+05
2015 06 09  1000   57182  36000   1.16e+01  3.19e-01  1.58e-01  7.68e-02  6.75e-02  4.90e-02  3.96e+04  6.05e+02 -1.00e+05
2015 06 09  1005   57182  36300   7.30e+00  1.52e-01  1.28e-01  9.83e-02  8.46e-02  3.44e-02  4.14e+04  6.37e+02 -1.00e+05
2015 06 09  1010   57182  36600   1.23e+01  2.22e-01  9.92e-02  6.82e-02  5.90e-02  2.95e-02  4.15e+04  6.46e+02 -1.00e+05
2015 06 09  1015   57182  36900   6.74e+00  1.63e-01  1.40e-01  5.94e-02  5.02e-02  3.17e-02  4.26e+04  6.70e+02 -1.00e+05
2015 06 09  1020   57182  37200   1.60e+01  3.14e-01  1.17e-01  8.62e-02  7.70e-02  3.24e-02  4.40e+04  7.10e+02 -1.00e+05
2015 06 09  1025   57182  37500   1.14e+01  2.62e-01  1.31e-01  5.57e-02  4.64e-02  2.54e-02  4.40e+04  7.03e+02 -1.00e+05
2015 06 09  1030   57182  37800   8.45e+00  2.41e-01  2.18e-01  9.94e-02  9.02e-02  6.13e-02  4.40e+04  7.53e+02 -1.00e+05
2015 06 09  1035   57182  38100   1.49e+01  4.66e-01  2.04e-01  7.40e-02  6.48e-02  2.97e-02  4.41e+04  7.41e+02 -1.00e+05
2015 06 09  1040   57182  38400   7.79e+00  1.01e-01  7.76e-02  4.77e-02  3.85e-02  2.00e-02  4.57e+04  7.75e+02 -1.00e+05
2015 06 09  1045   57182  38700   1.10e+01  2.17e-01  1.08e-01  6.29e-02  5.37e-02  3.11e-02  4.66e+04  8.00e+02 -1.00e+05
2015 06 09  1050   57182  39000   1.92e+01  6.17e-01  1.52e-01  5.36e-02  3.98e-02  2.00e-02  4.66e+04  8.11e+02 -1.00e+05
2015 06 09  1055   57182  39300   6.99e+00  1.01e-01  7.76e-02  4.77e-02  3.85e-02  2.00e-02  4.66e+04  8.29e+02 -1.00e+05
2015 06 09  1100   57182  39600   1.42e+01  3.02e-01  1.59e-01  1.27e-01  1.02e-01  6.70e-02  4.66e+04  7.99e+02 -1.00e+05
2015 06 09  1105   57182  39900   1.07e+01  2.16e-01  1.24e-01  8.12e-02  7.20e-02  3.53e-02  4.66e+04  8.43e+02 -1.00e+05
2015 06 09  1110   57182  40200   7.08e+00  1.01e-01  7.76e-02  4.77e-02  3.85e-02  2.00e-02  4.66e+04  8.22e+02 -1.00e+05
2015 06 09  1115   57182  40500   7.64e+00  2.14e-01  1.91e-01  6.11e-02  5.19e-02  2.43e-02  4.84e+04  8.69e+02 -1.00e+05
2015 06 09  1120   57182  40800   1.68e+01  3.64e-01  1.20e-01  8.94e-02  7.23e-02  5.15e-02  4.88e+04  8.75e+02 -1.00e+05
2015 06 09  1125   57182  41100   7.77e+00  1.01e-01  7.76e-02  4.77e-02  3.85e-02  2.00e-02  4.97e+04  9.29e+02 -1.00e+05
2015 06 09  1130   57182  41400   6.72e+00  1.62e-01  1.39e-01  5.66e-02  4.38e-02  2.43e-02  4.93e+04  8.62e+02 -1.00e+05
2015 06 09  1135   57182  41700   1.07e+01  1.79e-01  1.15e-01  7.75e-02  6.39e-02  4.41e-02  5.05e+04  9.42e+02 -1.00e+05
2015 06 09  1140   57182  42000   1.13e+01  1.89e-01  8.30e-02  5.20e-02  4.28e-02  2.43e-02  4.93e+04  9.09e+02 -1.00e+05
2015 06 09  1145   57182  42300   8.09e+00  1.01e-01  7.76e-02  4.77e-02  3.85e-02  2.00e-02  5.18e+04  9.57e+02 -1.00e+05
2015 06 09  1150   57182  42600   1.50e+01  2.75e-01  8.52e-02  5.45e-02  4.53e-02  2.67e-02  5.19e+04  9.66e+02 -1.00e+05
2015 06 09  1155   57182  42900   1.57e+01  3.48e-01  1.22e-01  9.12e-02  7.46e-02  5.40e-02  5.18e+04  9.61e+02 -1.00e+05
2015 06 09  1200   57182  43200   6.39e+00  1.65e-01  1.42e-01  7.59e-02  6.67e-02  3.70e-02  5.19e+04  9.37e+02 -1.00e+05
2015 06 09  1205   57182  43500   1.41e+01  2.72e-01  1.03e-01  7.18e-02  6.26e-02  4.41e-02  5.19e+04  9.45e+02 -1.00e+05
2015 06 09  1210   57182  43800   1.00e+01  1.60e-01  9.44e-02  5.69e-02  4.77e-02  2.92e-02  5.33e+04  1.01e+03 -1.00e+05
2015 06 09  1215   57182  44100   9.24e+00  2.27e-01  1.62e-01  7.98e-02  4.57e-02  2.00e-02  5.27e+04  1.02e+03 -1.00e+05
2015 06 09  1220   57182  44400   6.91e+00  1.27e-01  1.04e-01  7.43e-02  6.51e-02  4.66e-02  5.30e+04  1.03e+03 -1.00e+05
2015 06 09  1225   57182  44700   6.99e+00  1.01e-01  7.76e-02  4.77e-02  3.85e-02  2.00e-02  5.46e+04  1.03e+03 -1.00e+05
2015 06 09  1230   57182  45000   1.44e+01  2.28e-01  1.11e-01  7.99e-02  7.07e-02  3.03e-02  5.56e+04  1.13e+03 -1.00e+05
2015 06 09  1235   57182  45300   8.03e+00  1.13e-01  9.02e-02  6.02e-02  4.85e-02  2.92e-02  5.73e+04  1.22e+03 -1.00e+05
2015 06 09  1240   57182  45600   8.88e+00  1.79e-01  1.56e-01  6.68e-02  5.76e-02  3.91e-02  5.76e+04  1.24e+03 -1.00e+05
2015 06 09  1245   57182  45900   8.81e+00  4.26e-01  4.03e-01  8.67e-02  4.40e-02  2.00e-02  5.81e+04  1.26e+03 -1.00e+05
2015 06 09  1250   57182  46200   8.24e+00  1.42e-01  1.19e-01  8.91e-02  7.99e-02  6.14e-02  5.85e+04  1.27e+03 -1.00e+05
2015 06 09  1255   57182  46500   1.75e+01  2.58e-01  9.19e-02  6.11e-02  5.19e-02  2.43e-02  5.88e+04  1.27e+03 -1.00e+05
2015 06 09  1300   57182  46800   1.48e+01  2.83e-01  1.51e-01  7.43e-02  6.51e-02  4.66e-02  5.96e+04  1.28e+03 -1.00e+05
2015 06 09  1305   57182  47100   1.57e+01  2.58e-01  1.29e-01  9.70e-02  6.07e-02  3.67e-02  5.84e+04  1.25e+03 -1.00e+05
2015 06 09  1310   57182  47400   1.75e+01  2.13e-01  8.47e-02  5.36e-02  3.98e-02  2.00e-02  5.91e+04  1.37e+03 -1.00e+05
2015 06 09  1315   57182  47700   8.58e+00  1.01e-01  7.76e-02  4.77e-02  3.85e-02  2.00e-02  5.92e+04  1.33e+03 -1.00e+05
2015 06 09  1320   57182  48000   9.06e+00  1.20e-01  9.71e-02  6.67e-02  4.28e-02  2.00e-02  5.88e+04  1.33e+03 -1.00e+05
2015 06 09  1325   57182  48300   1.27e+01  1.53e-01  8.71e-02  4.95e-02  4.03e-02  2.18e-02  6.08e+04  1.38e+03 -1.00e+05
2015 06 09  1330   57182  48600   1.77e+01  2.49e-01  7.85e-02  4.77e-02  3.85e-02  2.00e-02  5.90e+04  1.30e+03 -1.00e+05
2015 06 09  1335   57182  48900   9.21e+00  1.41e-01  1.18e-01  4.77e-02  3.85e-02  2.00e-02  5.71e+04  1.26e+03 -1.00e+05
2015 06 09  1340   57182  49200   9.93e+00  1.83e-01  1.18e-01  5.20e-02  4.28e-02  2.43e-02  5.11e+04  9.00e+02 -1.00e+05
2015 06 09  1345   57182  49500   6.78e+00  1.30e-01  1.07e-01  7.68e-02  6.76e-02  2.12e-02  3.59e+04  7.34e+02 -1.00e+05
2015 06 09  1350   57182  49800   8.58e+00  2.51e-01  1.72e-01  1.31e-01  9.19e-02  3.44e-02  3.95e+04  6.89e+02 -1.00e+05
2015 06 09  1355   57182  50100   9.48e+00  2.09e-01  9.41e-02  4.77e-02  3.85e-02  2.00e-02  4.13e+04  7.12e+02 -1.00e+05
2015 06 09  1400   57182  50400   5.05e+00  1.34e-01  1.11e-01  7.99e-02  4.40e-02  2.00e-02  4.13e+04  6.86e+02 -1.00e+05
2015 06 09  1405   57182  50700   1.91e+01  2.93e-01  8.44e-02  5.36e-02  3.98e-02  2.00e-02  3.55e+04  6.23e+02 -1.00e+05
2015 06 09  1410   57182  51000   1.91e+01  2.07e-01  7.87e-02  4.77e-02  3.85e-02  2.00e-02  4.04e+04  6.70e+02 -1.00e+05
2015 06 09  1415   57182  51300   1.23e+01  2.72e-01  1.60e-01  7.43e-02  6.51e-02  4.66e-02  3.97e+04  7.33e+02 -1.00e+05
2015 06 09  1420   57182  51600   2.13e+01  2.90e-01  1.11e-01  7.99e-02  7.07e-02  3.03e-02  4.24e+04  7.76e+02 -1.00e+05
2015 06 09  1425   57182  51900   1.34e+01  2.30e-01  1.36e-01  9.26e-02  6.87e-02  2.83e-02  4.18e+04  8.25e+02 -1.00e+05
2015 06 09  1430   57182  52200  -1.00e+05 -1.00e+05 -1.00e+05 -1.00e+05 -1.00e+05 -1.00e+05 -1.00e+05 -1.00e+05 -1.00e+05
2015 06 09  1435   57182  52500  -1.00e+05 -1.00e+05 -1.00e+05 -1.00e+05 -1.00e+05 -1.00e+05 -1.00e+05 -1.00e+05 -1.00e+05
2015 06 09  1440   57182  52800  -1.00e+05 -1.00e+05 -1.00e+05 -1.00e+05 -1.00e+05 -1.00e+05 -1.00e+05 -1.00e+05 -1.00e+05
2015 06 09  1445   57182  53100  -1.00e+05 -1.00e+05 -1.00e+05 -1.00e+05 -1.00e+05 -1.00e+05 -1.00e+05 -1.00e+05 -1.00e+05
2015 06 09  1450   57182  53400  -1.00e+05 -1.00e+05 -1.00e+05 -1.00e+05 -1.00e+05 -1.00e+05 -1.00e+05 -1.00e+05 -1.00e+05
2015 06 09  1455   57182  53700  -1.00e+05 -1.00e+05 -1.00e+05 -1.00e+05 -1.00e+05 -1.00e+05 -1.00e+05 -1.00e+05 -1.00e+05
2015 06 09  1500   57182  54000  -1.00e+05 -1.00e+05 -1.00e+05 -1.00e+05 -1.00e+05 -1.00e+05 -1.00e+05 -1.00e+05 -1.00e+05
2015 06 09  1505   57182  54300   8.37e+00  2.23e-01  2.00e-01  1.70e-01  1.61e-01  8.13e-02  4.40e+04  8.99e+02 -1.00e+05
2015 06 09  1510   57182  54600   1.55e+01  2.49e-01  1.36e-01  1.05e-01  8.60e-02  3.44e-02  4.52e+04  8.97e+02 -1.00e+05
2015 06 09  1515   57182  54900   8.14e+00  1.01e-01  7.76e-02  4.77e-02  3.85e-02  2.00e-02  4.50e+04  8.93e+02 -1.00e+05
2015 06 09  1520   57182  55200   1.07e+01  1.51e-01  8.53e-02  4.77e-02  3.85e-02  2.00e-02  4.39e+04  8.59e+02 -1.00e+05
2015 06 09  1525   57182  55500   7.88e+00  1.98e-01  1.75e-01  8.62e-02  7.70e-02  3.24e-02  4.43e+04  8.22e+02 -1.00e+05
2015 06 09  1530   57182  55800   1.43e+01  2.38e-01  9.20e-02  6.11e-02  5.19e-02  2.43e-02  4.37e+04  8.05e+02 -1.00e+05
2015 06 09  1535   57182  56100   1.30e+01  3.74e-01  1.33e-01  4.86e-02  3.94e-02  2.03e-02  4.31e+04  7.89e+02 -1.00e+05
2015 06 09  1540   57182  56400   7.43e+00  1.62e-01  1.38e-01  8.54e-02  7.62e-02  5.18e-02  4.67e+04  8.88e+02 -1.00e+05
2015 06 09  1545   57182  56700   6.87e+00  1.44e-01  1.21e-01  4.77e-02  3.85e-02  2.00e-02  4.37e+04  7.48e+02 -1.00e+05
2015 06 09  1550   57182  57000   9.86e+00  1.65e-01  1.02e-01  6.51e-02  5.59e-02  3.74e-02  4.33e+04  8.12e+02 -1.00e+05
2015 06 09  1555   57182  57300   1.03e+01  2.28e-01  1.14e-01  6.67e-02  4.28e-02  2.00e-02  4.37e+04  7.80e+02 -1.00e+05
2015 06 09  1600   57182  57600   1.61e+01  2.75e-01  1.05e-01  7.39e-02  5.92e-02  3.91e-02  4.50e+04  8.48e+02 -1.00e+05
2015 06 09  1605   57182  57900   1.13e+01  2.09e-01  9.41e-02  4.77e-02  3.85e-02  2.00e-02  4.62e+04  8.71e+02 -1.00e+05
2015 06 09  1610   57182  58200   7.46e+00  1.86e-01  1.63e-01  1.00e-01  5.58e-02  2.23e-02  4.48e+04  8.36e+02 -1.00e+05
2015 06 09  1615   57182  58500   7.75e+00  1.65e-01  1.42e-01  6.19e-02  5.27e-02  3.42e-02  4.61e+04  8.74e+02 -1.00e+05
2015 06 09  1620   57182  58800   1.35e+01  3.87e-01  1.94e-01  7.68e-02  6.76e-02  2.12e-02  4.50e+04  8.48e+02 -1.00e+05
2015 06 09  1625   57182  59100   7.42e+00  1.45e-01  1.22e-01  9.16e-02  7.88e-02  3.55e-02  4.44e+04  8.46e+02 -1.00e+05
2015 06 09  1630   57182  59400   7.43e+00  1.47e-01  1.23e-01  5.48e-02  4.56e-02  2.23e-02  4.51e+04  8.81e+02 -1.00e+05
2015 06 09  1635   57182  59700   1.02e+01  2.22e-01  1.10e-01  6.43e-02  5.51e-02  3.66e-02  4.40e+04  8.63e+02 -1.00e+05
2015 06 09  1640   57182  60000   8.02e+00  1.92e-01  1.26e-01  8.76e-02  4.89e-02  2.18e-02  4.35e+04  7.78e+02 -1.00e+05
2015 06 09  1645   57182  60300   5.81e+00  1.01e-01  7.76e-02  4.77e-02  3.85e-02  2.00e-02  4.28e+04  7.62e+02 -1.00e+05
2015 06 09  1650   57182  60600   1.39e+01  3.85e-01  1.52e-01  8.24e-02  7.32e-02  5.47e-02  4.36e+04  7.46e+02 -1.00e+05
2015 06 09  1655   57182  60900   5.80e+00  1.39e-01  1.16e-01  8.62e-02  7.70e-02  3.24e-02  4.43e+04  7.91e+02 -1.00e+05
2015 06 09  1700   57182  61200   8.10e+00  3.34e-01  2.68e-01  8.29e-02  4.40e-02  2.00e-02  4.64e+04  8.04e+02 -1.00e+05
2015 06 09  1705   57182  61500   5.50e+00  1.39e-01  1.16e-01  8.62e-02  7.70e-02  3.24e-02  4.65e+04  8.47e+02 -1.00e+05
2015 06 09  1710   57182  61800   1.00e+01  2.95e-01  1.32e-01  4.86e-02  3.94e-02  2.03e-02  4.79e+04  9.00e+02 -1.00e+05
2015 06 09  1715   57182  62100   1.23e+01  2.87e-01  7.83e-02  4.77e-02  3.85e-02  2.00e-02  4.69e+04  8.34e+02 -1.00e+05
2015 06 09  1720   57182  62400   5.60e+00  1.14e-01  9.04e-02  6.01e-02  4.13e-02  2.00e-02  4.70e+04  8.14e+02 -1.00e+05
2015 06 09  1725   57182  62700   4.72e+00  1.51e-01  1.28e-01  6.11e-02  5.19e-02  2.43e-02  4.46e+04  7.36e+02 -1.00e+05
2015 06 09  1730   57182  63000   4.64e+00  1.40e-01  1.17e-01  8.55e-02  4.40e-02  2.00e-02  4.65e+04  7.70e+02 -1.00e+05
2015 06 09  1735   57182  63300   4.64e+00  2.15e-01  1.92e-01  1.60e-01  1.06e-01  6.15e-02  4.66e+04  7.86e+02 -1.00e+05
2015 06 09  1740   57182  63600   8.09e+00  2.21e-01  1.15e-01  8.29e-02  4.40e-02  2.00e-02  4.79e+04  8.11e+02 -1.00e+05
2015 06 09  1745   57182  63900   4.99e+00  1.01e-01  7.76e-02  4.77e-02  3.85e-02  2.00e-02  4.91e+04  8.53e+02 -1.00e+05
2015 06 09  1750   57182  64200   4.60e+00  1.01e-01  7.76e-02  4.77e-02  3.85e-02  2.00e-02  5.13e+04  9.04e+02 -1.00e+05
2015 06 09  1755   57182  64500   9.32e+00  3.71e-01  1.78e-01  9.29e-02  4.87e-02  2.00e-02  5.13e+04  9.04e+02 -1.00e+05
2015 06 09  1800   57182  64800   4.90e+00  1.01e-01  7.76e-02  4.77e-02  3.85e-02  2.00e-02  5.06e+04  8.98e+02 -1.00e+05
2015 06 09  1805   57182  65100   6.97e+00  2.42e-01  1.28e-01  7.99e-02  4.40e-02  2.00e-02  4.96e+04  8.55e+02 -1.00e+05
2015 06 09  1810   57182  65400   3.97e+00  1.51e-01  1.28e-01  4.77e-02  3.85e-02  2.00e-02  4.80e+04  7.92e+02 -1.00e+05
2015 06 09  1815   57182  65700   7.65e+00  2.07e-01  7.87e-02  4.77e-02  3.85e-02  2.00e-02  4.85e+04  8.18e+02 -1.00e+05
2015 06 09  1820   57182  66000   4.12e+00  1.25e-01  1.01e-01  4.77e-02  3.85e-02  2.00e-02  4.96e+04  8.42e+02 -1.00e+05
2015 06 09  1825   57182  66300   8.38e+00  4.19e-01  1.60e-01  4.77e-02  3.85e-02  2.00e-02  4.74e+04  7.72e+02 -1.00e+05
2015 06 09  1830   57182  66600   4.00e+00  2.84e-01  2.61e-01  1.11e-01  7.55e-02  5.15e-02  4.72e+04  7.25e+02 -1.00e+05
2015 06 09  1835   57182  66900   6.42e+00  2.07e-01  7.87e-02  4.77e-02  3.85e-02  2.00e-02  4.30e+04  6.09e+02 -1.00e+05
2015 06 09  1840   57182  67200   3.57e+00  1.96e-01  1.73e-01  1.42e-01  1.24e-01  4.65e-02  4.07e+04  5.23e+02 -1.00e+05
2015 06 09  1845   57182  67500   4.49e+00  1.73e-01  1.09e-01  7.18e-02  6.26e-02  4.41e-02  2.79e+04  3.31e+02 -1.00e+05
2015 06 09  1850   57182  67800   5.63e+00  3.04e-01  1.91e-01  1.07e-01  7.44e-02  4.90e-02  2.93e+04  3.00e+02 -1.00e+05
2015 06 09  1855   57182  68100   6.71e+00  3.03e-01  1.74e-01  1.43e-01  1.34e-01  7.54e-02  2.58e+04  2.93e+02 -1.00e+05
2015 06 09  1900   57182  68400   4.10e+00  1.54e-01  1.29e-01  9.87e-02  8.95e-02  3.64e-02  2.70e+04  3.23e+02 -1.00e+05
2015 06 09  1905   57182  68700   4.95e+00  1.57e-01  9.13e-02  5.36e-02  3.98e-02  2.00e-02  2.58e+04  2.91e+02 -1.00e+05
2015 06 09  1910   57182  69000   5.70e+00  1.93e-01  9.22e-02  6.11e-02  5.19e-02  2.43e-02  2.22e+04  2.51e+02 -1.00e+05
2015 06 09  1915   57182  69300   3.36e+00  1.01e-01  7.76e-02  4.77e-02  3.85e-02  2.00e-02  1.75e+04  1.71e+02 -1.00e+05
2015 06 09  1920   57182  69600   8.34e+00  3.99e-01  1.33e-01  4.77e-02  3.85e-02  2.00e-02  1.55e+04  1.48e+02 -1.00e+05
2015 06 09  1925   57182  69900   4.31e+00  1.55e-01  1.32e-01  1.01e-01  7.97e-02  5.76e-02  1.91e+04  1.92e+02 -1.00e+05
2015 06 09  1930   57182  70200   6.63e+00  2.40e-01  1.27e-01  8.11e-02  6.85e-02  4.90e-02  1.99e+04  2.24e+02 -1.00e+05
2015 06 09  1935   57182  70500   4.45e+00  3.04e-01  2.80e-01  1.29e-01  9.29e-02  6.89e-02  2.11e+04  2.26e+02 -1.00e+05
2015 06 09  1940   57182  70800   3.92e+00  1.01e-01  7.76e-02  4.77e-02  3.85e-02  2.00e-02  2.27e+04  2.67e+02 -1.00e+05
2015 06 09  1945   57182  71100   5.17e+00  1.76e-01  1.11e-01  7.39e-02  5.92e-02  3.91e-02  2.59e+04  3.19e+02 -1.00e+05
2015 06 09  1950   57182  71400   3.90e+00  2.02e-01  1.79e-01  7.99e-02  7.07e-02  3.03e-02  2.85e+04  3.68e+02 -1.00e+05
2015 06 09  1955   57182  71700   3.92e+00  1.20e-01  9.71e-02  6.67e-02  4.28e-02  2.00e-02  2.89e+04  3.82e+02 -1.00e+05
2015 06 09  2000   57182  72000   3.74e+00  1.20e-01  9.73e-02  6.74e-02  5.82e-02  2.63e-02  2.93e+04  3.77e+02 -1.00e+05
2015 06 09  2005   57182  72300   3.61e+00  1.51e-01  1.28e-01  5.69e-02  4.77e-02  2.92e-02  2.88e+04  3.56e+02 -1.00e+05
2015 06 09  2010   57182  72600   3.67e+00  1.74e-01  1.50e-01  1.20e-01  1.11e-01  4.75e-02  2.85e+04  3.44e+02 -1.00e+05
2015 06 09  2015   57182  72900   3.07e+00  1.52e-01  1.29e-01  9.87e-02  8.95e-02  3.64e-02  2.61e+04  2.74e+02 -1.00e+05
2015 06 09  2020   57182  73200   3.18e+00  1.77e-01  1.54e-01  1.24e-01  1.15e-01  4.44e-02  3.02e+04  3.39e+02 -1.00e+05
2015 06 09  2025   57182  73500   3.23e+00  1.20e-01  9.67e-02  6.68e-02  5.76e-02  3.91e-02  3.17e+04  4.02e+02 -1.00e+05
2015 06 09  2030   57182  73800   4.70e+00  2.09e-01  9.41e-02  4.77e-02  3.85e-02  2.00e-02  3.21e+04  3.79e+02 -1.00e+05
2015 06 09  2035   57182  74100   3.25e+00  1.44e-01  1.21e-01  4.77e-02  3.85e-02  2.00e-02  2.96e+04  3.37e+02 -1.00e+05
2015 06 09  2040   57182  74400   4.20e+00  2.00e-01  1.35e-01  5.36e-02  3.98e-02  2.00e-02  3.09e+04  3.64e+02 -1.00e+05
2015 06 09  2045   57182  74700   6.34e+00  2.07e-01  7.87e-02  4.77e-02  3.85e-02  2.00e-02  2.93e+04  3.41e+02 -1.00e+05
2015 06 09  2050   57182  75000   6.50e+00  2.11e-01  1.05e-01  7.32e-02  4.43e-02  2.00e-02  2.95e+04  3.38e+02 -1.00e+05
2015 06 09  2055   57182  75300   3.68e+00  1.01e-01  7.76e-02  4.77e-02  3.85e-02  2.00e-02  2.90e+04  3.33e+02 -1.00e+05
2015 06 09  2100   57182  75600   3.42e+00  1.01e-01  7.76e-02  4.77e-02  3.85e-02  2.00e-02  2.95e+04  3.47e+02 -1.00e+05
2015 06 09  2105   57182  75900   3.31e+00  1.01e-01  7.76e-02  4.77e-02  3.85e-02  2.00e-02  2.81e+04  3.09e+02 -1.00e+05
2015 06 09  2110   57182  76200   3.03e+00  1.01e-01  7.76e-02  4.77e-02  3.85e-02  2.00e-02  2.17e+04  2.06e+02 -1.00e+05
2015 06 09  2115   57182  76500   3.07e+00  1.47e-01  1.24e-01  9.24e-02  5.57e-02  3.17e-02  2.30e+04  2.16e+02 -1.00e+05
2015 06 09  2120   57182  76800   6.83e+00  3.96e-01  1.51e-01  6.67e-02  4.28e-02  2.00e-02  2.68e+04  2.72e+02 -1.00e+05
2015 06 09  2125   57182  77100   4.36e+00  2.09e-01  9.41e-02  4.77e-02  3.85e-02  2.00e-02  2.69e+04  2.89e+02 -1.00e+05
2015 06 09  2130   57182  77400   4.04e+00  1.51e-01  8.53e-02  4.77e-02  3.85e-02  2.00e-02  2.67e+04  2.79e+02 -1.00e+05
2015 06 09  2135   57182  77700   5.85e+00  3.81e-01  1.92e-01  7.44e-02  6.52e-02  2.12e-02  2.61e+04  2.57e+02 -1.00e+05
2015 06 09  2140   57182  78000   3.09e+00  1.50e-01  1.26e-01  5.44e-02  4.07e-02  2.03e-02  2.61e+04  2.61e+02 -1.00e+05
2015 06 09  2145   57182  78300   6.04e+00  2.79e-01  1.23e-01  9.25e-02  8.32e-02  3.44e-02  2.56e+04  2.42e+02 -1.00e+05
2015 06 09  2150   57182  78600   6.78e+00  2.87e-01  1.17e-01  8.67e-02  7.75e-02  5.89e-02  2.64e+04  2.48e+02 -1.00e+05
2015 06 09  2155   57182  78900   3.10e+00  1.41e-01  1.18e-01  4.77e-02  3.85e-02  2.00e-02  2.40e+04  2.11e+02 -1.00e+05
2015 06 09  2200   57182  79200   4.48e+00  2.21e-01  1.08e-01  6.10e-02  4.22e-02  2.03e-02  2.43e+04  1.96e+02 -1.00e+05
2015 06 09  2205   57182  79500   3.20e+00  1.01e-01  7.76e-02  4.77e-02  3.85e-02  2.00e-02  2.33e+04  1.79e+02 -1.00e+05
2015 06 09  2210   57182  79800   6.33e+00  2.87e-01  7.83e-02  4.77e-02  3.85e-02  2.00e-02  2.07e+04  1.55e+02 -1.00e+05
2015 06 09  2215   57182  80100   2.97e+00  1.40e-01  1.17e-01  8.66e-02  5.76e-02  2.43e-02  1.90e+04  1.33e+02 -1.00e+05
2015 06 09  2220   57182  80400   5.44e+00  3.25e-01  1.31e-01  4.77e-02  3.85e-02  2.00e-02  1.26e+04  7.53e+01 -1.00e+05
2015 06 09  2225   57182  80700   3.83e+00  2.27e-01  1.65e-01  9.41e-02  8.49e-02  6.64e-02  1.05e+04  4.78e+01 -1.00e+05
2015 06 09  2230   57182  81000   2.86e+00  1.07e-01  8.36e-02  5.36e-02  3.98e-02  2.00e-02  1.13e+04  5.98e+01 -1.00e+05
2015 06 09  2235   57182  81300   2.65e+00  1.01e-01  7.76e-02  4.77e-02  3.85e-02  2.00e-02  1.37e+04  7.27e+01 -1.00e+05
2015 06 09  2240   57182  81600   4.83e+00  2.41e-01  1.35e-01  1.03e-01  6.07e-02  3.67e-02  1.58e+04  8.35e+01 -1.00e+05
2015 06 09  2245   57182  81900   4.47e+00  2.38e-01  1.25e-01  7.92e-02  7.00e-02  5.15e-02  1.54e+04  8.43e+01 -1.00e+05
2015 06 09  2250   57182  82200   3.46e+00  1.30e-01  1.07e-01  7.68e-02  6.75e-02  4.90e-02  1.22e+04  5.47e+01 -1.00e+05
2015 06 09  2255   57182  82500   5.28e+00  1.89e-01  1.66e-01  1.36e-01  1.27e-01  4.85e-02  2.35e+04  2.19e+02 -1.00e+05
2015 06 09  2300   57182  82800   8.56e+00  2.50e-01  1.00e-01  6.93e-02  6.01e-02  4.16e-02  4.43e+04  8.37e+02 -1.00e+05
2015 06 09  2305   57182  83100   7.88e+00  2.98e-01  1.41e-01  7.03e-02  6.11e-02  4.26e-02  4.52e+04  8.55e+02 -1.00e+05
2015 06 09  2310   57182  83400   4.00e+00  1.01e-01  7.76e-02  4.77e-02  3.85e-02  2.00e-02  3.97e+04  6.88e+02 -1.00e+05
2015 06 09  2315   57182  83700   3.92e+00  2.45e-01  2.21e-01  1.36e-01  1.27e-01  4.85e-02  3.45e+04  5.23e+02 -1.00e+05
2015 06 09  2320   57182  84000   7.36e+00  2.16e-01  1.30e-01  9.87e-02  8.95e-02  3.64e-02  3.67e+04  6.21e+02 -1.00e+05
2015 06 09  2325   57182  84300   3.26e+00  1.13e-01  9.02e-02  6.02e-02  4.85e-02  2.92e-02  3.88e+04  6.49e+02 -1.00e+05
2015 06 09  2330   57182  84600   3.81e+00  1.01e-01  7.76e-02  4.77e-02  3.85e-02  2.00e-02  3.51e+04  5.41e+02 -1.00e+05
2015 06 09  2335   57182  84900   3.19e+00  1.03e-01  7.94e-02  4.95e-02  4.03e-02  2.18e-02  2.37e+04  3.07e+02 -1.00e+05
2015 06 09  2340   57182  85200   3.01e+00  1.39e-01  1.16e-01  8.62e-02  7.70e-02  3.24e-02  2.65e+04  3.22e+02 -1.00e+05
2015 06 09  2345   57182  85500   2.79e+00  1.39e-01  1.16e-01  8.62e-02  7.70e-02  3.24e-02  2.70e+04  3.25e+02 -1.00e+05
2015 06 09  2350   57182  85800   2.67e+00  1.41e-01  1.17e-01  8.63e-02  4.72e-02  2.00e-02  2.39e+04  2.45e+02 -1.00e+05
2015 06 09  2355   57182  86100   2.76e+00  1.36e-01  1.13e-01  8.16e-02  4.58e-02  2.18e-02  2.26e+04  2.18e+02 -1.00e+05
