:Data_list: 20150815_Gs_part_5m.txt
:Created: 2015 Aug 16 0011 UTC
# Prepared by the U.S. Dept. of Commerce, NOAA, Space Weather Prediction Center
# Please send comments and suggestions to SWPC.Webmaster@noaa.gov 
# 
# Label: P > 1 = Particles at >1 Mev
# Label: P > 5 = Particles at >5 Mev
# Label: P >10 = Particles at >10 Mev
# Label: P >30 = Particles at >30 Mev
# Label: P >50 = Particles at >50 Mev
# Label: P>100 = Particles at >100 Mev
# Label: E>0.8 = Electrons at >0.8 Mev
# Label: E>2.0 = Electrons at >2.0 Mev
# Label: E>4.0 = Electrons at >4.0 Mev
# Units: Particles = Protons/cm2-s-sr
# Units: Electrons = Electrons/cm2-s-sr
# Source: GOES-15
# Location: W135
# Missing data: -1.00e+05
#
#                      5-minute  GOES-15 Solar Particle and Electron Flux
#
#                 Modified Seconds
# UTC Date  Time   Julian  of the
# YR MO DA  HHMM    Day     Day     P > 1     P > 5     P >10     P >30     P >50     P>100     E>0.8     E>2.0     E>4.0
#-------------------------------------------------------------------------------------------------------------------------
2015 08 15  0000   57249      0   2.48e+00  1.42e-01  1.13e-01  4.55e-02  3.69e-02  1.87e-02  2.83e+04  7.65e+02 -1.00e+05
2015 08 15  0005   57249    300   2.23e+00  2.24e-01  1.95e-01  6.40e-02  5.54e-02  3.72e-02  2.86e+04  7.35e+02 -1.00e+05
2015 08 15  0010   57249    600   3.73e+00  2.48e-01  1.19e-01  7.38e-02  4.71e-02  2.03e-02  2.75e+04  7.27e+02 -1.00e+05
2015 08 15  0015   57249    900   4.77e+00  3.51e-01  1.11e-01  6.66e-02  5.80e-02  3.98e-02  2.68e+04  6.78e+02 -1.00e+05
2015 08 15  0020   57249   1200   3.08e+00  2.15e-01  1.24e-01  5.42e-02  4.56e-02  2.74e-02  2.62e+04  7.53e+02 -1.00e+05
2015 08 15  0025   57249   1500   2.14e+00  1.36e-01  1.06e-01  4.55e-02  3.69e-02  1.87e-02  2.72e+04  7.65e+02 -1.00e+05
2015 08 15  0030   57249   1800   3.75e+00  2.21e-01  9.05e-02  4.55e-02  3.69e-02  1.87e-02  2.74e+04  7.52e+02 -1.00e+05
2015 08 15  0035   57249   2100   1.93e+00  1.24e-01  9.43e-02  5.17e-02  4.31e-02  2.49e-02  2.73e+04  7.15e+02 -1.00e+05
2015 08 15  0040   57249   2400   1.83e+00  1.42e-01  1.12e-01  6.93e-02  6.07e-02  2.64e-02  2.73e+04  6.90e+02 -1.00e+05
2015 08 15  0045   57249   2700   2.10e+00  1.36e-01  1.07e-01  6.40e-02  5.54e-02  3.72e-02  2.68e+04  6.66e+02 -1.00e+05
2015 08 15  0050   57249   3000   1.91e+00  1.56e-01  1.26e-01  8.39e-02  7.53e-02  5.71e-02  2.68e+04  6.37e+02 -1.00e+05
2015 08 15  0055   57249   3300   1.98e+00  2.48e-01  2.06e-01  6.91e-02  5.67e-02  3.73e-02  2.60e+04  5.91e+02 -1.00e+05
2015 08 15  0100   57249   3600   2.06e+00  1.92e-01  1.62e-01  1.19e-01  1.11e-01  4.25e-02  2.77e+04  6.45e+02 -1.00e+05
2015 08 15  0105   57249   3900   1.90e+00  1.51e-01  1.21e-01  7.86e-02  7.00e-02  4.03e-02  2.87e+04  6.30e+02 -1.00e+05
2015 08 15  0110   57249   4200   2.51e+00  2.93e-01  2.46e-01  1.97e-01  1.16e-01  3.64e-02  2.80e+04  6.06e+02 -1.00e+05
2015 08 15  0115   57249   4500   1.91e+00  1.60e-01  1.31e-01  8.81e-02  7.95e-02  3.24e-02  2.69e+04  5.62e+02 -1.00e+05
2015 08 15  0120   57249   4800   1.67e+00  1.18e-01  8.81e-02  4.55e-02  3.69e-02  1.87e-02  2.73e+04  5.83e+02 -1.00e+05
2015 08 15  0125   57249   5100   1.98e+00  1.59e-01  1.30e-01  5.41e-02  4.27e-02  2.03e-02  2.66e+04  5.50e+02 -1.00e+05
2015 08 15  0130   57249   5400   1.68e+00  2.48e-01  2.19e-01  8.89e-02  8.03e-02  6.21e-02  2.56e+04  5.22e+02 -1.00e+05
2015 08 15  0135   57249   5700   1.75e+00  1.22e-01  9.18e-02  4.91e-02  3.77e-02  1.87e-02  2.58e+04  5.02e+02 -1.00e+05
2015 08 15  0140   57249   6000   1.72e+00  1.53e-01  1.23e-01  7.91e-02  4.26e-02  1.87e-02  2.57e+04  5.19e+02 -1.00e+05
2015 08 15  0145   57249   6300   1.57e+00  1.51e-01  1.21e-01  7.75e-02  4.25e-02  1.87e-02  2.59e+04  4.97e+02 -1.00e+05
2015 08 15  0150   57249   6600   1.40e+00  2.13e-01  1.83e-01  5.07e-02  4.22e-02  2.13e-02  2.55e+04  5.00e+02 -1.00e+05
2015 08 15  0155   57249   6900   1.52e+00  1.33e-01  9.04e-02  4.55e-02  3.69e-02  1.87e-02  2.46e+04  4.69e+02 -1.00e+05
2015 08 15  0200   57249   7200   1.46e+00  1.35e-01  1.06e-01  6.30e-02  5.45e-02  2.44e-02  2.44e+04  4.70e+02 -1.00e+05
2015 08 15  0205   57249   7500   1.50e+00  1.48e-01  1.18e-01  7.56e-02  6.70e-02  2.84e-02  2.39e+04  4.67e+02 -1.00e+05
2015 08 15  0210   57249   7800   1.55e+00  1.18e-01  8.81e-02  4.55e-02  3.69e-02  1.87e-02  2.33e+04  4.51e+02 -1.00e+05
2015 08 15  0215   57249   8100   1.41e+00  1.18e-01  8.81e-02  4.55e-02  3.69e-02  1.87e-02  2.26e+04  4.31e+02 -1.00e+05
2015 08 15  0220   57249   8400   1.39e+00  1.23e-01  9.30e-02  5.05e-02  4.19e-02  2.03e-02  2.26e+04  4.16e+02 -1.00e+05
2015 08 15  0225   57249   8700   1.28e+00  1.18e-01  8.81e-02  4.55e-02  3.69e-02  1.87e-02  2.20e+04  4.06e+02 -1.00e+05
2015 08 15  0230   57249   9000   1.05e+00  1.28e-01  9.85e-02  5.57e-02  3.92e-02  1.87e-02  2.10e+04  3.97e+02 -1.00e+05
2015 08 15  0235   57249   9300   2.45e+00  2.48e-01  1.19e-01  7.40e-02  6.54e-02  4.72e-02  2.08e+04  3.76e+02 -1.00e+05
2015 08 15  0240   57249   9600   2.88e+00  4.83e-01  2.08e-01  4.55e-02  3.69e-02  1.87e-02  2.07e+04  3.67e+02 -1.00e+05
2015 08 15  0245   57249   9900   1.26e+00  1.67e-01  1.24e-01  7.75e-02  4.25e-02  1.87e-02  2.07e+04  3.66e+02 -1.00e+05
2015 08 15  0250   57249  10200   1.40e+00  1.29e-01  9.97e-02  5.72e-02  4.82e-02  2.99e-02  2.01e+04  3.48e+02 -1.00e+05
2015 08 15  0255   57249  10500   1.89e+00  1.63e-01  1.33e-01  9.07e-02  8.21e-02  4.25e-02  1.97e+04  3.41e+02 -1.00e+05
2015 08 15  0300   57249  10800   1.73e+00  1.29e-01  9.93e-02  5.68e-02  4.82e-02  2.23e-02  1.96e+04  3.35e+02 -1.00e+05
2015 08 15  0305   57249  11100   1.58e+00  1.53e-01  1.24e-01  6.22e-02  4.07e-02  1.87e-02  2.06e+04  3.55e+02 -1.00e+05
2015 08 15  0310   57249  11400   1.40e+00  1.54e-01  1.25e-01  8.06e-02  4.26e-02  1.87e-02  1.91e+04  3.24e+02 -1.00e+05
2015 08 15  0315   57249  11700   1.50e+00  1.77e-01  1.47e-01  1.04e-01  9.29e-02  3.64e-02  1.84e+04  3.01e+02 -1.00e+05
2015 08 15  0320   57249  12000   1.46e+00  1.92e-01  1.62e-01  1.19e-01  1.11e-01  4.25e-02  1.85e+04  2.95e+02 -1.00e+05
2015 08 15  0325   57249  12300   1.63e+00  1.42e-01  1.13e-01  4.55e-02  3.69e-02  1.87e-02  1.84e+04  2.88e+02 -1.00e+05
2015 08 15  0330   57249  12600   1.54e+00  1.68e-01  1.25e-01  4.55e-02  3.69e-02  1.87e-02  1.78e+04  2.71e+02 -1.00e+05
2015 08 15  0335   57249  12900   1.32e+00  1.54e-01  1.24e-01  8.18e-02  7.33e-02  3.04e-02  1.84e+04  2.82e+02 -1.00e+05
2015 08 15  0340   57249  13200   1.07e+00  1.51e-01  1.22e-01  7.90e-02  7.04e-02  5.22e-02  1.80e+04  2.79e+02 -1.00e+05
2015 08 15  0345   57249  13500   1.27e+00  1.18e-01  8.81e-02  4.55e-02  3.69e-02  1.87e-02  1.78e+04  2.72e+02 -1.00e+05
2015 08 15  0350   57249  13800   1.95e+00  2.45e-01  9.05e-02  4.55e-02  3.69e-02  1.87e-02  1.81e+04  2.74e+02 -1.00e+05
2015 08 15  0355   57249  14100   1.31e+00  1.42e-01  1.13e-01  4.55e-02  3.69e-02  1.87e-02  1.81e+04  2.85e+02 -1.00e+05
2015 08 15  0400   57249  14400   1.54e+00  1.78e-01  1.48e-01  7.15e-02  6.30e-02  4.48e-02  1.78e+04  2.77e+02 -1.00e+05
2015 08 15  0405   57249  14700   1.38e+00  1.18e-01  8.81e-02  4.55e-02  3.69e-02  1.87e-02  1.78e+04  2.78e+02 -1.00e+05
2015 08 15  0410   57249  15000   1.09e+00  1.51e-01  1.21e-01  5.68e-02  4.82e-02  2.23e-02  1.79e+04  2.67e+02 -1.00e+05
2015 08 15  0415   57249  15300   1.29e+00  1.36e-01  1.06e-01  4.55e-02  3.69e-02  1.87e-02  1.78e+04  2.67e+02 -1.00e+05
2015 08 15  0420   57249  15600   1.43e+00  1.36e-01  1.06e-01  4.55e-02  3.69e-02  1.87e-02  1.80e+04  2.73e+02 -1.00e+05
2015 08 15  0425   57249  15900   1.26e+00  1.36e-01  1.06e-01  4.55e-02  3.69e-02  1.87e-02  1.78e+04  2.70e+02 -1.00e+05
2015 08 15  0430   57249  16200   1.23e+00  1.28e-01  9.85e-02  5.57e-02  3.92e-02  1.87e-02  1.79e+04  2.76e+02 -1.00e+05
2015 08 15  0435   57249  16500   1.34e+00  1.18e-01  8.81e-02  4.55e-02  3.69e-02  1.87e-02  1.85e+04  2.77e+02 -1.00e+05
2015 08 15  0440   57249  16800   1.38e+00  1.31e-01  1.02e-01  5.92e-02  5.06e-02  3.24e-02  1.80e+04  2.62e+02 -1.00e+05
2015 08 15  0445   57249  17100   9.35e-01  1.37e-01  1.07e-01  4.68e-02  3.82e-02  2.00e-02  1.78e+04  2.60e+02 -1.00e+05
2015 08 15  0450   57249  17400   1.45e+00  2.20e-01  1.91e-01  7.97e-02  5.82e-02  2.44e-02  1.78e+04  2.54e+02 -1.00e+05
2015 08 15  0455   57249  17700   1.67e+00  1.92e-01  1.04e-01  5.07e-02  4.22e-02  2.13e-02  1.78e+04  2.51e+02 -1.00e+05
2015 08 15  0500   57249  18000   1.06e+00  1.18e-01  8.81e-02  4.55e-02  3.69e-02  1.87e-02  1.72e+04  2.46e+02 -1.00e+05
2015 08 15  0505   57249  18300   8.85e-01  1.51e-01  1.21e-01  7.75e-02  4.25e-02  1.87e-02  1.70e+04  2.41e+02 -1.00e+05
2015 08 15  0510   57249  18600   1.20e+00  2.30e-01  1.87e-01  4.55e-02  3.69e-02  1.87e-02  1.70e+04  2.44e+02 -1.00e+05
2015 08 15  0515   57249  18900   8.56e-01  2.69e-01  2.40e-01  8.18e-02  7.33e-02  3.04e-02  1.68e+04  2.30e+02 -1.00e+05
2015 08 15  0520   57249  19200   1.20e+00  2.64e-01  2.34e-01  9.65e-02  5.71e-02  2.99e-02  1.64e+04  2.18e+02 -1.00e+05
2015 08 15  0525   57249  19500   1.13e+00  1.33e-01  9.04e-02  4.55e-02  3.69e-02  1.87e-02  1.63e+04  2.21e+02 -1.00e+05
2015 08 15  0530   57249  19800   1.80e+00  2.48e-01  1.19e-01  7.40e-02  6.54e-02  4.72e-02  1.60e+04  2.04e+02 -1.00e+05
2015 08 15  0535   57249  20100   2.04e+00  3.89e-01  1.64e-01  9.14e-02  8.28e-02  2.88e-02  1.54e+04  1.97e+02 -1.00e+05
2015 08 15  0540   57249  20400   1.09e+00  1.22e-01  9.18e-02  4.91e-02  3.77e-02  1.87e-02  1.50e+04  1.96e+02 -1.00e+05
2015 08 15  0545   57249  20700   9.67e-01  1.54e-01  1.24e-01  8.18e-02  7.33e-02  3.04e-02  1.51e+04  2.00e+02 -1.00e+05
2015 08 15  0550   57249  21000   9.63e-01  1.39e-01  1.09e-01  6.66e-02  5.80e-02  3.98e-02  1.54e+04  1.97e+02 -1.00e+05
2015 08 15  0555   57249  21300   9.40e-01  1.18e-01  8.81e-02  4.55e-02  3.69e-02  1.87e-02  1.50e+04  2.04e+02 -1.00e+05
2015 08 15  0600   57249  21600   9.37e-01  1.60e-01  1.31e-01  8.81e-02  7.95e-02  3.24e-02  1.48e+04  1.92e+02 -1.00e+05
2015 08 15  0605   57249  21900   1.06e+00  2.98e-01  2.69e-01  9.98e-02  9.12e-02  5.55e-02  1.43e+04  1.78e+02 -1.00e+05
2015 08 15  0610   57249  22200   9.63e-01  1.18e-01  8.81e-02  4.55e-02  3.69e-02  1.87e-02  1.43e+04  1.78e+02 -1.00e+05
2015 08 15  0615   57249  22500   8.09e-01  1.39e-01  1.09e-01  6.66e-02  5.80e-02  3.98e-02  1.43e+04  1.77e+02 -1.00e+05
2015 08 15  0620   57249  22800   1.62e+00  2.63e-01  1.10e-01  6.48e-02  5.62e-02  3.80e-02  1.39e+04  1.69e+02 -1.00e+05
2015 08 15  0625   57249  23100   1.82e+00  3.10e-01  9.02e-02  4.55e-02  3.69e-02  1.87e-02  1.37e+04  1.72e+02 -1.00e+05
2015 08 15  0630   57249  23400   1.41e+00  2.43e-01  1.52e-01  4.55e-02  3.69e-02  1.87e-02  1.40e+04  1.80e+02 -1.00e+05
2015 08 15  0635   57249  23700   1.90e+00  4.73e-01  2.32e-01  7.90e-02  7.04e-02  5.22e-02  1.43e+04  1.77e+02 -1.00e+05
2015 08 15  0640   57249  24000   9.19e-01  1.70e-01  1.41e-01  4.55e-02  3.69e-02  1.87e-02  1.38e+04  1.81e+02 -1.00e+05
2015 08 15  0645   57249  24300   9.24e-01  1.18e-01  8.81e-02  4.55e-02  3.69e-02  1.87e-02  1.39e+04  1.79e+02 -1.00e+05
2015 08 15  0650   57249  24600   1.09e+00  2.61e-01  2.31e-01  1.15e-01  1.06e-01  4.69e-02  1.38e+04  1.74e+02 -1.00e+05
2015 08 15  0655   57249  24900   8.93e-01  1.36e-01  1.07e-01  6.41e-02  5.55e-02  3.73e-02  1.36e+04  1.71e+02 -1.00e+05
2015 08 15  0700   57249  25200   9.73e-01  1.65e-01  1.35e-01  9.19e-02  5.81e-02  3.24e-02  1.31e+04  1.63e+02 -1.00e+05
2015 08 15  0705   57249  25500   8.58e-01  1.28e-01  9.85e-02  5.57e-02  3.92e-02  1.87e-02  1.30e+04  1.59e+02 -1.00e+05
2015 08 15  0710   57249  25800   1.01e+00  1.24e-01  9.43e-02  5.17e-02  4.31e-02  2.49e-02  1.26e+04  1.49e+02 -1.00e+05
2015 08 15  0715   57249  26100   1.47e+00  3.12e-01  1.35e-01  8.84e-02  4.66e-02  1.87e-02  1.23e+04  1.49e+02 -1.00e+05
2015 08 15  0720   57249  26400   9.98e-01  2.75e-01  2.45e-01  8.03e-02  4.86e-02  2.03e-02  1.23e+04  1.42e+02 -1.00e+05
2015 08 15  0725   57249  26700   8.92e-01  3.16e-01  2.86e-01  1.32e-01  1.23e-01  4.65e-02  1.18e+04  1.30e+02 -1.00e+05
2015 08 15  0730   57249  27000   7.32e-01  1.54e-01  1.24e-01  8.18e-02  7.33e-02  3.04e-02  1.08e+04  1.22e+02 -1.00e+05
2015 08 15  0735   57249  27300   9.85e-01  1.33e-01  9.04e-02  4.55e-02  3.69e-02  1.87e-02  1.09e+04  1.28e+02 -1.00e+05
2015 08 15  0740   57249  27600   9.49e-01  1.70e-01  1.41e-01  4.55e-02  3.69e-02  1.87e-02  1.07e+04  1.21e+02 -1.00e+05
2015 08 15  0745   57249  27900   1.27e+00  2.73e-01  1.33e-01  4.55e-02  3.69e-02  1.87e-02  1.04e+04  1.24e+02 -1.00e+05
2015 08 15  0750   57249  28200   1.50e+00  2.60e-01  1.31e-01  8.64e-02  7.78e-02  5.96e-02  1.04e+04  1.08e+02 -1.00e+05
2015 08 15  0755   57249  28500   9.89e-01  1.39e-01  1.09e-01  6.66e-02  5.53e-02  2.44e-02  1.00e+04  1.07e+02 -1.00e+05
2015 08 15  0800   57249  28800   8.70e-01  1.67e-01  1.38e-01  9.34e-02  4.93e-02  2.03e-02  9.57e+03  1.06e+02 -1.00e+05
2015 08 15  0805   57249  29100   1.16e+00  3.49e-01  2.58e-01  8.19e-02  4.51e-02  1.87e-02  9.49e+03  1.03e+02 -1.00e+05
2015 08 15  0810   57249  29400   1.90e+00  3.26e-01  1.14e-01  6.93e-02  6.07e-02  2.64e-02  9.45e+03  1.03e+02 -1.00e+05
2015 08 15  0815   57249  29700   8.55e-01  1.67e-01  1.37e-01  6.30e-02  5.45e-02  2.44e-02  9.13e+03  1.00e+02 -1.00e+05
2015 08 15  0820   57249  30000   8.51e-01  1.54e-01  1.24e-01  8.14e-02  7.29e-02  5.47e-02  9.08e+03  9.06e+01 -1.00e+05
2015 08 15  0825   57249  30300   9.08e-01  1.29e-01  9.93e-02  5.68e-02  4.82e-02  2.23e-02  8.87e+03  8.89e+01 -1.00e+05
2015 08 15  0830   57249  30600   2.12e+00  1.60e-01  1.30e-01  8.66e-02  5.49e-02  2.23e-02  4.63e+03  3.49e+01 -1.00e+05
2015 08 15  0835   57249  30900   1.60e+00  1.18e-01  8.81e-02  4.55e-02  3.69e-02  1.87e-02  2.99e+03  2.66e+01 -1.00e+05
2015 08 15  0840   57249  31200   1.47e+00  1.92e-01  1.62e-01  1.19e-01  1.11e-01  4.25e-02  3.42e+03  2.40e+01 -1.00e+05
2015 08 15  0845   57249  31500   1.49e+00  1.67e-01  1.37e-01  9.44e-02  8.58e-02  3.44e-02  3.20e+03  2.72e+01 -1.00e+05
2015 08 15  0850   57249  31800   1.48e+00  2.26e-01  1.30e-01  7.59e-02  6.73e-02  1.92e-02  3.36e+03  2.55e+01 -1.00e+05
2015 08 15  0855   57249  32100   9.06e-01  1.84e-01  1.54e-01  1.10e-01  6.78e-02  3.98e-02  3.37e+03  3.09e+01 -1.00e+05
2015 08 15  0900   57249  32400   5.24e-01  1.31e-01  1.01e-01  5.84e-02  4.27e-02  2.25e-02  2.86e+03  2.21e+01 -1.00e+05
2015 08 15  0905   57249  32700   6.34e-01  1.38e-01  1.08e-01  6.55e-02  5.20e-02  3.24e-02  2.42e+03  2.80e+01 -1.00e+05
2015 08 15  0910   57249  33000   7.88e-01  2.66e-01  1.35e-01  7.35e-02  5.19e-02  2.23e-02  2.52e+03  3.54e+01 -1.00e+05
2015 08 15  0915   57249  33300   7.27e-01  1.41e-01  1.12e-01  6.91e-02  6.05e-02  4.23e-02  2.52e+03  2.87e+01 -1.00e+05
2015 08 15  0920   57249  33600   1.39e+00  1.33e-01  9.04e-02  4.55e-02  3.69e-02  1.87e-02  4.72e+03  6.40e+01 -1.00e+05
2015 08 15  0925   57249  33900   1.50e+00  1.78e-01  1.49e-01  4.55e-02  3.69e-02  1.87e-02  5.07e+03  7.37e+01 -1.00e+05
2015 08 15  0930   57249  34200   1.69e+00  1.18e-01  8.81e-02  4.55e-02  3.69e-02  1.87e-02  4.02e+03  5.11e+01 -1.00e+05
2015 08 15  0935   57249  34500   1.47e+00  2.18e-01  1.88e-01  4.91e-02  3.77e-02  1.87e-02  2.46e+03  3.08e+01 -1.00e+05
2015 08 15  0940   57249  34800   1.40e+00  2.08e-01  1.16e-01  6.22e-02  4.07e-02  1.87e-02  3.21e+03  2.80e+01 -1.00e+05
2015 08 15  0945   57249  35100   8.35e-01  1.79e-01  1.49e-01  1.05e-01  7.37e-02  2.84e-02  2.82e+03  2.86e+01 -1.00e+05
2015 08 15  0950   57249  35400   8.72e-01  1.29e-01  9.93e-02  5.68e-02  4.82e-02  2.23e-02  3.40e+03  3.68e+01 -1.00e+05
2015 08 15  0955   57249  35700   1.35e+00  2.14e-01  1.84e-01  4.55e-02  3.69e-02  1.87e-02  3.20e+03  3.59e+01 -1.00e+05
2015 08 15  1000   57249  36000   9.86e-01  2.36e-01  2.06e-01  6.88e-02  4.22e-02  1.87e-02  2.93e+03  3.64e+01 -1.00e+05
2015 08 15  1005   57249  36300   5.25e-01  1.98e-01  1.68e-01  1.26e-01  1.17e-01  4.45e-02  3.29e+03  6.63e+01 -1.00e+05
2015 08 15  1010   57249  36600   4.09e-01  1.61e-01  1.31e-01  5.42e-02  4.56e-02  2.74e-02  4.01e+03  8.02e+01 -1.00e+05
2015 08 15  1015   57249  36900   8.87e-01  1.51e-01  1.09e-01  6.31e-02  4.19e-02  2.00e-02  5.30e+03  1.42e+02 -1.00e+05
2015 08 15  1020   57249  37200   7.23e-01  1.22e-01  9.18e-02  4.91e-02  3.77e-02  1.87e-02  6.67e+03  8.76e+01 -1.00e+05
2015 08 15  1025   57249  37500   6.37e-01  1.36e-01  1.06e-01  4.55e-02  3.69e-02  1.87e-02  4.22e+03  3.04e+01 -1.00e+05
2015 08 15  1030   57249  37800   6.13e-01  1.33e-01  9.04e-02  4.55e-02  3.69e-02  1.87e-02  1.81e+03  1.08e+01 -1.00e+05
2015 08 15  1035   57249  38100   6.63e-01  1.36e-01  1.06e-01  4.55e-02  3.69e-02  1.87e-02  9.89e+02  6.56e+00 -1.00e+05
2015 08 15  1040   57249  38400   1.39e+00  3.10e-01  9.02e-02  4.55e-02  3.69e-02  1.87e-02  5.30e+02  9.66e+00 -1.00e+05
2015 08 15  1045   57249  38700   4.52e-01  1.18e-01  8.81e-02  4.55e-02  3.69e-02  1.87e-02  1.06e+02  4.65e+00 -1.00e+05
2015 08 15  1050   57249  39000   4.16e-01  1.18e-01  8.81e-02  4.55e-02  3.69e-02  1.87e-02  5.65e+01  2.37e+00 -1.00e+05
2015 08 15  1055   57249  39300   4.11e-01  2.00e-01  1.22e-01  7.09e-02  6.24e-02  3.28e-02  7.99e+01  2.77e-01 -1.00e+05
2015 08 15  1100   57249  39600   3.20e-01  1.29e-01  9.92e-02  5.67e-02  4.81e-02  2.99e-02  6.02e+01  1.99e+00 -1.00e+05
2015 08 15  1105   57249  39900   7.05e-01  2.57e-01  1.29e-01  8.39e-02  7.54e-02  5.72e-02  2.34e+01  1.33e-01 -1.00e+05
2015 08 15  1110   57249  40200   3.71e-01  1.26e-01  9.68e-02  5.42e-02  4.56e-02  2.74e-02  1.44e+02  7.57e-01 -1.00e+05
2015 08 15  1115   57249  40500   6.08e-01  3.47e-01  1.14e-01  6.93e-02  6.07e-02  2.64e-02  8.60e+01  1.58e+00 -1.00e+05
2015 08 15  1120   57249  40800   4.59e+00  2.35e-01  2.05e-01  7.15e-02  6.30e-02  4.48e-02  8.29e+02  4.20e+01 -1.00e+05
2015 08 15  1125   57249  41100   9.38e+00  2.35e-01  2.06e-01  9.23e-02  7.08e-02  2.84e-02  2.14e+03  6.71e+01 -1.00e+05
2015 08 15  1130   57249  41400   3.46e+01  1.49e-01  1.19e-01  7.53e-02  4.36e-02  1.87e-02  1.67e+03  7.74e+01 -1.00e+05
2015 08 15  1135   57249  41700   4.20e+01  2.15e-01  1.23e-01  6.88e-02  4.22e-02  1.87e-02  2.03e+03  7.32e+01 -1.00e+05
2015 08 15  1140   57249  42000   1.85e+01  1.80e-01  1.51e-01  7.40e-02  6.54e-02  4.72e-02  1.44e+03  4.04e+01 -1.00e+05
2015 08 15  1145   57249  42300   1.07e+01  1.26e-01  9.68e-02  5.42e-02  4.56e-02  2.74e-02  1.54e+03  2.63e+01 -1.00e+05
2015 08 15  1150   57249  42600   1.38e+01  1.22e-01  9.18e-02  4.91e-02  3.77e-02  1.87e-02  1.48e+03  2.69e+01 -1.00e+05
2015 08 15  1155   57249  42900   2.33e+01  2.21e-01  9.05e-02  4.55e-02  3.69e-02  1.87e-02  1.17e+03  2.81e+01 -1.00e+05
2015 08 15  1200   57249  43200   1.01e+01  1.46e-01  1.16e-01  5.05e-02  4.19e-02  2.03e-02  9.23e+02  2.63e+01 -1.00e+05
2015 08 15  1205   57249  43500   5.06e+00  2.21e-01  9.05e-02  4.55e-02  3.69e-02  1.87e-02  3.95e+02  1.23e+01 -1.00e+05
2015 08 15  1210   57249  43800   2.81e-01  1.83e-01  1.54e-01  9.29e-02  5.24e-02  2.49e-02  3.70e+01  4.76e-01 -1.00e+05
2015 08 15  1215   57249  44100   4.33e-01  1.35e-01  1.06e-01  6.30e-02  5.45e-02  2.44e-02  2.86e+01  7.27e-01 -1.00e+05
2015 08 15  1220   57249  44400   5.14e-01  1.53e-01  1.23e-01  4.55e-02  3.69e-02  1.87e-02  3.29e+01  1.47e+00 -1.00e+05
2015 08 15  1225   57249  44700   4.02e-01  1.60e-01  1.30e-01  7.67e-02  5.76e-02  3.64e-02  2.46e+01  3.52e-01 -1.00e+05
2015 08 15  1230   57249  45000   1.79e+01  5.01e-01  2.03e-01  5.05e-02  4.19e-02  2.03e-02  2.23e+02  1.80e+00 -1.00e+05
2015 08 15  1235   57249  45300   6.03e+00  1.43e-01  1.13e-01  5.42e-02  4.56e-02  2.74e-02  2.30e+02  3.02e+00 -1.00e+05
2015 08 15  1240   57249  45600   1.37e+00  1.52e-01  1.22e-01  7.86e-02  5.50e-02  3.24e-02  4.07e+01  1.33e-01 -1.00e+05
2015 08 15  1245   57249  45900   7.13e-01  1.66e-01  1.23e-01  6.19e-02  4.74e-02  2.74e-02  1.19e+01  8.06e-01 -1.00e+05
2015 08 15  1250   57249  46200   2.47e+00  1.43e-01  1.14e-01  7.09e-02  5.90e-02  3.98e-02  7.06e+00  9.36e-01 -1.00e+05
2015 08 15  1255   57249  46500   1.94e+00  1.60e-01  1.31e-01  8.81e-02  7.95e-02  3.24e-02  5.38e+00  2.19e+00 -1.00e+05
2015 08 15  1300   57249  46800   1.57e+00  1.39e-01  1.09e-01  6.66e-02  5.80e-02  3.98e-02  1.53e+01  2.73e-01 -1.00e+05
2015 08 15  1305   57249  47100   1.54e+00  1.18e-01  8.81e-02  4.55e-02  3.69e-02  1.87e-02  1.74e+01  2.69e+00 -1.00e+05
2015 08 15  1310   57249  47400   5.51e+00  3.08e-01  1.09e-01  6.41e-02  5.55e-02  3.73e-02  3.02e+01  1.23e+00 -1.00e+05
2015 08 15  1315   57249  47700   5.53e-01  1.47e-01  1.17e-01  5.92e-02  5.06e-02  3.24e-02  8.31e+00  1.33e-01 -1.00e+05
2015 08 15  1320   57249  48000   1.87e-01  1.59e-01  1.29e-01  8.45e-02  4.26e-02  1.87e-02  2.92e+00  1.33e-01 -1.00e+05
2015 08 15  1325   57249  48300   2.22e-01  1.19e-01  8.93e-02  4.68e-02  3.82e-02  2.00e-02  3.57e+00  2.39e+00 -1.00e+05
2015 08 15  1330   57249  48600   3.81e+00  1.42e-01  1.13e-01  4.55e-02  3.69e-02  1.87e-02  2.26e+01  1.06e+00 -1.00e+05
2015 08 15  1335   57249  48900   1.12e+01  1.37e-01  1.07e-01  6.47e-02  5.61e-02  3.08e-02  4.47e+01  1.87e+00 -1.00e+05
2015 08 15  1340   57249  49200   1.13e+01  1.18e-01  8.81e-02  4.55e-02  3.69e-02  1.87e-02  8.04e+01  2.10e-01 -1.00e+05
2015 08 15  1345   57249  49500   1.86e+01  2.38e-01  1.08e-01  6.22e-02  4.07e-02  1.87e-02  1.80e+02  4.45e+00 -1.00e+05
2015 08 15  1350   57249  49800   1.45e+01  2.25e-01  1.83e-01  1.37e-01  1.05e-01  3.85e-02  2.57e+02  3.09e+00 -1.00e+05
2015 08 15  1355   57249  50100   1.42e+01  2.65e-01  1.26e-01  6.41e-02  5.55e-02  3.73e-02  1.95e+02  2.59e+00 -1.00e+05
2015 08 15  1400   57249  50400   1.22e+01  2.57e-01  1.13e-01  4.55e-02  3.69e-02  1.87e-02  2.79e+02  3.53e+00 -1.00e+05
2015 08 15  1405   57249  50700   5.49e+00  1.18e-01  8.81e-02  4.55e-02  3.69e-02  1.87e-02  2.35e+02  5.40e+00 -1.00e+05
2015 08 15  1410   57249  51000   8.91e+00  2.48e-01  1.08e-01  4.55e-02  3.69e-02  1.87e-02  3.15e+02  3.97e+00 -1.00e+05
2015 08 15  1415   57249  51300   7.90e+00  1.94e-01  1.03e-01  4.92e-02  4.07e-02  2.25e-02  2.36e+02  1.74e+00 -1.00e+05
2015 08 15  1420   57249  51600   3.88e+00  2.45e-01  9.05e-02  4.55e-02  3.69e-02  1.87e-02  1.02e+02  2.09e+00 -1.00e+05
2015 08 15  1425   57249  51900   4.85e+00  1.62e-01  1.32e-01  4.55e-02  3.69e-02  1.87e-02  8.66e+01  4.93e+00 -1.00e+05
2015 08 15  1430   57249  52200   1.68e+01  3.49e-01  1.69e-01  1.24e-01  9.73e-02  3.64e-02  1.65e+02  1.99e+00 -1.00e+05
2015 08 15  1435   57249  52500   8.74e+00  1.19e-01  8.93e-02  4.68e-02  3.82e-02  2.00e-02  4.39e+02  4.37e+00 -1.00e+05
2015 08 15  1440   57249  52800   6.15e+00  2.38e-01  2.08e-01  6.88e-02  4.22e-02  1.87e-02  5.50e+02  4.77e+00 -1.00e+05
2015 08 15  1445   57249  53100   6.91e+00  1.91e-01  9.92e-02  4.55e-02  3.69e-02  1.87e-02  5.96e+02  5.55e+00 -1.00e+05
2015 08 15  1450   57249  53400   6.68e+00  1.36e-01  1.06e-01  6.33e-02  5.47e-02  2.53e-02  6.15e+02  4.58e+00 -1.00e+05
2015 08 15  1455   57249  53700   6.41e+00  1.61e-01  1.32e-01  8.79e-02  5.37e-02  2.99e-02  6.33e+02  2.71e+00 -1.00e+05
2015 08 15  1500   57249  54000   1.37e+01  4.22e-01  2.09e-01  7.45e-02  6.36e-02  4.48e-02  6.98e+02  3.36e+00 -1.00e+05
2015 08 15  1505   57249  54300   7.39e+00  1.49e-01  1.19e-01  7.65e-02  6.79e-02  4.97e-02  6.93e+02  3.09e+00 -1.00e+05
2015 08 15  1510   57249  54600   9.74e+00  2.52e-01  1.12e-01  4.91e-02  3.77e-02  1.87e-02  6.39e+02  4.45e+00 -1.00e+05
2015 08 15  1515   57249  54900   4.98e+00  1.55e-01  1.26e-01  8.19e-02  4.51e-02  1.87e-02  5.76e+02  2.99e+00 -1.00e+05
2015 08 15  1520   57249  55200   8.29e+00  2.58e-01  1.28e-01  8.19e-02  4.51e-02  1.87e-02  4.78e+02  2.15e+00 -1.00e+05
2015 08 15  1525   57249  55500   4.31e+00  1.18e-01  8.81e-02  4.55e-02  3.69e-02  1.87e-02  3.66e+02  3.36e+00 -1.00e+05
2015 08 15  1530   57249  55800   3.84e+00  2.58e-01  2.29e-01  8.84e-02  4.66e-02  1.87e-02  3.00e+02  1.33e-01 -1.00e+05
2015 08 15  1535   57249  56100   3.54e+00  1.42e-01  1.13e-01  4.55e-02  3.69e-02  1.87e-02  4.12e+02  2.37e+00 -1.00e+05
2015 08 15  1540   57249  56400   4.62e+00  2.45e-01  9.05e-02  4.55e-02  3.69e-02  1.87e-02  4.32e+02  1.50e+00 -1.00e+05
2015 08 15  1545   57249  56700   2.83e+00  2.14e-01  1.86e-01  4.48e-02  3.66e-02  1.85e-02  4.81e+02  2.89e+00 -1.00e+05
2015 08 15  1550   57249  57000   2.96e+00  1.38e-01  1.11e-01  4.48e-02  3.66e-02  1.85e-02  4.97e+02  1.70e+00 -1.00e+05
2015 08 15  1555   57249  57300   2.20e+00  1.14e-01  8.64e-02  4.48e-02  3.66e-02  1.85e-02  4.74e+02  2.15e+00 -1.00e+05
2015 08 15  1600   57249  57600   1.51e+00  1.17e-01  8.96e-02  4.79e-02  3.72e-02  1.85e-02  4.72e+02  1.75e+00 -1.00e+05
2015 08 15  1605   57249  57900   3.04e+00  2.57e-01  1.38e-01  9.19e-02  5.85e-02  3.47e-02  5.50e+02  1.99e+00 -1.00e+05
2015 08 15  1610   57249  58200   4.07e+00  2.86e-01  1.75e-01  1.14e-01  5.92e-02  2.25e-02  7.62e+02  8.89e-01 -1.00e+05
2015 08 15  1615   57249  58500   3.12e+00  1.14e-01  8.64e-02  4.48e-02  3.66e-02  1.85e-02  7.27e+02  7.33e+00 -1.00e+05
2015 08 15  1620   57249  58800   3.44e+00  1.22e-01  9.53e-02  5.36e-02  4.54e-02  2.73e-02  1.09e+03  4.23e+00 -1.00e+05
2015 08 15  1625   57249  59100   8.13e+00  5.16e-01  2.21e-01  5.44e-02  3.87e-02  1.85e-02  1.25e+03  1.86e+00 -1.00e+05
2015 08 15  1630   57249  59400   4.86e+00  1.14e-01  8.64e-02  4.48e-02  3.66e-02  1.85e-02  1.37e+03  5.02e+00 -1.00e+05
2015 08 15  1635   57249  59700   8.61e+00  2.37e-01  1.17e-01  5.85e-02  5.03e-02  3.23e-02  1.59e+03  6.03e+00 -1.00e+05
2015 08 15  1640   57249  60000   4.57e+00  1.97e-01  1.25e-01  7.41e-02  4.31e-02  1.85e-02  1.74e+03  4.28e+00 -1.00e+05
2015 08 15  1645   57249  60300   2.80e+00  1.14e-01  8.64e-02  4.48e-02  3.66e-02  1.85e-02  1.57e+03  2.21e+00 -1.00e+05
2015 08 15  1650   57249  60600   3.75e+00  1.56e-01  1.29e-01  6.35e-02  5.53e-02  3.72e-02  1.67e+03  4.95e+00 -1.00e+05
2015 08 15  1655   57249  60900   3.79e+00  2.51e-01  2.24e-01  7.51e-02  4.44e-02  1.99e-02  2.21e+03  2.18e+00 -1.00e+05
2015 08 15  1700   57249  61200   3.44e+00  1.48e-01  1.21e-01  6.10e-02  5.28e-02  3.47e-02  2.21e+03  4.48e+00 -1.00e+05
2015 08 15  1705   57249  61500   4.96e+00  1.49e-01  1.22e-01  8.02e-02  7.20e-02  5.39e-02  2.81e+03  4.76e+00 -1.00e+05
2015 08 15  1710   57249  61800   6.69e+00  2.80e-01  1.27e-01  8.24e-02  7.42e-02  3.06e-02  2.94e+03  5.62e+00 -1.00e+05
2015 08 15  1715   57249  62100   3.37e+00  1.17e-01  8.96e-02  4.79e-02  3.72e-02  1.85e-02  2.63e+03  3.79e+00 -1.00e+05
2015 08 15  1720   57249  62400   4.55e+00  1.36e-01  1.08e-01  4.48e-02  3.66e-02  1.85e-02  3.32e+03  5.05e+00 -1.00e+05
2015 08 15  1725   57249  62700   6.62e+00  2.61e-01  1.18e-01  7.34e-02  6.52e-02  4.71e-02  3.19e+03  5.59e+00 -1.00e+05
2015 08 15  1730   57249  63000   4.42e+00  1.50e-01  1.23e-01  8.08e-02  7.26e-02  5.46e-02  3.82e+03  7.28e+00 -1.00e+05
2015 08 15  1735   57249  63300   4.68e+00  3.02e-01  2.75e-01  8.06e-02  4.46e-02  1.85e-02  3.87e+03  6.02e+00 -1.00e+05
2015 08 15  1740   57249  63600   5.58e+00  2.67e-01  1.47e-01  4.48e-02  3.66e-02  1.85e-02  3.58e+03  5.75e+00 -1.00e+05
2015 08 15  1745   57249  63900   4.15e+00  1.81e-01  1.11e-01  6.10e-02  5.28e-02  3.47e-02  3.85e+03  6.08e+00 -1.00e+05
2015 08 15  1750   57249  64200   4.25e+00  1.39e-01  1.12e-01  6.99e-02  6.16e-02  2.66e-02  4.21e+03  5.84e+00 -1.00e+05
2015 08 15  1755   57249  64500   4.42e+00  1.62e-01  1.35e-01  9.26e-02  6.68e-02  2.66e-02  4.57e+03  3.85e+00 -1.00e+05
2015 08 15  1800   57249  64800   4.24e+00  1.39e-01  1.12e-01  4.79e-02  3.72e-02  1.85e-02  4.64e+03  3.82e+00 -1.00e+05
2015 08 15  1805   57249  65100   4.83e+00  1.14e-01  8.64e-02  4.48e-02  3.66e-02  1.85e-02  5.23e+03  8.59e+00 -1.00e+05
2015 08 15  1810   57249  65400   7.08e+00  1.14e-01  8.64e-02  4.48e-02  3.66e-02  1.85e-02  5.99e+03  9.15e+00 -1.00e+05
2015 08 15  1815   57249  65700   7.10e+00  1.72e-01  1.45e-01  5.44e-02  3.87e-02  1.85e-02  5.73e+03  7.40e+00 -1.00e+05
2015 08 15  1820   57249  66000   1.30e+01  3.17e-01  1.06e-01  6.10e-02  4.02e-02  1.85e-02  5.86e+03  9.50e+00 -1.00e+05
2015 08 15  1825   57249  66300   7.39e+00  1.37e-01  1.10e-01  4.62e-02  3.79e-02  1.99e-02  6.53e+03  1.03e+01 -1.00e+05
2015 08 15  1830   57249  66600   9.87e+00  2.24e-01  1.03e-01  4.48e-02  3.66e-02  1.85e-02  6.66e+03  9.59e+00 -1.00e+05
2015 08 15  1835   57249  66900   5.11e+00  1.62e-01  1.35e-01  9.26e-02  6.68e-02  2.66e-02  6.09e+03  7.13e+00 -1.00e+05
2015 08 15  1840   57249  67200   5.62e+00  1.38e-01  1.11e-01  4.48e-02  3.66e-02  1.85e-02  7.03e+03  1.28e+01 -1.00e+05
2015 08 15  1845   57249  67500   1.08e+01  2.34e-01  1.13e-01  5.44e-02  3.87e-02  1.85e-02  7.41e+03  1.24e+01 -1.00e+05
2015 08 15  1850   57249  67800   7.60e+00  2.19e-01  1.47e-01  7.41e-02  4.31e-02  1.85e-02  6.89e+03  1.12e+01 -1.00e+05
2015 08 15  1855   57249  68100   4.31e+00  1.30e-01  1.03e-01  6.10e-02  4.02e-02  1.85e-02  6.65e+03  9.37e+00 -1.00e+05
2015 08 15  1900   57249  68400   7.79e+00  2.55e-01  1.51e-01  1.07e-01  9.84e-02  5.78e-02  6.96e+03  5.02e+00 -1.00e+05
2015 08 15  1905   57249  68700   5.13e+00  1.14e-01  8.64e-02  4.48e-02  3.66e-02  1.85e-02  7.31e+03  1.15e+01 -1.00e+05
2015 08 15  1910   57249  69000   6.50e+00  2.83e-01  1.16e-01  7.09e-02  5.31e-02  3.23e-02  6.62e+03  7.88e+00 -1.00e+05
2015 08 15  1915   57249  69300   3.52e+00  1.14e-01  8.64e-02  4.48e-02  3.66e-02  1.85e-02  7.02e+03  1.09e+01 -1.00e+05
2015 08 15  1920   57249  69600   6.52e+00  1.91e-01  1.20e-01  7.09e-02  6.27e-02  4.47e-02  7.99e+03  1.09e+01 -1.00e+05
2015 08 15  1925   57249  69900   4.68e+00  1.58e-01  1.31e-01  8.88e-02  7.63e-02  5.70e-02  7.97e+03  1.05e+01 -1.00e+05
2015 08 15  1930   57249  70200   5.03e+00  2.36e-01  1.20e-01  5.11e-02  4.28e-02  2.05e-02  7.37e+03  1.22e+01 -1.00e+05
2015 08 15  1935   57249  70500   3.19e+00  1.42e-01  1.15e-01  7.34e-02  6.52e-02  4.71e-02  6.90e+03  9.88e+00 -1.00e+05
2015 08 15  1940   57249  70800   5.67e+00  2.24e-01  1.03e-01  4.48e-02  3.66e-02  1.85e-02  7.60e+03  1.19e+01 -1.00e+05
2015 08 15  1945   57249  71100   2.90e+00  1.14e-01  8.64e-02  4.48e-02  3.66e-02  1.85e-02  6.85e+03  1.25e+01 -1.00e+05
2015 08 15  1950   57249  71400   6.00e+00  2.23e-01  1.11e-01  6.67e-02  5.61e-02  2.45e-02  7.14e+03  1.35e+01 -1.00e+05
2015 08 15  1955   57249  71700   3.58e+00  2.53e-01  1.10e-01  6.57e-02  5.75e-02  3.94e-02  6.07e+03  7.92e+00 -1.00e+05
2015 08 15  2000   57249  72000   7.50e+00  2.39e-01  1.20e-01  7.59e-02  6.77e-02  4.96e-02  6.74e+03  9.54e+00 -1.00e+05
2015 08 15  2005   57249  72300   3.51e+00  1.17e-01  8.96e-02  4.79e-02  3.72e-02  1.85e-02  5.62e+03  9.99e+00 -1.00e+05
2015 08 15  2010   57249  72600   6.29e+00  1.47e-01  1.20e-01  7.84e-02  7.01e-02  5.21e-02  5.77e+03  7.71e+00 -1.00e+05
2015 08 15  2015   57249  72900   5.42e+00  1.25e-01  9.77e-02  5.61e-02  4.78e-02  2.98e-02  6.17e+03  7.83e+00 -1.00e+05
2015 08 15  2020   57249  73200   3.26e+00  1.65e-01  1.38e-01  9.53e-02  5.67e-02  2.98e-02  5.65e+03  7.41e+00 -1.00e+05
2015 08 15  2025   57249  73500   3.43e+00  1.66e-01  9.45e-02  4.48e-02  3.66e-02  1.85e-02  6.26e+03  1.09e+01 -1.00e+05
2015 08 15  2030   57249  73800   3.87e+00  1.23e-01  9.64e-02  5.44e-02  3.87e-02  1.85e-02  5.61e+03  1.18e+01 -1.00e+05
2015 08 15  2035   57249  74100   1.91e+00  1.23e-01  9.64e-02  5.44e-02  3.87e-02  1.85e-02  4.72e+03  9.05e+00 -1.00e+05
2015 08 15  2040   57249  74400   2.90e+00  2.33e-01  1.14e-01  6.85e-02  4.30e-02  1.99e-02  4.81e+03  7.88e+00 -1.00e+05
2015 08 15  2045   57249  74700   3.98e+00  3.73e-01  2.83e-01  1.12e-01  8.08e-02  3.06e-02  6.50e+03  9.09e+00 -1.00e+05
2015 08 15  2050   57249  75000   2.17e+00  1.14e-01  8.64e-02  4.48e-02  3.66e-02  1.85e-02  6.03e+03  9.57e+00 -1.00e+05
2015 08 15  2055   57249  75300   1.94e+00  1.40e-01  1.13e-01  7.09e-02  6.27e-02  4.47e-02  6.81e+03  9.68e+00 -1.00e+05
2015 08 15  2100   57249  75600   2.40e+00  1.37e-01  1.10e-01  6.75e-02  4.17e-02  1.85e-02  8.13e+03  1.53e+01 -1.00e+05
2015 08 15  2105   57249  75900   2.53e+00  2.76e-01  2.39e-01  8.87e-02  8.04e-02  3.26e-02  8.43e+03  1.39e+01 -1.00e+05
2015 08 15  2110   57249  76200   1.88e+00  1.51e-01  1.24e-01  7.76e-02  6.65e-02  4.22e-02  7.60e+03  1.12e+01 -1.00e+05
2015 08 15  2115   57249  76500   1.75e+00  1.45e-01  1.18e-01  6.26e-02  5.43e-02  3.63e-02  7.89e+03  1.27e+01 -1.00e+05
2015 08 15  2120   57249  76800   2.01e+00  1.38e-01  1.11e-01  4.48e-02  3.66e-02  1.85e-02  8.12e+03  9.97e+00 -1.00e+05
2015 08 15  2125   57249  77100   2.25e+00  1.51e-01  1.24e-01  4.86e-02  4.04e-02  2.24e-02  7.85e+03  1.06e+01 -1.00e+05
2015 08 15  2130   57249  77400   2.27e+00  2.37e-01  1.80e-01  6.36e-02  5.54e-02  2.45e-02  7.94e+03  1.28e+01 -1.00e+05
2015 08 15  2135   57249  77700   1.37e+00  1.28e-01  1.01e-01  5.90e-02  4.47e-02  2.48e-02  7.76e+03  1.12e+01 -1.00e+05
2015 08 15  2140   57249  78000   1.54e+00  2.83e-01  2.11e-01  6.10e-02  4.02e-02  1.85e-02  6.46e+03  6.69e+00 -1.00e+05
2015 08 15  2145   57249  78300   1.37e+00  1.76e-01  1.49e-01  1.07e-01  9.93e-02  3.86e-02  6.62e+03  6.36e+00 -1.00e+05
2015 08 15  2150   57249  78600   2.03e+00  2.24e-01  1.54e-01  7.09e-02  6.27e-02  4.47e-02  7.87e+03  9.53e+00 -1.00e+05
2015 08 15  2155   57249  78900   1.48e+00  1.14e-01  8.64e-02  4.48e-02  3.66e-02  1.85e-02  5.94e+03  1.08e+01 -1.00e+05
2015 08 15  2200   57249  79200   1.68e+00  1.15e-01  8.78e-02  4.62e-02  3.79e-02  1.99e-02  8.44e+03  1.20e+01 -1.00e+05
2015 08 15  2205   57249  79500   1.85e+00  1.31e-01  1.03e-01  6.18e-02  5.35e-02  3.55e-02  8.91e+03  1.30e+01 -1.00e+05
2015 08 15  2210   57249  79800   2.85e+00  2.84e-01  1.33e-01  8.87e-02  8.04e-02  3.26e-02  8.40e+03  1.41e+01 -1.00e+05
2015 08 15  2215   57249  80100   1.72e+00  2.33e-01  2.06e-01  1.62e-01  1.07e-01  5.40e-02  9.07e+03  8.10e+00 -1.00e+05
2015 08 15  2220   57249  80400   3.50e+00  4.84e-01  2.18e-01  4.86e-02  4.04e-02  2.24e-02  9.77e+03  1.29e+01 -1.00e+05
2015 08 15  2225   57249  80700   2.11e+00  2.30e-01  1.42e-01  8.94e-02  8.12e-02  3.55e-02  1.04e+04  1.11e+01 -1.00e+05
2015 08 15  2230   57249  81000   1.64e+00  1.38e-01  1.11e-01  4.48e-02  3.66e-02  1.85e-02  1.03e+04  1.43e+01 -1.00e+05
2015 08 15  2235   57249  81300   1.79e+00  1.51e-01  1.24e-01  8.24e-02  7.42e-02  3.06e-02  1.10e+04  1.39e+01 -1.00e+05
2015 08 15  2240   57249  81600   1.42e+00  1.36e-01  1.08e-01  4.48e-02  3.66e-02  1.85e-02  1.08e+04  1.93e+01 -1.00e+05
2015 08 15  2245   57249  81900   1.49e+00  1.14e-01  8.64e-02  4.48e-02  3.66e-02  1.85e-02  9.48e+03  1.20e+01 -1.00e+05
2015 08 15  2250   57249  82200   1.34e+00  2.14e-01  1.86e-01  4.48e-02  3.66e-02  1.85e-02  7.82e+03  1.14e+01 -1.00e+05
2015 08 15  2255   57249  82500   1.39e+00  1.36e-01  1.08e-01  6.67e-02  5.61e-02  2.45e-02  8.14e+03  9.01e+00 -1.00e+05
2015 08 15  2300   57249  82800   9.09e-01  1.14e-01  8.64e-02  4.48e-02  3.66e-02  1.85e-02  8.10e+03  8.13e+00 -1.00e+05
2015 08 15  2305   57249  83100   1.36e+00  1.77e-01  1.50e-01  1.09e-01  1.00e-01  6.51e-02  8.77e+03  7.13e+00 -1.00e+05
2015 08 15  2310   57249  83400   1.13e+00  1.83e-01  1.55e-01  1.14e-01  1.06e-01  4.07e-02  9.72e+03  8.53e+00 -1.00e+05
2015 08 15  2315   57249  83700   1.80e+00  2.31e-01  1.12e-01  6.73e-02  4.85e-02  2.73e-02  9.01e+03  1.05e+01 -1.00e+05
2015 08 15  2320   57249  84000   8.66e-01  1.30e-01  1.03e-01  6.10e-02  4.02e-02  1.85e-02  8.16e+03  6.63e+00 -1.00e+05
2015 08 15  2325   57249  84300   8.11e-01  1.20e-01  9.27e-02  5.11e-02  4.28e-02  2.05e-02  6.36e+03  6.10e+00 -1.00e+05
2015 08 15  2330   57249  84600   1.10e+00  3.73e-01  3.01e-01  8.00e-02  4.23e-02  1.85e-02  5.82e+03  3.86e+00 -1.00e+05
2015 08 15  2335   57249  84900   1.76e+00  3.44e-01  1.59e-01  4.79e-02  3.72e-02  1.85e-02  7.52e+03  8.42e+00 -1.00e+05
2015 08 15  2340   57249  85200   9.75e-01  1.17e-01  8.96e-02  4.79e-02  3.72e-02  1.85e-02  7.43e+03  7.95e+00 -1.00e+05
2015 08 15  2345   57249  85500   1.07e+00  1.67e-01  1.40e-01  9.80e-02  8.74e-02  3.46e-02  8.23e+03  8.19e+00 -1.00e+05
2015 08 15  2350   57249  85800   1.06e+00  1.55e-01  1.27e-01  8.58e-02  7.76e-02  5.95e-02  9.21e+03  7.22e+00 -1.00e+05
2015 08 15  2355   57249  86100   1.63e+00  1.70e-01  9.77e-02  4.79e-02  3.72e-02  1.85e-02  9.12e+03  9.65e+00 -1.00e+05
