:Data_list: 20150912_Gs_part_5m.txt
:Created: 2015 Sep 13 0011 UTC
# Prepared by the U.S. Dept. of Commerce, NOAA, Space Weather Prediction Center
# Please send comments and suggestions to SWPC.Webmaster@noaa.gov 
# 
# Label: P > 1 = Particles at >1 Mev
# Label: P > 5 = Particles at >5 Mev
# Label: P >10 = Particles at >10 Mev
# Label: P >30 = Particles at >30 Mev
# Label: P >50 = Particles at >50 Mev
# Label: P>100 = Particles at >100 Mev
# Label: E>0.8 = Electrons at >0.8 Mev
# Label: E>2.0 = Electrons at >2.0 Mev
# Label: E>4.0 = Electrons at >4.0 Mev
# Units: Particles = Protons/cm2-s-sr
# Units: Electrons = Electrons/cm2-s-sr
# Source: GOES-15
# Location: W135
# Missing data: -1.00e+05
#
#                      5-minute  GOES-15 Solar Particle and Electron Flux
#
#                 Modified Seconds
# UTC Date  Time   Julian  of the
# YR MO DA  HHMM    Day     Day     P > 1     P > 5     P >10     P >30     P >50     P>100     E>0.8     E>2.0     E>4.0
#-------------------------------------------------------------------------------------------------------------------------
2015 09 12  0000   57277      0   3.72e+00  1.65e-01  1.39e-01  1.00e-01  9.16e-02  3.60e-02  2.11e+04  4.28e+02 -1.00e+05
2015 09 12  0005   57277    300   3.85e+00  2.44e-01  2.10e-01  4.53e-02  3.66e-02  1.83e-02  2.23e+04  4.34e+02 -1.00e+05
2015 09 12  0010   57277    600   5.08e+00  4.28e-01  2.50e-01  6.35e-02  5.48e-02  3.66e-02  2.01e+04  3.44e+02 -1.00e+05
2015 09 12  0015   57277    900   4.42e+00  1.77e-01  9.43e-02  4.53e-02  3.66e-02  1.83e-02  2.22e+04  4.12e+02 -1.00e+05
2015 09 12  0020   57277   1200   2.57e+00  1.21e-01  9.49e-02  5.61e-02  4.74e-02  2.91e-02  2.07e+04  3.44e+02 -1.00e+05
2015 09 12  0025   57277   1500   2.58e+00  1.63e-01  1.37e-01  9.70e-02  5.70e-02  2.26e-02  2.09e+04  3.36e+02 -1.00e+05
2015 09 12  0030   57277   1800   3.09e+00  2.35e-01  2.09e-01  4.62e-02  3.75e-02  1.92e-02  2.34e+04  4.14e+02 -1.00e+05
2015 09 12  0035   57277   2100   2.84e+00  1.42e-01  1.16e-01  4.53e-02  3.66e-02  1.83e-02  2.31e+04  3.97e+02 -1.00e+05
2015 09 12  0040   57277   2400   3.36e+00  2.69e-01  2.43e-01  7.83e-02  4.22e-02  1.83e-02  2.70e+04  4.51e+02 -1.00e+05
2015 09 12  0045   57277   2700   3.11e+00  1.62e-01  1.27e-01  8.60e-02  4.58e-02  1.83e-02  2.23e+04  3.86e+02 -1.00e+05
2015 09 12  0050   57277   3000   4.54e+00  1.80e-01  9.77e-02  4.87e-02  4.00e-02  2.17e-02  2.48e+04  4.24e+02 -1.00e+05
2015 09 12  0055   57277   3300   3.35e+00  1.20e-01  8.56e-02  4.53e-02  3.66e-02  1.83e-02  2.62e+04  4.61e+02 -1.00e+05
2015 09 12  0100   57277   3600   3.87e+00  1.78e-01  1.09e-01  6.27e-02  5.40e-02  2.39e-02  2.83e+04  4.86e+02 -1.00e+05
2015 09 12  0105   57277   3900   3.17e+00  1.40e-01  1.14e-01  7.47e-02  5.92e-02  3.90e-02  2.57e+04  4.91e+02 -1.00e+05
2015 09 12  0110   57277   4200   2.80e+00  2.04e-01  1.70e-01  8.12e-02  4.22e-02  1.83e-02  2.84e+04  4.71e+02 -1.00e+05
2015 09 12  0115   57277   4500   1.55e+00  1.86e-01  1.60e-01  8.09e-02  7.22e-02  5.39e-02  1.40e+04  2.19e+02 -1.00e+05
2015 09 12  0120   57277   4800   1.11e+00  1.69e-01  1.43e-01  6.76e-02  5.89e-02  4.07e-02  1.06e+04  1.39e+02 -1.00e+05
2015 09 12  0125   57277   5100   1.34e+00  1.94e-01  1.68e-01  8.83e-02  7.96e-02  6.13e-02  1.31e+04  1.80e+02 -1.00e+05
2015 09 12  0130   57277   5400   1.90e+00  1.92e-01  1.66e-01  7.94e-02  4.43e-02  1.83e-02  1.62e+04  2.21e+02 -1.00e+05
2015 09 12  0135   57277   5700   3.64e+00  4.37e-01  1.82e-01  4.53e-02  3.66e-02  1.83e-02  1.90e+04  2.79e+02 -1.00e+05
2015 09 12  0140   57277   6000   2.28e+00  1.12e-01  8.54e-02  4.66e-02  3.69e-02  1.83e-02  2.17e+04  3.14e+02 -1.00e+05
2015 09 12  0145   57277   6300   2.07e+00  2.05e-01  1.79e-01  1.39e-01  1.04e-01  5.31e-02  2.19e+04  3.27e+02 -1.00e+05
2015 09 12  0150   57277   6600   2.35e+00  1.65e-01  1.39e-01  1.00e-01  9.16e-02  3.60e-02  2.17e+04  3.10e+02 -1.00e+05
2015 09 12  0155   57277   6900   2.36e+00  2.56e-01  2.30e-01  6.63e-02  4.13e-02  1.83e-02  2.22e+04  3.12e+02 -1.00e+05
2015 09 12  0200   57277   7200   2.20e+00  1.39e-01  1.12e-01  7.29e-02  4.28e-02  1.83e-02  1.99e+04  2.54e+02 -1.00e+05
2015 09 12  0205   57277   7500   2.31e+00  1.51e-01  1.25e-01  8.58e-02  7.71e-02  5.88e-02  2.22e+04  2.72e+02 -1.00e+05
2015 09 12  0210   57277   7800   2.85e+00  1.20e-01  8.56e-02  4.53e-02  3.66e-02  1.83e-02  2.80e+04  3.55e+02 -1.00e+05
2015 09 12  0215   57277   8100   2.89e+00  1.12e-01  8.54e-02  4.66e-02  3.69e-02  1.83e-02  3.27e+04  4.22e+02 -1.00e+05
2015 09 12  0220   57277   8400   3.58e+00  1.71e-01  1.45e-01  1.07e-01  9.78e-02  3.80e-02  3.56e+04  5.01e+02 -1.00e+05
2015 09 12  0225   57277   8700   3.77e+00  1.32e-01  1.06e-01  6.63e-02  4.13e-02  1.83e-02  3.72e+04  5.25e+02 -1.00e+05
2015 09 12  0230   57277   9000   4.47e+00  2.71e-01  2.40e-01  8.34e-02  7.46e-02  5.64e-02  3.93e+04  5.77e+02 -1.00e+05
2015 09 12  0235   57277   9300   3.80e+00  1.18e-01  9.22e-02  5.32e-02  3.84e-02  1.83e-02  3.74e+04  5.29e+02 -1.00e+05
2015 09 12  0240   57277   9600   4.63e+00  2.41e-01  1.68e-01  1.20e-01  1.11e-01  4.20e-02  3.72e+04  5.09e+02 -1.00e+05
2015 09 12  0245   57277   9900   3.22e+00  2.56e-01  2.30e-01  8.39e-02  5.39e-02  2.19e-02  3.43e+04  4.48e+02 -1.00e+05
2015 09 12  0250   57277  10200   2.28e+00  1.10e-01  8.41e-02  4.53e-02  3.66e-02  1.83e-02  3.15e+04  3.68e+02 -1.00e+05
2015 09 12  0255   57277  10500   2.16e+00  1.67e-01  1.41e-01  1.01e-01  6.29e-02  3.90e-02  2.99e+04  3.51e+02 -1.00e+05
2015 09 12  0300   57277  10800   2.53e+00  1.59e-01  1.24e-01  8.26e-02  4.22e-02  1.83e-02  2.84e+04  3.24e+02 -1.00e+05
2015 09 12  0305   57277  11100   2.26e+00  1.10e-01  8.41e-02  4.53e-02  3.66e-02  1.83e-02  2.73e+04  2.99e+02 -1.00e+05
2015 09 12  0310   57277  11400   2.31e+00  1.21e-01  9.49e-02  5.61e-02  4.74e-02  2.91e-02  2.71e+04  3.01e+02 -1.00e+05
2015 09 12  0315   57277  11700   4.00e+00  3.81e-01  2.40e-01  5.12e-02  4.24e-02  2.42e-02  2.56e+04  2.69e+02 -1.00e+05
2015 09 12  0320   57277  12000   2.63e+00  1.18e-01  9.22e-02  5.32e-02  3.84e-02  1.83e-02  2.40e+04  2.62e+02 -1.00e+05
2015 09 12  0325   57277  12300   3.82e+00  2.23e-01  1.41e-01  6.11e-02  5.23e-02  3.41e-02  2.69e+04  2.93e+02 -1.00e+05
2015 09 12  0330   57277  12600   3.16e+00  2.40e-01  1.86e-01  8.15e-02  7.28e-02  3.00e-02  2.60e+04  2.97e+02 -1.00e+05
2015 09 12  0335   57277  12900   2.49e+00  1.41e-01  1.15e-01  7.59e-02  6.72e-02  4.89e-02  2.56e+04  2.85e+02 -1.00e+05
2015 09 12  0340   57277  13200   2.69e+00  1.20e-01  8.56e-02  4.53e-02  3.66e-02  1.83e-02  2.42e+04  2.64e+02 -1.00e+05
2015 09 12  0345   57277  13500   2.39e+00  1.50e-01  1.24e-01  5.64e-02  4.77e-02  2.19e-02  2.36e+04  2.63e+02 -1.00e+05
2015 09 12  0350   57277  13800   2.33e+00  1.45e-01  1.19e-01  7.94e-02  4.43e-02  1.83e-02  2.52e+04  2.71e+02 -1.00e+05
2015 09 12  0355   57277  14100   2.16e+00  1.42e-01  1.16e-01  6.90e-02  6.02e-02  2.59e-02  2.33e+04  2.44e+02 -1.00e+05
2015 09 12  0400   57277  14400   3.23e+00  4.53e-01  2.38e-01  4.62e-02  3.75e-02  1.92e-02  2.31e+04  2.20e+02 -1.00e+05
2015 09 12  0405   57277  14700   3.29e+00  3.13e-01  1.02e-01  6.11e-02  5.23e-02  3.41e-02  1.98e+04  2.01e+02 -1.00e+05
2015 09 12  0410   57277  15000   1.24e+00  1.10e-01  8.41e-02  4.53e-02  3.66e-02  1.83e-02  1.53e+04  1.53e+02 -1.00e+05
2015 09 12  0415   57277  15300   1.28e+00  1.41e-01  1.15e-01  7.59e-02  6.72e-02  4.89e-02  1.53e+04  1.34e+02 -1.00e+05
2015 09 12  0420   57277  15600   1.47e+00  1.28e-01  1.01e-01  6.27e-02  5.40e-02  2.39e-02  1.78e+04  1.69e+02 -1.00e+05
2015 09 12  0425   57277  15900   1.53e+00  1.26e-01  9.98e-02  6.11e-02  5.23e-02  3.41e-02  2.20e+04  2.13e+02 -1.00e+05
2015 09 12  0430   57277  16200   1.87e+00  1.76e-01  1.50e-01  1.10e-01  6.94e-02  2.59e-02  2.48e+04  2.31e+02 -1.00e+05
2015 09 12  0435   57277  16500   2.46e+00  1.85e-01  1.59e-01  1.20e-01  1.11e-01  6.82e-02  3.16e+04  3.63e+02 -1.00e+05
2015 09 12  0440   57277  16800   2.95e+00  1.83e-01  1.37e-01  9.47e-02  8.59e-02  3.65e-02  3.88e+04  4.60e+02 -1.00e+05
2015 09 12  0445   57277  17100   4.33e+00  1.77e-01  9.43e-02  4.53e-02  3.66e-02  1.83e-02  3.70e+04  4.46e+02 -1.00e+05
2015 09 12  0450   57277  17400   3.37e+00  2.37e-01  1.18e-01  7.62e-02  5.86e-02  3.19e-02  3.04e+04  3.09e+02 -1.00e+05
2015 09 12  0455   57277  17700   2.67e+00  1.14e-01  8.74e-02  4.87e-02  4.00e-02  2.17e-02  3.74e+04  4.40e+02 -1.00e+05
2015 09 12  0500   57277  18000   2.57e+00  1.93e-01  1.59e-01  4.66e-02  3.69e-02  1.83e-02  3.66e+04  4.29e+02 -1.00e+05
2015 09 12  0505   57277  18300   4.64e+00  3.07e-01  1.56e-01  6.10e-02  4.85e-02  2.91e-02  4.20e+04  5.14e+02 -1.00e+05
2015 09 12  0510   57277  18600   3.58e+00  1.52e-01  1.26e-01  8.60e-02  4.58e-02  1.83e-02  3.67e+04  4.41e+02 -1.00e+05
2015 09 12  0515   57277  18900   4.81e+00  2.13e-01  1.37e-01  5.71e-02  4.83e-02  2.44e-02  3.30e+04  3.50e+02 -1.00e+05
2015 09 12  0520   57277  19200   3.00e+00  1.59e-01  1.33e-01  9.42e-02  8.55e-02  3.46e-02  3.51e+04  3.86e+02 -1.00e+05
2015 09 12  0525   57277  19500   3.94e+00  1.64e-01  1.38e-01  9.89e-02  9.02e-02  5.30e-02  4.21e+04  5.45e+02 -1.00e+05
2015 09 12  0530   57277  19800   4.33e+00  1.10e-01  8.41e-02  4.53e-02  3.66e-02  1.83e-02  4.72e+04  6.66e+02 -1.00e+05
2015 09 12  0535   57277  20100   7.58e+00  1.77e-01  9.43e-02  4.53e-02  3.66e-02  1.83e-02  4.39e+04  5.91e+02 -1.00e+05
2015 09 12  0540   57277  20400   4.13e+00  2.45e-01  2.19e-01  5.86e-02  4.99e-02  3.16e-02  3.79e+04  4.48e+02 -1.00e+05
2015 09 12  0545   57277  20700   4.98e+00  1.21e-01  8.69e-02  4.66e-02  3.69e-02  1.83e-02  3.63e+04  4.03e+02 -1.00e+05
2015 09 12  0550   57277  21000   4.13e+00  1.10e-01  8.41e-02  4.53e-02  3.66e-02  1.83e-02  3.69e+04  4.35e+02 -1.00e+05
2015 09 12  0555   57277  21300   4.81e+00  1.93e-01  1.67e-01  8.87e-02  8.00e-02  5.81e-02  3.96e+04  4.52e+02 -1.00e+05
2015 09 12  0600   57277  21600   5.98e+00  2.24e-01  1.41e-01  4.53e-02  3.66e-02  1.83e-02  3.63e+04  4.07e+02 -1.00e+05
2015 09 12  0605   57277  21900   3.97e+00  1.92e-01  1.66e-01  1.13e-01  1.04e-01  4.00e-02  3.41e+04  3.63e+02 -1.00e+05
2015 09 12  0610   57277  22200   3.63e+00  1.58e-01  1.32e-01  4.66e-02  3.69e-02  1.83e-02  3.47e+04  3.53e+02 -1.00e+05
2015 09 12  0615   57277  22500   7.02e+00  4.37e-01  1.83e-01  4.62e-02  3.75e-02  1.92e-02  3.20e+04  3.46e+02 -1.00e+05
2015 09 12  0620   57277  22800   3.45e+00  1.10e-01  8.41e-02  4.53e-02  3.66e-02  1.83e-02  3.14e+04  3.28e+02 -1.00e+05
2015 09 12  0625   57277  23100   4.49e+00  1.77e-01  9.43e-02  4.53e-02  3.66e-02  1.83e-02  2.94e+04  2.89e+02 -1.00e+05
2015 09 12  0630   57277  23400   2.80e+00  1.80e-01  1.53e-01  7.11e-02  5.46e-02  3.41e-02  2.97e+04  2.94e+02 -1.00e+05
2015 09 12  0635   57277  23700   2.77e+00  1.30e-01  1.04e-01  6.53e-02  5.66e-02  3.84e-02  2.85e+04  2.57e+02 -1.00e+05
2015 09 12  0640   57277  24000   4.29e+00  1.56e-01  1.30e-01  9.09e-02  6.61e-02  1.94e-02  2.71e+04  2.57e+02 -1.00e+05
2015 09 12  0645   57277  24300   4.63e+00  2.54e-01  1.36e-01  6.27e-02  5.40e-02  2.39e-02  2.52e+04  2.42e+02 -1.00e+05
2015 09 12  0650   57277  24600   3.24e+00  1.62e-01  1.27e-01  8.60e-02  4.58e-02  1.83e-02  2.47e+04  2.16e+02 -1.00e+05
2015 09 12  0655   57277  24900   3.55e+00  2.13e-01  1.37e-01  5.71e-02  4.83e-02  2.44e-02  2.29e+04  2.00e+02 -1.00e+05
2015 09 12  0700   57277  25200   3.27e+00  3.79e-01  2.49e-01  7.34e-02  6.47e-02  4.65e-02  2.02e+04  1.76e+02 -1.00e+05
2015 09 12  0705   57277  25500   2.00e+00  1.31e-01  1.05e-01  6.66e-02  5.79e-02  3.92e-02  2.10e+04  1.78e+02 -1.00e+05
2015 09 12  0710   57277  25800   1.50e+00  1.31e-01  1.05e-01  6.60e-02  5.73e-02  3.90e-02  1.98e+04  1.62e+02 -1.00e+05
2015 09 12  0715   57277  26100   2.62e+00  1.26e-01  9.98e-02  6.11e-02  5.23e-02  3.41e-02  2.21e+04  2.09e+02 -1.00e+05
2015 09 12  0720   57277  26400   2.10e+00  1.57e-01  1.31e-01  4.53e-02  3.66e-02  1.83e-02  2.23e+04  2.08e+02 -1.00e+05
2015 09 12  0725   57277  26700   1.30e+01  1.23e-01  8.89e-02  4.87e-02  4.00e-02  2.17e-02  2.75e+04  2.89e+02 -1.00e+05
2015 09 12  0730   57277  27000   8.17e+00  2.43e-01  2.17e-01  5.61e-02  4.74e-02  2.91e-02  3.94e+04  4.94e+02 -1.00e+05
2015 09 12  0735   57277  27300   6.55e+01  1.85e-01  8.80e-02  4.66e-02  3.69e-02  1.83e-02  5.69e+04  1.01e+03 -1.00e+05
2015 09 12  0740   57277  27600   5.52e+01  1.68e-01  1.42e-01  1.03e-01  7.27e-02  2.79e-02  6.57e+04  1.34e+03 -1.00e+05
2015 09 12  0745   57277  27900   1.45e+01  1.77e-01  9.43e-02  4.53e-02  3.66e-02  1.83e-02  6.06e+04  1.06e+03 -1.00e+05
2015 09 12  0750   57277  28200   5.70e+01  2.77e-01  1.55e-01  1.13e-01  7.36e-02  4.65e-02  7.86e+04  1.89e+03 -1.00e+05
2015 09 12  0755   57277  28500   2.25e+01  2.32e-01  2.06e-01  8.45e-02  7.58e-02  4.16e-02  7.83e+04  1.97e+03 -1.00e+05
2015 09 12  0800   57277  28800   4.26e+01  2.13e-01  1.36e-01  8.87e-02  8.00e-02  5.81e-02  8.73e+04  2.67e+03 -1.00e+05
2015 09 12  0805   57277  29100   4.42e+01  5.59e-01  2.08e-01  4.53e-02  3.66e-02  1.83e-02  8.70e+04  2.81e+03 -1.00e+05
2015 09 12  0810   57277  29400   2.65e+01  1.85e-01  8.80e-02  4.66e-02  3.69e-02  1.83e-02  8.10e+04  2.40e+03 -1.00e+05
2015 09 12  0815   57277  29700   2.92e+01  3.56e-01  1.45e-01  4.66e-02  3.69e-02  1.83e-02  7.80e+04  2.33e+03 -1.00e+05
2015 09 12  0820   57277  30000   1.23e+01  1.21e-01  9.49e-02  5.61e-02  4.74e-02  2.91e-02  7.47e+04  2.12e+03 -1.00e+05
2015 09 12  0825   57277  30300   1.37e+01  2.49e-01  2.23e-01  6.35e-02  5.48e-02  3.66e-02  6.96e+04  1.99e+03 -1.00e+05
2015 09 12  0830   57277  30600   1.26e+01  1.23e-01  8.89e-02  4.87e-02  4.00e-02  2.17e-02  7.06e+04  1.96e+03 -1.00e+05
2015 09 12  0835   57277  30900   1.27e+01  1.41e-01  1.15e-01  7.65e-02  6.68e-02  2.79e-02  6.64e+04  1.76e+03 -1.00e+05
2015 09 12  0840   57277  31200   1.49e+01  1.94e-01  1.12e-01  6.35e-02  5.48e-02  3.66e-02  5.73e+04  1.26e+03 -1.00e+05
2015 09 12  0845   57277  31500   9.47e+00  1.10e-01  8.41e-02  4.53e-02  3.66e-02  1.83e-02  5.49e+04  1.17e+03 -1.00e+05
2015 09 12  0850   57277  31800   1.66e+01  2.78e-01  8.71e-02  4.62e-02  3.75e-02  1.92e-02  5.48e+04  1.15e+03 -1.00e+05
2015 09 12  0855   57277  32100   6.35e+00  1.10e-01  8.41e-02  4.53e-02  3.66e-02  1.83e-02  5.38e+04  1.12e+03 -1.00e+05
2015 09 12  0900   57277  32400   5.54e+00  1.47e-01  1.21e-01  8.26e-02  7.39e-02  3.43e-02  5.10e+04  9.04e+02 -1.00e+05
2015 09 12  0905   57277  32700   9.74e+00  4.53e-01  2.37e-01  4.53e-02  3.66e-02  1.83e-02  4.95e+04  9.33e+02 -1.00e+05
2015 09 12  0910   57277  33000   9.26e+00  1.77e-01  9.43e-02  4.53e-02  3.66e-02  1.83e-02  5.68e+04  1.23e+03 -1.00e+05
2015 09 12  0915   57277  33300   1.34e+01  2.44e-01  1.31e-01  6.90e-02  6.02e-02  2.59e-02  5.63e+04  1.25e+03 -1.00e+05
2015 09 12  0920   57277  33600   9.91e+00  1.70e-01  1.44e-01  1.04e-01  7.40e-02  1.85e-02  5.76e+04  1.33e+03 -1.00e+05
2015 09 12  0925   57277  33900   1.61e+02  2.74e-01  2.48e-01  8.54e-02  5.21e-02  2.66e-02  5.93e+04  1.40e+03 -1.00e+05
2015 09 12  0930   57277  34200   5.99e+02  3.00e-01  1.92e-01  1.15e-01  1.06e-01  6.98e-02  7.50e+04  2.13e+03 -1.00e+05
2015 09 12  0935   57277  34500   3.63e+02  3.04e-01  9.20e-02  5.12e-02  4.24e-02  2.42e-02  8.56e+04  2.89e+03 -1.00e+05
2015 09 12  0940   57277  34800   2.31e+02  1.21e-01  8.69e-02  4.66e-02  3.69e-02  1.83e-02  9.21e+04  3.25e+03 -1.00e+05
2015 09 12  0945   57277  35100   1.29e+02  1.45e-01  1.19e-01  8.01e-02  7.14e-02  4.69e-02  8.53e+04  2.81e+03 -1.00e+05
2015 09 12  0950   57277  35400   8.68e+01  1.40e-01  1.14e-01  7.52e-02  6.65e-02  2.79e-02  7.79e+04  2.34e+03 -1.00e+05
2015 09 12  0955   57277  35700   9.10e+01  1.87e-01  1.05e-01  5.61e-02  4.74e-02  2.91e-02  7.69e+04  2.34e+03 -1.00e+05
2015 09 12  1000   57277  36000   4.32e+01  2.00e-01  1.73e-01  1.35e-01  1.26e-01  5.77e-02  7.26e+04  2.18e+03 -1.00e+05
2015 09 12  1005   57277  36300   6.97e+01  2.53e-01  1.12e-01  7.10e-02  6.23e-02  3.39e-02  7.39e+04  2.25e+03 -1.00e+05
2015 09 12  1010   57277  36600   4.20e+01  2.90e-01  1.62e-01  6.76e-02  5.89e-02  4.07e-02  7.25e+04  2.22e+03 -1.00e+05
2015 09 12  1015   57277  36900   1.65e+01  1.18e-01  9.22e-02  5.32e-02  3.84e-02  1.83e-02  7.92e+04  2.56e+03 -1.00e+05
2015 09 12  1020   57277  37200   1.40e+01  2.12e-01  1.29e-01  7.94e-02  4.43e-02  1.83e-02  7.77e+04  2.65e+03 -1.00e+05
2015 09 12  1025   57277  37500   6.70e+00  1.21e-01  9.52e-02  5.64e-02  4.77e-02  2.19e-02  7.81e+04  2.57e+03 -1.00e+05
2015 09 12  1030   57277  37800   6.35e+00  1.19e-01  9.28e-02  5.38e-02  3.92e-02  1.92e-02  7.71e+04  2.80e+03 -1.00e+05
2015 09 12  1035   57277  38100   6.94e+00  1.48e-01  1.16e-01  7.59e-02  6.72e-02  4.89e-02  7.96e+04  2.89e+03 -1.00e+05
2015 09 12  1040   57277  38400   9.30e+00  2.24e-01  1.41e-01  4.53e-02  3.66e-02  1.83e-02  7.80e+04  3.00e+03 -1.00e+05
2015 09 12  1045   57277  38700   6.87e+00  1.10e-01  8.41e-02  4.53e-02  3.66e-02  1.83e-02  7.74e+04  2.80e+03 -1.00e+05
2015 09 12  1050   57277  39000   9.15e+00  1.77e-01  9.43e-02  4.53e-02  3.66e-02  1.83e-02  7.71e+04  2.99e+03 -1.00e+05
2015 09 12  1055   57277  39300   6.59e+00  1.54e-01  1.28e-01  8.94e-02  7.45e-02  3.00e-02  7.64e+04  2.84e+03 -1.00e+05
2015 09 12  1100   57277  39600   9.01e+00  2.65e-01  1.36e-01  7.84e-02  6.97e-02  5.14e-02  7.43e+04  2.81e+03 -1.00e+05
2015 09 12  1105   57277  39900   4.97e+00  1.33e-01  1.07e-01  6.85e-02  5.98e-02  4.15e-02  7.79e+04  2.88e+03 -1.00e+05
2015 09 12  1110   57277  40200   5.87e+00  1.71e-01  1.36e-01  4.53e-02  3.66e-02  1.83e-02  7.17e+04  2.67e+03 -1.00e+05
2015 09 12  1115   57277  40500   4.65e+00  1.65e-01  1.39e-01  1.00e-01  9.16e-02  3.60e-02  7.23e+04  2.76e+03 -1.00e+05
2015 09 12  1120   57277  40800   5.08e+00  1.54e-01  1.27e-01  8.87e-02  8.00e-02  5.81e-02  7.26e+04  2.65e+03 -1.00e+05
2015 09 12  1125   57277  41100   4.75e+00  1.60e-01  1.34e-01  6.90e-02  6.02e-02  2.59e-02  7.06e+04  2.57e+03 -1.00e+05
2015 09 12  1130   57277  41400   4.81e+00  1.37e-01  1.06e-01  6.61e-02  5.74e-02  3.91e-02  6.95e+04  2.51e+03 -1.00e+05
2015 09 12  1135   57277  41700   4.44e+00  1.57e-01  1.31e-01  4.53e-02  3.66e-02  1.83e-02  6.44e+04  2.32e+03 -1.00e+05
2015 09 12  1140   57277  42000   4.19e+00  2.35e-01  2.09e-01  4.53e-02  3.66e-02  1.83e-02  6.26e+04  2.26e+03 -1.00e+05
2015 09 12  1145   57277  42300   3.97e+00  1.41e-01  1.15e-01  7.59e-02  5.38e-02  3.16e-02  6.50e+04  2.38e+03 -1.00e+05
2015 09 12  1150   57277  42600   6.30e+00  2.70e-01  1.41e-01  8.34e-02  7.46e-02  5.64e-02  6.44e+04  2.35e+03 -1.00e+05
2015 09 12  1155   57277  42900   3.99e+00  1.61e-01  1.35e-01  5.12e-02  4.24e-02  2.42e-02  6.31e+04  2.35e+03 -1.00e+05
2015 09 12  1200   57277  43200   3.91e+00  2.61e-01  2.35e-01  7.84e-02  6.97e-02  5.14e-02  6.25e+04  2.32e+03 -1.00e+05
2015 09 12  1205   57277  43500   4.03e+00  1.16e-01  8.99e-02  5.12e-02  4.24e-02  2.42e-02  6.13e+04  2.33e+03 -1.00e+05
2015 09 12  1210   57277  43800   6.35e+00  1.25e-01  9.90e-02  5.97e-02  3.99e-02  1.83e-02  5.77e+04  2.23e+03 -1.00e+05
2015 09 12  1215   57277  44100   6.19e+00  1.14e-01  8.74e-02  4.87e-02  4.00e-02  2.17e-02  5.71e+04  2.21e+03 -1.00e+05
2015 09 12  1220   57277  44400   5.37e+00  2.08e-01  1.82e-01  8.78e-02  7.90e-02  3.20e-02  5.92e+04  2.39e+03 -1.00e+05
2015 09 12  1225   57277  44700   6.33e+00  1.77e-01  9.43e-02  4.53e-02  3.66e-02  1.83e-02  6.30e+04  2.56e+03 -1.00e+05
2015 09 12  1230   57277  45000   7.78e+00  4.35e-01  1.60e-01  4.53e-02  3.66e-02  1.83e-02  6.22e+04  2.72e+03 -1.00e+05
2015 09 12  1235   57277  45300   3.86e+00  1.26e-01  9.98e-02  6.11e-02  5.23e-02  3.41e-02  7.00e+04  2.94e+03 -1.00e+05
2015 09 12  1240   57277  45600   8.10e+00  2.56e-01  1.26e-01  6.85e-02  5.98e-02  4.15e-02  6.82e+04  2.99e+03 -1.00e+05
2015 09 12  1245   57277  45900   8.41e+00  1.28e-01  1.02e-01  6.35e-02  5.48e-02  3.66e-02  7.00e+04  3.26e+03 -1.00e+05
2015 09 12  1250   57277  46200   1.02e+01  1.50e-01  1.24e-01  5.64e-02  4.77e-02  2.19e-02  7.41e+04  3.46e+03 -1.00e+05
2015 09 12  1255   57277  46500   9.99e+00  2.37e-01  2.11e-01  4.87e-02  4.00e-02  2.17e-02  6.99e+04  3.33e+03 -1.00e+05
2015 09 12  1300   57277  46800   8.68e+00  1.85e-01  1.59e-01  7.29e-02  4.28e-02  1.83e-02  7.52e+04  3.58e+03 -1.00e+05
2015 09 12  1305   57277  47100   9.37e+00  1.42e-01  1.16e-01  4.53e-02  3.66e-02  1.83e-02  7.82e+04  3.93e+03 -1.00e+05
2015 09 12  1310   57277  47400   1.35e+01  1.96e-01  1.63e-01  7.34e-02  6.47e-02  4.65e-02  8.29e+04  4.29e+03 -1.00e+05
2015 09 12  1315   57277  47700   1.88e+01  2.45e-01  2.19e-01  8.64e-02  7.76e-02  4.89e-02  8.29e+04  4.51e+03 -1.00e+05
2015 09 12  1320   57277  48000   2.09e+01  1.58e-01  1.32e-01  4.66e-02  3.69e-02  1.83e-02  8.86e+04  4.79e+03 -1.00e+05
2015 09 12  1325   57277  48300   1.73e+01  2.35e-01  2.09e-01  4.53e-02  3.66e-02  1.83e-02  9.14e+04  5.00e+03 -1.00e+05
2015 09 12  1330   57277  48600   1.29e+01  1.43e-01  1.17e-01  7.84e-02  6.97e-02  5.14e-02  9.32e+04  5.35e+03 -1.00e+05
2015 09 12  1335   57277  48900   8.74e+00  1.10e-01  8.41e-02  4.53e-02  3.66e-02  1.83e-02  9.63e+04  5.87e+03 -1.00e+05
2015 09 12  1340   57277  49200   8.45e+00  2.19e-01  1.93e-01  5.97e-02  3.99e-02  1.83e-02  1.03e+05  6.24e+03 -1.00e+05
2015 09 12  1345   57277  49500   1.14e+01  1.80e-01  9.77e-02  4.87e-02  4.00e-02  2.17e-02  9.86e+04  6.35e+03 -1.00e+05
2015 09 12  1350   57277  49800   8.67e+00  1.71e-01  1.45e-01  5.32e-02  3.84e-02  1.83e-02  9.67e+04  6.27e+03 -1.00e+05
2015 09 12  1355   57277  50100   8.63e+00  1.69e-01  1.43e-01  1.03e-01  7.53e-02  5.14e-02  1.01e+05  6.47e+03 -1.00e+05
2015 09 12  1400   57277  50400   8.46e+00  1.10e-01  8.41e-02  4.53e-02  3.66e-02  1.83e-02  9.89e+04  6.32e+03 -1.00e+05
2015 09 12  1405   57277  50700   1.49e+01  3.77e-01  2.35e-01  4.53e-02  3.66e-02  1.83e-02  1.02e+05  6.88e+03 -1.00e+05
2015 09 12  1410   57277  51000   1.44e+01  2.61e-01  1.90e-01  9.50e-02  8.63e-02  6.01e-02  1.06e+05  7.06e+03 -1.00e+05
2015 09 12  1415   57277  51300   9.61e+00  1.31e-01  1.04e-01  6.57e-02  5.69e-02  3.56e-02  1.08e+05  7.79e+03 -1.00e+05
2015 09 12  1420   57277  51600   2.24e+01  4.87e-01  2.37e-01  4.53e-02  3.66e-02  1.83e-02  1.14e+05  8.35e+03 -1.00e+05
2015 09 12  1425   57277  51900   1.16e+01  1.46e-01  1.20e-01  8.06e-02  5.29e-02  2.91e-02  1.18e+05  9.16e+03 -1.00e+05
2015 09 12  1430   57277  52200   1.18e+01  1.31e-01  1.05e-01  6.60e-02  5.73e-02  3.90e-02  1.14e+05  8.45e+03 -1.00e+05
2015 09 12  1435   57277  52500   1.08e+01  2.35e-01  2.09e-01  4.53e-02  3.66e-02  1.83e-02  1.17e+05  9.89e+03 -1.00e+05
2015 09 12  1440   57277  52800   1.29e+01  1.57e-01  1.26e-01  8.58e-02  7.71e-02  5.88e-02  1.29e+05  1.08e+04 -1.00e+05
2015 09 12  1445   57277  53100   1.81e+01  2.54e-01  1.24e-01  6.60e-02  5.73e-02  3.90e-02  1.21e+05  1.02e+04 -1.00e+05
2015 09 12  1450   57277  53400   1.97e+01  3.35e-01  1.55e-01  6.11e-02  5.23e-02  3.41e-02  1.25e+05  1.12e+04 -1.00e+05
2015 09 12  1455   57277  53700   1.50e+01  1.45e-01  1.19e-01  4.87e-02  4.00e-02  2.17e-02  1.26e+05  1.13e+04 -1.00e+05
2015 09 12  1500   57277  54000   1.83e+01  1.84e-01  8.66e-02  4.53e-02  3.66e-02  1.83e-02  1.27e+05  1.16e+04 -1.00e+05
2015 09 12  1505   57277  54300   1.74e+01  2.60e-01  2.34e-01  8.83e-02  6.73e-02  3.94e-02  1.25e+05  1.19e+04 -1.00e+05
2015 09 12  1510   57277  54600   1.36e+01  1.57e-01  1.31e-01  4.53e-02  3.66e-02  1.83e-02  1.26e+05  1.19e+04 -1.00e+05
2015 09 12  1515   57277  54900   1.33e+01  1.43e-01  1.17e-01  4.62e-02  3.75e-02  1.92e-02  1.29e+05  1.24e+04 -1.00e+05
2015 09 12  1520   57277  55200   1.43e+01  1.66e-01  1.40e-01  1.01e-01  9.22e-02  3.85e-02  1.31e+05  1.28e+04 -1.00e+05
2015 09 12  1525   57277  55500   1.23e+01  1.56e-01  1.30e-01  9.12e-02  8.25e-02  4.54e-02  1.31e+05  1.29e+04 -1.00e+05
2015 09 12  1530   57277  55800   1.31e+01  1.60e-01  1.33e-01  6.35e-02  5.48e-02  3.66e-02  1.31e+05  1.28e+04 -1.00e+05
2015 09 12  1535   57277  56100   1.07e+01  2.17e-01  1.91e-01  7.54e-02  6.67e-02  2.86e-02  1.31e+05  1.32e+04 -1.00e+05
2015 09 12  1540   57277  56400   1.12e+01  1.31e-01  1.05e-01  6.65e-02  5.77e-02  3.95e-02  1.36e+05  1.34e+04 -1.00e+05
2015 09 12  1545   57277  56700   1.85e+01  2.56e-01  8.64e-02  4.53e-02  3.66e-02  1.83e-02  1.36e+05  1.35e+04 -1.00e+05
2015 09 12  1550   57277  57000   1.08e+01  1.20e-01  8.56e-02  4.53e-02  3.66e-02  1.83e-02  1.36e+05  1.40e+04 -1.00e+05
2015 09 12  1555   57277  57300   9.45e+00  1.41e-01  1.15e-01  7.65e-02  6.68e-02  2.79e-02  1.36e+05  1.40e+04 -1.00e+05
2015 09 12  1600   57277  57600   1.45e+01  2.94e-01  1.64e-01  6.35e-02  5.48e-02  3.66e-02  1.37e+05  1.42e+04 -1.00e+05
2015 09 12  1605   57277  57900   1.12e+01  1.21e-01  8.69e-02  4.66e-02  3.69e-02  1.83e-02  1.43e+05  1.47e+04 -1.00e+05
2015 09 12  1610   57277  58200   9.86e+00  1.10e-01  8.41e-02  4.53e-02  3.66e-02  1.83e-02  1.41e+05  1.49e+04 -1.00e+05
2015 09 12  1615   57277  58500   2.06e+01  3.93e-01  1.97e-01  8.78e-02  7.90e-02  3.20e-02  1.37e+05  1.46e+04 -1.00e+05
2015 09 12  1620   57277  58800   1.73e+01  2.12e-01  1.15e-01  7.29e-02  4.28e-02  1.83e-02  1.43e+05  1.51e+04 -1.00e+05
2015 09 12  1625   57277  59100   1.21e+01  1.55e-01  1.29e-01  8.96e-02  6.97e-02  2.79e-02  1.43e+05  1.52e+04 -1.00e+05
2015 09 12  1630   57277  59400   1.25e+01  1.20e-01  8.56e-02  4.53e-02  3.66e-02  1.83e-02  1.44e+05  1.57e+04 -1.00e+05
2015 09 12  1635   57277  59700   1.32e+01  1.52e-01  1.26e-01  8.60e-02  4.58e-02  1.83e-02  1.51e+05  1.62e+04 -1.00e+05
2015 09 12  1640   57277  60000   1.30e+01  1.33e-01  1.07e-01  6.85e-02  5.98e-02  4.15e-02  1.51e+05  1.64e+04 -1.00e+05
2015 09 12  1645   57277  60300   1.92e+01  1.86e-01  1.12e-01  6.43e-02  4.95e-02  2.19e-02  1.51e+05  1.68e+04 -1.00e+05
2015 09 12  1650   57277  60600   2.50e+01  2.41e-01  9.48e-02  5.36e-02  4.49e-02  2.66e-02  1.51e+05  1.75e+04 -1.00e+05
2015 09 12  1655   57277  60900   1.37e+01  1.59e-01  1.33e-01  9.38e-02  7.70e-02  5.64e-02  1.58e+05  1.80e+04 -1.00e+05
2015 09 12  1700   57277  61200   1.39e+01  1.65e-01  1.39e-01  5.32e-02  3.84e-02  1.83e-02  1.59e+05  1.92e+04 -1.00e+05
2015 09 12  1705   57277  61500   1.46e+01  1.10e-01  8.41e-02  4.53e-02  3.66e-02  1.83e-02  1.64e+05  2.00e+04 -1.00e+05
2015 09 12  1710   57277  61800   1.96e+01  2.45e-01  1.65e-01  7.59e-02  6.72e-02  4.89e-02  1.67e+05  2.05e+04 -1.00e+05
2015 09 12  1715   57277  62100   1.40e+01  1.10e-01  8.41e-02  4.53e-02  3.66e-02  1.83e-02  1.67e+05  2.07e+04 -1.00e+05
2015 09 12  1720   57277  62400   2.49e+01  3.81e-01  1.86e-01  7.59e-02  6.72e-02  4.89e-02  1.67e+05  2.16e+04 -1.00e+05
2015 09 12  1725   57277  62700   1.29e+01  1.38e-01  1.12e-01  7.35e-02  6.47e-02  4.65e-02  1.67e+05  2.18e+04 -1.00e+05
2015 09 12  1730   57277  63000   1.25e+01  1.22e-01  9.64e-02  5.74e-02  4.38e-02  2.42e-02  1.67e+05  2.14e+04 -1.00e+05
2015 09 12  1735   57277  63300   1.26e+01  1.36e-01  1.10e-01  7.10e-02  6.22e-02  4.40e-02  1.74e+05  2.28e+04 -1.00e+05
2015 09 12  1740   57277  63600   2.50e+01  2.88e-01  1.19e-01  7.84e-02  6.97e-02  5.14e-02  1.76e+05  2.31e+04 -1.00e+05
2015 09 12  1745   57277  63900   1.35e+01  2.02e-01  1.75e-01  9.03e-02  5.13e-02  2.42e-02  1.76e+05  2.31e+04 -1.00e+05
2015 09 12  1750   57277  64200   2.04e+01  3.78e-01  2.36e-01  4.62e-02  3.75e-02  1.92e-02  1.73e+05  2.27e+04 -1.00e+05
2015 09 12  1755   57277  64500   2.52e+01  3.81e-01  1.43e-01  4.53e-02  3.66e-02  1.83e-02  1.68e+05  2.20e+04 -1.00e+05
2015 09 12  1800   57277  64800   2.43e+01  2.68e-01  1.23e-01  8.23e-02  7.35e-02  5.53e-02  1.69e+05  2.21e+04 -1.00e+05
2015 09 12  1805   57277  65100   1.49e+01  1.63e-01  1.37e-01  5.36e-02  4.49e-02  2.66e-02  1.76e+05  2.33e+04 -1.00e+05
2015 09 12  1810   57277  65400   1.96e+01  1.81e-01  1.05e-01  5.71e-02  4.83e-02  2.44e-02  1.76e+05  2.43e+04 -1.00e+05
2015 09 12  1815   57277  65700   2.27e+01  2.37e-01  1.34e-01  8.15e-02  7.28e-02  3.00e-02  1.76e+05  2.45e+04 -1.00e+05
2015 09 12  1820   57277  66000   1.32e+01  2.73e-01  2.47e-01  7.71e-02  5.28e-02  2.44e-02  1.75e+05  2.33e+04 -1.00e+05
2015 09 12  1825   57277  66300   1.36e+01  2.50e-01  2.24e-01  6.04e-02  4.07e-02  1.92e-02  1.74e+05  2.31e+04 -1.00e+05
2015 09 12  1830   57277  66600   1.50e+01  1.27e-01  1.01e-01  6.22e-02  5.34e-02  3.52e-02  1.76e+05  2.40e+04 -1.00e+05
2015 09 12  1835   57277  66900   1.28e+01  1.10e-01  8.41e-02  4.53e-02  3.66e-02  1.83e-02  1.74e+05  2.33e+04 -1.00e+05
2015 09 12  1840   57277  67200   1.65e+01  1.41e-01  1.08e-01  6.85e-02  5.98e-02  4.15e-02  1.76e+05  2.37e+04 -1.00e+05
2015 09 12  1845   57277  67500   2.07e+01  2.30e-01  1.47e-01  5.36e-02  4.49e-02  2.66e-02  1.76e+05  2.54e+04 -1.00e+05
2015 09 12  1850   57277  67800   1.74e+01  2.10e-01  1.84e-01  1.07e-01  9.78e-02  3.80e-02  1.76e+05  2.57e+04 -1.00e+05
2015 09 12  1855   57277  68100   1.59e+01  1.33e-01  9.95e-02  5.92e-02  4.62e-02  2.66e-02  1.76e+05  2.55e+04 -1.00e+05
2015 09 12  1900   57277  68400   2.45e+01  2.28e-01  1.45e-01  4.53e-02  3.66e-02  1.83e-02  1.77e+05  2.61e+04 -1.00e+05
2015 09 12  1905   57277  68700   4.22e+01  3.54e-01  1.43e-01  4.53e-02  3.66e-02  1.83e-02  1.86e+05  3.04e+04 -1.00e+05
2015 09 12  1910   57277  69000   2.03e+01  1.26e-01  1.00e-01  6.13e-02  5.26e-02  3.44e-02  1.81e+05  2.84e+04 -1.00e+05
2015 09 12  1915   57277  69300   2.09e+01  1.10e-01  8.41e-02  4.53e-02  3.66e-02  1.83e-02  1.84e+05  2.91e+04 -1.00e+05
2015 09 12  1920   57277  69600   1.92e+01  1.52e-01  1.26e-01  8.60e-02  4.58e-02  1.83e-02  1.86e+05  2.86e+04 -1.00e+05
2015 09 12  1925   57277  69900   3.48e+01  4.53e-01  2.37e-01  4.53e-02  3.66e-02  1.83e-02  1.76e+05  2.68e+04 -1.00e+05
2015 09 12  1930   57277  70200   2.11e+01  2.86e-01  2.22e-01  8.99e-02  6.50e-02  2.59e-02  1.76e+05  2.66e+04 -1.00e+05
2015 09 12  1935   57277  70500   1.93e+01  2.35e-01  2.09e-01  4.53e-02  3.66e-02  1.83e-02  1.76e+05  2.69e+04 -1.00e+05
2015 09 12  1940   57277  70800   1.76e+01  1.60e-01  1.33e-01  6.35e-02  5.48e-02  3.66e-02  1.76e+05  2.65e+04 -1.00e+05
2015 09 12  1945   57277  71100   1.95e+01  1.18e-01  9.22e-02  5.32e-02  3.84e-02  1.83e-02  1.76e+05  2.73e+04 -1.00e+05
2015 09 12  1950   57277  71400   2.05e+01  1.78e-01  1.52e-01  1.13e-01  1.04e-01  4.00e-02  1.86e+05  2.82e+04 -1.00e+05
2015 09 12  1955   57277  71700   2.10e+01  1.69e-01  1.37e-01  9.73e-02  8.16e-02  6.13e-02  1.80e+05  2.81e+04 -1.00e+05
2015 09 12  2000   57277  72000   1.91e+01  1.30e-01  1.04e-01  6.53e-02  5.66e-02  3.84e-02  1.76e+05  2.71e+04 -1.00e+05
2015 09 12  2005   57277  72300   1.86e+01  2.39e-01  2.10e-01  5.75e-02  4.88e-02  2.62e-02  1.76e+05  2.67e+04 -1.00e+05
2015 09 12  2010   57277  72600   3.30e+01  2.74e-01  1.27e-01  8.44e-02  4.56e-02  2.17e-02  1.76e+05  2.67e+04 -1.00e+05
2015 09 12  2015   57277  72900   1.83e+01  1.23e-01  9.65e-02  5.77e-02  4.80e-02  2.19e-02  1.76e+05  2.69e+04 -1.00e+05
2015 09 12  2020   57277  73200   1.74e+01  1.93e-01  1.67e-01  5.97e-02  3.99e-02  1.83e-02  1.76e+05  2.59e+04 -1.00e+05
2015 09 12  2025   57277  73500   1.77e+01  1.60e-01  1.34e-01  6.90e-02  6.02e-02  2.59e-02  1.76e+05  2.55e+04 -1.00e+05
2015 09 12  2030   57277  73800   2.35e+01  1.77e-01  9.43e-02  4.53e-02  3.66e-02  1.83e-02  1.76e+05  2.48e+04 -1.00e+05
2015 09 12  2035   57277  74100   1.71e+01  1.29e-01  1.03e-01  6.46e-02  5.58e-02  3.76e-02  1.76e+05  2.46e+04 -1.00e+05
2015 09 12  2040   57277  74400   3.09e+01  2.51e-01  1.28e-01  8.60e-02  4.58e-02  1.83e-02  1.76e+05  2.51e+04 -1.00e+05
2015 09 12  2045   57277  74700   2.54e+01  1.77e-01  9.43e-02  4.53e-02  3.66e-02  1.83e-02  1.76e+05  2.56e+04 -1.00e+05
2015 09 12  2050   57277  75000   2.82e+01  1.77e-01  9.43e-02  4.53e-02  3.66e-02  1.83e-02  1.76e+05  2.69e+04 -1.00e+05
2015 09 12  2055   57277  75300   2.70e+01  1.31e-01  1.05e-01  6.60e-02  5.73e-02  3.90e-02  1.85e+05  3.01e+04 -1.00e+05
2015 09 12  2100   57277  75600   5.25e+01  6.44e-01  2.46e-01  6.47e-02  5.60e-02  3.19e-02  1.82e+05  3.01e+04 -1.00e+05
2015 09 12  2105   57277  75900   3.61e+01  2.09e-01  1.26e-01  4.53e-02  3.66e-02  1.83e-02  1.76e+05  2.79e+04 -1.00e+05
2015 09 12  2110   57277  76200   2.52e+01  1.10e-01  8.41e-02  4.53e-02  3.66e-02  1.83e-02  1.76e+05  2.85e+04 -1.00e+05
2015 09 12  2115   57277  76500   2.79e+01  2.41e-01  2.15e-01  5.36e-02  4.49e-02  2.66e-02  1.84e+05  2.93e+04 -1.00e+05
2015 09 12  2120   57277  76800   2.57e+01  1.33e-01  1.07e-01  6.85e-02  5.98e-02  4.15e-02  1.78e+05  2.91e+04 -1.00e+05
2015 09 12  2125   57277  77100   2.85e+01  1.12e-01  8.54e-02  4.66e-02  3.69e-02  1.83e-02  1.78e+05  2.93e+04 -1.00e+05
2015 09 12  2130   57277  77400   4.53e+01  2.16e-01  1.18e-01  7.66e-02  6.79e-02  1.85e-02  1.76e+05  2.85e+04 -1.00e+05
2015 09 12  2135   57277  77700   3.01e+01  1.57e-01  1.31e-01  4.53e-02  3.66e-02  1.83e-02  1.78e+05  2.91e+04 -1.00e+05
2015 09 12  2140   57277  78000   3.15e+01  1.36e-01  1.09e-01  6.76e-02  5.95e-02  4.14e-02  1.78e+05  2.93e+04 -1.00e+05
2015 09 12  2145   57277  78300   3.05e+01  2.38e-01  2.12e-01  7.75e-02  6.94e-02  5.13e-02  1.76e+05  2.83e+04 -1.00e+05
2015 09 12  2150   57277  78600   3.04e+01  2.13e-01  1.86e-01  4.47e-02  3.66e-02  1.85e-02  1.76e+05  2.85e+04 -1.00e+05
2015 09 12  2155   57277  78900   2.95e+01  2.60e-01  2.33e-01  9.41e-02  8.60e-02  3.44e-02  1.76e+05  2.79e+04 -1.00e+05
2015 09 12  2200   57277  79200   4.06e+01  2.01e-01  1.23e-01  7.25e-02  6.44e-02  4.64e-02  1.76e+05  2.76e+04 -1.00e+05
2015 09 12  2205   57277  79500   5.13e+01  2.47e-01  1.24e-01  7.79e-02  4.29e-02  1.91e-02  1.76e+05  2.75e+04 -1.00e+05
2015 09 12  2210   57277  79800   4.00e+01  1.92e-01  1.14e-01  6.26e-02  5.45e-02  3.64e-02  1.76e+05  2.72e+04 -1.00e+05
2015 09 12  2215   57277  80100   2.84e+01  1.42e-01  1.15e-01  7.35e-02  5.50e-02  3.40e-02  1.76e+05  2.69e+04 -1.00e+05
2015 09 12  2220   57277  80400   2.85e+01  2.13e-01  1.86e-01  4.47e-02  3.66e-02  1.85e-02  1.76e+05  2.67e+04 -1.00e+05
2015 09 12  2225   57277  80700   4.22e+01  2.66e-01  1.39e-01  6.02e-02  5.20e-02  3.40e-02  1.76e+05  2.63e+04 -1.00e+05
2015 09 12  2230   57277  81000   4.39e+01  2.91e-01  1.64e-01  1.03e-01  6.56e-02  3.89e-02  1.73e+05  2.59e+04 -1.00e+05
2015 09 12  2235   57277  81300   2.91e+01  1.26e-01  9.92e-02  5.77e-02  4.95e-02  3.15e-02  1.76e+05  2.78e+04 -1.00e+05
2015 09 12  2240   57277  81600   2.70e+01  1.13e-01  8.63e-02  4.47e-02  3.66e-02  1.85e-02  1.76e+05  2.71e+04 -1.00e+05
2015 09 12  2245   57277  81900   2.08e+01  2.27e-01  1.97e-01  5.77e-02  4.95e-02  3.15e-02  1.67e+05  2.26e+04 -1.00e+05
2015 09 12  2250   57277  82200   1.76e+01  1.39e-01  1.13e-01  5.03e-02  4.21e-02  2.41e-02  1.59e+05  2.13e+04 -1.00e+05
2015 09 12  2255   57277  82500   2.28e+01  2.02e-01  1.36e-01  8.69e-02  6.01e-02  2.43e-02  1.62e+05  2.11e+04 -1.00e+05
2015 09 12  2300   57277  82800   1.86e+01  1.36e-01  1.08e-01  6.59e-02  5.77e-02  3.97e-02  1.59e+05  2.12e+04 -1.00e+05
2015 09 12  2305   57277  83100   2.93e+01  2.83e-01  1.64e-01  1.04e-01  5.81e-02  2.23e-02  1.62e+05  2.13e+04 -1.00e+05
2015 09 12  2310   57277  83400   2.01e+01  1.62e-01  1.36e-01  9.41e-02  8.60e-02  3.44e-02  1.67e+05  2.18e+04 -1.00e+05
2015 09 12  2315   57277  83700   2.76e+01  1.76e-01  9.59e-02  4.47e-02  3.66e-02  1.85e-02  1.63e+05  2.16e+04 -1.00e+05
2015 09 12  2320   57277  84000   2.12e+01  1.35e-01  1.08e-01  4.47e-02  3.66e-02  1.85e-02  1.60e+05  2.14e+04 -1.00e+05
2015 09 12  2325   57277  84300   2.30e+01  1.49e-01  1.23e-01  8.16e-02  7.34e-02  3.04e-02  1.60e+05  2.09e+04 -1.00e+05
2015 09 12  2330   57277  84600   1.87e+01  1.47e-01  1.20e-01  7.74e-02  4.23e-02  1.85e-02  1.59e+05  2.01e+04 -1.00e+05
2015 09 12  2335   57277  84900   2.15e+01  2.14e-01  1.87e-01  5.48e-02  4.31e-02  2.03e-02  1.57e+05  1.94e+04 -1.00e+05
2015 09 12  2340   57277  85200   2.67e+01  2.51e-01  1.61e-01  7.16e-02  6.35e-02  1.89e-02  1.57e+05  1.92e+04 -1.00e+05
2015 09 12  2345   57277  85500   2.23e+01  1.35e-01  1.08e-01  4.47e-02  3.66e-02  1.85e-02  1.52e+05  1.87e+04 -1.00e+05
2015 09 12  2350   57277  85800   2.18e+01  1.13e-01  8.63e-02  4.47e-02  3.66e-02  1.85e-02  1.59e+05  2.00e+04 -1.00e+05
2015 09 12  2355   57277  86100   2.40e+01  1.31e-01  1.04e-01  6.28e-02  5.46e-02  2.43e-02  1.59e+05  2.01e+04 -1.00e+05
