:Data_list: 20150809_Gp_part_5m.txt
:Created: 2015 Aug 10 0011 UTC
# Prepared by the U.S. Dept. of Commerce, NOAA, Space Weather Prediction Center
# Please send comments and suggestions to SWPC.Webmaster@noaa.gov 
# 
# Label: P > 1 = Particles at >1 Mev
# Label: P > 5 = Particles at >5 Mev
# Label: P >10 = Particles at >10 Mev
# Label: P >30 = Particles at >30 Mev
# Label: P >50 = Particles at >50 Mev
# Label: P>100 = Particles at >100 Mev
# Label: E>0.8 = Electrons at >0.8 Mev
# Label: E>2.0 = Electrons at >2.0 Mev
# Label: E>4.0 = Electrons at >4.0 Mev
# Units: Particles = Protons/cm2-s-sr
# Units: Electrons = Electrons/cm2-s-sr
# Source: GOES-13
# Location: W075
# Missing data: -1.00e+05
#
#                      5-minute  GOES-13 Solar Particle and Electron Flux
#
#                 Modified Seconds
# UTC Date  Time   Julian  of the
# YR MO DA  HHMM    Day     Day     P > 1     P > 5     P >10     P >30     P >50     P>100     E>0.8     E>2.0     E>4.0
#-------------------------------------------------------------------------------------------------------------------------
2015 08 09  0000   57243      0   6.63e-01  1.85e-01  1.61e-01  9.57e-02  8.61e-02  6.71e-02  2.45e+03  5.96e+00 -1.00e+05
2015 08 09  0005   57243    300   6.44e-01  1.52e-01  1.28e-01  8.23e-02  4.55e-02  2.08e-02  1.93e+03  4.53e+00 -1.00e+05
2015 08 09  0010   57243    600   4.48e-01  1.27e-01  1.03e-01  6.94e-02  5.98e-02  4.08e-02  2.05e+03  7.30e+00 -1.00e+05
2015 08 09  0015   57243    900   4.10e-01  1.34e-01  1.10e-01  7.68e-02  6.72e-02  4.82e-02  1.97e+03  7.33e+00 -1.00e+05
2015 08 09  0020   57243   1200   5.30e-01  1.54e-01  9.58e-02  5.60e-02  4.13e-02  2.08e-02  1.83e+03  4.98e+00 -1.00e+05
2015 08 09  0025   57243   1500   5.21e-01  2.21e-01  1.97e-01  9.62e-02  6.13e-02  2.53e-02  1.78e+03  2.40e+00 -1.00e+05
2015 08 09  0030   57243   1800   9.88e-01  2.41e-01  9.23e-02  5.72e-02  4.76e-02  2.33e-02  1.67e+03  3.74e+00 -1.00e+05
2015 08 09  0035   57243   2100   9.36e-01  2.81e-01  9.64e-02  5.09e-02  4.13e-02  2.13e-02  1.49e+03  1.71e+00 -1.00e+05
2015 08 09  0040   57243   2400   3.44e-01  1.27e-01  1.03e-01  6.91e-02  4.43e-02  2.08e-02  1.43e+03  3.08e+00 -1.00e+05
2015 08 09  0045   57243   2700   4.84e-01  1.18e-01  9.39e-02  4.94e-02  3.99e-02  2.08e-02  1.42e+03  3.30e+00 -1.00e+05
2015 08 09  0050   57243   3000   5.26e-01  1.41e-01  1.17e-01  4.94e-02  3.99e-02  2.08e-02  1.45e+03  3.55e+00 -1.00e+05
2015 08 09  0055   57243   3300   5.07e-01  1.41e-01  1.17e-01  8.23e-02  4.55e-02  2.08e-02  1.59e+03  3.52e+00 -1.00e+05
2015 08 09  0100   57243   3600   7.50e-01  2.62e-01  2.38e-01  8.22e-02  4.73e-02  2.08e-02  1.54e+03  2.14e+00 -1.00e+05
2015 08 09  0105   57243   3900   4.41e-01  1.41e-01  1.17e-01  8.23e-02  4.55e-02  2.08e-02  1.64e+03  1.72e+00 -1.00e+05
2015 08 09  0110   57243   4200   3.58e-01  1.07e-01  8.29e-02  4.94e-02  3.99e-02  2.08e-02  1.71e+03  2.69e+00 -1.00e+05
2015 08 09  0115   57243   4500   5.39e-01  1.61e-01  1.37e-01  7.10e-02  6.15e-02  4.24e-02  1.69e+03  6.15e-01 -1.00e+05
2015 08 09  0120   57243   4800   6.31e-01  2.05e-01  9.79e-02  4.94e-02  3.99e-02  2.08e-02  1.57e+03  4.29e+00 -1.00e+05
2015 08 09  0125   57243   5100   4.06e-01  1.71e-01  1.47e-01  1.14e-01  1.04e-01  4.14e-02  1.35e+03  1.81e+00 -1.00e+05
2015 08 09  0130   57243   5400   5.51e-01  1.71e-01  1.48e-01  1.13e-01  7.84e-02  4.78e-02  1.41e+03  1.33e-01 -1.00e+05
2015 08 09  0135   57243   5700   3.55e-01  1.77e-01  1.53e-01  1.20e-01  1.10e-01  6.53e-02  1.29e+03  7.81e-01 -1.00e+05
2015 08 09  0140   57243   6000   3.93e-01  1.48e-01  1.06e-01  6.97e-02  6.01e-02  2.73e-02  1.26e+03  1.67e+00 -1.00e+05
2015 08 09  0145   57243   6300   5.91e-01  2.50e-01  1.20e-01  8.38e-02  4.55e-02  2.08e-02  1.09e+03  1.80e+00 -1.00e+05
2015 08 09  0150   57243   6600   4.35e-01  1.40e-01  1.16e-01  8.29e-02  7.34e-02  5.43e-02  1.01e+03  1.33e-01 -1.00e+05
2015 08 09  0155   57243   6900   2.30e-01  1.07e-01  8.29e-02  4.94e-02  3.99e-02  2.08e-02  1.01e+03  1.89e+00 -1.00e+05
2015 08 09  0200   57243   7200   3.86e-01  3.11e-01  2.87e-01  1.02e-01  6.30e-02  3.83e-02  9.22e+02  1.33e-01 -1.00e+05
2015 08 09  0205   57243   7500   2.03e-01  1.44e-01  1.20e-01  8.67e-02  7.72e-02  5.81e-02  7.87e+02  1.33e-01 -1.00e+05
2015 08 09  0210   57243   7800   2.47e-01  1.40e-01  1.16e-01  8.22e-02  7.27e-02  3.14e-02  7.57e+02  3.21e+00 -1.00e+05
2015 08 09  0215   57243   8100   1.81e-01  1.07e-01  8.30e-02  4.95e-02  4.00e-02  2.09e-02  7.23e+02  1.25e+00 -1.00e+05
2015 08 09  0220   57243   8400   4.10e-01  1.18e-01  9.39e-02  4.94e-02  3.99e-02  2.08e-02  6.46e+02  5.26e+00 -1.00e+05
2015 08 09  0225   57243   8700   5.31e-01  2.23e-01  1.99e-01  7.56e-02  4.58e-02  2.08e-02  8.08e+02  2.62e+00 -1.00e+05
2015 08 09  0230   57243   9000   3.75e-01  1.07e-01  8.29e-02  4.94e-02  3.99e-02  2.08e-02  7.83e+02  2.25e+00 -1.00e+05
2015 08 09  0235   57243   9300   4.84e-01  2.05e-01  9.91e-02  5.09e-02  4.13e-02  2.13e-02  7.16e+02  1.65e+00 -1.00e+05
2015 08 09  0240   57243   9600   6.54e-01  3.64e-01  1.95e-01  6.44e-02  4.53e-02  2.34e-02  7.36e+02  1.08e+00 -1.00e+05
2015 08 09  0245   57243   9900   2.73e-01  1.27e-01  1.03e-01  6.97e-02  6.01e-02  2.73e-02  6.83e+02  6.53e-01 -1.00e+05
2015 08 09  0250   57243  10200   5.29e-01  2.99e-01  2.07e-01  1.71e-01  1.41e-01  5.15e-02  7.03e+02  1.33e-01 -1.00e+05
2015 08 09  0255   57243  10500   4.21e-01  1.36e-01  1.12e-01  7.82e-02  6.86e-02  2.22e-02  8.30e+02  6.56e-01 -1.00e+05
2015 08 09  0300   57243  10800   3.87e-01  1.83e-01  1.60e-01  1.26e-01  1.17e-01  4.54e-02  1.12e+03  1.33e-01 -1.00e+05
2015 08 09  0305   57243  11100   4.98e-01  1.82e-01  1.58e-01  8.25e-02  6.79e-02  2.93e-02  1.34e+03  3.16e+00 -1.00e+05
2015 08 09  0310   57243  11400   3.90e-01  2.65e-01  1.37e-01  1.02e-01  9.20e-02  7.30e-02  1.46e+03  1.98e+00 -1.00e+05
2015 08 09  0315   57243  11700   2.23e-01  1.23e-01  9.93e-02  6.58e-02  5.63e-02  3.46e-02  1.12e+03  1.01e+00 -1.00e+05
2015 08 09  0320   57243  12000   4.63e-01  3.02e-01  2.45e-01  1.22e-01  7.73e-02  4.82e-02  1.01e+03  1.33e-01 -1.00e+05
2015 08 09  0325   57243  12300   6.83e-01  3.56e-01  2.09e-01  7.18e-02  6.23e-02  4.32e-02  7.25e+02  6.70e-01 -1.00e+05
2015 08 09  0330   57243  12600   2.46e-01  1.34e-01  1.10e-01  7.68e-02  6.72e-02  4.82e-02  1.00e+03  4.00e-01 -1.00e+05
2015 08 09  0335   57243  12900   2.12e-01  1.07e-01  8.29e-02  4.94e-02  3.99e-02  2.08e-02  9.69e+02  5.33e-01 -1.00e+05
2015 08 09  0340   57243  13200   3.23e-01  1.96e-01  1.72e-01  4.94e-02  3.99e-02  2.08e-02  5.48e+02  1.33e-01 -1.00e+05
2015 08 09  0345   57243  13500   3.12e-01  1.42e-01  1.18e-01  8.42e-02  7.47e-02  5.56e-02  5.82e+02  1.33e-01 -1.00e+05
2015 08 09  0350   57243  13800   7.45e-01  2.05e-01  1.04e-01  5.72e-02  4.76e-02  2.33e-02  9.96e+02  1.33e-01 -1.00e+05
2015 08 09  0355   57243  14100   3.56e-01  1.90e-01  8.47e-02  4.94e-02  3.99e-02  2.08e-02  9.18e+02  1.33e-01 -1.00e+05
2015 08 09  0400   57243  14400   2.08e-01  1.07e-01  8.29e-02  4.94e-02  3.99e-02  2.08e-02  2.98e+02  3.52e-01 -1.00e+05
2015 08 09  0405   57243  14700   1.42e-01  1.09e-01  8.55e-02  5.20e-02  4.25e-02  2.34e-02  2.15e+02  7.39e-01 -1.00e+05
2015 08 09  0410   57243  15000   1.44e-01  1.17e-01  9.29e-02  5.95e-02  4.99e-02  3.08e-02  1.05e+02  1.33e-01 -1.00e+05
2015 08 09  0415   57243  15300   3.75e-01  2.98e-01  2.75e-01  1.46e-01  1.36e-01  5.53e-02  1.28e+02  1.33e-01 -1.00e+05
2015 08 09  0420   57243  15600   2.61e-01  2.08e-01  1.84e-01  6.32e-02  5.08e-02  3.08e-02  9.08e+01  1.33e-01 -1.00e+05
2015 08 09  0425   57243  15900   4.54e-01  1.67e-01  1.44e-01  1.10e-01  9.00e-02  6.80e-02  8.08e+01  1.33e-01 -1.00e+05
2015 08 09  0430   57243  16200   1.41e-01  1.15e-01  9.06e-02  5.72e-02  4.76e-02  2.33e-02  7.04e+01  1.33e-01 -1.00e+05
2015 08 09  0435   57243  16500   2.02e-01  1.65e-01  1.08e-01  5.95e-02  4.99e-02  3.08e-02  7.27e+01  1.33e-01 -1.00e+05
2015 08 09  0440   57243  16800   3.12e-01  2.08e-01  1.42e-01  1.01e-01  9.15e-02  3.74e-02  3.50e+01  1.33e-01 -1.00e+05
2015 08 09  0445   57243  17100   1.39e-01  1.07e-01  8.29e-02  4.94e-02  3.99e-02  2.08e-02  2.00e+01  1.33e-01 -1.00e+05
2015 08 09  0450   57243  17400   5.23e-01  2.53e-01  1.24e-01  8.89e-02  7.00e-02  4.82e-02  7.58e+00  1.33e-01 -1.00e+05
2015 08 09  0455   57243  17700   1.85e-01  1.58e-01  1.35e-01  1.01e-01  9.15e-02  3.74e-02  8.25e+00  1.33e-01 -1.00e+05
2015 08 09  0500   57243  18000   1.34e-01  1.07e-01  8.29e-02  4.94e-02  3.99e-02  2.08e-02  7.66e+00  4.20e-01 -1.00e+05
2015 08 09  0505   57243  18300   1.57e-01  1.30e-01  1.06e-01  6.40e-02  4.43e-02  2.13e-02  8.39e+00  1.33e-01 -1.00e+05
2015 08 09  0510   57243  18600   2.03e-01  1.67e-01  1.12e-01  7.27e-02  6.32e-02  4.41e-02  4.02e+01  1.33e-01 -1.00e+05
2015 08 09  0515   57243  18900   3.08e-01  2.25e-01  1.18e-01  6.91e-02  4.43e-02  2.08e-02  2.27e+02  7.20e-01 -1.00e+05
2015 08 09  0520   57243  19200   3.09e-01  2.08e-01  1.84e-01  6.44e-02  5.49e-02  3.58e-02  3.19e+02  7.63e-01 -1.00e+05
2015 08 09  0525   57243  19500   2.58e-01  1.07e-01  8.29e-02  4.94e-02  3.99e-02  2.08e-02  2.16e+02  1.33e+00 -1.00e+05
2015 08 09  0530   57243  19800   2.97e-01  2.46e-01  1.42e-01  9.41e-02  8.46e-02  6.55e-02  1.27e+02  1.33e-01 -1.00e+05
2015 08 09  0535   57243  20100   2.32e-01  2.05e-01  1.81e-01  1.46e-01  1.11e-01  4.14e-02  1.53e+02  1.33e-01 -1.00e+05
2015 08 09  0540   57243  20400   1.92e-01  1.65e-01  1.41e-01  9.53e-02  5.02e-02  2.08e-02  1.87e+02  1.33e-01 -1.00e+05
2015 08 09  0545   57243  20700   1.84e-01  1.47e-01  8.91e-02  4.94e-02  3.99e-02  2.08e-02  1.69e+02  1.33e-01 -1.00e+05
2015 08 09  0550   57243  21000   3.52e-01  1.47e-01  8.91e-02  4.94e-02  3.99e-02  2.08e-02  1.25e+02  1.53e+00 -1.00e+05
2015 08 09  0555   57243  21300   9.40e-01  5.12e-01  2.87e-01  8.22e-02  4.73e-02  2.08e-02  1.78e+02  1.33e-01 -1.00e+05
2015 08 09  0600   57243  21600   3.78e-01  1.07e-01  8.29e-02  4.94e-02  3.99e-02  2.08e-02  1.18e+03  8.24e+00 -1.00e+05
2015 08 09  0605   57243  21900   1.79e+00  1.65e-01  1.41e-01  1.07e-01  9.78e-02  3.94e-02  1.61e+03  9.49e+00 -1.00e+05
2015 08 09  0610   57243  22200   1.91e+00  2.18e-01  1.61e-01  1.22e-01  1.12e-01  5.09e-02  1.79e+03  1.07e+01 -1.00e+05
2015 08 09  0615   57243  22500   1.91e+00  2.36e-01  1.78e-01  4.94e-02  3.99e-02  2.08e-02  1.73e+03  1.16e+01 -1.00e+05
2015 08 09  0620   57243  22800   9.17e-01  1.55e-01  1.31e-01  8.76e-02  5.43e-02  2.84e-02  1.86e+03  1.10e+01 -1.00e+05
2015 08 09  0625   57243  23100   1.36e+00  1.54e-01  1.30e-01  9.53e-02  5.02e-02  2.08e-02  1.76e+03  1.11e+01 -1.00e+05
2015 08 09  0630   57243  23400   1.90e+00  2.65e-01  1.13e-01  7.75e-02  4.82e-02  2.34e-02  2.34e+03  1.82e+01 -1.00e+05
2015 08 09  0635   57243  23700   1.37e+00  1.41e-01  1.17e-01  8.31e-02  5.83e-02  2.53e-02  3.29e+03  3.11e+01 -1.00e+05
2015 08 09  0640   57243  24000   1.59e+00  1.65e-01  1.10e-01  7.13e-02  6.17e-02  4.26e-02  3.59e+03  3.84e+01 -1.00e+05
2015 08 09  0645   57243  24300   3.12e+00  4.33e-01  1.53e-01  4.94e-02  3.99e-02  2.08e-02  3.78e+03  4.22e+01 -1.00e+05
2015 08 09  0650   57243  24600   1.24e+00  1.07e-01  8.29e-02  4.94e-02  3.99e-02  2.08e-02  3.95e+03  4.23e+01 -1.00e+05
2015 08 09  0655   57243  24900   1.27e+00  1.42e-01  1.18e-01  8.42e-02  7.47e-02  5.56e-02  3.99e+03  4.65e+01 -1.00e+05
2015 08 09  0700   57243  25200   1.31e+00  1.94e-01  1.70e-01  1.36e-01  1.27e-01  6.22e-02  4.46e+03  4.58e+01 -1.00e+05
2015 08 09  0705   57243  25500   1.65e+00  2.12e-01  1.88e-01  7.16e-02  5.46e-02  3.33e-02  4.04e+03  4.04e+01 -1.00e+05
2015 08 09  0710   57243  25800   2.54e+00  3.42e-01  1.92e-01  4.94e-02  3.99e-02  2.08e-02  3.39e+03  2.97e+01 -1.00e+05
2015 08 09  0715   57243  26100   9.42e-01  1.83e-01  1.59e-01  6.97e-02  6.01e-02  2.73e-02  2.48e+03  1.63e+01 -1.00e+05
2015 08 09  0720   57243  26400   7.04e-01  1.92e-01  1.68e-01  1.33e-01  9.54e-02  4.28e-02  8.51e+02  2.25e+00 -1.00e+05
2015 08 09  0725   57243  26700   7.31e-01  1.22e-01  9.79e-02  6.44e-02  5.49e-02  3.58e-02  1.02e+03  3.66e+00 -1.00e+05
2015 08 09  0730   57243  27000   6.44e-01  1.43e-01  1.19e-01  5.20e-02  4.25e-02  2.34e-02  1.38e+03  8.05e+00 -1.00e+05
2015 08 09  0735   57243  27300   7.63e-01  1.52e-01  1.28e-01  8.23e-02  4.55e-02  2.08e-02  2.56e+03  6.06e+00 -1.00e+05
2015 08 09  0740   57243  27600   6.86e-01  1.15e-01  9.06e-02  5.72e-02  4.76e-02  2.33e-02  4.60e+03  2.44e+01 -1.00e+05
2015 08 09  0745   57243  27900   6.71e-01  1.07e-01  8.29e-02  4.94e-02  3.99e-02  2.08e-02  4.96e+03  2.64e+01 -1.00e+05
2015 08 09  0750   57243  28200   7.63e-01  1.47e-01  8.91e-02  4.94e-02  3.99e-02  2.08e-02  4.89e+03  2.45e+01 -1.00e+05
2015 08 09  0755   57243  28500   9.82e-01  2.25e-01  1.18e-01  6.91e-02  4.43e-02  2.08e-02  6.04e+03  2.84e+01 -1.00e+05
2015 08 09  0800   57243  28800   9.74e-01  4.68e-01  4.23e-01  1.29e-01  7.23e-02  3.11e-02  5.01e+03  1.78e+01 -1.00e+05
2015 08 09  0805   57243  29100   5.79e-01  1.96e-01  1.72e-01  4.94e-02  3.99e-02  2.08e-02  3.45e+03  1.61e+01 -1.00e+05
2015 08 09  0810   57243  29400   8.57e-01  2.07e-01  1.37e-01  9.48e-02  8.52e-02  3.54e-02  3.02e+03  1.22e+01 -1.00e+05
2015 08 09  0815   57243  29700   6.04e-01  1.24e-01  1.00e-01  6.69e-02  5.73e-02  3.83e-02  3.89e+03  1.53e+01 -1.00e+05
2015 08 09  0820   57243  30000   8.30e-01  2.18e-01  1.13e-01  6.44e-02  5.49e-02  3.58e-02  3.65e+03  1.82e+01 -1.00e+05
2015 08 09  0825   57243  30300   5.95e-01  1.76e-01  1.19e-01  7.43e-02  6.48e-02  4.57e-02  1.98e+03  7.95e+00 -1.00e+05
2015 08 09  0830   57243  30600   2.90e-01  1.19e-01  9.54e-02  6.19e-02  5.24e-02  3.33e-02  9.85e+02  5.93e+00 -1.00e+05
2015 08 09  0835   57243  30900   4.22e-01  1.41e-01  1.17e-01  4.94e-02  3.99e-02  2.08e-02  7.23e+02  7.46e+00 -1.00e+05
2015 08 09  0840   57243  31200   7.51e-01  2.94e-01  1.87e-01  4.95e-02  4.00e-02  2.09e-02  6.83e+02  5.23e+00 -1.00e+05
2015 08 09  0845   57243  31500   6.03e-01  2.05e-01  9.79e-02  4.94e-02  3.99e-02  2.08e-02  4.85e+02  2.30e+00 -1.00e+05
2015 08 09  0850   57243  31800   3.01e-01  1.96e-01  1.72e-01  4.95e-02  4.00e-02  2.09e-02  3.22e+02  5.08e-01 -1.00e+05
2015 08 09  0855   57243  32100   5.37e-01  2.05e-01  9.79e-02  4.94e-02  3.99e-02  2.08e-02  2.58e+02  1.33e-01 -1.00e+05
2015 08 09  0900   57243  32400   3.11e-01  1.40e-01  1.16e-01  8.23e-02  6.28e-02  4.09e-02  4.81e+02  1.33e-01 -1.00e+05
2015 08 09  0905   57243  32700   3.15e-01  1.07e-01  8.29e-02  4.94e-02  3.99e-02  2.08e-02  7.86e+02  5.13e+00 -1.00e+05
2015 08 09  0910   57243  33000   3.13e-01  1.39e-01  1.15e-01  8.17e-02  7.22e-02  5.31e-02  1.12e+03  7.36e+00 -1.00e+05
2015 08 09  0915   57243  33300   3.18e-01  1.22e-01  9.79e-02  6.44e-02  5.49e-02  3.58e-02  8.95e+02  2.99e+00 -1.00e+05
2015 08 09  0920   57243  33600   2.27e-01  1.26e-01  1.02e-01  5.95e-02  4.99e-02  3.08e-02  1.03e+03  4.92e+00 -1.00e+05
2015 08 09  0925   57243  33900   3.15e-01  2.03e-01  1.79e-01  5.60e-02  4.13e-02  2.08e-02  6.01e+02  5.27e+00 -1.00e+05
2015 08 09  0930   57243  34200   2.23e-01  1.86e-01  1.29e-01  8.17e-02  6.07e-02  3.83e-02  9.03e+02  4.14e+00 -1.00e+05
2015 08 09  0935   57243  34500   4.10e-01  1.07e-01  8.29e-02  4.94e-02  3.99e-02  2.08e-02  2.54e+03  1.99e+01 -1.00e+05
2015 08 09  0940   57243  34800   7.64e-01  1.07e-01  8.29e-02  4.94e-02  3.99e-02  2.08e-02  4.56e+03  4.53e+01 -1.00e+05
2015 08 09  0945   57243  35100   1.39e+00  1.07e-01  8.29e-02  4.94e-02  3.99e-02  2.08e-02  6.85e+03  8.52e+01 -1.00e+05
2015 08 09  0950   57243  35400   1.98e+00  1.59e-01  1.01e-01  6.19e-02  5.24e-02  3.33e-02  6.79e+03  8.85e+01 -1.00e+05
2015 08 09  0955   57243  35700   1.60e+00  1.58e-01  1.00e-01  4.95e-02  4.00e-02  2.09e-02  6.73e+03  8.85e+01 -1.00e+05
2015 08 09  1000   57243  36000   2.07e+00  2.17e-01  1.12e-01  7.56e-02  4.58e-02  2.08e-02  7.36e+03  9.93e+01 -1.00e+05
2015 08 09  1005   57243  36300   1.74e+00  1.90e-01  8.47e-02  4.94e-02  3.99e-02  2.08e-02  9.06e+03  1.33e+02 -1.00e+05
2015 08 09  1010   57243  36600   1.41e+00  1.52e-01  1.28e-01  9.48e-02  8.52e-02  3.54e-02  9.38e+03  1.32e+02 -1.00e+05
2015 08 09  1015   57243  36900   9.97e-01  1.27e-01  1.03e-01  6.97e-02  6.01e-02  2.73e-02  9.69e+03  1.53e+02 -1.00e+05
2015 08 09  1020   57243  37200   1.83e+00  2.79e-01  1.39e-01  8.87e-02  4.87e-02  2.08e-02  1.06e+04  1.55e+02 -1.00e+05
2015 08 09  1025   57243  37500   8.92e-01  1.07e-01  8.30e-02  4.95e-02  4.00e-02  2.09e-02  1.08e+04  1.55e+02 -1.00e+05
2015 08 09  1030   57243  37800   1.58e+00  1.96e-01  1.72e-01  1.39e-01  1.29e-01  4.95e-02  1.09e+04  1.60e+02 -1.00e+05
2015 08 09  1035   57243  38100   1.71e+00  1.15e-01  9.06e-02  5.72e-02  4.76e-02  2.33e-02  1.20e+04  1.72e+02 -1.00e+05
2015 08 09  1040   57243  38400   3.06e+00  2.21e-01  1.09e-01  6.44e-02  5.49e-02  3.58e-02  1.20e+04  1.56e+02 -1.00e+05
2015 08 09  1045   57243  38700   2.42e+00  1.09e-01  8.55e-02  5.20e-02  4.25e-02  2.34e-02  1.16e+04  1.73e+02 -1.00e+05
2015 08 09  1050   57243  39000   9.61e+00  2.05e-01  9.79e-02  4.94e-02  3.99e-02  2.08e-02  1.11e+04  1.71e+02 -1.00e+05
2015 08 09  1055   57243  39300   6.26e+00  1.71e-01  1.47e-01  1.14e-01  1.04e-01  4.14e-02  1.19e+04  1.89e+02 -1.00e+05
2015 08 09  1100   57243  39600   7.65e+01  2.44e-01  1.05e-01  5.95e-02  4.99e-02  3.08e-02  1.26e+04  1.92e+02 -1.00e+05
2015 08 09  1105   57243  39900   2.31e+02  2.50e-01  1.43e-01  1.07e-01  9.78e-02  3.94e-02  1.34e+04  2.08e+02 -1.00e+05
2015 08 09  1110   57243  40200   1.79e+02  2.34e-01  1.30e-01  8.17e-02  7.22e-02  5.31e-02  1.48e+04  2.42e+02 -1.00e+05
2015 08 09  1115   57243  40500   7.43e+01  1.45e-01  1.21e-01  7.56e-02  4.58e-02  2.08e-02  1.53e+04  2.67e+02 -1.00e+05
2015 08 09  1120   57243  40800   6.78e+01  3.42e-01  1.92e-01  4.94e-02  3.99e-02  2.08e-02  1.70e+04  2.97e+02 -1.00e+05
2015 08 09  1125   57243  41100   2.86e+01  2.97e-01  1.90e-01  6.26e-02  4.29e-02  2.09e-02  1.89e+04  3.61e+02 -1.00e+05
2015 08 09  1130   57243  41400   1.55e+01  3.84e-01  2.52e-01  1.53e-01  1.18e-01  4.34e-02  1.94e+04  3.69e+02 -1.00e+05
2015 08 09  1135   57243  41700   6.21e+00  1.18e-01  9.39e-02  4.94e-02  3.99e-02  2.08e-02  1.96e+04  3.80e+02 -1.00e+05
2015 08 09  1140   57243  42000   4.25e+00  1.59e-01  1.35e-01  7.16e-02  6.21e-02  3.47e-02  2.06e+04  4.00e+02 -1.00e+05
2015 08 09  1145   57243  42300   6.92e+00  3.14e-01  2.34e-01  1.87e-01  9.76e-02  3.90e-02  2.00e+04  3.96e+02 -1.00e+05
2015 08 09  1150   57243  42600   8.09e+00  1.47e-01  8.91e-02  4.94e-02  3.99e-02  2.08e-02  2.35e+04  5.03e+02 -1.00e+05
2015 08 09  1155   57243  42900   7.02e+00  2.16e-01  1.92e-01  6.91e-02  4.43e-02  2.08e-02  2.55e+04  5.81e+02 -1.00e+05
2015 08 09  1200   57243  43200   5.26e+00  1.96e-01  1.72e-01  4.94e-02  3.99e-02  2.08e-02  2.62e+04  5.92e+02 -1.00e+05
2015 08 09  1205   57243  43500   4.83e+00  1.30e-01  1.06e-01  6.32e-02  5.08e-02  3.08e-02  2.69e+04  6.39e+02 -1.00e+05
2015 08 09  1210   57243  43800   5.85e+00  1.42e-01  1.18e-01  8.50e-02  7.55e-02  2.22e-02  2.85e+04  7.03e+02 -1.00e+05
2015 08 09  1215   57243  44100   4.70e+00  1.07e-01  8.29e-02  4.94e-02  3.99e-02  2.08e-02  2.85e+04  7.29e+02 -1.00e+05
2015 08 09  1220   57243  44400   4.35e+00  1.07e-01  8.29e-02  4.94e-02  3.99e-02  2.08e-02  2.91e+04  7.18e+02 -1.00e+05
2015 08 09  1225   57243  44700   5.68e+00  2.36e-01  1.78e-01  4.94e-02  3.99e-02  2.08e-02  2.90e+04  7.22e+02 -1.00e+05
2015 08 09  1230   57243  45000   4.62e+00  1.31e-01  1.07e-01  6.25e-02  4.28e-02  2.08e-02  2.92e+04  7.22e+02 -1.00e+05
2015 08 09  1235   57243  45300   4.22e+00  1.08e-01  8.44e-02  5.09e-02  4.13e-02  2.13e-02  2.94e+04  7.40e+02 -1.00e+05
2015 08 09  1240   57243  45600   4.34e+00  1.35e-01  1.11e-01  7.79e-02  6.83e-02  3.68e-02  2.95e+04  7.36e+02 -1.00e+05
2015 08 09  1245   57243  45900   5.72e+00  2.59e-01  2.03e-01  8.17e-02  7.22e-02  5.31e-02  3.07e+04  7.90e+02 -1.00e+05
2015 08 09  1250   57243  46200   4.35e+00  1.61e-01  1.38e-01  4.94e-02  3.99e-02  2.08e-02  3.12e+04  7.98e+02 -1.00e+05
2015 08 09  1255   57243  46500   4.85e+00  1.27e-01  1.03e-01  6.91e-02  4.43e-02  2.08e-02  3.21e+04  8.45e+02 -1.00e+05
2015 08 09  1300   57243  46800   6.02e+00  1.63e-01  1.06e-01  6.69e-02  5.73e-02  3.83e-02  3.30e+04  8.81e+02 -1.00e+05
2015 08 09  1305   57243  47100   4.67e+00  1.71e-01  1.47e-01  1.14e-01  9.96e-02  4.13e-02  3.31e+04  9.02e+02 -1.00e+05
2015 08 09  1310   57243  47400   4.48e+00  2.15e-01  1.91e-01  1.57e-01  1.27e-01  6.39e-02  3.30e+04  8.75e+02 -1.00e+05
2015 08 09  1315   57243  47700   4.21e+00  1.07e-01  8.29e-02  4.94e-02  3.99e-02  2.08e-02  3.35e+04  8.95e+02 -1.00e+05
2015 08 09  1320   57243  48000   8.28e+00  4.40e-01  1.82e-01  5.72e-02  4.76e-02  2.33e-02  3.43e+04  9.39e+02 -1.00e+05
2015 08 09  1325   57243  48300   4.08e+00  1.91e-01  1.67e-01  5.72e-02  4.76e-02  2.33e-02  3.41e+04  9.33e+02 -1.00e+05
2015 08 09  1330   57243  48600   4.28e+00  1.53e-01  1.29e-01  9.54e-02  7.14e-02  4.82e-02  3.54e+04  9.75e+02 -1.00e+05
2015 08 09  1335   57243  48900   4.38e+00  1.42e-01  1.19e-01  8.41e-02  4.97e-02  2.34e-02  3.56e+04  9.73e+02 -1.00e+05
2015 08 09  1340   57243  49200   4.64e+00  1.20e-01  9.64e-02  6.25e-02  4.28e-02  2.08e-02  3.72e+04  1.10e+03 -1.00e+05
2015 08 09  1345   57243  49500   4.87e+00  1.88e-01  1.64e-01  5.79e-02  4.38e-02  2.34e-02  3.76e+04  1.12e+03 -1.00e+05
2015 08 09  1350   57243  49800   4.87e+00  1.35e-01  1.11e-01  7.71e-02  4.72e-02  2.13e-02  3.78e+04  1.13e+03 -1.00e+05
2015 08 09  1355   57243  50100   3.91e+00  1.19e-01  9.54e-02  6.19e-02  5.24e-02  3.33e-02  3.64e+04  1.06e+03 -1.00e+05
2015 08 09  1400   57243  50400   6.63e+00  2.19e-01  1.15e-01  7.93e-02  6.97e-02  5.07e-02  3.69e+04  1.07e+03 -1.00e+05
2015 08 09  1405   57243  50700   6.90e+00  2.66e-01  1.56e-01  1.07e-01  9.78e-02  3.94e-02  3.78e+04  1.14e+03 -1.00e+05
2015 08 09  1410   57243  51000   5.26e+00  1.96e-01  1.72e-01  4.94e-02  3.99e-02  2.08e-02  3.81e+04  1.16e+03 -1.00e+05
2015 08 09  1415   57243  51300   4.21e+00  1.07e-01  8.29e-02  4.94e-02  3.99e-02  2.08e-02  3.95e+04  1.18e+03 -1.00e+05
2015 08 09  1420   57243  51600   7.67e+00  2.34e-01  1.30e-01  8.17e-02  7.22e-02  5.31e-02  3.96e+04  1.26e+03 -1.00e+05
2015 08 09  1425   57243  51900   4.80e+00  1.20e-01  9.64e-02  6.25e-02  4.28e-02  2.08e-02  3.97e+04  1.26e+03 -1.00e+05
2015 08 09  1430   57243  52200   4.72e+00  1.12e-01  8.80e-02  5.45e-02  4.50e-02  2.59e-02  4.15e+04  1.34e+03 -1.00e+05
2015 08 09  1435   57243  52500   5.57e+00  2.02e-01  1.45e-01  5.09e-02  4.13e-02  2.13e-02  4.16e+04  1.37e+03 -1.00e+05
2015 08 09  1440   57243  52800   8.86e+00  5.25e-01  2.30e-01  5.70e-02  4.74e-02  2.84e-02  4.31e+04  1.49e+03 -1.00e+05
2015 08 09  1445   57243  53100   4.24e+00  1.75e-01  1.51e-01  8.56e-02  7.61e-02  5.70e-02  4.39e+04  1.45e+03 -1.00e+05
2015 08 09  1450   57243  53400   4.70e+00  2.48e-01  2.24e-01  1.12e-01  9.23e-02  7.05e-02  4.37e+04  1.48e+03 -1.00e+05
2015 08 09  1455   57243  53700   8.50e+00  2.36e-01  8.45e-02  4.94e-02  3.99e-02  2.08e-02  4.34e+04  1.47e+03 -1.00e+05
2015 08 09  1500   57243  54000   4.39e+00  2.03e-01  1.79e-01  5.60e-02  4.13e-02  2.08e-02  4.20e+04  1.44e+03 -1.00e+05
2015 08 09  1505   57243  54300   4.22e+00  1.72e-01  1.48e-01  1.14e-01  9.44e-02  3.74e-02  4.03e+04  1.40e+03 -1.00e+05
2015 08 09  1510   57243  54600   8.15e+00  4.09e-01  1.93e-01  4.94e-02  3.99e-02  2.08e-02  4.03e+04  1.35e+03 -1.00e+05
2015 08 09  1515   57243  54900   4.17e+00  1.42e-01  1.18e-01  8.43e-02  7.50e-02  5.58e-02  4.12e+04  1.42e+03 -1.00e+05
2015 08 09  1520   57243  55200   3.75e+00  1.12e-01  8.75e-02  5.42e-02  4.48e-02  2.24e-02  4.11e+04  1.46e+03 -1.00e+05
2015 08 09  1525   57243  55500   6.77e+00  2.47e-01  1.02e-01  6.70e-02  5.76e-02  3.85e-02  4.13e+04  1.41e+03 -1.00e+05
2015 08 09  1530   57243  55800   3.21e+00  1.07e-01  8.26e-02  4.93e-02  4.00e-02  2.09e-02  3.86e+04  1.32e+03 -1.00e+05
2015 08 09  1535   57243  56100   5.24e+00  2.39e-01  1.45e-01  9.92e-02  8.02e-02  5.83e-02  3.96e+04  1.33e+03 -1.00e+05
2015 08 09  1540   57243  56400   6.16e+00  1.99e-01  9.94e-02  6.45e-02  5.52e-02  3.60e-02  4.09e+04  1.38e+03 -1.00e+05
2015 08 09  1545   57243  56700   6.75e+00  2.08e-01  8.41e-02  4.93e-02  4.00e-02  2.09e-02  3.79e+04  1.24e+03 -1.00e+05
2015 08 09  1550   57243  57000   4.47e+00  1.07e-01  8.26e-02  4.93e-02  4.00e-02  2.09e-02  3.85e+04  1.23e+03 -1.00e+05
2015 08 09  1555   57243  57300   7.29e+00  1.91e-01  9.54e-02  4.93e-02  4.00e-02  2.09e-02  3.85e+04  1.21e+03 -1.00e+05
2015 08 09  1600   57243  57600   5.38e+00  1.48e-01  1.02e-01  6.45e-02  5.52e-02  3.60e-02  3.85e+04  1.15e+03 -1.00e+05
2015 08 09  1605   57243  57900   6.31e+00  1.93e-01  1.16e-01  7.30e-02  6.36e-02  2.85e-02  4.01e+04  1.22e+03 -1.00e+05
2015 08 09  1610   57243  58200   5.63e+00  1.95e-01  1.48e-01  1.11e-01  1.01e-01  4.05e-02  4.14e+04  1.29e+03 -1.00e+05
2015 08 09  1615   57243  58500   7.57e+00  2.37e-01  9.51e-02  6.05e-02  5.11e-02  2.44e-02  4.05e+04  1.20e+03 -1.00e+05
2015 08 09  1620   57243  58800   6.18e+00  4.00e-01  1.84e-01  5.71e-02  4.77e-02  2.86e-02  4.24e+04  1.33e+03 -1.00e+05
2015 08 09  1625   57243  59100   5.56e+00  1.91e-01  9.54e-02  4.93e-02  4.00e-02  2.09e-02  4.50e+04  1.47e+03 -1.00e+05
2015 08 09  1630   57243  59400   3.82e+00  1.97e-01  1.51e-01  6.95e-02  6.01e-02  4.10e-02  4.40e+04  1.45e+03 -1.00e+05
2015 08 09  1635   57243  59700   3.56e+00  1.34e-01  8.67e-02  4.93e-02  4.00e-02  2.09e-02  4.40e+04  1.40e+03 -1.00e+05
2015 08 09  1640   57243  60000   3.23e+00  1.07e-01  8.26e-02  4.93e-02  4.00e-02  2.09e-02  4.48e+04  1.52e+03 -1.00e+05
2015 08 09  1645   57243  60300   3.52e+00  1.55e-01  1.30e-01  8.17e-02  4.57e-02  2.09e-02  4.60e+04  1.55e+03 -1.00e+05
2015 08 09  1650   57243  60600   3.66e+00  1.95e-01  1.70e-01  8.27e-02  6.59e-02  2.87e-02  4.61e+04  1.59e+03 -1.00e+05
2015 08 09  1655   57243  60900   3.90e+00  1.52e-01  1.27e-01  4.93e-02  4.00e-02  2.09e-02  4.82e+04  1.72e+03 -1.00e+05
2015 08 09  1700   57243  61200   4.27e+00  2.17e-01  1.71e-01  6.20e-02  5.27e-02  3.36e-02  4.93e+04  1.78e+03 -1.00e+05
2015 08 09  1705   57243  61500   3.83e+00  1.22e-01  9.67e-02  4.93e-02  4.00e-02  2.09e-02  4.93e+04  1.75e+03 -1.00e+05
2015 08 09  1710   57243  61800   3.37e+00  1.44e-01  1.20e-01  8.53e-02  4.81e-02  2.09e-02  4.93e+04  1.77e+03 -1.00e+05
2015 08 09  1715   57243  62100   3.30e+00  1.19e-01  9.37e-02  5.42e-02  4.48e-02  2.24e-02  4.99e+04  1.77e+03 -1.00e+05
2015 08 09  1720   57243  62400   3.53e+00  1.28e-01  1.03e-01  6.94e-02  4.86e-02  2.61e-02  5.10e+04  1.86e+03 -1.00e+05
2015 08 09  1725   57243  62700   3.62e+00  1.22e-01  9.67e-02  4.93e-02  4.00e-02  2.09e-02  5.05e+04  1.84e+03 -1.00e+05
2015 08 09  1730   57243  63000   3.70e+00  1.31e-01  1.06e-01  7.22e-02  4.51e-02  2.09e-02  5.19e+04  1.93e+03 -1.00e+05
2015 08 09  1735   57243  63300   7.17e+00  3.00e-01  1.38e-01  8.59e-02  4.85e-02  2.36e-02  5.22e+04  1.93e+03 -1.00e+05
2015 08 09  1740   57243  63600   3.45e+00  1.38e-01  1.13e-01  6.56e-02  4.36e-02  2.09e-02  5.45e+04  2.02e+03 -1.00e+05
2015 08 09  1745   57243  63900   3.88e+00  1.34e-01  8.67e-02  4.93e-02  4.00e-02  2.09e-02  5.37e+04  1.97e+03 -1.00e+05
2015 08 09  1750   57243  64200   3.05e+00  1.46e-01  1.21e-01  8.80e-02  7.86e-02  4.19e-02  5.24e+04  1.94e+03 -1.00e+05
2015 08 09  1755   57243  64500   4.62e+00  2.96e-01  1.95e-01  1.47e-01  1.05e-01  3.85e-02  5.32e+04  1.94e+03 -1.00e+05
2015 08 09  1800   57243  64800   3.52e+00  1.37e-01  1.13e-01  7.93e-02  6.99e-02  3.05e-02  5.49e+04  2.04e+03 -1.00e+05
2015 08 09  1805   57243  65100   3.39e+00  1.76e-01  1.51e-01  5.46e-02  4.52e-02  2.61e-02  5.46e+04  2.02e+03 -1.00e+05
2015 08 09  1810   57243  65400   3.64e+00  1.61e-01  1.36e-01  8.75e-02  4.85e-02  2.36e-02  5.58e+04  2.10e+03 -1.00e+05
2015 08 09  1815   57243  65700   4.83e+00  2.01e-01  1.05e-01  5.91e-02  4.22e-02  2.09e-02  5.66e+04  2.13e+03 -1.00e+05
2015 08 09  1820   57243  66000   3.45e+00  2.63e-01  2.38e-01  2.03e-01  1.33e-01  4.26e-02  5.73e+04  2.18e+03 -1.00e+05
2015 08 09  1825   57243  66300   3.50e+00  1.79e-01  1.54e-01  6.70e-02  5.76e-02  3.85e-02  5.74e+04  2.25e+03 -1.00e+05
2015 08 09  1830   57243  66600   4.13e+00  2.26e-01  1.79e-01  4.93e-02  4.00e-02  2.09e-02  5.73e+04  2.22e+03 -1.00e+05
2015 08 09  1835   57243  66900   3.00e+00  1.47e-01  1.22e-01  8.85e-02  6.63e-02  4.35e-02  5.73e+04  2.18e+03 -1.00e+05
2015 08 09  1840   57243  67200   5.65e+00  2.49e-01  1.52e-01  1.17e-01  1.08e-01  4.26e-02  5.73e+04  2.22e+03 -1.00e+05
2015 08 09  1845   57243  67500   3.55e+00  2.26e-01  1.79e-01  4.93e-02  4.00e-02  2.09e-02  5.63e+04  2.08e+03 -1.00e+05
2015 08 09  1850   57243  67800   3.15e+00  1.07e-01  8.26e-02  4.93e-02  4.00e-02  2.09e-02  5.63e+04  2.13e+03 -1.00e+05
2015 08 09  1855   57243  68100   3.01e+00  1.60e-01  1.35e-01  1.02e-01  9.23e-02  7.32e-02  5.60e+04  2.05e+03 -1.00e+05
2015 08 09  1900   57243  68400   3.11e+00  1.68e-01  1.20e-01  8.17e-02  4.57e-02  2.09e-02  5.46e+04  1.92e+03 -1.00e+05
2015 08 09  1905   57243  68700   3.08e+00  2.11e-01  1.31e-01  8.79e-02  7.37e-02  3.99e-02  5.02e+04  1.60e+03 -1.00e+05
2015 08 09  1910   57243  69000   4.24e+00  2.83e-01  1.16e-01  8.19e-02  7.25e-02  5.34e-02  4.78e+04  1.44e+03 -1.00e+05
2015 08 09  1915   57243  69300   4.82e+00  3.55e-01  1.24e-01  7.22e-02  4.51e-02  2.09e-02  4.76e+04  1.42e+03 -1.00e+05
2015 08 09  1920   57243  69600   1.85e+00  1.07e-01  8.26e-02  4.93e-02  4.00e-02  2.09e-02  4.57e+04  1.31e+03 -1.00e+05
2015 08 09  1925   57243  69900   1.67e+00  1.07e-01  8.26e-02  4.93e-02  4.00e-02  2.09e-02  4.19e+04  1.11e+03 -1.00e+05
2015 08 09  1930   57243  70200   2.14e+00  2.29e-01  2.04e-01  8.37e-02  6.72e-02  4.59e-02  4.26e+04  1.09e+03 -1.00e+05
2015 08 09  1935   57243  70500   1.55e+00  1.44e-01  1.19e-01  8.55e-02  7.62e-02  3.25e-02  3.99e+04  9.87e+02 -1.00e+05
2015 08 09  1940   57243  70800   2.09e+00  1.88e-01  1.41e-01  4.93e-02  4.00e-02  2.09e-02  3.90e+04  9.29e+02 -1.00e+05
2015 08 09  1945   57243  71100   1.70e+00  2.80e-01  2.56e-01  1.21e-01  9.39e-02  3.67e-02  3.77e+04  8.77e+02 -1.00e+05
2015 08 09  1950   57243  71400   1.85e+00  2.16e-01  1.92e-01  6.58e-02  4.39e-02  2.12e-02  3.80e+04  8.80e+02 -1.00e+05
2015 08 09  1955   57243  71700   1.80e+00  1.23e-01  9.78e-02  6.45e-02  5.52e-02  3.60e-02  3.63e+04  8.32e+02 -1.00e+05
2015 08 09  2000   57243  72000   1.75e+00  1.46e-01  1.21e-01  8.63e-02  4.58e-02  2.09e-02  3.79e+04  8.64e+02 -1.00e+05
2015 08 09  2005   57243  72300   1.62e+00  1.07e-01  8.26e-02  4.93e-02  4.00e-02  2.09e-02  3.94e+04  9.58e+02 -1.00e+05
2015 08 09  2010   57243  72600   3.16e+00  1.84e-01  8.42e-02  4.93e-02  4.00e-02  2.09e-02  3.66e+04  8.45e+02 -1.00e+05
2015 08 09  2015   57243  72900   1.69e+00  1.91e-01  1.66e-01  1.31e-01  7.71e-02  2.85e-02  3.79e+04  8.54e+02 -1.00e+05
2015 08 09  2020   57243  73200   1.87e+00  1.45e-01  1.20e-01  8.55e-02  4.84e-02  2.12e-02  3.81e+04  8.49e+02 -1.00e+05
2015 08 09  2025   57243  73500   1.75e+00  1.07e-01  8.26e-02  4.93e-02  4.00e-02  2.09e-02  3.89e+04  9.21e+02 -1.00e+05
2015 08 09  2030   57243  73800   2.57e+00  2.44e-01  1.50e-01  1.04e-01  7.94e-02  5.58e-02  3.92e+04  8.93e+02 -1.00e+05
2015 08 09  2035   57243  74100   2.43e+00  2.46e-01  1.50e-01  4.93e-02  4.00e-02  2.09e-02  3.85e+04  8.74e+02 -1.00e+05
2015 08 09  2040   57243  74400   1.88e+00  1.52e-01  1.27e-01  7.87e-02  4.66e-02  2.09e-02  3.79e+04  8.46e+02 -1.00e+05
2015 08 09  2045   57243  74700   1.80e+00  1.07e-01  8.26e-02  4.93e-02  4.00e-02  2.09e-02  3.67e+04  7.72e+02 -1.00e+05
2015 08 09  2050   57243  75000   1.79e+00  1.84e-01  1.59e-01  5.63e-02  4.56e-02  2.61e-02  3.71e+04  7.89e+02 -1.00e+05
2015 08 09  2055   57243  75300   1.65e+00  1.08e-01  8.29e-02  4.97e-02  4.03e-02  2.12e-02  3.71e+04  7.95e+02 -1.00e+05
2015 08 09  2100   57243  75600   2.39e+00  2.49e-01  1.38e-01  8.53e-02  4.81e-02  2.09e-02  3.56e+04  7.52e+02 -1.00e+05
2015 08 09  2105   57243  75900   2.71e+00  2.77e-01  1.87e-01  1.52e-01  1.30e-01  4.86e-02  3.55e+04  7.36e+02 -1.00e+05
2015 08 09  2110   57243  76200   1.52e+00  1.07e-01  8.26e-02  4.93e-02  4.00e-02  2.09e-02  3.48e+04  7.31e+02 -1.00e+05
2015 08 09  2115   57243  76500   1.44e+00  2.03e-01  1.78e-01  1.45e-01  1.34e-01  5.45e-02  3.31e+04  7.07e+02 -1.00e+05
2015 08 09  2120   57243  76800   1.60e+00  1.38e-01  1.13e-01  7.87e-02  4.66e-02  2.09e-02  3.16e+04  6.62e+02 -1.00e+05
2015 08 09  2125   57243  77100   1.47e+00  1.07e-01  8.26e-02  4.93e-02  4.00e-02  2.09e-02  2.89e+04  5.87e+02 -1.00e+05
2015 08 09  2130   57243  77400   1.25e+00  1.93e-01  1.16e-01  7.30e-02  6.36e-02  2.85e-02  2.40e+04  4.37e+02 -1.00e+05
2015 08 09  2135   57243  77700   1.05e+00  1.79e-01  1.54e-01  1.08e-01  9.09e-02  3.65e-02  2.00e+04  3.15e+02 -1.00e+05
2015 08 09  2140   57243  78000   1.01e+00  1.38e-01  1.13e-01  7.95e-02  5.47e-02  3.11e-02  1.87e+04  2.93e+02 -1.00e+05
2015 08 09  2145   57243  78300   1.48e+00  1.48e-01  1.02e-01  6.45e-02  5.52e-02  3.60e-02  1.66e+04  2.57e+02 -1.00e+05
2015 08 09  2150   57243  78600   1.74e+00  2.38e-01  1.01e-01  4.93e-02  4.00e-02  2.09e-02  1.89e+04  3.05e+02 -1.00e+05
2015 08 09  2155   57243  78900   2.26e+00  3.11e-01  1.51e-01  4.93e-02  4.00e-02  2.09e-02  1.88e+04  3.21e+02 -1.00e+05
2015 08 09  2200   57243  79200   1.51e+00  1.78e-01  1.53e-01  6.39e-02  4.70e-02  2.24e-02  1.94e+04  3.30e+02 -1.00e+05
2015 08 09  2205   57243  79500   1.40e+00  1.38e-01  1.13e-01  7.87e-02  4.66e-02  2.09e-02  1.86e+04  3.12e+02 -1.00e+05
2015 08 09  2210   57243  79800   1.54e+00  1.54e-01  1.29e-01  9.53e-02  7.84e-02  3.25e-02  2.09e+04  3.70e+02 -1.00e+05
2015 08 09  2215   57243  80100   2.70e+00  2.50e-01  1.18e-01  7.19e-02  6.26e-02  4.35e-02  2.24e+04  4.28e+02 -1.00e+05
2015 08 09  2220   57243  80400   1.89e+00  1.68e-01  1.24e-01  8.68e-02  7.74e-02  5.83e-02  2.20e+04  4.44e+02 -1.00e+05
2015 08 09  2225   57243  80700   1.78e+00  1.85e-01  1.60e-01  5.25e-02  4.07e-02  2.09e-02  2.24e+04  4.70e+02 -1.00e+05
2015 08 09  2230   57243  81000   1.67e+00  1.46e-01  1.21e-01  8.79e-02  7.85e-02  5.94e-02  2.27e+04  4.96e+02 -1.00e+05
2015 08 09  2235   57243  81300   1.76e+00  1.22e-01  9.67e-02  4.93e-02  4.00e-02  2.09e-02  2.39e+04  5.66e+02 -1.00e+05
2015 08 09  2240   57243  81600   2.90e+00  2.01e-01  1.01e-01  6.56e-02  4.36e-02  2.09e-02  2.42e+04  5.37e+02 -1.00e+05
2015 08 09  2245   57243  81900   1.47e+00  1.07e-01  8.26e-02  4.93e-02  4.00e-02  2.09e-02  2.40e+04  5.18e+02 -1.00e+05
2015 08 09  2250   57243  82200   1.49e+00  1.22e-01  9.67e-02  4.93e-02  4.00e-02  2.09e-02  2.45e+04  5.20e+02 -1.00e+05
2015 08 09  2255   57243  82500   1.58e+00  1.87e-01  1.63e-01  1.28e-01  8.57e-02  3.25e-02  2.50e+04  5.20e+02 -1.00e+05
2015 08 09  2300   57243  82800   1.61e+00  1.10e-01  8.54e-02  5.21e-02  4.28e-02  2.36e-02  2.44e+04  5.10e+02 -1.00e+05
2015 08 09  2305   57243  83100   1.63e+00  1.07e-01  8.26e-02  4.93e-02  4.00e-02  2.09e-02  2.49e+04  5.06e+02 -1.00e+05
2015 08 09  2310   57243  83400   1.83e+00  1.51e-01  1.26e-01  9.18e-02  4.95e-02  2.09e-02  2.43e+04  4.68e+02 -1.00e+05
2015 08 09  2315   57243  83700   1.62e+00  1.41e-01  1.16e-01  8.24e-02  7.06e-02  3.05e-02  2.37e+04  4.56e+02 -1.00e+05
2015 08 09  2320   57243  84000   1.67e+00  2.00e-01  1.75e-01  4.93e-02  4.00e-02  2.09e-02  2.22e+04  4.36e+02 -1.00e+05
2015 08 09  2325   57243  84300   1.33e+00  1.48e-01  1.23e-01  8.98e-02  8.05e-02  4.92e-02  2.05e+04  3.80e+02 -1.00e+05
2015 08 09  2330   57243  84600   1.59e+00  1.64e-01  1.17e-01  7.87e-02  4.66e-02  2.09e-02  2.04e+04  3.81e+02 -1.00e+05
2015 08 09  2335   57243  84900   1.05e+00  1.53e-01  1.28e-01  5.25e-02  4.07e-02  2.09e-02  2.02e+04  3.67e+02 -1.00e+05
2015 08 09  2340   57243  85200   1.54e+00  1.64e-01  1.17e-01  7.87e-02  4.66e-02  2.09e-02  2.06e+04  3.49e+02 -1.00e+05
2015 08 09  2345   57243  85500   2.29e+00  2.09e-01  1.13e-01  5.25e-02  4.07e-02  2.09e-02  2.07e+04  3.60e+02 -1.00e+05
2015 08 09  2350   57243  85800   1.79e+00  1.81e-01  1.56e-01  1.23e-01  1.14e-01  4.46e-02  2.02e+04  3.59e+02 -1.00e+05
2015 08 09  2355   57243  86100   1.58e+00  1.07e-01  8.26e-02  4.93e-02  4.00e-02  2.09e-02  2.24e+04  3.91e+02 -1.00e+05
