:Data_list: 20150924_Gs_part_5m.txt
:Created: 2015 Sep 25 0011 UTC
# Prepared by the U.S. Dept. of Commerce, NOAA, Space Weather Prediction Center
# Please send comments and suggestions to SWPC.Webmaster@noaa.gov 
# 
# Label: P > 1 = Particles at >1 Mev
# Label: P > 5 = Particles at >5 Mev
# Label: P >10 = Particles at >10 Mev
# Label: P >30 = Particles at >30 Mev
# Label: P >50 = Particles at >50 Mev
# Label: P>100 = Particles at >100 Mev
# Label: E>0.8 = Electrons at >0.8 Mev
# Label: E>2.0 = Electrons at >2.0 Mev
# Label: E>4.0 = Electrons at >4.0 Mev
# Units: Particles = Protons/cm2-s-sr
# Units: Electrons = Electrons/cm2-s-sr
# Source: GOES-15
# Location: W135
# Missing data: -1.00e+05
#
#                      5-minute  GOES-15 Solar Particle and Electron Flux
#
#                 Modified Seconds
# UTC Date  Time   Julian  of the
# YR MO DA  HHMM    Day     Day     P > 1     P > 5     P >10     P >30     P >50     P>100     E>0.8     E>2.0     E>4.0
#-------------------------------------------------------------------------------------------------------------------------
2015 09 24  0000   57289      0   1.01e+01  1.93e-01  1.57e-01  4.72e-02  3.77e-02  1.94e-02  2.14e+04  4.16e+02 -1.00e+05
2015 09 24  0005   57289    300   1.03e+01  1.88e-01  1.61e-01  1.19e-01  1.10e-01  4.26e-02  2.11e+04  4.13e+02 -1.00e+05
2015 09 24  0010   57289    600   8.83e+00  1.15e-01  8.91e-02  4.79e-02  3.79e-02  1.94e-02  2.18e+04  4.01e+02 -1.00e+05
2015 09 24  0015   57289    900   1.02e+01  1.86e-01  1.60e-01  1.19e-01  1.10e-01  4.26e-02  2.10e+04  4.18e+02 -1.00e+05
2015 09 24  0020   57289   1200   1.34e+01  1.84e-01  9.90e-02  4.72e-02  3.77e-02  1.94e-02  2.16e+04  3.82e+02 -1.00e+05
2015 09 24  0025   57289   1500   9.36e+00  1.31e-01  1.05e-01  6.36e-02  5.41e-02  2.75e-02  2.34e+04  4.35e+02 -1.00e+05
2015 09 24  0030   57289   1800   8.62e+00  1.15e-01  8.91e-02  4.79e-02  3.79e-02  1.94e-02  2.17e+04  4.16e+02 -1.00e+05
2015 09 24  0035   57289   2100   1.91e+01  2.41e-01  9.13e-02  4.72e-02  3.77e-02  1.94e-02  2.03e+04  4.25e+02 -1.00e+05
2015 09 24  0040   57289   2400   1.14e+01  1.43e-01  1.17e-01  7.62e-02  6.67e-02  2.05e-02  1.93e+04  3.72e+02 -1.00e+05
2015 09 24  0045   57289   2700   7.89e+00  1.46e-01  1.20e-01  7.90e-02  6.95e-02  4.25e-02  2.24e+04  3.98e+02 -1.00e+05
2015 09 24  0050   57289   3000   1.04e+01  2.18e-01  1.92e-01  4.72e-02  3.77e-02  1.94e-02  2.13e+04  4.27e+02 -1.00e+05
2015 09 24  0055   57289   3300   8.64e+00  2.01e-01  1.75e-01  6.38e-02  4.87e-02  2.25e-02  2.10e+04  3.28e+02 -1.00e+05
2015 09 24  0100   57289   3600   7.69e+00  1.15e-01  8.91e-02  4.79e-02  3.79e-02  1.94e-02  1.94e+04  3.63e+02 -1.00e+05
2015 09 24  0105   57289   3900   8.23e+00  1.58e-01  1.32e-01  6.41e-02  5.46e-02  2.93e-02  2.02e+04  3.46e+02 -1.00e+05
2015 09 24  0110   57289   4200   6.63e+00  1.38e-01  1.12e-01  7.11e-02  6.16e-02  4.33e-02  1.95e+04  3.24e+02 -1.00e+05
2015 09 24  0115   57289   4500   6.65e+00  1.14e-01  8.84e-02  4.72e-02  3.77e-02  1.94e-02  1.88e+04  3.17e+02 -1.00e+05
2015 09 24  0120   57289   4800   1.28e+01  2.66e-01  1.22e-01  4.72e-02  3.77e-02  1.94e-02  1.85e+04  3.03e+02 -1.00e+05
2015 09 24  0125   57289   5100   6.06e+00  1.61e-01  1.36e-01  7.06e-02  5.14e-02  3.04e-02  1.68e+04  2.84e+02 -1.00e+05
2015 09 24  0130   57289   5400   5.55e+00  1.78e-01  1.53e-01  6.29e-02  5.35e-02  3.53e-02  1.69e+04  2.71e+02 -1.00e+05
2015 09 24  0135   57289   5700   1.09e+01  2.91e-01  9.07e-02  4.69e-02  3.75e-02  1.93e-02  1.70e+04  2.80e+02 -1.00e+05
2015 09 24  0140   57289   6000   7.21e+00  2.25e-01  1.19e-01  7.53e-02  6.59e-02  4.77e-02  1.61e+04  2.54e+02 -1.00e+05
2015 09 24  0145   57289   6300   3.88e+00  1.19e-01  9.39e-02  5.30e-02  4.36e-02  2.54e-02  1.65e+04  2.46e+02 -1.00e+05
2015 09 24  0150   57289   6600   4.43e+00  1.71e-01  1.46e-01  1.05e-01  7.92e-02  3.54e-02  1.61e+04  2.49e+02 -1.00e+05
2015 09 24  0155   57289   6900   6.28e+00  2.35e-01  1.41e-01  8.77e-02  7.83e-02  6.01e-02  1.60e+04  2.28e+02 -1.00e+05
2015 09 24  0200   57289   7200   4.16e+00  1.49e-01  1.24e-01  8.29e-02  7.35e-02  3.09e-02  1.53e+04  2.32e+02 -1.00e+05
2015 09 24  0205   57289   7500   4.25e+00  1.62e-01  1.37e-01  6.91e-02  4.25e-02  1.93e-02  1.57e+04  2.25e+02 -1.00e+05
2015 09 24  0210   57289   7800   4.64e+00  1.40e-01  9.20e-02  4.69e-02  3.75e-02  1.93e-02  1.54e+04  2.14e+02 -1.00e+05
2015 09 24  0215   57289   8100   4.60e+00  2.08e-01  1.66e-01  1.22e-01  1.12e-01  4.75e-02  1.47e+04  2.20e+02 -1.00e+05
2015 09 24  0220   57289   8400   3.42e+00  1.13e-01  8.78e-02  4.69e-02  3.75e-02  1.93e-02  1.54e+04  2.26e+02 -1.00e+05
2015 09 24  0225   57289   8700   3.77e+00  1.39e-01  1.14e-01  4.69e-02  3.75e-02  1.93e-02  1.50e+04  2.07e+02 -1.00e+05
2015 09 24  0230   57289   9000   2.73e+00  1.19e-01  9.39e-02  5.30e-02  4.36e-02  2.54e-02  1.33e+04  1.94e+02 -1.00e+05
2015 09 24  0235   57289   9300   2.50e+00  2.79e-01  1.74e-01  1.30e-01  1.21e-01  5.87e-02  8.77e+03  1.17e+02 -1.00e+05
2015 09 24  0240   57289   9600   2.00e+00  1.40e-01  9.20e-02  4.69e-02  3.75e-02  1.93e-02  6.42e+03  9.06e+01 -1.00e+05
2015 09 24  0245   57289   9900   1.75e+00  1.13e-01  8.78e-02  4.69e-02  3.75e-02  1.93e-02  9.17e+03  1.15e+02 -1.00e+05
2015 09 24  0250   57289  10200   2.31e+00  1.40e-01  9.20e-02  4.69e-02  3.75e-02  1.93e-02  1.10e+04  1.43e+02 -1.00e+05
2015 09 24  0255   57289  10500   2.37e+00  1.14e-01  8.90e-02  4.81e-02  3.87e-02  2.05e-02  1.31e+04  1.67e+02 -1.00e+05
2015 09 24  0300   57289  10800   4.27e+00  3.28e-01  1.23e-01  4.69e-02  3.75e-02  1.93e-02  1.42e+04  1.68e+02 -1.00e+05
2015 09 24  0305   57289  11100   3.25e+00  2.57e-01  1.60e-01  7.90e-02  4.28e-02  1.93e-02  1.61e+04  1.92e+02 -1.00e+05
2015 09 24  0310   57289  11400   3.25e+00  1.98e-01  1.01e-01  4.69e-02  3.75e-02  1.93e-02  1.44e+04  1.65e+02 -1.00e+05
2015 09 24  0315   57289  11700   2.95e+00  3.27e-01  1.46e-01  1.02e-01  9.23e-02  3.69e-02  1.08e+04  1.30e+02 -1.00e+05
2015 09 24  0320   57289  12000   1.77e+00  1.24e-01  9.89e-02  5.80e-02  4.86e-02  2.37e-02  1.19e+04  1.39e+02 -1.00e+05
2015 09 24  0325   57289  12300   1.66e+00  1.56e-01  1.31e-01  8.88e-02  4.69e-02  1.93e-02  1.09e+04  1.22e+02 -1.00e+05
2015 09 24  0330   57289  12600   1.33e+00  1.42e-01  1.17e-01  7.57e-02  4.40e-02  1.93e-02  9.40e+03  1.02e+02 -1.00e+05
2015 09 24  0335   57289  12900   1.88e+00  1.55e-01  1.08e-01  6.29e-02  5.35e-02  3.53e-02  1.01e+04  1.06e+02 -1.00e+05
2015 09 24  0340   57289  13200   1.93e+00  2.37e-01  1.92e-01  6.72e-02  4.56e-02  2.08e-02  1.17e+04  1.34e+02 -1.00e+05
2015 09 24  0345   57289  13500   2.25e+00  2.10e-01  1.61e-01  8.88e-02  4.69e-02  1.93e-02  1.28e+04  1.45e+02 -1.00e+05
2015 09 24  0350   57289  13800   1.89e+00  1.91e-01  1.66e-01  1.24e-01  8.60e-02  6.26e-02  1.54e+04  1.86e+02 -1.00e+05
2015 09 24  0355   57289  14100   3.10e+00  3.20e-01  2.24e-01  7.57e-02  4.40e-02  1.93e-02  1.56e+04  1.93e+02 -1.00e+05
2015 09 24  0400   57289  14400   1.98e+00  1.60e-01  1.35e-01  9.32e-02  5.27e-02  2.54e-02  1.71e+04  2.00e+02 -1.00e+05
2015 09 24  0405   57289  14700   2.12e+00  1.62e-01  1.38e-01  6.79e-02  5.85e-02  4.03e-02  1.48e+04  1.75e+02 -1.00e+05
2015 09 24  0410   57289  15000   1.62e+00  1.13e-01  8.78e-02  4.69e-02  3.75e-02  1.93e-02  1.65e+04  2.20e+02 -1.00e+05
2015 09 24  0415   57289  15300   1.58e+00  1.13e-01  8.78e-02  4.69e-02  3.75e-02  1.93e-02  1.63e+04  2.11e+02 -1.00e+05
2015 09 24  0420   57289  15600   2.01e+00  2.17e-01  1.92e-01  4.69e-02  3.75e-02  1.93e-02  1.56e+04  1.94e+02 -1.00e+05
2015 09 24  0425   57289  15900   1.97e+00  1.43e-01  9.46e-02  4.95e-02  3.81e-02  1.93e-02  1.35e+04  1.59e+02 -1.00e+05
2015 09 24  0430   57289  16200   2.05e+00  1.92e-01  1.68e-01  1.27e-01  1.17e-01  4.50e-02  1.42e+04  1.66e+02 -1.00e+05
2015 09 24  0435   57289  16500   1.99e+00  1.22e-01  9.72e-02  5.60e-02  3.96e-02  1.93e-02  1.25e+04  1.52e+02 -1.00e+05
2015 09 24  0440   57289  16800   3.12e+00  2.04e-01  1.02e-01  5.78e-02  4.84e-02  2.28e-02  9.80e+03  1.07e+02 -1.00e+05
2015 09 24  0445   57289  17100   1.66e+00  1.35e-01  1.10e-01  6.88e-02  4.91e-02  2.79e-02  1.06e+04  1.16e+02 -1.00e+05
2015 09 24  0450   57289  17400   1.31e+00  1.19e-01  9.39e-02  5.30e-02  4.36e-02  2.54e-02  8.37e+03  9.44e+01 -1.00e+05
2015 09 24  0455   57289  17700   1.28e+00  1.45e-01  1.20e-01  7.92e-02  6.97e-02  3.89e-02  8.27e+03  9.00e+01 -1.00e+05
2015 09 24  0500   57289  18000   2.19e+00  2.47e-01  1.41e-01  9.53e-02  4.84e-02  1.93e-02  7.89e+03  8.85e+01 -1.00e+05
2015 09 24  0505   57289  18300   2.46e+00  2.14e-01  1.07e-01  6.26e-02  4.10e-02  1.93e-02  8.74e+03  1.07e+02 -1.00e+05
2015 09 24  0510   57289  18600   1.42e+00  1.44e-01  1.19e-01  5.30e-02  4.36e-02  2.54e-02  9.59e+03  1.08e+02 -1.00e+05
2015 09 24  0515   57289  18900   1.73e+00  1.97e-01  9.11e-02  4.69e-02  3.75e-02  1.93e-02  8.60e+03  1.06e+02 -1.00e+05
2015 09 24  0520   57289  19200   2.44e+00  2.46e-01  1.14e-01  6.91e-02  4.25e-02  1.93e-02  7.35e+03  9.91e+01 -1.00e+05
2015 09 24  0525   57289  19500   1.96e+00  3.02e-01  2.05e-01  4.69e-02  3.75e-02  1.93e-02  8.83e+03  1.13e+02 -1.00e+05
2015 09 24  0530   57289  19800   1.28e+00  1.15e-01  9.04e-02  4.95e-02  3.81e-02  1.93e-02  9.21e+03  1.12e+02 -1.00e+05
2015 09 24  0535   57289  20100   1.01e+00  1.39e-01  1.14e-01  4.69e-02  3.75e-02  1.93e-02  8.69e+03  1.09e+02 -1.00e+05
2015 09 24  0540   57289  20400   8.11e-01  1.46e-01  1.21e-01  5.15e-02  4.21e-02  2.08e-02  8.59e+03  1.04e+02 -1.00e+05
2015 09 24  0545   57289  20700   7.91e-01  1.13e-01  8.78e-02  4.69e-02  3.75e-02  1.93e-02  8.11e+03  9.40e+01 -1.00e+05
2015 09 24  0550   57289  21000   7.82e-01  1.32e-01  1.07e-01  6.58e-02  5.23e-02  3.29e-02  8.31e+03  9.92e+01 -1.00e+05
2015 09 24  0555   57289  21300   7.66e-01  1.49e-01  1.24e-01  8.22e-02  4.55e-02  1.93e-02  8.66e+03  1.04e+02 -1.00e+05
2015 09 24  0600   57289  21600   1.67e+00  3.69e-01  2.00e-01  1.55e-01  1.29e-01  4.70e-02  8.55e+03  1.02e+02 -1.00e+05
2015 09 24  0605   57289  21900   1.07e+00  2.24e-01  1.27e-01  4.69e-02  3.75e-02  1.93e-02  8.35e+03  1.00e+02 -1.00e+05
2015 09 24  0610   57289  22200   1.17e+00  1.98e-01  1.01e-01  4.69e-02  3.75e-02  1.93e-02  8.31e+03  9.49e+01 -1.00e+05
2015 09 24  0615   57289  22500   9.14e-01  1.66e-01  1.41e-01  9.91e-02  6.74e-02  2.69e-02  8.19e+03  9.78e+01 -1.00e+05
2015 09 24  0620   57289  22800   1.98e+00  4.02e-01  2.17e-01  4.69e-02  3.75e-02  1.93e-02  8.38e+03  1.03e+02 -1.00e+05
2015 09 24  0625   57289  23100   8.14e-01  1.40e-01  1.15e-01  4.81e-02  3.87e-02  2.05e-02  8.16e+03  9.67e+01 -1.00e+05
2015 09 24  0630   57289  23400   1.04e+00  1.42e-01  1.17e-01  4.95e-02  3.81e-02  1.93e-02  8.18e+03  1.03e+02 -1.00e+05
2015 09 24  0635   57289  23700   8.62e-01  1.60e-01  1.35e-01  9.41e-02  8.46e-02  5.21e-02  8.45e+03  1.09e+02 -1.00e+05
2015 09 24  0640   57289  24000   1.19e+00  2.49e-01  2.01e-01  5.30e-02  4.36e-02  2.54e-02  8.40e+03  1.08e+02 -1.00e+05
2015 09 24  0645   57289  24300   1.35e+00  2.48e-01  1.17e-01  7.28e-02  6.34e-02  4.53e-02  7.92e+03  1.06e+02 -1.00e+05
2015 09 24  0650   57289  24600   9.66e-01  1.91e-01  1.43e-01  9.62e-02  4.95e-02  2.05e-02  7.56e+03  9.66e+01 -1.00e+05
2015 09 24  0655   57289  24900   1.18e+00  2.07e-01  1.08e-01  6.41e-02  5.46e-02  2.48e-02  7.55e+03  9.85e+01 -1.00e+05
2015 09 24  0700   57289  25200   8.12e-01  1.16e-01  9.14e-02  5.06e-02  4.11e-02  2.30e-02  6.77e+03  8.77e+01 -1.00e+05
2015 09 24  0705   57289  25500   1.33e+00  2.95e-01  1.49e-01  8.28e-02  7.33e-02  5.52e-02  6.61e+03  8.88e+01 -1.00e+05
2015 09 24  0710   57289  25800   1.50e+00  2.55e-01  9.95e-02  5.55e-02  4.61e-02  2.79e-02  6.45e+03  9.25e+01 -1.00e+05
2015 09 24  0715   57289  26100   1.35e+00  2.16e-01  1.32e-01  8.01e-02  7.07e-02  4.25e-02  6.69e+03  9.62e+01 -1.00e+05
2015 09 24  0720   57289  26400   8.59e-01  1.86e-01  1.62e-01  9.27e-02  8.33e-02  6.51e-02  6.42e+03  9.45e+01 -1.00e+05
2015 09 24  0725   57289  26700   1.46e+00  2.73e-01  1.33e-01  8.91e-02  7.97e-02  3.29e-02  6.22e+03  9.34e+01 -1.00e+05
2015 09 24  0730   57289  27000   8.62e-01  1.95e-01  1.70e-01  1.02e-01  9.23e-02  3.69e-02  5.72e+03  8.32e+01 -1.00e+05
2015 09 24  0735   57289  27300   8.90e-01  1.99e-01  1.02e-01  4.81e-02  3.87e-02  2.05e-02  7.06e+03  1.03e+02 -1.00e+05
2015 09 24  0740   57289  27600   7.62e-01  1.56e-01  1.28e-01  8.59e-02  7.65e-02  4.27e-02  6.72e+03  1.05e+02 -1.00e+05
2015 09 24  0745   57289  27900   1.55e+00  2.54e-01  1.32e-01  5.60e-02  3.96e-02  1.93e-02  6.11e+03  9.83e+01 -1.00e+05
2015 09 24  0750   57289  28200   1.46e+00  2.31e-01  1.26e-01  8.13e-02  6.53e-02  4.53e-02  5.93e+03  9.64e+01 -1.00e+05
2015 09 24  0755   57289  28500   7.59e-01  1.97e-01  1.72e-01  1.23e-01  8.03e-02  4.80e-02  6.80e+03  1.02e+02 -1.00e+05
2015 09 24  0800   57289  28800   8.58e-01  2.44e-01  2.20e-01  1.35e-01  1.26e-01  5.52e-02  7.29e+03  1.14e+02 -1.00e+05
2015 09 24  0805   57289  29100   8.64e-01  1.62e-01  1.37e-01  4.69e-02  3.75e-02  1.93e-02  7.54e+03  1.18e+02 -1.00e+05
2015 09 24  0810   57289  29400   9.50e-01  2.28e-01  2.03e-01  6.05e-02  5.11e-02  3.29e-02  7.61e+03  1.22e+02 -1.00e+05
2015 09 24  0815   57289  29700   9.16e-01  1.39e-01  1.14e-01  4.69e-02  3.75e-02  1.93e-02  8.02e+03  1.28e+02 -1.00e+05
2015 09 24  0820   57289  30000   8.14e-01  1.43e-01  1.19e-01  7.71e-02  5.29e-02  3.04e-02  8.04e+03  1.27e+02 -1.00e+05
2015 09 24  0825   57289  30300   1.43e+00  2.01e-01  1.04e-01  5.06e-02  4.11e-02  2.30e-02  7.84e+03  1.27e+02 -1.00e+05
2015 09 24  0830   57289  30600   7.02e-01  1.13e-01  8.78e-02  4.69e-02  3.75e-02  1.93e-02  8.45e+03  1.38e+02 -1.00e+05
2015 09 24  0835   57289  30900   1.63e+00  3.04e-01  2.08e-01  5.06e-02  4.11e-02  2.30e-02  9.91e+03  1.50e+02 -1.00e+05
2015 09 24  0840   57289  31200   1.05e+00  2.35e-01  2.10e-01  7.04e-02  6.10e-02  4.28e-02  1.05e+04  1.61e+02 -1.00e+05
2015 09 24  0845   57289  31500   7.23e-01  1.86e-01  1.61e-01  1.20e-01  1.11e-01  4.30e-02  1.01e+04  1.62e+02 -1.00e+05
2015 09 24  0850   57289  31800   9.93e-01  1.13e-01  8.78e-02  4.69e-02  3.75e-02  1.93e-02  1.03e+04  1.61e+02 -1.00e+05
2015 09 24  0855   57289  32100   1.27e+00  1.97e-01  9.11e-02  4.69e-02  3.75e-02  1.93e-02  1.00e+04  1.52e+02 -1.00e+05
2015 09 24  0900   57289  32400   1.61e+00  5.08e-01  2.28e-01  6.05e-02  5.11e-02  3.29e-02  9.84e+03  1.51e+02 -1.00e+05
2015 09 24  0905   57289  32700   5.87e-01  1.53e-01  1.28e-01  4.69e-02  3.75e-02  1.93e-02  9.91e+03  1.55e+02 -1.00e+05
2015 09 24  0910   57289  33000   1.36e+00  3.62e-01  1.56e-01  4.69e-02  3.75e-02  1.93e-02  9.90e+03  1.51e+02 -1.00e+05
2015 09 24  0915   57289  33300   6.98e-01  1.44e-01  1.19e-01  7.83e-02  6.89e-02  2.04e-02  9.62e+03  1.50e+02 -1.00e+05
2015 09 24  0920   57289  33600   7.58e-01  1.36e-01  1.11e-01  6.91e-02  4.25e-02  1.93e-02  9.91e+03  1.50e+02 -1.00e+05
2015 09 24  0925   57289  33900   9.80e-01  1.72e-01  1.47e-01  7.26e-02  6.31e-02  2.03e-02  9.85e+03  1.57e+02 -1.00e+05
2015 09 24  0930   57289  34200   6.80e-01  1.13e-01  8.78e-02  4.69e-02  3.75e-02  1.93e-02  9.99e+03  1.60e+02 -1.00e+05
2015 09 24  0935   57289  34500   5.74e-01  1.21e-01  9.64e-02  5.55e-02  4.61e-02  2.79e-02  9.45e+03  1.54e+02 -1.00e+05
2015 09 24  0940   57289  34800   9.75e-01  1.99e-01  1.15e-01  6.41e-02  5.46e-02  2.48e-02  9.75e+03  1.55e+02 -1.00e+05
2015 09 24  0945   57289  35100   8.53e-01  1.17e-01  9.24e-02  5.15e-02  4.21e-02  2.08e-02  9.71e+03  1.48e+02 -1.00e+05
2015 09 24  0950   57289  35400   1.13e+00  1.84e-01  1.37e-01  6.29e-02  5.35e-02  3.53e-02  1.01e+04  1.67e+02 -1.00e+05
2015 09 24  0955   57289  35700   1.78e+00  2.30e-01  1.36e-01  8.24e-02  7.30e-02  2.04e-02  1.10e+04  1.76e+02 -1.00e+05
2015 09 24  1000   57289  36000   1.58e+00  3.83e-01  2.37e-01  7.53e-02  6.59e-02  4.77e-02  1.12e+04  1.80e+02 -1.00e+05
2015 09 24  1005   57289  36300   1.27e+00  1.40e-01  9.20e-02  4.69e-02  3.75e-02  1.93e-02  1.12e+04  1.78e+02 -1.00e+05
2015 09 24  1010   57289  36600   1.07e+00  1.44e-01  1.19e-01  7.78e-02  6.84e-02  5.02e-02  1.19e+04  1.85e+02 -1.00e+05
2015 09 24  1015   57289  36900   1.09e+00  1.61e-01  1.36e-01  9.54e-02  8.60e-02  3.49e-02  1.23e+04  1.86e+02 -1.00e+05
2015 09 24  1020   57289  37200   9.74e-01  1.13e-01  8.78e-02  4.69e-02  3.75e-02  1.93e-02  1.27e+04  1.93e+02 -1.00e+05
2015 09 24  1025   57289  37500   1.02e+00  1.29e-01  1.04e-01  6.26e-02  4.10e-02  1.93e-02  1.32e+04  2.08e+02 -1.00e+05
2015 09 24  1030   57289  37800   1.38e+00  1.58e-01  1.34e-01  9.27e-02  8.33e-02  6.51e-02  1.36e+04  2.13e+02 -1.00e+05
2015 09 24  1035   57289  38100   1.34e+00  1.30e-01  1.05e-01  6.43e-02  5.49e-02  2.57e-02  1.37e+04  2.10e+02 -1.00e+05
2015 09 24  1040   57289  38400   1.16e+00  1.13e-01  8.78e-02  4.69e-02  3.75e-02  1.93e-02  1.38e+04  2.10e+02 -1.00e+05
2015 09 24  1045   57289  38700   1.92e+00  3.53e-01  1.94e-01  7.03e-02  6.09e-02  2.69e-02  1.37e+04  2.11e+02 -1.00e+05
2015 09 24  1050   57289  39000   1.92e+00  3.17e-01  2.20e-01  6.91e-02  4.25e-02  1.93e-02  1.37e+04  2.15e+02 -1.00e+05
2015 09 24  1055   57289  39300   1.35e+00  1.64e-01  1.39e-01  9.74e-02  6.51e-02  4.03e-02  1.37e+04  2.11e+02 -1.00e+05
2015 09 24  1100   57289  39600   1.08e+00  1.41e-01  1.16e-01  7.51e-02  6.37e-02  2.03e-02  1.37e+04  2.17e+02 -1.00e+05
2015 09 24  1105   57289  39900   1.27e+00  1.39e-01  1.14e-01  7.28e-02  6.34e-02  4.53e-02  1.40e+04  2.22e+02 -1.00e+05
2015 09 24  1110   57289  40200   2.95e+00  2.91e-01  9.07e-02  4.69e-02  3.75e-02  1.93e-02  1.43e+04  2.25e+02 -1.00e+05
2015 09 24  1115   57289  40500   1.50e+00  2.40e-01  1.94e-01  5.17e-02  4.23e-02  2.17e-02  1.43e+04  2.29e+02 -1.00e+05
2015 09 24  1120   57289  40800   1.35e+00  1.48e-01  1.23e-01  8.05e-02  4.28e-02  1.93e-02  1.49e+04  2.39e+02 -1.00e+05
2015 09 24  1125   57289  41100   1.48e+00  1.63e-01  1.38e-01  7.78e-02  6.84e-02  5.02e-02  1.55e+04  2.34e+02 -1.00e+05
2015 09 24  1130   57289  41400   1.60e+00  1.57e-01  1.32e-01  8.96e-02  4.80e-02  2.05e-02  1.56e+04  2.39e+02 -1.00e+05
2015 09 24  1135   57289  41700   3.30e+00  3.07e-01  1.29e-01  5.57e-02  4.61e-02  2.79e-02  1.57e+04  2.43e+02 -1.00e+05
2015 09 24  1140   57289  42000   2.24e+00  2.47e-01  1.25e-01  4.95e-02  3.81e-02  1.93e-02  1.58e+04  2.43e+02 -1.00e+05
2015 09 24  1145   57289  42300   1.41e+00  1.39e-01  1.14e-01  4.69e-02  3.75e-02  1.93e-02  1.59e+04  2.58e+02 -1.00e+05
2015 09 24  1150   57289  42600   1.53e+00  1.54e-01  1.29e-01  8.73e-02  5.90e-02  3.53e-02  1.61e+04  2.68e+02 -1.00e+05
2015 09 24  1155   57289  42900   3.39e+00  2.49e-01  9.35e-02  4.95e-02  3.81e-02  1.93e-02  1.64e+04  2.56e+02 -1.00e+05
2015 09 24  1200   57289  43200   1.98e+00  1.41e-01  9.63e-02  5.17e-02  4.23e-02  2.17e-02  1.63e+04  2.60e+02 -1.00e+05
2015 09 24  1205   57289  43500   1.70e+00  1.37e-01  1.12e-01  7.15e-02  6.21e-02  3.14e-02  1.65e+04  2.61e+02 -1.00e+05
2015 09 24  1210   57289  43800   1.73e+00  1.51e-01  1.27e-01  6.29e-02  5.35e-02  3.53e-02  1.70e+04  2.70e+02 -1.00e+05
2015 09 24  1215   57289  44100   1.93e+00  1.43e-01  1.19e-01  7.71e-02  5.29e-02  3.04e-02  1.68e+04  2.83e+02 -1.00e+05
2015 09 24  1220   57289  44400   2.15e+00  1.53e-01  1.05e-01  6.05e-02  5.11e-02  3.29e-02  1.70e+04  2.83e+02 -1.00e+05
2015 09 24  1225   57289  44700   3.82e+00  2.78e-01  9.94e-02  5.55e-02  4.61e-02  2.79e-02  1.72e+04  2.83e+02 -1.00e+05
2015 09 24  1230   57289  45000   2.01e+00  1.57e-01  1.32e-01  9.09e-02  6.83e-02  4.05e-02  1.71e+04  2.88e+02 -1.00e+05
2015 09 24  1235   57289  45300   2.91e+00  2.24e-01  1.29e-01  7.53e-02  6.59e-02  4.77e-02  1.75e+04  2.98e+02 -1.00e+05
2015 09 24  1240   57289  45600   2.96e+00  2.01e-01  1.42e-01  9.54e-02  8.60e-02  3.49e-02  1.78e+04  3.12e+02 -1.00e+05
2015 09 24  1245   57289  45900   4.05e+00  3.20e-01  1.55e-01  4.69e-02  3.75e-02  1.93e-02  1.87e+04  3.38e+02 -1.00e+05
2015 09 24  1250   57289  46200   2.75e+00  1.39e-01  1.14e-01  4.69e-02  3.75e-02  1.93e-02  1.98e+04  3.35e+02 -1.00e+05
2015 09 24  1255   57289  46500   4.28e+00  2.53e-01  1.22e-01  7.78e-02  6.84e-02  5.02e-02  1.98e+04  3.40e+02 -1.00e+05
2015 09 24  1300   57289  46800   2.41e+00  1.30e-01  1.05e-01  6.41e-02  5.46e-02  2.48e-02  1.98e+04  3.43e+02 -1.00e+05
2015 09 24  1305   57289  47100   3.19e+00  1.40e-01  9.20e-02  4.69e-02  3.75e-02  1.93e-02  1.98e+04  3.47e+02 -1.00e+05
2015 09 24  1310   57289  47400   4.09e+00  2.01e-01  9.47e-02  5.06e-02  4.11e-02  2.30e-02  1.99e+04  3.49e+02 -1.00e+05
2015 09 24  1315   57289  47700   3.74e+00  1.98e-01  1.01e-01  4.69e-02  3.75e-02  1.93e-02  1.98e+04  3.60e+02 -1.00e+05
2015 09 24  1320   57289  48000   3.08e+00  1.36e-01  1.11e-01  7.03e-02  6.09e-02  2.69e-02  2.06e+04  3.60e+02 -1.00e+05
2015 09 24  1325   57289  48300   4.68e+00  1.97e-01  9.11e-02  4.69e-02  3.75e-02  1.93e-02  2.03e+04  3.61e+02 -1.00e+05
2015 09 24  1330   57289  48600   4.70e+00  1.97e-01  9.11e-02  4.69e-02  3.75e-02  1.93e-02  2.08e+04  3.66e+02 -1.00e+05
2015 09 24  1335   57289  48900   3.24e+00  1.34e-01  1.09e-01  6.79e-02  5.85e-02  4.03e-02  2.08e+04  3.79e+02 -1.00e+05
2015 09 24  1340   57289  49200   6.09e+00  4.12e-01  2.28e-01  5.87e-02  4.30e-02  2.30e-02  2.12e+04  3.87e+02 -1.00e+05
2015 09 24  1345   57289  49500   3.56e+00  1.13e-01  8.78e-02  4.69e-02  3.75e-02  1.93e-02  2.02e+04  3.73e+02 -1.00e+05
2015 09 24  1350   57289  49800   4.87e+00  2.24e-01  1.55e-01  1.07e-01  9.72e-02  5.61e-02  1.97e+04  3.64e+02 -1.00e+05
2015 09 24  1355   57289  50100   3.55e+00  1.65e-01  1.40e-01  8.03e-02  7.09e-02  5.27e-02  2.12e+04  3.85e+02 -1.00e+05
2015 09 24  1400   57289  50400   4.98e+00  2.00e-01  1.03e-01  4.95e-02  3.81e-02  1.93e-02  2.18e+04  3.98e+02 -1.00e+05
2015 09 24  1405   57289  50700   3.90e+00  1.48e-01  1.23e-01  5.60e-02  3.96e-02  1.93e-02  2.13e+04  4.11e+02 -1.00e+05
2015 09 24  1410   57289  51000   5.38e+00  3.20e-01  2.24e-01  7.57e-02  4.40e-02  1.93e-02  2.18e+04  3.93e+02 -1.00e+05
2015 09 24  1415   57289  51300   3.67e+00  1.19e-01  9.39e-02  5.30e-02  4.36e-02  2.54e-02  2.20e+04  4.03e+02 -1.00e+05
2015 09 24  1420   57289  51600   3.86e+00  2.17e-01  1.92e-01  4.69e-02  3.75e-02  1.93e-02  2.17e+04  4.22e+02 -1.00e+05
2015 09 24  1425   57289  51900   3.79e+00  1.71e-01  1.46e-01  1.05e-01  7.44e-02  5.02e-02  2.18e+04  4.20e+02 -1.00e+05
2015 09 24  1430   57289  52200   5.72e+00  1.41e-01  9.32e-02  4.81e-02  3.87e-02  2.05e-02  2.20e+04  4.35e+02 -1.00e+05
2015 09 24  1435   57289  52500   4.16e+00  1.13e-01  8.78e-02  4.69e-02  3.75e-02  1.93e-02  2.20e+04  4.30e+02 -1.00e+05
2015 09 24  1440   57289  52800   5.86e+00  1.40e-01  9.20e-02  4.69e-02  3.75e-02  1.93e-02  2.21e+04  4.50e+02 -1.00e+05
2015 09 24  1445   57289  53100   4.73e+00  1.94e-01  1.69e-01  8.29e-02  7.35e-02  3.09e-02  2.32e+04  4.59e+02 -1.00e+05
2015 09 24  1450   57289  53400   8.18e+00  4.94e-01  3.05e-01  7.57e-02  4.40e-02  1.93e-02  2.33e+04  4.65e+02 -1.00e+05
2015 09 24  1455   57289  53700   5.62e+00  1.13e-01  8.78e-02  4.69e-02  3.75e-02  1.93e-02  2.26e+04  4.73e+02 -1.00e+05
2015 09 24  1500   57289  54000   5.90e+00  2.33e-01  2.09e-01  6.79e-02  5.85e-02  4.03e-02  2.24e+04  4.95e+02 -1.00e+05
2015 09 24  1505   57289  54300   5.94e+00  1.66e-01  1.41e-01  6.05e-02  5.11e-02  3.29e-02  2.45e+04  5.02e+02 -1.00e+05
2015 09 24  1510   57289  54600   7.37e+00  2.44e-01  1.96e-01  4.69e-02  3.75e-02  1.93e-02  2.46e+04  5.19e+02 -1.00e+05
2015 09 24  1515   57289  54900   6.19e+00  1.13e-01  8.78e-02  4.69e-02  3.75e-02  1.93e-02  2.32e+04  5.17e+02 -1.00e+05
2015 09 24  1520   57289  55200   6.69e+00  3.17e-01  2.92e-01  1.21e-01  8.60e-02  6.26e-02  2.44e+04  5.45e+02 -1.00e+05
2015 09 24  1525   57289  55500   7.62e+00  1.70e-01  1.26e-01  8.14e-02  7.19e-02  5.38e-02  2.54e+04  5.69e+02 -1.00e+05
2015 09 24  1530   57289  55800   7.83e+00  1.65e-01  1.36e-01  7.03e-02  6.09e-02  2.69e-02  2.53e+04  5.95e+02 -1.00e+05
2015 09 24  1535   57289  56100   8.74e+00  2.44e-01  1.96e-01  4.69e-02  3.75e-02  1.93e-02  2.60e+04  6.01e+02 -1.00e+05
2015 09 24  1540   57289  56400   8.04e+00  2.17e-01  1.92e-01  4.69e-02  3.75e-02  1.93e-02  2.60e+04  6.25e+02 -1.00e+05
2015 09 24  1545   57289  56700   7.73e+00  1.88e-01  1.63e-01  1.21e-01  9.13e-02  3.37e-02  2.71e+04  6.37e+02 -1.00e+05
2015 09 24  1550   57289  57000   8.92e+00  1.77e-01  1.33e-01  8.84e-02  7.90e-02  6.08e-02  2.78e+04  6.50e+02 -1.00e+05
2015 09 24  1555   57289  57300   7.44e+00  1.78e-01  1.48e-01  1.06e-01  6.89e-02  2.69e-02  2.74e+04  6.61e+02 -1.00e+05
2015 09 24  1600   57289  57600   7.14e+00  1.13e-01  8.78e-02  4.69e-02  3.75e-02  1.93e-02  2.73e+04  6.58e+02 -1.00e+05
2015 09 24  1605   57289  57900   1.27e+01  3.55e-01  1.77e-01  4.69e-02  3.75e-02  1.93e-02  2.74e+04  6.50e+02 -1.00e+05
2015 09 24  1610   57289  58200   7.65e+00  1.67e-01  1.42e-01  1.00e-01  6.20e-02  3.53e-02  2.86e+04  6.90e+02 -1.00e+05
2015 09 24  1615   57289  58500   1.82e+01  3.70e-01  1.11e-01  6.71e-02  5.77e-02  3.67e-02  2.94e+04  6.82e+02 -1.00e+05
2015 09 24  1620   57289  58800   7.94e+00  1.78e-01  1.53e-01  1.10e-01  6.81e-02  4.03e-02  2.92e+04  6.73e+02 -1.00e+05
2015 09 24  1625   57289  59100   7.66e+00  1.30e-01  1.05e-01  6.41e-02  5.46e-02  2.48e-02  3.00e+04  7.18e+02 -1.00e+05
2015 09 24  1630   57289  59400   1.06e+01  1.40e-01  9.20e-02  4.69e-02  3.75e-02  1.93e-02  3.13e+04  7.49e+02 -1.00e+05
2015 09 24  1635   57289  59700   8.82e+00  1.46e-01  1.21e-01  5.15e-02  4.21e-02  2.08e-02  3.14e+04  7.62e+02 -1.00e+05
2015 09 24  1640   57289  60000   1.73e+01  4.42e-01  2.24e-01  5.55e-02  4.61e-02  2.79e-02  3.16e+04  7.86e+02 -1.00e+05
2015 09 24  1645   57289  60300   9.81e+00  1.77e-01  1.47e-01  7.03e-02  6.09e-02  2.69e-02  3.26e+04  7.95e+02 -1.00e+05
2015 09 24  1650   57289  60600   9.23e+00  1.53e-01  1.28e-01  4.69e-02  3.75e-02  1.93e-02  3.27e+04  8.07e+02 -1.00e+05
2015 09 24  1655   57289  60900   1.13e+01  1.40e-01  9.20e-02  4.69e-02  3.75e-02  1.93e-02  3.29e+04  8.27e+02 -1.00e+05
2015 09 24  1700   57289  61200   8.58e+00  1.49e-01  1.24e-01  8.29e-02  7.35e-02  3.09e-02  3.35e+04  8.31e+02 -1.00e+05
2015 09 24  1705   57289  61500   9.27e+00  1.16e-01  9.14e-02  5.06e-02  4.11e-02  2.30e-02  3.38e+04  8.30e+02 -1.00e+05
2015 09 24  1710   57289  61800   1.06e+01  1.48e-01  1.00e-01  5.55e-02  4.61e-02  2.79e-02  3.28e+04  8.05e+02 -1.00e+05
2015 09 24  1715   57289  62100   9.26e+00  1.26e-01  1.01e-01  6.05e-02  5.11e-02  3.29e-02  3.40e+04  8.24e+02 -1.00e+05
2015 09 24  1720   57289  62400   9.93e+00  1.36e-01  1.11e-01  6.91e-02  4.25e-02  1.93e-02  3.43e+04  8.46e+02 -1.00e+05
2015 09 24  1725   57289  62700   1.45e+01  2.61e-01  1.73e-01  1.21e-01  1.11e-01  4.38e-02  3.41e+04  8.62e+02 -1.00e+05
2015 09 24  1730   57289  63000   9.62e+00  1.24e-01  9.87e-02  5.78e-02  4.84e-02  2.28e-02  3.42e+04  8.44e+02 -1.00e+05
2015 09 24  1735   57289  63300   9.42e+00  1.74e-01  1.49e-01  1.08e-01  9.85e-02  3.89e-02  3.42e+04  8.08e+02 -1.00e+05
2015 09 24  1740   57289  63600   1.77e+01  2.69e-01  9.08e-02  4.69e-02  3.75e-02  1.93e-02  3.31e+04  7.93e+02 -1.00e+05
2015 09 24  1745   57289  63900   1.47e+01  2.45e-01  1.23e-01  4.69e-02  3.75e-02  1.93e-02  3.40e+04  8.07e+02 -1.00e+05
2015 09 24  1750   57289  64200   7.81e+00  2.38e-01  2.13e-01  7.36e-02  4.73e-02  2.17e-02  3.21e+04  7.43e+02 -1.00e+05
2015 09 24  1755   57289  64500   8.00e+00  2.02e-01  1.77e-01  1.35e-01  9.45e-02  5.57e-02  3.23e+04  7.65e+02 -1.00e+05
2015 09 24  1800   57289  64800   8.03e+00  2.05e-01  1.80e-01  7.29e-02  6.15e-02  2.69e-02  3.26e+04  7.74e+02 -1.00e+05
2015 09 24  1805   57289  65100   7.84e+00  1.31e-01  1.06e-01  6.54e-02  5.60e-02  3.78e-02  3.26e+04  7.73e+02 -1.00e+05
2015 09 24  1810   57289  65400   7.61e+00  1.13e-01  8.78e-02  4.69e-02  3.75e-02  1.93e-02  3.26e+04  7.49e+02 -1.00e+05
2015 09 24  1815   57289  65700   7.46e+00  1.13e-01  8.78e-02  4.69e-02  3.75e-02  1.93e-02  3.26e+04  7.72e+02 -1.00e+05
2015 09 24  1820   57289  66000   8.32e+00  1.67e-01  1.43e-01  1.02e-01  9.23e-02  5.96e-02  3.28e+04  7.84e+02 -1.00e+05
2015 09 24  1825   57289  66300   9.39e+00  1.75e-01  1.27e-01  8.05e-02  4.28e-02  1.93e-02  3.26e+04  7.55e+02 -1.00e+05
2015 09 24  1830   57289  66600   7.39e+00  1.36e-01  1.11e-01  7.04e-02  6.10e-02  4.28e-02  3.24e+04  7.39e+02 -1.00e+05
2015 09 24  1835   57289  66900   7.67e+00  1.53e-01  1.29e-01  8.77e-02  7.83e-02  6.01e-02  3.24e+04  7.48e+02 -1.00e+05
2015 09 24  1840   57289  67200   1.14e+01  2.40e-01  1.46e-01  9.27e-02  8.33e-02  6.51e-02  3.27e+04  7.82e+02 -1.00e+05
2015 09 24  1845   57289  67500   1.28e+01  1.98e-01  1.01e-01  4.69e-02  3.75e-02  1.93e-02  3.43e+04  8.37e+02 -1.00e+05
2015 09 24  1850   57289  67800   9.38e+00  1.24e-01  9.87e-02  5.78e-02  4.84e-02  2.28e-02  3.39e+04  8.35e+02 -1.00e+05
2015 09 24  1855   57289  68100   9.32e+00  2.17e-01  1.92e-01  4.69e-02  3.75e-02  1.93e-02  3.40e+04  8.25e+02 -1.00e+05
2015 09 24  1900   57289  68400   9.01e+00  1.42e-01  1.17e-01  4.69e-02  3.75e-02  1.93e-02  3.40e+04  8.40e+02 -1.00e+05
2015 09 24  1905   57289  68700   9.12e+00  1.26e-01  1.02e-01  6.04e-02  4.53e-02  2.54e-02  3.36e+04  8.24e+02 -1.00e+05
2015 09 24  1910   57289  69000   2.10e+01  6.46e-01  2.24e-01  5.55e-02  4.61e-02  2.79e-02  3.32e+04  8.00e+02 -1.00e+05
2015 09 24  1915   57289  69300   9.03e+00  1.53e-01  1.29e-01  8.77e-02  7.83e-02  6.01e-02  3.39e+04  8.03e+02 -1.00e+05
2015 09 24  1920   57289  69600   1.60e+01  3.83e-01  2.09e-01  8.03e-02  7.09e-02  5.27e-02  3.40e+04  8.35e+02 -1.00e+05
2015 09 24  1925   57289  69900   9.31e+00  1.13e-01  8.78e-02  4.69e-02  3.75e-02  1.93e-02  3.40e+04  8.42e+02 -1.00e+05
2015 09 24  1930   57289  70200   1.02e+01  1.67e-01  1.43e-01  1.02e-01  9.23e-02  3.69e-02  3.49e+04  8.46e+02 -1.00e+05
2015 09 24  1935   57289  70500   1.06e+01  1.50e-01  1.25e-01  8.40e-02  7.46e-02  3.54e-02  3.55e+04  8.99e+02 -1.00e+05
2015 09 24  1940   57289  70800   9.78e+00  1.34e-01  1.09e-01  6.79e-02  5.85e-02  4.03e-02  3.40e+04  8.46e+02 -1.00e+05
2015 09 24  1945   57289  71100   1.18e+01  1.69e-01  1.21e-01  4.95e-02  3.81e-02  1.93e-02  3.40e+04  8.47e+02 -1.00e+05
2015 09 24  1950   57289  71400   1.01e+01  2.04e-01  1.79e-01  1.37e-01  9.54e-02  3.49e-02  3.40e+04  8.60e+02 -1.00e+05
2015 09 24  1955   57289  71700   9.39e+00  1.41e-01  1.16e-01  7.53e-02  6.59e-02  4.77e-02  3.40e+04  8.32e+02 -1.00e+05
2015 09 24  2000   57289  72000   9.25e+00  1.14e-01  8.90e-02  4.81e-02  3.87e-02  2.05e-02  3.29e+04  8.18e+02 -1.00e+05
2015 09 24  2005   57289  72300   8.54e+00  1.17e-01  9.24e-02  5.15e-02  4.21e-02  2.08e-02  3.26e+04  7.90e+02 -1.00e+05
2015 09 24  2010   57289  72600   1.53e+01  2.77e-01  1.26e-01  4.95e-02  3.81e-02  1.93e-02  3.26e+04  7.84e+02 -1.00e+05
2015 09 24  2015   57289  72900   9.90e+00  1.40e-01  9.59e-02  5.15e-02  4.21e-02  2.08e-02  3.25e+04  7.72e+02 -1.00e+05
2015 09 24  2020   57289  73200   8.68e+00  1.79e-01  1.54e-01  8.52e-02  7.58e-02  5.76e-02  3.21e+04  7.68e+02 -1.00e+05
2015 09 24  2025   57289  73500   8.79e+00  3.04e-01  2.79e-01  9.08e-02  5.38e-02  3.04e-02  3.26e+04  8.06e+02 -1.00e+05
2015 09 24  2030   57289  73800   1.12e+01  1.74e-01  1.49e-01  7.65e-02  6.62e-02  4.77e-02  3.47e+04  8.92e+02 -1.00e+05
2015 09 24  2035   57289  74100   1.34e+01  1.58e-01  1.33e-01  9.19e-02  8.25e-02  6.43e-02  3.64e+04  9.43e+02 -1.00e+05
2015 09 24  2040   57289  74400   1.21e+01  1.16e-01  9.13e-02  5.03e-02  3.92e-02  2.05e-02  3.51e+04  9.30e+02 -1.00e+05
2015 09 24  2045   57289  74700   1.27e+01  1.38e-01  1.13e-01  7.20e-02  6.25e-02  3.32e-02  3.50e+04  9.16e+02 -1.00e+05
2015 09 24  2050   57289  75000   2.02e+01  2.95e-01  1.73e-01  9.53e-02  4.84e-02  1.93e-02  3.56e+04  9.32e+02 -1.00e+05
2015 09 24  2055   57289  75300   2.27e+01  2.48e-01  1.33e-01  8.91e-02  7.97e-02  3.29e-02  3.71e+04  1.00e+03 -1.00e+05
2015 09 24  2100   57289  75600   1.98e+01  2.26e-01  1.30e-01  4.95e-02  3.81e-02  1.93e-02  3.73e+04  1.00e+03 -1.00e+05
2015 09 24  2105   57289  75900   1.31e+01  1.62e-01  1.37e-01  4.69e-02  3.75e-02  1.93e-02  3.65e+04  9.85e+02 -1.00e+05
2015 09 24  2110   57289  76200   1.33e+01  2.07e-01  1.82e-01  1.41e-01  1.31e-01  7.72e-02  3.75e+04  9.76e+02 -1.00e+05
2015 09 24  2115   57289  76500   1.32e+01  1.56e-01  1.31e-01  5.06e-02  4.11e-02  2.30e-02  3.71e+04  9.62e+02 -1.00e+05
2015 09 24  2120   57289  76800   2.11e+01  3.89e-01  2.45e-01  8.52e-02  7.58e-02  5.76e-02  3.74e+04  9.51e+02 -1.00e+05
2015 09 24  2125   57289  77100   1.30e+01  2.17e-01  1.92e-01  4.69e-02  3.75e-02  1.93e-02  3.77e+04  9.67e+02 -1.00e+05
2015 09 24  2130   57289  77400   1.26e+01  1.92e-01  1.67e-01  1.25e-01  9.46e-02  2.98e-02  3.96e+04  9.82e+02 -1.00e+05
2015 09 24  2135   57289  77700   2.09e+01  2.32e-01  1.18e-01  7.40e-02  6.46e-02  2.17e-02  3.99e+04  1.02e+03 -1.00e+05
2015 09 24  2140   57289  78000   1.19e+01  2.17e-01  1.92e-01  4.69e-02  3.75e-02  1.93e-02  3.96e+04  9.80e+02 -1.00e+05
2015 09 24  2145   57289  78300   1.38e+01  1.77e-01  1.30e-01  5.55e-02  4.61e-02  2.79e-02  3.96e+04  9.68e+02 -1.00e+05
2015 09 24  2150   57289  78600   1.74e+01  1.98e-01  1.01e-01  4.69e-02  3.75e-02  1.93e-02  4.09e+04  9.69e+02 -1.00e+05
2015 09 24  2155   57289  78900   1.18e+01  1.61e-01  1.36e-01  9.54e-02  8.60e-02  3.49e-02  4.16e+04  1.01e+03 -1.00e+05
2015 09 24  2200   57289  79200   2.54e+01  3.07e-01  1.07e-01  6.29e-02  5.35e-02  3.53e-02  4.16e+04  1.02e+03 -1.00e+05
2015 09 24  2205   57289  79500   2.07e+01  2.63e-01  1.44e-01  9.88e-02  7.22e-02  2.89e-02  4.14e+04  1.00e+03 -1.00e+05
2015 09 24  2210   57289  79800   1.18e+01  2.17e-01  1.92e-01  4.69e-02  3.75e-02  1.93e-02  4.01e+04  9.90e+02 -1.00e+05
2015 09 24  2215   57289  80100   1.97e+01  2.16e-01  1.12e-01  6.72e-02  4.56e-02  2.08e-02  3.96e+04  1.01e+03 -1.00e+05
2015 09 24  2220   57289  80400   1.14e+01  1.16e-01  9.14e-02  5.06e-02  4.11e-02  2.30e-02  3.96e+04  9.85e+02 -1.00e+05
2015 09 24  2225   57289  80700   1.11e+01  1.36e-01  1.11e-01  7.03e-02  6.09e-02  2.69e-02  3.79e+04  9.53e+02 -1.00e+05
2015 09 24  2230   57289  81000   1.90e+01  2.23e-01  9.10e-02  4.69e-02  3.75e-02  1.93e-02  3.76e+04  9.39e+02 -1.00e+05
2015 09 24  2235   57289  81300   1.07e+01  1.46e-01  1.21e-01  8.03e-02  7.09e-02  5.27e-02  3.76e+04  9.16e+02 -1.00e+05
2015 09 24  2240   57289  81600   1.16e+01  2.52e-01  2.05e-01  5.80e-02  4.86e-02  3.04e-02  3.72e+04  9.14e+02 -1.00e+05
2015 09 24  2245   57289  81900   1.09e+01  1.75e-01  1.50e-01  1.09e-01  9.63e-02  4.88e-02  3.76e+04  9.42e+02 -1.00e+05
2015 09 24  2250   57289  82200   1.02e+01  1.34e-01  1.09e-01  6.79e-02  5.85e-02  4.03e-02  3.76e+04  9.19e+02 -1.00e+05
2015 09 24  2255   57289  82500   1.22e+01  1.69e-01  1.21e-01  4.95e-02  3.81e-02  1.93e-02  3.74e+04  9.20e+02 -1.00e+05
2015 09 24  2300   57289  82800   1.29e+01  1.41e-01  1.07e-01  6.41e-02  5.46e-02  2.48e-02  3.81e+04  9.79e+02 -1.00e+05
2015 09 24  2305   57289  83100   1.26e+01  1.49e-01  1.24e-01  8.29e-02  7.35e-02  3.09e-02  3.95e+04  1.04e+03 -1.00e+05
2015 09 24  2310   57289  83400   1.36e+01  2.23e-01  1.98e-01  1.05e-01  8.80e-02  3.49e-02  3.96e+04  1.04e+03 -1.00e+05
2015 09 24  2315   57289  83700   1.26e+01  2.73e-01  2.48e-01  7.26e-02  6.31e-02  2.03e-02  3.93e+04  1.02e+03 -1.00e+05
2015 09 24  2320   57289  84000   1.75e+01  2.07e-01  1.29e-01  7.82e-02  6.88e-02  3.52e-02  3.84e+04  1.02e+03 -1.00e+05
2015 09 24  2325   57289  84300   2.41e+01  2.84e-01  1.52e-01  1.08e-01  9.85e-02  3.89e-02  3.87e+04  1.02e+03 -1.00e+05
2015 09 24  2330   57289  84600   1.32e+01  1.71e-01  1.46e-01  1.04e-01  6.66e-02  4.03e-02  3.85e+04  1.02e+03 -1.00e+05
2015 09 24  2335   57289  84900   1.88e+01  2.46e-01  1.50e-01  9.48e-02  5.38e-02  3.04e-02  3.76e+04  9.98e+02 -1.00e+05
2015 09 24  2340   57289  85200   1.24e+01  1.39e-01  1.14e-01  4.69e-02  3.75e-02  1.93e-02  3.76e+04  9.82e+02 -1.00e+05
2015 09 24  2345   57289  85500   1.16e+01  1.53e-01  1.28e-01  8.63e-02  5.96e-02  2.48e-02  3.60e+04  9.38e+02 -1.00e+05
2015 09 24  2350   57289  85800   1.03e+01  1.26e-01  1.01e-01  6.05e-02  5.11e-02  3.29e-02  3.56e+04  8.95e+02 -1.00e+05
2015 09 24  2355   57289  86100   1.69e+01  2.50e-01  1.34e-01  8.98e-02  8.04e-02  3.56e-02  3.47e+04  8.44e+02 -1.00e+05
