:Data_list: 20151006_Gp_part_5m.txt
:Created: 2015 Oct 07 0011 UTC
# Prepared by the U.S. Dept. of Commerce, NOAA, Space Weather Prediction Center
# Please send comments and suggestions to SWPC.Webmaster@noaa.gov 
# 
# Label: P > 1 = Particles at >1 Mev
# Label: P > 5 = Particles at >5 Mev
# Label: P >10 = Particles at >10 Mev
# Label: P >30 = Particles at >30 Mev
# Label: P >50 = Particles at >50 Mev
# Label: P>100 = Particles at >100 Mev
# Label: E>0.8 = Electrons at >0.8 Mev
# Label: E>2.0 = Electrons at >2.0 Mev
# Label: E>4.0 = Electrons at >4.0 Mev
# Units: Particles = Protons/cm2-s-sr
# Units: Electrons = Electrons/cm2-s-sr
# Source: GOES-13
# Location: W075
# Missing data: -1.00e+05
#
#                      5-minute  GOES-13 Solar Particle and Electron Flux
#
#                 Modified Seconds
# UTC Date  Time   Julian  of the
# YR MO DA  HHMM    Day     Day     P > 1     P > 5     P >10     P >30     P >50     P>100     E>0.8     E>2.0     E>4.0
#-------------------------------------------------------------------------------------------------------------------------
2015 10 06  0000   57301      0   8.31e-01  1.07e-01  8.31e-02  4.97e-02  4.02e-02  2.10e-02  2.13e+04  1.84e+02 -1.00e+05
2015 10 06  0005   57301    300   1.00e+00  1.72e-01  1.47e-01  1.12e-01  7.08e-02  4.57e-02  2.29e+04  2.19e+02 -1.00e+05
2015 10 06  0010   57301    600   9.84e-01  1.20e-01  9.57e-02  5.06e-02  4.03e-02  2.08e-02  2.41e+04  2.43e+02 -1.00e+05
2015 10 06  0015   57301    900   1.48e+00  2.13e-01  8.56e-02  5.06e-02  4.03e-02  2.08e-02  2.42e+04  2.46e+02 -1.00e+05
2015 10 06  0020   57301   1200   1.10e+00  1.95e-01  1.42e-01  8.99e-02  4.92e-02  2.08e-02  2.46e+04  2.57e+02 -1.00e+05
2015 10 06  0025   57301   1500   1.29e+00  2.17e-01  9.30e-02  5.80e-02  4.85e-02  2.35e-02  2.04e+04  2.00e+02 -1.00e+05
2015 10 06  0030   57301   1800   8.00e-01  1.88e-01  1.63e-01  6.43e-02  5.48e-02  2.55e-02  1.90e+04  1.71e+02 -1.00e+05
2015 10 06  0035   57301   2100   1.24e+00  1.89e-01  8.57e-02  5.06e-02  4.03e-02  2.08e-02  1.77e+04  1.39e+02 -1.00e+05
2015 10 06  0040   57301   2400   3.74e-01  1.51e-01  1.27e-01  9.12e-02  4.58e-02  2.08e-02  1.67e+04  1.17e+02 -1.00e+05
2015 10 06  0045   57301   2700   4.15e-01  1.67e-01  1.43e-01  1.09e-01  9.47e-02  4.14e-02  1.47e+04  9.84e+01 -1.00e+05
2015 10 06  0050   57301   3000   5.78e-01  1.19e-01  9.47e-02  4.96e-02  4.01e-02  2.08e-02  1.45e+04  8.95e+01 -1.00e+05
2015 10 06  0055   57301   3300   3.13e-01  1.72e-01  1.47e-01  1.13e-01  7.17e-02  4.33e-02  1.06e+04  4.47e+01 -1.00e+05
2015 10 06  0100   57301   3600   3.22e-01  1.07e-01  8.30e-02  4.96e-02  4.01e-02  2.08e-02  9.34e+03  3.93e+01 -1.00e+05
2015 10 06  0105   57301   3900   9.48e-01  1.87e-01  1.34e-01  5.17e-02  4.22e-02  2.15e-02  1.31e+04  8.01e+01 -1.00e+05
2015 10 06  0110   57301   4200   6.80e-01  1.42e-01  1.18e-01  8.33e-02  4.77e-02  2.08e-02  1.89e+04  1.80e+02 -1.00e+05
2015 10 06  0115   57301   4500   7.04e-01  1.44e-01  1.20e-01  8.47e-02  4.59e-02  2.08e-02  1.93e+04  1.93e+02 -1.00e+05
2015 10 06  0120   57301   4800   6.89e-01  2.28e-01  2.04e-01  8.94e-02  7.99e-02  6.06e-02  1.46e+04  1.14e+02 -1.00e+05
2015 10 06  0125   57301   5100   5.64e-01  1.51e-01  9.83e-02  5.96e-02  5.02e-02  3.09e-02  6.91e+03  3.25e+01 -1.00e+05
2015 10 06  0130   57301   5400   8.90e-01  2.29e-01  1.28e-01  7.24e-02  4.69e-02  2.15e-02  6.32e+03  2.58e+01 -1.00e+05
2015 10 06  0135   57301   5700   6.67e-01  2.15e-01  1.13e-01  5.47e-02  4.52e-02  2.59e-02  6.65e+03  2.41e+01 -1.00e+05
2015 10 06  0140   57301   6000   5.11e-01  1.42e-01  8.83e-02  4.96e-02  4.01e-02  2.08e-02  5.73e+03  2.47e+01 -1.00e+05
2015 10 06  0145   57301   6300   5.67e-01  1.51e-01  9.83e-02  5.96e-02  5.02e-02  3.09e-02  5.87e+03  2.33e+01 -1.00e+05
2015 10 06  0150   57301   6600   2.96e-01  1.22e-01  9.77e-02  6.43e-02  5.48e-02  2.55e-02  4.69e+03  1.32e+01 -1.00e+05
2015 10 06  0155   57301   6900   5.04e-01  2.81e-01  1.78e-01  6.37e-02  4.33e-02  2.08e-02  5.75e+03  1.79e+01 -1.00e+05
2015 10 06  0200   57301   7200   4.82e-01  1.63e-01  1.10e-01  7.02e-02  4.47e-02  2.08e-02  6.45e+03  2.34e+01 -1.00e+05
2015 10 06  0205   57301   7500   3.60e-01  1.07e-01  8.30e-02  4.96e-02  4.01e-02  2.08e-02  5.99e+03  1.77e+01 -1.00e+05
2015 10 06  0210   57301   7800   5.39e-01  1.88e-01  8.47e-02  4.96e-02  4.01e-02  2.08e-02  5.94e+03  1.55e+01 -1.00e+05
2015 10 06  0215   57301   8100   1.03e+00  3.52e-01  1.04e-01  6.95e-02  6.01e-02  4.08e-02  5.59e+03  1.29e+01 -1.00e+05
2015 10 06  0220   57301   8400   7.82e-01  2.21e-01  1.18e-01  7.03e-02  4.49e-02  2.10e-02  5.45e+03  1.29e+01 -1.00e+05
2015 10 06  0225   57301   8700   5.70e-01  1.27e-01  1.03e-01  5.96e-02  5.02e-02  3.09e-02  5.45e+03  1.12e+01 -1.00e+05
2015 10 06  0230   57301   9000   5.71e-01  1.66e-01  1.42e-01  1.07e-01  5.72e-02  2.35e-02  5.00e+03  9.73e+00 -1.00e+05
2015 10 06  0235   57301   9300   6.71e-01  2.33e-01  1.06e-01  7.02e-02  4.47e-02  2.08e-02  4.89e+03  8.68e+00 -1.00e+05
2015 10 06  0240   57301   9600   5.52e-01  1.97e-01  1.73e-01  4.96e-02  4.01e-02  2.08e-02  6.46e+03  1.57e+01 -1.00e+05
2015 10 06  0245   57301   9900   7.47e-01  1.97e-01  1.73e-01  4.97e-02  4.02e-02  2.10e-02  7.16e+03  2.11e+01 -1.00e+05
2015 10 06  0250   57301  10200   5.63e-01  1.58e-01  1.06e-01  6.71e-02  5.76e-02  3.83e-02  7.38e+03  2.39e+01 -1.00e+05
2015 10 06  0255   57301  10500   5.81e-01  1.42e-01  8.83e-02  4.96e-02  4.01e-02  2.08e-02  6.95e+03  2.46e+01 -1.00e+05
2015 10 06  0300   57301  10800   5.35e-01  1.66e-01  1.42e-01  1.08e-01  9.87e-02  3.96e-02  5.59e+03  1.22e+01 -1.00e+05
2015 10 06  0305   57301  11100   5.38e-01  1.44e-01  1.19e-01  5.22e-02  4.27e-02  2.35e-02  5.06e+03  1.19e+01 -1.00e+05
2015 10 06  0310   57301  11400   4.95e-01  1.15e-01  9.07e-02  5.71e-02  4.18e-02  2.08e-02  8.75e+03  5.72e+01 -1.00e+05
2015 10 06  0315   57301  11700   7.14e-01  1.72e-01  1.47e-01  1.13e-01  8.90e-02  2.97e-02  1.18e+04  1.09e+02 -1.00e+05
2015 10 06  0320   57301  12000   5.37e-01  1.22e-01  9.75e-02  6.37e-02  4.33e-02  2.08e-02  9.54e+03  8.13e+01 -1.00e+05
2015 10 06  0325   57301  12300   6.08e-01  1.07e-01  8.30e-02  4.96e-02  4.01e-02  2.08e-02  1.10e+04  8.58e+01 -1.00e+05
2015 10 06  0330   57301  12600   5.27e-01  1.57e-01  1.33e-01  9.93e-02  8.98e-02  7.05e-02  1.26e+04  1.26e+02 -1.00e+05
2015 10 06  0335   57301  12900   6.46e-01  1.19e-01  9.47e-02  4.96e-02  4.01e-02  2.08e-02  1.11e+04  1.08e+02 -1.00e+05
2015 10 06  0340   57301  13200   9.55e-01  1.42e-01  8.83e-02  4.96e-02  4.01e-02  2.08e-02  1.26e+04  1.29e+02 -1.00e+05
2015 10 06  0345   57301  13500   8.09e-01  1.82e-01  1.57e-01  1.24e-01  1.15e-01  5.66e-02  1.27e+04  1.30e+02 -1.00e+05
2015 10 06  0350   57301  13800   5.39e+00  1.07e-01  8.30e-02  4.96e-02  4.01e-02  2.08e-02  1.34e+04  1.80e+02 -1.00e+05
2015 10 06  0355   57301  14100   7.71e+00  1.53e-01  1.29e-01  9.56e-02  8.61e-02  3.56e-02  1.89e+04  2.93e+02 -1.00e+05
2015 10 06  0400   57301  14400   4.60e+00  2.05e-01  1.69e-01  1.33e-01  1.24e-01  4.77e-02  1.95e+04  3.12e+02 -1.00e+05
2015 10 06  0405   57301  14700   3.55e+00  1.31e-01  1.07e-01  7.33e-02  6.28e-02  4.33e-02  2.02e+04  3.12e+02 -1.00e+05
2015 10 06  0410   57301  15000   2.28e+00  1.52e-01  1.19e-01  8.43e-02  6.90e-02  2.96e-02  1.70e+04  2.48e+02 -1.00e+05
2015 10 06  0415   57301  15300   2.55e+00  2.33e-01  1.31e-01  4.96e-02  4.01e-02  2.08e-02  1.83e+04  2.48e+02 -1.00e+05
2015 10 06  0420   57301  15600   8.87e-01  1.08e-01  8.40e-02  5.06e-02  4.03e-02  2.08e-02  1.81e+04  2.36e+02 -1.00e+05
2015 10 06  0425   57301  15900   9.87e-01  1.07e-01  8.30e-02  4.96e-02  4.01e-02  2.08e-02  2.01e+04  2.79e+02 -1.00e+05
2015 10 06  0430   57301  16200   1.71e+00  2.60e-01  1.32e-01  9.43e-02  8.48e-02  6.56e-02  2.03e+04  2.79e+02 -1.00e+05
2015 10 06  0435   57301  16500   1.74e+00  1.51e-01  9.83e-02  5.96e-02  5.02e-02  3.09e-02  1.98e+04  2.53e+02 -1.00e+05
2015 10 06  0440   57301  16800   1.15e+00  2.02e-01  1.37e-01  9.56e-02  8.61e-02  3.56e-02  1.68e+04  1.81e+02 -1.00e+05
2015 10 06  0445   57301  17100   9.64e-01  1.98e-01  1.74e-01  9.68e-02  8.73e-02  6.80e-02  1.59e+04  1.46e+02 -1.00e+05
2015 10 06  0450   57301  17400   1.15e+00  2.61e-01  1.60e-01  1.12e-01  7.33e-02  4.82e-02  1.58e+04  1.52e+02 -1.00e+05
2015 10 06  0455   57301  17700   8.61e-01  1.41e-01  1.16e-01  8.31e-02  7.36e-02  3.16e-02  2.12e+04  2.58e+02 -1.00e+05
2015 10 06  0500   57301  18000   1.72e+00  1.88e-01  8.47e-02  4.96e-02  4.01e-02  2.08e-02  2.60e+04  3.64e+02 -1.00e+05
2015 10 06  0505   57301  18300   9.96e-01  1.96e-01  1.71e-01  5.17e-02  4.22e-02  2.15e-02  2.66e+04  4.02e+02 -1.00e+05
2015 10 06  0510   57301  18600   1.41e+00  2.63e-01  1.14e-01  7.95e-02  7.00e-02  5.07e-02  2.78e+04  4.35e+02 -1.00e+05
2015 10 06  0515   57301  18900   2.07e+00  2.19e-01  1.17e-01  8.19e-02  7.24e-02  5.32e-02  2.53e+04  3.64e+02 -1.00e+05
2015 10 06  0520   57301  19200   1.06e+00  1.67e-01  1.42e-01  6.46e-02  5.51e-02  3.58e-02  2.75e+04  4.45e+02 -1.00e+05
2015 10 06  0525   57301  19500   1.43e+00  2.23e-01  1.47e-01  1.04e-01  7.82e-02  3.16e-02  2.70e+04  4.38e+02 -1.00e+05
2015 10 06  0530   57301  19800   1.25e+00  1.22e-01  9.75e-02  6.37e-02  4.33e-02  2.08e-02  2.63e+04  3.92e+02 -1.00e+05
2015 10 06  0535   57301  20100   1.90e+00  2.39e-01  1.37e-01  7.68e-02  4.62e-02  2.08e-02  2.61e+04  4.08e+02 -1.00e+05
2015 10 06  0540   57301  20400   1.56e+00  3.43e-01  1.77e-01  5.71e-02  4.18e-02  2.08e-02  2.21e+04  3.03e+02 -1.00e+05
2015 10 06  0545   57301  20700   9.61e-01  1.20e-01  9.55e-02  6.21e-02  5.26e-02  3.34e-02  1.84e+04  2.28e+02 -1.00e+05
2015 10 06  0550   57301  21000   1.17e+00  2.00e-01  9.71e-02  4.96e-02  4.01e-02  2.08e-02  1.86e+04  2.16e+02 -1.00e+05
2015 10 06  0555   57301  21300   7.55e-01  1.55e-01  1.31e-01  9.64e-02  5.06e-02  2.08e-02  1.69e+04  1.57e+02 -1.00e+05
2015 10 06  0600   57301  21600   8.04e-01  1.07e-01  8.30e-02  4.96e-02  4.01e-02  2.08e-02  1.58e+04  1.54e+02 -1.00e+05
2015 10 06  0605   57301  21900   8.71e-01  2.26e-01  1.95e-01  1.60e-01  1.35e-01  4.97e-02  1.50e+04  1.42e+02 -1.00e+05
2015 10 06  0610   57301  22200   8.15e-01  1.97e-01  1.73e-01  4.96e-02  4.01e-02  2.08e-02  1.44e+04  1.26e+02 -1.00e+05
2015 10 06  0615   57301  22500   1.59e+00  1.97e-01  9.94e-02  6.43e-02  5.48e-02  2.55e-02  1.41e+04  1.13e+02 -1.00e+05
2015 10 06  0620   57301  22800   1.23e+00  1.89e-01  8.57e-02  5.06e-02  4.03e-02  2.08e-02  1.27e+04  9.94e+01 -1.00e+05
2015 10 06  0625   57301  23100   1.45e+00  2.49e-01  9.90e-02  6.37e-02  4.33e-02  2.08e-02  1.14e+04  9.36e+01 -1.00e+05
2015 10 06  0630   57301  23400   6.78e-01  1.34e-01  1.10e-01  7.57e-02  5.18e-02  2.84e-02  1.10e+04  7.21e+01 -1.00e+05
2015 10 06  0635   57301  23700   7.62e-01  1.50e-01  1.25e-01  9.00e-02  4.59e-02  2.08e-02  1.06e+04  7.55e+01 -1.00e+05
2015 10 06  0640   57301  24000   7.76e-01  1.20e-01  9.55e-02  6.21e-02  5.26e-02  3.34e-02  1.06e+04  7.49e+01 -1.00e+05
2015 10 06  0645   57301  24300   6.40e-01  1.07e-01  8.30e-02  4.96e-02  4.01e-02  2.08e-02  1.00e+04  8.36e+01 -1.00e+05
2015 10 06  0650   57301  24600   9.08e-01  2.32e-01  1.78e-01  4.96e-02  4.01e-02  2.08e-02  9.52e+03  7.98e+01 -1.00e+05
2015 10 06  0655   57301  24900   8.77e-01  1.33e-01  1.08e-01  6.71e-02  5.76e-02  3.83e-02  9.89e+03  8.05e+01 -1.00e+05
2015 10 06  0700   57301  25200   1.02e+00  2.44e-01  1.91e-01  8.11e-02  5.88e-02  3.58e-02  9.78e+03  9.15e+01 -1.00e+05
2015 10 06  0705   57301  25500   9.32e-01  1.34e-01  1.10e-01  7.68e-02  6.73e-02  2.96e-02  1.04e+04  1.09e+02 -1.00e+05
2015 10 06  0710   57301  25800   8.24e-01  1.42e-01  1.18e-01  8.47e-02  7.53e-02  2.57e-02  1.15e+04  1.41e+02 -1.00e+05
2015 10 06  0715   57301  26100   1.53e+00  1.91e-01  1.39e-01  1.00e-01  7.65e-02  5.32e-02  1.22e+04  1.49e+02 -1.00e+05
2015 10 06  0720   57301  26400   1.17e+00  1.29e-01  1.05e-01  6.21e-02  5.26e-02  3.34e-02  1.14e+04  1.50e+02 -1.00e+05
2015 10 06  0725   57301  26700   1.09e+00  1.72e-01  1.48e-01  7.80e-02  6.85e-02  2.20e-02  1.15e+04  1.56e+02 -1.00e+05
2015 10 06  0730   57301  27000   1.30e+00  1.16e-01  9.14e-02  5.80e-02  4.85e-02  2.35e-02  1.17e+04  1.59e+02 -1.00e+05
2015 10 06  0735   57301  27300   1.58e+00  2.11e-01  1.09e-01  4.96e-02  4.01e-02  2.08e-02  1.11e+04  1.64e+02 -1.00e+05
2015 10 06  0740   57301  27600   1.35e+00  2.06e-01  1.82e-01  5.90e-02  4.43e-02  2.35e-02  1.20e+04  1.73e+02 -1.00e+05
2015 10 06  0745   57301  27900   2.33e+00  2.17e-01  1.15e-01  7.95e-02  7.00e-02  5.07e-02  1.20e+04  1.73e+02 -1.00e+05
2015 10 06  0750   57301  28200   2.15e+00  2.19e-01  1.07e-01  5.71e-02  4.18e-02  2.08e-02  1.18e+04  1.93e+02 -1.00e+05
2015 10 06  0755   57301  28500   2.13e+00  2.09e-01  1.07e-01  5.96e-02  5.02e-02  3.09e-02  1.25e+04  2.00e+02 -1.00e+05
2015 10 06  0800   57301  28800   1.41e+00  1.12e-01  8.81e-02  5.47e-02  4.52e-02  2.59e-02  1.23e+04  2.07e+02 -1.00e+05
2015 10 06  0805   57301  29100   1.53e+00  1.40e-01  1.15e-01  8.17e-02  6.66e-02  4.57e-02  1.20e+04  1.92e+02 -1.00e+05
2015 10 06  0810   57301  29400   2.66e+00  4.07e-01  1.94e-01  4.96e-02  4.01e-02  2.08e-02  1.17e+04  1.85e+02 -1.00e+05
2015 10 06  0815   57301  29700   2.29e+00  2.01e-01  1.05e-01  5.90e-02  4.87e-02  2.35e-02  1.18e+04  1.96e+02 -1.00e+05
2015 10 06  0820   57301  30000   1.51e+00  1.43e-01  8.93e-02  5.06e-02  4.03e-02  2.08e-02  1.15e+04  1.97e+02 -1.00e+05
2015 10 06  0825   57301  30300   1.24e+00  1.44e-01  1.20e-01  8.19e-02  7.24e-02  5.32e-02  1.26e+04  2.25e+02 -1.00e+05
2015 10 06  0830   57301  30600   1.33e+00  1.07e-01  8.30e-02  4.96e-02  4.01e-02  2.08e-02  1.35e+04  2.41e+02 -1.00e+05
2015 10 06  0835   57301  30900   1.26e+00  1.15e-01  9.07e-02  5.71e-02  4.18e-02  2.08e-02  1.31e+04  2.29e+02 -1.00e+05
2015 10 06  0840   57301  31200   1.42e+00  1.07e-01  8.30e-02  4.96e-02  4.01e-02  2.08e-02  1.36e+04  2.39e+02 -1.00e+05
2015 10 06  0845   57301  31500   2.10e+00  2.31e-01  1.28e-01  9.18e-02  5.16e-02  2.35e-02  1.37e+04  2.47e+02 -1.00e+05
2015 10 06  0850   57301  31800   1.22e+00  1.28e-01  1.04e-01  7.05e-02  6.10e-02  2.75e-02  1.36e+04  2.40e+02 -1.00e+05
2015 10 06  0855   57301  32100   1.94e+00  1.88e-01  8.47e-02  4.96e-02  4.01e-02  2.08e-02  1.29e+04  2.28e+02 -1.00e+05
2015 10 06  0900   57301  32400   1.19e+00  1.39e-01  1.15e-01  8.11e-02  5.88e-02  3.58e-02  1.31e+04  2.20e+02 -1.00e+05
2015 10 06  0905   57301  32700   1.27e+00  1.28e-01  1.04e-01  7.02e-02  4.47e-02  2.08e-02  1.27e+04  2.13e+02 -1.00e+05
2015 10 06  0910   57301  33000   1.37e+00  1.36e-01  1.11e-01  7.80e-02  6.85e-02  2.20e-02  1.31e+04  2.22e+02 -1.00e+05
2015 10 06  0915   57301  33300   1.21e+00  1.08e-01  8.40e-02  5.06e-02  4.03e-02  2.08e-02  1.30e+04  2.26e+02 -1.00e+05
2015 10 06  0920   57301  33600   1.28e+00  1.42e-01  1.18e-01  8.31e-02  4.59e-02  2.08e-02  1.29e+04  2.22e+02 -1.00e+05
2015 10 06  0925   57301  33900   1.29e+00  1.98e-01  1.74e-01  5.06e-02  4.03e-02  2.08e-02  1.16e+04  1.83e+02 -1.00e+05
2015 10 06  0930   57301  34200   2.23e+00  2.34e-01  1.21e-01  7.21e-02  4.72e-02  2.35e-02  1.12e+04  1.78e+02 -1.00e+05
2015 10 06  0935   57301  34500   1.48e+00  1.70e-01  1.45e-01  1.11e-01  7.01e-02  2.75e-02  1.17e+04  1.86e+02 -1.00e+05
2015 10 06  0940   57301  34800   1.39e+00  1.07e-01  8.30e-02  4.96e-02  4.01e-02  2.08e-02  1.17e+04  1.97e+02 -1.00e+05
2015 10 06  0945   57301  35100   1.41e+00  1.97e-01  1.73e-01  4.96e-02  4.01e-02  2.08e-02  1.18e+04  2.15e+02 -1.00e+05
2015 10 06  0950   57301  35400   1.32e+00  1.07e-01  8.30e-02  4.96e-02  4.01e-02  2.08e-02  1.24e+04  2.26e+02 -1.00e+05
2015 10 06  0955   57301  35700   2.52e+00  3.45e-01  1.67e-01  7.68e-02  6.73e-02  2.96e-02  1.27e+04  2.41e+02 -1.00e+05
2015 10 06  1000   57301  36000   1.40e+00  1.45e-01  1.20e-01  5.06e-02  4.03e-02  2.08e-02  1.31e+04  2.55e+02 -1.00e+05
2015 10 06  1005   57301  36300   1.98e+00  1.88e-01  8.47e-02  4.96e-02  4.01e-02  2.08e-02  1.38e+04  2.68e+02 -1.00e+05
2015 10 06  1010   57301  36600   1.45e+00  1.29e-01  1.05e-01  6.83e-02  5.88e-02  3.96e-02  1.43e+04  2.84e+02 -1.00e+05
2015 10 06  1015   57301  36900   2.41e+00  1.88e-01  8.47e-02  4.96e-02  4.01e-02  2.08e-02  1.48e+04  2.96e+02 -1.00e+05
2015 10 06  1020   57301  37200   1.47e+00  2.84e-01  2.60e-01  1.22e-01  8.94e-02  4.47e-02  1.48e+04  3.03e+02 -1.00e+05
2015 10 06  1025   57301  37500   1.19e+00  1.95e-01  1.64e-01  1.28e-01  9.08e-02  4.47e-02  1.58e+04  3.25e+02 -1.00e+05
2015 10 06  1030   57301  37800   1.41e+00  1.07e-01  8.30e-02  4.96e-02  4.01e-02  2.08e-02  1.60e+04  3.55e+02 -1.00e+05
2015 10 06  1035   57301  38100   2.37e+00  2.06e-01  1.03e-01  6.74e-02  4.81e-02  2.59e-02  1.56e+04  3.55e+02 -1.00e+05
2015 10 06  1040   57301  38400   1.40e+00  1.07e-01  8.31e-02  4.97e-02  4.02e-02  2.10e-02  1.60e+04  3.52e+02 -1.00e+05
2015 10 06  1045   57301  38700   1.27e+00  1.35e-01  1.10e-01  7.70e-02  6.75e-02  4.82e-02  1.54e+04  3.58e+02 -1.00e+05
2015 10 06  1050   57301  39000   1.20e+00  1.07e-01  8.30e-02  4.96e-02  4.01e-02  2.08e-02  1.60e+04  3.67e+02 -1.00e+05
2015 10 06  1055   57301  39300   1.57e+00  1.41e-01  1.17e-01  8.37e-02  7.42e-02  2.20e-02  1.67e+04  3.95e+02 -1.00e+05
2015 10 06  1100   57301  39600   1.54e+00  1.30e-01  1.05e-01  7.18e-02  5.65e-02  2.55e-02  1.78e+04  4.50e+02 -1.00e+05
2015 10 06  1105   57301  39900   1.38e+00  1.54e-01  1.30e-01  9.68e-02  8.73e-02  6.80e-02  1.84e+04  4.77e+02 -1.00e+05
2015 10 06  1110   57301  40200   2.24e+00  2.89e-01  1.87e-01  4.96e-02  4.01e-02  2.08e-02  1.97e+04  5.12e+02 -1.00e+05
2015 10 06  1115   57301  40500   1.66e+00  1.70e-01  1.46e-01  1.11e-01  6.94e-02  4.08e-02  2.08e+04  5.80e+02 -1.00e+05
2015 10 06  1120   57301  40800   2.37e+00  2.13e-01  1.01e-01  5.22e-02  4.27e-02  2.35e-02  2.21e+04  6.38e+02 -1.00e+05
2015 10 06  1125   57301  41100   2.12e+00  2.64e-01  1.63e-01  7.20e-02  6.25e-02  4.33e-02  2.39e+04  6.85e+02 -1.00e+05
2015 10 06  1130   57301  41400   1.78e+00  2.38e-01  2.14e-01  8.99e-02  4.92e-02  2.08e-02  2.53e+04  7.18e+02 -1.00e+05
2015 10 06  1135   57301  41700   2.69e+00  1.88e-01  8.47e-02  4.96e-02  4.01e-02  2.08e-02  2.63e+04  7.90e+02 -1.00e+05
2015 10 06  1140   57301  42000   1.47e+00  1.07e-01  8.30e-02  4.96e-02  4.01e-02  2.08e-02  2.83e+04  8.64e+02 -1.00e+05
2015 10 06  1145   57301  42300   1.49e+00  1.25e-01  1.01e-01  6.74e-02  4.81e-02  2.59e-02  2.86e+04  9.14e+02 -1.00e+05
2015 10 06  1150   57301  42600   2.60e+00  1.88e-01  8.49e-02  4.97e-02  4.02e-02  2.10e-02  3.09e+04  9.85e+02 -1.00e+05
2015 10 06  1155   57301  42900   2.84e+00  2.73e-01  1.73e-01  1.37e-01  1.28e-01  6.43e-02  3.45e+04  1.15e+03 -1.00e+05
2015 10 06  1200   57301  43200   2.57e+00  2.26e-01  1.24e-01  8.94e-02  7.99e-02  6.06e-02  3.66e+04  1.27e+03 -1.00e+05
2015 10 06  1205   57301  43500   1.54e+00  1.16e-01  9.14e-02  5.80e-02  4.85e-02  2.35e-02  3.92e+04  1.43e+03 -1.00e+05
2015 10 06  1210   57301  43800   2.22e+00  2.37e-01  2.13e-01  9.68e-02  6.40e-02  3.80e-02  3.90e+04  1.49e+03 -1.00e+05
2015 10 06  1215   57301  44100   2.31e+00  1.07e-01  8.30e-02  4.96e-02  4.01e-02  2.08e-02  4.56e+04  1.65e+03 -1.00e+05
2015 10 06  1220   57301  44400   3.43e+00  2.13e-01  1.89e-01  1.02e-01  9.24e-02  3.76e-02  4.52e+04  1.68e+03 -1.00e+05
2015 10 06  1225   57301  44700   3.59e+00  1.19e-01  9.48e-02  4.97e-02  4.02e-02  2.10e-02  4.24e+04  1.57e+03 -1.00e+05
2015 10 06  1230   57301  45000   2.55e+00  1.32e-01  1.08e-01  7.45e-02  6.50e-02  4.57e-02  4.61e+04  1.64e+03 -1.00e+05
2015 10 06  1235   57301  45300   3.06e+00  2.38e-01  2.14e-01  9.24e-02  5.94e-02  3.34e-02  4.73e+04  1.71e+03 -1.00e+05
2015 10 06  1240   57301  45600   4.56e+00  1.54e-01  1.05e-01  6.66e-02  5.72e-02  3.48e-02  5.30e+04  1.98e+03 -1.00e+05
2015 10 06  1245   57301  45900   3.97e+00  1.41e-01  1.17e-01  8.35e-02  6.89e-02  4.82e-02  5.70e+04  2.23e+03 -1.00e+05
2015 10 06  1250   57301  46200   4.54e+00  1.22e-01  9.77e-02  6.43e-02  5.48e-02  2.55e-02  5.67e+04  2.18e+03 -1.00e+05
2015 10 06  1255   57301  46500   5.49e+00  1.60e-01  1.10e-01  7.14e-02  6.19e-02  4.26e-02  5.69e+04  2.19e+03 -1.00e+05
2015 10 06  1300   57301  46800   4.18e+00  1.99e-01  1.75e-01  1.41e-01  1.21e-01  4.57e-02  6.01e+04  2.36e+03 -1.00e+05
2015 10 06  1305   57301  47100   4.24e+00  1.12e-01  8.81e-02  5.47e-02  4.52e-02  2.59e-02  5.81e+04  2.36e+03 -1.00e+05
2015 10 06  1310   57301  47400   4.36e+00  1.66e-01  1.42e-01  5.06e-02  4.03e-02  2.08e-02  6.21e+04  2.68e+03 -1.00e+05
2015 10 06  1315   57301  47700   4.99e+00  1.90e-01  1.37e-01  9.71e-02  5.86e-02  3.09e-02  5.37e+04  2.18e+03 -1.00e+05
2015 10 06  1320   57301  48000   6.62e+00  1.97e-01  1.44e-01  1.04e-01  6.03e-02  3.10e-02  5.50e+04  2.20e+03 -1.00e+05
2015 10 06  1325   57301  48300   4.53e+01  1.42e-01  8.83e-02  4.96e-02  4.01e-02  2.08e-02  5.19e+04  2.22e+03 -1.00e+05
2015 10 06  1330   57301  48600   2.49e+01  1.35e-01  1.11e-01  7.68e-02  4.62e-02  2.08e-02  5.84e+04  2.41e+03 -1.00e+05
2015 10 06  1335   57301  48900   5.05e+01  2.31e-01  1.65e-01  1.23e-01  9.23e-02  3.57e-02  5.33e+04  2.20e+03 -1.00e+05
2015 10 06  1340   57301  49200   6.10e+01  2.29e-01  1.56e-01  1.14e-01  1.04e-01  6.17e-02  5.23e+04  2.08e+03 -1.00e+05
2015 10 06  1345   57301  49500   7.12e+01  3.29e-01  1.65e-01  6.46e-02  5.51e-02  3.58e-02  5.07e+04  1.94e+03 -1.00e+05
2015 10 06  1350   57301  49800   2.67e+01  1.43e-01  1.18e-01  5.17e-02  4.22e-02  2.15e-02  4.76e+04  1.83e+03 -1.00e+05
2015 10 06  1355   57301  50100   2.09e+01  1.10e-01  8.56e-02  5.22e-02  4.27e-02  2.35e-02  5.29e+04  2.22e+03 -1.00e+05
2015 10 06  1400   57301  50400   2.21e+01  1.12e-01  8.81e-02  5.47e-02  4.52e-02  2.59e-02  5.59e+04  2.63e+03 -1.00e+05
2015 10 06  1405   57301  50700   1.97e+01  1.22e-01  9.77e-02  6.43e-02  5.48e-02  2.55e-02  5.64e+04  2.76e+03 -1.00e+05
2015 10 06  1410   57301  51000   1.88e+01  1.43e-01  1.18e-01  5.17e-02  4.22e-02  2.15e-02  5.66e+04  2.82e+03 -1.00e+05
2015 10 06  1415   57301  51300   2.57e+01  2.32e-01  1.78e-01  4.96e-02  4.01e-02  2.08e-02  6.39e+04  3.62e+03 -1.00e+05
2015 10 06  1420   57301  51600   1.95e+01  1.24e-01  9.96e-02  6.58e-02  4.54e-02  2.15e-02  6.21e+04  3.60e+03 -1.00e+05
2015 10 06  1425   57301  51900   1.71e+01  1.07e-01  8.30e-02  4.96e-02  4.01e-02  2.08e-02  5.98e+04  3.57e+03 -1.00e+05
2015 10 06  1430   57301  52200   1.70e+01  1.77e-01  1.53e-01  1.19e-01  1.10e-01  6.01e-02  6.16e+04  3.64e+03 -1.00e+05
2015 10 06  1435   57301  52500   2.71e+01  2.12e-01  8.46e-02  4.96e-02  4.01e-02  2.08e-02  5.90e+04  3.46e+03 -1.00e+05
2015 10 06  1440   57301  52800   2.70e+01  2.38e-01  9.89e-02  4.96e-02  4.01e-02  2.08e-02  5.91e+04  3.42e+03 -1.00e+05
2015 10 06  1445   57301  53100   1.34e+01  1.61e-01  1.37e-01  1.03e-01  8.78e-02  3.56e-02  5.47e+04  3.08e+03 -1.00e+05
2015 10 06  1450   57301  53400   1.34e+01  1.07e-01  8.30e-02  4.96e-02  4.01e-02  2.08e-02  5.27e+04  2.97e+03 -1.00e+05
2015 10 06  1455   57301  53700   2.38e+01  2.29e-01  1.02e-01  6.71e-02  5.76e-02  3.83e-02  4.83e+04  2.70e+03 -1.00e+05
2015 10 06  1500   57301  54000   2.31e+01  2.12e-01  8.46e-02  4.96e-02  4.01e-02  2.08e-02  5.00e+04  2.75e+03 -1.00e+05
2015 10 06  1505   57301  54300   2.18e+01  3.39e-01  1.77e-01  7.06e-02  5.87e-02  3.88e-02  4.99e+04  2.83e+03 -1.00e+05
2015 10 06  1510   57301  54600   1.13e+01  1.07e-01  8.30e-02  4.96e-02  4.01e-02  2.08e-02  5.33e+04  2.90e+03 -1.00e+05
2015 10 06  1515   57301  54900   1.98e+01  2.14e-01  8.78e-02  5.27e-02  4.25e-02  2.15e-02  5.48e+04  3.03e+03 -1.00e+05
2015 10 06  1520   57301  55200   1.59e+01  2.56e-01  1.54e-01  6.21e-02  5.26e-02  3.34e-02  5.73e+04  3.18e+03 -1.00e+05
2015 10 06  1525   57301  55500   9.55e+00  1.24e-01  9.96e-02  6.58e-02  4.54e-02  2.15e-02  5.24e+04  2.86e+03 -1.00e+05
2015 10 06  1530   57301  55800   1.09e+01  1.27e-01  1.02e-01  6.91e-02  5.96e-02  4.03e-02  5.35e+04  2.95e+03 -1.00e+05
2015 10 06  1535   57301  56100   1.50e+01  1.27e-01  1.03e-01  6.95e-02  6.01e-02  4.08e-02  5.48e+04  2.84e+03 -1.00e+05
2015 10 06  1540   57301  56400   1.55e+01  2.28e-01  1.76e-01  5.17e-02  4.22e-02  2.15e-02  4.71e+04  2.60e+03 -1.00e+05
2015 10 06  1545   57301  56700   1.50e+01  4.81e-01  4.57e-01  2.46e-01  1.62e-01  4.97e-02  4.77e+04  2.37e+03 -1.00e+05
2015 10 06  1550   57301  57000   1.32e+01  1.10e-01  8.56e-02  5.22e-02  4.27e-02  2.35e-02  4.58e+04  2.36e+03 -1.00e+05
2015 10 06  1555   57301  57300   2.55e+01  2.34e-01  8.45e-02  4.96e-02  4.01e-02  2.08e-02  4.57e+04  2.30e+03 -1.00e+05
2015 10 06  1600   57301  57600   1.38e+01  1.81e-01  1.52e-01  5.50e-02  4.10e-02  2.06e-02  4.69e+04  2.33e+03 -1.00e+05
2015 10 06  1605   57301  57900   1.19e+01  1.49e-01  1.27e-01  7.49e-02  4.58e-02  2.09e-02  5.16e+04  2.71e+03 -1.00e+05
2015 10 06  1610   57301  58200   1.06e+01  1.79e-01  1.57e-01  1.24e-01  1.15e-01  4.49e-02  5.50e+04  3.00e+03 -1.00e+05
2015 10 06  1615   57301  58500   9.93e+00  1.48e-01  1.26e-01  9.28e-02  6.90e-02  4.57e-02  6.00e+04  3.45e+03 -1.00e+05
2015 10 06  1620   57301  58800   1.01e+01  1.22e-01  9.98e-02  4.88e-02  3.96e-02  2.06e-02  6.64e+04  4.08e+03 -1.00e+05
2015 10 06  1625   57301  59100   1.01e+01  1.43e-01  1.15e-01  6.65e-02  5.73e-02  3.83e-02  7.13e+04  4.46e+03 -1.00e+05
2015 10 06  1630   57301  59400   7.63e+00  1.85e-01  1.63e-01  1.31e-01  1.21e-01  4.69e-02  7.36e+04  4.88e+03 -1.00e+05
2015 10 06  1635   57301  59700   7.73e+00  1.41e-01  1.19e-01  8.66e-02  7.26e-02  3.08e-02  7.40e+04  4.77e+03 -1.00e+05
2015 10 06  1640   57301  60000   1.00e+01  2.69e-01  1.96e-01  6.81e-02  4.90e-02  2.27e-02  7.47e+04  5.03e+03 -1.00e+05
2015 10 06  1645   57301  60300   7.05e+00  1.08e-01  8.64e-02  5.41e-02  4.49e-02  2.59e-02  7.51e+04  5.12e+03 -1.00e+05
2015 10 06  1650   57301  60600   8.80e+00  1.03e-01  8.11e-02  4.88e-02  3.96e-02  2.06e-02  7.65e+04  5.37e+03 -1.00e+05
2015 10 06  1655   57301  60900   7.46e+00  1.03e-01  8.11e-02  4.88e-02  3.96e-02  2.06e-02  7.83e+04  5.49e+03 -1.00e+05
2015 10 06  1700   57301  61200   9.00e+00  2.44e-01  1.55e-01  1.19e-01  7.49e-02  4.57e-02  7.56e+04  5.17e+03 -1.00e+05
2015 10 06  1705   57301  61500   6.77e+00  2.09e-01  1.33e-01  7.89e-02  6.97e-02  5.07e-02  7.53e+04  5.06e+03 -1.00e+05
2015 10 06  1710   57301  61800   5.08e+00  1.27e-01  1.05e-01  7.27e-02  6.35e-02  4.45e-02  7.52e+04  5.21e+03 -1.00e+05
2015 10 06  1715   57301  62100   4.40e+00  1.17e-01  9.45e-02  6.18e-02  4.28e-02  2.07e-02  7.31e+04  5.09e+03 -1.00e+05
2015 10 06  1720   57301  62400   4.26e+00  1.62e-01  1.35e-01  1.01e-01  6.52e-02  3.85e-02  7.34e+04  5.11e+03 -1.00e+05
2015 10 06  1725   57301  62700   4.55e+00  1.62e-01  1.40e-01  1.07e-01  8.76e-02  6.55e-02  7.64e+04  5.79e+03 -1.00e+05
2015 10 06  1730   57301  63000   5.22e+00  1.48e-01  1.26e-01  4.88e-02  3.96e-02  2.06e-02  7.96e+04  6.35e+03 -1.00e+05
2015 10 06  1735   57301  63300   1.39e+01  2.70e-01  9.05e-02  5.66e-02  4.74e-02  2.84e-02  7.87e+04  6.22e+03 -1.00e+05
2015 10 06  1740   57301  63600   7.50e+00  2.18e-01  1.96e-01  1.63e-01  1.33e-01  4.89e-02  7.94e+04  6.93e+03 -1.00e+05
2015 10 06  1745   57301  63900   1.06e+01  2.08e-01  1.06e-01  4.88e-02  3.96e-02  2.06e-02  7.03e+04  5.73e+03 -1.00e+05
2015 10 06  1750   57301  64200   5.91e+00  1.10e-01  8.76e-02  5.53e-02  4.61e-02  2.27e-02  6.63e+04  4.96e+03 -1.00e+05
2015 10 06  1755   57301  64500   7.28e+00  1.48e-01  1.26e-01  4.88e-02  3.96e-02  2.06e-02  6.63e+04  5.14e+03 -1.00e+05
2015 10 06  1800   57301  64800   5.96e+00  1.03e-01  8.11e-02  4.88e-02  3.96e-02  2.06e-02  5.61e+04  3.71e+03 -1.00e+05
2015 10 06  1805   57301  65100   5.82e+00  1.23e-01  1.01e-01  6.81e-02  4.40e-02  2.06e-02  5.40e+04  3.58e+03 -1.00e+05
2015 10 06  1810   57301  65400   9.79e+00  2.55e-01  1.54e-01  1.06e-01  7.71e-02  3.08e-02  5.03e+04  3.31e+03 -1.00e+05
2015 10 06  1815   57301  65700   6.78e+00  1.38e-01  1.09e-01  5.90e-02  4.99e-02  3.09e-02  4.71e+04  3.03e+03 -1.00e+05
2015 10 06  1820   57301  66000   7.78e+00  2.15e-01  1.86e-01  5.50e-02  4.10e-02  2.06e-02  4.34e+04  3.06e+03 -1.00e+05
2015 10 06  1825   57301  66300   6.04e+00  1.50e-01  1.28e-01  9.54e-02  8.62e-02  4.42e-02  3.79e+04  2.59e+03 -1.00e+05
2015 10 06  1830   57301  66600   6.19e+00  2.52e-01  2.30e-01  1.04e-01  6.56e-02  4.08e-02  3.23e+04  2.14e+03 -1.00e+05
2015 10 06  1835   57301  66900   5.39e+00  1.53e-01  1.26e-01  8.13e-02  7.22e-02  5.31e-02  3.03e+04  1.87e+03 -1.00e+05
2015 10 06  1840   57301  67200   7.02e+00  1.98e-01  8.30e-02  4.88e-02  3.96e-02  2.06e-02  2.50e+04  1.45e+03 -1.00e+05
2015 10 06  1845   57301  67500   4.14e+00  2.00e-01  1.78e-01  4.88e-02  3.96e-02  2.06e-02  2.44e+04  1.41e+03 -1.00e+05
2015 10 06  1850   57301  67800   4.48e+00  1.69e-01  9.11e-02  4.88e-02  3.96e-02  2.06e-02  2.07e+04  1.11e+03 -1.00e+05
2015 10 06  1855   57301  68100   3.67e+00  2.08e-01  1.79e-01  4.88e-02  3.96e-02  2.06e-02  1.90e+04  1.00e+03 -1.00e+05
2015 10 06  1900   57301  68400   2.40e+00  1.61e-01  1.39e-01  1.06e-01  7.71e-02  3.08e-02  1.70e+04  8.08e+02 -1.00e+05
2015 10 06  1905   57301  68700   3.34e+00  2.56e-01  2.28e-01  1.01e-01  6.50e-02  3.83e-02  1.60e+04  7.99e+02 -1.00e+05
2015 10 06  1910   57301  69000   3.61e+00  1.92e-01  1.16e-01  7.39e-02  6.47e-02  4.57e-02  1.49e+04  7.08e+02 -1.00e+05
2015 10 06  1915   57301  69300   4.72e+00  3.71e-01  2.06e-01  5.66e-02  4.74e-02  2.84e-02  1.46e+04  7.28e+02 -1.00e+05
2015 10 06  1920   57301  69600   2.76e+00  1.16e-01  9.43e-02  6.16e-02  4.25e-02  2.06e-02  1.35e+04  6.85e+02 -1.00e+05
2015 10 06  1925   57301  69900   2.54e+00  1.96e-01  1.74e-01  6.16e-02  4.25e-02  2.06e-02  1.23e+04  5.92e+02 -1.00e+05
2015 10 06  1930   57301  70200   4.18e+00  4.14e-01  2.13e-01  6.16e-02  4.25e-02  2.06e-02  1.24e+04  5.44e+02 -1.00e+05
2015 10 06  1935   57301  70500   1.58e+00  1.68e-01  1.45e-01  7.03e-02  6.11e-02  3.61e-02  1.12e+04  4.93e+02 -1.00e+05
2015 10 06  1940   57301  70800   1.60e+00  1.10e-01  8.76e-02  5.53e-02  4.61e-02  2.27e-02  1.10e+04  4.87e+02 -1.00e+05
2015 10 06  1945   57301  71100   1.05e+00  1.44e-01  1.17e-01  8.38e-02  7.46e-02  5.56e-02  1.04e+04  4.83e+02 -1.00e+05
2015 10 06  1950   57301  71400   1.00e+00  1.03e-01  8.11e-02  4.88e-02  3.96e-02  2.06e-02  8.16e+03  3.23e+02 -1.00e+05
2015 10 06  1955   57301  71700   1.11e+00  2.27e-01  2.05e-01  7.47e-02  4.55e-02  2.06e-02  9.34e+03  3.79e+02 -1.00e+05
2015 10 06  2000   57301  72000   9.72e-01  1.52e-01  1.30e-01  9.77e-02  8.85e-02  5.34e-02  1.12e+04  4.58e+02 -1.00e+05
2015 10 06  2005   57301  72300   1.26e+00  1.73e-01  1.51e-01  6.67e-02  5.54e-02  3.41e-02  1.20e+04  4.78e+02 -1.00e+05
2015 10 06  2010   57301  72600   1.64e+00  2.83e-01  1.60e-01  1.24e-01  9.24e-02  4.24e-02  1.15e+04  4.30e+02 -1.00e+05
2015 10 06  2015   57301  72900   2.05e+00  4.26e-01  2.32e-01  9.12e-02  8.21e-02  6.31e-02  1.02e+04  3.61e+02 -1.00e+05
2015 10 06  2020   57301  73200   1.56e+00  1.81e-01  1.59e-01  6.16e-02  4.25e-02  2.06e-02  8.99e+03  3.57e+02 -1.00e+05
2015 10 06  2025   57301  73500   2.32e+00  1.69e-01  9.11e-02  4.88e-02  3.96e-02  2.06e-02  9.05e+03  2.67e+02 -1.00e+05
2015 10 06  2030   57301  73800   2.17e+00  1.43e-01  1.21e-01  8.78e-02  4.84e-02  2.06e-02  5.67e+03  1.52e+02 -1.00e+05
2015 10 06  2035   57301  74100   3.19e+00  1.23e-01  1.01e-01  6.81e-02  4.40e-02  2.06e-02  3.67e+03  6.67e+01 -1.00e+05
2015 10 06  2040   57301  74400   4.46e+00  1.55e-01  1.33e-01  1.01e-01  9.20e-02  4.44e-02  4.41e+03  8.98e+01 -1.00e+05
2015 10 06  2045   57301  74700   4.42e+00  2.89e-01  1.32e-01  7.47e-02  4.55e-02  2.06e-02  5.58e+03  1.26e+02 -1.00e+05
2015 10 06  2050   57301  75000   1.00e+01  2.36e-01  1.21e-01  8.54e-02  4.58e-02  2.09e-02  6.10e+03  1.37e+02 -1.00e+05
2015 10 06  2055   57301  75300   7.75e+00  1.75e-01  9.76e-02  5.50e-02  4.10e-02  2.06e-02  6.84e+03  1.60e+02 -1.00e+05
2015 10 06  2100   57301  75600   7.12e+00  1.22e-01  9.98e-02  4.88e-02  3.96e-02  2.06e-02  9.54e+03  2.85e+02 -1.00e+05
2015 10 06  2105   57301  75900   6.85e+00  1.92e-01  1.70e-01  9.37e-02  8.45e-02  6.55e-02  9.36e+03  2.69e+02 -1.00e+05
2015 10 06  2110   57301  76200   5.52e+00  1.16e-01  9.43e-02  6.16e-02  4.25e-02  2.06e-02  9.48e+03  2.86e+02 -1.00e+05
2015 10 06  2115   57301  76500   1.07e+01  1.91e-01  1.14e-01  5.41e-02  4.49e-02  2.59e-02  9.79e+03  2.79e+02 -1.00e+05
2015 10 06  2120   57301  76800   1.02e+01  1.79e-01  8.95e-02  5.50e-02  4.10e-02  2.06e-02  1.03e+04  2.86e+02 -1.00e+05
2015 10 06  2125   57301  77100   1.51e+01  2.18e-01  1.22e-01  7.49e-02  5.93e-02  3.85e-02  1.06e+04  2.69e+02 -1.00e+05
2015 10 06  2130   57301  77400   1.12e+01  1.63e-01  1.41e-01  1.08e-01  7.43e-02  4.82e-02  1.40e+04  4.44e+02 -1.00e+05
2015 10 06  2135   57301  77700   1.70e+01  1.08e-01  8.64e-02  5.41e-02  4.49e-02  2.59e-02  1.70e+04  6.28e+02 -1.00e+05
2015 10 06  2140   57301  78000   2.23e+01  2.00e-01  1.10e-01  7.49e-02  4.57e-02  2.07e-02  1.91e+04  6.39e+02 -1.00e+05
2015 10 06  2145   57301  78300   3.10e+01  3.78e-01  1.53e-01  4.88e-02  3.96e-02  2.06e-02  1.79e+04  6.39e+02 -1.00e+05
2015 10 06  2150   57301  78600   1.73e+01  1.03e-01  8.11e-02  4.88e-02  3.96e-02  2.06e-02  1.52e+04  4.91e+02 -1.00e+05
2015 10 06  2155   57301  78900   9.39e+00  1.33e-01  1.11e-01  7.89e-02  6.97e-02  5.07e-02  1.24e+04  3.14e+02 -1.00e+05
2015 10 06  2200   57301  79200   7.20e+00  2.35e-01  2.13e-01  9.35e-02  6.93e-02  2.88e-02  1.06e+04  2.52e+02 -1.00e+05
2015 10 06  2205   57301  79500   4.41e+00  1.89e-01  1.11e-01  6.81e-02  4.40e-02  2.06e-02  7.99e+03  1.69e+02 -1.00e+05
2015 10 06  2210   57301  79800   3.18e+00  1.03e-01  8.11e-02  4.88e-02  3.96e-02  2.06e-02  8.98e+03  2.29e+02 -1.00e+05
2015 10 06  2215   57301  80100   3.54e+00  1.63e-01  1.41e-01  8.78e-02  4.54e-02  2.06e-02  8.65e+03  2.21e+02 -1.00e+05
2015 10 06  2220   57301  80400   3.26e+00  1.03e-01  8.11e-02  4.88e-02  3.96e-02  2.06e-02  8.64e+03  2.59e+02 -1.00e+05
2015 10 06  2225   57301  80700   2.69e+00  1.03e-01  8.11e-02  4.88e-02  3.96e-02  2.06e-02  7.56e+03  2.17e+02 -1.00e+05
2015 10 06  2230   57301  81000   2.30e+00  1.41e-01  1.13e-01  6.40e-02  5.48e-02  3.58e-02  6.15e+03  1.94e+02 -1.00e+05
2015 10 06  2235   57301  81300   2.10e+00  1.32e-01  1.05e-01  7.14e-02  6.22e-02  4.32e-02  5.51e+03  1.75e+02 -1.00e+05
2015 10 06  2240   57301  81600   1.74e+00  1.38e-01  1.16e-01  7.47e-02  5.05e-02  2.27e-02  4.52e+03  1.27e+02 -1.00e+05
2015 10 06  2245   57301  81900   1.02e+00  1.18e-01  9.63e-02  6.40e-02  5.48e-02  3.58e-02  4.24e+03  1.15e+02 -1.00e+05
2015 10 06  2250   57301  82200   2.19e+00  1.76e-01  8.59e-02  5.16e-02  4.24e-02  2.34e-02  4.38e+03  1.04e+02 -1.00e+05
2015 10 06  2255   57301  82500   1.33e+00  1.90e-01  1.27e-01  8.72e-02  6.30e-02  2.67e-02  3.69e+03  1.09e+02 -1.00e+05
2015 10 06  2300   57301  82800   1.68e+00  4.92e-01  4.70e-01  1.66e-01  8.80e-02  3.08e-02  3.28e+03  8.90e+01 -1.00e+05
2015 10 06  2305   57301  83100   1.67e+00  1.23e-01  9.49e-02  6.15e-02  5.23e-02  3.33e-02  2.61e+03  5.51e+01 -1.00e+05
2015 10 06  2310   57301  83400   1.89e+00  2.08e-01  1.06e-01  4.88e-02  3.96e-02  2.06e-02  3.15e+03  6.47e+01 -1.00e+05
2015 10 06  2315   57301  83700   9.41e-01  1.36e-01  1.14e-01  6.65e-02  5.73e-02  3.83e-02  2.64e+03  5.57e+01 -1.00e+05
2015 10 06  2320   57301  84000   7.60e-01  1.20e-01  9.61e-02  5.53e-02  4.61e-02  2.27e-02  2.36e+03  4.17e+01 -1.00e+05
2015 10 06  2325   57301  84300   6.52e-01  2.56e-01  1.88e-01  6.98e-02  6.06e-02  3.43e-02  1.87e+03  3.70e+01 -1.00e+05
2015 10 06  2330   57301  84600   6.36e-01  1.16e-01  9.43e-02  6.16e-02  4.25e-02  2.06e-02  1.56e+03  2.85e+01 -1.00e+05
2015 10 06  2335   57301  84900   4.63e-01  1.12e-01  8.24e-02  4.88e-02  3.96e-02  2.06e-02  1.74e+03  3.89e+01 -1.00e+05
2015 10 06  2340   57301  85200   6.82e-01  1.59e-01  1.37e-01  7.14e-02  6.22e-02  4.32e-02  2.18e+03  5.33e+01 -1.00e+05
2015 10 06  2345   57301  85500   7.19e-01  1.83e-01  1.60e-01  4.88e-02  3.96e-02  2.06e-02  2.68e+03  7.24e+01 -1.00e+05
2015 10 06  2350   57301  85800   1.28e+00  2.83e-01  1.53e-01  9.44e-02  4.99e-02  2.06e-02  2.04e+03  4.39e+01 -1.00e+05
2015 10 06  2355   57301  86100   6.27e-01  1.18e-01  9.57e-02  5.53e-02  4.61e-02  2.27e-02  1.85e+03  4.00e+01 -1.00e+05
