:Data_list: 20150603_Gs_part_5m.txt
:Created: 2015 Jun 04 0011 UTC
# Prepared by the U.S. Dept. of Commerce, NOAA, Space Weather Prediction Center
# Please send comments and suggestions to SWPC.Webmaster@noaa.gov 
# 
# Label: P > 1 = Particles at >1 Mev
# Label: P > 5 = Particles at >5 Mev
# Label: P >10 = Particles at >10 Mev
# Label: P >30 = Particles at >30 Mev
# Label: P >50 = Particles at >50 Mev
# Label: P>100 = Particles at >100 Mev
# Label: E>0.8 = Electrons at >0.8 Mev
# Label: E>2.0 = Electrons at >2.0 Mev
# Label: E>4.0 = Electrons at >4.0 Mev
# Units: Particles = Protons/cm2-s-sr
# Units: Electrons = Electrons/cm2-s-sr
# Source: GOES-15
# Location: W135
# Missing data: -1.00e+05
#
#                      5-minute  GOES-15 Solar Particle and Electron Flux
#
#                 Modified Seconds
# UTC Date  Time   Julian  of the
# YR MO DA  HHMM    Day     Day     P > 1     P > 5     P >10     P >30     P >50     P>100     E>0.8     E>2.0     E>4.0
#-------------------------------------------------------------------------------------------------------------------------
2015 06 03  0000   57176      0   8.33e+00  1.64e-01  1.15e-01  7.29e-02  4.24e-02  1.81e-02  3.91e+03  3.33e+01 -1.00e+05
2015 06 03  0005   57176    300   6.49e+00  1.99e-01  1.74e-01  8.15e-02  6.07e-02  3.92e-02  3.91e+03  3.37e+01 -1.00e+05
2015 06 03  0010   57176    600   6.67e+00  1.22e-01  9.74e-02  5.97e-02  3.95e-02  1.81e-02  3.89e+03  3.43e+01 -1.00e+05
2015 06 03  0015   57176    900   6.30e+00  1.56e-01  1.31e-01  8.31e-02  6.79e-02  2.77e-02  3.91e+03  3.73e+01 -1.00e+05
2015 06 03  0020   57176   1200   1.30e+01  2.57e-01  8.30e-02  4.37e-02  3.59e-02  1.81e-02  3.86e+03  3.47e+01 -1.00e+05
2015 06 03  0025   57176   1500   9.91e+00  2.01e-01  1.07e-01  6.74e-02  5.95e-02  2.57e-02  3.77e+03  3.54e+01 -1.00e+05
2015 06 03  0030   57176   1800   6.35e+00  1.65e-01  1.40e-01  4.37e-02  3.59e-02  1.81e-02  3.78e+03  3.68e+01 -1.00e+05
2015 06 03  0035   57176   2100   7.41e+00  1.34e-01  8.52e-02  4.37e-02  3.59e-02  1.81e-02  3.75e+03  3.65e+01 -1.00e+05
2015 06 03  0040   57176   2400   5.89e+00  1.73e-01  1.48e-01  1.11e-01  1.03e-01  3.98e-02  3.73e+03  3.40e+01 -1.00e+05
2015 06 03  0045   57176   2700   6.11e+00  1.06e-01  8.08e-02  4.37e-02  3.59e-02  1.81e-02  3.73e+03  2.90e+01 -1.00e+05
2015 06 03  0050   57176   3000   7.98e+00  2.32e-01  1.64e-01  1.19e-01  1.11e-01  7.00e-02  3.73e+03  2.82e+01 -1.00e+05
2015 06 03  0055   57176   3300   8.77e+00  2.51e-01  1.54e-01  4.37e-02  3.59e-02  1.81e-02  3.73e+03  2.83e+01 -1.00e+05
2015 06 03  0100   57176   3600   5.36e+00  1.19e-01  9.45e-02  5.73e-02  4.95e-02  3.17e-02  3.60e+03  2.91e+01 -1.00e+05
2015 06 03  0105   57176   3900   6.66e+00  1.69e-01  1.20e-01  7.75e-02  4.16e-02  1.81e-02  3.61e+03  2.69e+01 -1.00e+05
2015 06 03  0110   57176   4200   5.51e+00  1.17e-01  9.22e-02  5.51e-02  4.72e-02  2.26e-02  3.59e+03  3.10e+01 -1.00e+05
2015 06 03  0115   57176   4500   5.46e+00  1.42e-01  1.17e-01  7.99e-02  7.21e-02  2.97e-02  3.56e+03  3.27e+01 -1.00e+05
2015 06 03  0120   57176   4800   5.28e+00  1.31e-01  1.06e-01  6.90e-02  6.12e-02  3.21e-02  3.57e+03  2.74e+01 -1.00e+05
2015 06 03  0125   57176   5100   5.28e+00  2.81e-01  2.56e-01  7.40e-02  4.15e-02  1.81e-02  3.55e+03  2.71e+01 -1.00e+05
2015 06 03  0130   57176   5400   6.54e+00  1.94e-01  1.30e-01  8.62e-02  7.84e-02  3.18e-02  3.46e+03  2.79e+01 -1.00e+05
2015 06 03  0135   57176   5700   7.48e+00  2.86e-01  1.89e-01  8.15e-02  6.07e-02  3.92e-02  3.49e+03  2.68e+01 -1.00e+05
2015 06 03  0140   57176   6000   4.82e+00  2.19e-01  1.94e-01  1.02e-01  7.00e-02  4.66e-02  3.45e+03  2.33e+01 -1.00e+05
2015 06 03  0145   57176   6300   4.97e+00  1.34e-01  1.09e-01  7.12e-02  4.58e-02  1.97e-02  3.42e+03  2.24e+01 -1.00e+05
2015 06 03  0150   57176   6600   8.11e+00  1.87e-01  8.33e-02  4.37e-02  3.59e-02  1.81e-02  3.43e+03  2.97e+01 -1.00e+05
2015 06 03  0155   57176   6900   4.86e+00  1.06e-01  8.08e-02  4.37e-02  3.59e-02  1.81e-02  3.42e+03  2.67e+01 -1.00e+05
2015 06 03  0200   57176   7200   4.70e+00  1.73e-01  1.48e-01  1.11e-01  1.03e-01  3.98e-02  3.42e+03  2.37e+01 -1.00e+05
2015 06 03  0205   57176   7500   5.33e+00  1.47e-01  9.87e-02  5.73e-02  4.95e-02  3.17e-02  3.38e+03  2.41e+01 -1.00e+05
2015 06 03  0210   57176   7800   4.57e+00  1.06e-01  8.08e-02  4.37e-02  3.59e-02  1.81e-02  3.35e+03  2.20e+01 -1.00e+05
2015 06 03  0215   57176   8100   4.40e+00  1.06e-01  8.08e-02  4.37e-02  3.59e-02  1.81e-02  3.26e+03  2.26e+01 -1.00e+05
2015 06 03  0220   57176   8400   7.68e+00  3.25e-01  1.54e-01  4.37e-02  3.59e-02  1.81e-02  3.25e+03  1.67e+01 -1.00e+05
2015 06 03  0225   57176   8700   4.18e+00  1.37e-01  1.12e-01  4.66e-02  3.65e-02  1.81e-02  3.24e+03  1.93e+01 -1.00e+05
2015 06 03  0230   57176   9000   4.20e+00  1.06e-01  8.08e-02  4.37e-02  3.59e-02  1.81e-02  3.23e+03  2.04e+01 -1.00e+05
2015 06 03  0235   57176   9300   4.82e+00  1.44e-01  9.50e-02  5.32e-02  3.80e-02  1.81e-02  3.14e+03  1.82e+01 -1.00e+05
2015 06 03  0240   57176   9600   3.87e+00  1.57e-01  1.32e-01  5.78e-02  4.77e-02  2.17e-02  3.09e+03  1.69e+01 -1.00e+05
2015 06 03  0245   57176   9900   4.08e+00  2.25e-01  2.01e-01  1.30e-01  1.22e-01  4.68e-02  3.08e+03  1.69e+01 -1.00e+05
2015 06 03  0250   57176  10200   3.56e+00  1.06e-01  8.08e-02  4.37e-02  3.59e-02  1.81e-02  3.06e+03  1.89e+01 -1.00e+05
2015 06 03  0255   57176  10500   3.60e+00  1.83e-01  1.58e-01  1.21e-01  1.13e-01  5.56e-02  3.00e+03  1.63e+01 -1.00e+05
2015 06 03  0300   57176  10800   6.07e+00  2.39e-01  1.17e-01  7.72e-02  5.69e-02  2.37e-02  2.99e+03  1.70e+01 -1.00e+05
2015 06 03  0305   57176  11100   4.87e+00  1.92e-01  9.40e-02  4.37e-02  3.59e-02  1.81e-02  2.93e+03  1.60e+01 -1.00e+05
2015 06 03  0310   57176  11400   3.34e+00  2.37e-01  2.12e-01  7.73e-02  4.82e-02  2.43e-02  2.91e+03  1.40e+01 -1.00e+05
2015 06 03  0315   57176  11700   6.24e+00  2.68e-01  1.17e-01  7.78e-02  6.99e-02  1.83e-02  2.90e+03  1.57e+01 -1.00e+05
2015 06 03  0320   57176  12000   3.02e+00  2.86e-01  2.62e-01  1.34e-01  8.10e-02  2.77e-02  2.84e+03  1.36e+01 -1.00e+05
2015 06 03  0325   57176  12300   3.05e+00  1.06e-01  8.08e-02  4.37e-02  3.59e-02  1.81e-02  2.77e+03  1.80e+01 -1.00e+05
2015 06 03  0330   57176  12600   3.02e+00  1.22e-01  9.69e-02  5.98e-02  5.20e-02  3.42e-02  2.76e+03  1.51e+01 -1.00e+05
2015 06 03  0335   57176  12900   2.72e+00  1.26e-01  1.01e-01  4.37e-02  3.59e-02  1.81e-02  2.74e+03  1.56e+01 -1.00e+05
2015 06 03  0340   57176  13200   2.76e+00  1.50e-01  1.26e-01  8.71e-02  5.03e-02  2.68e-02  2.69e+03  1.22e+01 -1.00e+05
2015 06 03  0345   57176  13500   2.83e+00  1.79e-01  1.55e-01  1.18e-01  1.10e-01  4.18e-02  2.70e+03  1.33e+01 -1.00e+05
2015 06 03  0350   57176  13800   4.63e+00  1.87e-01  8.33e-02  4.37e-02  3.59e-02  1.81e-02  2.68e+03  1.37e+01 -1.00e+05
2015 06 03  0355   57176  14100   2.57e+00  1.61e-01  1.36e-01  9.88e-02  7.61e-02  5.40e-02  2.64e+03  1.17e+01 -1.00e+05
2015 06 03  0400   57176  14400   4.18e+00  2.66e-01  1.45e-01  5.49e-02  4.70e-02  2.17e-02  2.60e+03  1.26e+01 -1.00e+05
2015 06 03  0405   57176  14700   2.43e+00  1.14e-01  8.87e-02  5.15e-02  4.14e-02  1.97e-02  2.58e+03  1.45e+01 -1.00e+05
2015 06 03  0410   57176  15000   2.21e+00  1.42e-01  1.17e-01  7.99e-02  7.21e-02  2.97e-02  2.52e+03  1.19e+01 -1.00e+05
2015 06 03  0415   57176  15300   2.56e+00  1.34e-01  8.52e-02  4.37e-02  3.59e-02  1.81e-02  2.47e+03  1.42e+01 -1.00e+05
2015 06 03  0420   57176  15600   3.59e+00  2.75e-01  1.68e-01  1.28e-01  9.75e-02  3.58e-02  2.44e+03  1.15e+01 -1.00e+05
2015 06 03  0425   57176  15900   2.81e+00  2.08e-01  1.11e-01  5.97e-02  3.95e-02  1.81e-02  2.41e+03  1.37e+01 -1.00e+05
2015 06 03  0430   57176  16200   2.10e+00  1.06e-01  8.08e-02  4.37e-02  3.59e-02  1.81e-02  2.37e+03  9.68e+00 -1.00e+05
2015 06 03  0435   57176  16500   1.98e+00  1.68e-01  1.43e-01  4.66e-02  3.65e-02  1.81e-02  2.34e+03  1.19e+01 -1.00e+05
2015 06 03  0440   57176  16800   2.12e+00  2.29e-01  2.04e-01  7.09e-02  5.06e-02  2.17e-02  2.30e+03  9.11e+00 -1.00e+05
2015 06 03  0445   57176  17100   1.91e+00  1.42e-01  1.18e-01  8.05e-02  7.26e-02  5.43e-02  2.26e+03  9.05e+00 -1.00e+05
2015 06 03  0450   57176  17400   2.98e+00  2.27e-01  9.93e-02  5.98e-02  5.20e-02  3.42e-02  2.23e+03  8.24e+00 -1.00e+05
2015 06 03  0455   57176  17700   1.61e+00  1.46e-01  1.22e-01  7.37e-02  6.58e-02  2.77e-02  2.23e+03  8.85e+00 -1.00e+05
2015 06 03  0500   57176  18000   1.52e+00  1.06e-01  8.08e-02  4.37e-02  3.59e-02  1.81e-02  2.22e+03  1.40e+01 -1.00e+05
2015 06 03  0505   57176  18300   2.54e+00  2.03e-01  1.08e-01  6.81e-02  6.02e-02  2.85e-02  2.20e+03  8.23e+00 -1.00e+05
2015 06 03  0510   57176  18600   1.91e+00  1.49e-01  1.24e-01  4.66e-02  3.65e-02  1.81e-02  2.17e+03  8.36e+00 -1.00e+05
2015 06 03  0515   57176  18900   2.11e+00  2.03e-01  1.49e-01  1.07e-01  9.88e-02  4.42e-02  2.15e+03  7.94e+00 -1.00e+05
2015 06 03  0520   57176  19200   1.70e+00  1.67e-01  1.42e-01  1.05e-01  9.72e-02  3.78e-02  2.18e+03  9.34e+00 -1.00e+05
2015 06 03  0525   57176  19500   1.62e+00  1.46e-01  1.21e-01  4.37e-02  3.59e-02  1.81e-02  2.19e+03  1.40e+01 -1.00e+05
2015 06 03  0530   57176  19800   2.61e+00  2.41e-01  1.43e-01  4.37e-02  3.59e-02  1.81e-02  2.13e+03  1.17e+01 -1.00e+05
2015 06 03  0535   57176  20100   1.72e+00  1.73e-01  1.48e-01  1.11e-01  1.03e-01  3.98e-02  2.15e+03  9.12e+00 -1.00e+05
2015 06 03  0540   57176  20400   1.72e+00  1.14e-01  8.95e-02  5.24e-02  4.45e-02  2.68e-02  2.13e+03  1.11e+01 -1.00e+05
2015 06 03  0545   57176  20700   1.98e+00  2.84e-01  2.35e-01  7.94e-02  4.39e-02  1.81e-02  2.14e+03  9.50e+00 -1.00e+05
2015 06 03  0550   57176  21000   1.63e+00  1.37e-01  1.12e-01  4.37e-02  3.59e-02  1.81e-02  2.10e+03  6.61e+00 -1.00e+05
2015 06 03  0555   57176  21300   1.80e+00  1.44e-01  1.19e-01  8.20e-02  7.42e-02  3.80e-02  2.09e+03  9.34e+00 -1.00e+05
2015 06 03  0600   57176  21600   1.54e+00  1.37e-01  1.12e-01  7.47e-02  6.68e-02  4.91e-02  2.12e+03  6.89e+00 -1.00e+05
2015 06 03  0605   57176  21900   1.51e+00  1.34e-01  1.09e-01  7.14e-02  5.46e-02  3.42e-02  2.06e+03  1.16e+01 -1.00e+05
2015 06 03  0610   57176  22200   2.65e+00  3.23e-01  1.55e-01  4.37e-02  3.59e-02  1.81e-02  2.02e+03  1.30e+01 -1.00e+05
2015 06 03  0615   57176  22500   1.36e+00  1.65e-01  1.40e-01  4.37e-02  3.59e-02  1.81e-02  2.02e+03  9.08e+00 -1.00e+05
2015 06 03  0620   57176  22800   1.42e+00  1.67e-01  1.42e-01  1.05e-01  9.72e-02  3.78e-02  1.98e+03  9.50e+00 -1.00e+05
2015 06 03  0625   57176  23100   1.11e+00  2.06e-01  1.81e-01  8.29e-02  4.16e-02  1.81e-02  1.96e+03  9.00e+00 -1.00e+05
2015 06 03  0630   57176  23400   1.55e+00  1.94e-01  1.45e-01  4.37e-02  3.59e-02  1.81e-02  1.97e+03  1.23e+01 -1.00e+05
2015 06 03  0635   57176  23700   1.54e+00  1.42e-01  9.38e-02  5.24e-02  4.45e-02  2.68e-02  1.97e+03  1.07e+01 -1.00e+05
2015 06 03  0640   57176  24000   1.22e+00  1.36e-01  1.11e-01  7.29e-02  4.24e-02  1.81e-02  1.95e+03  9.35e+00 -1.00e+05
2015 06 03  0645   57176  24300   1.83e+00  2.35e-01  1.46e-01  9.61e-02  6.24e-02  3.01e-02  1.93e+03  9.57e+00 -1.00e+05
2015 06 03  0650   57176  24600   2.07e+00  1.92e-01  9.40e-02  4.37e-02  3.59e-02  1.81e-02  1.89e+03  1.30e+01 -1.00e+05
2015 06 03  0655   57176  24900   9.95e-01  1.06e-01  8.08e-02  4.37e-02  3.59e-02  1.81e-02  1.86e+03  1.25e+01 -1.00e+05
2015 06 03  0700   57176  25200   1.57e+00  2.92e-01  2.53e-01  1.18e-01  1.10e-01  4.18e-02  1.89e+03  1.12e+01 -1.00e+05
2015 06 03  0705   57176  25500   9.99e-01  1.59e-01  1.34e-01  5.32e-02  3.80e-02  1.81e-02  1.87e+03  1.08e+01 -1.00e+05
2015 06 03  0710   57176  25800   1.86e+00  1.92e-01  9.40e-02  4.37e-02  3.59e-02  1.81e-02  1.85e+03  1.10e+01 -1.00e+05
2015 06 03  0715   57176  26100   1.04e+00  1.29e-01  1.04e-01  6.72e-02  5.94e-02  4.16e-02  1.80e+03  1.14e+01 -1.00e+05
2015 06 03  0720   57176  26400   2.37e+00  3.16e-01  1.01e-01  6.23e-02  5.44e-02  3.67e-02  1.76e+03  8.96e+00 -1.00e+05
2015 06 03  0725   57176  26700   1.22e+00  1.54e-01  1.29e-01  6.11e-02  5.33e-02  2.37e-02  1.74e+03  1.13e+01 -1.00e+05
2015 06 03  0730   57176  27000   8.47e-01  1.89e-01  1.64e-01  1.27e-01  1.17e-01  4.38e-02  1.71e+03  9.42e+00 -1.00e+05
2015 06 03  0735   57176  27300   1.11e+00  1.58e-01  1.11e-01  6.97e-02  6.19e-02  4.41e-02  1.67e+03  6.56e+00 -1.00e+05
2015 06 03  0740   57176  27600   9.31e-01  1.47e-01  1.22e-01  8.47e-02  7.67e-02  5.08e-02  1.65e+03  7.41e+00 -1.00e+05
2015 06 03  0745   57176  27900   9.24e-01  1.70e-01  1.23e-01  8.21e-02  7.43e-02  5.65e-02  1.65e+03  8.28e+00 -1.00e+05
2015 06 03  0750   57176  28200   1.12e+00  1.48e-01  1.01e-01  5.98e-02  5.20e-02  3.42e-02  1.64e+03  7.61e+00 -1.00e+05
2015 06 03  0755   57176  28500   8.94e-01  1.15e-01  9.06e-02  5.32e-02  3.80e-02  1.81e-02  1.63e+03  8.40e+00 -1.00e+05
2015 06 03  0800   57176  28800   8.12e-01  1.06e-01  8.08e-02  4.37e-02  3.59e-02  1.81e-02  1.63e+03  1.23e+01 -1.00e+05
2015 06 03  0805   57176  29100   1.33e+00  3.10e-01  1.57e-01  7.22e-02  6.43e-02  4.66e-02  1.61e+03  9.37e+00 -1.00e+05
2015 06 03  0810   57176  29400   7.31e-01  1.98e-01  1.07e-01  5.75e-02  4.81e-02  2.44e-02  1.59e+03  8.48e+00 -1.00e+05
2015 06 03  0815   57176  29700   8.28e-01  1.48e-01  1.23e-01  8.62e-02  7.84e-02  3.18e-02  1.58e+03  9.06e+00 -1.00e+05
2015 06 03  0820   57176  30000   9.48e-01  1.92e-01  9.40e-02  4.37e-02  3.59e-02  1.81e-02  1.53e+03  1.11e+01 -1.00e+05
2015 06 03  0825   57176  30300   6.35e-01  1.17e-01  9.20e-02  5.49e-02  4.70e-02  2.17e-02  1.50e+03  9.56e+00 -1.00e+05
2015 06 03  0830   57176  30600   7.58e-01  1.94e-01  1.30e-01  8.62e-02  7.84e-02  3.18e-02  1.43e+03  8.60e+00 -1.00e+05
2015 06 03  0835   57176  30900   5.89e-01  1.67e-01  1.42e-01  6.48e-02  5.69e-02  3.92e-02  1.39e+03  9.29e+00 -1.00e+05
2015 06 03  0840   57176  31200   5.11e-01  1.67e-01  1.42e-01  1.05e-01  9.72e-02  3.78e-02  1.37e+03  1.06e+01 -1.00e+05
2015 06 03  0845   57176  31500   4.90e-01  1.06e-01  8.08e-02  4.37e-02  3.59e-02  1.81e-02  1.35e+03  8.31e+00 -1.00e+05
2015 06 03  0850   57176  31800   5.78e-01  2.13e-01  1.88e-01  8.05e-02  7.26e-02  5.43e-02  1.31e+03  5.95e+00 -1.00e+05
2015 06 03  0855   57176  32100   3.58e-01  1.34e-01  8.52e-02  4.37e-02  3.59e-02  1.81e-02  1.32e+03  1.03e+01 -1.00e+05
2015 06 03  0900   57176  32400   7.98e-01  3.66e-01  2.68e-01  7.29e-02  4.24e-02  1.81e-02  1.30e+03  9.23e+00 -1.00e+05
2015 06 03  0905   57176  32700   1.00e+00  3.30e-01  1.14e-01  7.40e-02  4.15e-02  1.81e-02  1.27e+03  9.12e+00 -1.00e+05
2015 06 03  0910   57176  33000   2.02e-01  1.75e-01  1.50e-01  5.32e-02  3.80e-02  1.81e-02  1.22e+03  7.33e+00 -1.00e+05
2015 06 03  0915   57176  33300   3.74e-01  1.37e-01  1.12e-01  7.47e-02  6.68e-02  4.91e-02  1.20e+03  7.05e+00 -1.00e+05
2015 06 03  0920   57176  33600   5.33e-01  1.91e-01  1.66e-01  1.28e-01  9.75e-02  3.58e-02  1.17e+03  7.49e+00 -1.00e+05
2015 06 03  0925   57176  33900   4.37e-01  1.37e-01  1.12e-01  4.37e-02  3.59e-02  1.81e-02  1.18e+03  1.03e+01 -1.00e+05
2015 06 03  0930   57176  34200   9.36e-01  2.57e-01  8.30e-02  4.37e-02  3.59e-02  1.81e-02  1.16e+03  1.10e+01 -1.00e+05
2015 06 03  0935   57176  34500   5.70e-01  2.52e-01  1.24e-01  8.46e-02  7.67e-02  5.90e-02  1.19e+03  9.91e+00 -1.00e+05
2015 06 03  0940   57176  34800   5.20e-01  1.35e-01  9.48e-02  5.49e-02  4.70e-02  2.17e-02  1.19e+03  9.07e+00 -1.00e+05
2015 06 03  0945   57176  35100   4.99e-01  2.85e-01  2.60e-01  2.21e-01  1.45e-01  4.48e-02  1.23e+03  6.16e+00 -1.00e+05
2015 06 03  0950   57176  35400   5.58e-01  2.10e-01  1.61e-01  5.97e-02  3.95e-02  1.81e-02  1.20e+03  8.83e+00 -1.00e+05
2015 06 03  0955   57176  35700   4.54e-01  1.86e-01  1.61e-01  6.97e-02  6.19e-02  4.41e-02  1.16e+03  9.05e+00 -1.00e+05
2015 06 03  1000   57176  36000   9.44e-01  3.32e-01  1.01e-01  6.23e-02  5.45e-02  2.83e-02  1.08e+03  6.19e+00 -1.00e+05
2015 06 03  1005   57176  36300   3.31e-01  1.74e-01  1.49e-01  1.12e-01  1.04e-01  5.10e-02  1.00e+03  4.97e+00 -1.00e+05
2015 06 03  1010   57176  36600   4.19e-01  1.65e-01  1.40e-01  4.37e-02  3.59e-02  1.81e-02  1.02e+03  7.06e+00 -1.00e+05
2015 06 03  1015   57176  36900   7.01e-01  2.08e-01  1.04e-01  6.48e-02  5.69e-02  3.92e-02  1.03e+03  5.95e+00 -1.00e+05
2015 06 03  1020   57176  37200   4.09e-01  1.49e-01  1.24e-01  8.68e-02  6.77e-02  4.67e-02  1.01e+03  6.46e+00 -1.00e+05
2015 06 03  1025   57176  37500   3.93e-01  1.72e-01  1.25e-01  8.39e-02  7.08e-02  5.15e-02  1.04e+03  6.83e+00 -1.00e+05
2015 06 03  1030   57176  37800   5.61e-01  1.94e-01  1.45e-01  4.37e-02  3.59e-02  1.81e-02  1.13e+03  8.89e+00 -1.00e+05
2015 06 03  1035   57176  38100   5.25e-01  1.90e-01  1.65e-01  1.27e-01  1.07e-01  3.98e-02  1.18e+03  7.37e+00 -1.00e+05
2015 06 03  1040   57176  38400   4.56e-01  1.39e-01  1.14e-01  7.71e-02  6.93e-02  5.15e-02  1.13e+03  7.11e+00 -1.00e+05
2015 06 03  1045   57176  38700   4.66e-01  1.06e-01  8.08e-02  4.37e-02  3.59e-02  1.81e-02  1.17e+03  1.06e+01 -1.00e+05
2015 06 03  1050   57176  39000   4.92e-01  1.11e-01  8.57e-02  4.86e-02  4.07e-02  1.97e-02  1.17e+03  1.14e+01 -1.00e+05
2015 06 03  1055   57176  39300   5.49e-01  1.34e-01  1.09e-01  7.12e-02  4.58e-02  1.97e-02  1.19e+03  7.53e+00 -1.00e+05
2015 06 03  1100   57176  39600   7.16e-01  1.87e-01  8.33e-02  4.37e-02  3.59e-02  1.81e-02  1.23e+03  1.00e+01 -1.00e+05
2015 06 03  1105   57176  39900   5.57e-01  1.34e-01  8.52e-02  4.37e-02  3.59e-02  1.81e-02  1.10e+03  6.90e+00 -1.00e+05
2015 06 03  1110   57176  40200   5.75e-01  1.29e-01  1.04e-01  6.63e-02  4.10e-02  1.81e-02  1.11e+03  9.96e+00 -1.00e+05
2015 06 03  1115   57176  40500   4.11e-01  1.44e-01  9.50e-02  5.32e-02  3.80e-02  1.81e-02  1.16e+03  7.09e+00 -1.00e+05
2015 06 03  1120   57176  40800   1.02e+00  2.62e-01  1.11e-01  7.17e-02  6.39e-02  4.61e-02  1.24e+03  8.80e+00 -1.00e+05
2015 06 03  1125   57176  41100   7.39e-01  2.15e-01  8.62e-02  4.66e-02  3.65e-02  1.81e-02  1.30e+03  1.31e+01 -1.00e+05
2015 06 03  1130   57176  41400   9.28e-01  3.28e-01  2.25e-01  1.72e-01  1.12e-01  3.58e-02  1.36e+03  8.28e+00 -1.00e+05
2015 06 03  1135   57176  41700   8.71e-01  2.28e-01  1.24e-01  8.39e-02  4.97e-02  2.43e-02  1.39e+03  1.08e+01 -1.00e+05
2015 06 03  1140   57176  42000   1.28e+00  2.35e-01  8.31e-02  4.37e-02  3.59e-02  1.81e-02  1.40e+03  1.26e+01 -1.00e+05
2015 06 03  1145   57176  42300   8.25e-01  1.92e-01  1.67e-01  7.77e-02  4.73e-02  1.97e-02  1.46e+03  1.11e+01 -1.00e+05
2015 06 03  1150   57176  42600   7.59e-01  1.39e-01  1.14e-01  5.73e-02  4.95e-02  3.17e-02  1.51e+03  1.24e+01 -1.00e+05
2015 06 03  1155   57176  42900   9.48e-01  1.29e-01  1.04e-01  6.72e-02  5.94e-02  4.16e-02  1.51e+03  1.30e+01 -1.00e+05
2015 06 03  1200   57176  43200   1.20e+00  1.50e-01  1.25e-01  5.74e-02  4.96e-02  3.18e-02  1.52e+03  1.07e+01 -1.00e+05
2015 06 03  1205   57176  43500   2.66e+00  2.61e-01  1.09e-01  6.96e-02  5.22e-02  3.17e-02  1.58e+03  1.13e+01 -1.00e+05
2015 06 03  1210   57176  43800   1.70e+00  1.50e-01  1.03e-01  6.17e-02  5.38e-02  3.61e-02  1.57e+03  1.07e+01 -1.00e+05
2015 06 03  1215   57176  44100   1.34e+00  1.37e-01  1.12e-01  4.37e-02  3.59e-02  1.81e-02  1.61e+03  1.16e+01 -1.00e+05
2015 06 03  1220   57176  44400   1.73e+00  1.37e-01  1.12e-01  7.47e-02  6.68e-02  4.91e-02  1.61e+03  1.13e+01 -1.00e+05
2015 06 03  1225   57176  44700   2.13e+00  1.92e-01  9.40e-02  4.37e-02  3.59e-02  1.81e-02  1.61e+03  1.14e+01 -1.00e+05
2015 06 03  1230   57176  45000   2.17e+00  1.92e-01  9.40e-02  4.37e-02  3.59e-02  1.81e-02  1.58e+03  1.58e+01 -1.00e+05
2015 06 03  1235   57176  45300   1.64e+00  1.29e-01  1.04e-01  6.63e-02  4.10e-02  1.81e-02  1.61e+03  1.06e+01 -1.00e+05
2015 06 03  1240   57176  45600   1.49e+00  1.06e-01  8.08e-02  4.37e-02  3.59e-02  1.81e-02  1.56e+03  1.13e+01 -1.00e+05
2015 06 03  1245   57176  45900   1.68e+00  1.28e-01  1.03e-01  6.61e-02  5.83e-02  4.05e-02  1.65e+03  1.13e+01 -1.00e+05
2015 06 03  1250   57176  46200   1.67e+00  1.24e-01  9.90e-02  6.18e-02  5.40e-02  2.64e-02  1.65e+03  1.14e+01 -1.00e+05
2015 06 03  1255   57176  46500   1.95e+00  1.56e-01  1.31e-01  9.40e-02  8.61e-02  6.20e-02  1.71e+03  1.08e+01 -1.00e+05
2015 06 03  1300   57176  46800   1.89e+00  1.22e-01  9.70e-02  5.98e-02  5.20e-02  3.42e-02  1.73e+03  1.18e+01 -1.00e+05
2015 06 03  1305   57176  47100   2.38e+00  1.37e-01  8.82e-02  4.66e-02  3.65e-02  1.81e-02  1.78e+03  1.28e+01 -1.00e+05
2015 06 03  1310   57176  47400   1.91e+00  1.06e-01  8.08e-02  4.37e-02  3.59e-02  1.81e-02  1.80e+03  1.49e+01 -1.00e+05
2015 06 03  1315   57176  47700   2.06e+00  1.43e-01  1.19e-01  8.03e-02  4.51e-02  1.93e-02  1.82e+03  1.10e+01 -1.00e+05
2015 06 03  1320   57176  48000   2.28e+00  1.77e-01  1.52e-01  8.97e-02  6.51e-02  2.85e-02  1.84e+03  1.51e+01 -1.00e+05
2015 06 03  1325   57176  48300   2.20e+00  1.78e-01  1.53e-01  5.98e-02  5.20e-02  3.42e-02  1.91e+03  1.63e+01 -1.00e+05
2015 06 03  1330   57176  48600   2.25e+00  1.52e-01  1.28e-01  5.98e-02  5.20e-02  3.42e-02  1.88e+03  1.61e+01 -1.00e+05
2015 06 03  1335   57176  48900   2.22e+00  1.65e-01  1.40e-01  4.37e-02  3.59e-02  1.81e-02  1.89e+03  1.65e+01 -1.00e+05
2015 06 03  1340   57176  49200   2.31e+00  1.41e-01  1.16e-01  4.88e-02  4.10e-02  2.06e-02  1.91e+03  1.49e+01 -1.00e+05
2015 06 03  1345   57176  49500   4.30e+00  2.28e-01  1.00e-01  6.07e-02  5.28e-02  3.50e-02  1.95e+03  1.73e+01 -1.00e+05
2015 06 03  1350   57176  49800   3.40e+00  2.17e-01  1.20e-01  6.90e-02  4.44e-02  2.18e-02  1.96e+03  1.59e+01 -1.00e+05
2015 06 03  1355   57176  50100   2.49e+00  1.68e-01  1.43e-01  1.06e-01  9.79e-02  4.05e-02  1.96e+03  1.80e+01 -1.00e+05
2015 06 03  1400   57176  50400   2.41e+00  1.06e-01  8.08e-02  4.37e-02  3.59e-02  1.81e-02  1.95e+03  1.66e+01 -1.00e+05
2015 06 03  1405   57176  50700   2.35e+00  1.57e-01  1.32e-01  5.49e-02  4.70e-02  2.92e-02  1.98e+03  1.83e+01 -1.00e+05
2015 06 03  1410   57176  51000   4.28e+00  4.63e-01  2.95e-01  1.10e-01  7.67e-02  5.15e-02  1.99e+03  1.57e+01 -1.00e+05
2015 06 03  1415   57176  51300   2.66e+00  2.52e-01  2.27e-01  7.29e-02  4.24e-02  1.81e-02  2.03e+03  1.63e+01 -1.00e+05
2015 06 03  1420   57176  51600   2.51e+00  1.74e-01  1.49e-01  5.49e-02  4.70e-02  2.92e-02  2.04e+03  1.94e+01 -1.00e+05
2015 06 03  1425   57176  51900   2.43e+00  1.49e-01  1.24e-01  6.72e-02  5.94e-02  4.16e-02  2.04e+03  1.79e+01 -1.00e+05
2015 06 03  1430   57176  52200   4.01e+00  2.65e-01  1.68e-01  5.95e-02  4.61e-02  2.68e-02  2.03e+03  1.62e+01 -1.00e+05
2015 06 03  1435   57176  52500   5.16e+00  2.77e-01  1.36e-01  9.62e-02  7.09e-02  2.77e-02  2.09e+03  1.86e+01 -1.00e+05
2015 06 03  1440   57176  52800   3.06e+00  1.14e-01  8.95e-02  5.24e-02  4.45e-02  2.68e-02  2.10e+03  1.77e+01 -1.00e+05
2015 06 03  1445   57176  53100   3.07e+00  1.38e-01  1.14e-01  7.63e-02  6.25e-02  3.03e-02  2.16e+03  1.75e+01 -1.00e+05
2015 06 03  1450   57176  53400   2.78e+00  1.78e-01  1.53e-01  5.98e-02  5.20e-02  3.42e-02  2.22e+03  1.72e+01 -1.00e+05
2015 06 03  1455   57176  53700   3.36e+00  1.76e-01  1.51e-01  5.73e-02  4.95e-02  3.17e-02  2.24e+03  2.02e+01 -1.00e+05
2015 06 03  1500   57176  54000   3.78e+00  1.45e-01  1.10e-01  7.06e-02  5.54e-02  2.37e-02  2.29e+03  2.04e+01 -1.00e+05
2015 06 03  1505   57176  54300   5.06e+00  1.93e-01  9.52e-02  4.49e-02  3.71e-02  1.93e-02  2.32e+03  2.30e+01 -1.00e+05
2015 06 03  1510   57176  54600   3.54e+00  2.70e-01  2.45e-01  8.09e-02  4.53e-02  2.18e-02  2.35e+03  1.76e+01 -1.00e+05
2015 06 03  1515   57176  54900   4.16e+00  1.42e-01  9.38e-02  5.24e-02  4.45e-02  2.68e-02  2.38e+03  2.29e+01 -1.00e+05
2015 06 03  1520   57176  55200   6.96e+00  3.27e-01  1.68e-01  7.05e-02  6.26e-02  4.49e-02  2.43e+03  2.08e+01 -1.00e+05
2015 06 03  1525   57176  55500   4.12e+00  1.32e-01  1.07e-01  6.97e-02  6.19e-02  4.41e-02  2.48e+03  2.62e+01 -1.00e+05
2015 06 03  1530   57176  55800   4.05e+00  1.46e-01  1.21e-01  4.37e-02  3.59e-02  1.81e-02  2.49e+03  2.91e+01 -1.00e+05
2015 06 03  1535   57176  56100   3.85e+00  1.67e-01  1.42e-01  4.86e-02  4.07e-02  1.97e-02  2.49e+03  2.62e+01 -1.00e+05
2015 06 03  1540   57176  56400   4.42e+00  1.42e-01  1.18e-01  7.94e-02  4.39e-02  1.81e-02  2.52e+03  2.42e+01 -1.00e+05
2015 06 03  1545   57176  56700   7.17e+00  3.17e-01  1.84e-01  7.43e-02  5.14e-02  2.92e-02  2.57e+03  2.68e+01 -1.00e+05
2015 06 03  1550   57176  57000   6.57e+00  2.35e-01  1.35e-01  8.35e-02  6.83e-02  1.83e-02  2.59e+03  2.54e+01 -1.00e+05
2015 06 03  1555   57176  57300   4.81e+00  1.46e-01  1.22e-01  8.46e-02  7.67e-02  5.90e-02  2.62e+03  2.59e+01 -1.00e+05
2015 06 03  1600   57176  57600   4.58e+00  1.52e-01  1.28e-01  5.98e-02  5.20e-02  3.42e-02  2.66e+03  2.58e+01 -1.00e+05
2015 06 03  1605   57176  57900   7.57e+00  2.93e-01  1.58e-01  4.66e-02  3.65e-02  1.81e-02  2.69e+03  2.79e+01 -1.00e+05
2015 06 03  1610   57176  58200   6.95e+00  1.92e-01  9.40e-02  4.37e-02  3.59e-02  1.81e-02  2.74e+03  2.82e+01 -1.00e+05
2015 06 03  1615   57176  58500   6.43e+00  1.94e-01  1.30e-01  8.62e-02  7.84e-02  3.18e-02  2.75e+03  3.14e+01 -1.00e+05
2015 06 03  1620   57176  58800   4.81e+00  1.72e-01  1.47e-01  5.24e-02  4.45e-02  2.68e-02  2.75e+03  3.14e+01 -1.00e+05
2015 06 03  1625   57176  59100   5.25e+00  1.15e-01  9.06e-02  5.32e-02  3.80e-02  1.81e-02  2.76e+03  3.34e+01 -1.00e+05
2015 06 03  1630   57176  59400   9.16e+00  2.66e-01  1.32e-01  9.25e-02  8.46e-02  3.38e-02  2.78e+03  3.34e+01 -1.00e+05
2015 06 03  1635   57176  59700   5.29e+00  1.48e-01  1.23e-01  8.62e-02  7.84e-02  3.18e-02  2.78e+03  3.17e+01 -1.00e+05
2015 06 03  1640   57176  60000   5.69e+00  1.22e-01  9.69e-02  5.98e-02  5.20e-02  3.42e-02  2.86e+03  3.37e+01 -1.00e+05
2015 06 03  1645   57176  60300   5.57e+00  1.24e-01  9.94e-02  6.23e-02  5.44e-02  3.67e-02  2.90e+03  3.08e+01 -1.00e+05
2015 06 03  1650   57176  60600   8.76e+00  2.27e-01  1.31e-01  8.08e-02  5.61e-02  3.34e-02  2.91e+03  3.08e+01 -1.00e+05
2015 06 03  1655   57176  60900   6.28e+00  1.96e-01  1.71e-01  1.34e-01  1.09e-01  4.26e-02  2.93e+03  3.23e+01 -1.00e+05
2015 06 03  1700   57176  61200   6.07e+00  1.39e-01  1.14e-01  7.69e-02  6.17e-02  2.57e-02  2.94e+03  3.38e+01 -1.00e+05
2015 06 03  1705   57176  61500   5.93e+00  1.50e-01  1.25e-01  8.64e-02  4.53e-02  2.18e-02  2.95e+03  3.31e+01 -1.00e+05
2015 06 03  1710   57176  61800   5.97e+00  2.02e-01  1.77e-01  8.19e-02  6.10e-02  3.93e-02  3.04e+03  3.44e+01 -1.00e+05
2015 06 03  1715   57176  62100   9.76e+00  4.02e-01  3.04e-01  7.94e-02  4.39e-02  1.81e-02  2.97e+03  3.89e+01 -1.00e+05
2015 06 03  1720   57176  62400   6.25e+00  1.23e-01  9.78e-02  6.07e-02  5.28e-02  3.50e-02  3.06e+03  3.65e+01 -1.00e+05
2015 06 03  1725   57176  62700   1.59e+01  6.60e-01  2.07e-01  6.72e-02  5.94e-02  4.16e-02  3.07e+03  3.84e+01 -1.00e+05
2015 06 03  1730   57176  63000   8.35e+00  2.83e-01  2.37e-01  8.43e-02  4.88e-02  1.97e-02  3.08e+03  3.62e+01 -1.00e+05
2015 06 03  1735   57176  63300   1.41e+01  3.01e-01  1.06e-01  6.63e-02  4.10e-02  1.81e-02  3.09e+03  3.50e+01 -1.00e+05
2015 06 03  1740   57176  63600   1.18e+01  2.97e-01  1.63e-01  5.49e-02  4.70e-02  2.92e-02  3.13e+03  3.53e+01 -1.00e+05
2015 06 03  1745   57176  63900   7.20e+00  1.38e-01  1.13e-01  7.62e-02  6.84e-02  3.78e-02  3.09e+03  3.77e+01 -1.00e+05
2015 06 03  1750   57176  64200   7.25e+00  1.42e-01  1.17e-01  7.96e-02  7.18e-02  5.40e-02  3.16e+03  3.63e+01 -1.00e+05
2015 06 03  1755   57176  64500   7.31e+00  1.37e-01  1.12e-01  7.47e-02  6.68e-02  4.91e-02  3.20e+03  3.97e+01 -1.00e+05
2015 06 03  1800   57176  64800   7.49e+00  1.09e-01  8.46e-02  4.74e-02  3.96e-02  2.18e-02  3.22e+03  4.21e+01 -1.00e+05
2015 06 03  1805   57176  65100   7.77e+00  1.75e-01  1.50e-01  5.32e-02  3.80e-02  1.81e-02  3.24e+03  4.31e+01 -1.00e+05
2015 06 03  1810   57176  65400   1.26e+01  1.87e-01  8.33e-02  4.37e-02  3.59e-02  1.81e-02  3.24e+03  3.79e+01 -1.00e+05
2015 06 03  1815   57176  65700   7.19e+00  1.42e-01  1.18e-01  7.94e-02  4.39e-02  1.81e-02  3.24e+03  3.92e+01 -1.00e+05
2015 06 03  1820   57176  66000   7.84e+00  1.60e-01  1.35e-01  9.79e-02  9.00e-02  5.48e-02  3.24e+03  3.70e+01 -1.00e+05
2015 06 03  1825   57176  66300   1.27e+01  2.17e-01  1.13e-01  7.29e-02  4.24e-02  1.81e-02  3.23e+03  4.10e+01 -1.00e+05
2015 06 03  1830   57176  66600   1.14e+01  2.88e-01  1.90e-01  7.94e-02  4.39e-02  1.81e-02  3.24e+03  4.06e+01 -1.00e+05
2015 06 03  1835   57176  66900   1.34e+01  2.20e-01  9.19e-02  5.24e-02  4.45e-02  2.68e-02  3.24e+03  3.88e+01 -1.00e+05
2015 06 03  1840   57176  67200   7.58e+00  1.27e-01  1.02e-01  6.48e-02  5.69e-02  3.92e-02  3.22e+03  4.21e+01 -1.00e+05
2015 06 03  1845   57176  67500   8.11e+00  1.44e-01  1.19e-01  8.09e-02  4.53e-02  2.18e-02  3.23e+03  3.92e+01 -1.00e+05
2015 06 03  1850   57176  67800   9.94e+00  1.34e-01  8.52e-02  4.37e-02  3.59e-02  1.81e-02  3.26e+03  4.19e+01 -1.00e+05
2015 06 03  1855   57176  68100   1.20e+01  2.03e-01  1.23e-01  7.58e-02  6.79e-02  3.60e-02  3.25e+03  4.22e+01 -1.00e+05
2015 06 03  1900   57176  68400   9.79e+00  1.73e-01  1.23e-01  8.04e-02  4.16e-02  1.81e-02  3.35e+03  4.19e+01 -1.00e+05
2015 06 03  1905   57176  68700   8.66e+00  1.56e-01  1.32e-01  9.40e-02  7.69e-02  5.65e-02  3.36e+03  4.46e+01 -1.00e+05
2015 06 03  1910   57176  69000   8.48e+00  1.46e-01  1.22e-01  8.46e-02  7.67e-02  5.90e-02  3.38e+03  4.24e+01 -1.00e+05
2015 06 03  1915   57176  69300   8.24e+00  1.37e-01  1.12e-01  4.37e-02  3.59e-02  1.81e-02  3.33e+03  4.60e+01 -1.00e+05
2015 06 03  1920   57176  69600   1.59e+01  3.41e-01  1.95e-01  1.56e-01  1.48e-01  7.85e-02  3.31e+03  3.98e+01 -1.00e+05
2015 06 03  1925   57176  69900   1.55e+01  2.56e-01  1.10e-01  7.06e-02  5.54e-02  2.37e-02  3.27e+03  4.60e+01 -1.00e+05
2015 06 03  1930   57176  70200   8.63e+00  2.95e-01  2.70e-01  1.03e-01  7.32e-02  4.90e-02  3.26e+03  3.75e+01 -1.00e+05
2015 06 03  1935   57176  70500   7.94e+00  1.18e-01  9.33e-02  5.59e-02  4.15e-02  2.18e-02  3.30e+03  4.42e+01 -1.00e+05
2015 06 03  1940   57176  70800   9.78e+00  1.49e-01  1.01e-01  5.98e-02  5.20e-02  3.42e-02  3.25e+03  4.43e+01 -1.00e+05
2015 06 03  1945   57176  71100   8.52e+00  1.62e-01  1.37e-01  5.98e-02  5.20e-02  3.42e-02  3.26e+03  4.21e+01 -1.00e+05
2015 06 03  1950   57176  71400   1.38e+01  3.25e-01  1.54e-01  4.37e-02  3.59e-02  1.81e-02  3.27e+03  4.32e+01 -1.00e+05
2015 06 03  1955   57176  71700   8.32e+00  1.61e-01  1.36e-01  9.87e-02  9.09e-02  3.58e-02  3.28e+03  4.30e+01 -1.00e+05
2015 06 03  2000   57176  72000   8.21e+00  2.38e-01  2.13e-01  1.08e-01  8.93e-02  4.02e-02  3.30e+03  4.18e+01 -1.00e+05
2015 06 03  2005   57176  72300   8.54e+00  1.24e-01  9.94e-02  6.23e-02  5.44e-02  3.67e-02  3.29e+03  4.24e+01 -1.00e+05
2015 06 03  2010   57176  72600   8.88e+00  1.46e-01  1.22e-01  8.46e-02  7.67e-02  5.90e-02  3.38e+03  4.24e+01 -1.00e+05
2015 06 03  2015   57176  72900   8.61e+00  1.12e-01  8.70e-02  4.99e-02  4.21e-02  2.43e-02  3.34e+03  4.46e+01 -1.00e+05
2015 06 03  2020   57176  73200   1.51e+01  4.04e-01  2.33e-01  6.63e-02  4.10e-02  1.81e-02  3.39e+03  4.06e+01 -1.00e+05
2015 06 03  2025   57176  73500   8.77e+00  1.12e-01  8.52e-02  4.38e-02  3.60e-02  1.82e-02  3.41e+03  4.47e+01 -1.00e+05
2015 06 03  2030   57176  73800   9.25e+00  1.45e-01  1.19e-01  6.20e-02  5.42e-02  3.63e-02  3.41e+03  4.24e+01 -1.00e+05
2015 06 03  2035   57176  74100   1.59e+01  3.83e-01  2.11e-01  4.38e-02  3.60e-02  1.81e-02  3.39e+03  4.59e+01 -1.00e+05
2015 06 03  2040   57176  74400   9.41e+00  1.32e-01  1.02e-01  6.04e-02  5.26e-02  3.47e-02  3.39e+03  4.22e+01 -1.00e+05
2015 06 03  2045   57176  74700   8.84e+00  2.02e-01  1.75e-01  1.34e-01  1.26e-01  5.05e-02  3.35e+03  4.18e+01 -1.00e+05
2015 06 03  2050   57176  75000   9.05e+00  2.44e-01  2.18e-01  7.36e-02  4.27e-02  1.81e-02  3.38e+03  4.17e+01 -1.00e+05
2015 06 03  2055   57176  75300   1.36e+01  2.36e-01  1.11e-01  5.22e-02  4.44e-02  2.25e-02  3.35e+03  4.08e+01 -1.00e+05
2015 06 03  2100   57176  75600   1.80e+01  3.38e-01  1.19e-01  4.63e-02  3.85e-02  2.06e-02  3.34e+03  4.09e+01 -1.00e+05
2015 06 03  2105   57176  75900   1.42e+01  2.88e-01  1.58e-01  7.37e-02  4.28e-02  1.82e-02  3.38e+03  4.30e+01 -1.00e+05
2015 06 03  2110   57176  76200   1.42e+01  2.57e-01  1.27e-01  4.38e-02  3.60e-02  1.81e-02  3.40e+03  4.30e+01 -1.00e+05
2015 06 03  2115   57176  76500   8.76e+00  1.70e-01  1.43e-01  1.02e-01  9.43e-02  3.39e-02  3.31e+03  4.28e+01 -1.00e+05
2015 06 03  2120   57176  76800   1.38e+01  3.11e-01  1.83e-01  7.37e-02  6.39e-02  4.54e-02  3.30e+03  4.02e+01 -1.00e+05
2015 06 03  2125   57176  77100   1.49e+01  2.20e-01  1.02e-01  5.80e-02  5.01e-02  2.27e-02  3.37e+03  3.97e+01 -1.00e+05
2015 06 03  2130   57176  77400   8.48e+00  1.11e-01  8.52e-02  4.38e-02  3.60e-02  1.81e-02  3.30e+03  4.48e+01 -1.00e+05
2015 06 03  2135   57176  77700   9.05e+00  2.28e-01  2.02e-01  7.20e-02  6.42e-02  4.50e-02  3.36e+03  3.82e+01 -1.00e+05
2015 06 03  2140   57176  78000   8.59e+00  1.34e-01  1.08e-01  4.38e-02  3.60e-02  1.81e-02  3.28e+03  4.15e+01 -1.00e+05
2015 06 03  2145   57176  78300   1.35e+01  2.61e-01  1.33e-01  7.36e-02  6.58e-02  4.79e-02  3.25e+03  4.18e+01 -1.00e+05
2015 06 03  2150   57176  78600   8.56e+00  1.60e-01  1.34e-01  9.20e-02  7.26e-02  5.13e-02  3.31e+03  4.33e+01 -1.00e+05
2015 06 03  2155   57176  78900   8.36e+00  1.67e-01  1.41e-01  9.81e-02  6.22e-02  3.85e-02  3.28e+03  3.50e+01 -1.00e+05
2015 06 03  2200   57176  79200   8.15e+00  2.13e-01  1.87e-01  4.38e-02  3.60e-02  1.81e-02  3.26e+03  4.12e+01 -1.00e+05
2015 06 03  2205   57176  79500   8.36e+00  1.65e-01  1.38e-01  9.57e-02  5.73e-02  3.05e-02  3.24e+03  3.50e+01 -1.00e+05
2015 06 03  2210   57176  79800   8.34e+00  1.54e-01  1.28e-01  8.62e-02  7.67e-02  3.44e-02  3.25e+03  3.80e+01 -1.00e+05
2015 06 03  2215   57176  80100   1.29e+01  2.33e-01  1.04e-01  4.38e-02  3.60e-02  1.81e-02  3.23e+03  3.97e+01 -1.00e+05
2015 06 03  2220   57176  80400   1.27e+01  2.72e-01  1.42e-01  8.09e-02  4.18e-02  1.81e-02  3.22e+03  3.82e+01 -1.00e+05
2015 06 03  2225   57176  80700   8.76e+00  2.93e-01  2.61e-01  8.02e-02  4.42e-02  1.81e-02  3.24e+03  3.78e+01 -1.00e+05
2015 06 03  2230   57176  81000   1.59e+01  2.97e-01  1.25e-01  8.02e-02  4.42e-02  1.81e-02  3.21e+03  3.96e+01 -1.00e+05
2015 06 03  2235   57176  81300   1.02e+01  2.88e-01  2.07e-01  5.40e-02  3.83e-02  1.81e-02  3.17e+03  3.63e+01 -1.00e+05
2015 06 03  2240   57176  81600   8.10e+00  1.35e-01  1.09e-01  4.38e-02  3.60e-02  1.81e-02  3.15e+03  3.95e+01 -1.00e+05
2015 06 03  2245   57176  81900   7.90e+00  1.77e-01  1.51e-01  1.10e-01  1.02e-01  4.43e-02  3.15e+03  3.45e+01 -1.00e+05
2015 06 03  2250   57176  82200   7.72e+00  1.44e-01  1.18e-01  4.38e-02  3.60e-02  1.81e-02  3.11e+03  3.52e+01 -1.00e+05
2015 06 03  2255   57176  82500   8.24e+00  1.29e-01  9.67e-02  5.40e-02  3.83e-02  1.82e-02  3.12e+03  3.78e+01 -1.00e+05
2015 06 03  2300   57176  82800   7.93e+00  1.68e-01  1.42e-01  9.94e-02  6.94e-02  4.51e-02  3.13e+03  3.28e+01 -1.00e+05
2015 06 03  2305   57176  83100   7.13e+00  1.40e-01  1.14e-01  7.24e-02  6.46e-02  3.41e-02  3.08e+03  3.45e+01 -1.00e+05
2015 06 03  2310   57176  83400   7.13e+00  1.67e-01  1.41e-01  9.95e-02  8.38e-02  3.27e-02  3.08e+03  3.61e+01 -1.00e+05
2015 06 03  2315   57176  83700   6.94e+00  1.34e-01  1.08e-01  4.38e-02  3.60e-02  1.81e-02  3.06e+03  3.60e+01 -1.00e+05
2015 06 03  2320   57176  84000   7.12e+00  1.70e-01  1.39e-01  7.85e-02  6.30e-02  4.29e-02  3.04e+03  3.47e+01 -1.00e+05
2015 06 03  2325   57176  84300   9.17e+00  2.34e-01  1.67e-01  1.17e-01  6.86e-02  2.84e-02  3.02e+03  3.12e+01 -1.00e+05
2015 06 03  2330   57176  84600   1.19e+01  3.47e-01  1.79e-01  7.68e-02  6.90e-02  2.87e-02  2.98e+03  3.46e+01 -1.00e+05
2015 06 03  2335   57176  84900   1.17e+01  2.12e-01  8.81e-02  4.38e-02  3.60e-02  1.81e-02  2.93e+03  3.22e+01 -1.00e+05
2015 06 03  2340   57176  85200   8.93e+00  1.76e-01  9.50e-02  4.38e-02  3.60e-02  1.81e-02  2.95e+03  3.23e+01 -1.00e+05
2015 06 03  2345   57176  85500   6.54e+00  1.44e-01  1.18e-01  4.38e-02  3.60e-02  1.81e-02  2.94e+03  3.00e+01 -1.00e+05
2015 06 03  2350   57176  85800   6.44e+00  1.39e-01  1.13e-01  4.74e-02  3.68e-02  1.81e-02  2.92e+03  3.15e+01 -1.00e+05
2015 06 03  2355   57176  86100   6.92e+00  1.56e-01  1.24e-01  8.02e-02  4.42e-02  1.81e-02  2.91e+03  2.93e+01 -1.00e+05
