:Data_list: 20150608_Gp_part_5m.txt
:Created: 2015 Jun 09 0011 UTC
# Prepared by the U.S. Dept. of Commerce, NOAA, Space Weather Prediction Center
# Please send comments and suggestions to SWPC.Webmaster@noaa.gov 
# 
# Label: P > 1 = Particles at >1 Mev
# Label: P > 5 = Particles at >5 Mev
# Label: P >10 = Particles at >10 Mev
# Label: P >30 = Particles at >30 Mev
# Label: P >50 = Particles at >50 Mev
# Label: P>100 = Particles at >100 Mev
# Label: E>0.8 = Electrons at >0.8 Mev
# Label: E>2.0 = Electrons at >2.0 Mev
# Label: E>4.0 = Electrons at >4.0 Mev
# Units: Particles = Protons/cm2-s-sr
# Units: Electrons = Electrons/cm2-s-sr
# Source: GOES-13
# Location: W075
# Missing data: -1.00e+05
#
#                      5-minute  GOES-13 Solar Particle and Electron Flux
#
#                 Modified Seconds
# UTC Date  Time   Julian  of the
# YR MO DA  HHMM    Day     Day     P > 1     P > 5     P >10     P >30     P >50     P>100     E>0.8     E>2.0     E>4.0
#-------------------------------------------------------------------------------------------------------------------------
2015 06 08  0000   57181      0   3.42e-01  1.01e-01  7.76e-02  4.77e-02  3.85e-02  2.00e-02  4.22e+01  3.47e-01 -1.00e+05
2015 06 08  0005   57181    300   6.15e-01  3.32e-01  1.32e-01  4.77e-02  3.85e-02  2.00e-02  3.98e+01  1.33e-01 -1.00e+05
2015 06 08  0010   57181    600   3.85e-01  1.41e-01  1.17e-01  8.63e-02  4.72e-02  2.00e-02  3.91e+01  1.33e-01 -1.00e+05
2015 06 08  0015   57181    900   4.39e-01  2.70e-01  2.06e-01  1.11e-01  1.02e-01  4.04e-02  3.87e+01  1.33e-01 -1.00e+05
2015 06 08  0020   57181   1200   6.46e-01  1.85e-01  7.96e-02  4.86e-02  3.94e-02  2.03e-02  2.97e+01  1.39e+00 -1.00e+05
2015 06 08  0025   57181   1500   3.35e-01  1.08e-01  8.49e-02  5.48e-02  4.15e-02  2.18e-02  2.45e+01  1.33e-01 -1.00e+05
2015 06 08  0030   57181   1800   1.28e-01  1.01e-01  7.76e-02  4.77e-02  3.85e-02  2.00e-02  2.12e+01  1.33e-01 -1.00e+05
2015 06 08  0035   57181   2100   1.96e-01  1.69e-01  1.46e-01  4.77e-02  3.85e-02  2.00e-02  2.02e+01  9.50e-01 -1.00e+05
2015 06 08  0040   57181   2400   3.22e-01  2.49e-01  2.25e-01  1.94e-01  1.15e-01  3.15e-02  1.96e+01  1.33e-01 -1.00e+05
2015 06 08  0045   57181   2700   1.47e-01  1.20e-01  9.67e-02  6.68e-02  5.76e-02  3.91e-02  1.19e+01  1.33e-01 -1.00e+05
2015 06 08  0050   57181   3000   3.08e-01  1.48e-01  1.25e-01  9.37e-02  4.95e-02  2.03e-02  1.19e+01  1.33e-01 -1.00e+05
2015 06 08  0055   57181   3300   1.81e-01  1.27e-01  1.04e-01  7.32e-02  4.43e-02  2.00e-02  7.36e+00  1.33e-01 -1.00e+05
2015 06 08  0100   57181   3600   5.05e-01  2.88e-01  1.75e-01  1.11e-01  1.02e-01  4.04e-02  6.52e+00  1.33e-01 -1.00e+05
2015 06 08  0105   57181   3900   3.74e-01  2.14e-01  1.91e-01  6.11e-02  5.19e-02  2.43e-02  5.59e+00  1.33e-01 -1.00e+05
2015 06 08  0110   57181   4200   5.97e-01  2.78e-01  1.66e-01  9.41e-02  8.49e-02  6.64e-02  6.63e+00  1.33e-01 -1.00e+05
2015 06 08  0115   57181   4500   5.61e-01  2.09e-01  1.45e-01  1.06e-01  6.56e-02  4.16e-02  1.07e+01  1.33e-01 -1.00e+05
2015 06 08  0120   57181   4800   6.46e-01  1.59e-01  1.36e-01  1.06e-01  9.66e-02  4.16e-02  1.49e+01  1.33e-01 -1.00e+05
2015 06 08  0125   57181   5100   1.23e+00  2.15e-01  1.00e-01  5.36e-02  3.98e-02  2.00e-02  1.86e+01  1.99e-01 -1.00e+05
2015 06 08  0130   57181   5400   1.32e+00  1.01e-01  7.76e-02  4.77e-02  3.85e-02  2.00e-02  4.62e+01  1.33e-01 -1.00e+05
2015 06 08  0135   57181   5700   1.72e+00  1.44e-01  1.20e-01  8.94e-02  5.12e-02  2.43e-02  5.29e+01  1.33e-01 -1.00e+05
2015 06 08  0140   57181   6000   4.26e+00  2.73e-01  1.38e-01  5.69e-02  4.77e-02  2.92e-02  5.69e+01  1.33e-01 -1.00e+05
2015 06 08  0145   57181   6300   2.74e+00  2.99e-01  2.75e-01  8.63e-02  4.72e-02  2.00e-02  6.91e+01  1.33e-01 -1.00e+05
2015 06 08  0150   57181   6600   8.43e+00  3.08e-01  9.99e-02  6.93e-02  6.01e-02  4.16e-02  7.21e+01  1.33e-01 -1.00e+05
2015 06 08  0155   57181   6900   4.52e+00  1.69e-01  1.04e-01  6.68e-02  5.76e-02  3.91e-02  7.52e+01  1.33e-01 -1.00e+05
2015 06 08  0200   57181   7200   3.43e+00  1.43e-01  1.20e-01  9.00e-02  8.01e-02  6.14e-02  7.12e+01  1.33e-01 -1.00e+05
2015 06 08  0205   57181   7500   4.69e+00  1.74e-01  1.10e-01  7.21e-02  5.69e-02  3.67e-02  6.80e+01  1.33e-01 -1.00e+05
2015 06 08  0210   57181   7800   4.81e+00  2.55e-01  1.28e-01  9.66e-02  8.74e-02  6.89e-02  7.81e+01  1.33e-01 -1.00e+05
2015 06 08  0215   57181   8100   4.29e+00  2.45e-01  1.17e-01  8.52e-02  5.99e-02  3.67e-02  8.58e+01  1.33e-01 -1.00e+05
2015 06 08  0220   57181   8400   1.80e+00  1.17e-01  9.43e-02  6.44e-02  5.52e-02  3.67e-02  8.10e+01  2.41e+00 -1.00e+05
2015 06 08  0225   57181   8700   1.35e+00  1.46e-01  1.22e-01  4.95e-02  4.03e-02  2.18e-02  7.44e+01  1.33e-01 -1.00e+05
2015 06 08  0230   57181   9000   1.30e+00  1.57e-01  1.34e-01  6.01e-02  4.13e-02  2.00e-02  6.43e+01  1.72e+00 -1.00e+05
2015 06 08  0235   57181   9300   1.63e+00  2.48e-01  1.21e-01  8.97e-02  8.05e-02  6.19e-02  5.72e+01  1.33e-01 -1.00e+05
2015 06 08  0240   57181   9600   6.94e-01  1.52e-01  1.29e-01  7.18e-02  6.26e-02  4.41e-02  4.83e+01  1.33e-01 -1.00e+05
2015 06 08  0245   57181   9900   8.72e-01  2.50e-01  1.76e-01  9.87e-02  8.95e-02  3.64e-02  4.02e+01  7.97e-01 -1.00e+05
2015 06 08  0250   57181  10200   9.63e-01  1.52e-01  9.68e-02  6.11e-02  5.19e-02  2.43e-02  3.34e+01  1.49e+00 -1.00e+05
2015 06 08  0255   57181  10500   8.19e-01  2.46e-01  2.23e-01  1.91e-01  1.25e-01  7.47e-02  2.75e+01  1.33e-01 -1.00e+05
2015 06 08  0300   57181  10800   6.73e-01  1.27e-01  1.04e-01  7.39e-02  6.47e-02  4.62e-02  1.61e+01  1.33e-01 -1.00e+05
2015 06 08  0305   57181  11100   3.95e-01  1.15e-01  9.18e-02  6.19e-02  5.27e-02  3.42e-02  1.28e+01  1.33e-01 -1.00e+05
2015 06 08  0310   57181  11400   2.33e-01  1.32e-01  1.09e-01  7.92e-02  7.00e-02  5.15e-02  5.87e+00  1.33e-01 -1.00e+05
2015 06 08  0315   57181  11700   3.37e-01  1.36e-01  1.13e-01  6.11e-02  5.19e-02  2.43e-02  5.42e+00  1.33e-01 -1.00e+05
2015 06 08  0320   57181  12000   2.89e-01  1.01e-01  7.76e-02  4.77e-02  3.85e-02  2.00e-02  5.68e+00  1.06e+00 -1.00e+05
2015 06 08  0325   57181  12300   3.31e-01  1.85e-01  7.88e-02  4.77e-02  3.85e-02  2.00e-02  4.33e+00  1.35e+00 -1.00e+05
2015 06 08  0330   57181  12600   2.75e-01  1.71e-01  1.48e-01  8.17e-02  7.25e-02  5.40e-02  2.83e+00  1.33e-01 -1.00e+05
2015 06 08  0335   57181  12900   1.96e-01  1.69e-01  1.46e-01  6.01e-02  4.13e-02  2.00e-02  2.48e+00  3.58e-01 -1.00e+05
2015 06 08  0340   57181  13200   5.09e-01  2.42e-01  1.91e-01  6.74e-02  5.82e-02  2.63e-02  2.48e+00  1.33e-01 -1.00e+05
2015 06 08  0345   57181  13500   3.10e-01  2.27e-01  2.04e-01  1.71e-01  9.51e-02  3.73e-02  2.50e+00  1.33e-01 -1.00e+05
2015 06 08  0350   57181  13800   5.62e-01  2.12e-01  1.22e-01  8.03e-02  7.10e-02  3.17e-02  2.29e+00  1.33e-01 -1.00e+05
2015 06 08  0355   57181  14100   2.37e-01  1.98e-01  1.32e-01  9.29e-02  4.87e-02  2.00e-02  2.43e+00  6.82e-01 -1.00e+05
2015 06 08  0400   57181  14400   4.08e-01  1.44e-01  1.21e-01  4.77e-02  3.85e-02  2.00e-02  2.23e+00  2.20e+00 -1.00e+05
2015 06 08  0405   57181  14700   5.27e-01  1.33e-01  1.10e-01  7.99e-02  7.07e-02  3.03e-02  2.43e+00  1.33e-01 -1.00e+05
2015 06 08  0410   57181  15000   4.74e-01  1.38e-01  1.15e-01  5.69e-02  4.77e-02  2.92e-02  2.23e+00  1.33e-01 -1.00e+05
2015 06 08  0415   57181  15300   5.33e-01  2.59e-01  2.36e-01  1.53e-01  1.43e-01  6.48e-02  2.41e+00  1.33e-01 -1.00e+05
2015 06 08  0420   57181  15600   4.38e-01  1.88e-01  1.65e-01  6.67e-02  4.28e-02  2.00e-02  2.56e+00  1.33e-01 -1.00e+05
2015 06 08  0425   57181  15900   5.18e-01  1.41e-01  1.17e-01  8.63e-02  4.72e-02  2.00e-02  2.98e+00  1.33e-01 -1.00e+05
2015 06 08  0430   57181  16200   4.23e-01  1.41e-01  1.17e-01  8.63e-02  4.72e-02  2.00e-02  2.84e+00  1.22e+00 -1.00e+05
2015 06 08  0435   57181  16500   1.43e+00  4.30e-01  1.89e-01  8.62e-02  7.70e-02  3.24e-02  2.67e+00  1.33e-01 -1.00e+05
2015 06 08  0440   57181  16800   8.35e-01  1.85e-01  7.88e-02  4.77e-02  3.85e-02  2.00e-02  2.33e+00  1.33e-01 -1.00e+05
2015 06 08  0445   57181  17100   8.30e-01  2.65e-01  1.32e-01  8.63e-02  6.24e-02  2.63e-02  2.94e+00  1.33e-01 -1.00e+05
2015 06 08  0450   57181  17400   5.74e-01  1.48e-01  1.24e-01  9.36e-02  6.37e-02  3.91e-02  2.81e+00  1.33e-01 -1.00e+05
2015 06 08  0455   57181  17700   4.37e-01  1.01e-01  7.76e-02  4.77e-02  3.85e-02  2.00e-02  2.61e+00  1.18e+00 -1.00e+05
2015 06 08  0500   57181  18000   6.38e-01  1.90e-01  1.67e-01  9.87e-02  8.95e-02  3.64e-02  2.56e+00  1.33e-01 -1.00e+05
2015 06 08  0505   57181  18300   9.06e-01  3.64e-01  3.41e-01  1.16e-01  7.82e-02  5.15e-02  2.80e+00  1.33e-01 -1.00e+05
2015 06 08  0510   57181  18600   1.09e+00  1.85e-01  7.88e-02  4.77e-02  3.85e-02  2.00e-02  4.31e+00  2.68e-01 -1.00e+05
2015 06 08  0515   57181  18900   5.71e-01  1.33e-01  1.10e-01  8.02e-02  7.10e-02  2.12e-02  4.67e+00  1.33e-01 -1.00e+05
2015 06 08  0520   57181  19200   5.69e-01  1.31e-01  1.08e-01  4.95e-02  4.03e-02  2.18e-02  6.00e+00  1.33e-01 -1.00e+05
2015 06 08  0525   57181  19500   1.37e+00  2.79e-01  1.51e-01  1.19e-01  8.29e-02  5.65e-02  2.99e+00  1.33e-01 -1.00e+05
2015 06 08  0530   57181  19800   9.41e-01  1.01e-01  7.76e-02  4.77e-02  3.85e-02  2.00e-02  6.43e+00  1.33e-01 -1.00e+05
2015 06 08  0535   57181  20100   8.64e-01  1.10e-01  8.68e-02  5.69e-02  4.77e-02  2.92e-02  1.07e+01  1.33e-01 -1.00e+05
2015 06 08  0540   57181  20400   7.92e-01  1.51e-01  8.53e-02  4.77e-02  3.85e-02  2.00e-02  8.95e+00  1.33e-01 -1.00e+05
2015 06 08  0545   57181  20700   7.70e-01  1.17e-01  9.43e-02  6.44e-02  5.52e-02  3.67e-02  3.00e+00  1.33e-01 -1.00e+05
2015 06 08  0550   57181  21000   8.58e-01  1.92e-01  1.69e-01  1.39e-01  1.30e-01  8.26e-02  2.44e+00  1.33e-01 -1.00e+05
2015 06 08  0555   57181  21300   8.47e-01  1.57e-01  9.13e-02  5.36e-02  3.98e-02  2.00e-02  2.26e+00  1.33e-01 -1.00e+05
2015 06 08  0600   57181  21600   6.88e-01  1.01e-01  7.76e-02  4.77e-02  3.85e-02  2.00e-02  2.42e+00  1.33e-01 -1.00e+05
2015 06 08  0605   57181  21900   7.85e-01  1.10e-01  8.67e-02  5.66e-02  4.38e-02  2.43e-02  2.80e+00  1.33e-01 -1.00e+05
2015 06 08  0610   57181  22200   1.15e+00  1.07e-01  8.36e-02  5.36e-02  3.98e-02  2.00e-02  3.50e+00  1.33e-01 -1.00e+05
2015 06 08  0615   57181  22500   9.89e-01  1.17e-01  9.43e-02  6.44e-02  5.52e-02  3.67e-02  6.27e+00  1.33e-01 -1.00e+05
2015 06 08  0620   57181  22800   1.05e+00  1.59e-01  1.36e-01  1.05e-01  6.43e-02  3.67e-02  1.53e+01  1.33e-01 -1.00e+05
2015 06 08  0625   57181  23100   1.04e+00  1.14e-01  9.12e-02  6.10e-02  4.22e-02  2.03e-02  2.76e+01  1.33e-01 -1.00e+05
2015 06 08  0630   57181  23400   9.97e-01  1.79e-01  1.55e-01  1.24e-01  9.05e-02  3.44e-02  5.65e+00  1.33e-01 -1.00e+05
2015 06 08  0635   57181  23700   1.86e+00  2.73e-01  8.27e-02  5.20e-02  4.28e-02  2.43e-02  3.59e+00  1.33e-01 -1.00e+05
2015 06 08  0640   57181  24000   2.03e+00  2.55e-01  1.42e-01  9.45e-02  5.30e-02  2.73e-02  2.75e+00  1.33e-01 -1.00e+05
2015 06 08  0645   57181  24300   1.94e+00  1.55e-01  1.32e-01  1.01e-01  8.08e-02  5.89e-02  2.46e+01  1.33e-01 -1.00e+05
2015 06 08  0650   57181  24600   4.22e+00  1.93e-01  9.22e-02  6.11e-02  5.19e-02  2.43e-02  1.93e+01  1.33e-01 -1.00e+05
2015 06 08  0655   57181  24900   3.67e+00  2.51e-01  1.87e-01  1.11e-01  7.06e-02  4.66e-02  1.01e+01  1.33e-01 -1.00e+05
2015 06 08  0700   57181  25200   4.02e+00  2.49e-01  7.85e-02  4.77e-02  3.85e-02  2.00e-02  5.11e+00  2.00e+00 -1.00e+05
2015 06 08  0705   57181  25500   1.84e+00  1.64e-01  9.81e-02  6.01e-02  4.13e-02  2.00e-02  3.83e+00  1.33e-01 -1.00e+05
2015 06 08  0710   57181  25800   2.88e+00  2.07e-01  7.87e-02  4.77e-02  3.85e-02  2.00e-02  9.09e+00  1.33e-01 -1.00e+05
2015 06 08  0715   57181  26100   1.28e+00  1.08e-01  8.47e-02  5.48e-02  4.56e-02  2.23e-02  4.12e+00  1.33e-01 -1.00e+05
2015 06 08  0720   57181  26400   1.53e+00  1.82e-01  1.20e-01  8.25e-02  7.33e-02  5.48e-02  3.34e+00  1.33e-01 -1.00e+05
2015 06 08  0725   57181  26700   1.46e+00  2.62e-01  2.39e-01  9.60e-02  5.27e-02  2.43e-02  3.09e+00  1.33e-01 -1.00e+05
2015 06 08  0730   57181  27000   2.23e+00  2.72e-01  1.60e-01  7.68e-02  6.75e-02  4.90e-02  3.47e+00  1.33e-01 -1.00e+05
2015 06 08  0735   57181  27300   1.48e+00  1.44e-01  1.21e-01  4.77e-02  3.85e-02  2.00e-02  4.09e+00  1.33e-01 -1.00e+05
2015 06 08  0740   57181  27600   1.52e+00  1.01e-01  7.76e-02  4.77e-02  3.85e-02  2.00e-02  3.65e+00  9.05e-01 -1.00e+05
2015 06 08  0745   57181  27900   1.31e+00  1.64e-01  1.41e-01  8.42e-02  7.50e-02  5.65e-02  3.53e+00  1.33e-01 -1.00e+05
2015 06 08  0750   57181  28200   1.69e+00  1.79e-01  1.14e-01  4.77e-02  3.85e-02  2.00e-02  2.41e+00  1.33e-01 -1.00e+05
2015 06 08  0755   57181  28500   1.57e+00  1.70e-01  1.47e-01  1.17e-01  1.03e-01  4.04e-02  2.63e+00  1.33e-01 -1.00e+05
2015 06 08  0800   57181  28800   1.58e+00  1.39e-01  1.16e-01  8.59e-02  6.75e-02  2.97e-02  2.68e+00  1.33e-01 -1.00e+05
2015 06 08  0805   57181  29100   1.92e+00  1.70e-01  1.47e-01  7.32e-02  4.43e-02  2.00e-02  3.04e+00  1.33e-01 -1.00e+05
2015 06 08  0810   57181  29400   1.74e+00  2.05e-01  1.82e-01  6.67e-02  4.28e-02  2.00e-02  2.89e+00  1.33e-01 -1.00e+05
2015 06 08  0815   57181  29700   3.60e+00  2.37e-01  1.22e-01  4.77e-02  3.85e-02  2.00e-02  4.42e+00  1.33e-01 -1.00e+05
2015 06 08  0820   57181  30000   2.12e+00  1.08e-01  8.44e-02  5.45e-02  4.53e-02  2.67e-02  6.31e+00  1.33e-01 -1.00e+05
2015 06 08  0825   57181  30300   1.94e+00  1.01e-01  7.76e-02  4.77e-02  3.85e-02  2.00e-02  8.83e+00  1.33e-01 -1.00e+05
2015 06 08  0830   57181  30600   2.83e+00  1.55e-01  8.95e-02  5.20e-02  4.28e-02  2.43e-02  6.13e+00  1.33e-01 -1.00e+05
2015 06 08  0835   57181  30900   1.64e+00  1.29e-01  1.06e-01  4.77e-02  3.85e-02  2.00e-02  3.96e+00  1.33e-01 -1.00e+05
2015 06 08  0840   57181  31200   1.42e+00  1.01e-01  7.76e-02  4.77e-02  3.85e-02  2.00e-02  2.75e+00  1.33e-01 -1.00e+05
2015 06 08  0845   57181  31500   2.66e+00  2.64e-01  1.50e-01  6.44e-02  5.52e-02  3.67e-02  3.42e+00  1.33e-01 -1.00e+05
2015 06 08  0850   57181  31800   1.87e+00  1.71e-01  1.48e-01  1.17e-01  7.77e-02  4.61e-02  2.65e+00  1.33e-01 -1.00e+05
2015 06 08  0855   57181  32100   2.00e+00  2.45e-01  2.22e-01  7.98e-02  4.57e-02  2.00e-02  2.67e+00  1.33e-01 -1.00e+05
2015 06 08  0900   57181  32400   1.96e+00  1.01e-01  7.76e-02  4.77e-02  3.85e-02  2.00e-02  3.18e+00  6.97e-01 -1.00e+05
2015 06 08  0905   57181  32700   1.81e+00  1.29e-01  1.06e-01  4.77e-02  3.85e-02  2.00e-02  3.33e+00  1.33e-01 -1.00e+05
2015 06 08  0910   57181  33000   2.81e+00  1.85e-01  7.88e-02  4.77e-02  3.85e-02  2.00e-02  2.61e+00  1.33e+00 -1.00e+05
2015 06 08  0915   57181  33300   1.76e+00  1.64e-01  1.41e-01  7.18e-02  6.26e-02  4.41e-02  2.70e+00  1.33e-01 -1.00e+05
2015 06 08  0920   57181  33600   1.60e+00  1.35e-01  1.12e-01  8.17e-02  7.25e-02  5.40e-02  2.31e+00  1.33e-01 -1.00e+05
2015 06 08  0925   57181  33900   1.86e+00  1.39e-01  1.16e-01  8.62e-02  7.70e-02  3.24e-02  2.62e+00  1.33e-01 -1.00e+05
2015 06 08  0930   57181  34200   1.79e+00  1.54e-01  1.24e-01  9.25e-02  8.32e-02  3.44e-02  2.34e+00  1.33e-01 -1.00e+05
2015 06 08  0935   57181  34500   1.67e+00  1.20e-01  9.71e-02  6.67e-02  4.28e-02  2.00e-02  2.70e+00  1.86e-01 -1.00e+05
2015 06 08  0940   57181  34800   1.67e+00  1.25e-01  1.02e-01  7.18e-02  6.26e-02  4.41e-02  2.48e+00  1.33e-01 -1.00e+05
2015 06 08  0945   57181  35100   2.35e+00  2.97e-01  2.34e-01  1.08e-01  8.22e-02  5.89e-02  2.54e+00  1.33e-01 -1.00e+05
2015 06 08  0950   57181  35400   3.11e+00  2.08e-01  1.43e-01  1.05e-01  6.56e-02  4.16e-02  3.23e+00  1.33e-01 -1.00e+05
2015 06 08  0955   57181  35700   2.50e+00  1.01e-01  7.76e-02  4.77e-02  3.85e-02  2.00e-02  4.91e+00  1.33e-01 -1.00e+05
2015 06 08  1000   57181  36000   3.13e+00  1.40e-01  1.17e-01  7.54e-02  6.62e-02  3.52e-02  6.71e+00  1.33e-01 -1.00e+05
2015 06 08  1005   57181  36300   4.65e+00  1.51e-01  8.53e-02  4.77e-02  3.85e-02  2.00e-02  9.56e+00  1.34e+00 -1.00e+05
2015 06 08  1010   57181  36600   3.95e+00  1.58e-01  1.35e-01  6.56e-02  5.54e-02  3.67e-02  1.54e+01  1.33e-01 -1.00e+05
2015 06 08  1015   57181  36900   3.17e+00  1.29e-01  1.06e-01  4.77e-02  3.85e-02  2.00e-02  1.68e+01  5.59e-01 -1.00e+05
2015 06 08  1020   57181  37200   4.04e+00  1.14e-01  9.04e-02  6.01e-02  4.13e-02  2.00e-02  1.31e+01  1.33e-01 -1.00e+05
2015 06 08  1025   57181  37500   5.42e+00  1.89e-01  8.59e-02  5.48e-02  4.56e-02  2.23e-02  1.28e+01  4.52e-01 -1.00e+05
2015 06 08  1030   57181  37800   4.69e+00  1.93e-01  1.28e-01  9.00e-02  5.90e-02  3.42e-02  1.84e+01  1.33e-01 -1.00e+05
2015 06 08  1035   57181  38100   4.10e+00  1.52e-01  1.02e-01  6.74e-02  5.82e-02  2.63e-02  2.57e+01  3.87e-01 -1.00e+05
2015 06 08  1040   57181  38400   2.55e+00  1.01e-01  7.76e-02  4.77e-02  3.85e-02  2.00e-02  3.22e+01  2.43e+00 -1.00e+05
2015 06 08  1045   57181  38700   2.84e+00  1.68e-01  1.44e-01  1.14e-01  1.03e-01  6.35e-02  2.59e+01  1.33e-01 -1.00e+05
2015 06 08  1050   57181  39000   4.43e+00  1.44e-01  1.21e-01  4.77e-02  3.85e-02  2.00e-02  2.84e+01  4.29e-01 -1.00e+05
2015 06 08  1055   57181  39300   3.50e+00  2.10e-01  1.87e-01  7.38e-02  4.99e-02  2.23e-02  4.81e+01  1.33e-01 -1.00e+05
2015 06 08  1100   57181  39600   3.18e+00  1.08e-01  8.49e-02  5.48e-02  4.15e-02  2.18e-02  5.07e+01  1.33e-01 -1.00e+05
2015 06 08  1105   57181  39900   2.81e+00  1.17e-01  9.43e-02  6.44e-02  5.52e-02  3.67e-02  4.81e+01  1.33e-01 -1.00e+05
2015 06 08  1110   57181  40200   4.12e+00  1.05e-01  8.19e-02  5.20e-02  4.28e-02  2.43e-02  4.44e+01  1.52e-01 -1.00e+05
2015 06 08  1115   57181  40500   6.60e+00  2.07e-01  7.87e-02  4.77e-02  3.85e-02  2.00e-02  5.13e+01  2.85e+00 -1.00e+05
2015 06 08  1120   57181  40800   3.44e+00  1.07e-01  8.36e-02  5.36e-02  3.98e-02  2.00e-02  6.39e+01  1.12e+00 -1.00e+05
2015 06 08  1125   57181  41100   3.41e+00  1.57e-01  1.34e-01  6.44e-02  5.52e-02  3.67e-02  7.73e+01  1.35e+00 -1.00e+05
2015 06 08  1130   57181  41400   3.11e+00  1.82e-01  1.59e-01  6.93e-02  6.01e-02  4.16e-02  9.08e+01  1.33e-01 -1.00e+05
2015 06 08  1135   57181  41700   3.90e+00  1.01e-01  7.76e-02  4.77e-02  3.85e-02  2.00e-02  1.05e+02  7.49e-01 -1.00e+05
2015 06 08  1140   57181  42000   3.17e+00  1.01e-01  7.76e-02  4.77e-02  3.85e-02  2.00e-02  1.13e+02  1.33e-01 -1.00e+05
2015 06 08  1145   57181  42300   5.59e+00  3.25e-01  1.31e-01  4.77e-02  3.85e-02  2.00e-02  9.67e+01  1.33e-01 -1.00e+05
2015 06 08  1150   57181  42600   2.61e+00  1.01e-01  7.76e-02  4.77e-02  3.85e-02  2.00e-02  1.03e+02  2.46e+00 -1.00e+05
2015 06 08  1155   57181  42900   2.86e+00  1.20e-01  9.71e-02  6.67e-02  4.28e-02  2.00e-02  1.10e+02  1.23e+00 -1.00e+05
2015 06 08  1200   57181  43200   3.28e+00  1.94e-01  1.29e-01  4.77e-02  3.85e-02  2.00e-02  8.73e+01  2.88e+00 -1.00e+05
2015 06 08  1205   57181  43500   4.64e+00  2.29e-01  7.86e-02  4.77e-02  3.85e-02  2.00e-02  5.06e+01  1.43e+00 -1.00e+05
2015 06 08  1210   57181  43800   3.59e+00  1.51e-01  8.53e-02  4.77e-02  3.85e-02  2.00e-02  4.78e+01  9.92e-01 -1.00e+05
2015 06 08  1215   57181  44100   6.14e+00  2.13e-01  8.47e-02  5.36e-02  3.98e-02  2.00e-02  3.15e+01  1.33e-01 -1.00e+05
2015 06 08  1220   57181  44400   4.17e+00  1.53e-01  1.08e-01  7.36e-02  6.44e-02  2.83e-02  2.29e+01  1.33e-01 -1.00e+05
2015 06 08  1225   57181  44700   7.01e+00  4.30e-01  1.33e-01  4.77e-02  3.85e-02  2.00e-02  2.76e+01  1.55e+00 -1.00e+05
2015 06 08  1230   57181  45000   4.35e+00  2.70e-01  1.56e-01  5.36e-02  3.98e-02  2.00e-02  3.28e+01  1.33e-01 -1.00e+05
2015 06 08  1235   57181  45300   3.10e+00  1.41e-01  1.17e-01  8.63e-02  4.72e-02  2.00e-02  3.86e+01  1.33e-01 -1.00e+05
2015 06 08  1240   57181  45600   5.99e+00  2.09e-01  9.41e-02  4.77e-02  3.85e-02  2.00e-02  4.38e+01  1.05e+00 -1.00e+05
2015 06 08  1245   57181  45900   4.14e+00  1.67e-01  1.44e-01  7.15e-02  4.91e-02  2.67e-02  5.81e+01  1.33e-01 -1.00e+05
2015 06 08  1250   57181  46200   4.24e+00  1.35e-01  1.12e-01  8.17e-02  7.25e-02  5.40e-02  7.33e+01  1.33e-01 -1.00e+05
2015 06 08  1255   57181  46500   6.07e+00  2.12e-01  1.43e-01  1.05e-01  9.58e-02  3.84e-02  8.05e+01  1.33e-01 -1.00e+05
2015 06 08  1300   57181  46800   4.77e+00  1.73e-01  1.50e-01  1.19e-01  7.94e-02  3.03e-02  8.02e+01  1.33e-01 -1.00e+05
2015 06 08  1305   57181  47100   5.14e+00  1.01e-01  7.76e-02  4.77e-02  3.85e-02  2.00e-02  8.54e+01  4.48e+00 -1.00e+05
2015 06 08  1310   57181  47400   5.05e+00  1.91e-01  1.68e-01  9.70e-02  6.07e-02  3.67e-02  9.46e+01  1.33e-01 -1.00e+05
2015 06 08  1315   57181  47700   5.27e+00  1.77e-01  1.54e-01  1.24e-01  1.15e-01  4.44e-02  1.10e+02  1.33e-01 -1.00e+05
2015 06 08  1320   57181  48000   7.24e+00  1.91e-01  1.25e-01  8.63e-02  4.72e-02  2.00e-02  1.19e+02  1.33e-01 -1.00e+05
2015 06 08  1325   57181  48300   9.52e+00  1.85e-01  7.88e-02  4.77e-02  3.85e-02  2.00e-02  1.35e+02  1.13e+00 -1.00e+05
2015 06 08  1330   57181  48600   7.87e+00  1.51e-01  8.53e-02  4.77e-02  3.85e-02  2.00e-02  1.43e+02  7.92e-01 -1.00e+05
2015 06 08  1335   57181  48900   1.02e+01  4.54e-01  2.98e-01  1.05e-01  6.12e-02  3.11e-02  1.43e+02  1.33e-01 -1.00e+05
2015 06 08  1340   57181  49200   4.92e+00  1.41e-01  1.17e-01  8.63e-02  4.72e-02  2.00e-02  1.51e+02  1.29e+00 -1.00e+05
2015 06 08  1345   57181  49500   6.64e+00  1.79e-01  1.14e-01  4.77e-02  3.85e-02  2.00e-02  1.44e+02  6.28e-01 -1.00e+05
2015 06 08  1350   57181  49800   4.64e+00  1.27e-01  1.04e-01  7.36e-02  6.44e-02  2.83e-02  2.08e+02  9.59e-01 -1.00e+05
2015 06 08  1355   57181  50100   6.29e+00  2.09e-01  9.41e-02  4.77e-02  3.85e-02  2.00e-02  1.84e+02  1.27e+00 -1.00e+05
2015 06 08  1400   57181  50400   4.00e+00  1.14e-01  9.10e-02  6.11e-02  5.19e-02  2.43e-02  1.82e+02  2.55e-01 -1.00e+05
2015 06 08  1405   57181  50700   4.47e+00  1.51e-01  1.28e-01  9.66e-02  6.05e-02  3.42e-02  1.52e+02  1.33e-01 -1.00e+05
2015 06 08  1410   57181  51000   4.33e+00  1.02e-01  7.85e-02  4.86e-02  3.94e-02  2.03e-02  2.10e+02  1.33e-01 -1.00e+05
2015 06 08  1415   57181  51300   4.32e+00  1.44e-01  1.20e-01  4.86e-02  3.94e-02  2.03e-02  2.16e+02  1.33e-01 -1.00e+05
2015 06 08  1420   57181  51600   4.28e+00  1.01e-01  7.76e-02  4.77e-02  3.85e-02  2.00e-02  2.96e+02  4.62e+00 -1.00e+05
2015 06 08  1425   57181  51900   9.38e+00  3.64e-01  1.87e-01  1.54e-01  9.45e-02  3.24e-02  2.79e+02  2.06e-01 -1.00e+05
2015 06 08  1430   57181  52200   1.03e+01  3.17e-01  1.47e-01  1.15e-01  8.14e-02  2.12e-02  3.68e+02  1.33e-01 -1.00e+05
2015 06 08  1435   57181  52500   5.00e+00  1.01e-01  7.76e-02  4.77e-02  3.85e-02  2.00e-02  3.13e+02  3.50e+00 -1.00e+05
2015 06 08  1440   57181  52800   8.81e+00  2.99e-01  1.65e-01  8.52e-02  5.99e-02  3.67e-02  3.96e+02  1.16e+00 -1.00e+05
2015 06 08  1445   57181  53100   7.11e+00  1.79e-01  1.14e-01  4.77e-02  3.85e-02  2.00e-02  4.67e+02  2.48e-01 -1.00e+05
2015 06 08  1450   57181  53400   6.32e+00  1.71e-01  1.07e-01  6.93e-02  6.01e-02  4.16e-02  4.78e+02  1.33e-01 -1.00e+05
2015 06 08  1455   57181  53700   5.06e+00  1.01e-01  7.76e-02  4.77e-02  3.85e-02  2.00e-02  5.29e+02  1.33e-01 -1.00e+05
2015 06 08  1500   57181  54000   5.08e+00  1.34e-01  1.11e-01  7.98e-02  4.57e-02  2.00e-02  5.95e+02  2.14e-01 -1.00e+05
2015 06 08  1505   57181  54300   5.33e+00  1.01e-01  7.76e-02  4.77e-02  3.85e-02  2.00e-02  6.47e+02  8.05e-01 -1.00e+05
2015 06 08  1510   57181  54600   5.58e+00  1.58e-01  1.35e-01  7.39e-02  6.47e-02  4.62e-02  7.92e+02  1.33e-01 -1.00e+05
2015 06 08  1515   57181  54900   5.28e+00  1.39e-01  1.16e-01  8.60e-02  7.23e-02  2.12e-02  8.04e+02  1.33e-01 -1.00e+05
2015 06 08  1520   57181  55200   6.51e+00  1.14e-01  9.04e-02  6.01e-02  4.13e-02  2.00e-02  9.70e+02  2.04e+00 -1.00e+05
2015 06 08  1525   57181  55500   5.76e+00  1.50e-01  1.27e-01  5.36e-02  3.98e-02  2.00e-02  8.07e+02  1.33e-01 -1.00e+05
2015 06 08  1530   57181  55800   8.02e+00  2.12e-01  1.24e-01  9.25e-02  8.32e-02  3.44e-02  9.58e+02  1.32e+00 -1.00e+05
2015 06 08  1535   57181  56100   4.50e+00  1.53e-01  1.30e-01  6.51e-02  5.59e-02  3.74e-02  9.45e+02  1.33e-01 -1.00e+05
2015 06 08  1540   57181  56400   7.43e+00  2.07e-01  7.87e-02  4.77e-02  3.85e-02  2.00e-02  9.39e+02  1.56e+00 -1.00e+05
2015 06 08  1545   57181  56700   3.31e+00  1.10e-01  8.68e-02  5.69e-02  4.77e-02  2.92e-02  9.39e+02  1.99e+00 -1.00e+05
2015 06 08  1550   57181  57000   4.95e+00  2.63e-01  1.54e-01  7.05e-02  6.13e-02  3.86e-02  1.01e+03  1.33e-01 -1.00e+05
2015 06 08  1555   57181  57300   4.61e+00  1.87e-01  1.24e-01  8.67e-02  7.75e-02  5.89e-02  1.27e+03  1.23e+00 -1.00e+05
2015 06 08  1600   57181  57600   5.32e+00  2.37e-01  1.53e-01  1.22e-01  1.12e-01  5.84e-02  1.40e+03  1.33e-01 -1.00e+05
2015 06 08  1605   57181  57900   3.12e+00  1.01e-01  7.76e-02  4.77e-02  3.85e-02  2.00e-02  1.59e+03  2.79e+00 -1.00e+05
2015 06 08  1610   57181  58200   2.89e+00  1.91e-01  1.68e-01  9.66e-02  6.05e-02  3.42e-02  1.76e+03  1.33e-01 -1.00e+05
2015 06 08  1615   57181  58500   6.50e+00  2.60e-01  9.02e-02  5.94e-02  5.02e-02  3.17e-02  1.87e+03  2.70e+00 -1.00e+05
2015 06 08  1620   57181  58800   3.02e+00  1.61e-01  1.38e-01  4.77e-02  3.85e-02  2.00e-02  1.88e+03  2.57e+00 -1.00e+05
2015 06 08  1625   57181  59100   2.99e+00  1.44e-01  1.21e-01  4.77e-02  3.85e-02  2.00e-02  1.91e+03  3.54e+00 -1.00e+05
2015 06 08  1630   57181  59400   2.63e+00  1.05e-01  8.19e-02  5.20e-02  4.28e-02  2.43e-02  2.00e+03  3.01e+00 -1.00e+05
2015 06 08  1635   57181  59700   5.73e+00  2.09e-01  9.41e-02  4.77e-02  3.85e-02  2.00e-02  2.06e+03  3.02e+00 -1.00e+05
2015 06 08  1640   57181  60000   5.97e+00  2.42e-01  1.39e-01  9.32e-02  5.91e-02  2.43e-02  2.11e+03  1.33e-01 -1.00e+05
2015 06 08  1645   57181  60300   7.07e+00  1.85e-01  7.88e-02  4.77e-02  3.85e-02  2.00e-02  2.31e+03  3.69e+00 -1.00e+05
2015 06 08  1650   57181  60600   4.13e+00  1.20e-01  9.71e-02  6.67e-02  4.28e-02  2.00e-02  2.51e+03  4.20e-01 -1.00e+05
2015 06 08  1655   57181  60900   4.28e+00  1.67e-01  1.43e-01  8.67e-02  7.75e-02  5.89e-02  2.76e+03  1.53e+00 -1.00e+05
2015 06 08  1700   57181  61200   5.61e+00  3.32e-01  3.09e-01  8.55e-02  4.40e-02  2.00e-02  3.01e+03  1.35e+00 -1.00e+05
2015 06 08  1705   57181  61500   7.14e+00  1.10e-01  8.68e-02  5.69e-02  4.77e-02  2.92e-02  3.61e+03  4.78e+00 -1.00e+05
2015 06 08  1710   57181  61800   1.15e+01  2.49e-01  1.34e-01  4.77e-02  3.85e-02  2.00e-02  3.71e+03  5.22e-01 -1.00e+05
2015 06 08  1715   57181  62100   7.39e+00  1.49e-01  1.25e-01  9.42e-02  5.04e-02  2.18e-02  3.47e+03  1.63e+00 -1.00e+05
2015 06 08  1720   57181  62400   1.13e+01  3.84e-01  3.21e-01  1.25e-01  8.98e-02  6.39e-02  3.30e+03  1.16e+00 -1.00e+05
2015 06 08  1725   57181  62700   1.31e+01  2.44e-01  1.33e-01  8.67e-02  7.75e-02  5.89e-02  3.56e+03  3.00e+00 -1.00e+05
2015 06 08  1730   57181  63000   9.21e+00  1.59e-01  1.36e-01  1.06e-01  9.71e-02  4.34e-02  4.14e+03  3.33e+00 -1.00e+05
2015 06 08  1735   57181  63300   1.11e+01  1.51e-01  8.53e-02  4.77e-02  3.85e-02  2.00e-02  4.92e+03  2.33e+00 -1.00e+05
2015 06 08  1740   57181  63600   7.50e+00  2.05e-01  1.82e-01  9.75e-02  8.13e-02  4.10e-02  4.80e+03  1.33e-01 -1.00e+05
2015 06 08  1745   57181  63900   6.08e+00  1.14e-01  9.04e-02  6.01e-02  4.13e-02  2.00e-02  4.59e+03  2.24e+00 -1.00e+05
2015 06 08  1750   57181  64200   6.16e+00  1.20e-01  9.71e-02  6.67e-02  4.28e-02  2.00e-02  5.22e+03  7.07e+00 -1.00e+05
2015 06 08  1755   57181  64500   8.72e+00  2.67e-01  1.53e-01  6.50e-02  4.76e-02  2.67e-02  4.42e+03  4.76e+00 -1.00e+05
2015 06 08  1800   57181  64800   6.49e+00  1.97e-01  1.34e-01  9.60e-02  7.38e-02  5.15e-02  3.97e+03  1.33e-01 -1.00e+05
2015 06 08  1805   57181  65100   4.57e+00  1.56e-01  1.33e-01  6.20e-02  5.08e-02  3.17e-02  4.15e+03  1.46e+00 -1.00e+05
2015 06 08  1810   57181  65400   4.09e+00  2.39e-01  2.16e-01  1.06e-01  7.17e-02  2.83e-02  4.24e+03  6.46e+00 -1.00e+05
2015 06 08  1815   57181  65700   4.95e+00  1.41e-01  1.18e-01  4.77e-02  3.85e-02  2.00e-02  4.83e+03  7.27e+00 -1.00e+05
2015 06 08  1820   57181  66000   8.48e+00  2.51e-01  1.22e-01  8.89e-02  4.40e-02  2.00e-02  4.98e+03  3.73e-01 -1.00e+05
2015 06 08  1825   57181  66300   4.04e+00  1.44e-01  1.21e-01  4.77e-02  3.85e-02  2.00e-02  5.30e+03  4.03e+00 -1.00e+05
2015 06 08  1830   57181  66600   4.63e+00  1.34e-01  1.10e-01  7.99e-02  5.29e-02  2.92e-02  6.76e+03  7.33e+00 -1.00e+05
2015 06 08  1835   57181  66900   7.49e+00  2.52e-01  1.37e-01  4.77e-02  3.85e-02  2.00e-02  7.97e+03  1.00e+01 -1.00e+05
2015 06 08  1840   57181  67200   6.13e+00  1.51e-01  8.53e-02  4.77e-02  3.85e-02  2.00e-02  7.25e+03  9.89e+00 -1.00e+05
2015 06 08  1845   57181  67500   8.91e+00  4.80e-01  2.18e-01  8.98e-02  8.06e-02  4.65e-02  6.97e+03  9.21e+00 -1.00e+05
2015 06 08  1850   57181  67800   5.25e+00  2.32e-01  1.87e-01  7.36e-02  6.44e-02  2.83e-02  8.07e+03  9.62e+00 -1.00e+05
2015 06 08  1855   57181  68100   4.77e+00  1.79e-01  1.56e-01  1.25e-01  8.57e-02  3.24e-02  8.87e+03  1.07e+01 -1.00e+05
2015 06 08  1900   57181  68400   4.69e+00  1.13e-01  8.93e-02  5.94e-02  5.02e-02  3.17e-02  8.68e+03  1.22e+01 -1.00e+05
2015 06 08  1905   57181  68700   4.32e+00  2.25e-01  2.02e-01  7.32e-02  4.43e-02  2.00e-02  7.90e+03  9.33e+00 -1.00e+05
2015 06 08  1910   57181  69000   9.05e+00  3.25e-01  1.31e-01  4.77e-02  3.85e-02  2.00e-02  9.50e+03  1.32e+01 -1.00e+05
2015 06 08  1915   57181  69300   4.19e+00  1.30e-01  1.07e-01  7.68e-02  6.75e-02  4.90e-02  8.61e+03  8.59e+00 -1.00e+05
2015 06 08  1920   57181  69600   7.87e+00  2.11e-01  1.05e-01  7.32e-02  4.43e-02  2.00e-02  8.88e+03  1.05e+01 -1.00e+05
2015 06 08  1925   57181  69900   4.25e+00  1.33e-01  1.09e-01  7.93e-02  6.62e-02  4.66e-02  8.71e+03  1.24e+01 -1.00e+05
2015 06 08  1930   57181  70200   7.15e+00  4.32e-01  2.26e-01  5.36e-02  3.98e-02  2.00e-02  1.00e+04  1.59e+01 -1.00e+05
2015 06 08  1935   57181  70500  -1.00e+05 -1.00e+05 -1.00e+05 -1.00e+05 -1.00e+05 -1.00e+05 -1.00e+05 -1.00e+05 -1.00e+05
2015 06 08  1940   57181  70800  -1.00e+05 -1.00e+05 -1.00e+05 -1.00e+05 -1.00e+05 -1.00e+05 -1.00e+05 -1.00e+05 -1.00e+05
2015 06 08  1945   57181  71100  -1.00e+05 -1.00e+05 -1.00e+05 -1.00e+05 -1.00e+05 -1.00e+05 -1.00e+05 -1.00e+05 -1.00e+05
2015 06 08  1950   57181  71400  -1.00e+05 -1.00e+05 -1.00e+05 -1.00e+05 -1.00e+05 -1.00e+05 -1.00e+05 -1.00e+05 -1.00e+05
2015 06 08  1955   57181  71700  -1.00e+05 -1.00e+05 -1.00e+05 -1.00e+05 -1.00e+05 -1.00e+05 -1.00e+05 -1.00e+05 -1.00e+05
2015 06 08  2000   57181  72000  -1.00e+05 -1.00e+05 -1.00e+05 -1.00e+05 -1.00e+05 -1.00e+05 -1.00e+05 -1.00e+05 -1.00e+05
2015 06 08  2005   57181  72300  -1.00e+05 -1.00e+05 -1.00e+05 -1.00e+05 -1.00e+05 -1.00e+05 -1.00e+05 -1.00e+05 -1.00e+05
2015 06 08  2010   57181  72600  -1.00e+05 -1.00e+05 -1.00e+05 -1.00e+05 -1.00e+05 -1.00e+05 -1.00e+05 -1.00e+05 -1.00e+05
2015 06 08  2015   57181  72900  -1.00e+05 -1.00e+05 -1.00e+05 -1.00e+05 -1.00e+05 -1.00e+05 -1.00e+05 -1.00e+05 -1.00e+05
2015 06 08  2020   57181  73200  -1.00e+05 -1.00e+05 -1.00e+05 -1.00e+05 -1.00e+05 -1.00e+05 -1.00e+05 -1.00e+05 -1.00e+05
2015 06 08  2025   57181  73500  -1.00e+05 -1.00e+05 -1.00e+05 -1.00e+05 -1.00e+05 -1.00e+05 -1.00e+05 -1.00e+05 -1.00e+05
2015 06 08  2030   57181  73800  -1.00e+05 -1.00e+05 -1.00e+05 -1.00e+05 -1.00e+05 -1.00e+05 -1.00e+05 -1.00e+05 -1.00e+05
2015 06 08  2035   57181  74100  -1.00e+05 -1.00e+05 -1.00e+05 -1.00e+05 -1.00e+05 -1.00e+05 -1.00e+05 -1.00e+05 -1.00e+05
2015 06 08  2040   57181  74400  -1.00e+05 -1.00e+05 -1.00e+05 -1.00e+05 -1.00e+05 -1.00e+05 -1.00e+05 -1.00e+05 -1.00e+05
2015 06 08  2045   57181  74700  -1.00e+05 -1.00e+05 -1.00e+05 -1.00e+05 -1.00e+05 -1.00e+05 -1.00e+05 -1.00e+05 -1.00e+05
2015 06 08  2050   57181  75000  -1.00e+05 -1.00e+05 -1.00e+05 -1.00e+05 -1.00e+05 -1.00e+05 -1.00e+05 -1.00e+05 -1.00e+05
2015 06 08  2055   57181  75300  -1.00e+05 -1.00e+05 -1.00e+05 -1.00e+05 -1.00e+05 -1.00e+05 -1.00e+05 -1.00e+05 -1.00e+05
2015 06 08  2100   57181  75600  -1.00e+05 -1.00e+05 -1.00e+05 -1.00e+05 -1.00e+05 -1.00e+05 -1.00e+05 -1.00e+05 -1.00e+05
2015 06 08  2105   57181  75900  -1.00e+05 -1.00e+05 -1.00e+05 -1.00e+05 -1.00e+05 -1.00e+05 -1.00e+05 -1.00e+05 -1.00e+05
2015 06 08  2110   57181  76200  -1.00e+05 -1.00e+05 -1.00e+05 -1.00e+05 -1.00e+05 -1.00e+05 -1.00e+05 -1.00e+05 -1.00e+05
2015 06 08  2115   57181  76500  -1.00e+05 -1.00e+05 -1.00e+05 -1.00e+05 -1.00e+05 -1.00e+05 -1.00e+05 -1.00e+05 -1.00e+05
2015 06 08  2120   57181  76800  -1.00e+05 -1.00e+05 -1.00e+05 -1.00e+05 -1.00e+05 -1.00e+05 -1.00e+05 -1.00e+05 -1.00e+05
2015 06 08  2125   57181  77100  -1.00e+05 -1.00e+05 -1.00e+05 -1.00e+05 -1.00e+05 -1.00e+05 -1.00e+05 -1.00e+05 -1.00e+05
2015 06 08  2130   57181  77400  -1.00e+05 -1.00e+05 -1.00e+05 -1.00e+05 -1.00e+05 -1.00e+05 -1.00e+05 -1.00e+05 -1.00e+05
2015 06 08  2135   57181  77700  -1.00e+05 -1.00e+05 -1.00e+05 -1.00e+05 -1.00e+05 -1.00e+05 -1.00e+05 -1.00e+05 -1.00e+05
2015 06 08  2140   57181  78000  -1.00e+05 -1.00e+05 -1.00e+05 -1.00e+05 -1.00e+05 -1.00e+05 -1.00e+05 -1.00e+05 -1.00e+05
2015 06 08  2145   57181  78300  -1.00e+05 -1.00e+05 -1.00e+05 -1.00e+05 -1.00e+05 -1.00e+05 -1.00e+05 -1.00e+05 -1.00e+05
2015 06 08  2150   57181  78600  -1.00e+05 -1.00e+05 -1.00e+05 -1.00e+05 -1.00e+05 -1.00e+05 -1.00e+05 -1.00e+05 -1.00e+05
2015 06 08  2155   57181  78900  -1.00e+05 -1.00e+05 -1.00e+05 -1.00e+05 -1.00e+05 -1.00e+05 -1.00e+05 -1.00e+05 -1.00e+05
2015 06 08  2200   57181  79200  -1.00e+05 -1.00e+05 -1.00e+05 -1.00e+05 -1.00e+05 -1.00e+05 -1.00e+05 -1.00e+05 -1.00e+05
2015 06 08  2205   57181  79500   3.83e+00  1.01e-01  7.76e-02  4.77e-02  3.85e-02  2.00e-02  4.68e+03  3.13e+00 -1.00e+05
2015 06 08  2210   57181  79800  -1.00e+05 -1.00e+05 -1.00e+05 -1.00e+05 -1.00e+05 -1.00e+05 -1.00e+05 -1.00e+05 -1.00e+05
2015 06 08  2215   57181  80100   9.47e+00  3.05e-01  7.83e-02  4.77e-02  3.85e-02  2.00e-02  5.72e+03  9.45e+00 -1.00e+05
2015 06 08  2220   57181  80400   4.09e+00  1.08e-01  8.47e-02  5.48e-02  4.56e-02  2.23e-02  5.95e+03  5.48e+00 -1.00e+05
2015 06 08  2225   57181  80700   3.86e+00  1.29e-01  1.06e-01  4.77e-02  3.85e-02  2.00e-02  6.48e+03  5.53e+00 -1.00e+05
2015 06 08  2230   57181  81000   3.39e+00  1.28e-01  1.05e-01  7.45e-02  4.59e-02  2.18e-02  6.99e+03  5.67e+00 -1.00e+05
2015 06 08  2235   57181  81300   4.50e+00  1.73e-01  1.09e-01  7.18e-02  6.26e-02  4.41e-02  6.90e+03  6.12e+00 -1.00e+05
2015 06 08  2240   57181  81600   5.56e+00  2.07e-01  7.87e-02  4.77e-02  3.85e-02  2.00e-02  6.93e+03  5.55e+00 -1.00e+05
2015 06 08  2245   57181  81900   4.29e+00  2.57e-01  1.91e-01  7.32e-02  4.43e-02  2.00e-02  7.11e+03  6.23e+00 -1.00e+05
2015 06 08  2250   57181  82200   3.27e+00  1.09e-01  8.60e-02  5.61e-02  4.69e-02  2.73e-02  7.59e+03  7.01e+00 -1.00e+05
2015 06 08  2255   57181  82500   3.00e+00  1.17e-01  9.43e-02  6.44e-02  5.52e-02  3.67e-02  7.29e+03  7.78e+00 -1.00e+05
2015 06 08  2300   57181  82800   5.17e+00  2.00e-01  1.35e-01  9.62e-02  5.82e-02  3.42e-02  7.63e+03  8.36e+00 -1.00e+05
2015 06 08  2305   57181  83100   3.59e+00  1.07e-01  8.36e-02  5.36e-02  3.98e-02  2.00e-02  8.69e+03  9.27e+00 -1.00e+05
2015 06 08  2310   57181  83400   7.20e+00  4.87e-01  2.25e-01  4.77e-02  3.85e-02  2.00e-02  9.16e+03  1.27e+01 -1.00e+05
2015 06 08  2315   57181  83700   3.85e+00  2.68e-01  2.45e-01  1.05e-01  7.21e-02  4.66e-02  9.42e+03  8.99e+00 -1.00e+05
2015 06 08  2320   57181  84000   6.46e+00  2.44e-01  1.30e-01  8.34e-02  5.75e-02  3.42e-02  9.94e+03  1.55e+01 -1.00e+05
2015 06 08  2325   57181  84300   5.67e+00  1.94e-01  1.29e-01  4.77e-02  3.85e-02  2.00e-02  1.08e+04  1.73e+01 -1.00e+05
2015 06 08  2330   57181  84600   4.34e+00  1.17e-01  9.37e-02  6.38e-02  5.31e-02  3.42e-02  1.08e+04  1.40e+01 -1.00e+05
2015 06 08  2335   57181  84900   4.19e+00  1.26e-01  1.02e-01  7.25e-02  6.33e-02  4.48e-02  1.11e+04  1.66e+01 -1.00e+05
2015 06 08  2340   57181  85200   7.14e+00  3.66e-01  2.35e-01  1.20e-01  1.11e-01  7.47e-02  1.10e+04  1.21e+01 -1.00e+05
2015 06 08  2345   57181  85500   3.98e+00  2.51e-01  2.28e-01  1.05e-01  6.83e-02  3.50e-02  1.02e+04  1.16e+01 -1.00e+05
2015 06 08  2350   57181  85800   5.59e+00  3.10e-01  1.98e-01  1.15e-01  8.05e-02  5.65e-02  1.02e+04  1.12e+01 -1.00e+05
2015 06 08  2355   57181  86100   3.97e+00  1.82e-01  1.59e-01  7.98e-02  7.06e-02  5.21e-02  9.67e+03  1.07e+01 -1.00e+05
