:Data_list: 20151218_Gs_part_5m.txt
:Created: 2015 Dec 19 0011 UTC
# Prepared by the U.S. Dept. of Commerce, NOAA, Space Weather Prediction Center
# Please send comments and suggestions to SWPC.Webmaster@noaa.gov 
# 
# Label: P > 1 = Particles at >1 Mev
# Label: P > 5 = Particles at >5 Mev
# Label: P >10 = Particles at >10 Mev
# Label: P >30 = Particles at >30 Mev
# Label: P >50 = Particles at >50 Mev
# Label: P>100 = Particles at >100 Mev
# Label: E>0.8 = Electrons at >0.8 Mev
# Label: E>2.0 = Electrons at >2.0 Mev
# Label: E>4.0 = Electrons at >4.0 Mev
# Units: Particles = Protons/cm2-s-sr
# Units: Electrons = Electrons/cm2-s-sr
# Source: GOES-15
# Location: W135
# Missing data: -1.00e+05
#
#                      5-minute  GOES-15 Solar Particle and Electron Flux
#
#                 Modified Seconds
# UTC Date  Time   Julian  of the
# YR MO DA  HHMM    Day     Day     P > 1     P > 5     P >10     P >30     P >50     P>100     E>0.8     E>2.0     E>4.0
#-------------------------------------------------------------------------------------------------------------------------
2015 12 18  0000   57374      0   4.87e+00  2.34e-01  2.09e-01  7.26e-02  6.34e-02  4.48e-02  5.22e+04  9.08e+02 -1.00e+05
2015 12 18  0005   57374    300   9.33e+00  2.33e-01  9.96e-02  5.52e-02  4.60e-02  2.75e-02  5.09e+04  8.66e+02 -1.00e+05
2015 12 18  0010   57374    600   9.56e+00  2.81e-01  1.33e-01  6.51e-02  5.59e-02  3.74e-02  5.12e+04  8.62e+02 -1.00e+05
2015 12 18  0015   57374    900   5.43e+00  1.20e-01  9.52e-02  5.41e-02  4.49e-02  2.18e-02  5.24e+04  9.01e+02 -1.00e+05
2015 12 18  0020   57374   1200   4.85e+00  1.54e-01  1.30e-01  5.03e-02  4.11e-02  2.25e-02  4.87e+04  8.02e+02 -1.00e+05
2015 12 18  0025   57374   1500   5.93e+00  1.73e-01  1.22e-01  5.52e-02  4.60e-02  2.75e-02  4.93e+04  7.96e+02 -1.00e+05
2015 12 18  0030   57374   1800   5.37e+00  1.78e-01  1.28e-01  8.22e-02  5.59e-02  3.24e-02  4.87e+04  7.89e+02 -1.00e+05
2015 12 18  0035   57374   2100   8.46e+00  2.98e-01  1.20e-01  4.74e-02  3.82e-02  1.97e-02  4.69e+04  7.22e+02 -1.00e+05
2015 12 18  0040   57374   2400   7.89e+00  2.55e-01  9.77e-02  5.33e-02  3.95e-02  1.97e-02  4.66e+04  6.93e+02 -1.00e+05
2015 12 18  0045   57374   2700   7.86e+00  3.46e-01  1.74e-01  1.29e-01  1.20e-01  4.60e-02  4.47e+04  6.23e+02 -1.00e+05
2015 12 18  0050   57374   3000   3.76e+00  1.32e-01  1.07e-01  6.10e-02  5.18e-02  2.60e-02  4.27e+04  5.76e+02 -1.00e+05
2015 12 18  0055   57374   3300   4.05e+00  1.20e-01  9.52e-02  5.41e-02  4.49e-02  2.18e-02  4.31e+04  5.66e+02 -1.00e+05
2015 12 18  0100   57374   3600   3.44e+00  1.42e-01  1.18e-01  5.52e-02  4.60e-02  2.75e-02  4.26e+04  5.33e+02 -1.00e+05
2015 12 18  0105   57374   3900   3.78e+00  1.77e-01  1.53e-01  1.10e-01  6.42e-02  3.49e-02  4.39e+04  5.80e+02 -1.00e+05
2015 12 18  0110   57374   4200   3.88e+00  1.51e-01  1.27e-01  8.54e-02  6.65e-02  2.79e-02  4.39e+04  6.05e+02 -1.00e+05
2015 12 18  0115   57374   4500   3.70e+00  1.41e-01  1.16e-01  4.74e-02  3.82e-02  1.97e-02  4.40e+04  5.91e+02 -1.00e+05
2015 12 18  0120   57374   4800  -1.00e+05 -1.00e+05 -1.00e+05 -1.00e+05 -1.00e+05 -1.00e+05 -1.00e+05 -1.00e+05 -1.00e+05
2015 12 18  0125   57374   5100  -1.00e+05 -1.00e+05 -1.00e+05 -1.00e+05 -1.00e+05 -1.00e+05 -1.00e+05 -1.00e+05 -1.00e+05
2015 12 18  0130   57374   5400   4.49e+00  1.57e-01  1.33e-01  8.97e-02  4.37e-02  1.97e-02  4.40e+04  6.06e+02 -1.00e+05
2015 12 18  0135   57374   5700   7.90e+00  2.25e-01  9.17e-02  4.74e-02  3.82e-02  1.97e-02  4.40e+04  5.93e+02 -1.00e+05
2015 12 18  0140   57374   6000   5.28e+00  2.51e-01  2.00e-01  5.52e-02  4.60e-02  2.75e-02  4.40e+04  5.88e+02 -1.00e+05
2015 12 18  0145   57374   6300   6.56e+00  3.03e-01  1.70e-01  1.26e-01  1.17e-01  5.53e-02  4.23e+04  5.31e+02 -1.00e+05
2015 12 18  0150   57374   6600   3.54e+00  1.36e-01  1.12e-01  4.74e-02  3.82e-02  1.97e-02  4.23e+04  5.27e+02 -1.00e+05
2015 12 18  0155   57374   6900   6.85e+00  4.54e-01  2.34e-01  6.64e-02  4.25e-02  1.97e-02  4.20e+04  5.12e+02 -1.00e+05
2015 12 18  0200   57374   7200   4.98e+00  3.30e-01  2.29e-01  1.73e-01  1.28e-01  6.08e-02  4.17e+04  5.25e+02 -1.00e+05
2015 12 18  0205   57374   7500   3.46e+00  1.45e-01  1.10e-01  6.67e-02  5.75e-02  2.59e-02  4.15e+04  4.84e+02 -1.00e+05
2015 12 18  0210   57374   7800   3.42e+00  2.14e-01  1.90e-01  4.74e-02  3.82e-02  1.97e-02  3.99e+04  4.72e+02 -1.00e+05
2015 12 18  0215   57374   8100   5.13e+00  2.14e-01  1.15e-01  5.99e-02  4.10e-02  1.97e-02  3.99e+04  4.83e+02 -1.00e+05
2015 12 18  0220   57374   8400   3.11e+00  1.35e-01  1.10e-01  6.90e-02  5.98e-02  4.13e-02  3.78e+04  4.32e+02 -1.00e+05
2015 12 18  0225   57374   8700   3.50e+00  1.64e-01  1.39e-01  9.79e-02  8.87e-02  5.80e-02  3.50e+04  4.00e+02 -1.00e+05
2015 12 18  0230   57374   9000   3.10e+00  2.14e-01  1.90e-01  4.74e-02  3.82e-02  1.97e-02  3.29e+04  3.19e+02 -1.00e+05
2015 12 18  0235   57374   9300   2.59e+00  1.40e-01  1.16e-01  5.28e-02  4.35e-02  2.50e-02  2.85e+04  2.59e+02 -1.00e+05
2015 12 18  0240   57374   9600   2.52e+00  1.52e-01  1.27e-01  4.74e-02  3.82e-02  1.97e-02  2.62e+04  2.21e+02 -1.00e+05
2015 12 18  0245   57374   9900   3.00e+00  1.13e-01  8.85e-02  4.74e-02  3.82e-02  1.97e-02  2.85e+04  2.55e+02 -1.00e+05
2015 12 18  0250   57374  10200   4.65e+00  2.02e-01  1.02e-01  4.78e-02  3.86e-02  2.01e-02  2.90e+04  2.70e+02 -1.00e+05
2015 12 18  0255   57374  10500   3.22e+00  1.41e-01  1.16e-01  7.51e-02  6.58e-02  4.73e-02  3.01e+04  2.83e+02 -1.00e+05
2015 12 18  0300   57374  10800   7.19e+00  4.20e-01  2.38e-01  8.00e-02  7.08e-02  5.23e-02  3.16e+04  3.08e+02 -1.00e+05
2015 12 18  0305   57374  11100   4.95e+00  1.44e-01  9.32e-02  4.74e-02  3.82e-02  1.97e-02  3.25e+04  3.24e+02 -1.00e+05
2015 12 18  0310   57374  11400   5.77e+00  2.19e-01  1.40e-01  8.89e-02  7.96e-02  4.50e-02  3.34e+04  3.40e+02 -1.00e+05
2015 12 18  0315   57374  11700   9.76e+00  3.67e-01  1.04e-01  5.99e-02  4.10e-02  1.97e-02  3.41e+04  3.56e+02 -1.00e+05
2015 12 18  0320   57374  12000   4.22e+00  1.96e-01  1.72e-01  1.29e-01  7.73e-02  3.00e-02  3.40e+04  3.60e+02 -1.00e+05
2015 12 18  0325   57374  12300   4.28e+00  1.65e-01  1.41e-01  7.26e-02  6.34e-02  4.48e-02  3.41e+04  3.72e+02 -1.00e+05
2015 12 18  0330   57374  12600   4.93e+00  1.87e-01  1.43e-01  9.31e-02  8.39e-02  6.15e-02  3.40e+04  3.64e+02 -1.00e+05
2015 12 18  0335   57374  12900   3.86e+00  1.89e-01  1.65e-01  1.22e-01  8.38e-02  2.47e-02  3.41e+04  3.62e+02 -1.00e+05
2015 12 18  0340   57374  13200   4.01e+00  2.38e-01  2.13e-01  7.75e-02  6.83e-02  4.98e-02  3.41e+04  3.64e+02 -1.00e+05
2015 12 18  0345   57374  13500   3.85e+00  1.36e-01  1.12e-01  4.74e-02  3.82e-02  1.97e-02  3.40e+04  3.62e+02 -1.00e+05
2015 12 18  0350   57374  13800   5.51e+00  2.01e-01  1.02e-01  4.74e-02  3.82e-02  1.97e-02  3.40e+04  3.62e+02 -1.00e+05
2015 12 18  0355   57374  14100   4.36e+00  1.91e-01  1.46e-01  5.41e-02  4.49e-02  2.18e-02  3.40e+04  3.61e+02 -1.00e+05
2015 12 18  0400   57374  14400   3.58e+00  2.53e-01  2.29e-01  8.62e-02  4.91e-02  2.50e-02  3.39e+04  3.42e+02 -1.00e+05
2015 12 18  0405   57374  14700   5.10e+00  2.95e-01  1.87e-01  1.30e-01  9.61e-02  3.59e-02  3.39e+04  3.39e+02 -1.00e+05
2015 12 18  0410   57374  15000   3.28e+00  1.13e-01  8.85e-02  4.74e-02  3.82e-02  1.97e-02  3.34e+04  3.38e+02 -1.00e+05
2015 12 18  0415   57374  15300   3.24e+00  2.16e-01  1.92e-01  5.03e-02  4.11e-02  2.25e-02  3.28e+04  3.35e+02 -1.00e+05
2015 12 18  0420   57374  15600   5.04e+00  3.13e-01  2.14e-01  7.30e-02  4.40e-02  1.97e-02  3.26e+04  3.24e+02 -1.00e+05
2015 12 18  0425   57374  15900   4.96e+00  2.27e-01  1.27e-01  8.26e-02  7.34e-02  4.30e-02  3.20e+04  3.18e+02 -1.00e+05
2015 12 18  0430   57374  16200   4.07e+00  2.08e-01  1.08e-01  5.33e-02  3.95e-02  1.97e-02  3.18e+04  3.06e+02 -1.00e+05
2015 12 18  0435   57374  16500   3.26e+00  1.44e-01  9.32e-02  4.74e-02  3.82e-02  1.97e-02  3.13e+04  3.02e+02 -1.00e+05
2015 12 18  0440   57374  16800   2.99e+00  1.81e-01  1.30e-01  8.27e-02  4.37e-02  1.97e-02  3.10e+04  2.91e+02 -1.00e+05
2015 12 18  0445   57374  17100   2.73e+00  1.67e-01  1.16e-01  4.74e-02  3.82e-02  1.97e-02  3.12e+04  2.87e+02 -1.00e+05
2015 12 18  0450   57374  17400   2.48e+00  1.43e-01  1.19e-01  7.75e-02  6.83e-02  4.98e-02  3.04e+04  2.80e+02 -1.00e+05
2015 12 18  0455   57374  17700   3.60e+00  3.94e-01  2.95e-01  8.27e-02  4.37e-02  1.97e-02  3.08e+04  2.88e+02 -1.00e+05
2015 12 18  0500   57374  18000   5.28e+00  2.93e-01  9.14e-02  4.74e-02  3.82e-02  1.97e-02  3.01e+04  2.88e+02 -1.00e+05
2015 12 18  0505   57374  18300   4.71e+00  3.97e-01  2.26e-01  1.81e-01  1.37e-01  4.80e-02  3.00e+04  2.81e+02 -1.00e+05
2015 12 18  0510   57374  18600   2.14e+00  1.20e-01  9.50e-02  5.37e-02  4.00e-02  2.01e-02  3.00e+04  2.78e+02 -1.00e+05
2015 12 18  0515   57374  18900   4.68e+00  5.27e-01  2.15e-01  4.78e-02  3.86e-02  2.01e-02  2.90e+04  2.72e+02 -1.00e+05
2015 12 18  0520   57374  19200   2.16e+00  1.53e-01  1.28e-01  8.61e-02  4.69e-02  1.97e-02  2.87e+04  2.69e+02 -1.00e+05
2015 12 18  0525   57374  19500   2.07e+00  1.13e-01  8.85e-02  4.74e-02  3.82e-02  1.97e-02  2.93e+04  2.85e+02 -1.00e+05
2015 12 18  0530   57374  19800   2.06e+00  1.13e-01  8.85e-02  4.74e-02  3.82e-02  1.97e-02  2.91e+04  2.78e+02 -1.00e+05
2015 12 18  0535   57374  20100   2.03e+00  1.60e-01  1.35e-01  9.26e-02  4.84e-02  1.97e-02  2.87e+04  2.81e+02 -1.00e+05
2015 12 18  0540   57374  20400   2.09e+00  1.51e-01  1.27e-01  8.55e-02  7.63e-02  3.19e-02  2.86e+04  2.65e+02 -1.00e+05
2015 12 18  0545   57374  20700   1.83e+00  1.33e-01  1.08e-01  6.64e-02  4.25e-02  1.97e-02  2.83e+04  2.64e+02 -1.00e+05
2015 12 18  0550   57374  21000   1.81e+00  2.14e-01  1.90e-01  4.74e-02  3.82e-02  1.97e-02  2.74e+04  2.63e+02 -1.00e+05
2015 12 18  0555   57374  21300   1.93e+00  1.63e-01  1.38e-01  7.01e-02  6.09e-02  4.24e-02  2.73e+04  2.62e+02 -1.00e+05
2015 12 18  0600   57374  21600   2.03e+00  2.58e-01  2.33e-01  9.17e-02  5.42e-02  2.75e-02  2.76e+04  2.64e+02 -1.00e+05
2015 12 18  0605   57374  21900   1.92e+00  2.54e-01  2.29e-01  8.61e-02  4.69e-02  1.97e-02  2.73e+04  2.69e+02 -1.00e+05
2015 12 18  0610   57374  22200   1.81e+00  1.41e-01  1.16e-01  4.74e-02  3.82e-02  1.97e-02  2.74e+04  2.64e+02 -1.00e+05
2015 12 18  0615   57374  22500   1.75e+00  1.13e-01  8.85e-02  4.74e-02  3.82e-02  1.97e-02  2.73e+04  2.72e+02 -1.00e+05
2015 12 18  0620   57374  22800   2.04e+00  1.44e-01  9.36e-02  4.78e-02  3.86e-02  2.01e-02  2.73e+04  2.70e+02 -1.00e+05
2015 12 18  0625   57374  23100   1.65e+00  1.13e-01  8.85e-02  4.74e-02  3.82e-02  1.97e-02  2.73e+04  2.72e+02 -1.00e+05
2015 12 18  0630   57374  23400   1.75e+00  2.22e-01  1.98e-01  5.77e-02  4.85e-02  3.00e-02  2.72e+04  2.58e+02 -1.00e+05
2015 12 18  0635   57374  23700   1.54e+00  2.11e-01  1.87e-01  1.29e-01  8.37e-02  5.97e-02  2.72e+04  2.60e+02 -1.00e+05
2015 12 18  0640   57374  24000   1.52e+00  1.41e-01  1.17e-01  4.79e-02  3.87e-02  1.98e-02  2.60e+04  2.54e+02 -1.00e+05
2015 12 18  0645   57374  24300   1.53e+00  1.39e-01  1.14e-01  7.30e-02  6.37e-02  2.79e-02  2.60e+04  2.58e+02 -1.00e+05
2015 12 18  0650   57374  24600   1.55e+00  1.51e-01  1.27e-01  8.55e-02  7.63e-02  3.19e-02  2.57e+04  2.44e+02 -1.00e+05
2015 12 18  0655   57374  24900   2.78e+00  2.72e-01  9.15e-02  4.74e-02  3.82e-02  1.97e-02  2.46e+04  2.38e+02 -1.00e+05
2015 12 18  0700   57374  25200   1.51e+00  1.39e-01  1.14e-01  7.30e-02  6.37e-02  2.79e-02  2.45e+04  2.38e+02 -1.00e+05
2015 12 18  0705   57374  25500   1.41e+00  1.44e-01  1.19e-01  5.03e-02  4.11e-02  2.25e-02  2.38e+04  2.36e+02 -1.00e+05
2015 12 18  0710   57374  25800   1.70e+00  2.07e-01  1.82e-01  1.25e-01  8.27e-02  5.47e-02  2.43e+04  2.43e+02 -1.00e+05
2015 12 18  0715   57374  26100   1.36e+00  1.46e-01  1.22e-01  5.28e-02  4.35e-02  2.50e-02  2.33e+04  2.41e+02 -1.00e+05
2015 12 18  0720   57374  26400   1.56e+00  1.51e-01  1.27e-01  8.55e-02  7.63e-02  3.19e-02  2.33e+04  2.44e+02 -1.00e+05
2015 12 18  0725   57374  26700   1.28e+00  1.13e-01  8.85e-02  4.74e-02  3.82e-02  1.97e-02  2.33e+04  2.48e+02 -1.00e+05
2015 12 18  0730   57374  27000   1.71e+00  2.12e-01  1.46e-01  9.74e-02  8.42e-02  3.60e-02  2.33e+04  2.46e+02 -1.00e+05
2015 12 18  0735   57374  27300   1.40e+00  2.62e-01  2.37e-01  7.95e-02  4.54e-02  1.97e-02  2.28e+04  2.45e+02 -1.00e+05
2015 12 18  0740   57374  27600   2.64e+00  3.18e-01  1.48e-01  8.50e-02  7.57e-02  5.72e-02  2.21e+04  2.39e+02 -1.00e+05
2015 12 18  0745   57374  27900   2.02e+00  2.53e-01  9.84e-02  5.41e-02  4.49e-02  2.18e-02  2.25e+04  2.40e+02 -1.00e+05
2015 12 18  0750   57374  28200   1.43e+00  1.64e-01  1.39e-01  9.80e-02  8.88e-02  3.59e-02  2.22e+04  2.45e+02 -1.00e+05
2015 12 18  0755   57374  28500   1.70e+00  1.44e-01  9.32e-02  4.74e-02  3.82e-02  1.97e-02  2.20e+04  2.51e+02 -1.00e+05
2015 12 18  0800   57374  28800   2.30e+00  3.76e-01  2.41e-01  1.17e-01  1.08e-01  4.20e-02  2.19e+04  2.35e+02 -1.00e+05
2015 12 18  0805   57374  29100   1.55e+00  1.13e-01  8.85e-02  4.74e-02  3.82e-02  1.97e-02  2.17e+04  2.41e+02 -1.00e+05
2015 12 18  0810   57374  29400   1.29e+00  1.47e-01  1.22e-01  8.04e-02  5.36e-02  3.00e-02  2.22e+04  2.46e+02 -1.00e+05
2015 12 18  0815   57374  29700   1.06e+00  2.05e-01  1.81e-01  1.02e-01  8.97e-02  3.28e-02  2.24e+04  2.47e+02 -1.00e+05
2015 12 18  0820   57374  30000   2.11e+00  2.50e-01  1.17e-01  7.26e-02  6.34e-02  4.48e-02  2.33e+04  2.58e+02 -1.00e+05
2015 12 18  0825   57374  30300   1.73e+00  1.71e-01  1.20e-01  5.28e-02  4.35e-02  2.50e-02  2.33e+04  2.66e+02 -1.00e+05
2015 12 18  0830   57374  30600   1.77e+00  1.74e-01  1.49e-01  1.08e-01  9.92e-02  5.85e-02  2.33e+04  2.65e+02 -1.00e+05
2015 12 18  0835   57374  30900   1.47e+00  2.34e-01  2.09e-01  7.26e-02  6.34e-02  4.48e-02  2.33e+04  2.68e+02 -1.00e+05
2015 12 18  0840   57374  31200   1.49e+00  1.32e-01  1.08e-01  5.42e-02  4.50e-02  2.21e-02  2.46e+04  2.80e+02 -1.00e+05
2015 12 18  0845   57374  31500   1.58e+00  2.14e-01  1.89e-01  4.79e-02  3.87e-02  1.98e-02  2.46e+04  2.92e+02 -1.00e+05
2015 12 18  0850   57374  31800   1.70e+00  2.98e-01  2.73e-01  2.30e-01  1.50e-01  4.60e-02  2.46e+04  2.87e+02 -1.00e+05
2015 12 18  0855   57374  32100   1.71e+00  2.30e-01  2.05e-01  6.76e-02  5.84e-02  3.99e-02  2.50e+04  2.99e+02 -1.00e+05
2015 12 18  0900   57374  32400   1.60e+00  1.38e-01  1.14e-01  5.03e-02  4.11e-02  2.25e-02  2.52e+04  2.99e+02 -1.00e+05
2015 12 18  0905   57374  32700   2.72e+00  2.11e-01  1.11e-01  6.67e-02  5.75e-02  2.59e-02  2.46e+04  2.96e+02 -1.00e+05
2015 12 18  0910   57374  33000   1.70e+00  1.39e-01  1.14e-01  7.30e-02  6.37e-02  2.79e-02  2.46e+04  3.06e+02 -1.00e+05
2015 12 18  0915   57374  33300   1.92e+00  3.01e-01  2.77e-01  9.26e-02  4.84e-02  1.97e-02  2.46e+04  3.02e+02 -1.00e+05
2015 12 18  0920   57374  33600   1.99e+00  1.79e-01  1.28e-01  8.12e-02  4.37e-02  1.97e-02  2.47e+04  2.99e+02 -1.00e+05
2015 12 18  0925   57374  33900   1.88e+00  1.76e-01  1.28e-01  8.30e-02  7.38e-02  5.52e-02  2.46e+04  2.92e+02 -1.00e+05
2015 12 18  0930   57374  34200   2.67e+00  2.25e-01  9.17e-02  4.74e-02  3.82e-02  1.97e-02  2.42e+04  2.97e+02 -1.00e+05
2015 12 18  0935   57374  34500   1.85e+00  1.77e-01  1.26e-01  7.95e-02  4.54e-02  1.97e-02  2.40e+04  2.89e+02 -1.00e+05
2015 12 18  0940   57374  34800   1.72e+00  2.76e-01  2.51e-01  7.98e-02  7.06e-02  3.20e-02  2.32e+04  2.86e+02 -1.00e+05
2015 12 18  0945   57374  35100   1.44e+00  2.14e-01  1.90e-01  4.74e-02  3.82e-02  1.97e-02  2.33e+04  2.86e+02 -1.00e+05
2015 12 18  0950   57374  35400   1.55e+00  2.24e-01  1.26e-01  7.09e-02  5.53e-02  3.49e-02  2.32e+04  2.73e+02 -1.00e+05
2015 12 18  0955   57374  35700   1.24e+00  1.13e-01  8.85e-02  4.74e-02  3.82e-02  1.97e-02  2.33e+04  2.78e+02 -1.00e+05
2015 12 18  1000   57374  36000   2.98e+00  2.72e-01  9.15e-02  4.74e-02  3.82e-02  1.97e-02  2.33e+04  2.95e+02 -1.00e+05
2015 12 18  1005   57374  36300   1.71e+00  1.61e-01  1.36e-01  4.74e-02  3.82e-02  1.97e-02  2.37e+04  3.03e+02 -1.00e+05
2015 12 18  1010   57374  36600   1.58e+00  1.49e-01  1.24e-01  8.30e-02  7.38e-02  5.53e-02  2.37e+04  3.01e+02 -1.00e+05
2015 12 18  1015   57374  36900   1.49e+00  1.89e-01  1.64e-01  1.23e-01  1.14e-01  4.40e-02  2.33e+04  3.04e+02 -1.00e+05
2015 12 18  1020   57374  37200   1.92e+00  1.44e-01  9.32e-02  4.74e-02  3.82e-02  1.97e-02  2.27e+04  2.84e+02 -1.00e+05
2015 12 18  1025   57374  37500   1.60e+00  1.48e-01  1.24e-01  8.25e-02  7.33e-02  5.47e-02  2.32e+04  2.75e+02 -1.00e+05
2015 12 18  1030   57374  37800   1.44e+00  1.45e-01  1.20e-01  7.93e-02  7.01e-02  3.02e-02  2.31e+04  2.94e+02 -1.00e+05
2015 12 18  1035   57374  38100   2.10e+00  1.69e-01  1.19e-01  5.03e-02  4.11e-02  2.25e-02  2.33e+04  3.06e+02 -1.00e+05
2015 12 18  1040   57374  38400   3.02e+00  2.65e-01  1.17e-01  7.30e-02  6.37e-02  2.79e-02  2.33e+04  3.04e+02 -1.00e+05
2015 12 18  1045   57374  38700   1.61e+00  1.39e-01  1.15e-01  7.30e-02  4.40e-02  1.97e-02  2.45e+04  3.15e+02 -1.00e+05
2015 12 18  1050   57374  39000   2.53e+00  2.01e-01  1.02e-01  4.74e-02  3.82e-02  1.97e-02  2.46e+04  3.29e+02 -1.00e+05
2015 12 18  1055   57374  39300   2.32e+00  2.18e-01  1.68e-01  1.00e-01  5.80e-02  3.00e-02  2.46e+04  3.30e+02 -1.00e+05
2015 12 18  1100   57374  39600   3.10e+00  3.63e-01  2.13e-01  4.74e-02  3.82e-02  1.97e-02  2.46e+04  3.39e+02 -1.00e+05
2015 12 18  1105   57374  39900   2.05e+00  1.35e-01  1.10e-01  6.91e-02  5.30e-02  3.24e-02  2.54e+04  3.39e+02 -1.00e+05
2015 12 18  1110   57374  40200   1.90e+00  2.14e-01  1.90e-01  4.74e-02  3.82e-02  1.97e-02  2.52e+04  3.53e+02 -1.00e+05
2015 12 18  1115   57374  40500   2.90e+00  4.20e-01  3.41e-01  1.34e-01  7.76e-02  2.79e-02  2.54e+04  3.51e+02 -1.00e+05
2015 12 18  1120   57374  40800   1.87e+00  1.19e-01  9.45e-02  5.33e-02  3.95e-02  1.97e-02  2.60e+04  3.58e+02 -1.00e+05
2015 12 18  1125   57374  41100   1.94e+00  1.74e-01  1.49e-01  1.08e-01  9.89e-02  5.29e-02  2.60e+04  3.69e+02 -1.00e+05
2015 12 18  1130   57374  41400   3.76e+00  4.56e-01  2.22e-01  7.01e-02  6.09e-02  4.24e-02  2.67e+04  3.79e+02 -1.00e+05
2015 12 18  1135   57374  41700   2.38e+00  1.76e-01  1.52e-01  9.29e-02  6.99e-02  4.73e-02  2.68e+04  3.85e+02 -1.00e+05
2015 12 18  1140   57374  42000   4.23e+00  3.33e-01  1.65e-01  1.10e-01  9.64e-02  3.79e-02  2.68e+04  3.92e+02 -1.00e+05
2015 12 18  1145   57374  42300   3.62e+00  2.00e-01  9.18e-02  4.74e-02  3.82e-02  1.97e-02  2.71e+04  3.96e+02 -1.00e+05
2015 12 18  1150   57374  42600   2.32e+00  1.42e-01  1.18e-01  5.33e-02  3.95e-02  1.97e-02  2.75e+04  4.00e+02 -1.00e+05
2015 12 18  1155   57374  42900   2.42e+00  1.13e-01  8.85e-02  4.74e-02  3.82e-02  1.97e-02  2.73e+04  4.06e+02 -1.00e+05
2015 12 18  1200   57374  43200   2.37e+00  1.88e-01  1.64e-01  1.22e-01  8.59e-02  5.97e-02  2.73e+04  4.18e+02 -1.00e+05
2015 12 18  1205   57374  43500   2.63e+00  1.52e-01  1.27e-01  4.74e-02  3.82e-02  1.97e-02  2.75e+04  4.26e+02 -1.00e+05
2015 12 18  1210   57374  43800   2.47e+00  1.48e-01  1.24e-01  8.25e-02  7.33e-02  5.47e-02  2.86e+04  4.39e+02 -1.00e+05
2015 12 18  1215   57374  44100   2.60e+00  1.21e-01  9.63e-02  5.52e-02  4.60e-02  2.75e-02  2.86e+04  4.53e+02 -1.00e+05
2015 12 18  1220   57374  44400   2.89e+00  1.78e-01  1.53e-01  1.12e-01  1.03e-01  6.94e-02  2.88e+04  4.61e+02 -1.00e+05
2015 12 18  1225   57374  44700   2.83e+00  1.13e-01  8.85e-02  4.74e-02  3.82e-02  1.97e-02  2.97e+04  4.71e+02 -1.00e+05
2015 12 18  1230   57374  45000   6.26e+00  3.34e-01  1.43e-01  9.82e-02  7.43e-02  2.99e-02  2.99e+04  4.84e+02 -1.00e+05
2015 12 18  1235   57374  45300   2.98e+00  1.89e-01  1.64e-01  1.23e-01  1.04e-01  4.00e-02  3.03e+04  4.81e+02 -1.00e+05
2015 12 18  1240   57374  45600   3.50e+00  2.70e-01  2.46e-01  9.77e-02  8.39e-02  3.39e-02  3.03e+04  4.92e+02 -1.00e+05
2015 12 18  1245   57374  45900   2.96e+00  1.16e-01  9.13e-02  5.03e-02  4.11e-02  2.25e-02  3.05e+04  5.01e+02 -1.00e+05
2015 12 18  1250   57374  46200   3.14e+00  1.13e-01  8.85e-02  4.74e-02  3.82e-02  1.97e-02  3.13e+04  5.03e+02 -1.00e+05
2015 12 18  1255   57374  46500   5.97e+00  2.76e-01  1.19e-01  7.39e-02  5.21e-02  3.00e-02  3.17e+04  5.21e+02 -1.00e+05
2015 12 18  1300   57374  46800   3.52e+00  1.19e-01  9.45e-02  5.33e-02  3.95e-02  1.97e-02  3.26e+04  5.44e+02 -1.00e+05
2015 12 18  1305   57374  47100   3.60e+00  1.63e-01  1.38e-01  9.70e-02  8.49e-02  3.97e-02  3.26e+04  5.45e+02 -1.00e+05
2015 12 18  1310   57374  47400   7.61e+00  3.39e-01  1.40e-01  9.41e-02  5.27e-02  2.18e-02  3.34e+04  5.62e+02 -1.00e+05
2015 12 18  1315   57374  47700   4.72e+00  1.76e-01  1.30e-01  8.46e-02  7.53e-02  5.68e-02  3.39e+04  5.82e+02 -1.00e+05
2015 12 18  1320   57374  48000   3.90e+00  2.02e-01  1.77e-01  6.67e-02  5.75e-02  2.59e-02  3.38e+04  5.69e+02 -1.00e+05
2015 12 18  1325   57374  48300   4.08e+00  2.35e-01  2.10e-01  1.68e-01  1.29e-01  4.60e-02  3.39e+04  5.64e+02 -1.00e+05
2015 12 18  1330   57374  48600   3.84e+00  1.33e-01  1.09e-01  6.76e-02  5.84e-02  3.99e-02  3.39e+04  5.88e+02 -1.00e+05
2015 12 18  1335   57374  48900   4.27e+00  2.34e-01  2.09e-01  8.46e-02  6.61e-02  4.48e-02  3.49e+04  6.10e+02 -1.00e+05
2015 12 18  1340   57374  49200   4.12e+00  1.78e-01  1.54e-01  1.13e-01  1.03e-01  4.76e-02  3.50e+04  6.13e+02 -1.00e+05
2015 12 18  1345   57374  49500   6.85e+00  2.43e-01  1.37e-01  9.24e-02  8.32e-02  6.46e-02  3.56e+04  6.33e+02 -1.00e+05
2015 12 18  1350   57374  49800   3.95e+00  1.13e-01  8.85e-02  4.74e-02  3.82e-02  1.97e-02  3.62e+04  6.30e+02 -1.00e+05
2015 12 18  1355   57374  50100   6.97e+00  2.27e-01  1.27e-01  8.26e-02  7.34e-02  4.30e-02  3.76e+04  6.56e+02 -1.00e+05
2015 12 18  1400   57374  50400   6.27e+00  2.97e-01  2.49e-01  1.17e-01  8.67e-02  6.22e-02  3.76e+04  6.72e+02 -1.00e+05
2015 12 18  1405   57374  50700   8.44e+00  2.87e-01  1.68e-01  9.89e-02  6.35e-02  3.74e-02  3.85e+04  7.04e+02 -1.00e+05
2015 12 18  1410   57374  51000   4.97e+00  1.55e-01  1.31e-01  8.98e-02  8.06e-02  4.87e-02  3.96e+04  7.15e+02 -1.00e+05
2015 12 18  1415   57374  51300   8.05e+00  3.13e-01  2.17e-01  7.49e-02  6.57e-02  4.72e-02  3.96e+04  7.48e+02 -1.00e+05
2015 12 18  1420   57374  51600   5.09e+00  1.16e-01  9.13e-02  5.03e-02  4.11e-02  2.25e-02  3.96e+04  7.46e+02 -1.00e+05
2015 12 18  1425   57374  51900   5.08e+00  2.78e-01  2.54e-01  1.18e-01  8.13e-02  5.47e-02  3.96e+04  7.30e+02 -1.00e+05
2015 12 18  1430   57374  52200   5.19e+00  1.85e-01  1.60e-01  6.27e-02  5.35e-02  3.49e-02  3.96e+04  7.29e+02 -1.00e+05
2015 12 18  1435   57374  52500   8.15e+00  2.17e-01  1.10e-01  6.51e-02  5.59e-02  3.74e-02  3.96e+04  7.29e+02 -1.00e+05
2015 12 18  1440   57374  52800   5.37e+00  2.29e-01  2.04e-01  1.63e-01  1.54e-01  7.14e-02  3.97e+04  7.47e+02 -1.00e+05
2015 12 18  1445   57374  53100   5.42e+00  1.72e-01  1.47e-01  6.63e-02  5.25e-02  2.38e-02  3.97e+04  7.57e+02 -1.00e+05
2015 12 18  1450   57374  53400   6.74e+00  1.44e-01  9.32e-02  4.74e-02  3.82e-02  1.97e-02  4.03e+04  7.58e+02 -1.00e+05
2015 12 18  1455   57374  53700   5.57e+00  1.13e-01  8.85e-02  4.74e-02  3.82e-02  1.97e-02  4.10e+04  7.74e+02 -1.00e+05
2015 12 18  1500   57374  54000   8.03e+00  2.01e-01  1.02e-01  4.74e-02  3.82e-02  1.97e-02  4.16e+04  8.09e+02 -1.00e+05
2015 12 18  1505   57374  54300   5.95e+00  1.70e-01  1.45e-01  1.03e-01  7.77e-02  4.12e-02  4.19e+04  8.30e+02 -1.00e+05
2015 12 18  1510   57374  54600   7.87e+00  1.67e-01  1.16e-01  4.74e-02  3.82e-02  1.97e-02  4.28e+04  8.63e+02 -1.00e+05
2015 12 18  1515   57374  54900   6.28e+00  2.34e-01  2.10e-01  6.64e-02  4.25e-02  1.97e-02  4.40e+04  8.97e+02 -1.00e+05
2015 12 18  1520   57374  55200   6.66e+00  1.31e-01  1.06e-01  6.51e-02  5.59e-02  3.74e-02  4.40e+04  9.24e+02 -1.00e+05
2015 12 18  1525   57374  55500   6.29e+00  1.26e-01  1.01e-01  6.04e-02  5.12e-02  2.38e-02  4.40e+04  9.20e+02 -1.00e+05
2015 12 18  1530   57374  55800   6.66e+00  1.66e-01  1.41e-01  9.89e-02  6.35e-02  3.74e-02  4.40e+04  9.48e+02 -1.00e+05
2015 12 18  1535   57374  56100   6.76e+00  1.42e-01  1.18e-01  5.52e-02  4.60e-02  2.75e-02  4.40e+04  9.39e+02 -1.00e+05
2015 12 18  1540   57374  56400   6.95e+00  1.48e-01  1.24e-01  8.25e-02  7.33e-02  5.47e-02  4.40e+04  9.65e+02 -1.00e+05
2015 12 18  1545   57374  56700   1.18e+01  3.48e-01  1.84e-01  8.00e-02  7.08e-02  5.23e-02  4.40e+04  9.55e+02 -1.00e+05
2015 12 18  1550   57374  57000   7.50e+00  1.52e-01  1.27e-01  4.74e-02  3.82e-02  1.97e-02  4.40e+04  9.65e+02 -1.00e+05
2015 12 18  1555   57374  57300   1.06e+01  3.77e-01  2.92e-01  2.38e-01  1.51e-01  4.81e-02  4.40e+04  9.58e+02 -1.00e+05
2015 12 18  1600   57374  57600   7.65e+00  2.91e-01  2.66e-01  7.94e-02  5.55e-02  2.38e-02  4.47e+04  9.79e+02 -1.00e+05
2015 12 18  1605   57374  57900   7.89e+00  2.91e-01  2.66e-01  1.30e-01  8.12e-02  5.72e-02  4.60e+04  9.87e+02 -1.00e+05
2015 12 18  1610   57374  58200   8.09e+00  1.41e-01  1.16e-01  7.51e-02  6.58e-02  4.73e-02  4.55e+04  1.01e+03 -1.00e+05
2015 12 18  1615   57374  58500   9.05e+00  1.41e-01  1.16e-01  4.74e-02  3.82e-02  1.97e-02  4.66e+04  1.04e+03 -1.00e+05
2015 12 18  1620   57374  58800   9.34e+00  2.14e-01  1.89e-01  1.48e-01  1.39e-01  7.41e-02  4.66e+04  1.07e+03 -1.00e+05
2015 12 18  1625   57374  59100   2.00e+01  3.13e-01  1.34e-01  8.87e-02  5.74e-02  3.24e-02  4.71e+04  1.12e+03 -1.00e+05
2015 12 18  1630   57374  59400   9.57e+00  1.51e-01  1.27e-01  8.55e-02  7.63e-02  3.19e-02  4.74e+04  1.12e+03 -1.00e+05
2015 12 18  1635   57374  59700   9.61e+00  1.46e-01  1.22e-01  5.41e-02  4.49e-02  2.18e-02  4.78e+04  1.16e+03 -1.00e+05
2015 12 18  1640   57374  60000   1.00e+01  1.41e-01  1.16e-01  4.74e-02  3.82e-02  1.97e-02  4.89e+04  1.17e+03 -1.00e+05
2015 12 18  1645   57374  60300   9.78e+00  1.51e-01  1.26e-01  5.77e-02  4.85e-02  3.00e-02  4.93e+04  1.18e+03 -1.00e+05
2015 12 18  1650   57374  60600   9.98e+00  1.45e-01  1.20e-01  7.86e-02  5.13e-02  2.75e-02  4.93e+04  1.17e+03 -1.00e+05
2015 12 18  1655   57374  60900   9.27e+00  1.55e-01  1.31e-01  8.98e-02  8.06e-02  4.87e-02  4.86e+04  1.17e+03 -1.00e+05
2015 12 18  1700   57374  61200   1.39e+01  2.65e-01  1.67e-01  7.51e-02  6.58e-02  4.73e-02  4.89e+04  1.19e+03 -1.00e+05
2015 12 18  1705   57374  61500   9.89e+00  1.61e-01  1.36e-01  9.37e-02  5.40e-02  3.00e-02  4.93e+04  1.27e+03 -1.00e+05
2015 12 18  1710   57374  61800   1.02e+01  1.36e-01  1.12e-01  4.74e-02  3.82e-02  1.97e-02  4.95e+04  1.28e+03 -1.00e+05
2015 12 18  1715   57374  62100   1.04e+01  1.13e-01  8.85e-02  4.74e-02  3.82e-02  1.97e-02  5.13e+04  1.30e+03 -1.00e+05
2015 12 18  1720   57374  62400   2.05e+01  6.43e-01  3.63e-01  9.63e-02  5.40e-02  3.00e-02  5.16e+04  1.30e+03 -1.00e+05
2015 12 18  1725   57374  62700   1.19e+01  2.31e-01  1.83e-01  1.21e-01  8.13e-02  5.72e-02  5.20e+04  1.38e+03 -1.00e+05
2015 12 18  1730   57374  63000   1.73e+01  2.17e-01  1.10e-01  6.51e-02  5.59e-02  3.74e-02  5.33e+04  1.42e+03 -1.00e+05
2015 12 18  1735   57374  63300   1.23e+01  1.13e-01  8.85e-02  4.74e-02  3.82e-02  1.97e-02  5.46e+04  1.55e+03 -1.00e+05
2015 12 18  1740   57374  63600   1.94e+01  2.25e-01  9.17e-02  4.74e-02  3.82e-02  1.97e-02  5.41e+04  1.51e+03 -1.00e+05
2015 12 18  1745   57374  63900   1.07e+01  2.70e-01  2.45e-01  1.05e-01  6.50e-02  3.74e-02  5.45e+04  1.51e+03 -1.00e+05
2015 12 18  1750   57374  64200   1.06e+01  2.16e-01  1.91e-01  1.49e-01  1.10e-01  4.00e-02  5.47e+04  1.58e+03 -1.00e+05
2015 12 18  1755   57374  64500   1.77e+01  3.37e-01  2.01e-01  6.04e-02  5.12e-02  2.38e-02  5.46e+04  1.56e+03 -1.00e+05
2015 12 18  1800   57374  64800   1.10e+01  1.47e-01  1.23e-01  8.15e-02  6.77e-02  2.06e-02  5.55e+04  1.56e+03 -1.00e+05
2015 12 18  1805   57374  65100   1.07e+01  1.46e-01  1.22e-01  8.07e-02  7.15e-02  3.57e-02  5.72e+04  1.62e+03 -1.00e+05
2015 12 18  1810   57374  65400   1.27e+01  1.74e-01  1.27e-01  8.13e-02  7.21e-02  5.36e-02  5.46e+04  1.56e+03 -1.00e+05
2015 12 18  1815   57374  65700   1.61e+01  2.24e-01  1.24e-01  7.91e-02  6.03e-02  2.61e-02  5.46e+04  1.50e+03 -1.00e+05
2015 12 18  1820   57374  66000   9.42e+00  1.40e-01  1.16e-01  7.45e-02  6.53e-02  4.67e-02  5.46e+04  1.44e+03 -1.00e+05
2015 12 18  1825   57374  66300   2.01e+01  4.38e-01  1.57e-01  4.74e-02  3.82e-02  1.97e-02  5.46e+04  1.48e+03 -1.00e+05
2015 12 18  1830   57374  66600   9.20e+00  1.32e-01  1.08e-01  6.68e-02  5.76e-02  2.61e-02  5.42e+04  1.48e+03 -1.00e+05
2015 12 18  1835   57374  66900   1.17e+01  1.81e-01  1.32e-01  6.76e-02  5.84e-02  3.99e-02  5.46e+04  1.49e+03 -1.00e+05
2015 12 18  1840   57374  67200   9.91e+00  2.09e-01  1.84e-01  1.42e-01  1.13e-01  4.20e-02  5.46e+04  1.51e+03 -1.00e+05
2015 12 18  1845   57374  67500   9.99e+00  1.49e-01  1.24e-01  5.99e-02  4.10e-02  1.97e-02  5.46e+04  1.54e+03 -1.00e+05
2015 12 18  1850   57374  67800   9.68e+00  2.14e-01  1.90e-01  4.74e-02  3.82e-02  1.97e-02  5.46e+04  1.52e+03 -1.00e+05
2015 12 18  1855   57374  68100   9.35e+00  1.13e-01  8.85e-02  4.74e-02  3.82e-02  1.97e-02  5.46e+04  1.52e+03 -1.00e+05
2015 12 18  1900   57374  68400   1.03e+01  2.02e-01  1.77e-01  1.36e-01  1.12e-01  4.20e-02  5.46e+04  1.56e+03 -1.00e+05
2015 12 18  1905   57374  68700   1.08e+01  1.69e-01  1.45e-01  1.02e-01  6.31e-02  3.90e-02  5.46e+04  1.57e+03 -1.00e+05
2015 12 18  1910   57374  69000   1.01e+01  1.13e-01  8.85e-02  4.74e-02  3.82e-02  1.97e-02  5.46e+04  1.54e+03 -1.00e+05
2015 12 18  1915   57374  69300   1.25e+01  1.96e-01  1.40e-01  9.37e-02  8.45e-02  3.27e-02  5.46e+04  1.53e+03 -1.00e+05
2015 12 18  1920   57374  69600   1.71e+01  2.35e-01  1.02e-01  5.77e-02  4.85e-02  3.00e-02  5.46e+04  1.48e+03 -1.00e+05
2015 12 18  1925   57374  69900   9.38e+00  2.14e-01  1.90e-01  4.74e-02  3.82e-02  1.97e-02  5.45e+04  1.49e+03 -1.00e+05
2015 12 18  1930   57374  70200   9.32e+00  2.08e-01  1.83e-01  1.40e-01  8.53e-02  3.57e-02  5.45e+04  1.48e+03 -1.00e+05
2015 12 18  1935   57374  70500   9.06e+00  1.13e-01  8.85e-02  4.74e-02  3.82e-02  1.97e-02  5.45e+04  1.49e+03 -1.00e+05
2015 12 18  1940   57374  70800   9.24e+00  1.19e-01  9.45e-02  5.33e-02  3.95e-02  1.97e-02  5.33e+04  1.48e+03 -1.00e+05
2015 12 18  1945   57374  71100   9.34e+00  2.12e-01  1.88e-01  6.82e-02  5.90e-02  3.16e-02  5.28e+04  1.44e+03 -1.00e+05
2015 12 18  1950   57374  71400   9.50e+00  1.94e-01  1.69e-01  1.27e-01  1.00e-01  6.00e-02  5.20e+04  1.45e+03 -1.00e+05
2015 12 18  1955   57374  71700   1.27e+01  2.01e-01  1.02e-01  4.74e-02  3.82e-02  1.97e-02  5.19e+04  1.38e+03 -1.00e+05
2015 12 18  2000   57374  72000   1.45e+01  2.57e-01  1.43e-01  8.48e-02  7.20e-02  5.24e-02  5.19e+04  1.38e+03 -1.00e+05
2015 12 18  2005   57374  72300   1.80e+01  2.69e-01  1.11e-01  6.64e-02  4.25e-02  1.97e-02  5.19e+04  1.41e+03 -1.00e+05
2015 12 18  2010   57374  72600   8.90e+00  1.41e-01  1.16e-01  7.51e-02  6.58e-02  4.73e-02  5.19e+04  1.41e+03 -1.00e+05
2015 12 18  2015   57374  72900   1.33e+01  1.84e-01  1.33e-01  8.61e-02  4.69e-02  1.97e-02  5.38e+04  1.52e+03 -1.00e+05
2015 12 18  2020   57374  73200   1.18e+01  2.01e-01  1.76e-01  1.16e-01  7.11e-02  4.24e-02  5.46e+04  1.63e+03 -1.00e+05
2015 12 18  2025   57374  73500   1.41e+01  1.57e-01  1.11e-01  5.41e-02  4.49e-02  2.18e-02  5.46e+04  1.59e+03 -1.00e+05
2015 12 18  2030   57374  73800   2.49e+01  3.14e-01  9.14e-02  4.74e-02  3.82e-02  1.97e-02  5.46e+04  1.58e+03 -1.00e+05
2015 12 18  2035   57374  74100   1.14e+01  1.64e-01  1.39e-01  9.80e-02  8.88e-02  3.59e-02  5.46e+04  1.56e+03 -1.00e+05
2015 12 18  2040   57374  74400   1.14e+01  1.73e-01  1.49e-01  6.14e-02  5.22e-02  2.78e-02  5.46e+04  1.58e+03 -1.00e+05
2015 12 18  2045   57374  74700   2.02e+01  2.25e-01  9.17e-02  4.74e-02  3.82e-02  1.97e-02  5.46e+04  1.56e+03 -1.00e+05
2015 12 18  2050   57374  75000   1.14e+01  1.90e-01  1.65e-01  1.23e-01  9.05e-02  3.79e-02  5.53e+04  1.61e+03 -1.00e+05
2015 12 18  2055   57374  75300   1.23e+01  1.26e-01  1.01e-01  5.99e-02  4.10e-02  1.97e-02  5.68e+04  1.65e+03 -1.00e+05
2015 12 18  2100   57374  75600   1.11e+01  2.20e-01  1.96e-01  5.33e-02  3.95e-02  1.97e-02  5.47e+04  1.56e+03 -1.00e+05
2015 12 18  2105   57374  75900   1.07e+01  2.80e-01  2.56e-01  1.01e-01  9.17e-02  4.72e-02  5.46e+04  1.54e+03 -1.00e+05
2015 12 18  2110   57374  76200   1.09e+01  2.20e-01  1.96e-01  5.33e-02  3.95e-02  1.97e-02  5.46e+04  1.52e+03 -1.00e+05
2015 12 18  2115   57374  76500   1.03e+01  1.55e-01  1.30e-01  8.77e-02  4.91e-02  2.50e-02  5.46e+04  1.47e+03 -1.00e+05
2015 12 18  2120   57374  76800   1.19e+01  1.87e-01  1.41e-01  8.59e-02  7.67e-02  5.58e-02  5.46e+04  1.46e+03 -1.00e+05
2015 12 18  2125   57374  77100   9.90e+00  2.14e-01  1.90e-01  4.74e-02  3.82e-02  1.97e-02  5.46e+04  1.41e+03 -1.00e+05
2015 12 18  2130   57374  77400   9.60e+00  1.72e-01  1.47e-01  7.30e-02  6.37e-02  2.79e-02  5.42e+04  1.39e+03 -1.00e+05
2015 12 18  2135   57374  77700   1.47e+01  2.34e-01  1.37e-01  8.25e-02  7.33e-02  5.47e-02  5.23e+04  1.33e+03 -1.00e+05
2015 12 18  2140   57374  78000   9.42e+00  1.36e-01  1.11e-01  7.01e-02  6.09e-02  4.24e-02  5.19e+04  1.29e+03 -1.00e+05
2015 12 18  2145   57374  78300   9.58e+00  1.13e-01  8.85e-02  4.74e-02  3.82e-02  1.97e-02  5.19e+04  1.30e+03 -1.00e+05
2015 12 18  2150   57374  78600   1.75e+01  2.59e-01  1.02e-01  5.77e-02  4.85e-02  3.00e-02  5.33e+04  1.31e+03 -1.00e+05
2015 12 18  2155   57374  78900   1.81e+01  2.49e-01  9.16e-02  4.74e-02  3.82e-02  1.97e-02  5.46e+04  1.34e+03 -1.00e+05
2015 12 18  2200   57374  79200   1.62e+01  2.59e-01  1.27e-01  8.25e-02  7.33e-02  5.47e-02  5.46e+04  1.35e+03 -1.00e+05
2015 12 18  2205   57374  79500   8.94e+00  1.48e-01  1.24e-01  8.12e-02  4.37e-02  1.97e-02  5.46e+04  1.37e+03 -1.00e+05
2015 12 18  2210   57374  79800   9.13e+00  1.13e-01  8.85e-02  4.74e-02  3.82e-02  1.97e-02  5.46e+04  1.38e+03 -1.00e+05
2015 12 18  2215   57374  80100   9.80e+00  1.60e-01  1.35e-01  7.75e-02  6.83e-02  4.98e-02  5.46e+04  1.42e+03 -1.00e+05
2015 12 18  2220   57374  80400   9.51e+00  1.46e-01  1.21e-01  8.00e-02  7.08e-02  5.23e-02  5.46e+04  1.40e+03 -1.00e+05
2015 12 18  2225   57374  80700   9.81e+00  1.50e-01  1.25e-01  8.40e-02  7.48e-02  4.85e-02  5.46e+04  1.43e+03 -1.00e+05
2015 12 18  2230   57374  81000   1.04e+01  1.72e-01  1.47e-01  8.34e-02  5.04e-02  2.50e-02  5.46e+04  1.44e+03 -1.00e+05
2015 12 18  2235   57374  81300   1.18e+01  1.50e-01  9.96e-02  5.36e-02  3.99e-02  2.01e-02  5.23e+04  1.38e+03 -1.00e+05
2015 12 18  2240   57374  81600   9.77e+00  1.63e-01  1.38e-01  9.08e-02  8.16e-02  6.31e-02  5.19e+04  1.32e+03 -1.00e+05
2015 12 18  2245   57374  81900   9.12e+00  1.65e-01  1.40e-01  9.89e-02  8.97e-02  6.17e-02  4.97e+04  1.29e+03 -1.00e+05
2015 12 18  2250   57374  82200   8.41e+00  1.88e-01  1.63e-01  1.22e-01  1.13e-01  4.86e-02  4.93e+04  1.25e+03 -1.00e+05
2015 12 18  2255   57374  82500   1.18e+01  2.25e-01  1.25e-01  4.74e-02  3.82e-02  1.97e-02  4.82e+04  1.19e+03 -1.00e+05
2015 12 18  2300   57374  82800   1.36e+01  2.73e-01  1.30e-01  8.56e-02  7.64e-02  3.22e-02  4.66e+04  1.12e+03 -1.00e+05
2015 12 18  2305   57374  83100   1.42e+01  2.98e-01  1.42e-01  9.71e-02  8.23e-02  6.22e-02  4.63e+04  1.06e+03 -1.00e+05
2015 12 18  2310   57374  83400   7.27e+00  1.95e-01  1.71e-01  9.24e-02  8.32e-02  6.46e-02  4.40e+04  1.00e+03 -1.00e+05
2015 12 18  2315   57374  83700   6.88e+00  3.19e-01  2.95e-01  1.18e-01  7.87e-02  2.99e-02  4.40e+04  1.00e+03 -1.00e+05
2015 12 18  2320   57374  84000   7.36e+00  2.04e-01  1.35e-01  8.55e-02  7.63e-02  3.19e-02  4.39e+04  9.83e+02 -1.00e+05
2015 12 18  2325   57374  84300   6.35e+00  1.13e-01  8.85e-02  4.74e-02  3.82e-02  1.97e-02  4.09e+04  8.60e+02 -1.00e+05
2015 12 18  2330   57374  84600   6.22e+00  1.35e-01  1.11e-01  6.98e-02  6.06e-02  4.20e-02  4.19e+04  8.70e+02 -1.00e+05
2015 12 18  2335   57374  84900   5.66e+00  1.20e-01  9.52e-02  5.41e-02  4.49e-02  2.18e-02  4.09e+04  8.36e+02 -1.00e+05
2015 12 18  2340   57374  85200   1.12e+01  4.17e-01  2.21e-01  1.04e-01  9.50e-02  6.00e-02  4.18e+04  8.65e+02 -1.00e+05
2015 12 18  2345   57374  85500   6.09e+00  2.69e-01  2.44e-01  1.82e-01  1.10e-01  3.59e-02  4.19e+04  8.91e+02 -1.00e+05
2015 12 18  2350   57374  85800   8.63e+00  2.25e-01  1.25e-01  4.74e-02  3.82e-02  1.97e-02  4.06e+04  8.11e+02 -1.00e+05
2015 12 18  2355   57374  86100   5.82e+00  1.85e-01  1.60e-01  6.91e-02  5.30e-02  3.24e-02  4.10e+04  8.15e+02 -1.00e+05
