:Data_list: 20151210_Gs_part_5m.txt
:Created: 2015 Dec 11 0011 UTC
# Prepared by the U.S. Dept. of Commerce, NOAA, Space Weather Prediction Center
# Please send comments and suggestions to SWPC.Webmaster@noaa.gov 
# 
# Label: P > 1 = Particles at >1 Mev
# Label: P > 5 = Particles at >5 Mev
# Label: P >10 = Particles at >10 Mev
# Label: P >30 = Particles at >30 Mev
# Label: P >50 = Particles at >50 Mev
# Label: P>100 = Particles at >100 Mev
# Label: E>0.8 = Electrons at >0.8 Mev
# Label: E>2.0 = Electrons at >2.0 Mev
# Label: E>4.0 = Electrons at >4.0 Mev
# Units: Particles = Protons/cm2-s-sr
# Units: Electrons = Electrons/cm2-s-sr
# Source: GOES-15
# Location: W135
# Missing data: -1.00e+05
#
#                      5-minute  GOES-15 Solar Particle and Electron Flux
#
#                 Modified Seconds
# UTC Date  Time   Julian  of the
# YR MO DA  HHMM    Day     Day     P > 1     P > 5     P >10     P >30     P >50     P>100     E>0.8     E>2.0     E>4.0
#-------------------------------------------------------------------------------------------------------------------------
2015 12 10  0000   57366      0   2.83e+01  3.04e-01  2.11e-01  4.77e-02  3.82e-02  1.97e-02  9.32e+04  6.38e+03 -1.00e+05
2015 12 10  0005   57366    300   1.92e+01  1.13e-01  8.78e-02  4.77e-02  3.82e-02  1.97e-02  9.32e+04  6.41e+03 -1.00e+05
2015 12 10  0010   57366    600   2.03e+01  2.22e-01  1.97e-01  9.02e-02  6.91e-02  2.85e-02  9.58e+04  6.62e+03 -1.00e+05
2015 12 10  0015   57366    900   2.50e+01  1.36e-01  9.12e-02  4.77e-02  3.82e-02  1.97e-02  9.86e+04  6.71e+03 -1.00e+05
2015 12 10  0020   57366   1200   2.03e+01  2.24e-01  1.99e-01  4.77e-02  3.82e-02  1.97e-02  9.86e+04  6.87e+03 -1.00e+05
2015 12 10  0025   57366   1500   2.14e+01  2.79e-01  2.43e-01  1.08e-01  7.65e-02  4.57e-02  9.80e+04  6.64e+03 -1.00e+05
2015 12 10  0030   57366   1800   2.62e+01  2.46e-01  1.57e-01  8.54e-02  7.59e-02  5.74e-02  9.86e+04  6.55e+03 -1.00e+05
2015 12 10  0035   57366   2100   2.08e+01  1.96e-01  1.51e-01  4.77e-02  3.82e-02  1.97e-02  9.62e+04  6.44e+03 -1.00e+05
2015 12 10  0040   57366   2400   1.60e+01  1.68e-01  1.42e-01  1.02e-01  9.12e-02  3.66e-02  9.35e+04  6.14e+03 -1.00e+05
2015 12 10  0045   57366   2700   2.11e+01  1.93e-01  1.00e-01  4.77e-02  3.82e-02  1.97e-02  9.63e+04  6.11e+03 -1.00e+05
2015 12 10  0050   57366   3000   2.27e+01  2.24e-01  1.31e-01  4.77e-02  3.82e-02  1.97e-02  9.74e+04  6.27e+03 -1.00e+05
2015 12 10  0055   57366   3300   2.36e+01  2.63e-01  1.72e-01  7.47e-02  6.42e-02  4.54e-02  9.68e+04  6.32e+03 -1.00e+05
2015 12 10  0100   57366   3600   2.56e+01  4.18e-01  2.67e-01  1.00e-01  9.08e-02  3.66e-02  9.69e+04  5.97e+03 -1.00e+05
2015 12 10  0105   57366   3900   2.03e+01  2.15e-01  1.22e-01  6.93e-02  4.31e-02  1.97e-02  9.47e+04  5.72e+03 -1.00e+05
2015 12 10  0110   57366   4200   1.39e+01  1.22e-01  9.65e-02  5.62e-02  4.01e-02  1.97e-02  9.32e+04  5.43e+03 -1.00e+05
2015 12 10  0115   57366   4500   2.06e+01  2.31e-01  1.42e-01  8.96e-02  6.12e-02  3.43e-02  9.30e+04  5.40e+03 -1.00e+05
2015 12 10  0120   57366   4800   1.44e+01  1.13e-01  8.78e-02  4.77e-02  3.82e-02  1.97e-02  9.10e+04  5.31e+03 -1.00e+05
2015 12 10  0125   57366   5100   1.71e+01  2.15e-01  1.22e-01  6.93e-02  4.31e-02  1.97e-02  8.67e+04  4.67e+03 -1.00e+05
2015 12 10  0130   57366   5400   1.31e+01  1.93e-01  1.00e-01  4.77e-02  3.82e-02  1.97e-02  7.66e+04  3.58e+03 -1.00e+05
2015 12 10  0135   57366   5700   1.19e+01  1.66e-01  1.25e-01  8.15e-02  7.20e-02  5.30e-02  6.48e+04  3.02e+03 -1.00e+05
2015 12 10  0140   57366   6000   1.17e+01  1.58e-01  1.13e-01  6.93e-02  4.31e-02  1.97e-02  7.12e+04  3.09e+03 -1.00e+05
2015 12 10  0145   57366   6300   1.52e+01  2.53e-01  1.48e-01  9.40e-02  8.45e-02  3.46e-02  5.66e+04  2.54e+03 -1.00e+05
2015 12 10  0150   57366   6600   1.50e+01  4.09e-01  2.25e-01  4.77e-02  3.82e-02  1.97e-02  4.57e+04  1.79e+03 -1.00e+05
2015 12 10  0155   57366   6900   7.87e+00  1.67e-01  1.41e-01  7.08e-02  6.14e-02  4.29e-02  3.15e+04  1.05e+03 -1.00e+05
2015 12 10  0200   57366   7200   8.12e+00  2.93e-01  2.68e-01  9.02e-02  5.44e-02  3.05e-02  3.12e+04  9.85e+02 -1.00e+05
2015 12 10  0205   57366   7500   7.83e+00  1.73e-01  1.48e-01  4.77e-02  3.82e-02  1.97e-02  3.38e+04  1.09e+03 -1.00e+05
2015 12 10  0210   57366   7800   7.18e+00  1.13e-01  8.78e-02  4.77e-02  3.82e-02  1.97e-02  3.81e+04  1.21e+03 -1.00e+05
2015 12 10  0215   57366   8100   9.68e+00  2.53e-01  1.60e-01  4.77e-02  3.82e-02  1.97e-02  3.91e+04  1.23e+03 -1.00e+05
2015 12 10  0220   57366   8400   1.11e+01  2.69e-01  1.46e-01  6.27e-02  4.16e-02  1.97e-02  3.86e+04  1.15e+03 -1.00e+05
2015 12 10  0225   57366   8700   5.66e+00  1.63e-01  1.38e-01  9.68e-02  6.18e-02  2.88e-02  3.62e+04  1.01e+03 -1.00e+05
2015 12 10  0230   57366   9000   5.46e+00  1.13e-01  8.78e-02  4.77e-02  3.82e-02  1.97e-02  3.63e+04  9.71e+02 -1.00e+05
2015 12 10  0235   57366   9300   6.52e+00  1.69e-01  1.24e-01  4.77e-02  3.82e-02  1.97e-02  3.94e+04  1.09e+03 -1.00e+05
2015 12 10  0240   57366   9600   9.11e+00  2.53e-01  1.31e-01  4.77e-02  3.82e-02  1.97e-02  4.15e+04  1.16e+03 -1.00e+05
2015 12 10  0245   57366   9900   8.54e+00  2.60e-01  1.30e-01  8.56e-02  4.36e-02  1.97e-02  4.11e+04  1.14e+03 -1.00e+05
2015 12 10  0250   57366  10200   8.45e+00  2.00e-01  9.66e-02  5.35e-02  4.41e-02  2.55e-02  3.90e+04  1.04e+03 -1.00e+05
2015 12 10  0255   57366  10500   1.00e+01  2.20e-01  9.07e-02  4.77e-02  3.82e-02  1.97e-02  4.04e+04  9.84e+02 -1.00e+05
2015 12 10  0300   57366  10800   5.20e+00  1.42e-01  1.17e-01  7.58e-02  4.46e-02  1.97e-02  3.41e+04  7.67e+02 -1.00e+05
2015 12 10  0305   57366  11100   5.89e+00  1.15e-01  8.98e-02  4.96e-02  3.87e-02  1.97e-02  2.91e+04  5.48e+02 -1.00e+05
2015 12 10  0310   57366  11400   5.94e+00  1.24e-01  9.86e-02  5.85e-02  4.90e-02  3.05e-02  3.31e+04  6.40e+02 -1.00e+05
2015 12 10  0315   57366  11700   8.24e+00  2.37e-01  1.47e-01  9.56e-02  8.62e-02  6.76e-02  2.90e+04  5.25e+02 -1.00e+05
2015 12 10  0320   57366  12000   8.48e+00  2.52e-01  1.32e-01  7.52e-02  6.57e-02  2.85e-02  3.10e+04  5.62e+02 -1.00e+05
2015 12 10  0325   57366  12300   4.70e+00  1.13e-01  8.78e-02  4.77e-02  3.82e-02  1.97e-02  2.73e+04  5.29e+02 -1.00e+05
2015 12 10  0330   57366  12600   6.07e+00  2.26e-01  1.33e-01  4.77e-02  3.82e-02  1.97e-02  2.63e+04  4.71e+02 -1.00e+05
2015 12 10  0335   57366  12900   3.56e+00  1.51e-01  1.25e-01  5.35e-02  4.41e-02  2.55e-02  2.46e+04  4.08e+02 -1.00e+05
2015 12 10  0340   57366  13200   2.64e+00  1.69e-01  1.24e-01  4.77e-02  3.82e-02  1.97e-02  2.33e+04  3.73e+02 -1.00e+05
2015 12 10  0345   57366  13500   2.05e+00  1.36e-01  1.11e-01  7.08e-02  5.99e-02  2.65e-02  2.31e+04  3.68e+02 -1.00e+05
2015 12 10  0350   57366  13800   2.90e+00  3.04e-01  2.11e-01  4.77e-02  3.82e-02  1.97e-02  2.47e+04  4.29e+02 -1.00e+05
2015 12 10  0355   57366  14100   4.91e+00  2.44e-01  9.06e-02  4.77e-02  3.82e-02  1.97e-02  2.67e+04  4.76e+02 -1.00e+05
2015 12 10  0400   57366  14400   4.44e+00  2.44e-01  9.06e-02  4.77e-02  3.82e-02  1.97e-02  2.01e+04  3.30e+02 -1.00e+05
2015 12 10  0405   57366  14700   3.24e+00  1.72e-01  1.47e-01  1.07e-01  9.71e-02  3.86e-02  1.95e+04  2.82e+02 -1.00e+05
2015 12 10  0410   57366  15000   4.41e+00  1.13e-01  8.78e-02  4.77e-02  3.82e-02  1.97e-02  1.85e+04  2.88e+02 -1.00e+05
2015 12 10  0415   57366  15300   1.05e+01  2.88e-01  9.04e-02  4.77e-02  3.82e-02  1.97e-02  1.98e+04  3.25e+02 -1.00e+05
2015 12 10  0420   57366  15600   7.01e+00  1.13e-01  8.78e-02  4.77e-02  3.82e-02  1.97e-02  2.27e+04  3.69e+02 -1.00e+05
2015 12 10  0425   57366  15900   6.51e+00  1.28e-01  1.03e-01  6.26e-02  5.32e-02  2.45e-02  2.34e+04  4.00e+02 -1.00e+05
2015 12 10  0430   57366  16200   1.70e+01  4.94e-01  2.89e-01  8.88e-02  7.94e-02  3.69e-02  2.52e+04  4.96e+02 -1.00e+05
2015 12 10  0435   57366  16500   8.94e+00  1.22e-01  9.65e-02  5.62e-02  4.01e-02  1.97e-02  2.66e+04  5.69e+02 -1.00e+05
2015 12 10  0440   57366  16800   9.24e+00  1.13e-01  8.78e-02  4.77e-02  3.82e-02  1.97e-02  3.02e+04  7.19e+02 -1.00e+05
2015 12 10  0445   57366  17100   1.68e+01  1.94e-01  9.08e-02  4.77e-02  3.82e-02  1.97e-02  3.51e+04  9.26e+02 -1.00e+05
2015 12 10  0450   57366  17400   8.24e+00  1.66e-01  1.41e-01  9.97e-02  5.45e-02  2.55e-02  3.09e+04  7.41e+02 -1.00e+05
2015 12 10  0455   57366  17700   8.40e+00  1.13e-01  8.78e-02  4.77e-02  3.82e-02  1.97e-02  2.88e+04  6.99e+02 -1.00e+05
2015 12 10  0500   57366  18000   9.22e+00  1.22e-01  9.65e-02  5.62e-02  4.01e-02  1.97e-02  3.58e+04  9.91e+02 -1.00e+05
2015 12 10  0505   57366  18300   1.55e+01  1.36e-01  9.12e-02  4.77e-02  3.82e-02  1.97e-02  3.64e+04  1.15e+03 -1.00e+05
2015 12 10  0510   57366  18600   1.75e+01  2.26e-01  1.33e-01  4.77e-02  3.82e-02  1.97e-02  2.91e+04  8.19e+02 -1.00e+05
2015 12 10  0515   57366  18900   1.32e+01  1.28e-01  1.03e-01  6.27e-02  4.16e-02  1.97e-02  2.57e+04  7.07e+02 -1.00e+05
2015 12 10  0520   57366  19200   2.01e+01  2.32e-01  1.38e-01  8.44e-02  4.37e-02  1.97e-02  2.50e+04  6.60e+02 -1.00e+05
2015 12 10  0525   57366  19500   1.35e+01  1.29e-01  1.03e-01  6.33e-02  5.38e-02  2.70e-02  2.69e+04  7.17e+02 -1.00e+05
2015 12 10  0530   57366  19800   1.16e+01  2.81e-01  2.56e-01  8.14e-02  7.20e-02  3.06e-02  2.33e+04  5.70e+02 -1.00e+05
2015 12 10  0535   57366  20100   1.09e+01  1.63e-01  1.38e-01  9.68e-02  7.06e-02  2.85e-02  2.25e+04  5.51e+02 -1.00e+05
2015 12 10  0540   57366  20400   1.04e+01  1.89e-01  1.64e-01  7.74e-02  6.14e-02  2.65e-02  2.20e+04  5.44e+02 -1.00e+05
2015 12 10  0545   57366  20700   1.66e+01  2.28e-01  1.35e-01  4.96e-02  3.87e-02  1.97e-02  2.23e+04  5.52e+02 -1.00e+05
2015 12 10  0550   57366  21000   1.11e+01  2.47e-01  2.02e-01  4.77e-02  3.82e-02  1.97e-02  2.26e+04  5.19e+02 -1.00e+05
2015 12 10  0555   57366  21300   1.10e+01  1.36e-01  9.12e-02  4.77e-02  3.82e-02  1.97e-02  2.26e+04  5.33e+02 -1.00e+05
2015 12 10  0600   57366  21600   8.01e+00  1.56e-01  1.31e-01  9.02e-02  6.91e-02  2.85e-02  2.37e+04  5.26e+02 -1.00e+05
2015 12 10  0605   57366  21900   1.27e+01  2.31e-01  1.28e-01  8.48e-02  7.03e-02  5.03e-02  2.29e+04  5.06e+02 -1.00e+05
2015 12 10  0610   57366  22200   7.86e+00  2.29e-01  2.03e-01  5.35e-02  4.41e-02  2.55e-02  2.38e+04  5.21e+02 -1.00e+05
2015 12 10  0615   57366  22500   7.79e+00  1.71e-01  1.46e-01  6.89e-02  5.95e-02  2.65e-02  2.42e+04  5.31e+02 -1.00e+05
2015 12 10  0620   57366  22800   8.31e+00  2.27e-01  1.75e-01  1.00e-01  9.08e-02  3.66e-02  2.29e+04  4.67e+02 -1.00e+05
2015 12 10  0625   57366  23100   5.83e+00  1.21e-01  9.61e-02  5.60e-02  4.65e-02  2.80e-02  2.12e+04  4.15e+02 -1.00e+05
2015 12 10  0630   57366  23400   5.54e+00  1.35e-01  1.10e-01  6.93e-02  5.72e-02  3.79e-02  2.13e+04  3.91e+02 -1.00e+05
2015 12 10  0635   57366  23700   5.19e+00  1.13e-01  8.78e-02  4.77e-02  3.82e-02  1.97e-02  2.12e+04  3.98e+02 -1.00e+05
2015 12 10  0640   57366  24000   4.07e+00  1.29e-01  1.04e-01  6.34e-02  5.40e-02  3.55e-02  2.11e+04  3.91e+02 -1.00e+05
2015 12 10  0645   57366  24300   4.58e+00  1.37e-01  9.21e-02  4.86e-02  3.91e-02  2.06e-02  2.07e+04  3.53e+02 -1.00e+05
2015 12 10  0650   57366  24600   4.03e+00  1.13e-01  8.78e-02  4.77e-02  3.82e-02  1.97e-02  1.90e+04  3.29e+02 -1.00e+05
2015 12 10  0655   57366  24900   5.88e+00  1.93e-01  1.00e-01  4.77e-02  3.82e-02  1.97e-02  1.83e+04  3.44e+02 -1.00e+05
2015 12 10  0700   57366  25200   3.78e+00  2.16e-01  1.91e-01  6.93e-02  4.31e-02  1.97e-02  1.73e+04  3.16e+02 -1.00e+05
2015 12 10  0705   57366  25500   3.56e+00  1.13e-01  8.78e-02  4.77e-02  3.82e-02  1.97e-02  1.52e+04  2.67e+02 -1.00e+05
2015 12 10  0710   57366  25800   3.25e+00  1.29e-01  1.04e-01  6.34e-02  5.40e-02  3.55e-02  1.34e+04  2.08e+02 -1.00e+05
2015 12 10  0715   57366  26100   3.34e+00  1.13e-01  8.78e-02  4.77e-02  3.82e-02  1.97e-02  1.34e+04  2.15e+02 -1.00e+05
2015 12 10  0720   57366  26400   2.97e+00  1.35e-01  1.10e-01  6.93e-02  4.31e-02  1.97e-02  1.22e+04  1.84e+02 -1.00e+05
2015 12 10  0725   57366  26700   4.36e+00  2.54e-01  1.62e-01  1.09e-01  7.39e-02  4.78e-02  1.21e+04  1.76e+02 -1.00e+05
2015 12 10  0730   57366  27000   2.69e+00  1.49e-01  1.24e-01  8.40e-02  7.45e-02  4.04e-02  1.19e+04  1.70e+02 -1.00e+05
2015 12 10  0735   57366  27300   3.84e+00  2.08e-01  1.16e-01  6.34e-02  5.40e-02  3.55e-02  1.24e+04  1.73e+02 -1.00e+05
2015 12 10  0740   57366  27600   2.34e+00  2.39e-01  2.14e-01  7.60e-02  6.66e-02  4.81e-02  1.32e+04  1.80e+02 -1.00e+05
2015 12 10  0745   57366  27900   3.36e+00  2.03e-01  9.91e-02  5.60e-02  4.65e-02  2.80e-02  1.32e+04  1.94e+02 -1.00e+05
2015 12 10  0750   57366  28200   8.43e+01  2.24e-01  1.99e-01  4.77e-02  3.82e-02  1.97e-02  1.77e+04  3.09e+02 -1.00e+05
2015 12 10  0755   57366  28500   2.90e+02  1.64e-01  1.39e-01  4.77e-02  3.82e-02  1.97e-02  4.51e+04  1.37e+03 -1.00e+05
2015 12 10  0800   57366  28800   5.96e+01  1.44e-01  1.19e-01  4.77e-02  3.82e-02  1.97e-02  4.99e+04  1.79e+03 -1.00e+05
2015 12 10  0805   57366  29100   1.16e+01  1.13e-01  8.78e-02  4.77e-02  3.82e-02  1.97e-02  3.01e+04  7.08e+02 -1.00e+05
2015 12 10  0810   57366  29400   1.20e+01  1.68e-01  1.25e-01  8.06e-02  5.79e-02  3.55e-02  3.31e+04  8.22e+02 -1.00e+05
2015 12 10  0815   57366  29700   1.29e+01  2.47e-01  2.02e-01  4.77e-02  3.82e-02  1.97e-02  3.35e+04  8.45e+02 -1.00e+05
2015 12 10  0820   57366  30000   1.89e+01  2.32e-01  1.39e-01  5.60e-02  4.65e-02  2.80e-02  3.71e+04  1.03e+03 -1.00e+05
2015 12 10  0825   57366  30300   1.39e+01  1.13e-01  8.78e-02  4.77e-02  3.82e-02  1.97e-02  3.88e+04  1.18e+03 -1.00e+05
2015 12 10  0830   57366  30600   1.81e+01  2.27e-01  1.34e-01  4.86e-02  3.91e-02  2.06e-02  4.08e+04  1.26e+03 -1.00e+05
2015 12 10  0835   57366  30900   1.10e+01  1.13e-01  8.78e-02  4.77e-02  3.82e-02  1.97e-02  4.90e+04  1.56e+03 -1.00e+05
2015 12 10  0840   57366  31200   1.91e+01  2.20e-01  9.07e-02  4.77e-02  3.82e-02  1.97e-02  4.73e+04  1.46e+03 -1.00e+05
2015 12 10  0845   57366  31500   1.02e+01  1.80e-01  1.55e-01  5.65e-02  4.71e-02  2.32e-02  4.85e+04  1.56e+03 -1.00e+05
2015 12 10  0850   57366  31800   1.04e+01  2.62e-01  2.37e-01  9.56e-02  8.62e-02  6.76e-02  4.88e+04  1.60e+03 -1.00e+05
2015 12 10  0855   57366  32100   6.66e+00  2.24e-01  1.99e-01  4.77e-02  3.82e-02  1.97e-02  3.77e+04  1.10e+03 -1.00e+05
2015 12 10  0900   57366  32400   4.90e+00  2.48e-01  2.23e-01  7.83e-02  6.88e-02  5.03e-02  3.18e+04  7.80e+02 -1.00e+05
2015 12 10  0905   57366  32700   3.67e+00  1.14e-01  8.86e-02  4.86e-02  3.91e-02  2.06e-02  2.53e+04  5.61e+02 -1.00e+05
2015 12 10  0910   57366  33000   5.35e+00  1.93e-01  1.02e-01  5.01e-02  4.07e-02  2.05e-02  2.26e+04  4.14e+02 -1.00e+05
2015 12 10  0915   57366  33300   3.66e+00  1.80e-01  1.55e-01  9.63e-02  8.69e-02  6.62e-02  2.29e+04  4.15e+02 -1.00e+05
2015 12 10  0920   57366  33600   5.39e+00  2.23e-01  1.32e-01  7.95e-02  6.33e-02  4.29e-02  2.12e+04  3.84e+02 -1.00e+05
2015 12 10  0925   57366  33900   3.80e+00  1.46e-01  1.21e-01  4.77e-02  3.82e-02  1.97e-02  2.10e+04  4.05e+02 -1.00e+05
2015 12 10  0930   57366  34200   4.58e+00  1.67e-01  1.41e-01  7.08e-02  6.14e-02  4.29e-02  1.79e+04  3.42e+02 -1.00e+05
2015 12 10  0935   57366  34500   4.03e+00  1.28e-01  1.02e-01  6.22e-02  4.79e-02  2.80e-02  1.56e+04  2.98e+02 -1.00e+05
2015 12 10  0940   57366  34800   6.50e+00  4.09e-01  2.25e-01  4.77e-02  3.82e-02  1.97e-02  1.54e+04  3.05e+02 -1.00e+05
2015 12 10  0945   57366  35100   2.61e+00  1.36e-01  9.12e-02  4.77e-02  3.82e-02  1.97e-02  1.53e+04  3.04e+02 -1.00e+05
2015 12 10  0950   57366  35400   2.27e+00  2.21e-01  1.95e-01  1.54e-01  1.13e-01  4.06e-02  1.67e+04  3.48e+02 -1.00e+05
2015 12 10  0955   57366  35700   2.75e+00  1.26e-01  1.01e-01  6.09e-02  5.15e-02  3.30e-02  1.68e+04  3.63e+02 -1.00e+05
2015 12 10  1000   57366  36000   6.24e+00  2.25e-01  9.94e-02  5.64e-02  4.69e-02  2.25e-02  1.56e+04  3.33e+02 -1.00e+05
2015 12 10  1005   57366  36300   3.04e+00  1.46e-01  1.21e-01  4.77e-02  3.82e-02  1.97e-02  1.47e+04  3.03e+02 -1.00e+05
2015 12 10  1010   57366  36600   4.75e+00  2.48e-01  1.28e-01  5.01e-02  4.07e-02  2.05e-02  1.49e+04  2.90e+02 -1.00e+05
2015 12 10  1015   57366  36900   2.76e+00  1.44e-01  1.19e-01  4.77e-02  3.82e-02  1.97e-02  1.48e+04  2.87e+02 -1.00e+05
2015 12 10  1020   57366  37200   2.16e+00  1.13e-01  8.78e-02  4.77e-02  3.82e-02  1.97e-02  1.49e+04  2.86e+02 -1.00e+05
2015 12 10  1025   57366  37500   4.20e+00  2.20e-01  9.07e-02  4.77e-02  3.82e-02  1.97e-02  1.46e+04  2.90e+02 -1.00e+05
2015 12 10  1030   57366  37800   1.67e+00  1.29e-01  1.04e-01  6.34e-02  5.40e-02  3.55e-02  1.44e+04  2.78e+02 -1.00e+05
2015 12 10  1035   57366  38100   1.61e+00  1.57e-01  1.32e-01  6.09e-02  5.15e-02  3.30e-02  1.48e+04  3.11e+02 -1.00e+05
2015 12 10  1040   57366  38400   1.46e+00  1.34e-01  1.08e-01  6.84e-02  5.89e-02  4.04e-02  1.61e+04  3.30e+02 -1.00e+05
2015 12 10  1045   57366  38700   1.40e+00  1.51e-01  1.26e-01  4.96e-02  3.87e-02  1.97e-02  1.54e+04  3.39e+02 -1.00e+05
2015 12 10  1050   57366  39000   1.25e+00  1.28e-01  1.03e-01  6.27e-02  4.16e-02  1.97e-02  1.82e+04  3.89e+02 -1.00e+05
2015 12 10  1055   57366  39300   1.04e+00  1.46e-01  1.21e-01  8.06e-02  5.79e-02  3.55e-02  1.94e+04  4.12e+02 -1.00e+05
2015 12 10  1100   57366  39600   1.26e+00  1.46e-01  1.21e-01  4.77e-02  3.82e-02  1.97e-02  2.01e+04  4.39e+02 -1.00e+05
2015 12 10  1105   57366  39900   1.26e+00  1.19e-01  9.36e-02  5.35e-02  4.41e-02  2.55e-02  2.11e+04  4.68e+02 -1.00e+05
2015 12 10  1110   57366  40200   1.10e+00  1.53e-01  1.09e-01  6.59e-02  5.65e-02  3.79e-02  2.24e+04  4.87e+02 -1.00e+05
2015 12 10  1115   57366  40500   1.28e+00  1.58e-01  1.33e-01  9.31e-02  8.37e-02  6.52e-02  2.37e+04  5.05e+02 -1.00e+05
2015 12 10  1120   57366  40800   2.07e+00  1.44e-01  1.18e-01  7.83e-02  6.88e-02  5.03e-02  2.21e+04  4.97e+02 -1.00e+05
2015 12 10  1125   57366  41100   3.63e+00  2.10e-01  1.06e-01  6.27e-02  4.16e-02  1.97e-02  2.39e+04  5.30e+02 -1.00e+05
2015 12 10  1130   57366  41400   1.69e+00  1.13e-01  8.78e-02  4.77e-02  3.82e-02  1.97e-02  2.28e+04  4.98e+02 -1.00e+05
2015 12 10  1135   57366  41700   1.74e+00  2.37e-01  2.11e-01  7.10e-02  6.15e-02  4.30e-02  2.21e+04  4.99e+02 -1.00e+05
2015 12 10  1140   57366  42000   2.99e+00  2.30e-01  1.27e-01  8.24e-02  4.60e-02  1.97e-02  2.24e+04  5.15e+02 -1.00e+05
2015 12 10  1145   57366  42300   1.60e+00  1.68e-01  1.43e-01  6.93e-02  4.31e-02  1.97e-02  2.07e+04  5.02e+02 -1.00e+05
2015 12 10  1150   57366  42600   1.99e+00  1.59e-01  1.34e-01  9.25e-02  5.69e-02  3.30e-02  2.39e+04  5.18e+02 -1.00e+05
2015 12 10  1155   57366  42900   1.78e+00  2.33e-01  2.08e-01  5.62e-02  4.01e-02  1.97e-02  2.10e+04  5.02e+02 -1.00e+05
2015 12 10  1200   57366  43200   1.48e+00  2.46e-01  2.20e-01  7.47e-02  6.42e-02  4.54e-02  2.06e+04  4.65e+02 -1.00e+05
2015 12 10  1205   57366  43500   1.38e+00  1.50e-01  1.25e-01  8.42e-02  5.81e-02  2.45e-02  2.07e+04  4.63e+02 -1.00e+05
2015 12 10  1210   57366  43800   2.60e+00  2.47e-01  2.02e-01  4.77e-02  3.82e-02  1.97e-02  1.86e+04  4.80e+02 -1.00e+05
2015 12 10  1215   57366  44100   3.20e+00  1.66e-01  1.41e-01  7.38e-02  6.43e-02  4.55e-02  2.14e+04  4.28e+02 -1.00e+05
2015 12 10  1220   57366  44400   2.79e+00  2.14e-01  1.71e-01  9.82e-02  5.46e-02  2.87e-02  2.00e+04  4.02e+02 -1.00e+05
2015 12 10  1225   57366  44700   2.58e+00  1.38e-01  1.12e-01  7.24e-02  6.29e-02  4.00e-02  2.02e+04  3.89e+02 -1.00e+05
2015 12 10  1230   57366  45000   6.98e+00  2.77e-01  1.02e-01  5.86e-02  4.33e-02  2.31e-02  1.92e+04  3.86e+02 -1.00e+05
2015 12 10  1235   57366  45300   3.38e+00  2.89e-01  1.67e-01  8.24e-02  4.60e-02  1.97e-02  2.08e+04  4.34e+02 -1.00e+05
2015 12 10  1240   57366  45600   3.05e+00  3.12e-01  1.64e-01  6.26e-02  5.32e-02  2.45e-02  2.04e+04  4.48e+02 -1.00e+05
2015 12 10  1245   57366  45900   4.46e+00  2.54e-01  1.26e-01  8.32e-02  7.38e-02  5.53e-02  2.07e+04  4.31e+02 -1.00e+05
2015 12 10  1250   57366  46200   2.86e+00  1.55e-01  1.29e-01  4.77e-02  3.82e-02  1.97e-02  2.02e+04  4.26e+02 -1.00e+05
2015 12 10  1255   57366  46500   4.25e+00  1.75e-01  1.50e-01  1.07e-01  5.54e-02  2.25e-02  2.04e+04  4.48e+02 -1.00e+05
2015 12 10  1300   57366  46800   4.63e+00  2.12e-01  1.87e-01  8.82e-02  7.87e-02  6.02e-02  2.18e+04  4.78e+02 -1.00e+05
2015 12 10  1305   57366  47100   4.46e+00  2.24e-01  1.99e-01  4.77e-02  3.82e-02  1.97e-02  2.00e+04  4.84e+02 -1.00e+05
2015 12 10  1310   57366  47400   3.91e+00  1.34e-01  1.09e-01  6.89e-02  5.95e-02  2.65e-02  2.07e+04  4.72e+02 -1.00e+05
2015 12 10  1315   57366  47700   8.64e+00  4.77e-01  2.25e-01  4.77e-02  3.82e-02  1.97e-02  2.00e+04  4.69e+02 -1.00e+05
2015 12 10  1320   57366  48000   4.46e+00  2.15e-01  1.22e-01  6.93e-02  4.31e-02  1.97e-02  1.91e+04  4.63e+02 -1.00e+05
2015 12 10  1325   57366  48300   4.79e+00  2.69e-01  2.44e-01  9.09e-02  4.36e-02  1.97e-02  1.89e+04  4.48e+02 -1.00e+05
2015 12 10  1330   57366  48600   5.81e+00  1.55e-01  1.30e-01  8.96e-02  6.95e-02  4.78e-02  2.03e+04  4.67e+02 -1.00e+05
2015 12 10  1335   57366  48900   5.31e+00  1.52e-01  1.27e-01  7.64e-02  6.27e-02  3.45e-02  1.99e+04  4.55e+02 -1.00e+05
2015 12 10  1340   57366  49200   5.22e+00  1.59e-01  1.34e-01  9.40e-02  8.45e-02  3.46e-02  2.23e+04  4.79e+02 -1.00e+05
2015 12 10  1345   57366  49500   4.22e+00  2.00e-01  1.75e-01  8.79e-02  7.84e-02  3.32e-02  2.62e+04  5.67e+02 -1.00e+05
2015 12 10  1350   57366  49800   1.07e+01  2.64e-01  1.11e-01  6.84e-02  5.89e-02  4.04e-02  2.89e+04  6.40e+02 -1.00e+05
2015 12 10  1355   57366  50100   8.70e+00  2.65e-01  1.44e-01  6.40e-02  5.03e-02  3.05e-02  2.81e+04  6.48e+02 -1.00e+05
2015 12 10  1400   57366  50400   7.34e+00  1.13e-01  8.78e-02  4.77e-02  3.82e-02  1.97e-02  2.66e+04  6.30e+02 -1.00e+05
2015 12 10  1405   57366  50700   7.62e+00  1.63e-01  1.38e-01  5.60e-02  4.65e-02  2.80e-02  2.18e+04  6.19e+02 -1.00e+05
2015 12 10  1410   57366  51000   1.50e+01  4.23e-01  3.08e-01  1.21e-01  1.12e-01  7.24e-02  2.33e+04  6.53e+02 -1.00e+05
2015 12 10  1415   57366  51300   1.35e+01  1.77e-01  1.33e-01  4.77e-02  3.82e-02  1.97e-02  2.30e+04  7.26e+02 -1.00e+05
2015 12 10  1420   57366  51600   1.04e+01  1.47e-01  1.22e-01  8.02e-02  4.37e-02  1.97e-02  2.15e+04  7.52e+02 -1.00e+05
2015 12 10  1425   57366  51900   1.00e+01  2.18e-01  1.93e-01  5.64e-02  4.69e-02  2.25e-02  2.37e+04  7.83e+02 -1.00e+05
2015 12 10  1430   57366  52200   9.08e+00  1.13e-01  8.78e-02  4.77e-02  3.82e-02  1.97e-02  2.37e+04  7.84e+02 -1.00e+05
2015 12 10  1435   57366  52500   9.75e+00  1.15e-01  9.02e-02  5.01e-02  4.07e-02  2.05e-02  2.29e+04  7.87e+02 -1.00e+05
2015 12 10  1440   57366  52800   8.86e+00  2.39e-01  2.14e-01  1.28e-01  9.34e-02  4.07e-02  2.34e+04  7.86e+02 -1.00e+05
2015 12 10  1445   57366  53100   1.31e+01  3.54e-01  2.00e-01  7.71e-02  6.62e-02  2.85e-02  2.37e+04  7.92e+02 -1.00e+05
2015 12 10  1450   57366  53400   7.64e+00  1.62e-01  1.19e-01  7.58e-02  6.64e-02  4.78e-02  2.20e+04  7.64e+02 -1.00e+05
2015 12 10  1455   57366  53700   6.12e+00  1.51e-01  1.26e-01  8.59e-02  7.65e-02  2.08e-02  2.29e+04  7.39e+02 -1.00e+05
2015 12 10  1500   57366  54000   1.63e+01  2.20e-01  9.07e-02  4.77e-02  3.82e-02  1.97e-02  2.14e+04  6.89e+02 -1.00e+05
2015 12 10  1505   57366  54300   7.30e+00  1.34e-01  1.08e-01  6.84e-02  5.89e-02  4.04e-02  2.07e+04  6.97e+02 -1.00e+05
2015 12 10  1510   57366  54600   7.63e+00  2.59e-01  2.34e-01  9.54e-02  8.60e-02  6.74e-02  2.15e+04  7.07e+02 -1.00e+05
2015 12 10  1515   57366  54900   8.41e+00  1.37e-01  1.11e-01  6.26e-02  5.32e-02  2.45e-02  2.54e+04  8.12e+02 -1.00e+05
2015 12 10  1520   57366  55200   1.12e+01  1.95e-01  1.24e-01  7.52e-02  6.57e-02  2.85e-02  2.45e+04  8.52e+02 -1.00e+05
2015 12 10  1525   57366  55500   9.70e+00  1.48e-01  1.04e-01  6.09e-02  5.15e-02  3.30e-02  2.88e+04  9.24e+02 -1.00e+05
2015 12 10  1530   57366  55800   9.33e+00  2.33e-01  2.08e-01  5.62e-02  4.01e-02  1.97e-02  2.99e+04  9.81e+02 -1.00e+05
2015 12 10  1535   57366  56100   1.19e+01  1.47e-01  1.02e-01  5.86e-02  4.33e-02  2.31e-02  3.15e+04  1.07e+03 -1.00e+05
2015 12 10  1540   57366  56400   1.04e+01  1.46e-01  1.21e-01  4.77e-02  3.82e-02  1.97e-02  3.26e+04  1.10e+03 -1.00e+05
2015 12 10  1545   57366  56700   1.02e+01  1.16e-01  9.11e-02  5.10e-02  4.16e-02  2.31e-02  3.32e+04  1.11e+03 -1.00e+05
2015 12 10  1550   57366  57000   1.03e+01  2.07e-01  1.82e-01  1.41e-01  1.05e-01  4.11e-02  3.44e+04  1.20e+03 -1.00e+05
2015 12 10  1555   57366  57300   1.04e+01  2.25e-01  1.99e-01  4.86e-02  3.91e-02  2.06e-02  3.55e+04  1.23e+03 -1.00e+05
2015 12 10  1600   57366  57600   1.16e+01  1.15e-01  8.98e-02  4.96e-02  3.87e-02  1.97e-02  3.63e+04  1.24e+03 -1.00e+05
2015 12 10  1605   57366  57900   1.14e+01  1.13e-01  8.78e-02  4.77e-02  3.82e-02  1.97e-02  3.68e+04  1.35e+03 -1.00e+05
2015 12 10  1610   57366  58200   1.21e+01  1.13e-01  8.78e-02  4.77e-02  3.82e-02  1.97e-02  3.88e+04  1.44e+03 -1.00e+05
2015 12 10  1615   57366  58500   1.09e+01  1.13e-01  8.78e-02  4.77e-02  3.82e-02  1.97e-02  3.87e+04  1.37e+03 -1.00e+05
2015 12 10  1620   57366  58800   1.43e+01  1.59e-01  1.17e-01  7.33e-02  6.39e-02  4.54e-02  3.79e+04  1.43e+03 -1.00e+05
2015 12 10  1625   57366  59100   2.31e+01  2.93e-01  1.43e-01  6.34e-02  5.40e-02  3.55e-02  4.08e+04  1.53e+03 -1.00e+05
2015 12 10  1630   57366  59400   1.45e+01  1.19e-01  9.36e-02  5.35e-02  4.41e-02  2.55e-02  4.82e+04  1.90e+03 -1.00e+05
2015 12 10  1635   57366  59700   2.14e+01  1.36e-01  9.12e-02  4.77e-02  3.82e-02  1.97e-02  4.91e+04  2.05e+03 -1.00e+05
2015 12 10  1640   57366  60000   4.74e+01  4.40e-01  1.61e-01  4.77e-02  3.82e-02  1.97e-02  4.58e+04  2.12e+03 -1.00e+05
2015 12 10  1645   57366  60300   2.52e+01  1.75e-01  1.50e-01  7.58e-02  4.46e-02  1.97e-02  5.16e+04  2.33e+03 -1.00e+05
2015 12 10  1650   57366  60600   3.12e+01  1.53e-01  1.28e-01  8.77e-02  7.83e-02  3.26e-02  5.02e+04  2.41e+03 -1.00e+05
2015 12 10  1655   57366  60900   4.34e+01  1.64e-01  1.39e-01  7.08e-02  6.14e-02  4.29e-02  4.97e+04  2.35e+03 -1.00e+05
2015 12 10  1700   57366  61200   1.02e+02  2.66e-01  1.46e-01  6.84e-02  5.89e-02  4.04e-02  4.68e+04  2.22e+03 -1.00e+05
2015 12 10  1705   57366  61500   6.56e+01  2.26e-01  2.01e-01  4.96e-02  3.87e-02  1.97e-02  4.52e+04  2.02e+03 -1.00e+05
2015 12 10  1710   57366  61800   6.62e+01  1.99e-01  1.71e-01  1.29e-01  7.21e-02  2.65e-02  4.63e+04  2.04e+03 -1.00e+05
2015 12 10  1715   57366  62100   6.68e+01  1.13e-01  8.78e-02  4.77e-02  3.82e-02  1.97e-02  4.89e+04  2.39e+03 -1.00e+05
2015 12 10  1720   57366  62400   6.47e+01  1.36e-01  9.12e-02  4.77e-02  3.82e-02  1.97e-02  5.08e+04  2.60e+03 -1.00e+05
2015 12 10  1725   57366  62700   4.01e+01  1.13e-01  8.80e-02  4.79e-02  3.85e-02  2.00e-02  4.98e+04  2.43e+03 -1.00e+05
2015 12 10  1730   57366  63000   3.38e+01  1.20e-01  9.53e-02  5.52e-02  4.57e-02  2.72e-02  4.94e+04  2.33e+03 -1.00e+05
2015 12 10  1735   57366  63300   4.61e+01  2.61e-01  1.57e-01  1.14e-01  1.04e-01  4.49e-02  4.78e+04  2.19e+03 -1.00e+05
2015 12 10  1740   57366  63600   4.06e+01  2.30e-01  1.01e-01  5.85e-02  4.90e-02  3.05e-02  4.84e+04  2.23e+03 -1.00e+05
2015 12 10  1745   57366  63900   2.26e+01  1.36e-01  9.33e-02  5.01e-02  4.07e-02  2.05e-02  5.13e+04  2.48e+03 -1.00e+05
2015 12 10  1750   57366  64200   1.99e+01  1.13e-01  8.78e-02  4.77e-02  3.82e-02  1.97e-02  5.56e+04  2.88e+03 -1.00e+05
2015 12 10  1755   57366  64500   3.79e+01  2.84e-01  1.56e-01  1.13e-01  1.03e-01  4.06e-02  5.88e+04  3.16e+03 -1.00e+05
2015 12 10  1800   57366  64800   1.75e+01  1.68e-01  1.43e-01  1.03e-01  9.38e-02  4.82e-02  5.43e+04  2.81e+03 -1.00e+05
2015 12 10  1805   57366  65100   1.53e+01  3.48e-01  3.23e-01  1.23e-01  8.13e-02  3.06e-02  5.66e+04  2.92e+03 -1.00e+05
2015 12 10  1810   57366  65400   1.51e+01  2.10e-01  1.84e-01  8.79e-02  7.87e-02  4.39e-02  6.01e+04  3.10e+03 -1.00e+05
2015 12 10  1815   57366  65700   1.71e+01  1.56e-01  1.31e-01  6.62e-02  5.71e-02  2.69e-02  6.14e+04  3.37e+03 -1.00e+05
2015 12 10  1820   57366  66000   2.46e+01  2.80e-01  1.88e-01  1.35e-01  1.25e-01  6.90e-02  6.25e+04  3.33e+03 -1.00e+05
2015 12 10  1825   57366  66300   2.87e+01  2.30e-01  1.28e-01  8.33e-02  7.42e-02  5.59e-02  6.35e+04  3.43e+03 -1.00e+05
2015 12 10  1830   57366  66600   1.63e+01  2.12e-01  1.86e-01  4.68e-02  3.77e-02  1.94e-02  6.48e+04  3.58e+03 -1.00e+05
2015 12 10  1835   57366  66900   1.51e+01  2.25e-01  1.99e-01  7.97e-02  5.50e-02  2.35e-02  6.26e+04  3.28e+03 -1.00e+05
2015 12 10  1840   57366  67200   1.83e+01  1.88e-01  1.62e-01  1.20e-01  8.40e-02  5.80e-02  6.70e+04  3.81e+03 -1.00e+05
2015 12 10  1845   57366  67500   2.04e+01  1.54e-01  1.18e-01  7.34e-02  4.87e-02  2.15e-02  6.64e+04  3.82e+03 -1.00e+05
2015 12 10  1850   57366  67800   1.96e+01  1.57e-01  1.32e-01  8.86e-02  4.74e-02  2.37e-02  6.63e+04  3.78e+03 -1.00e+05
2015 12 10  1855   57366  68100   2.12e+01  1.70e-01  1.30e-01  7.10e-02  6.18e-02  4.35e-02  6.57e+04  3.74e+03 -1.00e+05
2015 12 10  1900   57366  68400   1.99e+01  2.11e-01  1.86e-01  6.66e-02  5.20e-02  2.35e-02  6.68e+04  3.83e+03 -1.00e+05
2015 12 10  1905   57366  68700   2.68e+01  2.93e-01  2.14e-01  1.62e-01  1.22e-01  4.36e-02  6.75e+04  3.91e+03 -1.00e+05
2015 12 10  1910   57366  69000   2.17e+01  1.66e-01  1.41e-01  9.90e-02  8.98e-02  4.24e-02  6.78e+04  4.08e+03 -1.00e+05
2015 12 10  1915   57366  69300   1.85e+01  1.32e-01  1.07e-01  6.47e-02  4.17e-02  1.94e-02  6.96e+04  3.86e+03 -1.00e+05
2015 12 10  1920   57366  69600  -1.00e+05 -1.00e+05 -1.00e+05 -1.00e+05 -1.00e+05 -1.00e+05 -1.00e+05 -1.00e+05 -1.00e+05
2015 12 10  1925   57366  69900   2.29e+01  1.14e-01  8.84e-02  4.68e-02  3.77e-02  1.94e-02  7.13e+04  4.51e+03 -1.00e+05
2015 12 10  1930   57366  70200   3.30e+01  2.13e-01  1.24e-01  7.06e-02  5.41e-02  3.36e-02  7.19e+04  4.50e+03 -1.00e+05
2015 12 10  1935   57366  70500   2.03e+01  1.50e-01  1.10e-01  6.60e-02  5.69e-02  3.86e-02  6.49e+04  3.52e+03 -1.00e+05
2015 12 10  1940   57366  70800   2.17e+01  1.40e-01  1.14e-01  7.24e-02  5.64e-02  3.61e-02  6.89e+04  4.26e+03 -1.00e+05
2015 12 10  1945   57366  71100   2.42e+01  1.58e-01  1.17e-01  7.18e-02  4.86e-02  2.62e-02  6.94e+04  3.56e+03 -1.00e+05
2015 12 10  1950   57366  71400   4.48e+01  5.80e-01  2.52e-01  9.68e-02  8.11e-02  6.09e-02  6.78e+04  4.00e+03 -1.00e+05
2015 12 10  1955   57366  71700   2.51e+01  1.28e-01  1.03e-01  6.09e-02  5.17e-02  2.85e-02  7.31e+04  3.97e+03 -1.00e+05
2015 12 10  2000   57366  72000   2.94e+01  1.41e-01  1.01e-01  5.61e-02  4.70e-02  2.87e-02  6.41e+04  3.17e+03 -1.00e+05
2015 12 10  2005   57366  72300   2.16e+01  1.14e-01  8.84e-02  4.68e-02  3.77e-02  1.94e-02  6.33e+04  2.85e+03 -1.00e+05
2015 12 10  2010   57366  72600   3.54e+01  2.21e-01  1.53e-01  1.03e-01  9.41e-02  5.89e-02  6.70e+04  3.08e+03 -1.00e+05
2015 12 10  2015   57366  72900   3.05e+01  1.36e-01  1.10e-01  6.82e-02  4.39e-02  2.12e-02  7.48e+04  3.75e+03 -1.00e+05
2015 12 10  2020   57366  73200   5.34e+01  2.77e-01  1.58e-01  9.88e-02  6.90e-02  2.75e-02  7.69e+04  3.96e+03 -1.00e+05
2015 12 10  2025   57366  73500   4.02e+01  1.53e-01  1.11e-01  4.68e-02  3.77e-02  1.94e-02  7.88e+04  4.40e+03 -1.00e+05
2015 12 10  2030   57366  73800   3.74e+01  2.74e-01  2.49e-01  7.21e-02  6.30e-02  2.75e-02  8.27e+04  4.66e+03 -1.00e+05
2015 12 10  2035   57366  74100   3.98e+01  1.61e-01  1.24e-01  7.99e-02  5.02e-02  2.15e-02  7.93e+04  4.63e+03 -1.00e+05
2015 12 10  2040   57366  74400   3.84e+01  1.33e-01  9.13e-02  4.68e-02  3.77e-02  1.94e-02  7.75e+04  4.30e+03 -1.00e+05
2015 12 10  2045   57366  74700   2.92e+01  1.21e-01  9.56e-02  5.38e-02  3.92e-02  1.94e-02  7.67e+04  4.34e+03 -1.00e+05
2015 12 10  2050   57366  75000   4.15e+01  2.39e-01  1.50e-01  7.66e-02  4.77e-02  2.37e-02  7.92e+04  4.44e+03 -1.00e+05
2015 12 10  2055   57366  75300   2.89e+01  1.63e-01  1.37e-01  4.87e-02  3.95e-02  2.12e-02  7.74e+04  4.48e+03 -1.00e+05
2015 12 10  2100   57366  75600   3.31e+01  1.44e-01  1.03e-01  5.86e-02  4.94e-02  3.11e-02  7.89e+04  4.57e+03 -1.00e+05
2015 12 10  2105   57366  75900   2.94e+01  1.28e-01  1.02e-01  6.05e-02  4.79e-02  2.87e-02  7.93e+04  4.74e+03 -1.00e+05
2015 12 10  2110   57366  76200   5.13e+01  2.21e-01  9.17e-02  4.68e-02  3.77e-02  1.94e-02  8.03e+04  4.82e+03 -1.00e+05
2015 12 10  2115   57366  76500   6.23e+01  2.98e-01  1.22e-01  7.66e-02  4.77e-02  2.37e-02  8.33e+04  5.18e+03 -1.00e+05
2015 12 10  2120   57366  76800   2.60e+01  1.45e-01  1.20e-01  7.84e-02  6.92e-02  5.10e-02  7.91e+04  4.68e+03 -1.00e+05
2015 12 10  2125   57366  77100   4.39e+01  4.27e-01  2.50e-01  8.68e-02  4.99e-02  2.62e-02  7.80e+04  4.65e+03 -1.00e+05
2015 12 10  2130   57366  77400   2.64e+01  1.85e-01  1.59e-01  8.09e-02  7.17e-02  5.34e-02  7.93e+04  4.69e+03 -1.00e+05
2015 12 10  2135   57366  77700   2.66e+01  1.82e-01  1.57e-01  7.84e-02  6.92e-02  5.10e-02  7.93e+04  4.73e+03 -1.00e+05
2015 12 10  2140   57366  78000   2.97e+01  3.17e-01  2.91e-01  1.29e-01  1.19e-01  4.56e-02  8.15e+04  4.93e+03 -1.00e+05
2015 12 10  2145   57366  78300   2.30e+01  1.14e-01  8.84e-02  4.68e-02  3.77e-02  1.94e-02  7.75e+04  4.53e+03 -1.00e+05
2015 12 10  2150   57366  78600   2.81e+01  1.62e-01  1.28e-01  8.44e-02  7.53e-02  5.29e-02  7.91e+04  4.48e+03 -1.00e+05
2015 12 10  2155   57366  78900   2.43e+01  1.16e-01  9.03e-02  4.87e-02  3.95e-02  2.12e-02  7.93e+04  4.55e+03 -1.00e+05
2015 12 10  2200   57366  79200   4.35e+01  2.44e-01  1.16e-01  7.10e-02  6.18e-02  4.35e-02  7.93e+04  4.54e+03 -1.00e+05
2015 12 10  2205   57366  79500   2.26e+01  1.55e-01  1.29e-01  8.60e-02  4.74e-02  2.37e-02  7.78e+04  4.27e+03 -1.00e+05
2015 12 10  2210   57366  79800   3.79e+01  2.42e-01  1.13e-01  6.85e-02  5.93e-02  4.11e-02  7.95e+04  4.61e+03 -1.00e+05
2015 12 10  2215   57366  80100   3.91e+01  3.10e-01  1.52e-01  4.68e-02  3.77e-02  1.94e-02  7.93e+04  4.53e+03 -1.00e+05
2015 12 10  2220   57366  80400   2.46e+01  1.75e-01  1.49e-01  1.08e-01  9.84e-02  5.36e-02  8.27e+04  4.78e+03 -1.00e+05
2015 12 10  2225   57366  80700   2.92e+01  1.36e-01  1.10e-01  6.85e-02  5.93e-02  4.11e-02  7.95e+04  4.57e+03 -1.00e+05
2015 12 10  2230   57366  81000   2.46e+01  2.17e-01  1.87e-01  8.30e-02  7.38e-02  4.74e-02  7.93e+04  4.42e+03 -1.00e+05
2015 12 10  2235   57366  81300   3.15e+01  1.33e-01  9.20e-02  4.75e-02  3.80e-02  1.95e-02  7.80e+04  4.22e+03 -1.00e+05
2015 12 10  2240   57366  81600   4.86e+01  2.89e-01  1.12e-01  6.69e-02  4.22e-02  1.94e-02  7.98e+04  4.35e+03 -1.00e+05
2015 12 10  2245   57366  81900   2.39e+01  1.78e-01  1.53e-01  1.01e-01  9.20e-02  3.09e-02  7.93e+04  4.15e+03 -1.00e+05
2015 12 10  2250   57366  82200   2.79e+01  2.18e-01  1.41e-01  9.02e-02  8.11e-02  5.31e-02  7.93e+04  4.19e+03 -1.00e+05
2015 12 10  2255   57366  82500   1.60e+01  1.14e-01  8.84e-02  4.68e-02  3.77e-02  1.94e-02  7.93e+04  3.98e+03 -1.00e+05
2015 12 10  2300   57366  82800   1.72e+01  1.77e-01  1.52e-01  1.09e-01  6.84e-02  4.11e-02  7.95e+04  4.05e+03 -1.00e+05
2015 12 10  2305   57366  83100   2.89e+01  2.45e-01  9.16e-02  4.68e-02  3.77e-02  1.94e-02  7.93e+04  3.99e+03 -1.00e+05
2015 12 10  2310   57366  83400   2.06e+01  1.99e-01  1.34e-01  8.54e-02  7.08e-02  2.95e-02  7.93e+04  3.88e+03 -1.00e+05
2015 12 10  2315   57366  83700   1.56e+01  1.54e-01  1.29e-01  6.71e-02  4.24e-02  1.95e-02  7.93e+04  3.72e+03 -1.00e+05
2015 12 10  2320   57366  84000   1.45e+01  1.14e-01  8.84e-02  4.68e-02  3.77e-02  1.94e-02  7.71e+04  3.47e+03 -1.00e+05
2015 12 10  2325   57366  84300   1.21e+01  1.27e-01  1.01e-01  5.96e-02  5.05e-02  2.35e-02  7.53e+04  3.18e+03 -1.00e+05
2015 12 10  2330   57366  84600   1.07e+01  1.89e-01  1.63e-01  8.13e-02  6.80e-02  4.85e-02  7.36e+04  2.92e+03 -1.00e+05
2015 12 10  2335   57366  84900   1.68e+01  2.63e-01  1.39e-01  7.94e-02  5.98e-02  2.55e-02  6.51e+04  2.18e+03 -1.00e+05
2015 12 10  2340   57366  85200   1.58e+01  3.13e-01  1.16e-01  4.68e-02  3.77e-02  1.94e-02  5.55e+04  1.61e+03 -1.00e+05
2015 12 10  2345   57366  85500   1.30e+01  1.90e-01  1.00e-01  4.68e-02  3.77e-02  1.94e-02  5.11e+04  1.41e+03 -1.00e+05
2015 12 10  2350   57366  85800   1.15e+01  1.14e-01  8.89e-02  4.72e-02  3.78e-02  1.94e-02  5.92e+04  1.88e+03 -1.00e+05
2015 12 10  2355   57366  86100   1.60e+01  3.01e-01  2.65e-01  9.96e-02  5.46e-02  2.15e-02  6.99e+04  2.52e+03 -1.00e+05
