:Data_list: 20151012_Gs_part_5m.txt
:Created: 2015 Oct 13 0011 UTC
# Prepared by the U.S. Dept. of Commerce, NOAA, Space Weather Prediction Center
# Please send comments and suggestions to SWPC.Webmaster@noaa.gov 
# 
# Label: P > 1 = Particles at >1 Mev
# Label: P > 5 = Particles at >5 Mev
# Label: P >10 = Particles at >10 Mev
# Label: P >30 = Particles at >30 Mev
# Label: P >50 = Particles at >50 Mev
# Label: P>100 = Particles at >100 Mev
# Label: E>0.8 = Electrons at >0.8 Mev
# Label: E>2.0 = Electrons at >2.0 Mev
# Label: E>4.0 = Electrons at >4.0 Mev
# Units: Particles = Protons/cm2-s-sr
# Units: Electrons = Electrons/cm2-s-sr
# Source: GOES-15
# Location: W135
# Missing data: -1.00e+05
#
#                      5-minute  GOES-15 Solar Particle and Electron Flux
#
#                 Modified Seconds
# UTC Date  Time   Julian  of the
# YR MO DA  HHMM    Day     Day     P > 1     P > 5     P >10     P >30     P >50     P>100     E>0.8     E>2.0     E>4.0
#-------------------------------------------------------------------------------------------------------------------------
2015 10 12  0000   57307      0   5.92e+01  1.37e-01  1.10e-01  6.95e-02  6.02e-02  4.20e-02  1.59e+05  4.43e+04 -1.00e+05
2015 10 12  0005   57307    300   5.78e+01  1.14e-01  8.79e-02  4.70e-02  3.77e-02  1.95e-02  1.59e+05  4.34e+04 -1.00e+05
2015 10 12  0010   57307    600   8.25e+01  2.22e-01  1.41e-01  8.92e-02  5.98e-02  3.57e-02  1.58e+05  4.24e+04 -1.00e+05
2015 10 12  0015   57307    900   5.92e+01  2.51e-01  2.25e-01  7.74e-02  4.45e-02  1.95e-02  1.55e+05  4.17e+04 -1.00e+05
2015 10 12  0020   57307   1200   1.16e+02  3.02e-01  1.08e-01  6.43e-02  4.16e-02  1.95e-02  1.58e+05  4.21e+04 -1.00e+05
2015 10 12  0025   57307   1500   5.64e+01  1.14e-01  8.79e-02  4.70e-02  3.77e-02  1.95e-02  1.51e+05  4.08e+04 -1.00e+05
2015 10 12  0030   57307   1800   5.57e+01  1.52e-01  1.26e-01  8.40e-02  4.60e-02  1.95e-02  1.54e+05  4.08e+04 -1.00e+05
2015 10 12  0035   57307   2100   8.54e+01  2.38e-01  1.07e-01  4.70e-02  3.77e-02  1.95e-02  1.50e+05  3.83e+04 -1.00e+05
2015 10 12  0040   57307   2400   5.48e+01  2.29e-01  1.95e-01  4.70e-02  3.77e-02  1.95e-02  1.46e+05  3.68e+04 -1.00e+05
2015 10 12  0045   57307   2700   5.06e+01  1.55e-01  1.29e-01  8.76e-02  7.83e-02  3.25e-02  1.45e+05  3.58e+04 -1.00e+05
2015 10 12  0050   57307   3000   7.02e+01  2.45e-01  1.65e-01  1.12e-01  6.89e-02  4.07e-02  1.43e+05  3.60e+04 -1.00e+05
2015 10 12  0055   57307   3300   4.84e+01  1.35e-01  1.08e-01  6.71e-02  4.94e-02  2.24e-02  1.44e+05  3.63e+04 -1.00e+05
2015 10 12  0100   57307   3600   4.92e+01  1.14e-01  8.79e-02  4.70e-02  3.77e-02  1.95e-02  1.43e+05  3.51e+04 -1.00e+05
2015 10 12  0105   57307   3900   4.83e+01  1.48e-01  1.22e-01  8.14e-02  7.21e-02  3.05e-02  1.43e+05  3.48e+04 -1.00e+05
2015 10 12  0110   57307   4200   9.79e+01  2.84e-01  9.05e-02  4.70e-02  3.77e-02  1.95e-02  1.39e+05  3.28e+04 -1.00e+05
2015 10 12  0115   57307   4500   4.84e+01  1.54e-01  1.28e-01  4.70e-02  3.77e-02  1.95e-02  1.35e+05  3.10e+04 -1.00e+05
2015 10 12  0120   57307   4800   4.72e+01  1.79e-01  1.53e-01  1.12e-01  1.03e-01  5.98e-02  1.37e+05  3.16e+04 -1.00e+05
2015 10 12  0125   57307   5100   4.70e+01  1.14e-01  8.79e-02  4.70e-02  3.77e-02  1.95e-02  1.38e+05  3.11e+04 -1.00e+05
2015 10 12  0130   57307   5400   4.36e+01  1.14e-01  8.79e-02  4.70e-02  3.77e-02  1.95e-02  1.32e+05  3.04e+04 -1.00e+05
2015 10 12  0135   57307   5700   7.25e+01  4.22e-01  2.53e-01  9.30e-02  8.37e-02  6.55e-02  1.35e+05  2.98e+04 -1.00e+05
2015 10 12  0140   57307   6000   4.11e+01  1.23e-01  9.72e-02  5.63e-02  4.70e-02  2.24e-02  1.31e+05  2.86e+04 -1.00e+05
2015 10 12  0145   57307   6300   3.72e+01  1.45e-01  1.19e-01  7.74e-02  4.45e-02  1.95e-02  1.29e+05  2.77e+04 -1.00e+05
2015 10 12  0150   57307   6600   3.59e+01  1.14e-01  8.79e-02  4.70e-02  3.77e-02  1.95e-02  1.25e+05  2.64e+04 -1.00e+05
2015 10 12  0155   57307   6900   3.44e+01  1.59e-01  1.33e-01  9.05e-02  4.75e-02  1.95e-02  1.23e+05  2.60e+04 -1.00e+05
2015 10 12  0200   57307   7200   3.20e+01  2.38e-01  2.12e-01  6.43e-02  4.16e-02  1.95e-02  1.24e+05  2.56e+04 -1.00e+05
2015 10 12  0205   57307   7500   3.29e+01  2.17e-01  1.91e-01  7.73e-02  6.79e-02  3.69e-02  1.18e+05  2.33e+04 -1.00e+05
2015 10 12  0210   57307   7800   2.54e+01  1.14e-01  8.79e-02  4.70e-02  3.77e-02  1.95e-02  1.19e+05  2.38e+04 -1.00e+05
2015 10 12  0215   57307   8100   3.03e+01  1.48e-01  1.22e-01  8.14e-02  7.21e-02  3.05e-02  1.17e+05  2.24e+04 -1.00e+05
2015 10 12  0220   57307   8400   3.32e+01  2.39e-01  1.08e-01  4.84e-02  3.91e-02  2.09e-02  1.15e+05  2.13e+04 -1.00e+05
2015 10 12  0225   57307   8700   2.89e+01  1.51e-01  1.17e-01  4.70e-02  3.77e-02  1.95e-02  1.11e+05  2.06e+04 -1.00e+05
2015 10 12  0230   57307   9000   2.15e+01  1.14e-01  8.79e-02  4.70e-02  3.77e-02  1.95e-02  1.13e+05  2.08e+04 -1.00e+05
2015 10 12  0235   57307   9300   2.38e+01  1.95e-01  1.69e-01  5.78e-02  4.01e-02  1.95e-02  1.08e+05  1.92e+04 -1.00e+05
2015 10 12  0240   57307   9600   2.10e+01  1.18e-01  9.18e-02  5.09e-02  4.16e-02  2.34e-02  1.06e+05  1.89e+04 -1.00e+05
2015 10 12  0245   57307   9900   2.07e+01  1.74e-01  1.47e-01  1.06e-01  9.71e-02  3.86e-02  1.09e+05  1.85e+04 -1.00e+05
2015 10 12  0250   57307  10200   1.86e+01  1.72e-01  1.45e-01  1.04e-01  9.18e-02  3.65e-02  1.07e+05  1.86e+04 -1.00e+05
2015 10 12  0255   57307  10500   3.20e+01  3.40e-01  1.44e-01  4.64e-02  3.73e-02  1.92e-02  1.09e+05  1.90e+04 -1.00e+05
2015 10 12  0300   57307  10800   1.87e+01  3.38e-01  2.80e-01  7.95e-02  4.25e-02  1.92e-02  1.10e+05  1.91e+04 -1.00e+05
2015 10 12  0305   57307  11100   1.57e+01  1.77e-01  1.29e-01  8.60e-02  5.64e-02  2.35e-02  1.07e+05  1.82e+04 -1.00e+05
2015 10 12  0310   57307  11400   1.13e+01  1.54e-01  1.30e-01  9.10e-02  8.18e-02  3.35e-02  1.08e+05  1.82e+04 -1.00e+05
2015 10 12  0315   57307  11700   1.74e+01  3.07e-01  2.01e-01  6.62e-02  4.17e-02  1.92e-02  9.15e+04  1.42e+04 -1.00e+05
2015 10 12  0320   57307  12000   1.76e+01  2.27e-01  1.22e-01  6.89e-02  5.97e-02  4.17e-02  9.76e+04  1.51e+04 -1.00e+05
2015 10 12  0325   57307  12300   1.90e+01  2.41e-01  1.36e-01  8.24e-02  6.28e-02  4.17e-02  9.47e+04  1.43e+04 -1.00e+05
2015 10 12  0330   57307  12600   1.96e+01  2.83e-01  1.80e-01  8.66e-02  7.52e-02  5.66e-02  9.35e+04  1.45e+04 -1.00e+05
2015 10 12  0335   57307  12900   1.31e+01  1.85e-01  1.61e-01  1.22e-01  1.13e-01  4.38e-02  9.32e+04  1.38e+04 -1.00e+05
2015 10 12  0340   57307  13200   2.44e+01  2.36e-01  1.01e-01  5.96e-02  4.02e-02  1.92e-02  8.66e+04  1.26e+04 -1.00e+05
2015 10 12  0345   57307  13500   2.32e+01  2.54e-01  1.20e-01  7.88e-02  6.96e-02  5.16e-02  8.21e+04  1.13e+04 -1.00e+05
2015 10 12  0350   57307  13800   2.40e+01  2.30e-01  9.54e-02  5.40e-02  4.49e-02  2.69e-02  8.02e+04  9.99e+03 -1.00e+05
2015 10 12  0355   57307  14100   1.07e+01  1.21e-01  9.73e-02  5.86e-02  4.59e-02  2.69e-02  6.96e+04  8.28e+03 -1.00e+05
2015 10 12  0400   57307  14400   8.86e+00  1.55e-01  1.31e-01  4.64e-02  3.73e-02  1.92e-02  6.74e+04  7.93e+03 -1.00e+05
2015 10 12  0405   57307  14700   6.66e+00  2.75e-01  2.51e-01  1.10e-01  1.01e-01  4.16e-02  4.99e+04  4.63e+03 -1.00e+05
2015 10 12  0410   57307  15000   9.17e+00  1.89e-01  1.65e-01  5.96e-02  4.02e-02  1.92e-02  5.30e+04  4.83e+03 -1.00e+05
2015 10 12  0415   57307  15300   1.03e+01  1.62e-01  1.38e-01  9.88e-02  6.92e-02  2.02e-02  6.10e+04  5.94e+03 -1.00e+05
2015 10 12  0420   57307  15600   1.05e+01  1.72e-01  1.48e-01  5.96e-02  5.05e-02  2.35e-02  6.89e+04  6.97e+03 -1.00e+05
2015 10 12  0425   57307  15900   9.66e+00  1.16e-01  9.18e-02  5.31e-02  3.88e-02  1.92e-02  6.84e+04  7.15e+03 -1.00e+05
2015 10 12  0430   57307  16200   9.71e+00  1.09e-01  8.51e-02  4.65e-02  3.73e-02  1.92e-02  6.84e+04  7.00e+03 -1.00e+05
2015 10 12  0435   57307  16500   9.88e+00  3.26e-01  3.02e-01  2.61e-01  1.65e-01  5.21e-02  6.57e+04  6.82e+03 -1.00e+05
2015 10 12  0440   57307  16800   9.37e+00  1.23e-01  9.88e-02  6.00e-02  4.57e-02  2.15e-02  6.61e+04  6.88e+03 -1.00e+05
2015 10 12  0445   57307  17100   9.16e+00  2.45e-01  2.21e-01  6.81e-02  5.89e-02  4.09e-02  6.94e+04  7.37e+03 -1.00e+05
2015 10 12  0450   57307  17400   7.96e+00  1.16e-01  9.19e-02  5.34e-02  4.42e-02  2.15e-02  7.14e+04  7.79e+03 -1.00e+05
2015 10 12  0455   57307  17700   1.06e+01  2.34e-01  1.29e-01  7.63e-02  6.72e-02  4.91e-02  7.25e+04  8.07e+03 -1.00e+05
2015 10 12  0500   57307  18000   5.81e+00  1.09e-01  8.49e-02  4.64e-02  3.73e-02  1.92e-02  6.14e+04  6.40e+03 -1.00e+05
2015 10 12  0505   57307  18300   5.84e+00  2.85e-01  2.61e-01  1.49e-01  1.40e-01  6.76e-02  5.57e+04  5.74e+03 -1.00e+05
2015 10 12  0510   57307  18600   6.02e+00  1.55e-01  1.31e-01  4.64e-02  3.73e-02  1.92e-02  5.72e+04  5.72e+03 -1.00e+05
2015 10 12  0515   57307  18900   5.69e+00  1.39e-01  1.15e-01  7.61e-02  6.68e-02  2.03e-02  5.75e+04  5.93e+03 -1.00e+05
2015 10 12  0520   57307  19200   1.37e+01  2.68e-01  8.77e-02  4.65e-02  3.73e-02  1.92e-02  5.61e+04  5.85e+03 -1.00e+05
2015 10 12  0525   57307  19500   5.97e+00  1.22e-01  9.82e-02  5.96e-02  5.05e-02  2.35e-02  5.76e+04  6.22e+03 -1.00e+05
2015 10 12  0530   57307  19800   6.06e+00  1.81e-01  1.57e-01  1.18e-01  7.85e-02  3.15e-02  5.69e+04  5.87e+03 -1.00e+05
2015 10 12  0535   57307  20100   6.00e+00  1.09e-01  8.49e-02  4.64e-02  3.73e-02  1.92e-02  5.23e+04  5.56e+03 -1.00e+05
2015 10 12  0540   57307  20400   5.12e+00  1.87e-01  1.63e-01  1.24e-01  8.51e-02  3.53e-02  5.32e+04  5.44e+03 -1.00e+05
2015 10 12  0545   57307  20700   1.03e+01  2.78e-01  1.21e-01  7.95e-02  6.59e-02  4.67e-02  5.10e+04  5.15e+03 -1.00e+05
2015 10 12  0550   57307  21000   7.74e+00  2.06e-01  1.00e-01  4.71e-02  3.79e-02  1.94e-02  4.80e+04  5.03e+03 -1.00e+05
2015 10 12  0555   57307  21300   6.75e+00  1.49e-01  9.10e-02  4.64e-02  3.73e-02  1.92e-02  5.08e+04  5.17e+03 -1.00e+05
2015 10 12  0600   57307  21600   9.52e+00  2.22e-01  8.78e-02  4.64e-02  3.73e-02  1.92e-02  4.75e+04  4.76e+03 -1.00e+05
2015 10 12  0605   57307  21900   6.39e+00  1.83e-01  1.31e-01  8.62e-02  5.16e-02  2.15e-02  4.88e+04  5.04e+03 -1.00e+05
2015 10 12  0610   57307  22200   4.74e+00  1.10e-01  8.56e-02  4.71e-02  3.79e-02  1.94e-02  4.96e+04  5.00e+03 -1.00e+05
2015 10 12  0615   57307  22500   7.03e+00  1.98e-01  8.78e-02  4.64e-02  3.73e-02  1.92e-02  4.91e+04  5.00e+03 -1.00e+05
2015 10 12  0620   57307  22800   8.27e+00  2.46e-01  8.83e-02  4.71e-02  3.79e-02  1.94e-02  4.82e+04  4.95e+03 -1.00e+05
2015 10 12  0625   57307  23100   3.93e+00  1.97e-01  1.73e-01  1.35e-01  1.26e-01  4.76e-02  4.85e+04  4.86e+03 -1.00e+05
2015 10 12  0630   57307  23400   3.57e+00  1.49e-01  9.10e-02  4.64e-02  3.73e-02  1.92e-02  4.58e+04  4.65e+03 -1.00e+05
2015 10 12  0635   57307  23700   2.10e+00  1.35e-01  1.11e-01  7.22e-02  6.30e-02  2.76e-02  4.32e+04  4.17e+03 -1.00e+05
2015 10 12  0640   57307  24000   1.18e+00  1.28e-01  1.04e-01  6.51e-02  4.74e-02  2.69e-02  3.64e+04  3.29e+03 -1.00e+05
2015 10 12  0645   57307  24300   1.29e+00  1.19e-01  9.50e-02  5.65e-02  4.74e-02  2.93e-02  2.90e+04  2.55e+03 -1.00e+05
2015 10 12  0650   57307  24600   1.36e+00  1.47e-01  1.23e-01  5.96e-02  5.05e-02  2.35e-02  2.93e+04  2.70e+03 -1.00e+05
2015 10 12  0655   57307  24900   2.23e+00  1.09e-01  8.49e-02  4.64e-02  3.73e-02  1.92e-02  4.32e+04  5.15e+03 -1.00e+05
2015 10 12  0700   57307  25200   3.48e+00  1.81e-01  1.57e-01  7.88e-02  6.96e-02  5.16e-02  5.69e+04  7.15e+03 -1.00e+05
2015 10 12  0705   57307  25500   3.98e+00  1.51e-01  1.27e-01  8.74e-02  5.26e-02  2.93e-02  6.87e+04  9.58e+03 -1.00e+05
2015 10 12  0710   57307  25800   3.60e+00  1.09e-01  8.49e-02  4.64e-02  3.73e-02  1.92e-02  7.44e+04  9.99e+03 -1.00e+05
2015 10 12  0715   57307  26100   5.84e+00  2.90e-01  1.98e-01  1.30e-01  7.62e-02  3.50e-02  7.13e+04  9.52e+03 -1.00e+05
2015 10 12  0720   57307  26400   1.17e+01  2.68e-01  8.76e-02  4.64e-02  3.73e-02  1.92e-02  8.33e+04  1.22e+04 -1.00e+05
2015 10 12  0725   57307  26700   4.00e+00  1.28e-01  1.04e-01  6.51e-02  4.74e-02  2.69e-02  8.05e+04  1.16e+04 -1.00e+05
2015 10 12  0730   57307  27000   3.48e+00  1.09e-01  8.51e-02  4.65e-02  3.73e-02  1.92e-02  6.67e+04  8.68e+03 -1.00e+05
2015 10 12  0735   57307  27300   3.09e+00  1.23e-01  9.86e-02  5.96e-02  4.02e-02  1.92e-02  7.02e+04  9.26e+03 -1.00e+05
2015 10 12  0740   57307  27600   2.82e+00  1.68e-01  1.44e-01  6.59e-02  5.67e-02  2.55e-02  6.95e+04  8.88e+03 -1.00e+05
2015 10 12  0745   57307  27900   2.50e+00  1.09e-01  8.49e-02  4.64e-02  3.73e-02  1.92e-02  6.19e+04  7.57e+03 -1.00e+05
2015 10 12  0750   57307  28200   2.58e+00  1.29e-01  1.05e-01  6.62e-02  4.17e-02  1.92e-02  5.54e+04  6.33e+03 -1.00e+05
2015 10 12  0755   57307  28500   3.65e+00  2.33e-01  1.41e-01  9.96e-02  9.05e-02  4.49e-02  5.42e+04  6.05e+03 -1.00e+05
2015 10 12  0800   57307  28800   2.52e+00  1.55e-01  1.31e-01  9.13e-02  5.51e-02  3.18e-02  5.22e+04  5.74e+03 -1.00e+05
2015 10 12  0805   57307  29100   4.04e+00  1.49e-01  9.70e-02  5.34e-02  4.42e-02  2.15e-02  4.54e+04  5.18e+03 -1.00e+05
2015 10 12  0810   57307  29400   3.17e+00  1.72e-01  1.48e-01  1.10e-01  1.01e-01  3.96e-02  4.99e+04  5.22e+03 -1.00e+05
2015 10 12  0815   57307  29700   4.29e+00  2.13e-01  1.07e-01  5.31e-02  3.88e-02  1.92e-02  4.65e+04  5.07e+03 -1.00e+05
2015 10 12  0820   57307  30000   3.85e+00  2.06e-01  9.98e-02  4.64e-02  3.73e-02  1.92e-02  4.48e+04  4.77e+03 -1.00e+05
2015 10 12  0825   57307  30300   1.97e+00  1.52e-01  1.28e-01  4.64e-02  3.73e-02  1.92e-02  4.14e+04  4.08e+03 -1.00e+05
2015 10 12  0830   57307  30600   2.65e+00  1.90e-01  1.19e-01  7.25e-02  6.33e-02  2.02e-02  4.08e+04  3.85e+03 -1.00e+05
2015 10 12  0835   57307  30900   2.89e+00  2.27e-01  1.21e-01  6.69e-02  4.24e-02  1.94e-02  3.74e+04  3.62e+03 -1.00e+05
2015 10 12  0840   57307  31200   2.78e+00  1.75e-01  1.19e-01  7.41e-02  5.90e-02  3.92e-02  3.84e+04  3.76e+03 -1.00e+05
2015 10 12  0845   57307  31500   2.70e+00  2.11e-01  1.65e-01  1.22e-01  1.13e-01  4.36e-02  3.98e+04  3.79e+03 -1.00e+05
2015 10 12  0850   57307  31800   2.85e+00  3.10e-01  2.69e-01  1.34e-01  7.65e-02  3.31e-02  3.62e+04  3.34e+03 -1.00e+05
2015 10 12  0855   57307  32100   2.08e+00  1.19e-01  9.50e-02  5.65e-02  4.74e-02  2.93e-02  3.20e+04  2.87e+03 -1.00e+05
2015 10 12  0900   57307  32400   1.71e+00  1.24e-01  1.00e-01  6.15e-02  5.23e-02  3.43e-02  2.90e+04  2.44e+03 -1.00e+05
2015 10 12  0905   57307  32700   1.70e+00  2.09e-01  1.85e-01  8.47e-02  7.55e-02  3.15e-02  2.94e+04  2.44e+03 -1.00e+05
2015 10 12  0910   57307  33000   2.05e+00  1.78e-01  1.20e-01  7.47e-02  4.57e-02  2.19e-02  3.18e+04  2.77e+03 -1.00e+05
2015 10 12  0915   57307  33300   1.46e+00  1.42e-01  1.18e-01  7.95e-02  6.59e-02  4.67e-02  3.45e+04  3.06e+03 -1.00e+05
2015 10 12  0920   57307  33600   2.70e+00  3.80e-01  2.05e-01  7.77e-02  6.36e-02  4.42e-02  3.18e+04  2.84e+03 -1.00e+05
2015 10 12  0925   57307  33900   1.50e+00  1.42e-01  1.18e-01  4.64e-02  3.73e-02  1.92e-02  3.05e+04  2.64e+03 -1.00e+05
2015 10 12  0930   57307  34200   1.60e+00  1.61e-01  1.37e-01  9.79e-02  7.85e-02  3.15e-02  3.06e+04  2.72e+03 -1.00e+05
2015 10 12  0935   57307  34500   1.19e+00  1.10e-01  8.56e-02  4.71e-02  3.79e-02  1.94e-02  3.03e+04  2.82e+03 -1.00e+05
2015 10 12  0940   57307  34800   1.29e+00  1.55e-01  1.31e-01  4.64e-02  3.73e-02  1.92e-02  3.26e+04  3.56e+03 -1.00e+05
2015 10 12  0945   57307  35100   9.22e-01  1.66e-01  1.15e-01  7.12e-02  6.01e-02  3.66e-02  4.59e+04  8.75e+03 -1.00e+05
2015 10 12  0950   57307  35400   5.92e-01  2.27e-01  2.03e-01  1.29e-01  1.19e-01  4.56e-02  5.42e+04  1.09e+04 -1.00e+05
2015 10 12  0955   57307  35700   6.70e-01  1.90e-01  1.35e-01  9.12e-02  8.20e-02  6.40e-02  3.75e+04  5.52e+03 -1.00e+05
2015 10 12  1000   57307  36000   1.92e+00  4.71e-01  2.73e-01  8.09e-02  4.25e-02  1.92e-02  3.99e+04  5.69e+03 -1.00e+05
2015 10 12  1005   57307  36300   7.57e-01  1.09e-01  8.49e-02  4.64e-02  3.73e-02  1.92e-02  3.65e+04  5.57e+03 -1.00e+05
2015 10 12  1010   57307  36600   8.02e-01  1.62e-01  1.38e-01  4.64e-02  3.73e-02  1.92e-02  3.90e+04  5.89e+03 -1.00e+05
2015 10 12  1015   57307  36900   6.67e-01  1.22e-01  9.82e-02  5.96e-02  5.05e-02  2.35e-02  3.26e+04  4.08e+03 -1.00e+05
2015 10 12  1020   57307  37200   1.66e+00  2.08e-01  1.27e-01  7.86e-02  6.93e-02  2.95e-02  3.27e+04  3.75e+03 -1.00e+05
2015 10 12  1025   57307  37500   9.89e-01  1.66e-01  1.42e-01  7.14e-02  6.22e-02  4.42e-02  2.57e+04  3.04e+03 -1.00e+05
2015 10 12  1030   57307  37800   1.33e+00  1.34e-01  1.10e-01  7.14e-02  6.22e-02  4.42e-02  3.70e+04  4.43e+03 -1.00e+05
2015 10 12  1035   57307  38100   2.94e+00  1.25e-01  1.01e-01  6.22e-02  5.05e-02  3.18e-02  3.91e+04  4.55e+03 -1.00e+05
2015 10 12  1040   57307  38400   1.44e+01  2.37e-01  2.13e-01  1.75e-01  1.65e-01  8.68e-02  3.11e+04  3.29e+03 -1.00e+05
2015 10 12  1045   57307  38700   1.37e+02  4.22e-01  2.39e-01  7.28e-02  5.35e-02  2.36e-02  3.87e+04  4.26e+03 -1.00e+05
2015 10 12  1050   57307  39000   2.53e+02  2.09e-01  1.85e-01  7.37e-02  6.45e-02  2.03e-02  4.38e+04  4.65e+03 -1.00e+05
2015 10 12  1055   57307  39300   2.74e+02  1.09e-01  8.49e-02  4.64e-02  3.73e-02  1.92e-02  4.43e+04  4.64e+03 -1.00e+05
2015 10 12  1100   57307  39600   2.84e+02  2.10e-01  1.86e-01  7.25e-02  6.33e-02  2.02e-02  4.70e+04  4.85e+03 -1.00e+05
2015 10 12  1105   57307  39900   2.61e+02  1.63e-01  1.39e-01  9.91e-02  5.93e-02  2.35e-02  4.65e+04  4.84e+03 -1.00e+05
2015 10 12  1110   57307  40200   2.73e+02  2.04e-01  1.47e-01  5.90e-02  4.98e-02  3.18e-02  4.61e+04  4.46e+03 -1.00e+05
2015 10 12  1115   57307  40500   2.85e+02  2.90e-01  1.83e-01  4.64e-02  3.73e-02  1.92e-02  4.64e+04  4.48e+03 -1.00e+05
2015 10 12  1120   57307  40800   2.74e+02  3.61e-01  1.72e-01  8.38e-02  7.46e-02  5.66e-02  4.24e+04  3.83e+03 -1.00e+05
2015 10 12  1125   57307  41100   1.51e+02  2.20e-01  1.14e-01  5.98e-02  4.04e-02  1.94e-02  4.56e+04  4.44e+03 -1.00e+05
2015 10 12  1130   57307  41400   4.69e+01  1.71e-01  1.47e-01  7.63e-02  6.72e-02  4.91e-02  4.92e+04  4.96e+03 -1.00e+05
2015 10 12  1135   57307  41700   2.15e+01  1.31e-01  1.07e-01  6.89e-02  5.97e-02  4.17e-02  4.89e+04  5.06e+03 -1.00e+05
2015 10 12  1140   57307  42000   1.74e+01  1.97e-01  1.73e-01  8.97e-02  5.51e-02  3.18e-02  4.77e+04  5.15e+03 -1.00e+05
2015 10 12  1145   57307  42300   1.33e+01  1.79e-01  1.55e-01  1.16e-01  1.07e-01  4.16e-02  4.99e+04  5.91e+03 -1.00e+05
2015 10 12  1150   57307  42600   1.03e+01  1.23e-01  9.90e-02  6.04e-02  4.82e-02  2.93e-02  5.12e+04  6.47e+03 -1.00e+05
2015 10 12  1155   57307  42900   1.60e+01  2.26e-01  1.27e-01  8.54e-02  6.60e-02  2.75e-02  4.97e+04  6.28e+03 -1.00e+05
2015 10 12  1200   57307  43200   9.23e+00  1.47e-01  1.23e-01  8.47e-02  7.55e-02  3.15e-02  5.00e+04  6.09e+03 -1.00e+05
2015 10 12  1205   57307  43500   9.33e+00  1.09e-01  8.51e-02  4.65e-02  3.73e-02  1.92e-02  5.19e+04  6.40e+03 -1.00e+05
2015 10 12  1210   57307  43800   8.68e+00  1.09e-01  8.49e-02  4.64e-02  3.73e-02  1.92e-02  5.03e+04  5.99e+03 -1.00e+05
2015 10 12  1215   57307  44100   5.85e+00  1.58e-01  1.34e-01  9.42e-02  6.30e-02  3.85e-02  4.99e+04  6.17e+03 -1.00e+05
2015 10 12  1220   57307  44400   3.59e+00  1.48e-01  1.24e-01  8.48e-02  5.18e-02  2.69e-02  4.96e+04  6.95e+03 -1.00e+05
2015 10 12  1225   57307  44700   3.57e+00  1.12e-01  8.76e-02  4.91e-02  3.99e-02  2.19e-02  4.38e+04  5.83e+03 -1.00e+05
2015 10 12  1230   57307  45000   3.53e+00  1.42e-01  1.18e-01  4.64e-02  3.73e-02  1.92e-02  4.41e+04  6.54e+03 -1.00e+05
2015 10 12  1235   57307  45300   3.06e+00  1.23e-01  9.86e-02  5.96e-02  4.02e-02  1.92e-02  3.58e+04  4.98e+03 -1.00e+05
2015 10 12  1240   57307  45600   3.14e+00  1.14e-01  9.01e-02  5.16e-02  4.24e-02  2.44e-02  3.50e+04  4.45e+03 -1.00e+05
2015 10 12  1245   57307  45900   5.60e+00  3.02e-01  1.07e-01  6.60e-02  5.68e-02  2.55e-02  3.62e+04  5.00e+03 -1.00e+05
2015 10 12  1250   57307  46200   3.99e+00  3.90e-01  2.37e-01  6.00e-02  4.57e-02  2.15e-02  3.63e+04  5.65e+03 -1.00e+05
2015 10 12  1255   57307  46500   2.24e+00  2.12e-01  1.63e-01  1.19e-01  7.53e-02  4.23e-02  3.13e+04  5.36e+03 -1.00e+05
2015 10 12  1300   57307  46800   1.73e+00  1.60e-01  1.36e-01  9.76e-02  8.33e-02  3.35e-02  2.97e+04  5.56e+03 -1.00e+05
2015 10 12  1305   57307  47100   2.03e+00  1.34e-01  1.10e-01  7.14e-02  6.22e-02  4.42e-02  2.97e+04  5.25e+03 -1.00e+05
2015 10 12  1310   57307  47400   2.48e+00  1.09e-01  8.49e-02  4.64e-02  3.73e-02  1.92e-02  3.09e+04  5.04e+03 -1.00e+05
2015 10 12  1315   57307  47700   3.07e+00  1.42e-01  1.18e-01  4.64e-02  3.73e-02  1.92e-02  3.10e+04  5.14e+03 -1.00e+05
2015 10 12  1320   57307  48000   4.19e+00  2.98e-01  1.89e-01  1.04e-01  9.43e-02  3.76e-02  2.82e+04  5.23e+03 -1.00e+05
2015 10 12  1325   57307  48300   3.45e+00  2.30e-01  1.24e-01  6.99e-02  4.65e-02  2.44e-02  3.36e+04  6.21e+03 -1.00e+05
2015 10 12  1330   57307  48600   2.09e+00  1.64e-01  1.40e-01  1.01e-01  7.27e-02  4.91e-02  3.15e+04  5.87e+03 -1.00e+05
2015 10 12  1335   57307  48900   2.16e+00  1.44e-01  1.20e-01  8.13e-02  7.21e-02  5.41e-02  3.08e+04  5.72e+03 -1.00e+05
2015 10 12  1340   57307  49200   3.37e+00  1.62e-01  1.05e-01  5.96e-02  4.02e-02  1.92e-02  3.41e+04  6.36e+03 -1.00e+05
2015 10 12  1345   57307  49500   2.70e+00  2.29e-01  2.05e-01  5.34e-02  4.42e-02  2.15e-02  3.40e+04  6.34e+03 -1.00e+05
2015 10 12  1350   57307  49800   2.95e+00  1.72e-01  1.48e-01  1.10e-01  1.01e-01  3.96e-02  3.64e+04  7.04e+03 -1.00e+05
2015 10 12  1355   57307  50100   3.95e+00  2.70e-01  2.12e-01  7.27e-02  4.32e-02  1.92e-02  3.66e+04  6.86e+03 -1.00e+05
2015 10 12  1400   57307  50400   8.30e+00  2.22e-01  1.13e-01  7.14e-02  6.22e-02  4.42e-02  3.74e+04  7.08e+03 -1.00e+05
2015 10 12  1405   57307  50700   4.89e+00  1.58e-01  1.34e-01  6.60e-02  5.68e-02  2.55e-02  3.70e+04  7.34e+03 -1.00e+05
2015 10 12  1410   57307  51000   5.83e+00  1.55e-01  1.31e-01  9.06e-02  4.76e-02  2.44e-02  4.11e+04  7.82e+03 -1.00e+05
2015 10 12  1415   57307  51300   1.27e+01  5.96e-01  2.57e-01  9.22e-02  6.27e-02  2.55e-02  3.74e+04  7.14e+03 -1.00e+05
2015 10 12  1420   57307  51600   5.36e+00  1.45e-01  1.21e-01  8.09e-02  4.25e-02  1.92e-02  3.60e+04  7.02e+03 -1.00e+05
2015 10 12  1425   57307  51900   5.39e+00  1.36e-01  1.12e-01  7.27e-02  4.32e-02  1.92e-02  3.75e+04  7.33e+03 -1.00e+05
2015 10 12  1430   57307  52200   5.63e+00  1.60e-01  1.36e-01  9.72e-02  8.81e-02  3.56e-02  3.75e+04  8.01e+03 -1.00e+05
2015 10 12  1435   57307  52500   9.02e+00  2.30e-01  9.54e-02  5.40e-02  4.49e-02  2.69e-02  3.96e+04  8.66e+03 -1.00e+05
2015 10 12  1440   57307  52800   5.86e+00  1.28e-01  1.04e-01  6.59e-02  5.67e-02  2.55e-02  4.77e+04  1.04e+04 -1.00e+05
2015 10 12  1445   57307  53100   1.21e+01  2.05e-01  9.47e-02  5.31e-02  3.88e-02  1.92e-02  4.93e+04  1.16e+04 -1.00e+05
2015 10 12  1450   57307  53400   1.76e+01  2.46e-01  8.77e-02  4.64e-02  3.73e-02  1.92e-02  5.42e+04  1.27e+04 -1.00e+05
2015 10 12  1455   57307  53700   1.90e+01  2.55e-01  9.78e-02  5.65e-02  4.74e-02  2.93e-02  5.45e+04  1.26e+04 -1.00e+05
2015 10 12  1500   57307  54000   2.06e+01  3.25e-01  1.58e-01  5.96e-02  4.02e-02  1.92e-02  5.32e+04  1.18e+04 -1.00e+05
2015 10 12  1505   57307  54300   1.30e+01  1.67e-01  1.43e-01  5.31e-02  3.88e-02  1.92e-02  5.22e+04  1.18e+04 -1.00e+05
2015 10 12  1510   57307  54600   1.43e+01  1.47e-01  1.23e-01  8.47e-02  7.55e-02  3.15e-02  5.48e+04  1.22e+04 -1.00e+05
2015 10 12  1515   57307  54900   1.64e+01  2.11e-01  1.87e-01  1.48e-01  1.24e-01  4.76e-02  5.39e+04  1.20e+04 -1.00e+05
2015 10 12  1520   57307  55200   1.50e+01  1.36e-01  1.12e-01  7.31e-02  6.40e-02  3.13e-02  5.46e+04  1.24e+04 -1.00e+05
2015 10 12  1525   57307  55500   1.56e+01  2.19e-01  1.95e-01  1.20e-01  9.04e-02  6.65e-02  5.46e+04  1.23e+04 -1.00e+05
2015 10 12  1530   57307  55800   2.66e+01  2.32e-01  9.79e-02  5.65e-02  4.74e-02  2.93e-02  5.53e+04  1.27e+04 -1.00e+05
2015 10 12  1535   57307  56100   1.46e+01  1.19e-01  9.50e-02  5.65e-02  4.74e-02  2.93e-02  5.75e+04  1.34e+04 -1.00e+05
2015 10 12  1540   57307  56400   2.08e+01  2.13e-01  1.08e-01  5.48e-02  4.56e-02  2.71e-02  5.69e+04  1.37e+04 -1.00e+05
2015 10 12  1545   57307  56700   1.54e+01  1.09e-01  8.49e-02  4.64e-02  3.73e-02  1.92e-02  6.61e+04  1.59e+04 -1.00e+05
2015 10 12  1550   57307  57000   1.53e+01  1.24e-01  1.00e-01  6.15e-02  5.23e-02  3.43e-02  7.15e+04  1.64e+04 -1.00e+05
2015 10 12  1555   57307  57300   2.33e+01  2.67e-01  1.83e-01  8.71e-02  7.79e-02  4.08e-02  7.34e+04  1.86e+04 -1.00e+05
2015 10 12  1600   57307  57600   2.21e+01  2.16e-01  1.60e-01  7.63e-02  6.72e-02  4.91e-02  8.16e+04  1.96e+04 -1.00e+05
2015 10 12  1605   57307  57900   2.48e+01  1.56e-01  9.86e-02  5.40e-02  4.49e-02  2.69e-02  8.75e+04  2.15e+04 -1.00e+05
2015 10 12  1610   57307  58200   2.79e+01  2.73e-01  1.69e-01  8.38e-02  7.46e-02  5.66e-02  8.93e+04  2.18e+04 -1.00e+05
2015 10 12  1615   57307  58500   3.26e+01  2.61e-01  1.28e-01  8.62e-02  7.71e-02  5.91e-02  9.32e+04  2.19e+04 -1.00e+05
2015 10 12  1620   57307  58800   1.65e+01  2.05e-01  1.81e-01  1.42e-01  1.22e-01  4.56e-02  9.71e+04  2.29e+04 -1.00e+05
2015 10 12  1625   57307  59100   1.86e+01  1.09e-01  8.51e-02  4.66e-02  3.74e-02  1.94e-02  1.06e+05  2.45e+04 -1.00e+05
2015 10 12  1630   57307  59400   2.14e+01  1.09e-01  8.49e-02  4.64e-02  3.73e-02  1.92e-02  1.16e+05  3.11e+04 -1.00e+05
2015 10 12  1635   57307  59700   2.72e+01  1.50e-01  1.26e-01  8.62e-02  5.16e-02  2.15e-02  1.22e+05  3.59e+04 -1.00e+05
2015 10 12  1640   57307  60000   2.57e+01  1.14e-01  9.01e-02  5.16e-02  4.24e-02  2.44e-02  1.16e+05  3.55e+04 -1.00e+05
2015 10 12  1645   57307  60300   2.35e+02  2.95e-01  1.91e-01  1.49e-01  1.19e-01  4.36e-02  1.09e+05  3.00e+04 -1.00e+05
2015 10 12  1650   57307  60600   1.92e+02  1.67e-01  1.12e-01  6.81e-02  5.89e-02  4.09e-02  1.14e+05  3.03e+04 -1.00e+05
2015 10 12  1655   57307  60900   4.86e+02  2.13e-01  1.07e-01  5.32e-02  3.89e-02  1.94e-02  1.04e+05  2.69e+04 -1.00e+05
2015 10 12  1700   57307  61200   4.40e+02  1.33e-01  1.09e-01  7.05e-02  5.43e-02  3.43e-02  9.93e+04  2.43e+04 -1.00e+05
2015 10 12  1705   57307  61500   6.34e+02  2.36e-01  1.01e-01  5.96e-02  4.02e-02  1.92e-02  1.00e+05  2.31e+04 -1.00e+05
2015 10 12  1710   57307  61800   6.00e+02  3.50e-01  1.37e-01  5.34e-02  4.42e-02  2.15e-02  9.66e+04  2.09e+04 -1.00e+05
2015 10 12  1715   57307  62100   2.93e+02  1.72e-01  1.48e-01  1.10e-01  1.01e-01  3.96e-02  9.17e+04  1.95e+04 -1.00e+05
2015 10 12  1720   57307  62400   2.60e+02  1.71e-01  1.47e-01  4.71e-02  3.79e-02  1.94e-02  9.52e+04  1.88e+04 -1.00e+05
2015 10 12  1725   57307  62700   2.05e+02  1.24e-01  1.00e-01  6.15e-02  5.23e-02  3.43e-02  9.41e+04  1.82e+04 -1.00e+05
2015 10 12  1730   57307  63000   4.26e+02  2.76e-01  1.70e-01  5.31e-02  3.88e-02  1.92e-02  1.15e+05  2.55e+04 -1.00e+05
2015 10 12  1735   57307  63300   3.99e+02  2.05e-01  9.47e-02  5.31e-02  3.88e-02  1.92e-02  1.15e+05  2.62e+04 -1.00e+05
2015 10 12  1740   57307  63600   2.13e+02  2.18e-01  1.94e-01  9.76e-02  8.84e-02  5.93e-02  1.19e+05  2.62e+04 -1.00e+05
2015 10 12  1745   57307  63900   3.10e+02  3.74e-01  1.64e-01  5.34e-02  4.42e-02  2.15e-02  1.23e+05  2.87e+04 -1.00e+05
2015 10 12  1750   57307  64200   2.13e+02  2.23e-01  1.19e-01  6.65e-02  5.74e-02  3.93e-02  1.25e+05  2.93e+04 -1.00e+05
2015 10 12  1755   57307  64500   1.25e+02  1.31e-01  1.07e-01  6.89e-02  5.97e-02  4.17e-02  1.30e+05  3.07e+04 -1.00e+05
2015 10 12  1800   57307  64800   1.24e+02  1.09e-01  8.51e-02  4.65e-02  3.73e-02  1.92e-02  1.39e+05  3.58e+04 -1.00e+05
2015 10 12  1805   57307  65100   1.08e+02  1.55e-01  1.31e-01  4.64e-02  3.73e-02  1.92e-02  1.42e+05  3.79e+04 -1.00e+05
2015 10 12  1810   57307  65400   1.86e+02  3.06e-01  1.27e-01  8.62e-02  7.71e-02  5.91e-02  1.48e+05  4.23e+04 -1.00e+05
2015 10 12  1815   57307  65700   7.15e+01  2.33e-01  2.09e-01  4.66e-02  3.74e-02  1.94e-02  1.43e+05  4.05e+04 -1.00e+05
2015 10 12  1820   57307  66000   7.06e+01  1.58e-01  1.34e-01  9.54e-02  7.78e-02  5.35e-02  1.48e+05  4.26e+04 -1.00e+05
2015 10 12  1825   57307  66300   8.54e+01  1.75e-01  1.29e-01  6.69e-02  5.77e-02  2.93e-02  1.42e+05  4.02e+04 -1.00e+05
2015 10 12  1830   57307  66600   7.25e+01  1.26e-01  1.02e-01  6.39e-02  5.48e-02  3.68e-02  1.34e+05  3.67e+04 -1.00e+05
2015 10 12  1835   57307  66900   1.13e+02  2.19e-01  1.26e-01  8.47e-02  7.55e-02  3.15e-02  1.23e+05  3.28e+04 -1.00e+05
2015 10 12  1840   57307  67200   6.53e+01  1.09e-01  8.51e-02  4.65e-02  3.73e-02  1.92e-02  1.11e+05  2.75e+04 -1.00e+05
2015 10 12  1845   57307  67500   6.60e+01  1.31e-01  1.07e-01  6.81e-02  5.89e-02  4.09e-02  1.09e+05  2.69e+04 -1.00e+05
2015 10 12  1850   57307  67800   6.69e+01  1.52e-01  1.28e-01  8.99e-02  8.07e-02  5.18e-02  1.05e+05  2.51e+04 -1.00e+05
2015 10 12  1855   57307  68100   1.05e+02  2.22e-01  1.19e-01  6.57e-02  5.66e-02  3.85e-02  1.04e+05  2.40e+04 -1.00e+05
2015 10 12  1900   57307  68400   7.11e+01  1.09e-01  8.49e-02  4.64e-02  3.73e-02  1.92e-02  9.97e+04  2.19e+04 -1.00e+05
2015 10 12  1905   57307  68700   8.11e+01  1.36e-01  1.12e-01  7.39e-02  6.47e-02  4.67e-02  9.81e+04  2.11e+04 -1.00e+05
2015 10 12  1910   57307  69000   1.04e+02  1.49e-01  9.70e-02  5.34e-02  4.42e-02  2.15e-02  9.18e+04  1.96e+04 -1.00e+05
2015 10 12  1915   57307  69300   7.92e+01  1.09e-01  8.49e-02  4.64e-02  3.73e-02  1.92e-02  8.89e+04  1.85e+04 -1.00e+05
2015 10 12  1920   57307  69600   1.21e+02  2.75e-01  1.76e-01  1.35e-01  1.26e-01  4.76e-02  8.60e+04  1.68e+04 -1.00e+05
2015 10 12  1925   57307  69900   7.14e+01  1.47e-01  1.23e-01  8.47e-02  7.55e-02  3.15e-02  8.15e+04  1.51e+04 -1.00e+05
2015 10 12  1930   57307  70200   6.83e+01  1.52e-01  1.28e-01  8.84e-02  5.64e-02  3.18e-02  7.83e+04  1.39e+04 -1.00e+05
2015 10 12  1935   57307  70500   7.68e+01  2.76e-01  2.34e-01  9.88e-02  6.41e-02  2.55e-02  7.46e+04  1.29e+04 -1.00e+05
2015 10 12  1940   57307  70800   6.40e+01  2.17e-01  1.93e-01  7.22e-02  6.30e-02  2.75e-02  7.42e+04  1.23e+04 -1.00e+05
2015 10 12  1945   57307  71100   6.04e+01  1.09e-01  8.49e-02  4.64e-02  3.73e-02  1.92e-02  7.21e+04  1.19e+04 -1.00e+05
2015 10 12  1950   57307  71400   5.59e+01  1.35e-01  1.11e-01  7.17e-02  4.88e-02  2.69e-02  6.59e+04  9.69e+03 -1.00e+05
2015 10 12  1955   57307  71700   6.17e+01  1.09e-01  8.49e-02  4.64e-02  3.73e-02  1.92e-02  6.52e+04  9.13e+03 -1.00e+05
2015 10 12  2000   57307  72000   7.07e+01  1.67e-01  1.43e-01  1.04e-01  6.95e-02  4.42e-02  7.03e+04  1.05e+04 -1.00e+05
2015 10 12  2005   57307  72300   6.37e+01  1.09e-01  8.49e-02  4.64e-02  3.73e-02  1.92e-02  6.48e+04  9.04e+03 -1.00e+05
2015 10 12  2010   57307  72600   6.13e+01  1.51e-01  1.27e-01  8.78e-02  6.97e-02  4.91e-02  6.37e+04  9.03e+03 -1.00e+05
2015 10 12  2015   57307  72900   6.53e+01  1.12e-01  8.76e-02  4.91e-02  3.99e-02  2.19e-02  5.88e+04  7.69e+03 -1.00e+05
2015 10 12  2020   57307  73200   5.83e+01  1.91e-01  1.67e-01  1.29e-01  1.19e-01  4.58e-02  5.72e+04  6.93e+03 -1.00e+05
2015 10 12  2025   57307  73500   6.29e+01  2.68e-01  2.44e-01  2.03e-01  1.26e-01  3.96e-02  6.13e+04  8.37e+03 -1.00e+05
2015 10 12  2030   57307  73800   5.53e+01  2.09e-01  1.85e-01  8.47e-02  7.55e-02  3.15e-02  6.34e+04  9.14e+03 -1.00e+05
2015 10 12  2035   57307  74100   5.97e+01  1.09e-01  8.49e-02  4.64e-02  3.73e-02  1.92e-02  6.47e+04  9.40e+03 -1.00e+05
2015 10 12  2040   57307  74400   8.76e+01  2.27e-01  1.26e-01  7.31e-02  4.86e-02  2.15e-02  6.77e+04  1.09e+04 -1.00e+05
2015 10 12  2045   57307  74700   5.98e+01  1.55e-01  1.31e-01  4.64e-02  3.73e-02  1.92e-02  7.24e+04  1.16e+04 -1.00e+05
2015 10 12  2050   57307  75000   8.00e+01  1.62e-01  1.05e-01  5.96e-02  4.02e-02  1.92e-02  7.52e+04  1.23e+04 -1.00e+05
2015 10 12  2055   57307  75300   6.06e+01  1.14e-01  9.01e-02  5.16e-02  4.24e-02  2.44e-02  7.27e+04  1.20e+04 -1.00e+05
2015 10 12  2100   57307  75600   9.26e+01  2.16e-01  1.10e-01  5.65e-02  4.74e-02  2.93e-02  7.71e+04  1.25e+04 -1.00e+05
2015 10 12  2105   57307  75900   9.74e+01  2.03e-01  9.30e-02  5.16e-02  4.24e-02  2.44e-02  8.53e+04  1.33e+04 -1.00e+05
2015 10 12  2110   57307  76200   5.47e+01  1.43e-01  1.19e-01  7.93e-02  4.47e-02  1.92e-02  8.62e+04  1.38e+04 -1.00e+05
2015 10 12  2115   57307  76500   5.65e+01  1.41e-01  1.17e-01  7.84e-02  6.93e-02  2.95e-02  8.70e+04  1.45e+04 -1.00e+05
2015 10 12  2120   57307  76800   5.74e+01  1.28e-01  1.04e-01  6.50e-02  5.39e-02  3.46e-02  8.79e+04  1.46e+04 -1.00e+05
2015 10 12  2125   57307  77100   5.73e+01  1.67e-01  1.43e-01  6.15e-02  5.23e-02  3.43e-02  8.70e+04  1.47e+04 -1.00e+05
2015 10 12  2130   57307  77400   6.95e+01  1.49e-01  9.10e-02  4.64e-02  3.73e-02  1.92e-02  8.57e+04  1.40e+04 -1.00e+05
2015 10 12  2135   57307  77700   4.88e+01  1.78e-01  1.54e-01  1.15e-01  9.06e-02  5.02e-02  8.06e+04  1.31e+04 -1.00e+05
2015 10 12  2140   57307  78000   4.44e+01  1.45e-01  1.21e-01  4.91e-02  3.99e-02  2.19e-02  8.04e+04  1.27e+04 -1.00e+05
2015 10 12  2145   57307  78300   4.13e+01  2.32e-01  2.08e-01  1.68e-01  1.28e-01  4.56e-02  7.80e+04  1.23e+04 -1.00e+05
2015 10 12  2150   57307  78600   5.09e+01  1.49e-01  9.10e-02  4.64e-02  3.73e-02  1.92e-02  7.93e+04  1.24e+04 -1.00e+05
2015 10 12  2155   57307  78900   3.99e+01  1.79e-01  1.55e-01  1.16e-01  1.07e-01  4.16e-02  7.92e+04  1.23e+04 -1.00e+05
2015 10 12  2200   57307  79200   6.24e+01  2.26e-01  1.33e-01  9.14e-02  7.70e-02  3.15e-02  7.98e+04  1.25e+04 -1.00e+05
2015 10 12  2205   57307  79500   5.78e+01  2.54e-01  1.53e-01  9.93e-02  5.45e-02  2.15e-02  7.89e+04  1.21e+04 -1.00e+05
2015 10 12  2210   57307  79800   3.91e+01  1.43e-01  1.19e-01  4.65e-02  3.73e-02  1.92e-02  7.83e+04  1.18e+04 -1.00e+05
2015 10 12  2215   57307  80100   3.62e+01  2.17e-01  1.93e-01  9.96e-02  9.05e-02  4.49e-02  7.65e+04  1.13e+04 -1.00e+05
2015 10 12  2220   57307  80400   3.77e+01  1.61e-01  1.37e-01  5.40e-02  4.49e-02  2.69e-02  7.51e+04  1.07e+04 -1.00e+05
2015 10 12  2225   57307  80700   5.59e+01  3.78e-01  1.61e-01  4.64e-02  3.73e-02  1.92e-02  6.62e+04  8.63e+03 -1.00e+05
2015 10 12  2230   57307  81000   2.40e+01  1.73e-01  1.49e-01  1.10e-01  1.01e-01  4.16e-02  5.29e+04  5.46e+03 -1.00e+05
2015 10 12  2235   57307  81300   2.42e+01  1.51e-01  1.27e-01  8.08e-02  7.17e-02  3.88e-02  5.36e+04  5.57e+03 -1.00e+05
2015 10 12  2240   57307  81600   4.00e+01  2.21e-01  1.17e-01  6.41e-02  5.49e-02  3.69e-02  5.86e+04  5.95e+03 -1.00e+05
2015 10 12  2245   57307  81900   5.19e+01  2.03e-01  9.30e-02  5.16e-02  4.24e-02  2.44e-02  5.88e+04  6.15e+03 -1.00e+05
2015 10 12  2250   57307  82200   5.27e+01  3.11e-01  1.44e-01  4.64e-02  3.73e-02  1.92e-02  5.52e+04  5.82e+03 -1.00e+05
2015 10 12  2255   57307  82500   2.84e+01  1.39e-01  1.15e-01  7.63e-02  6.72e-02  4.91e-02  5.81e+04  5.98e+03 -1.00e+05
2015 10 12  2300   57307  82800   1.87e+01  1.97e-01  1.73e-01  1.08e-01  6.02e-02  2.35e-02  5.08e+04  4.38e+03 -1.00e+05
2015 10 12  2305   57307  83100   2.31e+01  1.09e-01  8.49e-02  4.64e-02  3.73e-02  1.92e-02  5.30e+04  4.77e+03 -1.00e+05
2015 10 12  2310   57307  83400   2.65e+01  1.36e-01  1.12e-01  7.31e-02  4.86e-02  2.15e-02  5.83e+04  5.56e+03 -1.00e+05
2015 10 12  2315   57307  83700   3.13e+01  2.20e-01  1.14e-01  6.04e-02  4.82e-02  2.93e-02  5.50e+04  4.93e+03 -1.00e+05
2015 10 12  2320   57307  84000   2.00e+01  1.68e-01  1.44e-01  1.05e-01  7.52e-02  2.95e-02  5.37e+04  4.61e+03 -1.00e+05
2015 10 12  2325   57307  84300   2.29e+01  1.94e-01  1.56e-01  1.12e-01  1.03e-01  7.07e-02  5.51e+04  4.78e+03 -1.00e+05
2015 10 12  2330   57307  84600   2.17e+01  1.30e-01  1.06e-01  6.73e-02  5.82e-02  4.01e-02  5.73e+04  5.05e+03 -1.00e+05
2015 10 12  2335   57307  84900   1.88e+01  1.49e-01  1.25e-01  8.60e-02  6.74e-02  4.67e-02  5.54e+04  4.82e+03 -1.00e+05
2015 10 12  2340   57307  85200   1.68e+01  1.96e-01  1.72e-01  1.33e-01  1.22e-01  5.95e-02  5.17e+04  4.29e+03 -1.00e+05
2015 10 12  2345   57307  85500   1.64e+01  1.96e-01  1.72e-01  9.57e-02  8.65e-02  5.20e-02  5.34e+04  4.43e+03 -1.00e+05
2015 10 12  2350   57307  85800   2.84e+01  2.58e-01  1.25e-01  8.30e-02  7.06e-02  5.16e-02  5.21e+04  4.18e+03 -1.00e+05
2015 10 12  2355   57307  86100   1.27e+01  1.91e-01  1.67e-01  1.28e-01  1.16e-01  5.29e-02  5.05e+04  3.95e+03 -1.00e+05
