:Data_list: 20151027_Gs_part_5m.txt
:Created: 2015 Oct 28 0011 UTC
# Prepared by the U.S. Dept. of Commerce, NOAA, Space Weather Prediction Center
# Please send comments and suggestions to SWPC.Webmaster@noaa.gov 
# 
# Label: P > 1 = Particles at >1 Mev
# Label: P > 5 = Particles at >5 Mev
# Label: P >10 = Particles at >10 Mev
# Label: P >30 = Particles at >30 Mev
# Label: P >50 = Particles at >50 Mev
# Label: P>100 = Particles at >100 Mev
# Label: E>0.8 = Electrons at >0.8 Mev
# Label: E>2.0 = Electrons at >2.0 Mev
# Label: E>4.0 = Electrons at >4.0 Mev
# Units: Particles = Protons/cm2-s-sr
# Units: Electrons = Electrons/cm2-s-sr
# Source: GOES-15
# Location: W135
# Missing data: -1.00e+05
#
#                      5-minute  GOES-15 Solar Particle and Electron Flux
#
#                 Modified Seconds
# UTC Date  Time   Julian  of the
# YR MO DA  HHMM    Day     Day     P > 1     P > 5     P >10     P >30     P >50     P>100     E>0.8     E>2.0     E>4.0
#-------------------------------------------------------------------------------------------------------------------------
2015 10 27  0000   57322      0   3.85e+00  1.43e-01  1.18e-01  7.85e-02  6.94e-02  5.11e-02  8.00e+03  1.41e+02 -1.00e+05
2015 10 27  0005   57322    300   4.21e+00  1.60e-01  1.15e-01  7.21e-02  5.46e-02  3.38e-02  7.88e+03  1.33e+02 -1.00e+05
2015 10 27  0010   57322    600   5.65e+00  2.88e-01  1.68e-01  8.84e-02  7.93e-02  6.11e-02  8.00e+03  1.34e+02 -1.00e+05
2015 10 27  0015   57322    900   5.24e+00  1.94e-01  1.01e-01  4.87e-02  3.82e-02  1.95e-02  8.03e+03  1.42e+02 -1.00e+05
2015 10 27  0020   57322   1200   6.45e+00  2.56e-01  1.29e-01  8.64e-02  7.74e-02  5.91e-02  7.92e+03  1.31e+02 -1.00e+05
2015 10 27  0025   57322   1500   3.69e+00  1.51e-01  1.26e-01  4.68e-02  3.78e-02  1.95e-02  7.89e+03  1.40e+02 -1.00e+05
2015 10 27  0030   57322   1800   4.05e+00  2.01e-01  1.58e-01  8.34e-02  7.44e-02  5.61e-02  7.84e+03  1.35e+02 -1.00e+05
2015 10 27  0035   57322   2100   3.13e+00  1.11e-01  8.62e-02  4.68e-02  3.78e-02  1.95e-02  7.84e+03  1.35e+02 -1.00e+05
2015 10 27  0040   57322   2400   4.70e+00  2.61e-01  1.67e-01  4.87e-02  3.82e-02  1.95e-02  7.83e+03  1.35e+02 -1.00e+05
2015 10 27  0045   57322   2700   3.23e+00  1.32e-01  1.07e-01  6.74e-02  5.54e-02  3.63e-02  7.75e+03  1.35e+02 -1.00e+05
2015 10 27  0050   57322   3000   3.28e+00  1.61e-01  1.36e-01  9.68e-02  8.77e-02  3.55e-02  7.55e+03  1.28e+02 -1.00e+05
2015 10 27  0055   57322   3300   3.44e+00  2.83e-01  2.58e-01  1.24e-01  1.04e-01  3.96e-02  7.59e+03  1.23e+02 -1.00e+05
2015 10 27  0100   57322   3600   3.48e+00  1.69e-01  1.26e-01  8.29e-02  6.85e-02  4.87e-02  7.49e+03  1.29e+02 -1.00e+05
2015 10 27  0105   57322   3900   3.05e+00  1.86e-01  1.61e-01  5.52e-02  3.97e-02  1.95e-02  7.46e+03  1.30e+02 -1.00e+05
2015 10 27  0110   57322   4200   3.25e+00  1.53e-01  1.28e-01  4.68e-02  3.78e-02  1.95e-02  7.42e+03  1.19e+02 -1.00e+05
2015 10 27  0115   57322   4500   2.85e+00  2.81e-01  2.56e-01  6.83e-02  4.26e-02  1.95e-02  7.27e+03  1.24e+02 -1.00e+05
2015 10 27  0120   57322   4800   2.94e+00  2.21e-01  1.96e-01  5.91e-02  5.01e-02  2.35e-02  7.21e+03  1.18e+02 -1.00e+05
2015 10 27  0125   57322   5100   3.17e+00  2.66e-01  2.41e-01  9.33e-02  8.43e-02  6.60e-02  7.17e+03  1.16e+02 -1.00e+05
2015 10 27  0130   57322   5400   2.78e+00  1.11e-01  8.62e-02  4.68e-02  3.78e-02  1.95e-02  7.17e+03  1.20e+02 -1.00e+05
2015 10 27  0135   57322   5700   4.13e+00  3.12e-01  2.18e-01  4.87e-02  3.82e-02  1.95e-02  7.13e+03  1.16e+02 -1.00e+05
2015 10 27  0140   57322   6000   3.21e+00  3.61e-01  3.36e-01  8.58e-02  5.01e-02  2.64e-02  7.17e+03  1.16e+02 -1.00e+05
2015 10 27  0145   57322   6300   2.58e+00  1.11e-01  8.62e-02  4.68e-02  3.78e-02  1.95e-02  7.04e+03  1.20e+02 -1.00e+05
2015 10 27  0150   57322   6600   2.65e+00  2.07e-01  1.82e-01  1.42e-01  1.11e-01  5.93e-02  6.99e+03  1.12e+02 -1.00e+05
2015 10 27  0155   57322   6900   3.56e+00  2.25e-01  1.31e-01  7.78e-02  4.32e-02  1.95e-02  6.99e+03  1.14e+02 -1.00e+05
2015 10 27  0200   57322   7200   2.32e+00  1.53e-01  1.28e-01  4.68e-02  3.78e-02  1.95e-02  6.84e+03  1.19e+02 -1.00e+05
2015 10 27  0205   57322   7500   2.82e+00  1.35e-01  8.98e-02  4.68e-02  3.78e-02  1.95e-02  6.78e+03  1.15e+02 -1.00e+05
2015 10 27  0210   57322   7800   2.44e+00  2.75e-01  2.49e-01  6.18e-02  4.11e-02  1.95e-02  6.70e+03  1.14e+02 -1.00e+05
2015 10 27  0215   57322   8100   3.07e+00  2.47e-01  1.67e-01  8.24e-02  7.32e-02  3.09e-02  6.54e+03  1.11e+02 -1.00e+05
2015 10 27  0220   57322   8400   3.31e+00  2.08e-01  1.00e-01  4.67e-02  3.76e-02  1.95e-02  6.52e+03  1.10e+02 -1.00e+05
2015 10 27  0225   57322   8700   2.12e+00  1.13e-01  8.91e-02  5.10e-02  4.19e-02  2.09e-02  6.41e+03  1.04e+02 -1.00e+05
2015 10 27  0230   57322   9000   4.87e+00  7.27e-01  3.56e-01  1.03e-01  6.77e-02  4.21e-02  6.34e+03  9.97e+01 -1.00e+05
2015 10 27  0235   57322   9300   2.06e+00  1.09e-01  8.48e-02  4.67e-02  3.76e-02  1.95e-02  6.19e+03  1.04e+02 -1.00e+05
2015 10 27  0240   57322   9600   1.96e+00  1.09e-01  8.51e-02  4.70e-02  3.79e-02  1.98e-02  6.16e+03  9.99e+01 -1.00e+05
2015 10 27  0245   57322   9900   1.81e+00  1.43e-01  1.19e-01  8.00e-02  4.51e-02  1.95e-02  6.16e+03  9.56e+01 -1.00e+05
2015 10 27  0250   57322  10200   2.88e+00  2.62e-01  1.55e-01  1.01e-01  6.54e-02  3.96e-02  6.10e+03  9.78e+01 -1.00e+05
2015 10 27  0255   57322  10500   1.76e+00  1.36e-01  1.12e-01  7.26e-02  6.34e-02  2.06e-02  6.04e+03  9.36e+01 -1.00e+05
2015 10 27  0300   57322  10800   2.22e+00  1.81e-01  1.25e-01  8.09e-02  7.18e-02  5.37e-02  5.90e+03  9.34e+01 -1.00e+05
2015 10 27  0305   57322  11100   3.58e+00  2.23e-01  8.76e-02  4.67e-02  3.76e-02  1.95e-02  5.83e+03  9.69e+01 -1.00e+05
2015 10 27  0310   57322  11400   2.99e+00  2.48e-01  1.40e-01  9.74e-02  5.23e-02  2.09e-02  5.83e+03  9.17e+01 -1.00e+05
2015 10 27  0315   57322  11700   1.65e+00  1.53e-01  1.30e-01  8.93e-02  4.28e-02  1.95e-02  5.80e+03  9.45e+01 -1.00e+05
2015 10 27  0320   57322  12000   1.96e+00  1.52e-01  1.01e-01  5.78e-02  4.83e-02  2.29e-02  5.77e+03  9.17e+01 -1.00e+05
2015 10 27  0325   57322  12300   2.68e+00  4.05e-01  2.43e-01  4.95e-02  4.04e-02  2.22e-02  5.64e+03  8.89e+01 -1.00e+05
2015 10 27  0330   57322  12600   1.92e+00  1.65e-01  1.05e-01  6.03e-02  4.07e-02  1.95e-02  5.52e+03  8.66e+01 -1.00e+05
2015 10 27  0335   57322  12900   1.77e+00  1.51e-01  9.13e-02  4.67e-02  3.76e-02  1.95e-02  5.49e+03  8.80e+01 -1.00e+05
2015 10 27  0340   57322  13200   2.32e+00  2.52e-01  1.60e-01  7.04e-02  6.12e-02  2.89e-02  5.40e+03  8.27e+01 -1.00e+05
2015 10 27  0345   57322  13500   1.59e+00  1.47e-01  1.23e-01  8.43e-02  4.94e-02  2.09e-02  5.34e+03  8.53e+01 -1.00e+05
2015 10 27  0350   57322  13800   1.34e+00  1.09e-01  8.48e-02  4.67e-02  3.76e-02  1.95e-02  5.28e+03  8.52e+01 -1.00e+05
2015 10 27  0355   57322  14100   2.43e+00  2.23e-01  8.76e-02  4.67e-02  3.76e-02  1.95e-02  5.25e+03  8.31e+01 -1.00e+05
2015 10 27  0400   57322  14400   1.43e+00  1.34e-01  1.10e-01  7.12e-02  4.64e-02  2.09e-02  5.22e+03  8.38e+01 -1.00e+05
2015 10 27  0405   57322  14700   2.87e+00  2.87e-01  1.17e-01  7.61e-02  6.70e-02  2.89e-02  5.03e+03  7.92e+01 -1.00e+05
2015 10 27  0410   57322  15000   2.62e+00  4.11e-01  2.66e-01  1.03e-01  6.34e-02  2.49e-02  4.96e+03  7.54e+01 -1.00e+05
2015 10 27  0415   57322  15300   2.77e+00  5.06e-01  1.91e-01  4.95e-02  4.04e-02  2.22e-02  4.96e+03  7.52e+01 -1.00e+05
2015 10 27  0420   57322  15600   1.04e+00  1.09e-01  8.48e-02  4.67e-02  3.76e-02  1.95e-02  5.14e+03  7.92e+01 -1.00e+05
2015 10 27  0425   57322  15900   1.02e+00  1.09e-01  8.53e-02  4.72e-02  3.77e-02  1.95e-02  4.90e+03  7.58e+01 -1.00e+05
2015 10 27  0430   57322  16200   1.40e+00  2.46e-01  2.23e-01  9.65e-02  6.67e-02  2.69e-02  4.74e+03  7.39e+01 -1.00e+05
2015 10 27  0435   57322  16500   1.56e+00  2.52e-01  2.06e-01  6.36e-02  5.44e-02  2.49e-02  4.65e+03  8.03e+01 -1.00e+05
2015 10 27  0440   57322  16800   1.32e+00  2.44e-01  2.20e-01  5.69e-02  4.78e-02  2.97e-02  4.56e+03  7.48e+01 -1.00e+05
2015 10 27  0445   57322  17100   1.28e+00  1.09e-01  8.48e-02  4.67e-02  3.76e-02  1.95e-02  4.45e+03  7.47e+01 -1.00e+05
2015 10 27  0450   57322  17400   1.80e+00  2.32e-01  1.25e-01  7.18e-02  6.26e-02  4.45e-02  4.36e+03  6.59e+01 -1.00e+05
2015 10 27  0455   57322  17700   1.39e+00  2.30e-01  1.73e-01  8.74e-02  7.57e-02  5.69e-02  4.41e+03  7.19e+01 -1.00e+05
2015 10 27  0500   57322  18000   1.07e+00  2.66e-01  2.42e-01  1.22e-01  7.74e-02  2.89e-02  4.07e+03  6.75e+01 -1.00e+05
2015 10 27  0505   57322  18300   2.06e+00  3.70e-01  2.62e-01  8.65e-02  4.66e-02  1.95e-02  4.42e+03  7.12e+01 -1.00e+05
2015 10 27  0510   57322  18600   1.30e+00  1.50e-01  1.26e-01  8.63e-02  4.29e-02  1.95e-02  4.50e+03  7.47e+01 -1.00e+05
2015 10 27  0515   57322  18900   8.10e-01  1.09e-01  8.48e-02  4.67e-02  3.76e-02  1.95e-02  4.20e+03  7.15e+01 -1.00e+05
2015 10 27  0520   57322  19200   1.97e+00  2.43e-01  1.34e-01  8.00e-02  4.51e-02  1.95e-02  4.04e+03  6.82e+01 -1.00e+05
2015 10 27  0525   57322  19500   1.04e+00  1.70e-01  1.46e-01  1.08e-01  9.84e-02  3.90e-02  4.04e+03  7.20e+01 -1.00e+05
2015 10 27  0530   57322  19800   1.32e+00  2.66e-01  2.42e-01  8.42e-02  7.50e-02  5.69e-02  4.23e+03  7.14e+01 -1.00e+05
2015 10 27  0535   57322  20100   2.82e+00  4.90e-01  2.32e-01  7.07e-02  4.70e-02  2.47e-02  4.27e+03  7.14e+01 -1.00e+05
2015 10 27  0540   57322  20400   1.26e+00  1.82e-01  1.59e-01  1.20e-01  1.11e-01  4.30e-02  4.34e+03  8.18e+01 -1.00e+05
2015 10 27  0545   57322  20700   2.29e+00  2.93e-01  1.38e-01  5.73e-02  4.82e-02  2.29e-02  4.38e+03  8.06e+01 -1.00e+05
2015 10 27  0550   57322  21000   1.22e+00  1.23e-01  9.88e-02  6.03e-02  4.07e-02  1.95e-02  4.21e+03  7.42e+01 -1.00e+05
2015 10 27  0555   57322  21300   1.31e+00  1.39e-01  1.15e-01  7.66e-02  6.71e-02  2.89e-02  4.26e+03  7.45e+01 -1.00e+05
2015 10 27  0600   57322  21600   2.21e+00  2.89e-01  1.56e-01  6.58e-02  5.66e-02  3.85e-02  4.53e+03  7.99e+01 -1.00e+05
2015 10 27  0605   57322  21900   1.19e+00  1.24e-01  1.00e-01  6.19e-02  5.27e-02  3.46e-02  4.35e+03  7.83e+01 -1.00e+05
2015 10 27  0610   57322  22200   1.49e+00  1.51e-01  9.13e-02  4.67e-02  3.76e-02  1.95e-02  4.45e+03  8.00e+01 -1.00e+05
2015 10 27  0615   57322  22500   1.07e+00  2.36e-01  2.12e-01  4.67e-02  3.76e-02  1.95e-02  4.45e+03  7.71e+01 -1.00e+05
2015 10 27  0620   57322  22800   2.32e+00  2.23e-01  8.76e-02  4.67e-02  3.76e-02  1.95e-02  4.35e+03  7.50e+01 -1.00e+05
2015 10 27  0625   57322  23100   8.94e-01  1.71e-01  1.47e-01  9.44e-02  8.52e-02  5.51e-02  4.33e+03  7.02e+01 -1.00e+05
2015 10 27  0630   57322  23400   1.57e+00  2.64e-01  1.12e-01  7.13e-02  6.22e-02  3.26e-02  4.27e+03  7.72e+01 -1.00e+05
2015 10 27  0635   57322  23700   8.72e-01  1.09e-01  8.53e-02  4.72e-02  3.77e-02  1.95e-02  4.30e+03  7.84e+01 -1.00e+05
2015 10 27  0640   57322  24000   7.51e-01  1.53e-01  1.22e-01  8.24e-02  7.32e-02  3.09e-02  4.25e+03  7.79e+01 -1.00e+05
2015 10 27  0645   57322  24300   1.22e+00  2.72e-01  1.73e-01  1.21e-01  1.12e-01  4.84e-02  4.26e+03  7.53e+01 -1.00e+05
2015 10 27  0650   57322  24600   6.53e-01  1.54e-01  1.31e-01  9.21e-02  7.49e-02  5.44e-02  4.19e+03  7.57e+01 -1.00e+05
2015 10 27  0655   57322  24900   1.00e+00  1.39e-01  1.15e-01  7.66e-02  6.71e-02  2.89e-02  4.20e+03  8.02e+01 -1.00e+05
2015 10 27  0700   57322  25200   7.32e-01  1.76e-01  1.52e-01  1.14e-01  1.05e-01  4.10e-02  4.23e+03  7.83e+01 -1.00e+05
2015 10 27  0705   57322  25500   8.11e-01  1.53e-01  1.29e-01  4.67e-02  3.76e-02  1.95e-02  4.14e+03  7.81e+01 -1.00e+05
2015 10 27  0710   57322  25800   8.44e-01  1.09e-01  8.48e-02  4.67e-02  3.76e-02  1.95e-02  4.25e+03  8.53e+01 -1.00e+05
2015 10 27  0715   57322  26100   9.76e-01  1.30e-01  1.06e-01  6.81e-02  5.89e-02  4.08e-02  4.22e+03  7.88e+01 -1.00e+05
2015 10 27  0720   57322  26400   8.60e-01  1.58e-01  1.34e-01  9.60e-02  7.63e-02  3.09e-02  4.21e+03  8.16e+01 -1.00e+05
2015 10 27  0725   57322  26700   9.12e-01  1.64e-01  1.40e-01  5.45e-02  4.53e-02  2.72e-02  4.21e+03  8.20e+01 -1.00e+05
2015 10 27  0730   57322  27000   1.11e+00  2.50e-01  2.26e-01  6.03e-02  4.07e-02  1.95e-02  4.22e+03  8.02e+01 -1.00e+05
2015 10 27  0735   57322  27300   1.22e+00  1.51e-01  9.13e-02  4.67e-02  3.76e-02  1.95e-02  4.20e+03  8.55e+01 -1.00e+05
2015 10 27  0740   57322  27600   9.08e-01  1.09e-01  8.48e-02  4.67e-02  3.76e-02  1.95e-02  4.32e+03  8.06e+01 -1.00e+05
2015 10 27  0745   57322  27900   9.60e-01  2.36e-01  2.12e-01  4.67e-02  3.76e-02  1.95e-02  4.37e+03  8.10e+01 -1.00e+05
2015 10 27  0750   57322  28200   1.91e+00  4.85e-01  2.27e-01  4.67e-02  3.76e-02  1.95e-02  4.43e+03  8.54e+01 -1.00e+05
2015 10 27  0755   57322  28500   9.01e-01  1.09e-01  8.48e-02  4.67e-02  3.76e-02  1.95e-02  4.43e+03  8.67e+01 -1.00e+05
2015 10 27  0800   57322  28800   1.54e+00  2.05e-01  9.49e-02  5.38e-02  3.92e-02  1.95e-02  4.35e+03  8.01e+01 -1.00e+05
2015 10 27  0805   57322  29100   1.04e+00  1.14e-01  9.01e-02  5.20e-02  4.28e-02  2.47e-02  4.45e+03  8.33e+01 -1.00e+05
2015 10 27  0810   57322  29400   9.90e-01  1.16e-01  9.21e-02  5.38e-02  3.92e-02  1.95e-02  4.43e+03  8.81e+01 -1.00e+05
2015 10 27  0815   57322  29700   1.01e+00  1.44e-01  1.20e-01  8.24e-02  7.32e-02  3.09e-02  4.45e+03  8.68e+01 -1.00e+05
2015 10 27  0820   57322  30000   2.03e+00  1.98e-01  8.77e-02  4.67e-02  3.76e-02  1.95e-02  4.50e+03  9.19e+01 -1.00e+05
2015 10 27  0825   57322  30300   2.42e+00  1.98e-01  8.77e-02  4.67e-02  3.76e-02  1.95e-02  4.46e+03  8.57e+01 -1.00e+05
2015 10 27  0830   57322  30600   1.39e+00  1.94e-01  1.71e-01  1.33e-01  1.23e-01  4.70e-02  4.46e+03  8.69e+01 -1.00e+05
2015 10 27  0835   57322  30900   1.34e+00  1.35e-01  1.11e-01  7.31e-02  6.36e-02  2.06e-02  4.45e+03  9.00e+01 -1.00e+05
2015 10 27  0840   57322  31200   2.24e+00  3.27e-01  1.69e-01  8.38e-02  5.45e-02  2.49e-02  4.45e+03  8.90e+01 -1.00e+05
2015 10 27  0845   57322  31500   1.40e+00  1.32e-01  1.08e-01  6.99e-02  6.07e-02  2.69e-02  4.45e+03  9.05e+01 -1.00e+05
2015 10 27  0850   57322  31800   2.42e+00  2.23e-01  8.76e-02  4.67e-02  3.76e-02  1.95e-02  4.54e+03  9.50e+01 -1.00e+05
2015 10 27  0855   57322  32100   1.25e+00  1.58e-01  1.34e-01  4.67e-02  3.76e-02  1.95e-02  4.53e+03  9.59e+01 -1.00e+05
2015 10 27  0900   57322  32400   1.54e+00  2.01e-01  1.41e-01  4.67e-02  3.76e-02  1.95e-02  4.46e+03  8.78e+01 -1.00e+05
2015 10 27  0905   57322  32700   1.19e+00  1.48e-01  1.25e-01  8.56e-02  5.23e-02  2.72e-02  4.49e+03  9.19e+01 -1.00e+05
2015 10 27  0910   57322  33000   1.31e+00  1.25e-01  1.02e-01  6.36e-02  5.44e-02  2.49e-02  4.48e+03  9.08e+01 -1.00e+05
2015 10 27  0915   57322  33300   1.07e+00  2.54e-01  2.30e-01  6.93e-02  6.02e-02  4.21e-02  4.47e+03  9.69e+01 -1.00e+05
2015 10 27  0920   57322  33600   1.25e+00  1.59e-01  1.35e-01  4.72e-02  3.77e-02  1.95e-02  4.52e+03  9.10e+01 -1.00e+05
2015 10 27  0925   57322  33900   1.60e+00  1.67e-01  1.11e-01  6.69e-02  5.78e-02  3.79e-02  4.47e+03  8.96e+01 -1.00e+05
2015 10 27  0930   57322  34200   1.29e+00  1.76e-01  1.52e-01  1.13e-01  7.38e-02  4.70e-02  4.46e+03  9.48e+01 -1.00e+05
2015 10 27  0935   57322  34500   1.33e+00  1.58e-01  1.34e-01  4.67e-02  3.76e-02  1.95e-02  4.46e+03  9.35e+01 -1.00e+05
2015 10 27  0940   57322  34800   1.26e+00  1.58e-01  1.34e-01  9.51e-02  7.17e-02  4.95e-02  4.47e+03  9.11e+01 -1.00e+05
2015 10 27  0945   57322  35100   1.04e+00  2.69e-01  2.46e-01  7.86e-02  4.29e-02  1.95e-02  4.50e+03  8.80e+01 -1.00e+05
2015 10 27  0950   57322  35400   8.48e-01  1.16e-01  9.25e-02  5.45e-02  4.53e-02  2.72e-02  4.46e+03  9.16e+01 -1.00e+05
2015 10 27  0955   57322  35700   1.12e+00  1.90e-01  1.66e-01  1.28e-01  1.03e-01  3.90e-02  4.47e+03  9.34e+01 -1.00e+05
2015 10 27  1000   57322  36000   1.89e+00  2.43e-01  1.38e-01  8.47e-02  6.57e-02  4.47e-02  4.58e+03  8.76e+01 -1.00e+05
2015 10 27  1005   57322  36300   1.23e+00  1.54e-01  1.30e-01  9.16e-02  8.25e-02  6.43e-02  4.66e+03  8.98e+01 -1.00e+05
2015 10 27  1010   57322  36600   1.18e+00  1.24e-01  1.00e-01  6.19e-02  5.27e-02  3.46e-02  4.61e+03  9.34e+01 -1.00e+05
2015 10 27  1015   57322  36900   1.98e+00  2.53e-01  1.47e-01  9.45e-02  8.50e-02  6.68e-02  4.56e+03  8.83e+01 -1.00e+05
2015 10 27  1020   57322  37200   1.06e+00  2.12e-01  1.60e-01  8.65e-02  7.73e-02  5.52e-02  4.59e+03  9.05e+01 -1.00e+05
2015 10 27  1025   57322  37500   1.05e+00  2.36e-01  2.12e-01  4.67e-02  3.76e-02  1.95e-02  4.63e+03  8.78e+01 -1.00e+05
2015 10 27  1030   57322  37800   1.26e+00  2.25e-01  1.57e-01  1.10e-01  1.01e-01  5.02e-02  4.69e+03  9.25e+01 -1.00e+05
2015 10 27  1035   57322  38100   1.11e+00  1.51e-01  9.13e-02  4.67e-02  3.76e-02  1.95e-02  4.53e+03  9.20e+01 -1.00e+05
2015 10 27  1040   57322  38400   9.90e-01  1.78e-01  1.54e-01  7.18e-02  6.26e-02  4.45e-02  4.46e+03  8.99e+01 -1.00e+05
2015 10 27  1045   57322  38700   9.54e-01  1.55e-01  1.32e-01  5.10e-02  4.19e-02  2.09e-02  4.68e+03  9.28e+01 -1.00e+05
2015 10 27  1050   57322  39000   7.04e-01  1.09e-01  8.48e-02  4.67e-02  3.76e-02  1.95e-02  4.77e+03  9.95e+01 -1.00e+05
2015 10 27  1055   57322  39300   8.89e-01  1.20e-01  9.59e-02  5.78e-02  4.87e-02  2.49e-02  4.94e+03  9.63e+01 -1.00e+05
2015 10 27  1100   57322  39600   2.13e+00  2.79e-01  1.63e-01  1.07e-01  7.78e-02  2.45e-02  4.89e+03  8.75e+01 -1.00e+05
2015 10 27  1105   57322  39900   1.02e+00  1.26e-01  1.03e-01  6.43e-02  4.98e-02  2.29e-02  4.73e+03  8.92e+01 -1.00e+05
2015 10 27  1110   57322  40200   9.31e-01  1.43e-01  1.19e-01  4.67e-02  3.76e-02  1.95e-02  4.82e+03  9.29e+01 -1.00e+05
2015 10 27  1115   57322  40500   1.19e+00  2.27e-01  1.71e-01  1.27e-01  1.08e-01  4.10e-02  4.92e+03  9.86e+01 -1.00e+05
2015 10 27  1120   57322  40800   1.53e+00  2.18e-01  1.10e-01  5.69e-02  4.78e-02  2.97e-02  4.83e+03  9.12e+01 -1.00e+05
2015 10 27  1125   57322  41100   1.04e+00  2.48e-01  2.24e-01  6.19e-02  5.27e-02  3.46e-02  4.77e+03  9.25e+01 -1.00e+05
2015 10 27  1130   57322  41400   9.59e-01  1.65e-01  1.42e-01  5.38e-02  3.92e-02  1.95e-02  4.94e+03  9.63e+01 -1.00e+05
2015 10 27  1135   57322  41700   1.45e+00  3.12e-01  2.52e-01  7.86e-02  4.29e-02  1.95e-02  4.95e+03  9.34e+01 -1.00e+05
2015 10 27  1140   57322  42000   1.19e+00  1.29e-01  1.05e-01  6.68e-02  5.77e-02  3.96e-02  5.01e+03  9.25e+01 -1.00e+05
2015 10 27  1145   57322  42300   8.90e-01  1.09e-01  8.48e-02  4.67e-02  3.76e-02  1.95e-02  5.12e+03  9.77e+01 -1.00e+05
2015 10 27  1150   57322  42600   1.48e+00  2.36e-01  1.28e-01  7.42e-02  5.17e-02  2.97e-02  5.22e+03  9.90e+01 -1.00e+05
2015 10 27  1155   57322  42900   1.00e+00  1.65e-01  1.41e-01  7.61e-02  6.70e-02  2.89e-02  5.25e+03  9.93e+01 -1.00e+05
2015 10 27  1200   57322  43200   1.52e+00  2.01e-01  9.20e-02  5.10e-02  4.19e-02  2.09e-02  5.46e+03  1.05e+02 -1.00e+05
2015 10 27  1205   57322  43500   1.32e+00  1.46e-01  1.22e-01  5.11e-02  4.20e-02  2.11e-02  5.37e+03  1.08e+02 -1.00e+05
2015 10 27  1210   57322  43800   1.49e+00  1.60e-01  1.19e-01  7.76e-02  6.84e-02  3.46e-02  5.45e+03  1.03e+02 -1.00e+05
2015 10 27  1215   57322  44100   1.37e+00  1.16e-01  9.21e-02  5.38e-02  3.92e-02  1.95e-02  5.23e+03  1.03e+02 -1.00e+05
2015 10 27  1220   57322  44400   1.04e+00  1.09e-01  8.48e-02  4.67e-02  3.76e-02  1.95e-02  5.21e+03  1.06e+02 -1.00e+05
2015 10 27  1225   57322  44700   1.26e+00  1.25e-01  1.02e-01  6.36e-02  5.44e-02  2.49e-02  5.32e+03  9.86e+01 -1.00e+05
2015 10 27  1230   57322  45000   1.04e+00  1.53e-01  1.29e-01  4.67e-02  3.76e-02  1.95e-02  5.41e+03  1.10e+02 -1.00e+05
2015 10 27  1235   57322  45300   1.41e+00  2.64e-01  2.40e-01  7.34e-02  4.36e-02  1.95e-02  5.49e+03  1.04e+02 -1.00e+05
2015 10 27  1240   57322  45600   1.22e+00  1.40e-01  1.17e-01  7.77e-02  4.79e-02  2.09e-02  5.28e+03  1.05e+02 -1.00e+05
2015 10 27  1245   57322  45900   9.94e-01  1.41e-01  1.17e-01  7.92e-02  7.01e-02  5.20e-02  5.27e+03  1.06e+02 -1.00e+05
2015 10 27  1250   57322  46200   1.16e+00  1.09e-01  8.48e-02  4.67e-02  3.76e-02  1.95e-02  5.49e+03  1.06e+02 -1.00e+05
2015 10 27  1255   57322  46500   1.22e+00  1.95e-01  1.38e-01  9.41e-02  8.49e-02  6.68e-02  5.16e+03  1.05e+02 -1.00e+05
2015 10 27  1300   57322  46800   1.50e+00  1.39e-01  1.15e-01  7.67e-02  6.76e-02  4.95e-02  5.63e+03  1.04e+02 -1.00e+05
2015 10 27  1305   57322  47100   1.91e+00  2.27e-01  1.70e-01  8.42e-02  7.50e-02  5.69e-02  5.84e+03  1.10e+02 -1.00e+05
2015 10 27  1310   57322  47400   2.84e+00  3.17e-01  1.77e-01  1.35e-01  9.47e-02  3.50e-02  6.00e+03  1.33e+02 -1.00e+05
2015 10 27  1315   57322  47700   3.60e+00  2.23e-01  8.76e-02  4.67e-02  3.76e-02  1.95e-02  6.56e+03  1.48e+02 -1.00e+05
2015 10 27  1320   57322  48000   2.62e+00  1.29e-01  1.05e-01  6.68e-02  5.77e-02  3.96e-02  7.05e+03  1.54e+02 -1.00e+05
2015 10 27  1325   57322  48300   3.31e+00  2.36e-01  2.12e-01  4.67e-02  3.76e-02  1.95e-02  7.53e+03  1.69e+02 -1.00e+05
2015 10 27  1330   57322  48600   4.48e+00  1.68e-01  1.44e-01  1.06e-01  9.68e-02  5.55e-02  8.00e+03  1.69e+02 -1.00e+05
2015 10 27  1335   57322  48900   3.77e+00  1.57e-01  1.33e-01  9.49e-02  8.58e-02  3.50e-02  8.12e+03  1.72e+02 -1.00e+05
2015 10 27  1340   57322  49200   2.97e+00  1.09e-01  8.53e-02  4.72e-02  3.77e-02  1.95e-02  8.21e+03  1.79e+02 -1.00e+05
2015 10 27  1345   57322  49500   2.60e+00  1.56e-01  1.32e-01  6.36e-02  5.44e-02  2.49e-02  8.18e+03  1.80e+02 -1.00e+05
2015 10 27  1350   57322  49800   2.68e+00  1.36e-01  1.12e-01  7.39e-02  6.47e-02  4.66e-02  8.16e+03  1.89e+02 -1.00e+05
2015 10 27  1355   57322  50100   2.54e+00  1.43e-01  1.20e-01  8.07e-02  5.34e-02  2.29e-02  8.16e+03  1.80e+02 -1.00e+05
2015 10 27  1400   57322  50400   2.53e+00  1.87e-01  1.63e-01  1.24e-01  8.78e-02  6.43e-02  8.16e+03  1.77e+02 -1.00e+05
2015 10 27  1405   57322  50700   2.67e+00  1.83e-01  1.60e-01  7.66e-02  6.18e-02  4.21e-02  8.18e+03  1.87e+02 -1.00e+05
2015 10 27  1410   57322  51000   2.53e+00  1.82e-01  1.58e-01  7.67e-02  6.76e-02  4.95e-02  8.34e+03  1.87e+02 -1.00e+05
2015 10 27  1415   57322  51300   2.65e+00  1.09e-01  8.48e-02  4.67e-02  3.76e-02  1.95e-02  8.30e+03  1.91e+02 -1.00e+05
2015 10 27  1420   57322  51600   4.06e+00  2.58e-01  1.50e-01  4.67e-02  3.76e-02  1.95e-02  8.29e+03  1.95e+02 -1.00e+05
2015 10 27  1425   57322  51900   2.60e+00  1.16e-01  9.21e-02  5.38e-02  3.92e-02  1.95e-02  8.23e+03  1.94e+02 -1.00e+05
2015 10 27  1430   57322  52200   2.98e+00  1.69e-01  1.32e-01  9.20e-02  8.29e-02  4.60e-02  8.29e+03  1.97e+02 -1.00e+05
2015 10 27  1435   57322  52500   2.72e+00  1.52e-01  1.28e-01  5.73e-02  4.82e-02  2.29e-02  8.28e+03  1.99e+02 -1.00e+05
2015 10 27  1440   57322  52800   2.71e+00  1.28e-01  1.04e-01  6.60e-02  5.68e-02  3.43e-02  8.38e+03  2.01e+02 -1.00e+05
2015 10 27  1445   57322  53100   5.83e+00  2.68e-01  8.74e-02  4.67e-02  3.76e-02  1.95e-02  7.86e+03  1.97e+02 -1.00e+05
2015 10 27  1450   57322  53400   2.91e+00  1.53e-01  1.29e-01  4.67e-02  3.76e-02  1.95e-02  8.06e+03  1.98e+02 -1.00e+05
2015 10 27  1455   57322  53700   2.88e+00  1.43e-01  1.19e-01  4.67e-02  3.76e-02  1.95e-02  8.14e+03  1.96e+02 -1.00e+05
2015 10 27  1500   57322  54000   2.64e+00  1.36e-01  1.12e-01  7.43e-02  6.51e-02  4.70e-02  8.09e+03  2.00e+02 -1.00e+05
2015 10 27  1505   57322  54300   2.86e+00  1.41e-01  1.17e-01  7.92e-02  7.01e-02  5.20e-02  8.11e+03  2.01e+02 -1.00e+05
2015 10 27  1510   57322  54600   4.20e+00  2.09e-01  1.01e-01  4.72e-02  3.77e-02  1.95e-02  7.97e+03  1.96e+02 -1.00e+05
2015 10 27  1515   57322  54900   3.76e+00  1.72e-01  1.12e-01  6.69e-02  4.21e-02  1.95e-02  8.05e+03  2.06e+02 -1.00e+05
2015 10 27  1520   57322  55200   4.66e+00  2.27e-01  1.20e-01  6.68e-02  5.77e-02  3.96e-02  8.00e+03  1.98e+02 -1.00e+05
2015 10 27  1525   57322  55500   2.93e+00  1.09e-01  8.48e-02  4.67e-02  3.76e-02  1.95e-02  7.97e+03  2.00e+02 -1.00e+05
2015 10 27  1530   57322  55800   5.92e+00  3.33e-01  1.95e-01  1.53e-01  1.10e-01  4.65e-02  8.07e+03  2.02e+02 -1.00e+05
2015 10 27  1535   57322  56100   5.57e+00  4.06e-01  2.04e-01  4.67e-02  3.76e-02  1.95e-02  8.15e+03  2.15e+02 -1.00e+05
2015 10 27  1540   57322  56400   4.50e+00  1.95e-01  1.35e-01  4.67e-02  3.76e-02  1.95e-02  8.15e+03  2.10e+02 -1.00e+05
2015 10 27  1545   57322  56700   3.52e+00  1.38e-01  1.15e-01  7.60e-02  5.40e-02  3.22e-02  8.25e+03  2.13e+02 -1.00e+05
2015 10 27  1550   57322  57000   3.00e+00  1.36e-01  1.12e-01  7.34e-02  4.36e-02  1.95e-02  8.16e+03  2.15e+02 -1.00e+05
2015 10 27  1555   57322  57300   5.57e+00  3.39e-01  1.60e-01  4.70e-02  3.79e-02  1.98e-02  8.11e+03  2.03e+02 -1.00e+05
2015 10 27  1600   57322  57600   3.07e+00  1.44e-01  1.20e-01  8.24e-02  7.32e-02  3.09e-02  8.14e+03  2.21e+02 -1.00e+05
2015 10 27  1605   57322  57900   3.51e+00  1.19e-01  9.50e-02  5.69e-02  4.78e-02  2.97e-02  8.14e+03  2.14e+02 -1.00e+05
2015 10 27  1610   57322  58200   3.26e+00  1.71e-01  1.47e-01  1.07e-01  5.72e-02  2.29e-02  8.11e+03  2.11e+02 -1.00e+05
2015 10 27  1615   57322  58500   4.34e+00  3.16e-01  2.65e-01  2.20e-01  1.39e-01  4.30e-02  8.11e+03  2.04e+02 -1.00e+05
2015 10 27  1620   57322  58800   4.44e+00  1.51e-01  9.50e-02  5.10e-02  4.19e-02  2.09e-02  8.16e+03  2.25e+02 -1.00e+05
2015 10 27  1625   57322  59100   3.54e+00  2.20e-01  1.96e-01  1.09e-01  8.88e-02  3.50e-02  8.16e+03  2.18e+02 -1.00e+05
2015 10 27  1630   57322  59400   3.99e+00  1.58e-01  1.34e-01  4.67e-02  3.76e-02  1.95e-02  8.17e+03  2.12e+02 -1.00e+05
2015 10 27  1635   57322  59700   8.13e+00  2.68e-01  8.74e-02  4.67e-02  3.76e-02  1.95e-02  8.27e+03  2.32e+02 -1.00e+05
2015 10 27  1640   57322  60000   6.10e+00  2.43e-01  1.37e-01  8.42e-02  7.50e-02  5.69e-02  8.46e+03  2.28e+02 -1.00e+05
2015 10 27  1645   57322  60300   5.62e+00  1.86e-01  1.26e-01  8.01e-02  4.29e-02  1.95e-02  8.49e+03  2.24e+02 -1.00e+05
2015 10 27  1650   57322  60600   4.80e+00  2.02e-01  1.55e-01  9.03e-02  6.04e-02  2.49e-02  8.49e+03  2.26e+02 -1.00e+05
2015 10 27  1655   57322  60900   4.21e+00  1.77e-01  1.53e-01  1.15e-01  1.06e-01  4.67e-02  8.49e+03  2.27e+02 -1.00e+05
2015 10 27  1700   57322  61200   4.14e+00  1.66e-01  1.42e-01  1.04e-01  9.49e-02  4.82e-02  8.51e+03  2.36e+02 -1.00e+05
2015 10 27  1705   57322  61500   4.32e+00  1.66e-01  1.42e-01  5.40e-02  3.94e-02  1.98e-02  8.81e+03  2.28e+02 -1.00e+05
2015 10 27  1710   57322  61800   4.39e+00  1.09e-01  8.48e-02  4.67e-02  3.76e-02  1.95e-02  8.91e+03  2.49e+02 -1.00e+05
2015 10 27  1715   57322  62100   4.41e+00  2.54e-01  2.30e-01  6.93e-02  6.02e-02  4.21e-02  8.91e+03  2.44e+02 -1.00e+05
2015 10 27  1720   57322  62400   4.34e+00  1.47e-01  1.23e-01  7.04e-02  6.12e-02  2.89e-02  8.91e+03  2.48e+02 -1.00e+05
2015 10 27  1725   57322  62700   6.78e+00  2.92e-01  1.86e-01  9.41e-02  8.49e-02  6.68e-02  9.14e+03  2.46e+02 -1.00e+05
2015 10 27  1730   57322  63000   5.87e+00  2.12e-01  1.52e-01  1.07e-01  9.83e-02  3.90e-02  9.26e+03  2.57e+02 -1.00e+05
2015 10 27  1735   57322  63300   4.46e+00  1.58e-01  1.34e-01  4.67e-02  3.76e-02  1.95e-02  9.40e+03  2.54e+02 -1.00e+05
2015 10 27  1740   57322  63600   4.65e+00  1.32e-01  1.08e-01  6.99e-02  6.07e-02  2.69e-02  9.41e+03  2.55e+02 -1.00e+05
2015 10 27  1745   57322  63900   8.13e+00  2.39e-01  1.39e-01  9.71e-02  5.71e-02  2.29e-02  9.41e+03  2.57e+02 -1.00e+05
2015 10 27  1750   57322  64200   5.04e+00  1.31e-01  1.07e-01  6.88e-02  5.97e-02  4.16e-02  9.41e+03  2.61e+02 -1.00e+05
2015 10 27  1755   57322  64500   7.44e+00  2.57e-01  1.50e-01  9.69e-02  7.41e-02  5.20e-02  9.59e+03  2.68e+02 -1.00e+05
2015 10 27  1800   57322  64800   9.72e+00  3.61e-01  1.62e-01  6.03e-02  4.07e-02  1.95e-02  9.74e+03  2.76e+02 -1.00e+05
2015 10 27  1805   57322  65100   4.71e+00  1.90e-01  1.66e-01  1.28e-01  1.03e-01  3.92e-02  9.89e+03  2.70e+02 -1.00e+05
2015 10 27  1810   57322  65400   8.53e+00  2.13e-01  1.03e-01  6.19e-02  5.27e-02  3.46e-02  9.88e+03  2.70e+02 -1.00e+05
2015 10 27  1815   57322  65700   7.64e+00  2.08e-01  1.00e-01  4.67e-02  3.76e-02  1.95e-02  9.91e+03  2.77e+02 -1.00e+05
2015 10 27  1820   57322  66000   5.24e+00  2.09e-01  1.85e-01  1.33e-01  7.39e-02  2.69e-02  9.91e+03  2.75e+02 -1.00e+05
2015 10 27  1825   57322  66300   5.56e+00  1.98e-01  1.75e-01  1.35e-01  9.00e-02  3.29e-02  9.94e+03  2.77e+02 -1.00e+05
2015 10 27  1830   57322  66600   6.89e+00  1.58e-01  9.85e-02  5.38e-02  3.92e-02  1.95e-02  9.93e+03  2.73e+02 -1.00e+05
2015 10 27  1835   57322  66900   5.21e+00  2.78e-01  2.54e-01  2.13e-01  1.08e-01  2.06e-02  9.92e+03  2.84e+02 -1.00e+05
2015 10 27  1840   57322  67200   5.65e+00  1.66e-01  1.42e-01  1.03e-01  6.77e-02  4.21e-02  1.03e+04  2.90e+02 -1.00e+05
2015 10 27  1845   57322  67500   8.76e+00  3.03e-01  1.84e-01  9.49e-02  8.58e-02  3.50e-02  1.03e+04  2.86e+02 -1.00e+05
2015 10 27  1850   57322  67800   5.78e+00  2.39e-01  2.15e-01  1.14e-01  9.61e-02  4.27e-02  1.04e+04  2.94e+02 -1.00e+05
2015 10 27  1855   57322  68100   5.61e+00  1.09e-01  8.53e-02  4.72e-02  3.77e-02  1.95e-02  1.04e+04  2.85e+02 -1.00e+05
2015 10 27  1900   57322  68400   5.42e+00  1.63e-01  1.39e-01  1.01e-01  9.21e-02  3.70e-02  1.04e+04  2.88e+02 -1.00e+05
2015 10 27  1905   57322  68700   5.50e+00  1.98e-01  1.74e-01  1.35e-01  9.47e-02  3.50e-02  1.04e+04  2.90e+02 -1.00e+05
2015 10 27  1910   57322  69000   1.06e+01  2.68e-01  1.10e-01  6.93e-02  6.02e-02  4.21e-02  1.04e+04  2.92e+02 -1.00e+05
2015 10 27  1915   57322  69300   5.26e+00  1.16e-01  9.21e-02  5.38e-02  3.92e-02  1.95e-02  1.04e+04  2.89e+02 -1.00e+05
2015 10 27  1920   57322  69600   6.37e+00  1.86e-01  1.28e-01  8.32e-02  6.33e-02  4.21e-02  1.04e+04  2.79e+02 -1.00e+05
2015 10 27  1925   57322  69900   9.21e+00  5.87e-01  3.57e-01  6.69e-02  4.21e-02  1.95e-02  1.04e+04  2.78e+02 -1.00e+05
2015 10 27  1930   57322  70200   5.42e+00  2.36e-01  2.12e-01  4.67e-02  3.76e-02  1.95e-02  1.04e+04  2.85e+02 -1.00e+05
2015 10 27  1935   57322  70500   5.15e+00  1.62e-01  1.38e-01  6.68e-02  5.77e-02  3.96e-02  1.04e+04  2.79e+02 -1.00e+05
2015 10 27  1940   57322  70800   5.43e+00  1.50e-01  1.26e-01  8.65e-02  4.66e-02  1.95e-02  1.04e+04  2.94e+02 -1.00e+05
2015 10 27  1945   57322  71100   5.30e+00  1.21e-01  9.75e-02  5.94e-02  5.03e-02  3.22e-02  1.04e+04  2.81e+02 -1.00e+05
2015 10 27  1950   57322  71400   5.18e+00  2.73e-01  2.49e-01  9.66e-02  8.75e-02  6.94e-02  1.04e+04  2.78e+02 -1.00e+05
2015 10 27  1955   57322  71700   8.48e+00  2.13e-01  1.03e-01  6.19e-02  5.27e-02  3.46e-02  1.04e+04  2.86e+02 -1.00e+05
2015 10 27  2000   57322  72000   6.71e+00  3.20e-01  2.60e-01  8.65e-02  4.66e-02  1.95e-02  1.04e+04  2.87e+02 -1.00e+05
2015 10 27  2005   57322  72300   6.86e+00  1.51e-01  9.13e-02  4.67e-02  3.76e-02  1.95e-02  1.04e+04  2.91e+02 -1.00e+05
2015 10 27  2010   57322  72600   1.06e+01  2.23e-01  8.76e-02  4.67e-02  3.76e-02  1.95e-02  1.05e+04  2.86e+02 -1.00e+05
2015 10 27  2015   57322  72900   8.65e+00  2.46e-01  1.36e-01  9.45e-02  6.39e-02  3.96e-02  1.04e+04  2.85e+02 -1.00e+05
2015 10 27  2020   57322  73200   1.13e+01  3.02e-01  1.22e-01  8.17e-02  7.26e-02  5.44e-02  1.06e+04  2.90e+02 -1.00e+05
2015 10 27  2025   57322  73500   5.33e+00  3.11e-01  2.87e-01  1.47e-01  1.12e-01  4.10e-02  1.10e+04  2.80e+02 -1.00e+05
2015 10 27  2030   57322  73800   8.39e+00  2.85e-01  1.91e-01  1.40e-01  1.20e-01  4.50e-02  1.09e+04  2.87e+02 -1.00e+05
2015 10 27  2035   57322  74100   5.25e+00  1.09e-01  8.48e-02  4.67e-02  3.76e-02  1.95e-02  1.10e+04  2.95e+02 -1.00e+05
2015 10 27  2040   57322  74400   5.37e+00  1.78e-01  1.54e-01  1.16e-01  1.07e-01  4.85e-02  1.10e+04  2.87e+02 -1.00e+05
2015 10 27  2045   57322  74700   6.08e+00  1.43e-01  1.19e-01  8.03e-02  6.28e-02  4.23e-02  1.10e+04  2.98e+02 -1.00e+05
2015 10 27  2050   57322  75000   5.88e+00  1.78e-01  1.54e-01  1.16e-01  1.07e-01  4.85e-02  1.10e+04  2.86e+02 -1.00e+05
2015 10 27  2055   57322  75300   5.40e+00  1.09e-01  8.48e-02  4.67e-02  3.76e-02  1.95e-02  1.10e+04  2.87e+02 -1.00e+05
2015 10 27  2100   57322  75600   5.19e+00  1.78e-01  1.54e-01  1.15e-01  9.03e-02  3.50e-02  1.10e+04  2.88e+02 -1.00e+05
2015 10 27  2105   57322  75900   7.03e+00  1.58e-01  9.89e-02  5.45e-02  4.53e-02  2.72e-02  1.05e+04  3.24e+02 -1.00e+05
2015 10 27  2110   57322  76200   5.18e+00  2.73e-01  2.49e-01  9.93e-02  6.31e-02  3.71e-02  1.04e+04  3.17e+02 -1.00e+05
2015 10 27  2115   57322  76500   5.60e+00  2.49e-01  2.25e-01  9.65e-02  6.67e-02  2.69e-02  1.10e+04  3.28e+02 -1.00e+05
2015 10 27  2120   57322  76800   5.82e+00  2.24e-01  1.93e-01  9.60e-02  7.63e-02  3.09e-02  1.10e+04  3.40e+02 -1.00e+05
2015 10 27  2125   57322  77100   7.41e+00  2.44e-01  1.49e-01  9.68e-02  6.19e-02  2.49e-02  1.10e+04  3.37e+02 -1.00e+05
2015 10 27  2130   57322  77400   8.38e+00  1.98e-01  8.77e-02  4.67e-02  3.76e-02  1.95e-02  1.10e+04  3.34e+02 -1.00e+05
2015 10 27  2135   57322  77700   5.33e+00  2.54e-01  2.30e-01  6.59e-02  4.79e-02  2.72e-02  1.10e+04  3.33e+02 -1.00e+05
2015 10 27  2140   57322  78000   6.79e+00  2.11e-01  1.36e-01  8.87e-02  7.95e-02  3.29e-02  1.10e+04  3.37e+02 -1.00e+05
2015 10 27  2145   57322  78300   7.43e+00  2.09e-01  1.04e-01  5.10e-02  4.19e-02  2.09e-02  1.10e+04  3.37e+02 -1.00e+05
2015 10 27  2150   57322  78600   4.82e+00  1.66e-01  1.42e-01  1.02e-01  5.71e-02  2.29e-02  1.10e+04  3.38e+02 -1.00e+05
2015 10 27  2155   57322  78900   6.11e+00  1.78e-01  1.19e-01  7.42e-02  5.17e-02  2.97e-02  1.10e+04  3.25e+02 -1.00e+05
2015 10 27  2200   57322  79200   4.33e+00  2.00e-01  1.76e-01  1.12e-01  6.52e-02  2.69e-02  1.10e+04  3.12e+02 -1.00e+05
2015 10 27  2205   57322  79500   4.26e+00  1.16e-01  9.25e-02  5.45e-02  4.53e-02  2.72e-02  1.10e+04  3.14e+02 -1.00e+05
2015 10 27  2210   57322  79800   6.46e+00  2.31e-01  1.41e-01  9.00e-02  6.52e-02  2.69e-02  1.10e+04  3.23e+02 -1.00e+05
2015 10 27  2215   57322  80100   5.78e+00  2.31e-01  1.74e-01  1.30e-01  1.21e-01  5.99e-02  1.09e+04  3.09e+02 -1.00e+05
2015 10 27  2220   57322  80400   6.60e+00  2.63e-01  1.56e-01  5.45e-02  4.53e-02  2.72e-02  1.07e+04  3.09e+02 -1.00e+05
2015 10 27  2225   57322  80700   4.25e+00  1.09e-01  8.48e-02  4.67e-02  3.76e-02  1.95e-02  1.05e+04  3.02e+02 -1.00e+05
2015 10 27  2230   57322  81000   4.28e+00  1.40e-01  1.16e-01  7.83e-02  6.92e-02  2.06e-02  1.06e+04  3.10e+02 -1.00e+05
2015 10 27  2235   57322  81300   4.48e+00  2.13e-01  1.89e-01  1.15e-01  1.05e-01  6.67e-02  1.05e+04  3.00e+02 -1.00e+05
2015 10 27  2240   57322  81600   4.39e+00  1.90e-01  1.66e-01  1.26e-01  8.75e-02  5.86e-02  1.07e+04  3.05e+02 -1.00e+05
2015 10 27  2245   57322  81900   5.23e+00  2.01e-01  1.44e-01  9.96e-02  7.62e-02  5.39e-02  1.10e+04  3.11e+02 -1.00e+05
2015 10 27  2250   57322  82200   4.34e+00  1.51e-01  1.27e-01  8.74e-02  4.29e-02  1.95e-02  1.10e+04  3.14e+02 -1.00e+05
2015 10 27  2255   57322  82500   4.45e+00  1.54e-01  1.31e-01  9.25e-02  8.33e-02  4.78e-02  1.10e+04  3.11e+02 -1.00e+05
2015 10 27  2300   57322  82800   4.61e+00  2.32e-01  2.08e-01  7.34e-02  4.36e-02  1.95e-02  1.10e+04  3.22e+02 -1.00e+05
2015 10 27  2305   57322  83100   4.48e+00  1.13e-01  8.91e-02  5.10e-02  4.19e-02  2.09e-02  1.10e+04  3.19e+02 -1.00e+05
2015 10 27  2310   57322  83400   5.98e+00  2.08e-01  1.00e-01  4.67e-02  3.76e-02  1.95e-02  1.10e+04  3.22e+02 -1.00e+05
2015 10 27  2315   57322  83700   4.28e+00  3.45e-01  3.21e-01  1.54e-01  1.09e-01  3.90e-02  1.08e+04  3.13e+02 -1.00e+05
2015 10 27  2320   57322  84000   4.43e+00  1.09e-01  8.48e-02  4.67e-02  3.76e-02  1.95e-02  1.08e+04  3.16e+02 -1.00e+05
2015 10 27  2325   57322  84300   4.22e+00  1.25e-01  1.02e-01  6.36e-02  5.44e-02  2.49e-02  1.05e+04  3.06e+02 -1.00e+05
2015 10 27  2330   57322  84600   3.95e+00  1.09e-01  8.48e-02  4.67e-02  3.76e-02  1.95e-02  1.04e+04  3.11e+02 -1.00e+05
2015 10 27  2335   57322  84900   5.21e+00  1.51e-01  9.13e-02  4.67e-02  3.76e-02  1.95e-02  1.04e+04  3.11e+02 -1.00e+05
2015 10 27  2340   57322  85200   7.19e+00  4.71e-01  2.51e-01  7.34e-02  4.36e-02  1.95e-02  1.04e+04  2.99e+02 -1.00e+05
2015 10 27  2345   57322  85500   3.96e+00  1.09e-01  8.53e-02  4.72e-02  3.77e-02  1.95e-02  1.04e+04  2.98e+02 -1.00e+05
2015 10 27  2350   57322  85800   4.22e+00  1.71e-01  1.47e-01  1.09e-01  8.88e-02  3.50e-02  1.04e+04  2.92e+02 -1.00e+05
2015 10 27  2355   57322  86100   5.56e+00  2.12e-01  1.52e-01  1.07e-01  9.83e-02  3.90e-02  1.04e+04  2.96e+02 -1.00e+05
