:Data_list: 20150911_Gs_part_5m.txt
:Created: 2015 Sep 12 0011 UTC
# Prepared by the U.S. Dept. of Commerce, NOAA, Space Weather Prediction Center
# Please send comments and suggestions to SWPC.Webmaster@noaa.gov 
# 
# Label: P > 1 = Particles at >1 Mev
# Label: P > 5 = Particles at >5 Mev
# Label: P >10 = Particles at >10 Mev
# Label: P >30 = Particles at >30 Mev
# Label: P >50 = Particles at >50 Mev
# Label: P>100 = Particles at >100 Mev
# Label: E>0.8 = Electrons at >0.8 Mev
# Label: E>2.0 = Electrons at >2.0 Mev
# Label: E>4.0 = Electrons at >4.0 Mev
# Units: Particles = Protons/cm2-s-sr
# Units: Electrons = Electrons/cm2-s-sr
# Source: GOES-15
# Location: W135
# Missing data: -1.00e+05
#
#                      5-minute  GOES-15 Solar Particle and Electron Flux
#
#                 Modified Seconds
# UTC Date  Time   Julian  of the
# YR MO DA  HHMM    Day     Day     P > 1     P > 5     P >10     P >30     P >50     P>100     E>0.8     E>2.0     E>4.0
#-------------------------------------------------------------------------------------------------------------------------
2015 09 11  0000   57276      0   9.34e+00  3.90e-01  2.72e-01  1.21e-01  6.53e-02  2.41e-02  1.38e+04  3.63e+02 -1.00e+05
2015 09 11  0005   57276    300   1.07e+01  3.09e-01  2.26e-01  5.45e-02  3.86e-02  1.86e-02  1.23e+04  3.46e+02 -1.00e+05
2015 09 11  0010   57276    600   1.06e+01  1.91e-01  1.09e-01  5.97e-02  5.15e-02  3.36e-02  1.16e+04  3.32e+02 -1.00e+05
2015 09 11  0015   57276    900   8.19e+00  1.13e-01  8.72e-02  4.80e-02  3.72e-02  1.86e-02  1.22e+04  3.18e+02 -1.00e+05
2015 09 11  0020   57276   1200   4.23e+00  1.10e-01  8.38e-02  4.46e-02  3.64e-02  1.86e-02  1.05e+04  2.72e+02 -1.00e+05
2015 09 11  0025   57276   1500   8.10e+00  2.14e-01  1.17e-01  7.42e-02  4.31e-02  1.86e-02  9.34e+03  2.45e+02 -1.00e+05
2015 09 11  0030   57276   1800   3.41e+00  1.10e-01  8.38e-02  4.46e-02  3.64e-02  1.86e-02  9.41e+03  2.45e+02 -1.00e+05
2015 09 11  0035   57276   2100   3.66e+00  1.20e-01  9.39e-02  5.45e-02  3.86e-02  1.86e-02  9.48e+03  2.37e+02 -1.00e+05
2015 09 11  0040   57276   2400   3.48e+00  1.22e-01  9.64e-02  5.72e-02  4.90e-02  3.12e-02  8.18e+03  2.16e+02 -1.00e+05
2015 09 11  0045   57276   2700   5.19e+00  3.07e-01  2.25e-01  5.72e-02  4.90e-02  3.12e-02  7.65e+03  2.01e+02 -1.00e+05
2015 09 11  0050   57276   3000   3.22e+00  1.20e-01  9.39e-02  5.45e-02  3.86e-02  1.86e-02  8.28e+03  2.15e+02 -1.00e+05
2015 09 11  0055   57276   3300   6.44e+00  3.72e-01  1.66e-01  1.25e-01  1.16e-01  4.43e-02  8.13e+03  1.79e+02 -1.00e+05
2015 09 11  0100   57276   3600   3.18e+00  1.77e-01  1.51e-01  6.82e-02  6.00e-02  2.61e-02  6.15e+03  1.84e+02 -1.00e+05
2015 09 11  0105   57276   3900   3.01e+00  1.34e-01  1.07e-01  6.76e-02  4.16e-02  1.86e-02  8.32e+03  2.01e+02 -1.00e+05
2015 09 11  0110   57276   4200   2.57e+00  1.68e-01  1.41e-01  6.82e-02  6.00e-02  2.61e-02  6.77e+03  1.33e+02 -1.00e+05
2015 09 11  0115   57276   4500   2.60e+00  2.41e-01  2.07e-01  4.46e-02  3.64e-02  1.86e-02  5.41e+03  1.45e+02 -1.00e+05
2015 09 11  0120   57276   4800   1.88e+00  1.90e-01  1.64e-01  1.25e-01  1.16e-01  4.43e-02  6.84e+03  1.21e+02 -1.00e+05
2015 09 11  0125   57276   5100   2.10e+00  2.11e-01  1.77e-01  1.35e-01  1.04e-01  3.82e-02  7.08e+03  1.19e+02 -1.00e+05
2015 09 11  0130   57276   5400   1.78e+00  1.20e-01  9.39e-02  5.45e-02  3.86e-02  1.86e-02  6.86e+03  1.43e+02 -1.00e+05
2015 09 11  0135   57276   5700   2.01e+00  1.61e-01  1.27e-01  4.80e-02  3.72e-02  1.86e-02  6.76e+03  1.17e+02 -1.00e+05
2015 09 11  0140   57276   6000   2.61e+00  2.68e-01  1.37e-01  7.85e-02  5.57e-02  3.36e-02  6.07e+03  1.13e+02 -1.00e+05
2015 09 11  0145   57276   6300   1.47e+00  1.27e-01  1.01e-01  6.11e-02  4.01e-02  1.86e-02  6.39e+03  1.16e+02 -1.00e+05
2015 09 11  0150   57276   6600   1.07e+00  1.10e-01  8.38e-02  4.46e-02  3.64e-02  1.86e-02  5.93e+03  1.16e+02 -1.00e+05
2015 09 11  0155   57276   6900   1.93e+00  2.99e-01  2.16e-01  4.46e-02  3.64e-02  1.86e-02  5.24e+03  1.00e+02 -1.00e+05
2015 09 11  0200   57276   7200   1.79e+00  1.54e-01  1.28e-01  5.28e-02  4.20e-02  2.01e-02  4.82e+03  8.69e+01 -1.00e+05
2015 09 11  0205   57276   7500   2.54e+00  2.29e-01  1.47e-01  5.72e-02  4.90e-02  3.12e-02  5.52e+03  9.86e+01 -1.00e+05
2015 09 11  0210   57276   7800   1.80e+00  1.20e-01  8.54e-02  4.48e-02  3.66e-02  1.88e-02  4.68e+03  8.11e+01 -1.00e+05
2015 09 11  0215   57276   8100   2.54e+00  2.71e-01  1.42e-01  8.45e-02  7.63e-02  5.84e-02  4.36e+03  6.78e+01 -1.00e+05
2015 09 11  0220   57276   8400   1.34e+00  1.10e-01  8.38e-02  4.46e-02  3.64e-02  1.86e-02  4.69e+03  7.04e+01 -1.00e+05
2015 09 11  0225   57276   8700   1.14e+00  2.59e-01  2.33e-01  7.95e-02  7.13e-02  5.35e-02  4.21e+03  5.43e+01 -1.00e+05
2015 09 11  0230   57276   9000   1.22e+00  1.54e-01  1.27e-01  4.46e-02  3.64e-02  1.86e-02  4.28e+03  5.99e+01 -1.00e+05
2015 09 11  0235   57276   9300   1.28e+00  1.91e-01  1.65e-01  1.26e-01  1.17e-01  4.81e-02  4.61e+03  6.39e+01 -1.00e+05
2015 09 11  0240   57276   9600   9.73e-01  1.69e-01  1.43e-01  1.03e-01  8.73e-02  3.42e-02  4.91e+03  6.45e+01 -1.00e+05
2015 09 11  0245   57276   9900   1.20e+00  1.79e-01  1.20e-01  7.45e-02  6.63e-02  2.82e-02  4.54e+03  5.83e+01 -1.00e+05
2015 09 11  0250   57276  10200   7.67e-01  1.49e-01  1.22e-01  4.46e-02  3.64e-02  1.86e-02  5.00e+03  6.95e+01 -1.00e+05
2015 09 11  0255   57276  10500   1.12e+00  1.77e-01  9.40e-02  4.46e-02  3.64e-02  1.86e-02  5.26e+03  5.28e+01 -1.00e+05
2015 09 11  0300   57276  10800   1.12e+00  2.40e-01  2.14e-01  8.86e-02  6.18e-02  3.86e-02  4.08e+03  5.15e+01 -1.00e+05
2015 09 11  0305   57276  11100   1.07e+00  2.49e-01  1.03e-01  6.19e-02  5.37e-02  3.58e-02  4.58e+03  5.03e+01 -1.00e+05
2015 09 11  0310   57276  11400   1.17e+00  3.90e-01  3.63e-01  1.92e-01  1.03e-01  1.91e-02  4.98e+03  5.75e+01 -1.00e+05
2015 09 11  0315   57276  11700   8.54e-01  1.87e-01  1.61e-01  9.33e-02  8.51e-02  3.42e-02  4.90e+03  5.38e+01 -1.00e+05
2015 09 11  0320   57276  12000   8.29e-01  1.10e-01  8.38e-02  4.46e-02  3.64e-02  1.86e-02  5.24e+03  6.35e+01 -1.00e+05
2015 09 11  0325   57276  12300   8.82e-01  1.20e-01  9.39e-02  5.45e-02  3.86e-02  1.86e-02  4.96e+03  5.67e+01 -1.00e+05
2015 09 11  0330   57276  12600   8.16e-01  1.13e-01  8.65e-02  4.73e-02  3.91e-02  2.13e-02  4.19e+03  4.49e+01 -1.00e+05
2015 09 11  0335   57276  12900   8.64e-01  1.49e-01  1.22e-01  4.46e-02  3.64e-02  1.86e-02  3.86e+03  4.24e+01 -1.00e+05
2015 09 11  0340   57276  13200   1.87e+00  4.76e-01  2.78e-01  7.47e-02  4.20e-02  1.86e-02  4.12e+03  4.19e+01 -1.00e+05
2015 09 11  0345   57276  13500   1.49e+00  1.51e-01  1.24e-01  8.35e-02  4.20e-02  1.86e-02  4.17e+03  4.52e+01 -1.00e+05
2015 09 11  0350   57276  13800   1.26e+00  1.77e-01  9.40e-02  4.46e-02  3.64e-02  1.86e-02  3.97e+03  4.75e+01 -1.00e+05
2015 09 11  0355   57276  14100   1.12e+00  1.70e-01  1.44e-01  7.70e-02  6.88e-02  5.10e-02  3.77e+03  3.54e+01 -1.00e+05
2015 09 11  0400   57276  14400   2.40e+00  4.23e-01  2.50e-01  8.50e-02  6.91e-02  1.91e-02  3.53e+03  3.52e+01 -1.00e+05
2015 09 11  0405   57276  14700   1.97e+00  2.86e-01  1.56e-01  6.96e-02  6.14e-02  4.36e-02  3.07e+03  3.46e+01 -1.00e+05
2015 09 11  0410   57276  15000   9.60e-01  1.47e-01  1.21e-01  8.07e-02  4.45e-02  1.86e-02  3.02e+03  2.88e+01 -1.00e+05
2015 09 11  0415   57276  15300   8.84e-01  1.21e-01  9.54e-02  5.62e-02  4.80e-02  2.41e-02  2.28e+03  2.01e+01 -1.00e+05
2015 09 11  0420   57276  15600   4.47e-01  1.40e-01  1.14e-01  7.45e-02  6.63e-02  2.82e-02  1.92e+03  1.54e+01 -1.00e+05
2015 09 11  0425   57276  15900   6.17e-01  1.41e-01  1.15e-01  7.60e-02  6.78e-02  3.38e-02  1.68e+03  1.27e+01 -1.00e+05
2015 09 11  0430   57276  16200   5.92e-01  2.51e-01  2.25e-01  9.15e-02  6.04e-02  2.41e-02  1.51e+03  1.34e+01 -1.00e+05
2015 09 11  0435   57276  16500   8.30e-01  1.63e-01  1.29e-01  4.46e-02  3.64e-02  1.86e-02  1.49e+03  1.35e+01 -1.00e+05
2015 09 11  0440   57276  16800   6.01e-01  1.10e-01  8.38e-02  4.46e-02  3.64e-02  1.86e-02  2.14e+03  2.09e+01 -1.00e+05
2015 09 11  0445   57276  17100   1.68e+00  2.39e-01  2.13e-01  1.10e-01  7.92e-02  3.02e-02  2.10e+03  1.51e+01 -1.00e+05
2015 09 11  0450   57276  17400   1.69e+00  1.27e-01  1.01e-01  6.20e-02  5.38e-02  2.41e-02  3.00e+03  4.40e+01 -1.00e+05
2015 09 11  0455   57276  17700   1.80e+00  1.10e-01  8.38e-02  4.46e-02  3.64e-02  1.86e-02  3.46e+03  5.43e+01 -1.00e+05
2015 09 11  0500   57276  18000   1.94e+00  3.83e-01  3.57e-01  1.89e-01  1.07e-01  1.91e-02  3.38e+03  5.38e+01 -1.00e+05
2015 09 11  0505   57276  18300   1.51e+00  1.18e-01  9.14e-02  5.23e-02  4.41e-02  2.62e-02  3.93e+03  6.55e+01 -1.00e+05
2015 09 11  0510   57276  18600   3.11e+00  2.09e-01  8.63e-02  4.46e-02  3.64e-02  1.86e-02  3.63e+03  6.46e+01 -1.00e+05
2015 09 11  0515   57276  18900   2.16e+00  1.94e-01  1.68e-01  8.35e-02  4.20e-02  1.86e-02  3.44e+03  6.34e+01 -1.00e+05
2015 09 11  0520   57276  19200   3.30e+00  2.26e-01  1.03e-01  6.11e-02  4.01e-02  1.86e-02  3.28e+03  6.44e+01 -1.00e+05
2015 09 11  0525   57276  19500   3.57e+00  2.23e-01  1.10e-01  6.82e-02  6.00e-02  2.61e-02  3.69e+03  7.53e+01 -1.00e+05
2015 09 11  0530   57276  19800   2.10e+00  1.27e-01  1.01e-01  6.20e-02  5.38e-02  2.41e-02  3.99e+03  8.06e+01 -1.00e+05
2015 09 11  0535   57276  20100   1.85e+00  1.89e-01  1.63e-01  8.94e-02  8.12e-02  6.34e-02  5.01e+03  9.32e+01 -1.00e+05
2015 09 11  0540   57276  20400   1.72e+00  1.10e-01  8.38e-02  4.46e-02  3.64e-02  1.86e-02  5.27e+03  1.01e+02 -1.00e+05
2015 09 11  0545   57276  20700   2.06e+00  1.19e-01  8.52e-02  4.46e-02  3.64e-02  1.86e-02  4.65e+03  8.48e+01 -1.00e+05
2015 09 11  0550   57276  21000   1.69e+00  1.38e-01  1.12e-01  7.30e-02  6.48e-02  1.91e-02  4.73e+03  8.72e+01 -1.00e+05
2015 09 11  0555   57276  21300   2.01e+00  1.52e-01  1.26e-01  8.55e-02  4.94e-02  2.01e-02  5.12e+03  9.37e+01 -1.00e+05
2015 09 11  0600   57276  21600   2.52e+00  2.14e-01  1.17e-01  7.42e-02  4.31e-02  1.86e-02  5.06e+03  9.82e+01 -1.00e+05
2015 09 11  0605   57276  21900   2.16e+00  3.88e-01  1.76e-01  4.46e-02  3.64e-02  1.86e-02  5.32e+03  9.83e+01 -1.00e+05
2015 09 11  0610   57276  22200   1.04e+00  1.59e-01  1.32e-01  9.33e-02  8.51e-02  3.42e-02  5.43e+03  1.00e+02 -1.00e+05
2015 09 11  0615   57276  22500   2.22e+00  4.20e-01  1.97e-01  4.48e-02  3.66e-02  1.88e-02  4.78e+03  8.74e+01 -1.00e+05
2015 09 11  0620   57276  22800   2.04e+00  5.09e-01  2.86e-01  6.76e-02  4.16e-02  1.86e-02  4.33e+03  7.68e+01 -1.00e+05
2015 09 11  0625   57276  23100   1.37e+00  2.06e-01  1.23e-01  4.46e-02  3.64e-02  1.86e-02  4.36e+03  7.96e+01 -1.00e+05
2015 09 11  0630   57276  23400   1.11e+00  1.70e-01  1.44e-01  6.11e-02  4.01e-02  1.86e-02  4.27e+03  6.98e+01 -1.00e+05
2015 09 11  0635   57276  23700   1.55e+00  2.65e-01  1.59e-01  1.17e-01  8.55e-02  3.22e-02  4.05e+03  6.75e+01 -1.00e+05
2015 09 11  0640   57276  24000   7.57e-01  1.10e-01  8.38e-02  4.46e-02  3.64e-02  1.86e-02  4.08e+03  6.45e+01 -1.00e+05
2015 09 11  0645   57276  24300   1.63e+00  3.85e-01  1.92e-01  5.93e-02  4.35e-02  2.01e-02  3.98e+03  6.11e+01 -1.00e+05
2015 09 11  0650   57276  24600   1.98e+00  2.56e-01  8.61e-02  4.46e-02  3.64e-02  1.86e-02  4.04e+03  6.15e+01 -1.00e+05
2015 09 11  0655   57276  24900   1.07e+00  1.63e-01  1.29e-01  4.46e-02  3.64e-02  1.86e-02  3.59e+03  5.23e+01 -1.00e+05
2015 09 11  0700   57276  25200   7.11e-01  1.26e-01  9.28e-02  5.23e-02  4.41e-02  2.62e-02  3.28e+03  4.71e+01 -1.00e+05
2015 09 11  0705   57276  25500   7.79e-01  1.79e-01  1.25e-01  8.08e-02  7.26e-02  3.02e-02  3.30e+03  4.81e+01 -1.00e+05
2015 09 11  0710   57276  25800   9.83e-01  1.49e-01  1.22e-01  4.46e-02  3.64e-02  1.86e-02  3.26e+03  4.06e+01 -1.00e+05
2015 09 11  0715   57276  26100   5.54e-01  1.82e-01  1.56e-01  7.73e-02  6.12e-02  4.11e-02  2.61e+03  2.81e+01 -1.00e+05
2015 09 11  0720   57276  26400   1.05e+00  2.37e-01  1.13e-01  5.62e-02  4.80e-02  2.41e-02  2.59e+03  2.82e+01 -1.00e+05
2015 09 11  0725   57276  26700   1.10e+00  2.53e-01  1.23e-01  6.47e-02  5.64e-02  3.86e-02  2.45e+03  2.69e+01 -1.00e+05
2015 09 11  0730   57276  27000   1.04e+00  5.20e-01  2.94e-01  9.71e-02  5.67e-02  2.21e-02  2.38e+03  2.42e+01 -1.00e+05
2015 09 11  0735   57276  27300   1.15e+00  4.36e-01  2.56e-01  6.76e-02  4.16e-02  1.86e-02  2.45e+03  2.42e+01 -1.00e+05
2015 09 11  0740   57276  27600   5.68e-01  2.32e-01  2.05e-01  4.46e-02  3.64e-02  1.86e-02  2.63e+03  2.95e+01 -1.00e+05
2015 09 11  0745   57276  27900   4.65e-01  1.77e-01  9.40e-02  4.46e-02  3.64e-02  1.86e-02  3.12e+03  3.62e+01 -1.00e+05
2015 09 11  0750   57276  28200   2.44e-01  1.10e-01  8.38e-02  4.46e-02  3.64e-02  1.86e-02  3.97e+03  1.02e+02 -1.00e+05
2015 09 11  0755   57276  28500   3.71e-01  1.35e-01  1.03e-01  6.24e-02  5.32e-02  3.50e-02  9.14e+03  1.15e+02 -1.00e+05
2015 09 11  0800   57276  28800   1.07e+00  7.39e-01  3.73e-01  7.47e-02  4.20e-02  1.86e-02  8.46e+03  1.28e+02 -1.00e+05
2015 09 11  0805   57276  29100   4.12e-01  1.10e-01  8.38e-02  4.46e-02  3.64e-02  1.86e-02  1.11e+04  1.59e+02 -1.00e+05
2015 09 11  0810   57276  29400   1.79e+00  1.88e-01  1.62e-01  5.45e-02  3.86e-02  1.86e-02  6.65e+03  1.46e+02 -1.00e+05
2015 09 11  0815   57276  29700   2.08e+01  2.09e-01  8.63e-02  4.46e-02  3.64e-02  1.86e-02  1.97e+04  4.79e+02 -1.00e+05
2015 09 11  0820   57276  30000   6.17e+00  1.23e-01  8.87e-02  4.80e-02  3.72e-02  1.86e-02  1.86e+04  8.76e+02 -1.00e+05
2015 09 11  0825   57276  30300   3.80e+00  1.30e-01  9.54e-02  5.45e-02  3.86e-02  1.86e-02  1.83e+04  8.55e+02 -1.00e+05
2015 09 11  0830   57276  30600   6.43e+00  2.40e-01  1.32e-01  7.78e-02  6.71e-02  2.82e-02  1.67e+04  6.38e+02 -1.00e+05
2015 09 11  0835   57276  30900   5.57e+01  1.41e-01  1.15e-01  7.47e-02  4.20e-02  1.86e-02  1.07e+04  5.03e+02 -1.00e+05
2015 09 11  0840   57276  31200   6.52e+02  2.68e-01  1.21e-01  7.81e-02  4.20e-02  1.86e-02  1.70e+04  6.90e+02 -1.00e+05
2015 09 11  0845   57276  31500   1.40e+02  2.57e-01  2.31e-01  8.27e-02  4.71e-02  2.13e-02  1.10e+04  4.39e+02 -1.00e+05
2015 09 11  0850   57276  31800   1.94e+02  1.59e-01  1.32e-01  9.33e-02  8.51e-02  3.42e-02  9.49e+03  3.69e+02 -1.00e+05
2015 09 11  0855   57276  32100   5.22e+02  2.34e-01  1.11e-01  6.96e-02  6.14e-02  4.36e-02  6.35e+03  2.55e+02 -1.00e+05
2015 09 11  0900   57276  32400   1.09e+03  3.51e-01  1.40e-01  9.73e-02  6.45e-02  4.11e-02  8.08e+03  2.62e+02 -1.00e+05
2015 09 11  0905   57276  32700   1.02e+03  4.20e-01  1.97e-01  4.46e-02  3.64e-02  1.86e-02  9.24e+03  2.83e+02 -1.00e+05
2015 09 11  0910   57276  33000   3.36e+02  4.24e-01  3.77e-01  1.72e-01  9.42e-02  1.90e-02  8.93e+03  2.41e+02 -1.00e+05
2015 09 11  0915   57276  33300   1.01e+02  2.45e-01  1.31e-01  7.64e-02  6.82e-02  3.57e-02  6.05e+03  2.15e+02 -1.00e+05
2015 09 11  0920   57276  33600   4.34e+01  1.77e-01  9.81e-02  4.94e-02  4.12e-02  2.01e-02  5.56e+03  2.46e+02 -1.00e+05
2015 09 11  0925   57276  33900   4.08e+01  1.43e-01  1.17e-01  7.78e-02  6.71e-02  2.82e-02  6.38e+03  3.11e+02 -1.00e+05
2015 09 11  0930   57276  34200   9.90e+01  3.02e-01  1.51e-01  1.08e-01  7.18e-02  1.90e-02  6.85e+03  2.98e+02 -1.00e+05
2015 09 11  0935   57276  34500   6.42e+01  2.19e-01  9.64e-02  5.47e-02  4.65e-02  2.87e-02  7.50e+03  3.53e+02 -1.00e+05
2015 09 11  0940   57276  34800   7.76e+01  2.97e-01  1.89e-01  1.46e-01  8.94e-02  3.02e-02  8.53e+03  4.81e+02 -1.00e+05
2015 09 11  0945   57276  35100   8.01e+01  3.04e-01  1.74e-01  7.73e-02  6.12e-02  4.11e-02  9.41e+03  5.18e+02 -1.00e+05
2015 09 11  0950   57276  35400   9.14e+01  3.57e-01  1.33e-01  9.13e-02  8.31e-02  4.88e-02  9.60e+03  5.26e+02 -1.00e+05
2015 09 11  0955   57276  35700   2.61e+01  1.10e-01  8.38e-02  4.46e-02  3.64e-02  1.86e-02  8.90e+03  4.76e+02 -1.00e+05
2015 09 11  1000   57276  36000   1.07e+01  1.35e-01  1.09e-01  6.97e-02  6.15e-02  1.90e-02  7.96e+03  4.71e+02 -1.00e+05
2015 09 11  1005   57276  36300   5.17e+00  1.31e-01  1.05e-01  6.56e-02  4.97e-02  2.21e-02  8.21e+03  5.99e+02 -1.00e+05
2015 09 11  1010   57276  36600   3.41e+00  1.20e-01  8.93e-02  4.94e-02  4.12e-02  2.01e-02  1.12e+04  5.50e+02 -1.00e+05
2015 09 11  1015   57276  36900   3.30e+00  1.78e-01  1.52e-01  7.46e-02  6.64e-02  4.85e-02  9.02e+03  3.50e+02 -1.00e+05
2015 09 11  1020   57276  37200   1.90e+00  1.10e-01  8.38e-02  4.46e-02  3.64e-02  1.86e-02  4.58e+03  1.57e+02 -1.00e+05
2015 09 11  1025   57276  37500   1.97e+00  2.18e-01  1.21e-01  6.85e-02  6.03e-02  1.90e-02  3.39e+03  1.16e+02 -1.00e+05
2015 09 11  1030   57276  37800   2.27e+00  4.12e-01  2.33e-01  4.46e-02  3.64e-02  1.86e-02  3.61e+03  1.32e+02 -1.00e+05
2015 09 11  1035   57276  38100   7.22e-01  1.78e-01  1.51e-01  8.45e-02  7.63e-02  5.84e-02  2.18e+03  8.51e+01 -1.00e+05
2015 09 11  1040   57276  38400   8.11e-01  5.01e-01  2.56e-01  7.46e-02  6.64e-02  4.85e-02  5.84e+02  1.93e+01 -1.00e+05
2015 09 11  1045   57276  38700   1.50e-01  1.19e-01  8.52e-02  4.46e-02  3.64e-02  1.86e-02  1.64e+02  7.94e+00 -1.00e+05
2015 09 11  1050   57276  39000   3.71e-01  3.27e-01  2.47e-01  8.45e-02  7.63e-02  5.84e-02  1.62e+01  1.33e-01 -1.00e+05
2015 09 11  1055   57276  39300   2.19e-01  1.90e-01  1.64e-01  5.57e-02  4.75e-02  2.21e-02  9.01e+00  1.33e-01 -1.00e+05
2015 09 11  1100   57276  39600   1.66e-01  1.39e-01  1.13e-01  6.82e-02  6.00e-02  2.61e-02  5.92e+00  1.33e+00 -1.00e+05
2015 09 11  1105   57276  39900   2.11e-01  1.84e-01  1.58e-01  1.18e-01  1.10e-01  4.23e-02  3.71e+01  7.10e-01 -1.00e+05
2015 09 11  1110   57276  40200   4.94e-01  1.40e-01  1.14e-01  7.45e-02  6.63e-02  2.82e-02  5.06e+02  1.98e+01 -1.00e+05
2015 09 11  1115   57276  40500   1.97e+00  2.17e-01  1.68e-01  1.23e-01  8.70e-02  3.22e-02  4.18e+03  2.30e+02 -1.00e+05
2015 09 11  1120   57276  40800   4.64e+00  1.65e-01  1.39e-01  9.96e-02  9.14e-02  3.62e-02  5.72e+03  2.48e+02 -1.00e+05
2015 09 11  1125   57276  41100   5.54e+00  1.73e-01  1.46e-01  7.45e-02  6.63e-02  2.82e-02  5.82e+03  2.92e+02 -1.00e+05
2015 09 11  1130   57276  41400   6.61e+00  1.45e-01  1.19e-01  7.95e-02  7.13e-02  5.35e-02  5.83e+03  2.34e+02 -1.00e+05
2015 09 11  1135   57276  41700   5.42e+00  1.20e-01  9.39e-02  5.45e-02  3.86e-02  1.86e-02  5.11e+03  1.84e+02 -1.00e+05
2015 09 11  1140   57276  42000   2.98e+00  1.96e-01  1.70e-01  1.29e-01  9.32e-02  3.42e-02  4.77e+03  1.74e+02 -1.00e+05
2015 09 11  1145   57276  42300   2.55e+00  2.35e-01  2.09e-01  4.80e-02  3.72e-02  1.86e-02  5.48e+03  2.40e+02 -1.00e+05
2015 09 11  1150   57276  42600   3.29e+00  1.25e-01  9.88e-02  5.93e-02  4.35e-02  2.01e-02  5.59e+03  2.53e+02 -1.00e+05
2015 09 11  1155   57276  42900   2.85e+00  2.44e-01  1.61e-01  6.76e-02  4.16e-02  1.86e-02  6.42e+03  3.24e+02 -1.00e+05
2015 09 11  1200   57276  43200   1.78e+00  2.32e-01  2.05e-01  4.46e-02  3.64e-02  1.86e-02  7.10e+03  3.55e+02 -1.00e+05
2015 09 11  1205   57276  43500   1.53e+00  2.55e-01  2.29e-01  6.76e-02  4.16e-02  1.86e-02  8.81e+03  4.08e+02 -1.00e+05
2015 09 11  1210   57276  43800   4.23e+00  4.49e-01  1.47e-01  6.27e-02  5.45e-02  3.66e-02  1.06e+04  5.15e+02 -1.00e+05
2015 09 11  1215   57276  44100   3.06e+00  2.14e-01  1.31e-01  8.07e-02  4.45e-02  1.86e-02  1.04e+04  4.87e+02 -1.00e+05
2015 09 11  1220   57276  44400   1.75e+00  1.10e-01  8.38e-02  4.46e-02  3.64e-02  1.86e-02  7.93e+03  3.49e+02 -1.00e+05
2015 09 11  1225   57276  44700   1.31e+00  1.59e-01  1.33e-01  9.38e-02  8.56e-02  3.62e-02  7.56e+03  2.43e+02 -1.00e+05
2015 09 11  1230   57276  45000   1.99e+00  2.07e-01  1.26e-01  7.70e-02  6.88e-02  5.10e-02  1.07e+04  3.49e+02 -1.00e+05
2015 09 11  1235   57276  45300   1.00e+00  1.27e-01  1.01e-01  6.11e-02  4.01e-02  1.86e-02  8.71e+03  2.58e+02 -1.00e+05
2015 09 11  1240   57276  45600   5.84e-01  1.39e-01  1.13e-01  4.46e-02  3.64e-02  1.86e-02  4.36e+03  9.98e+01 -1.00e+05
2015 09 11  1245   57276  45900   6.78e-01  1.27e-01  1.01e-01  6.20e-02  5.38e-02  2.41e-02  5.73e+03  1.22e+02 -1.00e+05
2015 09 11  1250   57276  46200   8.48e-01  1.77e-01  9.40e-02  4.46e-02  3.64e-02  1.86e-02  8.13e+03  1.91e+02 -1.00e+05
2015 09 11  1255   57276  46500   1.05e+00  3.75e-01  2.53e-01  8.52e-02  5.41e-02  2.21e-02  7.54e+03  1.60e+02 -1.00e+05
2015 09 11  1300   57276  46800   7.56e-01  2.08e-01  1.45e-01  9.95e-02  9.13e-02  5.82e-02  4.54e+03  1.05e+02 -1.00e+05
2015 09 11  1305   57276  47100   7.14e-01  1.34e-01  1.08e-01  6.85e-02  6.03e-02  1.90e-02  2.92e+03  5.60e+01 -1.00e+05
2015 09 11  1310   57276  47400   3.14e-01  2.04e-01  1.70e-01  8.62e-02  5.17e-02  2.62e-02  1.43e+03  2.95e+01 -1.00e+05
2015 09 11  1315   57276  47700   6.21e-01  2.33e-01  8.62e-02  4.46e-02  3.64e-02  1.86e-02  7.27e+02  1.20e+01 -1.00e+05
2015 09 11  1320   57276  48000   6.22e-01  2.96e-01  1.82e-01  1.39e-01  1.01e-01  6.00e-02  4.36e+02  3.70e+00 -1.00e+05
2015 09 11  1325   57276  48300   2.33e-01  1.82e-01  1.56e-01  1.16e-01  1.08e-01  5.69e-02  3.48e+02  4.97e+00 -1.00e+05
2015 09 11  1330   57276  48600   5.25e-01  3.73e-01  2.32e-01  4.46e-02  3.64e-02  1.86e-02  1.86e+02  3.93e+00 -1.00e+05
2015 09 11  1335   57276  48900   2.82e-01  1.43e-01  1.09e-01  6.76e-02  4.16e-02  1.86e-02  1.19e+02  1.80e+00 -1.00e+05
2015 09 11  1340   57276  49200   2.04e-01  1.76e-01  1.50e-01  7.81e-02  6.99e-02  5.21e-02  8.74e+01  1.33e-01 -1.00e+05
2015 09 11  1345   57276  49500   2.36e-01  1.65e-01  1.39e-01  5.97e-02  5.15e-02  3.36e-02  1.91e+02  5.16e+00 -1.00e+05
2015 09 11  1350   57276  49800   3.43e-01  1.15e-01  8.89e-02  4.98e-02  4.16e-02  2.37e-02  2.24e+02  7.00e+00 -1.00e+05
2015 09 11  1355   57276  50100   2.65e-01  1.39e-01  1.13e-01  7.31e-02  4.88e-02  2.62e-02  7.23e+00  1.33e-01 -1.00e+05
2015 09 11  1400   57276  50400   2.33e-01  1.93e-01  1.67e-01  1.27e-01  1.14e-01  5.16e-02  5.02e+01  1.33e-01 -1.00e+05
2015 09 11  1405   57276  50700   5.01e-01  1.70e-01  1.44e-01  1.04e-01  6.71e-02  4.11e-02  1.12e+02  3.02e+00 -1.00e+05
2015 09 11  1410   57276  51000   4.55e-01  1.56e-01  1.30e-01  9.03e-02  6.65e-02  3.36e-02  2.23e+02  4.55e+00 -1.00e+05
2015 09 11  1415   57276  51300   6.69e-01  1.20e-01  9.39e-02  5.45e-02  3.86e-02  1.86e-02  2.09e+02  7.22e+00 -1.00e+05
2015 09 11  1420   57276  51600   7.63e-01  2.92e-01  1.74e-01  1.17e-01  6.52e-02  2.41e-02  7.01e+02  1.53e+01 -1.00e+05
2015 09 11  1425   57276  51900   3.93e-01  1.10e-01  8.38e-02  4.46e-02  3.64e-02  1.86e-02  9.86e+02  3.79e+01 -1.00e+05
2015 09 11  1430   57276  52200   3.09e+00  2.75e-01  1.16e-01  7.45e-02  6.63e-02  2.82e-02  1.05e+03  4.57e+01 -1.00e+05
2015 09 11  1435   57276  52500   1.05e+01  2.87e-01  1.17e-01  7.47e-02  4.20e-02  1.86e-02  1.91e+03  7.26e+01 -1.00e+05
2015 09 11  1440   57276  52800   1.53e+01  1.57e-01  1.23e-01  8.09e-02  4.20e-02  1.86e-02  6.12e+03  2.64e+02 -1.00e+05
2015 09 11  1445   57276  53100   1.40e+01  1.10e-01  8.40e-02  4.48e-02  3.66e-02  1.88e-02  4.25e+03  2.00e+02 -1.00e+05
2015 09 11  1450   57276  53400   6.35e+00  3.18e-01  2.37e-01  7.21e-02  6.39e-02  4.60e-02  1.81e+03  9.39e+01 -1.00e+05
2015 09 11  1455   57276  53700   6.51e+00  2.21e-01  1.38e-01  4.46e-02  3.64e-02  1.86e-02  1.40e+03  6.05e+01 -1.00e+05
2015 09 11  1500   57276  54000   2.38e+01  2.50e-01  1.03e-01  6.11e-02  4.01e-02  1.86e-02  1.29e+03  4.51e+01 -1.00e+05
2015 09 11  1505   57276  54300   3.71e+01  1.78e-01  1.14e-01  6.82e-02  6.00e-02  2.61e-02  2.57e+03  5.61e+01 -1.00e+05
2015 09 11  1510   57276  54600   7.41e+01  2.97e-01  1.85e-01  1.31e-01  1.23e-01  4.63e-02  3.61e+03  5.19e+01 -1.00e+05
2015 09 11  1515   57276  54900   1.56e+02  1.39e-01  1.13e-01  4.46e-02  3.64e-02  1.86e-02  2.39e+03  9.41e+01 -1.00e+05
2015 09 11  1520   57276  55200   8.67e+02  3.07e-01  1.16e-01  7.46e-02  6.64e-02  4.85e-02  5.48e+03  2.70e+02 -1.00e+05
2015 09 11  1525   57276  55500   6.70e+02  1.50e-01  1.16e-01  7.42e-02  4.31e-02  1.86e-02  8.78e+03  3.49e+02 -1.00e+05
2015 09 11  1530   57276  55800   1.56e+03  3.49e-01  1.39e-01  4.46e-02  3.64e-02  1.86e-02  1.17e+04  4.31e+02 -1.00e+05
2015 09 11  1535   57276  56100   1.60e+03  3.73e-01  1.96e-01  4.46e-02  3.64e-02  1.86e-02  1.53e+04  5.63e+02 -1.00e+05
2015 09 11  1540   57276  56400   8.32e+02  1.83e-01  1.56e-01  5.57e-02  4.75e-02  2.21e-02  1.76e+04  6.85e+02 -1.00e+05
2015 09 11  1545   57276  56700   8.48e+02  2.75e-01  1.56e-01  6.11e-02  4.01e-02  1.86e-02  1.78e+04  6.96e+02 -1.00e+05
2015 09 11  1550   57276  57000   2.35e+02  1.52e-01  1.26e-01  8.70e-02  7.88e-02  3.22e-02  1.81e+04  6.93e+02 -1.00e+05
2015 09 11  1555   57276  57300   2.11e+02  1.39e-01  1.13e-01  4.46e-02  3.64e-02  1.86e-02  2.44e+04  7.80e+02 -1.00e+05
2015 09 11  1600   57276  57600   2.02e+02  1.10e-01  8.40e-02  4.48e-02  3.66e-02  1.88e-02  2.52e+04  9.07e+02 -1.00e+05
2015 09 11  1605   57276  57900   2.11e+02  3.07e-01  1.52e-01  4.46e-02  3.64e-02  1.86e-02  3.29e+04  1.16e+03 -1.00e+05
2015 09 11  1610   57276  58200   1.20e+02  2.02e-01  1.76e-01  1.35e-01  1.14e-01  4.23e-02  3.52e+04  1.33e+03 -1.00e+05
2015 09 11  1615   57276  58500   1.67e+02  3.09e-01  1.62e-01  7.46e-02  6.64e-02  4.85e-02  3.89e+04  1.52e+03 -1.00e+05
2015 09 11  1620   57276  58800   7.28e+01  1.67e-01  1.41e-01  1.01e-01  7.03e-02  4.60e-02  4.26e+04  1.80e+03 -1.00e+05
2015 09 11  1625   57276  59100   5.71e+01  1.55e-01  1.29e-01  8.94e-02  8.12e-02  6.34e-02  4.64e+04  2.00e+03 -1.00e+05
2015 09 11  1630   57276  59400   4.49e+01  1.47e-01  1.21e-01  8.07e-02  4.45e-02  1.86e-02  4.58e+04  2.10e+03 -1.00e+05
2015 09 11  1635   57276  59700   7.46e+01  3.71e-01  1.35e-01  9.33e-02  8.51e-02  3.42e-02  4.18e+04  2.05e+03 -1.00e+05
2015 09 11  1640   57276  60000   3.78e+01  2.26e-01  1.03e-01  6.11e-02  4.01e-02  1.86e-02  3.74e+04  2.01e+03 -1.00e+05
2015 09 11  1645   57276  60300   2.31e+01  1.54e-01  1.27e-01  4.46e-02  3.64e-02  1.86e-02  4.33e+04  2.54e+03 -1.00e+05
2015 09 11  1650   57276  60600   3.22e+01  2.47e-01  2.21e-01  9.78e-02  6.67e-02  2.61e-02  4.63e+04  2.68e+03 -1.00e+05
2015 09 11  1655   57276  60900   3.80e+01  2.13e-01  1.34e-01  4.94e-02  4.12e-02  2.01e-02  4.50e+04  2.76e+03 -1.00e+05
2015 09 11  1700   57276  61200   2.72e+01  1.31e-01  1.05e-01  6.56e-02  4.97e-02  2.21e-02  4.36e+04  2.57e+03 -1.00e+05
2015 09 11  1705   57276  61500   2.82e+01  1.10e-01  8.38e-02  4.46e-02  3.64e-02  1.86e-02  4.38e+04  2.50e+03 -1.00e+05
2015 09 11  1710   57276  61800   2.52e+01  1.57e-01  1.31e-01  4.46e-02  3.64e-02  1.86e-02  4.04e+04  2.29e+03 -1.00e+05
2015 09 11  1715   57276  62100   2.40e+01  1.87e-01  1.05e-01  5.53e-02  4.67e-02  2.87e-02  3.89e+04  2.06e+03 -1.00e+05
2015 09 11  1720   57276  62400   2.20e+01  1.72e-01  1.39e-01  9.66e-02  5.46e-02  3.12e-02  3.95e+04  2.03e+03 -1.00e+05
2015 09 11  1725   57276  62700   1.98e+01  1.27e-01  1.01e-01  6.20e-02  5.38e-02  2.41e-02  3.75e+04  2.18e+03 -1.00e+05
2015 09 11  1730   57276  63000   2.19e+01  1.26e-01  9.28e-02  5.23e-02  4.41e-02  2.62e-02  3.73e+04  1.94e+03 -1.00e+05
2015 09 11  1735   57276  63300   1.93e+01  1.10e-01  8.38e-02  4.46e-02  3.64e-02  1.86e-02  3.61e+04  1.89e+03 -1.00e+05
2015 09 11  1740   57276  63600   2.04e+01  1.85e-01  1.54e-01  1.13e-01  7.76e-02  5.41e-02  3.51e+04  1.83e+03 -1.00e+05
2015 09 11  1745   57276  63900   1.60e+01  1.77e-01  1.51e-01  6.76e-02  4.16e-02  1.86e-02  3.52e+04  1.79e+03 -1.00e+05
2015 09 11  1750   57276  64200   1.51e+01  1.37e-01  1.11e-01  7.21e-02  6.39e-02  4.60e-02  3.39e+04  1.63e+03 -1.00e+05
2015 09 11  1755   57276  64500   1.42e+01  1.87e-01  1.61e-01  7.65e-02  4.20e-02  1.86e-02  3.16e+04  1.50e+03 -1.00e+05
2015 09 11  1800   57276  64800   2.89e+01  2.92e-01  1.23e-01  7.96e-02  4.20e-02  1.86e-02  3.22e+04  1.45e+03 -1.00e+05
2015 09 11  1805   57276  65100   1.35e+01  1.94e-01  1.68e-01  1.29e-01  1.08e-01  4.02e-02  2.99e+04  1.34e+03 -1.00e+05
2015 09 11  1810   57276  65400   1.05e+01  2.69e-01  2.43e-01  7.43e-02  4.33e-02  1.88e-02  2.95e+04  1.32e+03 -1.00e+05
2015 09 11  1815   57276  65700   1.07e+01  1.92e-01  1.66e-01  8.21e-02  4.47e-02  2.13e-02  2.81e+04  1.26e+03 -1.00e+05
2015 09 11  1820   57276  66000   1.32e+01  2.96e-01  2.23e-01  1.31e-01  1.23e-01  5.85e-02  2.62e+04  1.16e+03 -1.00e+05
2015 09 11  1825   57276  66300   9.65e+00  1.54e-01  1.27e-01  4.46e-02  3.64e-02  1.86e-02  2.85e+04  1.23e+03 -1.00e+05
2015 09 11  1830   57276  66600   9.06e+00  1.40e-01  1.14e-01  7.42e-02  4.31e-02  1.86e-02  2.80e+04  1.21e+03 -1.00e+05
2015 09 11  1835   57276  66900   1.28e+01  1.77e-01  9.40e-02  4.46e-02  3.64e-02  1.86e-02  2.88e+04  1.17e+03 -1.00e+05
2015 09 11  1840   57276  67200   1.01e+01  1.10e-01  8.38e-02  4.46e-02  3.64e-02  1.86e-02  2.73e+04  1.12e+03 -1.00e+05
2015 09 11  1845   57276  67500   1.10e+01  2.57e-01  2.31e-01  8.07e-02  4.45e-02  1.86e-02  2.85e+04  1.20e+03 -1.00e+05
2015 09 11  1850   57276  67800   1.02e+01  1.54e-01  1.27e-01  4.46e-02  3.64e-02  1.86e-02  2.67e+04  1.07e+03 -1.00e+05
2015 09 11  1855   57276  68100   1.07e+01  1.79e-01  1.53e-01  7.70e-02  6.88e-02  5.10e-02  2.95e+04  1.18e+03 -1.00e+05
2015 09 11  1900   57276  68400   1.05e+01  1.10e-01  8.38e-02  4.46e-02  3.64e-02  1.86e-02  3.12e+04  1.19e+03 -1.00e+05
2015 09 11  1905   57276  68700   8.99e+00  2.75e-01  2.49e-01  9.96e-02  9.14e-02  3.62e-02  3.08e+04  1.14e+03 -1.00e+05
2015 09 11  1910   57276  69000   8.58e+00  1.47e-01  1.21e-01  8.09e-02  4.47e-02  1.88e-02  3.04e+04  1.15e+03 -1.00e+05
2015 09 11  1915   57276  69300   1.16e+01  1.91e-01  1.09e-01  5.97e-02  5.15e-02  3.36e-02  3.25e+04  1.22e+03 -1.00e+05
2015 09 11  1920   57276  69600   8.24e+00  1.10e-01  8.38e-02  4.46e-02  3.64e-02  1.86e-02  3.20e+04  1.24e+03 -1.00e+05
2015 09 11  1925   57276  69900   1.38e+01  2.37e-01  8.96e-02  4.80e-02  3.72e-02  1.86e-02  3.19e+04  1.23e+03 -1.00e+05
2015 09 11  1930   57276  70200   1.20e+01  1.84e-01  8.64e-02  4.46e-02  3.64e-02  1.86e-02  2.91e+04  1.12e+03 -1.00e+05
2015 09 11  1935   57276  70500   8.68e+00  1.30e-01  1.04e-01  6.47e-02  5.64e-02  3.86e-02  2.98e+04  1.14e+03 -1.00e+05
2015 09 11  1940   57276  70800   8.86e+00  2.72e-01  2.46e-01  1.21e-01  9.08e-02  5.43e-02  2.86e+04  1.07e+03 -1.00e+05
2015 09 11  1945   57276  71100   1.07e+01  2.21e-01  1.38e-01  4.46e-02  3.64e-02  1.86e-02  2.74e+04  1.08e+03 -1.00e+05
2015 09 11  1950   57276  71400   6.27e+00  2.17e-01  1.91e-01  6.82e-02  6.00e-02  2.61e-02  2.64e+04  1.04e+03 -1.00e+05
2015 09 11  1955   57276  71700   9.08e+00  1.27e-01  1.01e-01  6.20e-02  5.38e-02  2.41e-02  2.96e+04  1.14e+03 -1.00e+05
2015 09 11  2000   57276  72000   8.60e+00  1.68e-01  1.42e-01  6.83e-02  6.01e-02  2.63e-02  3.06e+04  1.21e+03 -1.00e+05
2015 09 11  2005   57276  72300   7.44e+00  2.81e-01  2.55e-01  1.50e-01  1.41e-01  6.66e-02  2.79e+04  1.14e+03 -1.00e+05
2015 09 11  2010   57276  72600   1.18e+01  2.17e-01  1.74e-01  1.32e-01  1.24e-01  7.38e-02  3.24e+04  1.23e+03 -1.00e+05
2015 09 11  2015   57276  72900   1.15e+01  1.40e-01  1.14e-01  7.42e-02  4.31e-02  1.86e-02  3.51e+04  1.34e+03 -1.00e+05
2015 09 11  2020   57276  73200   1.02e+01  1.71e-01  1.45e-01  1.06e-01  9.76e-02  3.82e-02  3.21e+04  1.41e+03 -1.00e+05
2015 09 11  2025   57276  73500   9.97e+00  1.10e-01  8.38e-02  4.46e-02  3.64e-02  1.86e-02  3.21e+04  1.46e+03 -1.00e+05
2015 09 11  2030   57276  73800   9.79e+00  1.80e-01  1.54e-01  1.15e-01  1.07e-01  5.14e-02  3.34e+04  1.37e+03 -1.00e+05
2015 09 11  2035   57276  74100   1.38e+01  1.68e-01  1.42e-01  1.03e-01  9.45e-02  3.72e-02  3.69e+04  1.77e+03 -1.00e+05
2015 09 11  2040   57276  74400   1.35e+01  1.50e-01  1.24e-01  8.40e-02  4.53e-02  1.86e-02  4.04e+04  1.74e+03 -1.00e+05
2015 09 11  2045   57276  74700   2.58e+01  2.09e-01  8.63e-02  4.46e-02  3.64e-02  1.86e-02  3.42e+04  1.66e+03 -1.00e+05
2015 09 11  2050   57276  75000   3.24e+01  3.01e-01  9.07e-02  4.94e-02  4.12e-02  2.01e-02  3.58e+04  1.53e+03 -1.00e+05
2015 09 11  2055   57276  75300   1.65e+01  1.43e-01  1.09e-01  6.78e-02  4.18e-02  1.88e-02  3.48e+04  1.48e+03 -1.00e+05
2015 09 11  2100   57276  75600   1.40e+01  1.73e-01  1.47e-01  9.15e-02  6.04e-02  2.41e-02  3.32e+04  1.48e+03 -1.00e+05
2015 09 11  2105   57276  75900   2.45e+01  4.58e-01  2.43e-01  5.45e-02  3.86e-02  1.86e-02  3.47e+04  1.47e+03 -1.00e+05
2015 09 11  2110   57276  76200   1.15e+01  1.42e-01  1.16e-01  7.70e-02  6.88e-02  5.10e-02  3.21e+04  1.32e+03 -1.00e+05
2015 09 11  2115   57276  76500   1.16e+01  1.10e-01  8.40e-02  4.48e-02  3.66e-02  1.88e-02  3.06e+04  1.42e+03 -1.00e+05
2015 09 11  2120   57276  76800   1.80e+01  2.61e-01  1.43e-01  7.18e-02  5.60e-02  2.43e-02  3.43e+04  1.48e+03 -1.00e+05
2015 09 11  2125   57276  77100   1.24e+01  1.20e-01  9.39e-02  5.45e-02  3.86e-02  1.86e-02  3.48e+04  1.45e+03 -1.00e+05
2015 09 11  2130   57276  77400   1.43e+01  1.73e-01  1.39e-01  5.45e-02  3.86e-02  1.86e-02  3.21e+04  1.50e+03 -1.00e+05
2015 09 11  2135   57276  77700   1.54e+01  1.80e-01  1.25e-01  8.15e-02  7.28e-02  3.00e-02  3.36e+04  1.54e+03 -1.00e+05
2015 09 11  2140   57276  78000   1.62e+01  2.42e-01  1.66e-01  8.87e-02  8.00e-02  5.81e-02  3.45e+04  1.46e+03 -1.00e+05
2015 09 11  2145   57276  78300   1.22e+01  2.47e-01  2.21e-01  5.92e-02  4.62e-02  2.66e-02  3.45e+04  1.54e+03 -1.00e+05
2015 09 11  2150   57276  78600   1.24e+01  1.62e-01  1.27e-01  8.60e-02  4.58e-02  1.83e-02  4.07e+04  1.63e+03 -1.00e+05
2015 09 11  2155   57276  78900   1.18e+01  1.10e-01  8.41e-02  4.53e-02  3.66e-02  1.83e-02  4.24e+04  1.70e+03 -1.00e+05
2015 09 11  2200   57276  79200   1.01e+01  1.51e-01  1.25e-01  8.58e-02  7.71e-02  5.88e-02  4.27e+04  1.64e+03 -1.00e+05
2015 09 11  2205   57276  79500   2.60e+01  2.77e-01  8.63e-02  4.53e-02  3.66e-02  1.83e-02  4.51e+04  1.83e+03 -1.00e+05
2015 09 11  2210   57276  79800   2.45e+01  3.40e-01  1.29e-01  8.83e-02  7.96e-02  6.13e-02  4.51e+04  1.87e+03 -1.00e+05
2015 09 11  2215   57276  80100   9.07e+00  1.20e-01  8.56e-02  4.53e-02  3.66e-02  1.83e-02  4.56e+04  1.71e+03 -1.00e+05
2015 09 11  2220   57276  80400   9.99e+00  1.28e-01  1.02e-01  6.28e-02  5.08e-02  3.16e-02  4.13e+04  1.66e+03 -1.00e+05
2015 09 11  2225   57276  80700   1.04e+01  1.40e-01  1.14e-01  7.52e-02  6.65e-02  2.79e-02  4.10e+04  1.70e+03 -1.00e+05
2015 09 11  2230   57276  81000   8.21e+00  1.26e-01  9.98e-02  6.11e-02  5.23e-02  3.41e-02  4.36e+04  1.60e+03 -1.00e+05
2015 09 11  2235   57276  81300   1.36e+01  3.66e-01  2.37e-01  6.30e-02  5.43e-02  3.60e-02  4.06e+04  1.52e+03 -1.00e+05
2015 09 11  2240   57276  81600   7.24e+00  1.72e-01  1.46e-01  1.07e-01  9.80e-02  3.87e-02  3.82e+04  1.48e+03 -1.00e+05
2015 09 11  2245   57276  81900   1.67e+01  6.12e-01  2.33e-01  6.63e-02  4.13e-02  1.83e-02  3.86e+04  1.49e+03 -1.00e+05
2015 09 11  2250   57276  82200   5.99e+00  1.28e-01  1.02e-01  6.30e-02  5.43e-02  3.60e-02  3.74e+04  1.37e+03 -1.00e+05
2015 09 11  2255   57276  82500   7.66e+00  3.79e-01  2.49e-01  7.34e-02  6.47e-02  4.65e-02  3.47e+04  1.15e+03 -1.00e+05
2015 09 11  2300   57276  82800   7.53e+00  2.71e-01  1.01e-01  5.97e-02  3.99e-02  1.83e-02  3.45e+04  1.05e+03 -1.00e+05
2015 09 11  2305   57276  83100   3.50e+00  1.21e-01  9.52e-02  5.64e-02  4.77e-02  2.19e-02  2.79e+04  8.64e+02 -1.00e+05
2015 09 11  2310   57276  83400   4.43e+00  2.67e-01  2.41e-01  8.58e-02  7.71e-02  5.88e-02  3.15e+04  9.63e+02 -1.00e+05
2015 09 11  2315   57276  83700   5.81e+00  1.58e-01  1.32e-01  4.66e-02  3.69e-02  1.83e-02  3.04e+04  8.70e+02 -1.00e+05
2015 09 11  2320   57276  84000   5.61e+00  1.99e-01  1.73e-01  1.34e-01  1.14e-01  4.20e-02  2.68e+04  7.26e+02 -1.00e+05
2015 09 11  2325   57276  84300   6.60e+00  1.26e-01  9.98e-02  6.11e-02  5.23e-02  3.41e-02  2.64e+04  6.76e+02 -1.00e+05
2015 09 11  2330   57276  84600   5.19e+00  1.55e-01  1.29e-01  8.96e-02  6.54e-02  2.84e-02  3.11e+04  7.37e+02 -1.00e+05
2015 09 11  2335   57276  84900   5.54e+00  1.23e-01  9.74e-02  5.86e-02  4.99e-02  3.16e-02  2.83e+04  7.03e+02 -1.00e+05
2015 09 11  2340   57276  85200   5.13e+00  2.23e-01  1.97e-01  1.02e-01  8.23e-02  3.20e-02  2.73e+04  6.59e+02 -1.00e+05
2015 09 11  2345   57276  85500   7.54e+00  2.12e-01  1.15e-01  7.29e-02  4.28e-02  1.83e-02  2.48e+04  5.82e+02 -1.00e+05
2015 09 11  2350   57276  85800   4.03e+00  1.52e-01  1.26e-01  8.69e-02  7.82e-02  5.99e-02  2.47e+04  5.24e+02 -1.00e+05
2015 09 11  2355   57276  86100   3.29e+00  1.41e-01  1.15e-01  7.59e-02  6.72e-02  4.89e-02  1.72e+04  3.26e+02 -1.00e+05
