:Data_list: 20151117_Gp_part_5m.txt
:Created: 2015 Nov 18 0011 UTC
# Prepared by the U.S. Dept. of Commerce, NOAA, Space Weather Prediction Center
# Please send comments and suggestions to SWPC.Webmaster@noaa.gov 
# 
# Label: P > 1 = Particles at >1 Mev
# Label: P > 5 = Particles at >5 Mev
# Label: P >10 = Particles at >10 Mev
# Label: P >30 = Particles at >30 Mev
# Label: P >50 = Particles at >50 Mev
# Label: P>100 = Particles at >100 Mev
# Label: E>0.8 = Electrons at >0.8 Mev
# Label: E>2.0 = Electrons at >2.0 Mev
# Label: E>4.0 = Electrons at >4.0 Mev
# Units: Particles = Protons/cm2-s-sr
# Units: Electrons = Electrons/cm2-s-sr
# Source: GOES-13
# Location: W075
# Missing data: -1.00e+05
#
#                      5-minute  GOES-13 Solar Particle and Electron Flux
#
#                 Modified Seconds
# UTC Date  Time   Julian  of the
# YR MO DA  HHMM    Day     Day     P > 1     P > 5     P >10     P >30     P >50     P>100     E>0.8     E>2.0     E>4.0
#-------------------------------------------------------------------------------------------------------------------------
2015 11 17  0000   57343      0   1.91e+00  1.33e-01  9.41e-02  5.61e-02  4.63e-02  2.70e-02  5.50e+03  7.53e+01 -1.00e+05
2015 11 17  0005   57343    300   2.66e+00  1.85e-01  8.75e-02  4.99e-02  4.01e-02  2.08e-02  5.46e+03  7.10e+01 -1.00e+05
2015 11 17  0010   57343    600   1.74e+00  2.05e-01  1.79e-01  9.03e-02  8.05e-02  3.37e-02  5.11e+03  6.92e+01 -1.00e+05
2015 11 17  0015   57343    900   1.73e+00  1.11e-01  8.55e-02  4.99e-02  4.01e-02  2.08e-02  5.09e+03  6.59e+01 -1.00e+05
2015 11 17  0020   57343   1200   3.10e+00  3.25e-01  2.18e-01  1.80e-01  1.60e-01  7.26e-02  4.97e+03  5.20e+01 -1.00e+05
2015 11 17  0025   57343   1500   1.98e+00  1.11e-01  8.55e-02  4.99e-02  4.01e-02  2.08e-02  4.84e+03  5.60e+01 -1.00e+05
2015 11 17  0030   57343   1800   1.83e+00  1.98e-01  1.72e-01  1.37e-01  1.25e-01  4.78e-02  4.64e+03  5.15e+01 -1.00e+05
2015 11 17  0035   57343   2100   2.91e+00  2.12e-01  8.98e-02  5.22e-02  4.06e-02  2.08e-02  4.50e+03  5.32e+01 -1.00e+05
2015 11 17  0040   57343   2400   2.53e+00  1.99e-01  1.14e-01  6.64e-02  4.37e-02  2.07e-02  4.53e+03  5.41e+01 -1.00e+05
2015 11 17  0045   57343   2700   1.59e+00  1.12e-01  8.66e-02  4.97e-02  4.00e-02  2.07e-02  4.49e+03  5.44e+01 -1.00e+05
2015 11 17  0050   57343   3000   1.51e+00  1.13e-01  8.72e-02  5.03e-02  4.06e-02  2.13e-02  4.45e+03  4.98e+01 -1.00e+05
2015 11 17  0055   57343   3300   1.62e+00  1.36e-01  1.11e-01  7.29e-02  4.52e-02  2.07e-02  4.39e+03  4.77e+01 -1.00e+05
2015 11 17  0100   57343   3600   1.55e+00  1.12e-01  8.66e-02  4.97e-02  4.00e-02  2.07e-02  4.39e+03  4.91e+01 -1.00e+05
2015 11 17  0105   57343   3900   2.24e+00  1.85e-01  8.87e-02  4.97e-02  4.00e-02  2.07e-02  4.45e+03  4.83e+01 -1.00e+05
2015 11 17  0110   57343   4200   1.73e+00  2.11e-01  1.79e-01  9.35e-02  8.38e-02  6.45e-02  4.45e+03  4.84e+01 -1.00e+05
2015 11 17  0115   57343   4500   2.40e+00  1.85e-01  8.87e-02  4.97e-02  4.00e-02  2.07e-02  4.45e+03  5.02e+01 -1.00e+05
2015 11 17  0120   57343   4800   1.60e+00  1.87e-01  1.61e-01  9.65e-02  8.68e-02  3.57e-02  4.34e+03  4.64e+01 -1.00e+05
2015 11 17  0125   57343   5100   3.70e+00  3.01e-01  9.19e-02  5.33e-02  4.08e-02  2.07e-02  4.37e+03  4.55e+01 -1.00e+05
2015 11 17  0130   57343   5400   2.03e+00  1.78e-01  1.44e-01  1.04e-01  7.19e-02  4.60e-02  4.46e+03  4.06e+01 -1.00e+05
2015 11 17  0135   57343   5700   2.43e+00  1.91e-01  1.08e-01  6.02e-02  5.05e-02  3.12e-02  4.33e+03  3.86e+01 -1.00e+05
2015 11 17  0140   57343   6000   1.92e+00  1.12e-01  8.66e-02  4.97e-02  4.00e-02  2.07e-02  4.09e+03  4.28e+01 -1.00e+05
2015 11 17  0145   57343   6300   2.85e+00  3.27e-01  1.71e-01  6.28e-02  4.52e-02  2.16e-02  3.93e+03  3.75e+01 -1.00e+05
2015 11 17  0150   57343   6600   4.07e+00  5.32e-01  1.88e-01  9.49e-02  8.52e-02  6.58e-02  3.82e+03  3.54e+01 -1.00e+05
2015 11 17  0155   57343   6900   3.69e+00  3.94e-01  1.73e-01  1.34e-01  1.24e-01  4.78e-02  3.57e+03  3.34e+01 -1.00e+05
2015 11 17  0200   57343   7200   2.72e+00  2.89e-01  1.63e-01  4.97e-02  4.00e-02  2.07e-02  3.54e+03  3.45e+01 -1.00e+05
2015 11 17  0205   57343   7500   4.69e+00  5.83e-01  1.71e-01  6.81e-02  5.84e-02  3.71e-02  3.43e+03  3.30e+01 -1.00e+05
2015 11 17  0210   57343   7800   3.39e+00  2.71e-01  1.22e-01  8.28e-02  7.03e-02  2.18e-02  3.34e+03  3.07e+01 -1.00e+05
2015 11 17  0215   57343   8100   3.26e+00  3.23e-01  1.63e-01  4.97e-02  4.00e-02  2.07e-02  3.17e+03  2.88e+01 -1.00e+05
2015 11 17  0220   57343   8400   4.75e+00  3.68e-01  1.35e-01  9.65e-02  8.68e-02  3.57e-02  3.09e+03  3.06e+01 -1.00e+05
2015 11 17  0225   57343   8700   4.21e+00  2.66e-01  1.21e-01  8.25e-02  7.28e-02  5.35e-02  2.97e+03  3.01e+01 -1.00e+05
2015 11 17  0230   57343   9000   4.60e+00  3.14e-01  1.26e-01  8.75e-02  7.77e-02  5.84e-02  2.75e+03  2.80e+01 -1.00e+05
2015 11 17  0235   57343   9300   5.72e+00  2.96e-01  1.12e-01  7.35e-02  6.37e-02  3.54e-02  2.73e+03  2.36e+01 -1.00e+05
2015 11 17  0240   57343   9600   5.87e+00  4.67e-01  2.50e-01  2.11e-01  1.82e-01  9.35e-02  2.74e+03  2.28e+01 -1.00e+05
2015 11 17  0245   57343   9900   2.77e+00  1.62e-01  1.36e-01  7.26e-02  6.29e-02  4.36e-02  2.74e+03  2.45e+01 -1.00e+05
2015 11 17  0250   57343  10200   7.04e+00  4.12e-01  1.28e-01  8.90e-02  5.11e-02  2.16e-02  2.79e+03  3.14e+01 -1.00e+05
2015 11 17  0255   57343  10500   4.94e+00  4.36e-01  2.18e-01  5.89e-02  4.92e-02  2.36e-02  2.38e+03  3.00e+01 -1.00e+05
2015 11 17  0300   57343  10800   6.14e+00  3.30e-01  1.23e-01  8.40e-02  7.42e-02  5.39e-02  2.27e+03  2.60e+01 -1.00e+05
2015 11 17  0305   57343  11100   4.37e+00  1.85e-01  8.87e-02  4.97e-02  4.00e-02  2.07e-02  2.57e+03  3.28e+01 -1.00e+05
2015 11 17  0310   57343  11400   6.26e+00  3.40e-01  9.18e-02  5.33e-02  4.08e-02  2.07e-02  2.98e+03  3.22e+01 -1.00e+05
2015 11 17  0315   57343  11700   7.33e+00  7.61e-01  1.94e-01  7.01e-02  6.04e-02  4.11e-02  3.08e+03  3.61e+01 -1.00e+05
2015 11 17  0320   57343  12000   5.93e+00  2.97e-01  1.30e-01  9.06e-02  6.12e-02  3.61e-02  4.09e+03  4.26e+01 -1.00e+05
2015 11 17  0325   57343  12300   7.09e+00  9.22e-01  2.50e-01  4.97e-02  4.00e-02  2.07e-02  4.86e+03  5.40e+01 -1.00e+05
2015 11 17  0330   57343  12600   6.27e+00  3.22e-01  1.34e-01  9.54e-02  8.14e-02  6.09e-02  5.87e+03  6.71e+01 -1.00e+05
2015 11 17  0335   57343  12900   6.61e+00  4.69e-01  1.67e-01  5.33e-02  4.08e-02  2.07e-02  5.57e+03  6.34e+01 -1.00e+05
2015 11 17  0340   57343  13200   6.80e+00  3.45e-01  1.47e-01  1.08e-01  9.84e-02  5.83e-02  5.51e+03  5.62e+01 -1.00e+05
2015 11 17  0345   57343  13500   7.14e+00  3.77e-01  1.11e-01  7.26e-02  6.29e-02  4.36e-02  4.74e+03  4.87e+01 -1.00e+05
2015 11 17  0350   57343  13800   7.00e+00  3.77e-01  1.48e-01  1.09e-01  9.94e-02  3.97e-02  4.54e+03  4.11e+01 -1.00e+05
2015 11 17  0355   57343  14100   6.40e+00  3.00e-01  1.34e-01  9.49e-02  8.52e-02  6.58e-02  4.72e+03  4.46e+01 -1.00e+05
2015 11 17  0400   57343  14400   6.35e+00  3.69e-01  1.84e-01  1.45e-01  1.17e-01  4.38e-02  5.31e+03  5.09e+01 -1.00e+05
2015 11 17  0405   57343  14700   6.46e+00  3.25e-01  1.16e-01  7.75e-02  6.78e-02  4.85e-02  4.96e+03  4.79e+01 -1.00e+05
2015 11 17  0410   57343  15000   7.50e+00  6.13e-01  1.80e-01  8.17e-02  7.07e-02  5.10e-02  5.26e+03  4.83e+01 -1.00e+05
2015 11 17  0415   57343  15300   3.31e+00  1.99e-01  1.73e-01  1.34e-01  1.24e-01  4.78e-02  5.47e+03  4.97e+01 -1.00e+05
2015 11 17  0420   57343  15600   6.30e+00  3.45e-01  1.25e-01  8.60e-02  7.63e-02  3.95e-02  5.55e+03  5.08e+01 -1.00e+05
2015 11 17  0425   57343  15900   6.34e+00  2.87e-01  1.01e-01  6.25e-02  5.00e-02  2.36e-02  5.72e+03  5.49e+01 -1.00e+05
2015 11 17  0430   57343  16200   6.74e+00  4.69e-01  1.49e-01  5.28e-02  4.31e-02  2.37e-02  5.92e+03  5.37e+01 -1.00e+05
2015 11 17  0435   57343  16500   6.41e+00  3.38e-01  1.75e-01  1.37e-01  1.27e-01  5.74e-02  5.74e+03  4.74e+01 -1.00e+05
2015 11 17  0440   57343  16800   4.86e+00  2.42e-01  1.42e-01  1.03e-01  9.31e-02  3.77e-02  5.77e+03  4.95e+01 -1.00e+05
2015 11 17  0445   57343  17100   6.66e+00  3.08e-01  9.87e-02  5.98e-02  4.23e-02  2.07e-02  5.81e+03  4.64e+01 -1.00e+05
2015 11 17  0450   57343  17400   5.50e+00  2.10e-01  8.86e-02  4.97e-02  4.00e-02  2.07e-02  5.76e+03  5.06e+01 -1.00e+05
2015 11 17  0455   57343  17700   4.99e+00  2.45e-01  1.49e-01  1.08e-01  6.61e-02  4.11e-02  5.50e+03  4.53e+01 -1.00e+05
2015 11 17  0500   57343  18000   4.35e+00  2.49e-01  1.65e-01  5.77e-02  4.80e-02  2.87e-02  5.50e+03  4.15e+01 -1.00e+05
2015 11 17  0505   57343  18300   3.10e+00  1.61e-01  1.25e-01  8.51e-02  4.57e-02  2.07e-02  5.49e+03  4.15e+01 -1.00e+05
2015 11 17  0510   57343  18600   3.26e+00  1.61e-01  1.26e-01  6.02e-02  5.05e-02  3.12e-02  5.46e+03  4.31e+01 -1.00e+05
2015 11 17  0515   57343  18900   2.57e+00  1.49e-01  1.23e-01  8.63e-02  7.66e-02  2.24e-02  5.24e+03  4.32e+01 -1.00e+05
2015 11 17  0520   57343  19200   4.66e+00  2.30e-01  1.09e-01  7.01e-02  6.04e-02  4.11e-02  5.23e+03  4.15e+01 -1.00e+05
2015 11 17  0525   57343  19500   2.63e+00  1.91e-01  1.65e-01  6.64e-02  4.37e-02  2.07e-02  5.20e+03  4.14e+01 -1.00e+05
2015 11 17  0530   57343  19800   4.40e+00  3.08e-01  1.89e-01  8.95e-02  7.97e-02  6.04e-02  5.12e+03  3.90e+01 -1.00e+05
2015 11 17  0535   57343  20100   3.62e+00  2.22e-01  1.37e-01  8.79e-02  4.57e-02  2.07e-02  4.98e+03  3.81e+01 -1.00e+05
2015 11 17  0540   57343  20400   2.67e+00  1.84e-01  1.58e-01  7.26e-02  6.29e-02  4.36e-02  4.96e+03  3.75e+01 -1.00e+05
2015 11 17  0545   57343  20700   2.50e+00  1.36e-01  1.10e-01  7.35e-02  6.37e-02  3.54e-02  4.95e+03  3.75e+01 -1.00e+05
2015 11 17  0550   57343  21000   3.25e+00  2.09e-01  1.25e-01  4.97e-02  4.00e-02  2.07e-02  4.95e+03  3.65e+01 -1.00e+05
2015 11 17  0555   57343  21300   2.42e+00  2.29e-01  1.94e-01  1.16e-01  1.07e-01  4.59e-02  4.99e+03  3.79e+01 -1.00e+05
2015 11 17  0600   57343  21600   4.36e+00  3.94e-01  1.77e-01  6.76e-02  5.79e-02  3.86e-02  5.01e+03  4.11e+01 -1.00e+05
2015 11 17  0605   57343  21900   4.84e+00  4.62e-01  1.91e-01  9.03e-02  8.06e-02  3.37e-02  5.00e+03  3.64e+01 -1.00e+05
2015 11 17  0610   57343  22200   2.50e+00  1.88e-01  1.62e-01  7.64e-02  6.37e-02  4.36e-02  5.10e+03  3.39e+01 -1.00e+05
2015 11 17  0615   57343  22500   4.28e+00  2.34e-01  8.86e-02  4.97e-02  4.00e-02  2.07e-02  5.15e+03  4.33e+01 -1.00e+05
2015 11 17  0620   57343  22800   5.40e+00  3.49e-01  1.01e-01  6.27e-02  5.30e-02  3.36e-02  5.20e+03  3.69e+01 -1.00e+05
2015 11 17  0625   57343  23100   3.47e+00  1.98e-01  1.15e-01  6.76e-02  5.79e-02  3.86e-02  5.07e+03  3.62e+01 -1.00e+05
2015 11 17  0630   57343  23400   4.09e+00  2.48e-01  1.26e-01  8.60e-02  4.82e-02  2.07e-02  4.95e+03  3.48e+01 -1.00e+05
2015 11 17  0635   57343  23700   2.41e+00  1.70e-01  1.44e-01  1.07e-01  8.91e-02  3.57e-02  4.95e+03  3.70e+01 -1.00e+05
2015 11 17  0640   57343  24000   5.42e+00  3.39e-01  1.31e-01  9.24e-02  8.27e-02  6.34e-02  4.95e+03  3.30e+01 -1.00e+05
2015 11 17  0645   57343  24300   2.29e+00  1.78e-01  1.52e-01  5.53e-02  4.55e-02  2.62e-02  4.94e+03  3.53e+01 -1.00e+05
2015 11 17  0650   57343  24600   4.20e+00  2.80e-01  1.17e-01  7.83e-02  6.85e-02  4.21e-02  4.95e+03  3.25e+01 -1.00e+05
2015 11 17  0655   57343  24900   4.78e+00  5.52e-01  2.17e-01  7.01e-02  6.04e-02  4.11e-02  4.95e+03  3.64e+01 -1.00e+05
2015 11 17  0700   57343  25200   2.44e+00  1.25e-01  9.63e-02  5.89e-02  4.92e-02  2.36e-02  4.98e+03  3.68e+01 -1.00e+05
2015 11 17  0705   57343  25500   2.19e+00  1.15e-01  8.95e-02  5.27e-02  4.29e-02  2.16e-02  5.09e+03  3.90e+01 -1.00e+05
2015 11 17  0710   57343  25800   2.20e+00  2.41e-01  2.16e-01  1.45e-01  1.12e-01  4.18e-02  5.20e+03  3.67e+01 -1.00e+05
2015 11 17  0715   57343  26100   3.13e+00  2.92e-01  1.67e-01  5.53e-02  4.55e-02  2.62e-02  5.24e+03  3.72e+01 -1.00e+05
2015 11 17  0720   57343  26400   1.89e+00  1.30e-01  1.04e-01  6.64e-02  4.37e-02  2.07e-02  5.30e+03  3.98e+01 -1.00e+05
2015 11 17  0725   57343  26700   3.74e+00  2.66e-01  1.52e-01  1.12e-01  8.36e-02  4.68e-02  5.42e+03  3.79e+01 -1.00e+05
2015 11 17  0730   57343  27000   2.21e+00  1.57e-01  1.31e-01  9.35e-02  6.86e-02  3.73e-02  5.38e+03  4.06e+01 -1.00e+05
2015 11 17  0735   57343  27300   2.75e+00  4.30e-01  3.48e-01  9.01e-02  4.96e-02  2.16e-02  5.37e+03  3.85e+01 -1.00e+05
2015 11 17  0740   57343  27600   2.43e+00  1.62e-01  1.29e-01  9.01e-02  7.45e-02  5.35e-02  5.65e+03  4.02e+01 -1.00e+05
2015 11 17  0745   57343  27900   5.07e+00  4.01e-01  1.29e-01  9.03e-02  8.06e-02  3.37e-02  5.83e+03  4.37e+01 -1.00e+05
2015 11 17  0750   57343  28200   1.99e+00  1.78e-01  1.52e-01  5.53e-02  4.55e-02  2.62e-02  5.89e+03  5.10e+01 -1.00e+05
2015 11 17  0755   57343  28500   3.42e+00  3.38e-01  1.54e-01  6.02e-02  5.05e-02  3.12e-02  6.35e+03  5.30e+01 -1.00e+05
2015 11 17  0800   57343  28800   2.88e+00  1.92e-01  1.08e-01  5.98e-02  4.23e-02  2.07e-02  6.51e+03  4.91e+01 -1.00e+05
2015 11 17  0805   57343  29100   4.62e+00  4.64e-01  1.71e-01  6.69e-02  5.72e-02  3.79e-02  6.57e+03  5.23e+01 -1.00e+05
2015 11 17  0810   57343  29400   2.97e+00  2.43e-01  1.59e-01  4.97e-02  4.00e-02  2.07e-02  7.00e+03  5.84e+01 -1.00e+05
2015 11 17  0815   57343  29700   2.25e+00  1.24e-01  8.84e-02  4.97e-02  4.00e-02  2.07e-02  7.15e+03  6.42e+01 -1.00e+05
2015 11 17  0820   57343  30000   3.26e+00  2.14e-01  1.19e-01  8.00e-02  7.03e-02  5.10e-02  7.13e+03  5.93e+01 -1.00e+05
2015 11 17  0825   57343  30300   4.08e+00  2.78e-01  1.11e-01  7.26e-02  6.29e-02  4.36e-02  7.16e+03  5.90e+01 -1.00e+05
2015 11 17  0830   57343  30600   3.62e+00  2.10e-01  8.86e-02  4.97e-02  4.00e-02  2.07e-02  7.20e+03  5.93e+01 -1.00e+05
2015 11 17  0835   57343  30900   3.25e+00  3.01e-01  1.76e-01  1.22e-01  1.12e-01  4.38e-02  7.31e+03  5.86e+01 -1.00e+05
2015 11 17  0840   57343  31200   3.92e+00  4.15e-01  1.67e-01  5.33e-02  4.08e-02  2.07e-02  7.24e+03  6.49e+01 -1.00e+05
2015 11 17  0845   57343  31500   3.79e+00  2.66e-01  1.21e-01  8.25e-02  7.28e-02  5.35e-02  7.37e+03  6.13e+01 -1.00e+05
2015 11 17  0850   57343  31800   3.10e+00  2.43e-01  1.57e-01  1.09e-01  9.95e-02  4.02e-02  7.30e+03  6.16e+01 -1.00e+05
2015 11 17  0855   57343  32100   4.42e+00  3.66e-01  1.45e-01  4.97e-02  4.00e-02  2.07e-02  6.80e+03  6.00e+01 -1.00e+05
2015 11 17  0900   57343  32400   5.44e+00  3.34e-01  1.26e-01  8.75e-02  7.77e-02  5.84e-02  6.89e+03  5.66e+01 -1.00e+05
2015 11 17  0905   57343  32700   5.31e+00  2.50e-01  1.06e-01  6.69e-02  5.72e-02  3.79e-02  6.23e+03  5.55e+01 -1.00e+05
2015 11 17  0910   57343  33000   6.64e+00  3.39e-01  1.11e-01  7.26e-02  6.29e-02  4.36e-02  6.26e+03  5.16e+01 -1.00e+05
2015 11 17  0915   57343  33300   5.95e+00  4.07e-01  1.65e-01  8.84e-02  7.86e-02  4.86e-02  6.53e+03  5.98e+01 -1.00e+05
2015 11 17  0920   57343  33600   2.92e+00  1.42e-01  1.08e-01  6.93e-02  4.67e-02  2.16e-02  6.46e+03  5.51e+01 -1.00e+05
2015 11 17  0925   57343  33900   3.86e+00  2.85e-01  2.24e-01  1.80e-01  1.58e-01  7.46e-02  6.51e+03  5.06e+01 -1.00e+05
2015 11 17  0930   57343  34200   5.05e+00  3.60e-01  1.90e-01  4.97e-02  4.00e-02  2.07e-02  7.09e+03  6.18e+01 -1.00e+05
2015 11 17  0935   57343  34500   5.72e+00  3.13e-01  1.91e-01  1.35e-01  1.02e-01  6.91e-02  7.52e+03  5.25e+01 -1.00e+05
2015 11 17  0940   57343  34800   7.92e+00  2.99e-01  1.11e-01  7.26e-02  6.29e-02  4.36e-02  7.69e+03  5.91e+01 -1.00e+05
2015 11 17  0945   57343  35100   6.78e+00  3.47e-01  1.61e-01  5.27e-02  4.29e-02  2.16e-02  8.14e+03  5.93e+01 -1.00e+05
2015 11 17  0950   57343  35400   7.48e+00  2.61e-01  9.40e-02  5.53e-02  4.55e-02  2.62e-02  8.58e+03  6.17e+01 -1.00e+05
2015 11 17  0955   57343  35700   8.48e+00  6.15e-01  2.45e-01  9.98e-02  9.01e-02  7.08e-02  9.47e+03  6.64e+01 -1.00e+05
2015 11 17  1000   57343  36000   6.02e+00  2.89e-01  1.43e-01  4.97e-02  4.00e-02  2.07e-02  1.02e+04  7.40e+01 -1.00e+05
2015 11 17  1005   57343  36300   5.45e+00  1.82e-01  9.71e-02  4.97e-02  4.00e-02  2.07e-02  1.08e+04  7.27e+01 -1.00e+05
2015 11 17  1010   57343  36600   6.76e+00  2.68e-01  1.24e-01  8.50e-02  7.53e-02  5.59e-02  1.15e+04  7.16e+01 -1.00e+05
2015 11 17  1015   57343  36900   7.64e+00  4.79e-01  1.65e-01  7.28e-02  6.31e-02  4.38e-02  1.24e+04  8.45e+01 -1.00e+05
2015 11 17  1020   57343  37200   8.41e+00  6.92e-01  2.66e-01  5.03e-02  4.06e-02  2.13e-02  1.30e+04  8.52e+01 -1.00e+05
2015 11 17  1025   57343  37500   3.73e+00  1.76e-01  1.50e-01  5.28e-02  4.31e-02  2.37e-02  1.30e+04  8.33e+01 -1.00e+05
2015 11 17  1030   57343  37800   6.72e+00  3.44e-01  1.61e-01  6.76e-02  5.79e-02  3.86e-02  1.34e+04  8.70e+01 -1.00e+05
2015 11 17  1035   57343  38100   3.59e+00  1.42e-01  1.17e-01  5.28e-02  4.30e-02  2.21e-02  1.38e+04  8.92e+01 -1.00e+05
2015 11 17  1040   57343  38400   5.36e+00  2.05e-01  1.09e-01  7.01e-02  6.04e-02  4.11e-02  1.42e+04  9.09e+01 -1.00e+05
2015 11 17  1045   57343  38700   8.57e+00  3.63e-01  9.61e-02  5.77e-02  4.80e-02  2.87e-02  1.43e+04  9.73e+01 -1.00e+05
2015 11 17  1050   57343  39000   6.42e+00  2.21e-01  9.91e-02  5.98e-02  4.23e-02  2.07e-02  1.45e+04  1.00e+02 -1.00e+05
2015 11 17  1055   57343  39300   6.62e+00  5.51e-01  2.58e-01  4.97e-02  4.00e-02  2.07e-02  1.50e+04  1.09e+02 -1.00e+05
2015 11 17  1100   57343  39600   8.33e+00  3.61e-01  1.13e-01  7.46e-02  6.14e-02  4.11e-02  1.50e+04  1.03e+02 -1.00e+05
2015 11 17  1105   57343  39900   3.26e+00  1.16e-01  9.02e-02  5.33e-02  4.08e-02  2.07e-02  1.50e+04  1.14e+02 -1.00e+05
2015 11 17  1110   57343  40200   3.62e+00  1.79e-01  1.53e-01  1.16e-01  1.06e-01  6.58e-02  1.50e+04  1.06e+02 -1.00e+05
2015 11 17  1115   57343  40500   6.77e+00  4.13e-01  1.71e-01  4.97e-02  4.00e-02  2.07e-02  1.56e+04  1.17e+02 -1.00e+05
2015 11 17  1120   57343  40800   3.66e+00  1.62e-01  1.26e-01  8.60e-02  4.82e-02  2.07e-02  1.57e+04  1.19e+02 -1.00e+05
2015 11 17  1125   57343  41100   9.14e+00  3.91e-01  8.79e-02  4.97e-02  4.00e-02  2.07e-02  1.63e+04  1.28e+02 -1.00e+05
2015 11 17  1130   57343  41400   5.03e+00  1.82e-01  9.97e-02  5.27e-02  4.29e-02  2.16e-02  1.70e+04  1.33e+02 -1.00e+05
2015 11 17  1135   57343  41700   1.02e+01  9.62e-01  2.02e-01  4.97e-02  4.00e-02  2.07e-02  1.70e+04  1.27e+02 -1.00e+05
2015 11 17  1140   57343  42000   4.68e+00  3.56e-01  2.72e-01  8.60e-02  4.82e-02  2.07e-02  1.70e+04  1.36e+02 -1.00e+05
2015 11 17  1145   57343  42300   7.33e+00  5.05e-01  2.22e-01  1.00e-01  8.06e-02  5.84e-02  1.78e+04  1.35e+02 -1.00e+05
2015 11 17  1150   57343  42600   6.98e+00  2.97e-01  1.31e-01  9.24e-02  8.27e-02  6.34e-02  1.78e+04  1.39e+02 -1.00e+05
2015 11 17  1155   57343  42900   6.91e+00  2.98e-01  1.34e-01  9.40e-02  6.35e-02  3.34e-02  1.78e+04  1.40e+02 -1.00e+05
2015 11 17  1200   57343  43200   3.61e+00  2.32e-01  2.06e-01  1.04e-01  8.88e-02  5.98e-02  1.84e+04  1.46e+02 -1.00e+05
2015 11 17  1205   57343  43500   4.66e+00  1.82e-01  9.71e-02  4.97e-02  4.00e-02  2.07e-02  1.85e+04  1.54e+02 -1.00e+05
2015 11 17  1210   57343  43800   6.16e+00  4.58e-01  1.84e-01  7.22e-02  5.13e-02  2.87e-02  1.87e+04  1.59e+02 -1.00e+05
2015 11 17  1215   57343  44100   5.22e+00  2.34e-01  8.86e-02  4.97e-02  4.00e-02  2.07e-02  1.88e+04  1.64e+02 -1.00e+05
2015 11 17  1220   57343  44400   4.29e+00  4.92e-01  3.32e-01  8.51e-02  4.57e-02  2.07e-02  1.86e+04  1.57e+02 -1.00e+05
2015 11 17  1225   57343  44700   4.30e+00  2.10e-01  8.86e-02  4.97e-02  4.00e-02  2.07e-02  1.79e+04  1.63e+02 -1.00e+05
2015 11 17  1230   57343  45000   3.10e+00  1.82e-01  9.71e-02  4.97e-02  4.00e-02  2.07e-02  1.84e+04  1.67e+02 -1.00e+05
2015 11 17  1235   57343  45300   6.50e+00  6.10e-01  1.48e-01  5.28e-02  4.30e-02  2.21e-02  1.84e+04  1.65e+02 -1.00e+05
2015 11 17  1240   57343  45600   2.45e+00  1.34e-01  1.08e-01  7.16e-02  6.19e-02  2.81e-02  1.78e+04  1.67e+02 -1.00e+05
2015 11 17  1245   57343  45900   4.06e+00  2.49e-01  1.29e-01  8.99e-02  8.02e-02  6.09e-02  1.78e+04  1.68e+02 -1.00e+05
2015 11 17  1250   57343  46200   2.39e+00  1.72e-01  1.46e-01  1.09e-01  9.94e-02  3.97e-02  1.79e+04  1.68e+02 -1.00e+05
2015 11 17  1255   57343  46500   2.52e+00  1.98e-01  1.72e-01  1.33e-01  8.55e-02  3.21e-02  1.80e+04  1.75e+02 -1.00e+05
2015 11 17  1300   57343  46800   4.63e+00  5.83e-01  2.57e-01  6.76e-02  5.79e-02  3.86e-02  1.78e+04  1.75e+02 -1.00e+05
2015 11 17  1305   57343  47100   2.26e+00  1.12e-01  8.66e-02  4.97e-02  4.00e-02  2.07e-02  1.79e+04  1.82e+02 -1.00e+05
2015 11 17  1310   57343  47400   2.36e+00  1.30e-01  1.04e-01  6.64e-02  4.37e-02  2.07e-02  1.84e+04  1.81e+02 -1.00e+05
2015 11 17  1315   57343  47700   3.14e+00  2.43e-01  1.59e-01  4.97e-02  4.00e-02  2.07e-02  1.88e+04  1.90e+02 -1.00e+05
2015 11 17  1320   57343  48000   4.09e+00  3.48e-01  1.65e-01  7.26e-02  6.29e-02  4.36e-02  1.88e+04  2.05e+02 -1.00e+05
2015 11 17  1325   57343  48300   2.32e+00  1.75e-01  1.39e-01  9.91e-02  5.11e-02  2.07e-02  1.89e+04  2.03e+02 -1.00e+05
2015 11 17  1330   57343  48600   4.81e+00  3.46e-01  1.43e-01  1.04e-01  8.82e-02  5.61e-02  1.89e+04  2.13e+02 -1.00e+05
2015 11 17  1335   57343  48900   4.41e+00  3.40e-01  2.04e-01  1.64e-01  1.31e-01  4.78e-02  1.97e+04  2.09e+02 -1.00e+05
2015 11 17  1340   57343  49200   3.72e+00  2.61e-01  1.16e-01  7.75e-02  6.78e-02  4.85e-02  1.98e+04  2.04e+02 -1.00e+05
2015 11 17  1345   57343  49500   4.41e+00  4.00e-01  1.79e-01  5.98e-02  4.23e-02  2.07e-02  1.98e+04  2.07e+02 -1.00e+05
2015 11 17  1350   57343  49800   2.65e+00  2.09e-01  1.74e-01  6.02e-02  5.05e-02  3.12e-02  1.98e+04  2.25e+02 -1.00e+05
2015 11 17  1355   57343  50100   4.30e+00  2.10e-01  1.14e-01  7.51e-02  6.53e-02  4.60e-02  1.98e+04  2.18e+02 -1.00e+05
2015 11 17  1400   57343  50400   5.11e+00  2.71e-01  1.04e-01  6.52e-02  5.54e-02  3.61e-02  2.07e+04  2.42e+02 -1.00e+05
2015 11 17  1405   57343  50700   2.71e+00  2.30e-01  2.04e-01  9.76e-02  8.79e-02  3.98e-02  2.08e+04  2.38e+02 -1.00e+05
2015 11 17  1410   57343  51000   4.98e+00  2.78e-01  1.11e-01  7.26e-02  6.29e-02  4.36e-02  2.08e+04  2.66e+02 -1.00e+05
2015 11 17  1415   57343  51300   2.62e+00  1.58e-01  1.23e-01  8.35e-02  5.19e-02  2.62e-02  2.08e+04  2.56e+02 -1.00e+05
2015 11 17  1420   57343  51600   5.58e+00  3.30e-01  1.22e-01  8.24e-02  4.96e-02  2.16e-02  2.07e+04  2.62e+02 -1.00e+05
2015 11 17  1425   57343  51900   2.94e+00  1.43e-01  1.17e-01  8.00e-02  7.03e-02  5.10e-02  2.19e+04  2.98e+02 -1.00e+05
2015 11 17  1430   57343  52200   3.15e+00  1.54e-01  1.19e-01  5.28e-02  4.31e-02  2.37e-02  2.26e+04  3.25e+02 -1.00e+05
2015 11 17  1435   57343  52500   4.24e+00  2.48e-01  1.66e-01  1.19e-01  9.05e-02  6.58e-02  2.27e+04  3.40e+02 -1.00e+05
2015 11 17  1440   57343  52800   3.38e+00  1.23e-01  9.70e-02  5.98e-02  4.23e-02  2.07e-02  2.44e+04  3.93e+02 -1.00e+05
2015 11 17  1445   57343  53100   6.44e+00  2.56e-01  8.85e-02  4.97e-02  4.00e-02  2.07e-02  2.36e+04  3.72e+02 -1.00e+05
2015 11 17  1450   57343  53400   2.85e+00  2.03e-01  1.77e-01  8.76e-02  7.51e-02  3.17e-02  2.20e+04  3.54e+02 -1.00e+05
2015 11 17  1455   57343  53700   4.79e+00  1.85e-01  8.87e-02  4.97e-02  4.00e-02  2.07e-02  2.40e+04  4.34e+02 -1.00e+05
2015 11 17  1500   57343  54000   3.04e+00  1.40e-01  1.14e-01  4.97e-02  4.00e-02  2.07e-02  2.23e+04  3.97e+02 -1.00e+05
2015 11 17  1505   57343  54300   4.36e+00  2.36e-01  1.55e-01  1.07e-01  8.99e-02  6.83e-02  2.11e+04  3.70e+02 -1.00e+05
2015 11 17  1510   57343  54600   5.52e+00  2.34e-01  8.86e-02  4.97e-02  4.00e-02  2.07e-02  2.17e+04  4.24e+02 -1.00e+05
2015 11 17  1515   57343  54900   4.14e+00  1.85e-01  1.11e-01  6.58e-02  5.61e-02  2.79e-02  2.04e+04  3.74e+02 -1.00e+05
2015 11 17  1520   57343  55200   5.87e+00  2.95e-01  1.29e-01  8.99e-02  8.02e-02  6.09e-02  1.90e+04  3.43e+02 -1.00e+05
2015 11 17  1525   57343  55500   3.51e+00  2.24e-01  1.96e-01  1.58e-01  1.20e-01  4.42e-02  1.95e+04  3.54e+02 -1.00e+05
2015 11 17  1530   57343  55800   7.14e+00  5.43e-01  2.18e-01  1.05e-01  5.86e-02  2.87e-02  1.91e+04  3.37e+02 -1.00e+05
2015 11 17  1535   57343  56100   6.57e+00  2.77e-01  8.84e-02  4.97e-02  4.00e-02  2.07e-02  1.98e+04  3.59e+02 -1.00e+05
2015 11 17  1540   57343  56400   7.46e+00  3.08e-01  1.19e-01  7.95e-02  4.67e-02  2.07e-02  1.97e+04  3.51e+02 -1.00e+05
2015 11 17  1545   57343  56700   9.37e+00  4.35e-01  1.16e-01  7.75e-02  6.78e-02  4.85e-02  1.98e+04  3.65e+02 -1.00e+05
2015 11 17  1550   57343  57000   6.69e+00  2.30e-01  1.09e-01  7.01e-02  6.04e-02  4.11e-02  2.07e+04  3.83e+02 -1.00e+05
2015 11 17  1555   57343  57300   6.84e+00  3.88e-01  2.38e-01  1.97e-01  1.23e-01  5.12e-02  2.08e+04  3.85e+02 -1.00e+05
2015 11 17  1600   57343  57600   7.92e+00  2.97e-01  8.83e-02  4.97e-02  4.00e-02  2.07e-02  2.08e+04  3.83e+02 -1.00e+05
2015 11 17  1605   57343  57900   4.14e+00  1.61e-01  1.28e-01  9.04e-02  8.07e-02  6.14e-02  2.08e+04  3.77e+02 -1.00e+05
2015 11 17  1610   57343  58200   6.17e+00  2.73e-01  1.64e-01  1.25e-01  9.58e-02  4.90e-02  2.08e+04  3.67e+02 -1.00e+05
2015 11 17  1615   57343  58500   8.65e+00  4.48e-01  1.77e-01  6.76e-02  5.79e-02  3.86e-02  2.11e+04  3.91e+02 -1.00e+05
2015 11 17  1620   57343  58800   7.15e+00  4.66e-01  2.61e-01  1.64e-01  1.54e-01  7.46e-02  2.20e+04  4.03e+02 -1.00e+05
2015 11 17  1625   57343  59100   3.92e+00  1.44e-01  1.18e-01  8.13e-02  6.88e-02  2.97e-02  2.19e+04  4.16e+02 -1.00e+05
2015 11 17  1630   57343  59400   7.62e+00  2.56e-01  1.11e-01  7.26e-02  6.29e-02  4.36e-02  2.03e+04  3.62e+02 -1.00e+05
2015 11 17  1635   57343  59700   5.71e+00  2.73e-01  1.83e-01  1.34e-01  1.24e-01  7.00e-02  2.06e+04  3.72e+02 -1.00e+05
2015 11 17  1640   57343  60000   5.66e+00  2.43e-01  1.59e-01  4.97e-02  4.00e-02  2.07e-02  2.08e+04  3.71e+02 -1.00e+05
2015 11 17  1645   57343  60300   8.40e+00  3.81e-01  1.83e-01  1.43e-01  1.06e-01  5.65e-02  2.08e+04  3.65e+02 -1.00e+05
2015 11 17  1650   57343  60600   7.49e+00  4.18e-01  2.06e-01  1.37e-01  1.27e-01  5.79e-02  2.17e+04  3.85e+02 -1.00e+05
2015 11 17  1655   57343  60900   7.63e+00  5.68e-01  2.40e-01  4.97e-02  4.00e-02  2.07e-02  2.20e+04  3.90e+02 -1.00e+05
2015 11 17  1700   57343  61200   4.30e+00  1.63e-01  1.28e-01  4.97e-02  4.00e-02  2.07e-02  2.28e+04  4.12e+02 -1.00e+05
2015 11 17  1705   57343  61500   6.33e+00  3.36e-01  1.52e-01  5.77e-02  4.80e-02  2.87e-02  2.20e+04  3.91e+02 -1.00e+05
2015 11 17  1710   57343  61800   3.70e+00  1.58e-01  1.32e-01  9.49e-02  8.52e-02  6.58e-02  2.20e+04  3.95e+02 -1.00e+05
2015 11 17  1715   57343  62100   5.69e+00  3.05e-01  1.77e-01  1.20e-01  9.19e-02  6.72e-02  2.12e+04  3.96e+02 -1.00e+05
2015 11 17  1720   57343  62400   6.18e+00  2.10e-01  8.86e-02  4.97e-02  4.00e-02  2.07e-02  2.13e+04  4.05e+02 -1.00e+05
2015 11 17  1725   57343  62700   6.77e+00  2.80e-01  1.12e-01  7.29e-02  4.52e-02  2.07e-02  2.19e+04  4.20e+02 -1.00e+05
2015 11 17  1730   57343  63000   6.42e+00  2.10e-01  8.86e-02  4.97e-02  4.00e-02  2.07e-02  2.11e+04  4.14e+02 -1.00e+05
2015 11 17  1735   57343  63300   7.84e+00  3.25e-01  1.16e-01  7.75e-02  6.78e-02  4.85e-02  2.03e+04  3.95e+02 -1.00e+05
2015 11 17  1740   57343  63600   6.53e+00  2.10e-01  8.86e-02  4.97e-02  4.00e-02  2.07e-02  1.91e+04  3.90e+02 -1.00e+05
2015 11 17  1745   57343  63900   3.72e+00  1.40e-01  1.14e-01  4.97e-02  4.00e-02  2.07e-02  1.88e+04  3.96e+02 -1.00e+05
2015 11 17  1750   57343  64200   7.53e+00  2.93e-01  1.26e-01  8.60e-02  4.82e-02  2.07e-02  1.89e+04  3.93e+02 -1.00e+05
2015 11 17  1755   57343  64500   8.52e+00  4.29e-01  1.86e-01  8.00e-02  7.03e-02  5.10e-02  1.93e+04  3.97e+02 -1.00e+05
2015 11 17  1800   57343  64800   8.68e+00  4.39e-01  1.64e-01  5.03e-02  4.06e-02  2.13e-02  2.02e+04  4.67e+02 -1.00e+05
2015 11 17  1805   57343  65100   4.10e+00  1.35e-01  1.07e-01  6.90e-02  5.15e-02  2.36e-02  2.01e+04  4.53e+02 -1.00e+05
2015 11 17  1810   57343  65400   6.02e+00  2.35e-01  1.63e-01  1.16e-01  6.63e-02  2.57e-02  1.89e+04  4.38e+02 -1.00e+05
2015 11 17  1815   57343  65700   4.97e+00  1.43e-01  1.09e-01  7.01e-02  6.04e-02  4.11e-02  1.83e+04  3.97e+02 -1.00e+05
2015 11 17  1820   57343  66000   9.11e+00  2.66e-01  1.04e-01  6.52e-02  5.55e-02  2.57e-02  1.76e+04  4.05e+02 -1.00e+05
2015 11 17  1825   57343  66300   6.87e+00  2.42e-01  1.41e-01  9.03e-02  8.06e-02  3.37e-02  1.73e+04  3.77e+02 -1.00e+05
2015 11 17  1830   57343  66600   9.96e+00  3.58e-01  1.66e-01  1.27e-01  1.17e-01  6.44e-02  1.65e+04  3.58e+02 -1.00e+05
2015 11 17  1835   57343  66900   1.03e+01  2.88e-01  9.88e-02  5.98e-02  4.23e-02  2.07e-02  1.57e+04  3.39e+02 -1.00e+05
2015 11 17  1840   57343  67200   7.95e+00  2.69e-01  1.87e-01  8.24e-02  4.96e-02  2.16e-02  1.56e+04  3.28e+02 -1.00e+05
2015 11 17  1845   57343  67500   5.33e+00  1.12e-01  8.66e-02  4.97e-02  4.00e-02  2.07e-02  1.60e+04  3.20e+02 -1.00e+05
2015 11 17  1850   57343  67800   1.05e+01  2.97e-01  1.52e-01  1.12e-01  6.79e-02  3.86e-02  1.47e+04  2.77e+02 -1.00e+05
2015 11 17  1855   57343  68100   8.10e+00  1.82e-01  9.71e-02  4.97e-02  4.00e-02  2.07e-02  1.37e+04  2.46e+02 -1.00e+05
2015 11 17  1900   57343  68400   1.39e+01  6.06e-01  2.01e-01  7.49e-02  5.40e-02  2.96e-02  1.48e+04  2.54e+02 -1.00e+05
2015 11 17  1905   57343  68700   1.39e+01  2.77e-01  8.84e-02  4.97e-02  4.00e-02  2.07e-02  1.44e+04  2.43e+02 -1.00e+05
2015 11 17  1910   57343  69000   7.23e+00  1.88e-01  1.62e-01  1.25e-01  1.15e-01  5.70e-02  1.56e+04  2.41e+02 -1.00e+05
2015 11 17  1915   57343  69300   1.33e+01  4.12e-01  2.01e-01  9.98e-02  9.01e-02  7.08e-02  1.53e+04  2.32e+02 -1.00e+05
2015 11 17  1920   57343  69600   1.07e+01  1.93e-01  9.67e-02  5.77e-02  4.80e-02  2.87e-02  1.51e+04  2.12e+02 -1.00e+05
2015 11 17  1925   57343  69900   9.93e+00  3.60e-01  2.48e-01  1.01e-01  7.33e-02  3.01e-02  1.50e+04  1.97e+02 -1.00e+05
2015 11 17  1930   57343  70200   1.23e+01  5.33e-01  2.19e-01  4.97e-02  4.00e-02  2.07e-02  1.47e+04  1.89e+02 -1.00e+05
2015 11 17  1935   57343  70500   1.17e+01  2.96e-01  1.16e-01  7.77e-02  6.80e-02  2.97e-02  1.35e+04  1.61e+02 -1.00e+05
2015 11 17  1940   57343  70800   1.01e+01  2.55e-01  1.23e-01  8.40e-02  7.43e-02  3.17e-02  1.44e+04  1.62e+02 -1.00e+05
2015 11 17  1945   57343  71100   6.05e+00  1.48e-01  1.12e-01  7.29e-02  4.52e-02  2.07e-02  1.41e+04  1.66e+02 -1.00e+05
2015 11 17  1950   57343  71400   5.29e+00  2.47e-01  2.21e-01  1.83e-01  1.45e-01  5.18e-02  1.32e+04  1.35e+02 -1.00e+05
2015 11 17  1955   57343  71700   5.31e+00  1.63e-01  1.37e-01  9.98e-02  9.01e-02  7.08e-02  1.37e+04  1.55e+02 -1.00e+05
2015 11 17  2000   57343  72000   8.29e+00  3.03e-01  1.80e-01  7.26e-02  6.29e-02  4.36e-02  1.37e+04  1.49e+02 -1.00e+05
2015 11 17  2005   57343  72300   5.51e+00  1.95e-01  1.63e-01  7.52e-02  6.55e-02  4.62e-02  1.32e+04  1.36e+02 -1.00e+05
2015 11 17  2010   57343  72600   5.49e+00  2.11e-01  1.77e-01  8.50e-02  7.53e-02  5.59e-02  1.38e+04  1.50e+02 -1.00e+05
2015 11 17  2015   57343  72900   9.13e+00  3.62e-01  1.98e-01  1.58e-01  1.20e-01  4.38e-02  1.34e+04  1.41e+02 -1.00e+05
2015 11 17  2020   57343  73200   8.77e+00  4.06e-01  1.51e-01  5.53e-02  4.55e-02  2.62e-02  1.24e+04  1.36e+02 -1.00e+05
2015 11 17  2025   57343  73500   4.19e+00  1.40e-01  1.14e-01  7.75e-02  6.78e-02  4.85e-02  1.13e+04  1.06e+02 -1.00e+05
2015 11 17  2030   57343  73800   8.46e+00  2.76e-01  1.09e-01  7.01e-02  6.04e-02  4.11e-02  1.12e+04  1.08e+02 -1.00e+05
2015 11 17  2035   57343  74100   8.21e+00  2.10e-01  8.86e-02  4.97e-02  4.00e-02  2.07e-02  1.06e+04  1.03e+02 -1.00e+05
2015 11 17  2040   57343  74400   6.75e+00  1.82e-01  9.71e-02  4.97e-02  4.00e-02  2.07e-02  1.14e+04  1.08e+02 -1.00e+05
2015 11 17  2045   57343  74700   4.87e+00  2.82e-01  2.50e-01  1.05e-01  7.23e-02  4.62e-02  1.18e+04  9.90e+01 -1.00e+05
2015 11 17  2050   57343  75000   4.29e+00  2.68e-01  2.42e-01  9.26e-02  4.96e-02  2.07e-02  1.03e+04  1.01e+02 -1.00e+05
2015 11 17  2055   57343  75300   7.39e+00  3.23e-01  1.64e-01  5.03e-02  4.06e-02  2.13e-02  1.10e+04  9.91e+01 -1.00e+05
2015 11 17  2100   57343  75600   8.61e+00  2.57e-01  8.90e-02  5.03e-02  4.06e-02  2.13e-02  1.10e+04  1.08e+02 -1.00e+05
2015 11 17  2105   57343  75900   7.93e+00  2.37e-01  9.16e-02  5.28e-02  4.31e-02  2.37e-02  1.07e+04  9.54e+01 -1.00e+05
2015 11 17  2110   57343  76200   4.94e+00  1.24e-01  8.84e-02  4.97e-02  4.00e-02  2.07e-02  1.01e+04  8.96e+01 -1.00e+05
2015 11 17  2115   57343  76500   9.71e+00  4.52e-01  1.72e-01  4.97e-02  4.00e-02  2.07e-02  9.47e+03  8.18e+01 -1.00e+05
2015 11 17  2120   57343  76800   5.12e+00  1.46e-01  1.20e-01  8.24e-02  4.96e-02  2.16e-02  9.49e+03  8.12e+01 -1.00e+05
2015 11 17  2125   57343  77100   1.12e+01  3.44e-01  9.61e-02  5.77e-02  4.80e-02  2.87e-02  9.82e+03  7.90e+01 -1.00e+05
2015 11 17  2130   57343  77400   5.47e+00  1.99e-01  1.37e-01  7.77e-02  6.80e-02  2.97e-02  1.00e+04  8.74e+01 -1.00e+05
2015 11 17  2135   57343  77700   6.01e+00  4.43e-01  2.97e-01  8.51e-02  4.57e-02  2.07e-02  9.41e+03  8.30e+01 -1.00e+05
2015 11 17  2140   57343  78000   4.16e+00  1.85e-01  1.59e-01  1.22e-01  1.12e-01  4.60e-02  9.63e+03  7.75e+01 -1.00e+05
2015 11 17  2145   57343  78300   8.00e+00  2.77e-01  8.84e-02  4.97e-02  4.00e-02  2.07e-02  9.16e+03  7.88e+01 -1.00e+05
2015 11 17  2150   57343  78600   5.41e+00  1.96e-01  1.12e-01  6.52e-02  5.54e-02  3.61e-02  9.13e+03  7.45e+01 -1.00e+05
2015 11 17  2155   57343  78900   3.82e+00  1.29e-01  1.04e-01  6.67e-02  5.70e-02  3.16e-02  8.97e+03  7.69e+01 -1.00e+05
2015 11 17  2200   57343  79200   5.53e+00  2.01e-01  1.16e-01  6.86e-02  4.66e-02  2.37e-02  8.88e+03  7.42e+01 -1.00e+05
2015 11 17  2205   57343  79500   5.54e+00  1.82e-01  9.71e-02  4.97e-02  4.00e-02  2.07e-02  8.62e+03  7.20e+01 -1.00e+05
2015 11 17  2210   57343  79800   5.45e+00  3.77e-01  2.97e-01  1.23e-01  8.80e-02  6.13e-02  8.53e+03  6.60e+01 -1.00e+05
2015 11 17  2215   57343  80100   4.22e+00  1.91e-01  1.58e-01  5.27e-02  4.29e-02  2.16e-02  8.48e+03  6.93e+01 -1.00e+05
2015 11 17  2220   57343  80400   5.39e+00  2.43e-01  1.59e-01  4.97e-02  4.00e-02  2.07e-02  8.38e+03  6.40e+01 -1.00e+05
2015 11 17  2225   57343  80700   3.86e+00  1.24e-01  8.84e-02  4.97e-02  4.00e-02  2.07e-02  8.55e+03  7.01e+01 -1.00e+05
2015 11 17  2230   57343  81000   3.47e+00  1.45e-01  1.19e-01  8.25e-02  7.28e-02  5.35e-02  8.31e+03  6.23e+01 -1.00e+05
2015 11 17  2235   57343  81300   3.24e+00  2.46e-01  2.20e-01  1.30e-01  1.12e-01  5.50e-02  8.37e+03  6.01e+01 -1.00e+05
2015 11 17  2240   57343  81600   3.07e+00  1.25e-01  9.95e-02  6.27e-02  5.30e-02  3.36e-02  8.12e+03  6.91e+01 -1.00e+05
2015 11 17  2245   57343  81900   2.96e+00  1.12e-01  8.66e-02  4.97e-02  4.00e-02  2.07e-02  7.93e+03  6.30e+01 -1.00e+05
2015 11 17  2250   57343  82200   5.98e+00  3.23e-01  1.35e-01  9.48e-02  4.97e-02  2.16e-02  7.87e+03  5.79e+01 -1.00e+05
2015 11 17  2255   57343  82500   3.28e+00  1.24e-01  8.84e-02  4.97e-02  4.00e-02  2.07e-02  7.79e+03  6.05e+01 -1.00e+05
2015 11 17  2300   57343  82800   3.45e+00  1.55e-01  1.19e-01  7.95e-02  4.67e-02  2.07e-02  7.60e+03  5.60e+01 -1.00e+05
2015 11 17  2305   57343  83100   3.09e+00  1.95e-01  1.69e-01  1.30e-01  9.09e-02  6.58e-02  7.66e+03  5.19e+01 -1.00e+05
2015 11 17  2310   57343  83400   3.30e+00  1.75e-01  1.50e-01  1.13e-01  1.00e-01  3.97e-02  7.49e+03  5.06e+01 -1.00e+05
2015 11 17  2315   57343  83700   5.03e+00  2.07e-01  1.12e-01  7.26e-02  6.29e-02  4.36e-02  7.49e+03  5.97e+01 -1.00e+05
2015 11 17  2320   57343  84000   4.32e+00  1.82e-01  9.71e-02  4.97e-02  4.00e-02  2.07e-02  7.38e+03  5.38e+01 -1.00e+05
2015 11 17  2325   57343  84300   3.66e+00  1.98e-01  1.65e-01  6.93e-02  4.67e-02  2.16e-02  7.21e+03  5.02e+01 -1.00e+05
2015 11 17  2330   57343  84600   5.61e+00  2.47e-01  1.34e-01  9.47e-02  6.70e-02  2.77e-02  7.03e+03  4.70e+01 -1.00e+05
2015 11 17  2335   57343  84900   6.08e+00  3.01e-01  1.33e-01  9.36e-02  5.80e-02  3.12e-02  6.98e+03  4.61e+01 -1.00e+05
2015 11 17  2340   57343  85200   4.86e+00  2.87e-01  1.72e-01  7.50e-02  6.25e-02  2.77e-02  6.82e+03  4.32e+01 -1.00e+05
2015 11 17  2345   57343  85500   2.87e+00  1.16e-01  8.96e-02  5.28e-02  4.31e-02  2.37e-02  6.82e+03  4.75e+01 -1.00e+05
2015 11 17  2350   57343  85800   4.14e+00  2.40e-01  1.14e-01  5.89e-02  4.92e-02  2.36e-02  6.59e+03  3.97e+01 -1.00e+05
2015 11 17  2355   57343  86100   3.93e+00  1.96e-01  1.12e-01  6.52e-02  5.54e-02  3.61e-02  6.35e+03  3.76e+01 -1.00e+05
