:Data_list: 20150710_Gp_part_5m.txt
:Created: 2015 Jul 11 0011 UTC
# Prepared by the U.S. Dept. of Commerce, NOAA, Space Weather Prediction Center
# Please send comments and suggestions to SWPC.Webmaster@noaa.gov 
# 
# Label: P > 1 = Particles at >1 Mev
# Label: P > 5 = Particles at >5 Mev
# Label: P >10 = Particles at >10 Mev
# Label: P >30 = Particles at >30 Mev
# Label: P >50 = Particles at >50 Mev
# Label: P>100 = Particles at >100 Mev
# Label: E>0.8 = Electrons at >0.8 Mev
# Label: E>2.0 = Electrons at >2.0 Mev
# Label: E>4.0 = Electrons at >4.0 Mev
# Units: Particles = Protons/cm2-s-sr
# Units: Electrons = Electrons/cm2-s-sr
# Source: GOES-13
# Location: W075
# Missing data: -1.00e+05
#
#                      5-minute  GOES-13 Solar Particle and Electron Flux
#
#                 Modified Seconds
# UTC Date  Time   Julian  of the
# YR MO DA  HHMM    Day     Day     P > 1     P > 5     P >10     P >30     P >50     P>100     E>0.8     E>2.0     E>4.0
#-------------------------------------------------------------------------------------------------------------------------
2015 07 10  0000   57213      0   7.87e-01  1.31e-01  1.06e-01  7.16e-02  6.22e-02  4.35e-02  2.97e+04  4.57e+02 -1.00e+05
2015 07 10  0005   57213    300   9.64e-01  2.40e-01  2.16e-01  9.13e-02  7.41e-02  4.49e-02  2.90e+04  4.51e+02 -1.00e+05
2015 07 10  0010   57213    600   9.03e-01  1.89e-01  1.65e-01  6.07e-02  5.05e-02  2.79e-02  2.89e+04  4.45e+02 -1.00e+05
2015 07 10  0015   57213    900   9.59e-01  1.08e-01  8.31e-02  4.84e-02  3.90e-02  2.03e-02  2.86e+04  4.45e+02 -1.00e+05
2015 07 10  0020   57213   1200   1.16e+00  2.63e-01  2.14e-01  9.95e-02  7.43e-02  5.10e-02  2.86e+04  4.25e+02 -1.00e+05
2015 07 10  0025   57213   1500   7.60e-01  1.98e-01  1.21e-01  7.73e-02  6.79e-02  2.96e-02  2.86e+04  4.20e+02 -1.00e+05
2015 07 10  0030   57213   1800   7.13e-01  1.51e-01  1.26e-01  9.14e-02  8.20e-02  6.34e-02  2.86e+04  4.22e+02 -1.00e+05
2015 07 10  0035   57213   2100   6.80e-01  1.78e-01  1.54e-01  1.19e-01  9.18e-02  3.56e-02  2.84e+04  4.05e+02 -1.00e+05
2015 07 10  0040   57213   2400   9.34e-01  2.24e-01  1.99e-01  8.39e-02  4.70e-02  2.03e-02  2.76e+04  3.86e+02 -1.00e+05
2015 07 10  0045   57213   2700   1.01e+00  2.28e-01  1.25e-01  8.69e-02  4.45e-02  2.03e-02  2.73e+04  3.78e+02 -1.00e+05
2015 07 10  0050   57213   3000   5.40e-01  1.55e-01  1.30e-01  9.43e-02  5.23e-02  2.15e-02  2.66e+04  3.68e+02 -1.00e+05
2015 07 10  0055   57213   3300   5.85e-01  1.53e-01  1.29e-01  9.34e-02  6.67e-02  2.76e-02  2.60e+04  3.64e+02 -1.00e+05
2015 07 10  0100   57213   3600   8.94e-01  2.13e-01  1.79e-01  1.43e-01  1.27e-01  5.02e-02  2.60e+04  3.76e+02 -1.00e+05
2015 07 10  0105   57213   3900   8.47e-01  2.59e-01  2.35e-01  1.97e-01  1.16e-01  3.77e-02  2.72e+04  3.65e+02 -1.00e+05
2015 07 10  0110   57213   4200   8.03e-01  1.69e-01  1.44e-01  7.73e-02  6.79e-02  2.96e-02  2.67e+04  3.52e+02 -1.00e+05
2015 07 10  0115   57213   4500   6.78e-01  1.54e-01  1.29e-01  9.35e-02  5.95e-02  3.36e-02  2.60e+04  3.48e+02 -1.00e+05
2015 07 10  0120   57213   4800   6.24e-01  1.08e-01  8.31e-02  4.84e-02  3.90e-02  2.03e-02  2.60e+04  3.40e+02 -1.00e+05
2015 07 10  0125   57213   5100   1.03e+00  1.91e-01  8.85e-02  5.18e-02  4.24e-02  2.37e-02  2.50e+04  3.27e+02 -1.00e+05
2015 07 10  0130   57213   5400   8.27e-01  1.47e-01  1.04e-01  6.63e-02  5.70e-02  3.18e-02  2.49e+04  3.35e+02 -1.00e+05
2015 07 10  0135   57213   5700   5.49e-01  1.26e-01  1.01e-01  6.63e-02  5.69e-02  3.82e-02  2.55e+04  3.27e+02 -1.00e+05
2015 07 10  0140   57213   6000   1.48e+00  2.90e-01  1.15e-01  7.84e-02  6.90e-02  2.16e-02  2.48e+04  3.27e+02 -1.00e+05
2015 07 10  0145   57213   6300   5.66e-01  1.92e-01  1.68e-01  8.98e-02  8.04e-02  3.36e-02  2.46e+04  3.23e+02 -1.00e+05
2015 07 10  0150   57213   6600   4.92e-01  1.16e-01  9.15e-02  5.67e-02  4.74e-02  2.87e-02  2.46e+04  3.12e+02 -1.00e+05
2015 07 10  0155   57213   6900   6.52e-01  1.49e-01  1.25e-01  8.98e-02  8.04e-02  3.36e-02  2.38e+04  2.99e+02 -1.00e+05
2015 07 10  0200   57213   7200   8.47e-01  1.87e-01  1.63e-01  4.84e-02  3.90e-02  2.03e-02  2.30e+04  2.91e+02 -1.00e+05
2015 07 10  0205   57213   7500   5.41e-01  1.72e-01  1.47e-01  1.12e-01  8.59e-02  3.62e-02  2.22e+04  2.70e+02 -1.00e+05
2015 07 10  0210   57213   7800   5.48e-01  1.08e-01  8.31e-02  4.84e-02  3.90e-02  2.03e-02  2.20e+04  2.67e+02 -1.00e+05
2015 07 10  0215   57213   8100   5.29e-01  1.73e-01  1.48e-01  1.12e-01  6.94e-02  4.11e-02  2.20e+04  2.57e+02 -1.00e+05
2015 07 10  0220   57213   8400   6.29e-01  1.48e-01  1.24e-01  8.89e-02  7.96e-02  6.09e-02  2.21e+04  2.61e+02 -1.00e+05
2015 07 10  0225   57213   8700   5.03e-01  1.39e-01  1.14e-01  7.73e-02  4.55e-02  2.03e-02  2.21e+04  2.67e+02 -1.00e+05
2015 07 10  0230   57213   9000   5.41e-01  1.36e-01  1.14e-01  4.81e-02  3.88e-02  2.02e-02  2.32e+04  2.90e+02 -1.00e+05
2015 07 10  0235   57213   9300   6.01e-01  1.22e-01  9.93e-02  6.54e-02  5.61e-02  3.76e-02  2.36e+04  2.88e+02 -1.00e+05
2015 07 10  0240   57213   9600   5.69e-01  1.68e-01  1.46e-01  1.11e-01  7.30e-02  4.62e-02  2.45e+04  3.13e+02 -1.00e+05
2015 07 10  0245   57213   9900   6.60e-01  1.33e-01  1.10e-01  7.61e-02  6.33e-02  4.37e-02  2.51e+04  3.42e+02 -1.00e+05
2015 07 10  0250   57213  10200   6.77e-01  1.05e-01  8.20e-02  4.81e-02  3.88e-02  2.02e-02  2.44e+04  3.20e+02 -1.00e+05
2015 07 10  0255   57213  10500   7.75e-01  2.05e-01  1.19e-01  8.33e-02  7.40e-02  5.55e-02  2.48e+04  3.34e+02 -1.00e+05
2015 07 10  0300   57213  10800   6.97e-01  1.16e-01  9.37e-02  5.94e-02  4.15e-02  2.03e-02  2.45e+04  3.39e+02 -1.00e+05
2015 07 10  0305   57213  11100   1.23e+00  4.00e-01  2.44e-01  1.12e-01  7.53e-02  4.87e-02  2.37e+04  3.26e+02 -1.00e+05
2015 07 10  0310   57213  11400   6.71e-01  1.56e-01  1.33e-01  9.82e-02  5.68e-02  2.89e-02  2.29e+04  3.15e+02 -1.00e+05
2015 07 10  0315   57213  11700   7.72e-01  1.40e-01  1.18e-01  8.39e-02  7.47e-02  5.61e-02  2.27e+04  3.16e+02 -1.00e+05
2015 07 10  0320   57213  12000   8.51e-01  2.15e-01  1.28e-01  9.10e-02  6.86e-02  4.62e-02  2.34e+04  3.39e+02 -1.00e+05
2015 07 10  0325   57213  12300   1.49e+00  2.22e-01  8.53e-02  4.93e-02  4.00e-02  2.14e-02  2.43e+04  3.63e+02 -1.00e+05
2015 07 10  0330   57213  12600   7.07e-01  1.40e-01  1.18e-01  8.39e-02  7.47e-02  5.61e-02  2.45e+04  3.60e+02 -1.00e+05
2015 07 10  0335   57213  12900   6.35e-01  1.09e-01  8.67e-02  5.26e-02  3.98e-02  2.02e-02  2.44e+04  3.58e+02 -1.00e+05
2015 07 10  0340   57213  13200   6.80e-01  1.30e-01  1.07e-01  7.34e-02  6.41e-02  2.84e-02  2.46e+04  3.56e+02 -1.00e+05
2015 07 10  0345   57213  13500   8.07e-01  1.97e-01  1.74e-01  1.38e-01  7.81e-02  2.84e-02  2.41e+04  3.42e+02 -1.00e+05
2015 07 10  0350   57213  13800   1.23e+00  4.00e-01  2.20e-01  1.11e-01  1.02e-01  4.05e-02  2.26e+04  3.35e+02 -1.00e+05
2015 07 10  0355   57213  14100   5.79e-01  1.42e-01  1.18e-01  8.33e-02  5.15e-02  2.64e-02  2.20e+04  3.18e+02 -1.00e+05
2015 07 10  0400   57213  14400   6.55e-01  2.20e-01  1.98e-01  1.64e-01  1.52e-01  7.07e-02  2.20e+04  3.12e+02 -1.00e+05
2015 07 10  0405   57213  14700   9.18e-01  1.64e-01  9.11e-02  4.81e-02  3.88e-02  2.02e-02  2.28e+04  3.25e+02 -1.00e+05
2015 07 10  0410   57213  15000   8.23e-01  2.66e-01  1.96e-01  1.02e-01  9.03e-02  7.10e-02  2.28e+04  3.28e+02 -1.00e+05
2015 07 10  0415   57213  15300   6.50e-01  1.48e-01  1.25e-01  9.04e-02  6.08e-02  3.63e-02  2.30e+04  3.23e+02 -1.00e+05
2015 07 10  0420   57213  15600   7.18e-01  1.89e-01  1.66e-01  4.81e-02  3.88e-02  2.02e-02  2.37e+04  3.42e+02 -1.00e+05
2015 07 10  0425   57213  15900   5.68e-01  1.36e-01  1.14e-01  7.96e-02  7.04e-02  3.04e-02  2.47e+04  3.76e+02 -1.00e+05
2015 07 10  0430   57213  16200   8.23e-01  1.36e-01  1.13e-01  7.85e-02  5.55e-02  2.43e-02  2.46e+04  3.76e+02 -1.00e+05
2015 07 10  0435   57213  16500   6.06e-01  1.11e-01  8.87e-02  5.48e-02  4.55e-02  2.32e-02  2.46e+04  3.65e+02 -1.00e+05
2015 07 10  0440   57213  16800   1.22e+00  2.23e-01  1.23e-01  8.71e-02  7.78e-02  3.69e-02  2.46e+04  3.63e+02 -1.00e+05
2015 07 10  0445   57213  17100   1.47e+00  3.34e-01  1.55e-01  1.19e-01  1.10e-01  4.88e-02  2.46e+04  3.54e+02 -1.00e+05
2015 07 10  0450   57213  17400   1.06e+00  3.05e-01  2.33e-01  7.32e-02  4.54e-02  2.14e-02  2.43e+04  3.50e+02 -1.00e+05
2015 07 10  0455   57213  17700   6.65e-01  1.72e-01  1.49e-01  8.60e-02  7.67e-02  5.51e-02  2.39e+04  3.42e+02 -1.00e+05
2015 07 10  0500   57213  18000   4.81e-01  1.11e-01  8.80e-02  4.81e-02  3.88e-02  2.02e-02  2.42e+04  3.64e+02 -1.00e+05
2015 07 10  0505   57213  18300   1.20e+00  2.02e-01  1.10e-01  6.57e-02  4.28e-02  2.02e-02  2.37e+04  3.45e+02 -1.00e+05
2015 07 10  0510   57213  18600   1.48e+00  2.50e-01  1.14e-01  7.79e-02  6.56e-02  4.62e-02  2.34e+04  3.53e+02 -1.00e+05
2015 07 10  0515   57213  18900   6.78e-01  1.38e-01  1.16e-01  8.15e-02  7.03e-02  5.12e-02  2.35e+04  3.48e+02 -1.00e+05
2015 07 10  0520   57213  19200   6.99e-01  1.07e-01  8.23e-02  4.81e-02  3.88e-02  2.02e-02  2.45e+04  3.64e+02 -1.00e+05
2015 07 10  0525   57213  19500   6.93e-01  1.18e-01  9.56e-02  6.16e-02  5.24e-02  3.38e-02  2.46e+04  3.71e+02 -1.00e+05
2015 07 10  0530   57213  19800   7.03e-01  1.40e-01  1.18e-01  8.39e-02  7.47e-02  5.61e-02  2.46e+04  3.63e+02 -1.00e+05
2015 07 10  0535   57213  20100   1.31e+00  2.76e-01  1.72e-01  1.36e-01  1.27e-01  4.94e-02  2.46e+04  3.69e+02 -1.00e+05
2015 07 10  0540   57213  20400   8.30e-01  1.57e-01  1.35e-01  1.01e-01  9.17e-02  4.65e-02  2.46e+04  3.65e+02 -1.00e+05
2015 07 10  0545   57213  20700   7.85e-01  1.75e-01  1.52e-01  6.90e-02  5.40e-02  3.38e-02  2.46e+04  3.65e+02 -1.00e+05
2015 07 10  0550   57213  21000   6.50e-01  1.11e-01  8.80e-02  4.81e-02  3.88e-02  2.02e-02  2.46e+04  3.72e+02 -1.00e+05
2015 07 10  0555   57213  21300   8.86e-01  1.75e-01  1.02e-01  5.26e-02  3.98e-02  2.02e-02  2.46e+04  3.80e+02 -1.00e+05
2015 07 10  0600   57213  21600   1.23e+00  3.31e-01  2.12e-01  8.39e-02  7.47e-02  5.61e-02  2.46e+04  3.66e+02 -1.00e+05
2015 07 10  0605   57213  21900   6.66e-01  1.45e-01  1.21e-01  8.54e-02  4.72e-02  2.02e-02  2.46e+04  3.78e+02 -1.00e+05
2015 07 10  0610   57213  22200   7.61e-01  1.57e-01  1.35e-01  1.01e-01  9.16e-02  6.83e-02  2.45e+04  3.68e+02 -1.00e+05
2015 07 10  0615   57213  22500   5.52e-01  1.26e-01  1.03e-01  6.90e-02  5.40e-02  3.38e-02  2.34e+04  3.69e+02 -1.00e+05
2015 07 10  0620   57213  22800   7.13e-01  1.16e-01  9.32e-02  5.91e-02  4.63e-02  2.23e-02  2.33e+04  3.74e+02 -1.00e+05
2015 07 10  0625   57213  23100   5.17e-01  1.19e-01  9.61e-02  6.18e-02  4.47e-02  2.39e-02  2.33e+04  3.65e+02 -1.00e+05
2015 07 10  0630   57213  23400   1.12e+00  1.83e-01  1.12e-01  6.91e-02  5.98e-02  4.13e-02  2.34e+04  3.71e+02 -1.00e+05
2015 07 10  0635   57213  23700   6.44e-01  1.74e-01  1.51e-01  1.17e-01  8.78e-02  6.35e-02  2.45e+04  3.84e+02 -1.00e+05
2015 07 10  0640   57213  24000   7.14e-01  1.78e-01  1.55e-01  1.21e-01  1.12e-01  5.80e-02  2.46e+04  3.80e+02 -1.00e+05
2015 07 10  0645   57213  24300   7.69e-01  1.16e-01  9.34e-02  5.92e-02  4.13e-02  2.02e-02  2.40e+04  3.95e+02 -1.00e+05
2015 07 10  0650   57213  24600   9.90e-01  1.70e-01  9.71e-02  4.81e-02  3.88e-02  2.02e-02  2.44e+04  4.11e+02 -1.00e+05
2015 07 10  0655   57213  24900   6.05e-01  1.17e-01  9.46e-02  6.07e-02  5.02e-02  3.13e-02  2.46e+04  4.11e+02 -1.00e+05
2015 07 10  0700   57213  25200   9.74e-01  1.81e-01  1.10e-01  6.41e-02  5.48e-02  3.63e-02  2.46e+04  4.20e+02 -1.00e+05
2015 07 10  0705   57213  25500   1.36e+00  4.51e-01  1.75e-01  4.81e-02  3.88e-02  2.02e-02  2.46e+04  4.18e+02 -1.00e+05
2015 07 10  0710   57213  25800   7.77e-01  1.05e-01  8.20e-02  4.81e-02  3.88e-02  2.02e-02  2.46e+04  4.30e+02 -1.00e+05
2015 07 10  0715   57213  26100   5.48e-01  1.05e-01  8.20e-02  4.81e-02  3.88e-02  2.02e-02  2.46e+04  4.43e+02 -1.00e+05
2015 07 10  0720   57213  26400   1.01e+00  1.64e-01  9.11e-02  4.81e-02  3.88e-02  2.02e-02  2.46e+04  4.39e+02 -1.00e+05
2015 07 10  0725   57213  26700   8.29e-01  1.41e-01  1.18e-01  5.46e-02  4.53e-02  2.23e-02  2.46e+04  4.57e+02 -1.00e+05
2015 07 10  0730   57213  27000   7.80e-01  1.05e-01  8.20e-02  4.81e-02  3.88e-02  2.02e-02  2.48e+04  4.61e+02 -1.00e+05
2015 07 10  0735   57213  27300   6.46e-01  1.23e-01  1.00e-01  6.57e-02  4.28e-02  2.02e-02  2.59e+04  4.76e+02 -1.00e+05
2015 07 10  0740   57213  27600   1.09e+00  4.06e-01  2.26e-01  8.03e-02  5.47e-02  3.13e-02  2.60e+04  4.87e+02 -1.00e+05
2015 07 10  0745   57213  27900   9.02e-01  1.38e-01  1.16e-01  8.17e-02  7.20e-02  4.27e-02  2.64e+04  5.00e+02 -1.00e+05
2015 07 10  0750   57213  28200   5.18e-01  1.08e-01  8.57e-02  5.17e-02  4.25e-02  2.39e-02  2.68e+04  5.07e+02 -1.00e+05
2015 07 10  0755   57213  28500   1.22e+00  1.64e-01  9.11e-02  4.81e-02  3.88e-02  2.02e-02  2.72e+04  5.20e+02 -1.00e+05
2015 07 10  0800   57213  28800   7.94e-01  1.42e-01  1.19e-01  8.48e-02  6.18e-02  2.64e-02  2.73e+04  5.25e+02 -1.00e+05
2015 07 10  0805   57213  29100   6.47e-01  1.05e-01  8.20e-02  4.81e-02  3.88e-02  2.02e-02  2.83e+04  5.47e+02 -1.00e+05
2015 07 10  0810   57213  29400   1.52e+00  3.55e-01  2.34e-01  1.01e-01  6.53e-02  4.13e-02  2.81e+04  5.46e+02 -1.00e+05
2015 07 10  0815   57213  29700   1.02e+00  1.97e-01  1.27e-01  8.39e-02  7.47e-02  5.61e-02  2.86e+04  5.74e+02 -1.00e+05
2015 07 10  0820   57213  30000   1.44e+00  2.03e-01  8.89e-02  5.26e-02  3.98e-02  2.02e-02  2.86e+04  5.84e+02 -1.00e+05
2015 07 10  0825   57213  30300   9.52e-01  1.50e-01  1.28e-01  9.38e-02  8.46e-02  6.60e-02  2.83e+04  6.02e+02 -1.00e+05
2015 07 10  0830   57213  30600   1.31e+00  2.75e-01  1.43e-01  9.22e-02  8.29e-02  3.44e-02  2.86e+04  6.17e+02 -1.00e+05
2015 07 10  0835   57213  30900   8.16e-01  1.67e-01  1.44e-01  7.34e-02  6.41e-02  2.84e-02  2.87e+04  6.40e+02 -1.00e+05
2015 07 10  0840   57213  31200   8.60e-01  1.45e-01  1.23e-01  8.89e-02  7.96e-02  6.11e-02  2.97e+04  6.47e+02 -1.00e+05
2015 07 10  0845   57213  31500   1.51e+00  3.02e-01  1.62e-01  5.26e-02  3.98e-02  2.02e-02  2.98e+04  6.44e+02 -1.00e+05
2015 07 10  0850   57213  31800   1.55e+00  1.73e-01  8.42e-02  4.81e-02  3.88e-02  2.02e-02  3.02e+04  6.82e+02 -1.00e+05
2015 07 10  0855   57213  32100   9.28e-01  1.05e-01  8.20e-02  4.81e-02  3.88e-02  2.02e-02  3.06e+04  6.86e+02 -1.00e+05
2015 07 10  0900   57213  32400   8.78e-01  1.17e-01  9.33e-02  5.92e-02  4.99e-02  3.13e-02  3.12e+04  7.00e+02 -1.00e+05
2015 07 10  0905   57213  32700   9.06e-01  1.38e-01  1.14e-01  7.89e-02  4.57e-02  2.02e-02  3.13e+04  7.40e+02 -1.00e+05
2015 07 10  0910   57213  33000   1.17e+00  1.43e-01  1.20e-01  8.64e-02  7.71e-02  5.86e-02  3.20e+04  7.55e+02 -1.00e+05
2015 07 10  0915   57213  33300   1.36e+00  2.48e-01  1.75e-01  4.81e-02  3.88e-02  2.02e-02  3.26e+04  7.69e+02 -1.00e+05
2015 07 10  0920   57213  33600   1.28e+00  1.64e-01  9.11e-02  4.81e-02  3.88e-02  2.02e-02  3.26e+04  8.11e+02 -1.00e+05
2015 07 10  0925   57213  33900   1.18e+00  1.50e-01  1.28e-01  9.38e-02  8.46e-02  6.60e-02  3.27e+04  8.08e+02 -1.00e+05
2015 07 10  0930   57213  34200   1.40e+00  1.73e-01  1.51e-01  1.15e-01  7.55e-02  5.12e-02  3.31e+04  8.11e+02 -1.00e+05
2015 07 10  0935   57213  34500   2.08e+00  4.92e-01  1.98e-01  4.81e-02  3.88e-02  2.02e-02  3.38e+04  8.62e+02 -1.00e+05
2015 07 10  0940   57213  34800   1.22e+00  1.30e-01  1.07e-01  7.23e-02  4.42e-02  2.02e-02  3.40e+04  8.70e+02 -1.00e+05
2015 07 10  0945   57213  35100   1.33e+00  1.18e-01  9.56e-02  6.16e-02  5.24e-02  3.38e-02  3.40e+04  8.65e+02 -1.00e+05
2015 07 10  0950   57213  35400   1.19e+00  1.07e-01  8.23e-02  4.81e-02  3.88e-02  2.02e-02  3.40e+04  8.89e+02 -1.00e+05
2015 07 10  0955   57213  35700   2.04e+00  2.11e-01  1.23e-01  8.48e-02  4.46e-02  2.03e-02  3.40e+04  8.78e+02 -1.00e+05
2015 07 10  1000   57213  36000   1.23e+00  1.33e-01  1.10e-01  7.64e-02  6.71e-02  2.16e-02  3.40e+04  8.69e+02 -1.00e+05
2015 07 10  1005   57213  36300   1.30e+00  1.05e-01  8.20e-02  4.81e-02  3.88e-02  2.02e-02  3.40e+04  8.91e+02 -1.00e+05
2015 07 10  1010   57213  36600   1.61e+00  1.55e-01  1.33e-01  9.88e-02  8.95e-02  7.10e-02  3.52e+04  9.04e+02 -1.00e+05
2015 07 10  1015   57213  36900   3.32e+00  2.64e-01  8.39e-02  4.81e-02  3.88e-02  2.02e-02  3.56e+04  9.36e+02 -1.00e+05
2015 07 10  1020   57213  37200   1.74e+00  1.86e-01  1.64e-01  1.30e-01  1.21e-01  4.65e-02  3.56e+04  9.44e+02 -1.00e+05
2015 07 10  1025   57213  37500   2.02e+00  1.45e-01  1.23e-01  8.89e-02  7.96e-02  6.11e-02  3.56e+04  9.59e+02 -1.00e+05
2015 07 10  1030   57213  37800   2.28e+00  1.65e-01  1.07e-01  6.71e-02  5.78e-02  2.64e-02  3.56e+04  9.54e+02 -1.00e+05
2015 07 10  1035   57213  38100   3.41e+00  2.13e-01  1.00e-01  6.41e-02  5.48e-02  3.63e-02  3.57e+04  9.77e+02 -1.00e+05
2015 07 10  1040   57213  38400   2.29e+00  2.28e-01  2.06e-01  9.88e-02  8.95e-02  7.10e-02  3.68e+04  9.79e+02 -1.00e+05
2015 07 10  1045   57213  38700   2.04e+00  1.07e-01  8.23e-02  4.81e-02  3.88e-02  2.02e-02  3.76e+04  1.02e+03 -1.00e+05
2015 07 10  1050   57213  39000   2.41e+00  1.36e-01  1.14e-01  4.81e-02  3.88e-02  2.02e-02  3.76e+04  1.03e+03 -1.00e+05
2015 07 10  1055   57213  39300   2.33e+00  1.06e-01  8.32e-02  4.93e-02  4.00e-02  2.14e-02  3.76e+04  1.05e+03 -1.00e+05
2015 07 10  1100   57213  39600   3.66e+00  1.91e-01  1.03e-01  6.66e-02  5.73e-02  3.88e-02  3.76e+04  1.09e+03 -1.00e+05
2015 07 10  1105   57213  39900   3.75e+00  2.24e-01  1.38e-01  9.22e-02  8.29e-02  3.44e-02  3.76e+04  1.11e+03 -1.00e+05
2015 07 10  1110   57213  40200   2.43e+00  1.05e-01  8.20e-02  4.81e-02  3.88e-02  2.02e-02  3.76e+04  1.10e+03 -1.00e+05
2015 07 10  1115   57213  40500   2.63e+00  2.97e-01  2.75e-01  2.38e-01  1.51e-01  4.65e-02  3.76e+04  1.11e+03 -1.00e+05
2015 07 10  1120   57213  40800   5.09e+00  2.38e-01  1.08e-01  7.17e-02  5.88e-02  2.64e-02  3.76e+04  1.13e+03 -1.00e+05
2015 07 10  1125   57213  41100   4.97e+00  4.20e-01  2.49e-01  1.03e-01  8.54e-02  3.44e-02  3.76e+04  1.16e+03 -1.00e+05
2015 07 10  1130   57213  41400   2.90e+00  1.91e-01  1.69e-01  5.17e-02  4.25e-02  2.39e-02  3.89e+04  1.17e+03 -1.00e+05
2015 07 10  1135   57213  41700   6.32e+00  2.83e-01  1.16e-01  7.23e-02  4.42e-02  2.02e-02  3.96e+04  1.23e+03 -1.00e+05
2015 07 10  1140   57213  42000   3.18e+00  1.35e-01  1.13e-01  7.90e-02  6.97e-02  5.12e-02  4.00e+04  1.25e+03 -1.00e+05
2015 07 10  1145   57213  42300   3.14e+00  1.24e-01  1.01e-01  6.72e-02  5.17e-02  3.13e-02  4.15e+04  1.27e+03 -1.00e+05
2015 07 10  1150   57213  42600   5.03e+00  1.73e-01  9.99e-02  5.17e-02  4.25e-02  2.39e-02  4.16e+04  1.30e+03 -1.00e+05
2015 07 10  1155   57213  42900   5.82e+00  2.03e-01  8.89e-02  5.26e-02  3.98e-02  2.02e-02  4.16e+04  1.33e+03 -1.00e+05
2015 07 10  1200   57213  43200   3.80e+00  1.41e-01  1.18e-01  5.46e-02  4.53e-02  2.23e-02  4.17e+04  1.35e+03 -1.00e+05
2015 07 10  1205   57213  43500   3.52e+00  1.40e-01  1.18e-01  8.39e-02  7.47e-02  5.61e-02  4.21e+04  1.37e+03 -1.00e+05
2015 07 10  1210   57213  43800   3.65e+00  1.96e-01  1.72e-01  6.57e-02  4.28e-02  2.02e-02  4.40e+04  1.36e+03 -1.00e+05
2015 07 10  1215   57213  44100   3.49e+00  1.05e-01  8.20e-02  4.81e-02  3.88e-02  2.02e-02  4.40e+04  1.40e+03 -1.00e+05
2015 07 10  1220   57213  44400   3.73e+00  1.33e-01  1.10e-01  7.65e-02  6.72e-02  4.87e-02  4.40e+04  1.42e+03 -1.00e+05
2015 07 10  1225   57213  44700   5.62e+00  2.84e-01  1.84e-01  1.36e-01  1.27e-01  4.85e-02  4.40e+04  1.47e+03 -1.00e+05
2015 07 10  1230   57213  45000   3.84e+00  1.11e-01  8.81e-02  5.42e-02  4.49e-02  2.64e-02  4.40e+04  1.46e+03 -1.00e+05
2015 07 10  1235   57213  45300   4.01e+00  1.78e-01  1.55e-01  9.14e-02  8.21e-02  6.35e-02  4.40e+04  1.45e+03 -1.00e+05
2015 07 10  1240   57213  45600   8.23e+00  2.47e-01  8.76e-02  5.17e-02  4.25e-02  2.39e-02  4.40e+04  1.51e+03 -1.00e+05
2015 07 10  1245   57213  45900   4.11e+00  1.15e-01  9.27e-02  5.26e-02  3.98e-02  2.02e-02  4.40e+04  1.50e+03 -1.00e+05
2015 07 10  1250   57213  46200   4.05e+00  1.31e-01  1.08e-01  7.40e-02  6.48e-02  4.62e-02  4.40e+04  1.49e+03 -1.00e+05
2015 07 10  1255   57213  46500   9.10e+00  2.80e-01  9.12e-02  4.81e-02  3.88e-02  2.02e-02  4.53e+04  1.55e+03 -1.00e+05
2015 07 10  1300   57213  46800   4.30e+00  1.38e-01  1.15e-01  8.15e-02  7.22e-02  5.36e-02  4.64e+04  1.55e+03 -1.00e+05
2015 07 10  1305   57213  47100   6.15e+00  1.87e-01  1.30e-01  9.04e-02  8.11e-02  4.98e-02  4.66e+04  1.58e+03 -1.00e+05
2015 07 10  1310   57213  47400   4.71e+00  2.02e-01  1.79e-01  1.45e-01  1.32e-01  6.59e-02  4.66e+04  1.61e+03 -1.00e+05
2015 07 10  1315   57213  47700   4.85e+00  1.33e-01  1.10e-01  7.65e-02  6.72e-02  4.87e-02  4.66e+04  1.65e+03 -1.00e+05
2015 07 10  1320   57213  48000   5.16e+00  2.14e-01  1.91e-01  7.23e-02  4.42e-02  2.02e-02  4.66e+04  1.64e+03 -1.00e+05
2015 07 10  1325   57213  48300   7.37e+00  1.64e-01  9.11e-02  4.81e-02  3.88e-02  2.02e-02  4.67e+04  1.66e+03 -1.00e+05
2015 07 10  1330   57213  48600   5.24e+00  1.50e-01  1.27e-01  9.20e-02  4.87e-02  2.02e-02  4.73e+04  1.68e+03 -1.00e+05
2015 07 10  1335   57213  48900   5.30e+00  1.21e-01  9.82e-02  6.41e-02  5.48e-02  3.63e-02  4.67e+04  1.70e+03 -1.00e+05
2015 07 10  1340   57213  49200   1.19e+01  2.84e-01  8.38e-02  4.81e-02  3.88e-02  2.02e-02  4.67e+04  1.70e+03 -1.00e+05
2015 07 10  1345   57213  49500   5.83e+00  1.23e-01  1.01e-01  6.41e-02  5.48e-02  3.63e-02  4.69e+04  1.70e+03 -1.00e+05
2015 07 10  1350   57213  49800   5.48e+00  1.40e-01  1.17e-01  5.17e-02  4.25e-02  2.39e-02  4.68e+04  1.70e+03 -1.00e+05
2015 07 10  1355   57213  50100   7.75e+00  2.33e-01  1.63e-01  1.19e-01  8.26e-02  5.86e-02  4.91e+04  1.73e+03 -1.00e+05
2015 07 10  1400   57213  50400   1.11e+01  2.78e-01  1.20e-01  8.39e-02  7.47e-02  5.61e-02  4.87e+04  1.71e+03 -1.00e+05
2015 07 10  1405   57213  50700   1.08e+01  3.61e-01  2.05e-01  1.22e-01  8.68e-02  4.24e-02  4.92e+04  1.74e+03 -1.00e+05
2015 07 10  1410   57213  51000   1.11e+01  3.97e-01  2.04e-01  6.57e-02  4.28e-02  2.02e-02  4.93e+04  1.73e+03 -1.00e+05
2015 07 10  1415   57213  51300   6.02e+00  1.89e-01  1.66e-01  4.81e-02  3.88e-02  2.02e-02  4.93e+04  1.76e+03 -1.00e+05
2015 07 10  1420   57213  51600   6.20e+00  1.26e-01  1.03e-01  6.91e-02  5.98e-02  4.13e-02  4.93e+04  1.78e+03 -1.00e+05
2015 07 10  1425   57213  51900   6.31e+00  1.09e-01  8.67e-02  5.26e-02  3.98e-02  2.02e-02  4.93e+04  1.80e+03 -1.00e+05
2015 07 10  1430   57213  52200   8.52e+00  1.64e-01  9.11e-02  4.81e-02  3.88e-02  2.02e-02  4.93e+04  1.80e+03 -1.00e+05
2015 07 10  1435   57213  52500   1.01e+01  3.20e-01  1.69e-01  4.81e-02  3.88e-02  2.02e-02  4.93e+04  1.81e+03 -1.00e+05
2015 07 10  1440   57213  52800   1.38e+01  3.40e-01  1.30e-01  8.54e-02  4.72e-02  2.02e-02  4.93e+04  1.81e+03 -1.00e+05
2015 07 10  1445   57213  53100   9.36e+00  1.99e-01  1.26e-01  8.15e-02  4.43e-02  2.02e-02  4.97e+04  1.84e+03 -1.00e+05
2015 07 10  1450   57213  53400   1.18e+01  2.49e-01  1.30e-01  8.56e-02  4.74e-02  2.03e-02  5.15e+04  1.87e+03 -1.00e+05
2015 07 10  1455   57213  53700   6.79e+00  1.41e-01  1.18e-01  8.41e-02  7.48e-02  5.62e-02  5.17e+04  1.88e+03 -1.00e+05
2015 07 10  1500   57213  54000   1.01e+01  1.64e-01  9.11e-02  4.81e-02  3.88e-02  2.02e-02  5.19e+04  1.91e+03 -1.00e+05
2015 07 10  1505   57213  54300   7.32e+00  1.24e-01  9.98e-02  6.54e-02  4.94e-02  2.89e-02  5.19e+04  1.93e+03 -1.00e+05
2015 07 10  1510   57213  54600   7.58e+00  1.40e-01  1.17e-01  8.27e-02  6.48e-02  4.37e-02  5.19e+04  1.95e+03 -1.00e+05
2015 07 10  1515   57213  54900   1.04e+01  1.65e-01  9.23e-02  4.93e-02  4.00e-02  2.14e-02  5.19e+04  1.95e+03 -1.00e+05
2015 07 10  1520   57213  55200   8.74e+00  2.57e-01  2.19e-01  9.22e-02  8.29e-02  3.44e-02  5.19e+04  1.96e+03 -1.00e+05
2015 07 10  1525   57213  55500   7.95e+00  1.91e-01  1.66e-01  4.81e-02  3.88e-02  2.02e-02  5.19e+04  1.96e+03 -1.00e+05
2015 07 10  1530   57213  55800   1.06e+01  2.48e-01  1.75e-01  4.81e-02  3.88e-02  2.02e-02  5.21e+04  1.96e+03 -1.00e+05
2015 07 10  1535   57213  56100   1.19e+01  2.28e-01  1.26e-01  7.79e-02  6.51e-02  2.84e-02  5.38e+04  2.01e+03 -1.00e+05
2015 07 10  1540   57213  56400   8.29e+00  1.05e-01  8.20e-02  4.81e-02  3.88e-02  2.02e-02  5.46e+04  2.08e+03 -1.00e+05
2015 07 10  1545   57213  56700   8.66e+00  1.43e-01  1.20e-01  8.54e-02  4.72e-02  2.02e-02  5.46e+04  2.06e+03 -1.00e+05
2015 07 10  1550   57213  57000   8.04e+00  1.23e-01  1.00e-01  6.57e-02  4.28e-02  2.02e-02  5.46e+04  2.13e+03 -1.00e+05
2015 07 10  1555   57213  57300   1.11e+01  1.51e-01  1.29e-01  9.40e-02  6.54e-02  4.13e-02  5.65e+04  2.40e+03 -1.00e+05
2015 07 10  1600   57213  57600   1.10e+01  1.08e-01  8.35e-02  4.93e-02  4.00e-02  2.14e-02  5.53e+04  2.45e+03 -1.00e+05
2015 07 10  1605   57213  57900   2.12e+01  4.45e-01  2.38e-01  5.92e-02  4.13e-02  2.02e-02  5.46e+04  2.51e+03 -1.00e+05
2015 07 10  1610   57213  58200   1.49e+01  1.64e-01  9.11e-02  4.81e-02  3.88e-02  2.02e-02  5.46e+04  2.48e+03 -1.00e+05
2015 07 10  1615   57213  58500   1.13e+01  1.59e-01  1.36e-01  1.01e-01  7.49e-02  5.12e-02  5.46e+04  2.50e+03 -1.00e+05
2015 07 10  1620   57213  58800   1.05e+01  1.23e-01  1.01e-01  6.70e-02  5.77e-02  3.92e-02  5.22e+04  2.47e+03 -1.00e+05
2015 07 10  1625   57213  59100   1.07e+01  1.53e-01  1.30e-01  9.63e-02  8.70e-02  6.85e-02  5.42e+04  2.49e+03 -1.00e+05
2015 07 10  1630   57213  59400   1.17e+01  1.05e-01  8.20e-02  4.81e-02  3.88e-02  2.02e-02  5.53e+04  2.58e+03 -1.00e+05
2015 07 10  1635   57213  59700   1.69e+01  2.19e-01  1.48e-01  1.04e-01  7.15e-02  4.62e-02  5.73e+04  2.66e+03 -1.00e+05
2015 07 10  1640   57213  60000   2.02e+01  1.98e-01  1.10e-01  7.38e-02  5.32e-02  3.13e-02  5.47e+04  2.68e+03 -1.00e+05
2015 07 10  1645   57213  60300   2.00e+01  1.77e-01  8.89e-02  5.26e-02  3.98e-02  2.02e-02  5.47e+04  2.68e+03 -1.00e+05
2015 07 10  1650   57213  60600   1.24e+01  2.73e-01  2.50e-01  2.15e-01  1.41e-01  4.45e-02  5.46e+04  2.66e+03 -1.00e+05
2015 07 10  1655   57213  60900   1.29e+01  1.32e-01  1.10e-01  7.59e-02  6.67e-02  3.84e-02  5.65e+04  2.71e+03 -1.00e+05
2015 07 10  1700   57213  61200   1.26e+01  1.49e-01  1.27e-01  6.16e-02  5.24e-02  3.38e-02  5.52e+04  2.70e+03 -1.00e+05
2015 07 10  1705   57213  61500   1.25e+01  1.23e-01  1.00e-01  6.60e-02  4.30e-02  2.03e-02  5.46e+04  2.65e+03 -1.00e+05
2015 07 10  1710   57213  61800   1.32e+01  2.05e-01  1.83e-01  6.91e-02  5.98e-02  4.13e-02  5.48e+04  2.73e+03 -1.00e+05
2015 07 10  1715   57213  62100   1.71e+01  1.83e-01  1.34e-01  9.57e-02  8.64e-02  4.81e-02  5.59e+04  2.75e+03 -1.00e+05
2015 07 10  1720   57213  62400   2.27e+01  1.98e-01  8.42e-02  4.81e-02  3.88e-02  2.02e-02  5.46e+04  2.66e+03 -1.00e+05
2015 07 10  1725   57213  62700   1.24e+01  1.33e-01  1.10e-01  7.65e-02  6.72e-02  4.87e-02  5.46e+04  2.66e+03 -1.00e+05
2015 07 10  1730   57213  63000   1.25e+01  1.89e-01  1.66e-01  4.81e-02  3.88e-02  2.02e-02  5.38e+04  2.62e+03 -1.00e+05
2015 07 10  1735   57213  63300   1.84e+01  3.45e-01  2.36e-01  1.54e-01  1.45e-01  7.54e-02  5.31e+04  2.57e+03 -1.00e+05
2015 07 10  1740   57213  63600   1.80e+01  1.73e-01  9.99e-02  5.17e-02  4.25e-02  2.39e-02  5.46e+04  2.68e+03 -1.00e+05
2015 07 10  1745   57213  63900   2.39e+01  2.35e-01  9.14e-02  4.81e-02  3.88e-02  2.02e-02  5.46e+04  2.62e+03 -1.00e+05
2015 07 10  1750   57213  64200   1.21e+01  1.16e-01  9.32e-02  5.91e-02  4.63e-02  2.23e-02  5.46e+04  2.63e+03 -1.00e+05
2015 07 10  1755   57213  64500   2.03e+01  2.03e-01  1.16e-01  7.91e-02  6.01e-02  3.88e-02  5.42e+04  2.63e+03 -1.00e+05
2015 07 10  1800   57213  64800   1.23e+01  1.36e-01  1.13e-01  7.88e-02  5.07e-02  2.23e-02  5.30e+04  2.60e+03 -1.00e+05
2015 07 10  1805   57213  65100   1.29e+01  2.99e-01  2.76e-01  1.28e-01  9.40e-02  4.99e-02  5.42e+04  2.64e+03 -1.00e+05
2015 07 10  1810   57213  65400   1.25e+01  2.20e-01  1.98e-01  7.89e-02  4.57e-02  2.02e-02  5.24e+04  2.57e+03 -1.00e+05
2015 07 10  1815   57213  65700   1.79e+01  1.64e-01  9.11e-02  4.81e-02  3.88e-02  2.02e-02  5.19e+04  2.53e+03 -1.00e+05
2015 07 10  1820   57213  66000   2.09e+01  2.11e-01  1.23e-01  8.54e-02  4.72e-02  2.02e-02  5.21e+04  2.55e+03 -1.00e+05
2015 07 10  1825   57213  66300   2.42e+01  2.76e-01  1.34e-01  9.84e-02  8.92e-02  3.64e-02  5.19e+04  2.50e+03 -1.00e+05
2015 07 10  1830   57213  66600   2.17e+01  3.71e-01  2.51e-01  1.21e-01  7.91e-02  5.12e-02  5.19e+04  2.50e+03 -1.00e+05
2015 07 10  1835   57213  66900   1.76e+01  2.12e-01  1.39e-01  5.26e-02  3.98e-02  2.02e-02  5.19e+04  2.53e+03 -1.00e+05
2015 07 10  1840   57213  67200   2.04e+01  2.22e-01  1.11e-01  6.08e-02  5.15e-02  2.43e-02  5.19e+04  2.46e+03 -1.00e+05
2015 07 10  1845   57213  67500   1.88e+01  3.13e-01  1.90e-01  5.26e-02  3.98e-02  2.02e-02  5.03e+04  2.35e+03 -1.00e+05
2015 07 10  1850   57213  67800   1.16e+01  1.95e-01  1.71e-01  5.42e-02  4.49e-02  2.64e-02  5.02e+04  2.34e+03 -1.00e+05
2015 07 10  1855   57213  68100   1.17e+01  1.67e-01  1.45e-01  1.10e-01  8.63e-02  6.35e-02  5.10e+04  2.33e+03 -1.00e+05
2015 07 10  1900   57213  68400   1.88e+01  3.47e-01  2.24e-01  8.54e-02  4.72e-02  2.02e-02  5.09e+04  2.37e+03 -1.00e+05
2015 07 10  1905   57213  68700   1.14e+01  2.86e-01  2.64e-01  1.11e-01  7.25e-02  2.84e-02  5.05e+04  2.34e+03 -1.00e+05
2015 07 10  1910   57213  69000   1.52e+01  1.96e-01  1.23e-01  4.81e-02  3.88e-02  2.02e-02  4.93e+04  2.22e+03 -1.00e+05
2015 07 10  1915   57213  69300   1.02e+01  1.83e-01  1.60e-01  7.65e-02  6.72e-02  4.02e-02  4.92e+04  2.15e+03 -1.00e+05
2015 07 10  1920   57213  69600   1.04e+01  1.05e-01  8.20e-02  4.81e-02  3.88e-02  2.02e-02  4.87e+04  2.13e+03 -1.00e+05
2015 07 10  1925   57213  69900   1.10e+01  1.17e-01  9.47e-02  6.08e-02  5.15e-02  2.43e-02  4.67e+04  2.10e+03 -1.00e+05
2015 07 10  1930   57213  70200   1.11e+01  1.90e-01  1.67e-01  4.93e-02  4.00e-02  2.14e-02  4.66e+04  2.06e+03 -1.00e+05
2015 07 10  1935   57213  70500   1.16e+01  1.88e-01  1.65e-01  1.31e-01  1.22e-01  5.29e-02  4.30e+04  1.98e+03 -1.00e+05
2015 07 10  1940   57213  70800   1.27e+01  1.18e-01  9.38e-02  5.92e-02  4.13e-02  2.02e-02  4.40e+04  1.98e+03 -1.00e+05
2015 07 10  1945   57213  71100   1.17e+01  1.05e-01  8.20e-02  4.81e-02  3.88e-02  2.02e-02  4.40e+04  1.97e+03 -1.00e+05
2015 07 10  1950   57213  71400   1.18e+01  1.55e-01  1.32e-01  9.84e-02  8.92e-02  3.64e-02  4.40e+04  1.99e+03 -1.00e+05
2015 07 10  1955   57213  71700   1.97e+01  2.14e-01  1.26e-01  8.87e-02  5.84e-02  3.38e-02  4.40e+04  1.98e+03 -1.00e+05
2015 07 10  2000   57213  72000   2.19e+01  2.65e-01  1.52e-01  1.16e-01  1.03e-01  4.05e-02  4.40e+04  1.96e+03 -1.00e+05
2015 07 10  2005   57213  72300   1.25e+01  1.17e-01  9.47e-02  6.08e-02  5.15e-02  2.43e-02  4.27e+04  1.83e+03 -1.00e+05
2015 07 10  2010   57213  72600   2.13e+01  4.01e-01  1.86e-01  8.89e-02  7.96e-02  6.11e-02  4.17e+04  1.76e+03 -1.00e+05
2015 07 10  2015   57213  72900   1.23e+01  1.43e-01  1.20e-01  8.57e-02  6.16e-02  3.88e-02  4.18e+04  1.74e+03 -1.00e+05
2015 07 10  2020   57213  73200   1.27e+01  1.13e-01  8.83e-02  4.81e-02  3.88e-02  2.02e-02  4.08e+04  1.73e+03 -1.00e+05
2015 07 10  2025   57213  73500   1.02e+01  1.11e-01  8.87e-02  5.48e-02  4.55e-02  2.32e-02  3.82e+04  1.44e+03 -1.00e+05
2015 07 10  2030   57213  73800   1.12e+01  1.60e-01  1.38e-01  6.16e-02  5.24e-02  3.38e-02  3.97e+04  1.38e+03 -1.00e+05
2015 07 10  2035   57213  74100   1.58e+01  2.02e-01  9.06e-02  5.46e-02  4.53e-02  2.23e-02  3.56e+04  1.17e+03 -1.00e+05
2015 07 10  2040   57213  74400   1.55e+01  2.94e-01  1.61e-01  1.25e-01  1.15e-01  4.90e-02  3.88e+04  1.18e+03 -1.00e+05
2015 07 10  2045   57213  74700   1.35e+01  2.13e-01  1.09e-01  7.34e-02  6.41e-02  2.84e-02  3.90e+04  1.25e+03 -1.00e+05
2015 07 10  2050   57213  75000   9.46e+00  1.20e-01  9.78e-02  6.36e-02  4.71e-02  2.64e-02  3.73e+04  1.25e+03 -1.00e+05
2015 07 10  2055   57213  75300   2.01e+01  2.39e-01  1.03e-01  6.66e-02  5.73e-02  3.88e-02  3.79e+04  1.25e+03 -1.00e+05
2015 07 10  2100   57213  75600   1.09e+01  1.73e-01  1.51e-01  1.17e-01  1.08e-01  6.33e-02  3.66e+04  1.21e+03 -1.00e+05
2015 07 10  2105   57213  75900   1.17e+01  1.22e-01  9.95e-02  5.92e-02  4.13e-02  2.02e-02  3.56e+04  1.15e+03 -1.00e+05
2015 07 10  2110   57213  76200   1.17e+01  1.53e-01  1.29e-01  9.27e-02  5.04e-02  2.64e-02  3.54e+04  1.05e+03 -1.00e+05
2015 07 10  2115   57213  76500   1.60e+01  2.11e-01  1.49e-01  1.08e-01  9.88e-02  7.39e-02  3.36e+04  1.00e+03 -1.00e+05
2015 07 10  2120   57213  76800   1.78e+01  2.23e-01  1.27e-01  7.96e-02  7.04e-02  3.04e-02  3.15e+04  9.15e+02 -1.00e+05
2015 07 10  2125   57213  77100   1.11e+01  2.27e-01  2.04e-01  9.63e-02  8.70e-02  6.85e-02  2.97e+04  7.67e+02 -1.00e+05
2015 07 10  2130   57213  77400   2.20e+01  4.70e-01  1.97e-01  7.15e-02  6.22e-02  4.37e-02  2.70e+04  6.80e+02 -1.00e+05
2015 07 10  2135   57213  77700   1.98e+01  6.74e-01  2.45e-01  5.26e-02  3.98e-02  2.02e-02  2.29e+04  5.02e+02 -1.00e+05
2015 07 10  2140   57213  78000   9.79e+00  1.89e-01  1.17e-01  7.44e-02  6.10e-02  4.13e-02  2.28e+04  4.24e+02 -1.00e+05
2015 07 10  2145   57213  78300   9.03e+00  1.73e-01  8.42e-02  4.81e-02  3.88e-02  2.02e-02  1.86e+04  3.25e+02 -1.00e+05
2015 07 10  2150   57213  78600   9.16e+00  2.00e-01  1.27e-01  8.29e-02  4.43e-02  2.02e-02  1.74e+04  3.40e+02 -1.00e+05
2015 07 10  2155   57213  78900   1.08e+01  1.73e-01  8.42e-02  4.81e-02  3.88e-02  2.02e-02  1.63e+04  3.36e+02 -1.00e+05
2015 07 10  2200   57213  79200   1.15e+01  1.98e-01  8.44e-02  4.83e-02  3.90e-02  2.03e-02  1.59e+04  3.34e+02 -1.00e+05
2015 07 10  2205   57213  79500   1.31e+01  2.81e-01  1.22e-01  8.43e-02  4.43e-02  2.02e-02  1.51e+04  3.04e+02 -1.00e+05
2015 07 10  2210   57213  79800   9.28e+00  1.64e-01  9.11e-02  4.81e-02  3.88e-02  2.02e-02  1.39e+04  2.97e+02 -1.00e+05
2015 07 10  2215   57213  80100   8.91e+00  1.64e-01  9.11e-02  4.81e-02  3.88e-02  2.02e-02  1.37e+04  2.61e+02 -1.00e+05
2015 07 10  2220   57213  80400   1.17e+01  1.93e-01  1.05e-01  6.90e-02  5.40e-02  3.38e-02  1.79e+04  2.95e+02 -1.00e+05
2015 07 10  2225   57213  80700   1.29e+01  3.67e-01  1.49e-01  4.81e-02  3.88e-02  2.02e-02  1.41e+04  2.86e+02 -1.00e+05
2015 07 10  2230   57213  81000   5.28e+00  1.36e-01  1.14e-01  7.96e-02  7.04e-02  3.04e-02  1.26e+04  1.91e+02 -1.00e+05
2015 07 10  2235   57213  81300   3.12e+00  2.22e-01  1.99e-01  1.64e-01  1.33e-01  7.12e-02  8.60e+03  9.93e+01 -1.00e+05
2015 07 10  2240   57213  81600   2.58e+00  2.07e-01  1.34e-01  4.81e-02  3.88e-02  2.02e-02  4.01e+03  2.12e+01 -1.00e+05
2015 07 10  2245   57213  81900   5.13e+00  3.08e-01  9.02e-02  5.46e-02  4.53e-02  2.23e-02  4.80e+03  2.19e+01 -1.00e+05
2015 07 10  2250   57213  82200   5.65e+00  1.85e-01  1.13e-01  6.91e-02  5.98e-02  4.13e-02  5.62e+03  4.19e+01 -1.00e+05
2015 07 10  2255   57213  82500   2.31e+00  1.17e-01  9.46e-02  6.07e-02  5.02e-02  3.13e-02  1.18e+03  5.35e+00 -1.00e+05
2015 07 10  2300   57213  82800   2.34e+00  1.47e-01  1.25e-01  4.81e-02  3.88e-02  2.02e-02  3.03e+02  1.83e+00 -1.00e+05
2015 07 10  2305   57213  83100   2.08e+00  2.31e-01  2.08e-01  1.05e-01  9.54e-02  3.84e-02  1.99e+02  1.33e-01 -1.00e+05
2015 07 10  2310   57213  83400   2.42e+00  1.30e-01  1.08e-01  7.32e-02  4.54e-02  2.14e-02  1.88e+02  1.33e-01 -1.00e+05
2015 07 10  2315   57213  83700   2.26e+00  1.05e-01  8.20e-02  4.81e-02  3.88e-02  2.02e-02  7.07e+01  2.26e+00 -1.00e+05
2015 07 10  2320   57213  84000   2.82e+00  1.05e-01  8.20e-02  4.81e-02  3.88e-02  2.02e-02  9.22e+01  1.33e-01 -1.00e+05
2015 07 10  2325   57213  84300   5.32e+00  1.11e-01  8.80e-02  4.81e-02  3.88e-02  2.02e-02  1.05e+02  1.16e+00 -1.00e+05
2015 07 10  2330   57213  84600   2.91e+00  3.06e-01  2.10e-01  1.60e-01  8.67e-02  3.04e-02  6.66e+01  1.33e-01 -1.00e+05
2015 07 10  2335   57213  84900   3.83e+00  1.20e-01  9.63e-02  6.18e-02  4.47e-02  2.39e-02  1.09e+02  8.89e-01 -1.00e+05
2015 07 10  2340   57213  85200   3.25e+00  1.33e-01  1.10e-01  7.65e-02  6.72e-02  4.87e-02  2.39e+02  1.33e-01 -1.00e+05
2015 07 10  2345   57213  85500   7.29e+00  1.98e-01  8.42e-02  4.81e-02  3.88e-02  2.02e-02  1.48e+03  8.16e+00 -1.00e+05
2015 07 10  2350   57213  85800   3.60e+00  2.00e-01  1.77e-01  1.42e-01  8.58e-02  3.04e-02  2.52e+03  6.73e+00 -1.00e+05
2015 07 10  2355   57213  86100   4.41e+00  1.54e-01  1.31e-01  9.57e-02  5.79e-02  3.38e-02  1.85e+03  3.89e+00 -1.00e+05
