:Data_list: 20151201_Gs_part_5m.txt
:Created: 2015 Dec 02 0011 UTC
# Prepared by the U.S. Dept. of Commerce, NOAA, Space Weather Prediction Center
# Please send comments and suggestions to SWPC.Webmaster@noaa.gov 
# 
# Label: P > 1 = Particles at >1 Mev
# Label: P > 5 = Particles at >5 Mev
# Label: P >10 = Particles at >10 Mev
# Label: P >30 = Particles at >30 Mev
# Label: P >50 = Particles at >50 Mev
# Label: P>100 = Particles at >100 Mev
# Label: E>0.8 = Electrons at >0.8 Mev
# Label: E>2.0 = Electrons at >2.0 Mev
# Label: E>4.0 = Electrons at >4.0 Mev
# Units: Particles = Protons/cm2-s-sr
# Units: Electrons = Electrons/cm2-s-sr
# Source: GOES-15
# Location: W135
# Missing data: -1.00e+05
#
#                      5-minute  GOES-15 Solar Particle and Electron Flux
#
#                 Modified Seconds
# UTC Date  Time   Julian  of the
# YR MO DA  HHMM    Day     Day     P > 1     P > 5     P >10     P >30     P >50     P>100     E>0.8     E>2.0     E>4.0
#-------------------------------------------------------------------------------------------------------------------------
2015 12 01  0000   57357      0   2.39e+00  1.55e-01  1.29e-01  8.53e-02  7.52e-02  3.21e-02  1.71e+04  3.47e+01 -1.00e+05
2015 12 01  0005   57357    300   2.07e+00  1.30e-01  9.64e-02  5.16e-02  4.15e-02  2.13e-02  1.54e+04  3.49e+01 -1.00e+05
2015 12 01  0010   57357    600   2.12e+00  1.35e-01  1.01e-01  5.50e-02  4.22e-02  2.13e-02  1.57e+04  2.99e+01 -1.00e+05
2015 12 01  0015   57357    900   3.69e+00  2.87e-01  1.36e-01  8.91e-02  6.54e-02  4.13e-02  1.56e+04  3.07e+01 -1.00e+05
2015 12 01  0020   57357   1200   2.22e+00  2.20e-01  1.87e-01  6.22e-02  5.20e-02  3.15e-02  1.53e+04  2.89e+01 -1.00e+05
2015 12 01  0025   57357   1500   1.88e+00  1.47e-01  1.13e-01  6.81e-02  4.52e-02  2.13e-02  1.57e+04  2.71e+01 -1.00e+05
2015 12 01  0030   57357   1800   3.21e+00  2.94e-01  1.43e-01  9.55e-02  5.95e-02  3.15e-02  1.53e+04  2.64e+01 -1.00e+05
2015 12 01  0035   57357   2100   1.66e+00  1.99e-01  1.73e-01  1.29e-01  1.19e-01  4.62e-02  1.50e+04  2.56e+01 -1.00e+05
2015 12 01  0040   57357   2400   1.98e+00  1.30e-01  9.64e-02  5.16e-02  4.15e-02  2.13e-02  1.50e+04  3.18e+01 -1.00e+05
2015 12 01  0045   57357   2700   2.04e+00  1.56e-01  1.23e-01  5.16e-02  4.15e-02  2.13e-02  1.45e+04  2.68e+01 -1.00e+05
2015 12 01  0050   57357   3000   2.83e+00  2.01e-01  1.00e-01  5.16e-02  4.15e-02  2.13e-02  1.58e+04  2.94e+01 -1.00e+05
2015 12 01  0055   57357   3300   2.70e+00  3.02e-01  2.41e-01  7.90e-02  6.89e-02  3.01e-02  1.62e+04  3.40e+01 -1.00e+05
2015 12 01  0100   57357   3600   2.78e+00  1.88e-01  1.05e-01  5.18e-02  4.17e-02  2.15e-02  1.62e+04  2.96e+01 -1.00e+05
2015 12 01  0105   57357   3900   3.44e+00  2.44e-01  1.17e-01  6.81e-02  4.52e-02  2.13e-02  1.68e+04  2.80e+01 -1.00e+05
2015 12 01  0110   57357   4200   2.22e+00  1.23e-01  9.73e-02  5.40e-02  4.38e-02  2.20e-02  1.74e+04  3.42e+01 -1.00e+05
2015 12 01  0115   57357   4500   2.42e+00  1.31e-01  9.76e-02  5.16e-02  4.15e-02  2.13e-02  1.70e+04  3.02e+01 -1.00e+05
2015 12 01  0120   57357   4800   3.57e+00  1.98e-01  9.85e-02  5.16e-02  4.15e-02  2.13e-02  1.69e+04  3.09e+01 -1.00e+05
2015 12 01  0125   57357   5100   1.96e+00  1.21e-01  9.50e-02  5.16e-02  4.15e-02  2.13e-02  1.61e+04  3.05e+01 -1.00e+05
2015 12 01  0130   57357   5400   1.88e+00  1.94e-01  1.68e-01  5.16e-02  4.15e-02  2.13e-02  1.52e+04  2.38e+01 -1.00e+05
2015 12 01  0135   57357   5700   1.58e+00  1.69e-01  1.43e-01  5.16e-02  4.15e-02  2.13e-02  1.44e+04  2.07e+01 -1.00e+05
2015 12 01  0140   57357   6000   2.66e+00  1.98e-01  9.85e-02  5.16e-02  4.15e-02  2.13e-02  1.48e+04  2.64e+01 -1.00e+05
2015 12 01  0145   57357   6300   1.80e+00  2.00e-01  1.74e-01  5.16e-02  4.15e-02  2.13e-02  1.45e+04  2.72e+01 -1.00e+05
2015 12 01  0150   57357   6600   1.47e+00  1.30e-01  9.64e-02  5.16e-02  4.15e-02  2.13e-02  1.34e+04  2.54e+01 -1.00e+05
2015 12 01  0155   57357   6900   2.22e+00  2.76e-01  1.94e-01  6.42e-02  5.41e-02  3.39e-02  1.43e+04  2.40e+01 -1.00e+05
2015 12 01  0200   57357   7200   1.52e+00  1.36e-01  1.10e-01  6.67e-02  5.65e-02  3.63e-02  1.34e+04  2.15e+01 -1.00e+05
2015 12 01  0205   57357   7500   1.41e+00  1.58e-01  1.32e-01  5.16e-02  4.15e-02  2.13e-02  1.27e+04  1.88e+01 -1.00e+05
2015 12 01  0210   57357   7800   1.20e+00  1.21e-01  9.50e-02  5.16e-02  4.15e-02  2.13e-02  1.28e+04  2.43e+01 -1.00e+05
2015 12 01  0215   57357   8100   1.75e+00  1.88e-01  1.05e-01  5.16e-02  4.15e-02  2.13e-02  1.24e+04  2.56e+01 -1.00e+05
2015 12 01  0220   57357   8400   1.07e+00  1.21e-01  9.50e-02  5.16e-02  4.15e-02  2.13e-02  1.24e+04  2.03e+01 -1.00e+05
2015 12 01  0225   57357   8700   1.53e+00  2.00e-01  1.74e-01  5.16e-02  4.15e-02  2.13e-02  1.31e+04  1.82e+01 -1.00e+05
2015 12 01  0230   57357   9000   1.30e+00  1.22e-01  9.62e-02  5.16e-02  4.15e-02  2.13e-02  1.30e+04  1.87e+01 -1.00e+05
2015 12 01  0235   57357   9300   1.65e+00  1.42e-01  1.08e-01  6.15e-02  4.37e-02  2.13e-02  1.30e+04  1.75e+01 -1.00e+05
2015 12 01  0240   57357   9600   1.75e+00  2.36e-01  2.05e-01  8.89e-02  7.88e-02  5.86e-02  1.30e+04  1.63e+01 -1.00e+05
2015 12 01  0245   57357   9900   1.37e+00  1.34e-01  1.08e-01  6.42e-02  5.41e-02  3.39e-02  1.22e+04  1.59e+01 -1.00e+05
2015 12 01  0250   57357  10200   2.04e+00  2.45e-01  1.16e-01  5.40e-02  4.38e-02  2.20e-02  1.26e+04  1.86e+01 -1.00e+05
2015 12 01  0255   57357  10500   1.70e+00  2.25e-01  9.85e-02  5.16e-02  4.15e-02  2.13e-02  1.26e+04  1.99e+01 -1.00e+05
2015 12 01  0300   57357  10800   1.05e+00  1.59e-01  1.33e-01  8.77e-02  4.96e-02  2.13e-02  1.18e+04  1.53e+01 -1.00e+05
2015 12 01  0305   57357  11100   1.36e+00  2.38e-01  2.12e-01  7.46e-02  4.66e-02  2.13e-02  1.29e+04  1.40e+01 -1.00e+05
2015 12 01  0310   57357  11400   1.28e+00  1.36e-01  1.10e-01  6.65e-02  5.64e-02  2.61e-02  1.43e+04  1.47e+01 -1.00e+05
2015 12 01  0315   57357  11700   1.24e+00  1.65e-01  1.39e-01  9.43e-02  5.11e-02  2.13e-02  1.37e+04  1.80e+01 -1.00e+05
2015 12 01  0320   57357  12000   1.36e+00  1.52e-01  1.26e-01  8.24e-02  6.97e-02  3.01e-02  1.17e+04  1.02e+01 -1.00e+05
2015 12 01  0325   57357  12300   1.24e+00  1.21e-01  9.50e-02  5.16e-02  4.15e-02  2.13e-02  1.32e+04  1.61e+01 -1.00e+05
2015 12 01  0330   57357  12600   1.52e+00  1.30e-01  9.64e-02  5.16e-02  4.15e-02  2.13e-02  1.44e+04  1.52e+01 -1.00e+05
2015 12 01  0335   57357  12900   1.67e+00  1.21e-01  9.50e-02  5.16e-02  4.15e-02  2.13e-02  1.57e+04  1.74e+01 -1.00e+05
2015 12 01  0340   57357  13200   1.73e+00  1.83e-01  1.57e-01  7.90e-02  6.89e-02  3.01e-02  1.74e+04  2.07e+01 -1.00e+05
2015 12 01  0345   57357  13500   1.72e+00  1.40e-01  1.14e-01  7.04e-02  4.75e-02  2.20e-02  1.58e+04  1.68e+01 -1.00e+05
2015 12 01  0350   57357  13800   1.98e+00  2.45e-01  1.21e-01  6.02e-02  5.01e-02  2.40e-02  1.57e+04  1.77e+01 -1.00e+05
2015 12 01  0355   57357  14100   1.44e+00  1.87e-01  1.61e-01  5.18e-02  4.17e-02  2.15e-02  1.57e+04  1.67e+01 -1.00e+05
2015 12 01  0400   57357  14400   1.30e+00  1.56e-01  1.23e-01  5.16e-02  4.15e-02  2.13e-02  1.43e+04  1.83e+01 -1.00e+05
2015 12 01  0405   57357  14700   1.56e+00  3.07e-01  2.81e-01  2.35e-01  1.49e-01  4.62e-02  1.50e+04  1.50e+01 -1.00e+05
2015 12 01  0410   57357  15000   2.80e+00  4.64e-01  2.18e-01  6.15e-02  4.37e-02  2.13e-02  1.54e+04  1.79e+01 -1.00e+05
2015 12 01  0415   57357  15300   1.37e+00  1.46e-01  1.20e-01  7.61e-02  6.34e-02  2.81e-02  1.61e+04  2.09e+01 -1.00e+05
2015 12 01  0420   57357  15600   2.22e+00  1.98e-01  9.85e-02  5.16e-02  4.15e-02  2.13e-02  1.60e+04  2.09e+01 -1.00e+05
2015 12 01  0425   57357  15900   1.23e+00  1.21e-01  9.50e-02  5.16e-02  4.15e-02  2.13e-02  1.49e+04  1.61e+01 -1.00e+05
2015 12 01  0430   57357  16200   2.06e+00  2.85e-01  1.11e-01  6.42e-02  5.41e-02  3.39e-02  1.47e+04  1.83e+01 -1.00e+05
2015 12 01  0435   57357  16500   9.20e-01  1.21e-01  9.50e-02  5.16e-02  4.15e-02  2.13e-02  1.39e+04  1.65e+01 -1.00e+05
2015 12 01  0440   57357  16800   1.25e+00  1.56e-01  1.30e-01  8.65e-02  7.63e-02  5.61e-02  1.45e+04  1.56e+01 -1.00e+05
2015 12 01  0445   57357  17100   1.08e+00  1.82e-01  1.56e-01  7.24e-02  5.78e-02  3.63e-02  1.48e+04  1.49e+01 -1.00e+05
2015 12 01  0450   57357  17400   1.59e+00  2.54e-01  1.37e-01  8.93e-02  6.64e-02  2.81e-02  1.51e+04  1.65e+01 -1.00e+05
2015 12 01  0455   57357  17700   1.03e+00  1.31e-01  9.76e-02  5.16e-02  4.15e-02  2.13e-02  1.54e+04  1.63e+01 -1.00e+05
2015 12 01  0500   57357  18000   1.44e+00  1.88e-01  1.05e-01  5.16e-02  4.15e-02  2.13e-02  1.48e+04  1.64e+01 -1.00e+05
2015 12 01  0505   57357  18300   9.91e-01  1.65e-01  1.39e-01  9.43e-02  5.11e-02  2.13e-02  1.43e+04  1.91e+01 -1.00e+05
2015 12 01  0510   57357  18600   1.02e+00  2.61e-01  2.35e-01  7.91e-02  6.90e-02  3.02e-02  1.43e+04  1.64e+01 -1.00e+05
2015 12 01  0515   57357  18900   1.03e+00  1.47e-01  1.21e-01  5.16e-02  4.15e-02  2.13e-02  1.43e+04  2.05e+01 -1.00e+05
2015 12 01  0520   57357  19200   9.53e-01  1.31e-01  1.05e-01  6.17e-02  5.16e-02  3.14e-02  1.41e+04  1.52e+01 -1.00e+05
2015 12 01  0525   57357  19500   8.66e-01  1.31e-01  1.05e-01  6.17e-02  5.16e-02  3.14e-02  1.42e+04  1.66e+01 -1.00e+05
2015 12 01  0530   57357  19800   1.74e+00  2.25e-01  9.85e-02  5.16e-02  4.15e-02  2.13e-02  1.37e+04  1.88e+01 -1.00e+05
2015 12 01  0535   57357  20100   1.45e+00  3.17e-01  2.91e-01  1.01e-01  9.12e-02  7.10e-02  1.38e+04  1.53e+01 -1.00e+05
2015 12 01  0540   57357  20400   1.01e+00  2.10e-01  1.84e-01  6.15e-02  4.37e-02  2.13e-02  1.37e+04  1.62e+01 -1.00e+05
2015 12 01  0545   57357  20700   8.52e-01  1.55e-01  1.29e-01  8.53e-02  7.52e-02  3.21e-02  1.32e+04  1.43e+01 -1.00e+05
2015 12 01  0550   57357  21000   9.45e-01  1.47e-01  1.21e-01  7.67e-02  5.38e-02  2.40e-02  1.37e+04  1.46e+01 -1.00e+05
2015 12 01  0555   57357  21300   8.98e-01  1.46e-01  1.20e-01  7.46e-02  4.66e-02  2.13e-02  1.36e+04  1.35e+01 -1.00e+05
2015 12 01  0600   57357  21600   9.06e-01  2.31e-01  1.98e-01  8.73e-02  6.31e-02  3.88e-02  1.37e+04  1.46e+01 -1.00e+05
2015 12 01  0605   57357  21900   9.73e-01  1.73e-01  1.47e-01  1.04e-01  9.40e-02  3.81e-02  1.32e+04  1.59e+01 -1.00e+05
2015 12 01  0610   57357  22200   1.56e+00  3.78e-01  2.11e-01  6.81e-02  4.52e-02  2.13e-02  1.30e+04  1.47e+01 -1.00e+05
2015 12 01  0615   57357  22500   9.76e-01  1.56e-01  1.23e-01  5.18e-02  4.17e-02  2.15e-02  1.30e+04  1.50e+01 -1.00e+05
2015 12 01  0620   57357  22800   1.29e+00  2.27e-01  1.44e-01  8.80e-02  4.74e-02  2.13e-02  1.30e+04  1.31e+01 -1.00e+05
2015 12 01  0625   57357  23100   9.90e-01  2.06e-01  1.46e-01  9.55e-02  7.26e-02  3.01e-02  1.29e+04  1.63e+01 -1.00e+05
2015 12 01  0630   57357  23400   8.54e-01  2.11e-01  1.85e-01  6.17e-02  4.39e-02  2.15e-02  1.24e+04  1.39e+01 -1.00e+05
2015 12 01  0635   57357  23700   7.03e-01  1.45e-01  1.19e-01  7.46e-02  4.66e-02  2.13e-02  1.23e+04  1.25e+01 -1.00e+05
2015 12 01  0640   57357  24000   1.36e+00  3.41e-01  2.58e-01  8.12e-02  4.81e-02  2.13e-02  1.17e+04  1.49e+01 -1.00e+05
2015 12 01  0645   57357  24300   8.21e-01  3.10e-01  2.79e-01  8.40e-02  7.39e-02  5.37e-02  1.16e+04  1.41e+01 -1.00e+05
2015 12 01  0650   57357  24600   1.88e+00  3.65e-01  1.06e-01  5.92e-02  4.91e-02  2.89e-02  1.10e+04  1.36e+01 -1.00e+05
2015 12 01  0655   57357  24900   6.96e-01  1.71e-01  1.45e-01  1.01e-01  9.12e-02  7.10e-02  1.05e+04  1.21e+01 -1.00e+05
2015 12 01  0700   57357  25200   7.45e-01  2.06e-01  1.80e-01  5.92e-02  4.91e-02  2.89e-02  1.08e+04  1.42e+01 -1.00e+05
2015 12 01  0705   57357  25500   5.82e-01  1.31e-01  1.05e-01  6.15e-02  4.37e-02  2.13e-02  1.07e+04  1.44e+01 -1.00e+05
2015 12 01  0710   57357  25800   9.45e-01  2.32e-01  2.01e-01  1.01e-01  9.12e-02  7.10e-02  1.09e+04  1.17e+01 -1.00e+05
2015 12 01  0715   57357  26100   8.25e-01  1.61e-01  1.35e-01  9.14e-02  8.13e-02  6.11e-02  1.10e+04  1.20e+01 -1.00e+05
2015 12 01  0720   57357  26400   6.93e-01  1.32e-01  1.06e-01  6.15e-02  4.37e-02  2.13e-02  1.10e+04  1.20e+01 -1.00e+05
2015 12 01  0725   57357  26700   9.70e-01  2.34e-01  1.83e-01  1.34e-01  9.11e-02  3.41e-02  1.10e+04  1.14e+01 -1.00e+05
2015 12 01  0730   57357  27000   1.02e+00  1.59e-01  1.33e-01  8.90e-02  7.11e-02  3.01e-02  1.22e+04  1.36e+01 -1.00e+05
2015 12 01  0735   57357  27300   7.17e-01  1.21e-01  9.50e-02  5.16e-02  4.15e-02  2.13e-02  1.17e+04  1.57e+01 -1.00e+05
2015 12 01  0740   57357  27600   6.73e-01  1.61e-01  1.35e-01  5.73e-02  4.46e-02  2.20e-02  1.09e+04  1.06e+01 -1.00e+05
2015 12 01  0745   57357  27900   7.67e-01  2.24e-01  1.98e-01  7.46e-02  4.66e-02  2.13e-02  1.00e+04  1.10e+01 -1.00e+05
2015 12 01  0750   57357  28200   7.63e-01  1.30e-01  9.66e-02  5.18e-02  4.17e-02  2.15e-02  9.47e+03  1.09e+01 -1.00e+05
2015 12 01  0755   57357  28500   7.95e-01  1.21e-01  9.52e-02  5.18e-02  4.17e-02  2.15e-02  8.86e+03  1.26e+01 -1.00e+05
2015 12 01  0800   57357  28800   1.06e+00  2.77e-01  1.96e-01  6.67e-02  5.65e-02  3.63e-02  9.13e+03  9.95e+00 -1.00e+05
2015 12 01  0805   57357  29100   1.09e+00  2.67e-01  1.84e-01  5.16e-02  4.15e-02  2.13e-02  8.67e+03  1.17e+01 -1.00e+05
2015 12 01  0810   57357  29400   9.40e-01  2.73e-01  2.42e-01  1.24e-01  8.48e-02  5.86e-02  8.51e+03  9.30e+00 -1.00e+05
2015 12 01  0815   57357  29700   7.27e-01  1.57e-01  1.31e-01  8.77e-02  7.76e-02  4.14e-02  8.58e+03  7.84e+00 -1.00e+05
2015 12 01  0820   57357  30000   7.41e-01  1.34e-01  1.08e-01  6.35e-02  4.62e-02  2.40e-02  8.81e+03  1.25e+01 -1.00e+05
2015 12 01  0825   57357  30300   5.87e-01  1.41e-01  1.15e-01  7.18e-02  6.16e-02  4.14e-02  8.41e+03  9.70e+00 -1.00e+05
2015 12 01  0830   57357  30600   6.59e-01  1.34e-01  1.08e-01  6.42e-02  5.41e-02  3.39e-02  8.34e+03  1.07e+01 -1.00e+05
2015 12 01  0835   57357  30900   7.88e-01  1.88e-01  1.05e-01  5.16e-02  4.15e-02  2.13e-02  7.99e+03  1.38e+01 -1.00e+05
2015 12 01  0840   57357  31200   7.48e-01  1.99e-01  1.69e-01  1.24e-01  1.14e-01  4.98e-02  8.09e+03  8.69e+00 -1.00e+05
2015 12 01  0845   57357  31500   5.99e-01  2.21e-01  1.95e-01  1.52e-01  1.34e-01  5.02e-02  8.25e+03  1.01e+01 -1.00e+05
2015 12 01  0850   57357  31800   4.82e-01  1.21e-01  9.50e-02  5.16e-02  4.15e-02  2.13e-02  8.02e+03  1.05e+01 -1.00e+05
2015 12 01  0855   57357  32100   5.51e-01  1.56e-01  1.23e-01  5.16e-02  4.15e-02  2.13e-02  8.29e+03  1.37e+01 -1.00e+05
2015 12 01  0900   57357  32400   7.47e-01  1.56e-01  1.23e-01  5.16e-02  4.15e-02  2.13e-02  8.27e+03  9.26e+00 -1.00e+05
2015 12 01  0905   57357  32700   1.29e+00  3.26e-01  1.36e-01  8.93e-02  6.64e-02  2.81e-02  8.94e+03  7.82e+00 -1.00e+05
2015 12 01  0910   57357  33000   7.38e-01  1.31e-01  1.05e-01  6.15e-02  4.37e-02  2.13e-02  8.65e+03  1.28e+01 -1.00e+05
2015 12 01  0915   57357  33300   4.92e+00  1.26e-01  1.00e-01  5.68e-02  4.66e-02  2.64e-02  7.51e+03  1.06e+01 -1.00e+05
2015 12 01  0920   57357  33600   5.99e+00  1.93e-01  1.43e-01  9.50e-02  8.22e-02  3.41e-02  9.56e+03  1.39e+01 -1.00e+05
2015 12 01  0925   57357  33900   5.67e+00  2.05e-01  1.79e-01  1.35e-01  1.25e-01  4.82e-02  1.38e+04  2.03e+01 -1.00e+05
2015 12 01  0930   57357  34200   7.74e+00  4.91e-01  2.33e-01  8.15e-02  7.14e-02  5.12e-02  1.38e+04  2.37e+01 -1.00e+05
2015 12 01  0935   57357  34500   3.14e+00  2.09e-01  1.76e-01  5.16e-02  4.15e-02  2.13e-02  1.50e+04  2.13e+01 -1.00e+05
2015 12 01  0940   57357  34800   2.48e+00  1.67e-01  1.34e-01  8.77e-02  4.96e-02  2.13e-02  1.59e+04  2.41e+01 -1.00e+05
2015 12 01  0945   57357  35100   2.30e+00  1.90e-01  1.39e-01  9.16e-02  8.15e-02  3.41e-02  1.61e+04  2.96e+01 -1.00e+05
2015 12 01  0950   57357  35400   1.50e+00  3.30e-01  3.04e-01  1.09e-01  7.77e-02  5.12e-02  1.61e+04  2.12e+01 -1.00e+05
2015 12 01  0955   57357  35700   1.71e+00  1.50e-01  1.24e-01  8.10e-02  7.08e-02  3.76e-02  1.60e+04  2.22e+01 -1.00e+05
2015 12 01  1000   57357  36000   1.42e+00  1.21e-01  9.50e-02  5.16e-02  4.15e-02  2.13e-02  1.59e+04  2.44e+01 -1.00e+05
2015 12 01  1005   57357  36300   1.72e+00  2.12e-01  1.30e-01  7.46e-02  4.66e-02  2.13e-02  1.63e+04  2.41e+01 -1.00e+05
2015 12 01  1010   57357  36600   1.48e+00  1.21e-01  9.50e-02  5.16e-02  4.15e-02  2.13e-02  1.60e+04  2.72e+01 -1.00e+05
2015 12 01  1015   57357  36900   2.02e+00  2.93e-01  1.66e-01  1.04e-01  9.37e-02  7.35e-02  1.50e+04  2.42e+01 -1.00e+05
2015 12 01  1020   57357  37200   1.01e+00  1.21e-01  9.50e-02  5.16e-02  4.15e-02  2.13e-02  1.40e+04  2.24e+01 -1.00e+05
2015 12 01  1025   57357  37500   9.07e-01  1.22e-01  9.62e-02  5.16e-02  4.15e-02  2.13e-02  1.33e+04  2.30e+01 -1.00e+05
2015 12 01  1030   57357  37800   1.39e+00  2.81e-01  2.00e-01  7.16e-02  6.15e-02  4.13e-02  1.34e+04  1.68e+01 -1.00e+05
2015 12 01  1035   57357  38100   9.10e-01  1.69e-01  1.38e-01  9.39e-02  8.38e-02  6.36e-02  1.32e+04  1.83e+01 -1.00e+05
2015 12 01  1040   57357  38400   9.01e-01  1.47e-01  1.21e-01  5.16e-02  4.15e-02  2.13e-02  1.23e+04  1.65e+01 -1.00e+05
2015 12 01  1045   57357  38700   7.68e-01  1.64e-01  1.38e-01  9.44e-02  8.42e-02  3.00e-02  1.23e+04  1.68e+01 -1.00e+05
2015 12 01  1050   57357  39000   8.75e-01  2.01e-01  1.20e-01  6.67e-02  5.65e-02  3.63e-02  1.23e+04  1.93e+01 -1.00e+05
2015 12 01  1055   57357  39300   5.76e-01  1.95e-01  1.69e-01  6.15e-02  4.37e-02  2.13e-02  1.13e+04  1.45e+01 -1.00e+05
2015 12 01  1100   57357  39600   6.34e-01  1.53e-01  1.27e-01  8.12e-02  4.81e-02  2.13e-02  1.06e+04  1.28e+01 -1.00e+05
2015 12 01  1105   57357  39900   5.63e-01  1.36e-01  1.10e-01  6.67e-02  5.65e-02  3.63e-02  1.04e+04  1.42e+01 -1.00e+05
2015 12 01  1110   57357  40200   1.47e+00  3.00e-01  1.49e-01  1.01e-01  5.25e-02  2.13e-02  9.90e+03  1.14e+01 -1.00e+05
2015 12 01  1115   57357  40500   8.68e-01  2.47e-01  2.13e-01  7.46e-02  4.66e-02  2.13e-02  9.41e+03  1.34e+01 -1.00e+05
2015 12 01  1120   57357  40800   6.69e-01  2.32e-01  2.06e-01  1.62e-01  1.23e-01  7.53e-02  8.51e+03  7.32e+00 -1.00e+05
2015 12 01  1125   57357  41100   4.99e-01  1.40e-01  1.14e-01  7.02e-02  4.79e-02  2.40e-02  8.22e+03  1.23e+01 -1.00e+05
2015 12 01  1130   57357  41400   5.03e-01  1.89e-01  1.23e-01  7.28e-02  6.26e-02  2.81e-02  8.21e+03  1.08e+01 -1.00e+05
2015 12 01  1135   57357  41700   6.46e-01  1.81e-01  1.47e-01  1.01e-01  5.25e-02  2.13e-02  7.98e+03  1.64e+01 -1.00e+05
2015 12 01  1140   57357  42000   5.74e-01  1.58e-01  1.32e-01  5.16e-02  4.15e-02  2.13e-02  6.94e+03  1.14e+01 -1.00e+05
2015 12 01  1145   57357  42300   4.49e-01  1.21e-01  9.50e-02  5.16e-02  4.15e-02  2.13e-02  6.29e+03  1.44e+01 -1.00e+05
2015 12 01  1150   57357  42600   3.93e+00  1.46e-01  1.20e-01  7.66e-02  6.65e-02  4.63e-02  5.87e+03  8.87e+00 -1.00e+05
2015 12 01  1155   57357  42900   1.40e+01  1.30e-01  1.04e-01  6.02e-02  5.01e-02  2.40e-02  5.77e+03  1.24e+01 -1.00e+05
2015 12 01  1200   57357  43200   1.13e+01  2.10e-01  1.77e-01  6.81e-02  4.52e-02  2.13e-02  6.27e+03  1.57e+01 -1.00e+05
2015 12 01  1205   57357  43500   1.96e+00  2.00e-01  1.74e-01  5.16e-02  4.15e-02  2.13e-02  6.55e+03  1.50e+01 -1.00e+05
2015 12 01  1210   57357  43800   9.48e-01  1.58e-01  1.32e-01  8.77e-02  4.96e-02  2.13e-02  6.67e+03  1.55e+01 -1.00e+05
2015 12 01  1215   57357  44100   1.01e+00  2.09e-01  1.83e-01  1.39e-01  1.29e-01  6.30e-02  5.95e+03  6.63e+00 -1.00e+05
2015 12 01  1220   57357  44400   8.44e-01  1.58e-01  1.32e-01  8.77e-02  4.96e-02  2.13e-02  5.63e+03  1.17e+01 -1.00e+05
2015 12 01  1225   57357  44700   8.03e-01  1.63e-01  1.37e-01  9.33e-02  7.79e-02  5.61e-02  7.04e+03  1.31e+01 -1.00e+05
2015 12 01  1230   57357  45000   8.56e-01  1.21e-01  9.50e-02  5.16e-02  4.15e-02  2.13e-02  6.77e+03  1.54e+01 -1.00e+05
2015 12 01  1235   57357  45300   6.31e+00  2.59e-01  1.08e-01  6.17e-02  5.16e-02  3.14e-02  8.04e+03  1.73e+01 -1.00e+05
2015 12 01  1240   57357  45600   7.35e+00  1.31e-01  9.76e-02  5.16e-02  4.15e-02  2.13e-02  7.43e+03  1.77e+01 -1.00e+05
2015 12 01  1245   57357  45900   5.61e+00  1.40e-01  1.07e-01  6.15e-02  4.37e-02  2.13e-02  6.73e+03  1.84e+01 -1.00e+05
2015 12 01  1250   57357  46200   2.72e+00  1.62e-01  1.36e-01  6.67e-02  5.65e-02  3.63e-02  8.74e+03  2.31e+01 -1.00e+05
2015 12 01  1255   57357  46500   2.09e+00  1.68e-01  1.42e-01  9.89e-02  8.87e-02  6.85e-02  1.06e+04  2.36e+01 -1.00e+05
2015 12 01  1300   57357  46800   2.34e+00  1.21e-01  9.50e-02  5.16e-02  4.15e-02  2.13e-02  1.18e+04  3.26e+01 -1.00e+05
2015 12 01  1305   57357  47100   4.12e+00  3.62e-01  1.23e-01  7.66e-02  6.64e-02  4.62e-02  1.21e+04  2.99e+01 -1.00e+05
2015 12 01  1310   57357  47400   1.90e+00  1.84e-01  1.58e-01  8.53e-02  7.52e-02  3.21e-02  1.25e+04  3.14e+01 -1.00e+05
2015 12 01  1315   57357  47700   3.20e+00  2.25e-01  9.85e-02  5.16e-02  4.15e-02  2.13e-02  1.36e+04  3.55e+01 -1.00e+05
2015 12 01  1320   57357  48000   2.06e+00  1.55e-01  1.29e-01  8.53e-02  7.52e-02  3.21e-02  1.33e+04  4.03e+01 -1.00e+05
2015 12 01  1325   57357  48300   2.16e+00  1.21e-01  9.50e-02  5.16e-02  4.15e-02  2.13e-02  1.33e+04  4.21e+01 -1.00e+05
2015 12 01  1330   57357  48600   3.15e+00  2.48e-01  1.59e-01  1.04e-01  9.40e-02  3.81e-02  1.24e+04  3.43e+01 -1.00e+05
2015 12 01  1335   57357  48900   2.42e+00  2.02e-01  1.76e-01  5.16e-02  4.15e-02  2.13e-02  1.21e+04  3.95e+01 -1.00e+05
2015 12 01  1340   57357  49200   3.35e+00  3.14e-01  2.32e-01  9.94e-02  5.51e-02  2.89e-02  1.11e+04  2.88e+01 -1.00e+05
2015 12 01  1345   57357  49500   3.51e+00  2.47e-01  2.13e-01  8.77e-02  4.96e-02  2.13e-02  1.26e+04  3.47e+01 -1.00e+05
2015 12 01  1350   57357  49800   4.83e+00  2.38e-01  1.10e-01  6.15e-02  4.37e-02  2.13e-02  1.04e+04  3.51e+01 -1.00e+05
2015 12 01  1355   57357  50100   2.42e+00  1.72e-01  1.46e-01  1.03e-01  9.28e-02  6.40e-02  1.10e+04  3.59e+01 -1.00e+05
2015 12 01  1400   57357  50400   3.11e+00  2.28e-01  1.50e-01  9.74e-02  8.72e-02  6.70e-02  1.02e+04  2.78e+01 -1.00e+05
2015 12 01  1405   57357  50700   3.52e+00  2.33e-01  1.51e-01  9.68e-02  6.14e-02  3.39e-02  1.08e+04  2.97e+01 -1.00e+05
2015 12 01  1410   57357  51000   2.33e+00  1.22e-01  9.62e-02  5.16e-02  4.15e-02  2.13e-02  1.05e+04  3.06e+01 -1.00e+05
2015 12 01  1415   57357  51300   3.31e+00  2.33e-01  1.50e-01  9.43e-02  5.11e-02  2.13e-02  1.06e+04  2.98e+01 -1.00e+05
2015 12 01  1420   57357  51600   2.13e+00  1.21e-01  9.50e-02  5.16e-02  4.15e-02  2.13e-02  9.58e+03  3.87e+01 -1.00e+05
2015 12 01  1425   57357  51900   2.87e+00  2.11e-01  1.11e-01  6.42e-02  5.41e-02  3.39e-02  9.74e+03  3.32e+01 -1.00e+05
2015 12 01  1430   57357  52200   2.29e+00  1.31e-01  9.76e-02  5.16e-02  4.15e-02  2.13e-02  1.10e+04  3.72e+01 -1.00e+05
2015 12 01  1435   57357  52500   1.88e+01  1.88e-01  1.07e-01  5.40e-02  4.38e-02  2.20e-02  1.19e+04  3.96e+01 -1.00e+05
2015 12 01  1440   57357  52800   8.78e+01  5.41e-01  2.37e-01  1.09e-01  5.91e-02  2.40e-02  1.31e+04  3.51e+01 -1.00e+05
2015 12 01  1445   57357  53100   6.44e+01  3.03e-01  1.54e-01  5.18e-02  4.17e-02  2.15e-02  1.53e+04  5.03e+01 -1.00e+05
2015 12 01  1450   57357  53400   7.86e+01  1.21e-01  9.52e-02  5.18e-02  4.17e-02  2.15e-02  1.66e+04  5.61e+01 -1.00e+05
2015 12 01  1455   57357  53700   2.68e+02  2.98e-01  1.01e-01  5.43e-02  4.41e-02  2.40e-02  1.60e+04  5.00e+01 -1.00e+05
2015 12 01  1500   57357  54000   1.03e+02  2.25e-01  1.99e-01  1.55e-01  1.45e-01  5.81e-02  1.72e+04  5.89e+01 -1.00e+05
2015 12 01  1505   57357  54300   7.88e+01  1.55e-01  1.29e-01  8.53e-02  7.52e-02  3.21e-02  1.95e+04  7.65e+01 -1.00e+05
2015 12 01  1510   57357  54600   9.21e+01  1.21e-01  9.50e-02  5.16e-02  4.15e-02  2.13e-02  1.99e+04  7.69e+01 -1.00e+05
2015 12 01  1515   57357  54900   1.30e+02  2.40e-01  1.58e-01  1.03e-01  5.51e-02  2.40e-02  1.93e+04  7.02e+01 -1.00e+05
2015 12 01  1520   57357  55200   7.42e+01  1.42e-01  1.09e-01  6.42e-02  5.41e-02  3.39e-02  2.03e+04  7.24e+01 -1.00e+05
2015 12 01  1525   57357  55500   3.93e+01  2.97e-01  2.71e-01  1.29e-01  1.16e-01  7.35e-02  2.03e+04  6.94e+01 -1.00e+05
2015 12 01  1530   57357  55800   6.15e+01  2.32e-01  1.06e-01  5.92e-02  4.91e-02  2.89e-02  2.03e+04  7.98e+01 -1.00e+05
2015 12 01  1535   57357  56100   3.69e+01  1.36e-01  1.10e-01  6.65e-02  5.64e-02  2.61e-02  2.24e+04  7.70e+01 -1.00e+05
2015 12 01  1540   57357  56400   2.90e+01  1.46e-01  1.14e-01  6.91e-02  5.90e-02  3.88e-02  2.14e+04  7.77e+01 -1.00e+05
2015 12 01  1545   57357  56700   2.08e+01  1.42e-01  1.16e-01  7.28e-02  6.26e-02  2.81e-02  2.33e+04  9.13e+01 -1.00e+05
2015 12 01  1550   57357  57000   1.79e+01  2.00e-01  1.74e-01  5.16e-02  4.15e-02  2.13e-02  2.60e+04  1.16e+02 -1.00e+05
2015 12 01  1555   57357  57300   1.40e+01  1.73e-01  1.47e-01  1.02e-01  6.93e-02  2.81e-02  2.70e+04  1.33e+02 -1.00e+05
2015 12 01  1600   57357  57600   2.39e+01  1.98e-01  9.85e-02  5.16e-02  4.15e-02  2.13e-02  3.15e+04  1.81e+02 -1.00e+05
2015 12 01  1605   57357  57900   1.43e+01  1.49e-01  1.23e-01  5.40e-02  4.38e-02  2.20e-02  3.11e+04  1.89e+02 -1.00e+05
2015 12 01  1610   57357  58200   1.37e+01  2.77e-01  2.51e-01  8.82e-02  7.80e-02  4.32e-02  3.25e+04  2.15e+02 -1.00e+05
2015 12 01  1615   57357  58500   1.22e+01  1.69e-01  1.43e-01  9.80e-02  5.59e-02  2.64e-02  3.50e+04  2.48e+02 -1.00e+05
2015 12 01  1620   57357  58800   1.02e+01  2.00e-01  1.74e-01  5.16e-02  4.15e-02  2.13e-02  3.47e+04  2.68e+02 -1.00e+05
2015 12 01  1625   57357  59100   9.46e+00  2.60e-01  2.34e-01  9.15e-02  5.44e-02  2.64e-02  3.59e+04  2.91e+02 -1.00e+05
2015 12 01  1630   57357  59400   9.10e+00  1.21e-01  9.50e-02  5.16e-02  4.15e-02  2.13e-02  3.59e+04  3.05e+02 -1.00e+05
2015 12 01  1635   57357  59700   9.29e+00  1.67e-01  1.41e-01  9.78e-02  8.77e-02  3.61e-02  3.84e+04  3.38e+02 -1.00e+05
2015 12 01  1640   57357  60000   1.72e+01  2.90e-01  1.16e-01  6.91e-02  5.90e-02  3.88e-02  3.81e+04  3.40e+02 -1.00e+05
2015 12 01  1645   57357  60300   8.08e+00  1.21e-01  9.50e-02  5.16e-02  4.15e-02  2.13e-02  3.55e+04  3.23e+02 -1.00e+05
2015 12 01  1650   57357  60600   8.12e+00  2.09e-01  1.83e-01  1.40e-01  1.30e-01  7.58e-02  3.44e+04  2.95e+02 -1.00e+05
2015 12 01  1655   57357  60900   6.75e+00  1.21e-01  9.36e-02  5.04e-02  4.08e-02  2.09e-02  3.30e+04  2.84e+02 -1.00e+05
2015 12 01  1700   57357  61200   1.07e+01  2.54e-01  1.31e-01  8.44e-02  5.73e-02  3.24e-02  3.21e+04  2.63e+02 -1.00e+05
2015 12 01  1705   57357  61500   6.18e+00  1.66e-01  1.40e-01  5.04e-02  4.08e-02  2.09e-02  3.26e+04  2.61e+02 -1.00e+05
2015 12 01  1710   57357  61800   6.65e+00  1.20e-01  9.37e-02  5.07e-02  4.11e-02  2.10e-02  3.33e+04  2.88e+02 -1.00e+05
2015 12 01  1715   57357  62100   6.02e+00  1.67e-01  1.40e-01  5.67e-02  4.25e-02  2.10e-02  3.54e+04  3.21e+02 -1.00e+05
2015 12 01  1720   57357  62400   7.55e+00  1.26e-01  9.97e-02  5.64e-02  4.22e-02  2.09e-02  3.76e+04  3.46e+02 -1.00e+05
2015 12 01  1725   57357  62700   1.63e+01  2.20e-01  1.94e-01  9.65e-02  8.69e-02  6.71e-02  3.91e+04  3.84e+02 -1.00e+05
2015 12 01  1730   57357  63000   3.61e+01  1.57e-01  1.30e-01  5.04e-02  4.08e-02  2.09e-02  3.97e+04  4.48e+02 -1.00e+05
2015 12 01  1735   57357  63300   8.89e+01  3.95e-01  1.98e-01  5.04e-02  4.08e-02  2.09e-02  4.16e+04  4.94e+02 -1.00e+05
2015 12 01  1740   57357  63600   9.44e+01  4.10e-01  2.14e-01  8.91e-02  7.95e-02  5.96e-02  4.11e+04  4.99e+02 -1.00e+05
2015 12 01  1745   57357  63900   6.34e+01  1.89e-01  1.63e-01  1.19e-01  1.05e-01  4.23e-02  4.17e+04  5.44e+02 -1.00e+05
2015 12 01  1750   57357  64200   6.20e+01  1.76e-01  1.50e-01  1.04e-01  5.33e-02  2.74e-02  4.17e+04  5.40e+02 -1.00e+05
2015 12 01  1755   57357  64500   4.33e+01  1.57e-01  1.31e-01  8.61e-02  4.69e-02  2.09e-02  4.26e+04  5.87e+02 -1.00e+05
2015 12 01  1800   57357  64800   2.62e+01  1.58e-01  1.31e-01  8.83e-02  7.87e-02  3.31e-02  4.29e+04  5.98e+02 -1.00e+05
2015 12 01  1805   57357  65100   1.52e+01  1.61e-01  1.35e-01  9.16e-02  8.20e-02  6.21e-02  3.65e+04  4.70e+02 -1.00e+05
2015 12 01  1810   57357  65400   1.57e+01  1.38e-01  1.11e-01  6.83e-02  5.75e-02  3.73e-02  4.21e+04  6.01e+02 -1.00e+05
2015 12 01  1815   57357  65700   2.09e+01  2.89e-01  1.66e-01  8.17e-02  7.21e-02  5.22e-02  3.95e+04  5.51e+02 -1.00e+05
2015 12 01  1820   57357  66000   2.22e+01  4.14e-01  1.86e-01  6.32e-02  5.36e-02  2.51e-02  3.89e+04  5.01e+02 -1.00e+05
2015 12 01  1825   57357  66300   2.02e+01  3.38e-01  1.54e-01  5.04e-02  4.08e-02  2.09e-02  3.94e+04  5.43e+02 -1.00e+05
2015 12 01  1830   57357  66600   1.22e+01  1.40e-01  1.14e-01  6.93e-02  5.97e-02  3.98e-02  4.15e+04  5.98e+02 -1.00e+05
2015 12 01  1835   57357  66900   1.16e+01  1.78e-01  1.52e-01  1.08e-01  6.64e-02  3.73e-02  3.97e+04  5.63e+02 -1.00e+05
2015 12 01  1840   57357  67200   1.52e+01  3.42e-01  2.53e-01  1.12e-01  1.01e-01  5.13e-02  3.98e+04  5.86e+02 -1.00e+05
2015 12 01  1845   57357  67500   1.63e+01  2.36e-01  1.11e-01  5.04e-02  4.08e-02  2.09e-02  3.98e+04  5.83e+02 -1.00e+05
2015 12 01  1850   57357  67800   9.63e+00  1.26e-01  9.89e-02  5.04e-02  4.08e-02  2.09e-02  3.96e+04  5.90e+02 -1.00e+05
2015 12 01  1855   57357  68100   1.43e+01  2.55e-01  1.34e-01  7.35e-02  6.40e-02  4.29e-02  3.95e+04  5.71e+02 -1.00e+05
2015 12 01  1900   57357  68400   8.85e+00  1.62e-01  1.36e-01  9.27e-02  8.31e-02  6.33e-02  3.76e+04  5.25e+02 -1.00e+05
2015 12 01  1905   57357  68700   8.62e+00  1.20e-01  9.34e-02  5.04e-02  4.08e-02  2.09e-02  3.93e+04  5.48e+02 -1.00e+05
2015 12 01  1910   57357  69000   8.92e+00  2.01e-01  1.75e-01  1.30e-01  8.88e-02  5.96e-02  3.83e+04  5.42e+02 -1.00e+05
2015 12 01  1915   57357  69300   7.06e+00  1.31e-01  1.05e-01  6.18e-02  5.23e-02  3.24e-02  3.64e+04  4.73e+02 -1.00e+05
2015 12 01  1920   57357  69600   1.00e+01  3.26e-01  2.05e-01  1.44e-01  1.35e-01  7.23e-02  3.71e+04  4.76e+02 -1.00e+05
2015 12 01  1925   57357  69900   6.03e+00  3.08e-01  2.81e-01  8.81e-02  7.86e-02  5.87e-02  3.50e+04  4.19e+02 -1.00e+05
2015 12 01  1930   57357  70200   5.25e+00  1.33e-01  1.06e-01  6.30e-02  4.36e-02  2.09e-02  3.38e+04  4.32e+02 -1.00e+05
2015 12 01  1935   57357  70500   5.47e+00  1.87e-01  1.60e-01  8.17e-02  7.21e-02  5.22e-02  3.64e+04  4.36e+02 -1.00e+05
2015 12 01  1940   57357  70800   5.34e+00  2.04e-01  1.77e-01  5.04e-02  4.08e-02  2.09e-02  3.59e+04  4.51e+02 -1.00e+05
2015 12 01  1945   57357  71100   6.58e+00  2.88e-01  2.15e-01  1.06e-01  8.52e-02  6.21e-02  3.77e+04  4.37e+02 -1.00e+05
2015 12 01  1950   57357  71400   7.56e+00  2.41e-01  1.17e-01  5.04e-02  4.08e-02  2.09e-02  3.86e+04  4.56e+02 -1.00e+05
2015 12 01  1955   57357  71700   5.20e+00  1.42e-01  1.16e-01  7.17e-02  6.22e-02  4.23e-02  3.99e+04  4.75e+02 -1.00e+05
2015 12 01  2000   57357  72000   6.95e+00  1.83e-01  1.20e-01  7.03e-02  6.07e-02  3.00e-02  4.17e+04  4.94e+02 -1.00e+05
2015 12 01  2005   57357  72300   8.38e+00  2.63e-01  1.42e-01  8.19e-02  7.23e-02  5.25e-02  4.31e+04  5.06e+02 -1.00e+05
2015 12 01  2010   57357  72600   7.75e+00  2.09e-01  1.35e-01  8.36e-02  6.30e-02  3.99e-02  4.40e+04  5.22e+02 -1.00e+05
2015 12 01  2015   57357  72900   5.79e+00  1.41e-01  1.15e-01  7.17e-02  6.22e-02  4.23e-02  4.38e+04  5.26e+02 -1.00e+05
2015 12 01  2020   57357  73200   8.49e+00  2.34e-01  1.22e-01  7.58e-02  6.62e-02  2.91e-02  4.00e+04  4.32e+02 -1.00e+05
2015 12 01  2025   57357  73500   5.53e+00  2.04e-01  1.77e-01  5.04e-02  4.08e-02  2.09e-02  4.32e+04  4.77e+02 -1.00e+05
2015 12 01  2030   57357  73800   6.48e+00  1.82e-01  1.51e-01  1.07e-01  9.75e-02  3.91e-02  4.65e+04  5.62e+02 -1.00e+05
2015 12 01  2035   57357  74100   6.18e+00  2.44e-01  2.17e-01  1.72e-01  1.19e-01  7.33e-02  4.72e+04  6.06e+02 -1.00e+05
2015 12 01  2040   57357  74400   6.89e+00  1.22e-01  9.51e-02  5.19e-02  4.23e-02  2.25e-02  4.66e+04  6.29e+02 -1.00e+05
2015 12 01  2045   57357  74700   1.17e+01  2.14e-01  1.38e-01  8.51e-02  4.72e-02  2.10e-02  4.63e+04  6.67e+02 -1.00e+05
2015 12 01  2050   57357  75000   1.28e+01  1.95e-01  1.20e-01  6.83e-02  5.75e-02  3.73e-02  4.40e+04  6.13e+02 -1.00e+05
2015 12 01  2055   57357  75300   1.32e+01  3.24e-01  1.99e-01  6.95e-02  4.51e-02  2.09e-02  4.40e+04  6.04e+02 -1.00e+05
2015 12 01  2100   57357  75600   1.31e+01  2.37e-01  1.27e-01  6.95e-02  5.99e-02  2.71e-02  4.40e+04  6.24e+02 -1.00e+05
2015 12 01  2105   57357  75900   9.62e+00  2.04e-01  1.77e-01  5.04e-02  4.08e-02  2.09e-02  4.34e+04  6.20e+02 -1.00e+05
2015 12 01  2110   57357  76200   1.66e+01  3.18e-01  1.94e-01  6.30e-02  4.36e-02  2.09e-02  4.26e+04  6.43e+02 -1.00e+05
2015 12 01  2115   57357  76500   1.43e+01  2.94e-01  1.73e-01  1.25e-01  8.18e-02  5.22e-02  3.95e+04  5.89e+02 -1.00e+05
2015 12 01  2120   57357  76800   1.02e+01  3.90e-01  2.69e-01  1.35e-01  9.79e-02  7.20e-02  3.74e+04  5.24e+02 -1.00e+05
2015 12 01  2125   57357  77100   4.92e+00  1.45e-01  1.19e-01  5.04e-02  4.08e-02  2.09e-02  3.37e+04  4.25e+02 -1.00e+05
2015 12 01  2130   57357  77400   4.23e+00  1.26e-01  9.97e-02  5.64e-02  4.22e-02  2.09e-02  2.93e+04  3.11e+02 -1.00e+05
2015 12 01  2135   57357  77700   5.11e+00  1.25e-01  9.75e-02  5.44e-02  4.48e-02  2.49e-02  3.13e+04  3.37e+02 -1.00e+05
2015 12 01  2140   57357  78000   5.43e+00  1.33e-01  1.06e-01  6.32e-02  5.36e-02  2.51e-02  3.43e+04  4.09e+02 -1.00e+05
2015 12 01  2145   57357  78300   1.03e+01  3.84e-01  2.21e-01  7.60e-02  5.35e-02  2.99e-02  3.57e+04  4.62e+02 -1.00e+05
2015 12 01  2150   57357  78600   5.95e+00  1.45e-01  1.19e-01  5.04e-02  4.08e-02  2.09e-02  3.58e+04  4.71e+02 -1.00e+05
2015 12 01  2155   57357  78900   5.99e+00  1.76e-01  1.49e-01  9.46e-02  8.50e-02  3.51e-02  3.74e+04  5.00e+02 -1.00e+05
2015 12 01  2200   57357  79200   6.60e+00  2.34e-01  2.07e-01  8.91e-02  7.95e-02  5.96e-02  3.77e+04  5.29e+02 -1.00e+05
2015 12 01  2205   57357  79500   7.22e+00  2.34e-01  2.07e-01  8.08e-02  5.27e-02  2.74e-02  3.79e+04  5.52e+02 -1.00e+05
2015 12 01  2210   57357  79800   1.05e+01  3.52e-01  2.30e-01  9.65e-02  8.69e-02  6.71e-02  3.16e+04  4.29e+02 -1.00e+05
2015 12 01  2215   57357  80100   1.05e+01  3.05e-01  1.34e-01  8.68e-02  6.75e-02  4.48e-02  2.29e+04  2.62e+02 -1.00e+05
2015 12 01  2220   57357  80400   8.86e+00  1.64e-01  1.38e-01  9.46e-02  8.50e-02  3.51e-02  2.79e+04  3.36e+02 -1.00e+05
2015 12 01  2225   57357  80700   2.60e+01  3.57e-01  1.64e-01  1.18e-01  9.36e-02  6.95e-02  3.05e+04  3.96e+02 -1.00e+05
2015 12 01  2230   57357  81000   1.76e+01  2.14e-01  1.68e-01  1.21e-01  8.60e-02  3.31e-02  3.33e+04  4.20e+02 -1.00e+05
2015 12 01  2235   57357  81300   1.57e+01  2.06e-01  1.79e-01  8.83e-02  7.87e-02  3.31e-02  3.43e+04  4.45e+02 -1.00e+05
2015 12 01  2240   57357  81600   1.51e+01  1.26e-01  9.89e-02  5.04e-02  4.08e-02  2.09e-02  3.62e+04  5.02e+02 -1.00e+05
2015 12 01  2245   57357  81900   1.26e+01  1.57e-01  1.30e-01  5.04e-02  4.08e-02  2.09e-02  3.73e+04  5.27e+02 -1.00e+05
2015 12 01  2250   57357  82200   1.06e+01  1.78e-01  1.52e-01  1.09e-01  9.92e-02  4.58e-02  3.62e+04  5.20e+02 -1.00e+05
2015 12 01  2255   57357  82500   8.23e+00  2.05e-01  1.78e-01  5.19e-02  4.23e-02  2.25e-02  3.58e+04  4.94e+02 -1.00e+05
2015 12 01  2300   57357  82800   1.03e+01  2.91e-01  1.68e-01  1.06e-01  6.41e-02  3.49e-02  3.44e+04  4.52e+02 -1.00e+05
2015 12 01  2305   57357  83100   6.19e+00  1.21e-01  9.36e-02  5.04e-02  4.08e-02  2.09e-02  3.50e+04  4.46e+02 -1.00e+05
2015 12 01  2310   57357  83400   9.92e+00  2.51e-01  1.27e-01  6.68e-02  5.72e-02  3.73e-02  3.47e+04  4.15e+02 -1.00e+05
2015 12 01  2315   57357  83700   9.93e+00  2.41e-01  1.17e-01  5.04e-02  4.08e-02  2.09e-02  3.43e+04  4.11e+02 -1.00e+05
2015 12 01  2320   57357  84000   6.20e+00  1.21e-01  9.36e-02  5.04e-02  4.08e-02  2.09e-02  2.99e+04  3.31e+02 -1.00e+05
2015 12 01  2325   57357  84300   8.03e+00  2.04e-01  1.77e-01  1.33e-01  9.41e-02  6.82e-02  3.61e+04  4.39e+02 -1.00e+05
2015 12 01  2330   57357  84600   1.41e+01  2.79e-01  1.62e-01  7.86e-02  6.90e-02  2.17e-02  3.97e+04  5.17e+02 -1.00e+05
2015 12 01  2335   57357  84900   1.50e+01  2.53e-01  1.06e-01  5.94e-02  4.98e-02  2.99e-02  4.15e+04  5.55e+02 -1.00e+05
2015 12 01  2340   57357  85200   7.98e+00  1.27e-01  1.00e-01  5.70e-02  4.74e-02  2.30e-02  4.22e+04  5.82e+02 -1.00e+05
2015 12 01  2345   57357  85500   7.72e+00  1.92e-01  1.65e-01  8.33e-02  7.37e-02  3.59e-02  4.66e+04  6.97e+02 -1.00e+05
2015 12 01  2350   57357  85800   6.99e+00  1.99e-01  1.72e-01  9.40e-02  8.45e-02  6.46e-02  4.51e+04  6.73e+02 -1.00e+05
2015 12 01  2355   57357  86100   6.75e+00  1.26e-01  9.90e-02  5.04e-02  4.08e-02  2.09e-02  4.44e+04  6.53e+02 -1.00e+05
