:Data_list: 20151212_Gp_part_5m.txt
:Created: 2015 Dec 13 0011 UTC
# Prepared by the U.S. Dept. of Commerce, NOAA, Space Weather Prediction Center
# Please send comments and suggestions to SWPC.Webmaster@noaa.gov 
# 
# Label: P > 1 = Particles at >1 Mev
# Label: P > 5 = Particles at >5 Mev
# Label: P >10 = Particles at >10 Mev
# Label: P >30 = Particles at >30 Mev
# Label: P >50 = Particles at >50 Mev
# Label: P>100 = Particles at >100 Mev
# Label: E>0.8 = Electrons at >0.8 Mev
# Label: E>2.0 = Electrons at >2.0 Mev
# Label: E>4.0 = Electrons at >4.0 Mev
# Units: Particles = Protons/cm2-s-sr
# Units: Electrons = Electrons/cm2-s-sr
# Source: GOES-13
# Location: W075
# Missing data: -1.00e+05
#
#                      5-minute  GOES-13 Solar Particle and Electron Flux
#
#                 Modified Seconds
# UTC Date  Time   Julian  of the
# YR MO DA  HHMM    Day     Day     P > 1     P > 5     P >10     P >30     P >50     P>100     E>0.8     E>2.0     E>4.0
#-------------------------------------------------------------------------------------------------------------------------
2015 12 12  0000   57368      0   2.22e+00  1.13e-01  8.86e-02  5.08e-02  4.07e-02  2.11e-02  2.42e+04  6.83e+02 -1.00e+05
2015 12 12  0005   57368    300   2.63e+00  1.40e-01  9.20e-02  5.01e-02  4.06e-02  2.11e-02  2.51e+04  7.10e+02 -1.00e+05
2015 12 12  0010   57368    600   2.02e+00  1.13e-01  8.79e-02  5.01e-02  4.06e-02  2.11e-02  2.19e+04  5.85e+02 -1.00e+05
2015 12 12  0015   57368    900   2.47e+00  1.61e-01  1.36e-01  9.66e-02  5.10e-02  2.11e-02  2.15e+04  5.55e+02 -1.00e+05
2015 12 12  0020   57368   1200   2.43e+00  1.13e-01  8.79e-02  5.01e-02  4.06e-02  2.11e-02  2.42e+04  6.09e+02 -1.00e+05
2015 12 12  0025   57368   1500   2.94e+00  1.54e-01  1.09e-01  6.74e-02  5.79e-02  3.85e-02  2.18e+04  6.10e+02 -1.00e+05
2015 12 12  0030   57368   1800   3.80e+00  1.40e-01  9.20e-02  5.01e-02  4.06e-02  2.11e-02  2.26e+04  6.03e+02 -1.00e+05
2015 12 12  0035   57368   2100   2.43e+00  1.84e-01  1.59e-01  7.90e-02  6.89e-02  3.01e-02  2.16e+04  5.99e+02 -1.00e+05
2015 12 12  0040   57368   2400   4.03e+00  2.38e-01  1.90e-01  9.66e-02  5.10e-02  2.11e-02  2.15e+04  5.77e+02 -1.00e+05
2015 12 12  0045   57368   2700   3.69e+00  1.96e-01  9.36e-02  5.32e-02  4.37e-02  2.21e-02  2.02e+04  5.51e+02 -1.00e+05
2015 12 12  0050   57368   3000   2.51e+00  1.35e-01  1.11e-01  7.27e-02  6.27e-02  2.81e-02  1.87e+04  4.92e+02 -1.00e+05
2015 12 12  0055   57368   3300   2.25e+00  1.13e-01  8.79e-02  5.01e-02  4.06e-02  2.11e-02  1.78e+04  4.58e+02 -1.00e+05
2015 12 12  0100   57368   3600   2.21e+00  1.85e-01  1.60e-01  1.22e-01  1.13e-01  4.42e-02  1.78e+04  4.69e+02 -1.00e+05
2015 12 12  0105   57368   3900   2.58e+00  1.40e-01  1.15e-01  7.72e-02  6.01e-02  3.85e-02  1.78e+04  4.50e+02 -1.00e+05
2015 12 12  0110   57368   4200   2.37e+00  1.19e-01  9.40e-02  5.62e-02  4.67e-02  2.72e-02  1.74e+04  4.58e+02 -1.00e+05
2015 12 12  0115   57368   4500   2.25e+00  1.39e-01  1.14e-01  7.60e-02  6.65e-02  4.70e-02  1.82e+04  4.80e+02 -1.00e+05
2015 12 12  0120   57368   4800   1.94e+00  1.13e-01  8.86e-02  5.08e-02  4.07e-02  2.11e-02  1.77e+04  4.66e+02 -1.00e+05
2015 12 12  0125   57368   5100   1.84e+00  2.12e-01  1.87e-01  1.49e-01  1.28e-01  4.83e-02  1.47e+04  3.85e+02 -1.00e+05
2015 12 12  0130   57368   5400   1.65e+00  1.13e-01  8.79e-02  5.01e-02  4.06e-02  2.11e-02  1.35e+04  3.44e+02 -1.00e+05
2015 12 12  0135   57368   5700   2.59e+00  2.78e-01  1.26e-01  8.56e-02  6.48e-02  4.21e-02  1.42e+04  3.61e+02 -1.00e+05
2015 12 12  0140   57368   6000   1.54e+00  1.13e-01  8.79e-02  5.01e-02  4.06e-02  2.11e-02  1.37e+04  3.39e+02 -1.00e+05
2015 12 12  0145   57368   6300   1.47e+00  1.62e-01  1.37e-01  6.36e-02  5.41e-02  3.46e-02  1.36e+04  3.20e+02 -1.00e+05
2015 12 12  0150   57368   6600   1.25e+00  1.20e-01  9.54e-02  5.73e-02  4.22e-02  2.11e-02  1.37e+04  3.19e+02 -1.00e+05
2015 12 12  0155   57368   6900   1.18e+00  1.30e-01  1.05e-01  6.67e-02  5.16e-02  2.41e-02  1.41e+04  3.21e+02 -1.00e+05
2015 12 12  0200   57368   7200   8.62e-01  1.23e-01  9.85e-02  6.05e-02  4.53e-02  2.21e-02  1.15e+04  2.50e+02 -1.00e+05
2015 12 12  0205   57368   7500   9.76e-01  1.49e-01  1.24e-01  8.54e-02  5.74e-02  3.23e-02  1.26e+04  2.80e+02 -1.00e+05
2015 12 12  0210   57368   7800   9.49e-01  1.97e-01  1.73e-01  1.35e-01  1.25e-01  4.83e-02  1.45e+04  3.10e+02 -1.00e+05
2015 12 12  0215   57368   8100   1.44e+00  1.71e-01  1.46e-01  7.35e-02  6.40e-02  4.45e-02  1.66e+04  3.88e+02 -1.00e+05
2015 12 12  0220   57368   8400   1.42e+00  1.97e-01  1.01e-01  5.01e-02  4.06e-02  2.11e-02  1.78e+04  4.03e+02 -1.00e+05
2015 12 12  0225   57368   8700   1.22e+00  1.47e-01  1.22e-01  8.46e-02  7.50e-02  3.22e-02  1.65e+04  3.91e+02 -1.00e+05
2015 12 12  0230   57368   9000   1.48e+00  1.97e-01  1.01e-01  5.01e-02  4.06e-02  2.11e-02  1.73e+04  3.96e+02 -1.00e+05
2015 12 12  0235   57368   9300   1.01e+00  1.99e-01  1.75e-01  1.36e-01  1.14e-01  4.75e-02  1.82e+04  4.28e+02 -1.00e+05
2015 12 12  0240   57368   9600   1.29e+00  1.14e-01  8.91e-02  5.12e-02  4.17e-02  2.22e-02  1.22e+04  2.58e+02 -1.00e+05
2015 12 12  0245   57368   9900   1.94e+00  3.25e-01  2.29e-01  5.01e-02  4.06e-02  2.11e-02  1.72e+04  4.16e+02 -1.00e+05
2015 12 12  0250   57368  10200   8.67e-01  1.34e-01  1.09e-01  7.04e-02  4.51e-02  2.11e-02  1.61e+04  3.63e+02 -1.00e+05
2015 12 12  0255   57368  10500   1.50e+00  2.03e-01  9.91e-02  5.87e-02  4.92e-02  2.97e-02  1.54e+04  3.39e+02 -1.00e+05
2015 12 12  0300   57368  10800   6.15e-01  1.34e-01  1.09e-01  7.04e-02  4.51e-02  2.11e-02  1.59e+04  3.41e+02 -1.00e+05
2015 12 12  0305   57368  11100   8.59e-01  1.97e-01  1.72e-01  6.39e-02  4.37e-02  2.11e-02  1.44e+04  2.94e+02 -1.00e+05
2015 12 12  0310   57368  11400   2.38e+00  5.22e-01  1.51e-01  5.01e-02  4.06e-02  2.11e-02  1.36e+04  2.53e+02 -1.00e+05
2015 12 12  0315   57368  11700   9.83e-01  1.63e-01  1.38e-01  5.01e-02  4.06e-02  2.11e-02  1.67e+04  3.59e+02 -1.00e+05
2015 12 12  0320   57368  12000   1.48e+00  2.12e-01  1.17e-01  6.61e-02  5.66e-02  3.71e-02  2.04e+04  4.83e+02 -1.00e+05
2015 12 12  0325   57368  12300   1.33e+01  1.24e-01  9.89e-02  6.11e-02  5.16e-02  3.05e-02  1.78e+04  6.00e+02 -1.00e+05
2015 12 12  0330   57368  12600   4.16e+00  1.53e-01  1.29e-01  9.08e-02  8.13e-02  3.42e-02  2.94e+04  7.53e+02 -1.00e+05
2015 12 12  0335   57368  12900   4.54e+00  2.23e-01  1.98e-01  9.81e-02  8.29e-02  3.42e-02  3.06e+04  1.04e+03 -1.00e+05
2015 12 12  0340   57368  13200   7.42e+00  1.94e-01  9.05e-02  5.01e-02  4.06e-02  2.11e-02  3.68e+04  1.21e+03 -1.00e+05
2015 12 12  0345   57368  13500   8.18e+00  2.60e-01  1.09e-01  6.86e-02  5.91e-02  3.96e-02  4.09e+04  1.48e+03 -1.00e+05
2015 12 12  0350   57368  13800   4.47e+00  1.47e-01  1.22e-01  8.32e-02  5.47e-02  2.97e-02  4.35e+04  1.62e+03 -1.00e+05
2015 12 12  0355   57368  14100   5.44e+00  2.49e-01  1.53e-01  5.62e-02  4.67e-02  2.72e-02  3.81e+04  1.34e+03 -1.00e+05
2015 12 12  0400   57368  14400   3.51e+00  1.59e-01  1.34e-01  5.01e-02  4.06e-02  2.11e-02  3.89e+04  1.34e+03 -1.00e+05
2015 12 12  0405   57368  14700   6.08e+00  2.03e-01  9.91e-02  5.87e-02  4.92e-02  2.97e-02  3.14e+04  1.10e+03 -1.00e+05
2015 12 12  0410   57368  15000   3.42e+00  1.93e-01  1.68e-01  1.30e-01  9.65e-02  4.44e-02  3.13e+04  9.69e+02 -1.00e+05
2015 12 12  0415   57368  15300   3.08e+00  1.43e-01  1.19e-01  8.02e-02  5.78e-02  3.46e-02  2.79e+04  8.33e+02 -1.00e+05
2015 12 12  0420   57368  15600   4.93e+00  2.83e-01  2.37e-01  7.11e-02  6.15e-02  4.21e-02  2.60e+04  7.69e+02 -1.00e+05
2015 12 12  0425   57368  15900   3.06e+00  1.20e-01  9.54e-02  5.73e-02  4.22e-02  2.11e-02  2.42e+04  6.49e+02 -1.00e+05
2015 12 12  0430   57368  16200   3.64e+00  1.34e-01  1.09e-01  7.11e-02  6.15e-02  4.21e-02  2.15e+04  5.53e+02 -1.00e+05
2015 12 12  0435   57368  16500   2.50e+00  1.61e-01  1.36e-01  9.66e-02  5.10e-02  2.11e-02  1.87e+04  5.00e+02 -1.00e+05
2015 12 12  0440   57368  16800   3.42e+00  2.41e-01  2.16e-01  5.01e-02  4.06e-02  2.11e-02  1.75e+04  4.03e+02 -1.00e+05
2015 12 12  0445   57368  17100   3.25e+00  1.40e-01  9.20e-02  5.01e-02  4.06e-02  2.11e-02  1.69e+04  3.97e+02 -1.00e+05
2015 12 12  0450   57368  17400   2.06e+00  1.61e-01  1.36e-01  9.66e-02  5.10e-02  2.11e-02  1.69e+04  3.61e+02 -1.00e+05
2015 12 12  0455   57368  17700   3.76e+00  1.48e-01  1.24e-01  5.01e-02  4.06e-02  2.11e-02  1.47e+04  3.70e+02 -1.00e+05
2015 12 12  0500   57368  18000   3.21e+00  1.20e-01  9.54e-02  5.73e-02  4.22e-02  2.11e-02  1.59e+04  4.25e+02 -1.00e+05
2015 12 12  0505   57368  18300   3.08e+00  1.72e-01  1.47e-01  1.10e-01  1.00e-01  4.02e-02  1.62e+04  4.47e+02 -1.00e+05
2015 12 12  0510   57368  18600   6.71e+00  2.65e-01  9.02e-02  5.01e-02  4.06e-02  2.11e-02  1.60e+04  4.52e+02 -1.00e+05
2015 12 12  0515   57368  18900   4.19e+00  2.03e-01  1.07e-01  5.62e-02  4.67e-02  2.72e-02  1.62e+04  4.74e+02 -1.00e+05
2015 12 12  0520   57368  19200   3.04e+00  1.13e-01  8.79e-02  5.01e-02  4.06e-02  2.11e-02  1.68e+04  5.15e+02 -1.00e+05
2015 12 12  0525   57368  19500   2.68e+00  1.59e-01  1.34e-01  9.62e-02  8.67e-02  5.52e-02  1.64e+04  4.92e+02 -1.00e+05
2015 12 12  0530   57368  19800   2.35e+00  2.60e-01  2.35e-01  7.36e-02  4.83e-02  2.21e-02  1.71e+04  5.10e+02 -1.00e+05
2015 12 12  0535   57368  20100   2.54e+00  1.54e-01  1.29e-01  9.01e-02  4.96e-02  2.11e-02  1.83e+04  5.60e+02 -1.00e+05
2015 12 12  0540   57368  20400   1.88e+00  1.20e-01  9.54e-02  5.73e-02  4.22e-02  2.11e-02  1.78e+04  5.36e+02 -1.00e+05
2015 12 12  0545   57368  20700   2.45e+00  1.72e-01  1.47e-01  1.10e-01  1.00e-01  4.02e-02  1.77e+04  5.40e+02 -1.00e+05
2015 12 12  0550   57368  21000   2.98e+00  2.05e-01  1.08e-01  5.73e-02  4.22e-02  2.11e-02  1.87e+04  5.46e+02 -1.00e+05
2015 12 12  0555   57368  21300   3.50e+00  1.98e-01  1.02e-01  5.08e-02  4.07e-02  2.11e-02  1.93e+04  5.42e+02 -1.00e+05
2015 12 12  0600   57368  21600   2.32e+00  1.86e-01  1.61e-01  6.86e-02  5.91e-02  3.96e-02  1.78e+04  5.50e+02 -1.00e+05
2015 12 12  0605   57368  21900   3.00e+00  1.98e-01  1.14e-01  6.57e-02  5.62e-02  2.61e-02  1.93e+04  5.65e+02 -1.00e+05
2015 12 12  0610   57368  22200   2.09e+00  1.70e-01  1.46e-01  1.08e-01  9.83e-02  5.56e-02  2.04e+04  5.91e+02 -1.00e+05
2015 12 12  0615   57368  22500   2.02e+00  1.29e-01  1.04e-01  6.61e-02  5.66e-02  3.71e-02  2.03e+04  6.02e+02 -1.00e+05
2015 12 12  0620   57368  22800   1.71e+00  2.03e-01  1.78e-01  1.01e-01  9.13e-02  7.18e-02  1.98e+04  5.83e+02 -1.00e+05
2015 12 12  0625   57368  23100   3.05e+00  2.65e-01  9.02e-02  5.01e-02  4.06e-02  2.11e-02  2.02e+04  5.79e+02 -1.00e+05
2015 12 12  0630   57368  23400   2.57e+00  3.14e-01  1.52e-01  5.01e-02  4.06e-02  2.11e-02  2.01e+04  6.03e+02 -1.00e+05
2015 12 12  0635   57368  23700   1.71e+00  2.52e-01  2.27e-01  9.89e-02  6.86e-02  2.81e-02  1.95e+04  5.88e+02 -1.00e+05
2015 12 12  0640   57368  24000   4.29e+00  1.91e-01  1.43e-01  5.08e-02  4.07e-02  2.11e-02  1.78e+04  5.98e+02 -1.00e+05
2015 12 12  0645   57368  24300   2.23e+01  1.95e-01  9.17e-02  5.12e-02  4.17e-02  2.22e-02  1.87e+04  5.69e+02 -1.00e+05
2015 12 12  0650   57368  24600   2.52e+01  1.56e-01  1.32e-01  9.27e-02  5.30e-02  2.47e-02  1.81e+04  5.75e+02 -1.00e+05
2015 12 12  0655   57368  24900   2.25e+01  1.40e-01  9.27e-02  5.08e-02  4.07e-02  2.11e-02  1.91e+04  5.47e+02 -1.00e+05
2015 12 12  0700   57368  25200   8.09e+00  1.38e-01  1.13e-01  7.55e-02  6.60e-02  4.18e-02  1.96e+04  6.02e+02 -1.00e+05
2015 12 12  0705   57368  25500   8.19e+00  2.87e-01  1.58e-01  5.87e-02  4.92e-02  2.97e-02  2.19e+04  5.96e+02 -1.00e+05
2015 12 12  0710   57368  25800   3.43e+00  1.29e-01  1.04e-01  6.61e-02  5.66e-02  3.71e-02  1.84e+04  6.41e+02 -1.00e+05
2015 12 12  0715   57368  26100   3.69e+00  1.68e-01  1.43e-01  5.01e-02  4.06e-02  2.11e-02  2.53e+04  7.40e+02 -1.00e+05
2015 12 12  0720   57368  26400   3.18e+00  1.97e-01  1.73e-01  1.35e-01  1.25e-01  4.83e-02  2.28e+04  7.24e+02 -1.00e+05
2015 12 12  0725   57368  26700   3.20e+00  1.40e-01  1.00e-01  5.95e-02  5.00e-02  2.41e-02  2.37e+04  7.11e+02 -1.00e+05
2015 12 12  0730   57368  27000   2.76e+00  2.94e-01  2.69e-01  1.29e-01  1.02e-01  7.12e-02  2.14e+04  6.81e+02 -1.00e+05
2015 12 12  0735   57368  27300   3.26e+00  2.17e-01  1.92e-01  1.55e-01  1.45e-01  8.06e-02  2.53e+04  7.69e+02 -1.00e+05
2015 12 12  0740   57368  27600   3.24e+00  1.17e-01  9.17e-02  5.39e-02  4.39e-02  2.21e-02  2.29e+04  7.76e+02 -1.00e+05
2015 12 12  0745   57368  27900   4.87e+00  1.90e-01  1.42e-01  5.01e-02  4.06e-02  2.11e-02  2.15e+04  7.47e+02 -1.00e+05
2015 12 12  0750   57368  28200   6.45e+00  2.03e-01  1.01e-01  6.06e-02  5.11e-02  2.86e-02  2.38e+04  7.72e+02 -1.00e+05
2015 12 12  0755   57368  28500   5.82e+00  2.11e-01  1.86e-01  1.48e-01  1.38e-01  5.50e-02  2.20e+04  7.30e+02 -1.00e+05
2015 12 12  0800   57368  28800   6.78e+00  1.13e-01  8.79e-02  5.01e-02  4.06e-02  2.11e-02  2.22e+04  7.33e+02 -1.00e+05
2015 12 12  0805   57368  29100   5.02e+00  1.75e-01  1.50e-01  5.73e-02  4.22e-02  2.11e-02  2.24e+04  7.58e+02 -1.00e+05
2015 12 12  0810   57368  29400   7.06e+00  2.47e-01  1.51e-01  5.01e-02  4.06e-02  2.11e-02  2.29e+04  7.81e+02 -1.00e+05
2015 12 12  0815   57368  29700   5.93e+00  1.80e-01  1.35e-01  9.33e-02  8.38e-02  6.44e-02  2.43e+04  8.11e+02 -1.00e+05
2015 12 12  0820   57368  30000   4.36e+00  1.48e-01  1.24e-01  5.01e-02  4.06e-02  2.11e-02  2.42e+04  8.36e+02 -1.00e+05
2015 12 12  0825   57368  30300   6.94e+00  1.94e-01  9.05e-02  5.01e-02  4.06e-02  2.11e-02  2.71e+04  9.32e+02 -1.00e+05
2015 12 12  0830   57368  30600   6.61e+00  1.54e-01  1.06e-01  6.39e-02  4.37e-02  2.11e-02  2.66e+04  9.12e+02 -1.00e+05
2015 12 12  0835   57368  30900   5.27e+00  1.97e-01  1.50e-01  5.73e-02  4.22e-02  2.11e-02  2.73e+04  9.83e+02 -1.00e+05
2015 12 12  0840   57368  31200   5.38e+00  1.22e-01  9.73e-02  5.95e-02  5.00e-02  2.41e-02  2.91e+04  1.01e+03 -1.00e+05
2015 12 12  0845   57368  31500   3.85e+00  1.57e-01  1.32e-01  5.95e-02  5.00e-02  2.41e-02  2.87e+04  1.03e+03 -1.00e+05
2015 12 12  0850   57368  31800   8.26e+00  2.50e-01  9.78e-02  5.73e-02  4.22e-02  2.11e-02  2.92e+04  1.04e+03 -1.00e+05
2015 12 12  0855   57368  32100   4.10e+00  1.54e-01  1.29e-01  9.01e-02  4.96e-02  2.11e-02  2.95e+04  1.05e+03 -1.00e+05
2015 12 12  0900   57368  32400   5.29e+00  1.13e-01  8.79e-02  5.01e-02  4.06e-02  2.11e-02  2.96e+04  1.03e+03 -1.00e+05
2015 12 12  0905   57368  32700   4.92e+00  1.13e-01  8.86e-02  5.08e-02  4.07e-02  2.11e-02  2.94e+04  1.06e+03 -1.00e+05
2015 12 12  0910   57368  33000   4.47e+00  1.13e-01  8.86e-02  5.08e-02  4.07e-02  2.11e-02  3.00e+04  1.07e+03 -1.00e+05
2015 12 12  0915   57368  33300   1.18e+01  3.41e-01  1.25e-01  8.39e-02  4.64e-02  2.11e-02  2.85e+04  9.78e+02 -1.00e+05
2015 12 12  0920   57368  33600   5.48e+00  2.31e-01  2.07e-01  1.07e-01  9.74e-02  5.19e-02  2.80e+04  9.44e+02 -1.00e+05
2015 12 12  0925   57368  33900   9.79e+00  1.95e-01  9.17e-02  5.12e-02  4.17e-02  2.22e-02  2.79e+04  9.48e+02 -1.00e+05
2015 12 12  0930   57368  34200   1.02e+01  1.94e-01  9.05e-02  5.01e-02  4.06e-02  2.11e-02  2.84e+04  9.50e+02 -1.00e+05
2015 12 12  0935   57368  34500   5.74e+00  1.54e-01  1.29e-01  8.97e-02  4.64e-02  2.11e-02  3.00e+04  1.03e+03 -1.00e+05
2015 12 12  0940   57368  34800   6.64e+00  1.13e-01  8.79e-02  5.01e-02  4.06e-02  2.11e-02  3.12e+04  1.08e+03 -1.00e+05
2015 12 12  0945   57368  35100   6.98e+00  1.27e-01  1.02e-01  6.39e-02  4.37e-02  2.11e-02  3.21e+04  1.10e+03 -1.00e+05
2015 12 12  0950   57368  35400   6.69e+00  1.80e-01  1.55e-01  7.65e-02  6.70e-02  4.55e-02  3.31e+04  1.15e+03 -1.00e+05
2015 12 12  0955   57368  35700   9.99e+00  3.54e-01  2.23e-01  7.20e-02  6.25e-02  2.81e-02  3.35e+04  1.17e+03 -1.00e+05
2015 12 12  1000   57368  36000   1.00e+01  3.40e-01  1.84e-01  9.33e-02  8.38e-02  6.44e-02  3.52e+04  1.24e+03 -1.00e+05
2015 12 12  1005   57368  36300   6.31e+00  1.13e-01  8.86e-02  5.08e-02  4.07e-02  2.11e-02  3.56e+04  1.28e+03 -1.00e+05
2015 12 12  1010   57368  36600   5.74e+00  1.91e-01  1.66e-01  7.70e-02  4.66e-02  2.11e-02  3.68e+04  1.35e+03 -1.00e+05
2015 12 12  1015   57368  36900   6.15e+00  1.56e-01  1.30e-01  9.21e-02  7.19e-02  3.01e-02  3.77e+04  1.39e+03 -1.00e+05
2015 12 12  1020   57368  37200   1.13e+01  5.20e-01  2.63e-01  7.35e-02  6.40e-02  4.45e-02  3.77e+04  1.35e+03 -1.00e+05
2015 12 12  1025   57368  37500   5.45e+00  1.77e-01  1.52e-01  9.89e-02  6.86e-02  2.81e-02  3.59e+04  1.30e+03 -1.00e+05
2015 12 12  1030   57368  37800   5.35e+00  2.06e-01  1.81e-01  1.44e-01  1.34e-01  6.03e-02  3.88e+04  1.39e+03 -1.00e+05
2015 12 12  1035   57368  38100   1.06e+01  2.19e-01  9.04e-02  5.01e-02  4.06e-02  2.11e-02  3.81e+04  1.39e+03 -1.00e+05
2015 12 12  1040   57368  38400   8.92e+00  2.35e-01  1.32e-01  9.07e-02  5.06e-02  2.21e-02  4.08e+04  1.55e+03 -1.00e+05
2015 12 12  1045   57368  38700   5.73e+00  2.38e-01  2.13e-01  7.70e-02  4.66e-02  2.11e-02  4.31e+04  1.70e+03 -1.00e+05
2015 12 12  1050   57368  39000   9.43e+00  4.46e-01  2.36e-01  7.04e-02  4.51e-02  2.11e-02  4.40e+04  1.78e+03 -1.00e+05
2015 12 12  1055   57368  39300   4.73e+00  1.13e-01  8.79e-02  5.01e-02  4.06e-02  2.11e-02  4.40e+04  1.76e+03 -1.00e+05
2015 12 12  1100   57368  39600   4.95e+00  1.13e-01  8.79e-02  5.01e-02  4.06e-02  2.11e-02  4.40e+04  1.73e+03 -1.00e+05
2015 12 12  1105   57368  39900   5.60e+00  1.20e-01  9.54e-02  5.73e-02  4.22e-02  2.11e-02  4.59e+04  1.89e+03 -1.00e+05
2015 12 12  1110   57368  40200   1.08e+01  3.66e-01  1.74e-01  7.30e-02  4.86e-02  2.47e-02  4.66e+04  1.94e+03 -1.00e+05
2015 12 12  1115   57368  40500   5.17e+00  1.13e-01  8.79e-02  5.01e-02  4.06e-02  2.11e-02  4.66e+04  1.98e+03 -1.00e+05
2015 12 12  1120   57368  40800   7.23e+00  1.48e-01  1.00e-01  5.82e-02  4.33e-02  2.22e-02  4.66e+04  2.00e+03 -1.00e+05
2015 12 12  1125   57368  41100   5.10e+00  1.13e-01  8.79e-02  5.01e-02  4.06e-02  2.11e-02  4.67e+04  2.00e+03 -1.00e+05
2015 12 12  1130   57368  41400   5.74e+00  1.24e-01  9.90e-02  6.11e-02  5.16e-02  3.22e-02  4.68e+04  2.05e+03 -1.00e+05
2015 12 12  1135   57368  41700   5.45e+00  1.36e-01  1.11e-01  7.35e-02  6.40e-02  4.45e-02  4.82e+04  2.10e+03 -1.00e+05
2015 12 12  1140   57368  42000   5.98e+00  1.97e-01  1.72e-01  9.33e-02  8.38e-02  6.44e-02  4.90e+04  2.12e+03 -1.00e+05
2015 12 12  1145   57368  42300   5.28e+00  1.13e-01  8.79e-02  5.01e-02  4.06e-02  2.11e-02  4.81e+04  2.09e+03 -1.00e+05
2015 12 12  1150   57368  42600   5.17e+00  1.76e-01  1.51e-01  6.53e-02  5.26e-02  3.22e-02  4.68e+04  2.04e+03 -1.00e+05
2015 12 12  1155   57368  42900   4.75e+00  1.35e-01  1.10e-01  7.20e-02  6.25e-02  2.81e-02  4.91e+04  2.15e+03 -1.00e+05
2015 12 12  1200   57368  43200   4.78e+00  1.14e-01  8.91e-02  5.12e-02  4.17e-02  2.22e-02  4.78e+04  2.08e+03 -1.00e+05
2015 12 12  1205   57368  43500   8.83e+00  2.61e-01  1.33e-01  9.15e-02  5.85e-02  3.22e-02  4.93e+04  2.18e+03 -1.00e+05
2015 12 12  1210   57368  43800   6.83e+00  1.50e-01  1.03e-01  6.16e-02  5.21e-02  3.23e-02  4.87e+04  2.12e+03 -1.00e+05
2015 12 12  1215   57368  44100   6.59e+00  1.69e-01  1.22e-01  8.02e-02  5.78e-02  3.46e-02  4.98e+04  2.28e+03 -1.00e+05
2015 12 12  1220   57368  44400   6.19e+00  1.75e-01  1.50e-01  8.46e-02  7.50e-02  3.22e-02  5.02e+04  2.33e+03 -1.00e+05
2015 12 12  1225   57368  44700   8.77e+00  1.97e-01  1.01e-01  5.01e-02  4.06e-02  2.11e-02  5.15e+04  2.39e+03 -1.00e+05
2015 12 12  1230   57368  45000   5.66e+00  1.13e-01  8.79e-02  5.01e-02  4.06e-02  2.11e-02  5.18e+04  2.48e+03 -1.00e+05
2015 12 12  1235   57368  45300   1.14e+01  2.20e-01  9.16e-02  5.12e-02  4.17e-02  2.22e-02  5.45e+04  2.64e+03 -1.00e+05
2015 12 12  1240   57368  45600   9.17e+00  2.57e-01  1.50e-01  9.71e-02  8.76e-02  3.62e-02  5.46e+04  2.73e+03 -1.00e+05
2015 12 12  1245   57368  45900   5.57e+00  1.49e-01  1.24e-01  8.59e-02  7.64e-02  5.69e-02  5.59e+04  2.80e+03 -1.00e+05
2015 12 12  1250   57368  46200   5.35e+00  1.24e-01  9.90e-02  6.11e-02  5.16e-02  3.22e-02  5.47e+04  2.73e+03 -1.00e+05
2015 12 12  1255   57368  46500   6.10e+00  1.90e-01  1.42e-01  5.01e-02  4.06e-02  2.11e-02  5.49e+04  2.77e+03 -1.00e+05
2015 12 12  1300   57368  46800   5.91e+00  2.05e-01  1.59e-01  7.11e-02  6.15e-02  4.21e-02  5.47e+04  2.78e+03 -1.00e+05
2015 12 12  1305   57368  47100   5.13e+00  1.53e-01  1.28e-01  8.84e-02  4.65e-02  2.11e-02  5.46e+04  2.75e+03 -1.00e+05
2015 12 12  1310   57368  47400   8.86e+00  2.53e-01  1.01e-01  6.11e-02  5.16e-02  3.22e-02  5.42e+04  2.69e+03 -1.00e+05
2015 12 12  1315   57368  47700   4.99e+00  2.02e-01  1.73e-01  1.35e-01  1.25e-01  4.83e-02  5.22e+04  2.62e+03 -1.00e+05
2015 12 12  1320   57368  48000   5.98e+00  2.53e-01  1.91e-01  1.22e-01  1.12e-01  6.51e-02  5.19e+04  2.55e+03 -1.00e+05
2015 12 12  1325   57368  48300   5.15e+00  1.27e-01  1.02e-01  6.39e-02  4.37e-02  2.11e-02  5.45e+04  2.69e+03 -1.00e+05
2015 12 12  1330   57368  48600   1.03e+01  2.14e-01  1.11e-01  7.11e-02  6.15e-02  4.21e-02  5.46e+04  2.78e+03 -1.00e+05
2015 12 12  1335   57368  48900   6.77e+00  1.36e-01  1.11e-01  7.35e-02  6.40e-02  4.45e-02  5.64e+04  2.93e+03 -1.00e+05
2015 12 12  1340   57368  49200   1.14e+01  2.56e-01  1.29e-01  8.84e-02  7.89e-02  5.94e-02  5.72e+04  2.88e+03 -1.00e+05
2015 12 12  1345   57368  49500   7.22e+00  1.13e-01  8.79e-02  5.01e-02  4.06e-02  2.11e-02  5.72e+04  2.90e+03 -1.00e+05
2015 12 12  1350   57368  49800   7.74e+00  1.20e-01  9.54e-02  5.73e-02  4.22e-02  2.11e-02  5.91e+04  3.07e+03 -1.00e+05
2015 12 12  1355   57368  50100   7.56e+00  2.47e-01  2.22e-01  1.11e-01  8.11e-02  3.22e-02  5.99e+04  3.15e+03 -1.00e+05
2015 12 12  1400   57368  50400   7.61e+00  1.73e-01  1.48e-01  1.09e-01  6.99e-02  4.45e-02  5.95e+04  3.08e+03 -1.00e+05
2015 12 12  1405   57368  50700   7.98e+00  2.41e-01  2.16e-01  5.01e-02  4.06e-02  2.11e-02  6.17e+04  3.33e+03 -1.00e+05
2015 12 12  1410   57368  51000   8.90e+00  2.44e-01  2.19e-01  1.07e-01  9.27e-02  7.18e-02  6.53e+04  3.65e+03 -1.00e+05
2015 12 12  1415   57368  51300   6.53e+00  1.24e-01  9.90e-02  6.11e-02  5.16e-02  3.22e-02  6.10e+04  3.22e+03 -1.00e+05
2015 12 12  1420   57368  51600   7.53e+00  1.40e-01  9.20e-02  5.01e-02  4.06e-02  2.11e-02  6.30e+04  3.38e+03 -1.00e+05
2015 12 12  1425   57368  51900   1.06e+01  2.31e-01  1.29e-01  8.84e-02  7.89e-02  5.94e-02  6.55e+04  3.58e+03 -1.00e+05
2015 12 12  1430   57368  52200   1.01e+01  1.57e-01  1.32e-01  5.95e-02  5.00e-02  2.41e-02  7.04e+04  4.22e+03 -1.00e+05
2015 12 12  1435   57368  52500   1.31e+01  1.97e-01  1.01e-01  5.01e-02  4.06e-02  2.11e-02  6.87e+04  3.91e+03 -1.00e+05
2015 12 12  1440   57368  52800   8.35e+00  1.95e-01  1.70e-01  9.09e-02  8.14e-02  6.19e-02  6.91e+04  4.17e+03 -1.00e+05
2015 12 12  1445   57368  53100   1.44e+01  2.45e-01  1.49e-01  9.66e-02  5.10e-02  2.11e-02  7.13e+04  4.27e+03 -1.00e+05
2015 12 12  1450   57368  53400   1.29e+01  2.62e-01  1.68e-01  1.17e-01  7.98e-02  5.44e-02  7.13e+04  4.38e+03 -1.00e+05
2015 12 12  1455   57368  53700   1.45e+01  2.24e-01  1.21e-01  8.10e-02  7.15e-02  5.20e-02  7.11e+04  4.27e+03 -1.00e+05
2015 12 12  1500   57368  54000   1.08e+01  2.47e-01  1.51e-01  5.01e-02  4.06e-02  2.11e-02  6.90e+04  4.09e+03 -1.00e+05
2015 12 12  1505   57368  54300   7.00e+00  1.58e-01  1.33e-01  9.45e-02  5.53e-02  2.72e-02  7.08e+04  4.16e+03 -1.00e+05
2015 12 12  1510   57368  54600   9.90e+00  2.60e-01  1.82e-01  1.35e-01  1.25e-01  4.83e-02  7.13e+04  4.21e+03 -1.00e+05
2015 12 12  1515   57368  54900   5.91e+00  1.63e-01  1.38e-01  5.01e-02  4.06e-02  2.11e-02  6.85e+04  3.94e+03 -1.00e+05
2015 12 12  1520   57368  55200   1.01e+01  2.19e-01  9.04e-02  5.01e-02  4.06e-02  2.11e-02  6.82e+04  3.89e+03 -1.00e+05
2015 12 12  1525   57368  55500   5.65e+00  1.64e-01  1.39e-01  9.99e-02  6.23e-02  3.46e-02  6.94e+04  3.98e+03 -1.00e+05
2015 12 12  1530   57368  55800   6.46e+00  2.42e-01  2.17e-01  5.12e-02  4.17e-02  2.22e-02  7.08e+04  4.22e+03 -1.00e+05
2015 12 12  1535   57368  56100   5.86e+00  1.27e-01  1.02e-01  6.39e-02  4.37e-02  2.11e-02  7.13e+04  4.08e+03 -1.00e+05
2015 12 12  1540   57368  56400   7.08e+00  1.63e-01  1.38e-01  5.01e-02  4.06e-02  2.11e-02  7.13e+04  4.17e+03 -1.00e+05
2015 12 12  1545   57368  56700   1.34e+01  2.65e-01  9.09e-02  5.08e-02  4.07e-02  2.11e-02  7.13e+04  4.10e+03 -1.00e+05
2015 12 12  1550   57368  57000   7.83e+00  1.28e-01  1.04e-01  6.57e-02  5.62e-02  2.61e-02  7.10e+04  4.24e+03 -1.00e+05
2015 12 12  1555   57368  57300   7.86e+00  1.77e-01  1.52e-01  1.14e-01  9.42e-02  7.18e-02  7.13e+04  4.19e+03 -1.00e+05
2015 12 12  1600   57368  57600   7.19e+00  1.41e-01  1.16e-01  7.83e-02  6.88e-02  3.01e-02  7.13e+04  4.19e+03 -1.00e+05
2015 12 12  1605   57368  57900   7.21e+00  1.13e-01  8.86e-02  5.08e-02  4.07e-02  2.11e-02  7.00e+04  3.99e+03 -1.00e+05
2015 12 12  1610   57368  58200   6.67e+00  1.16e-01  9.15e-02  5.37e-02  4.42e-02  2.47e-02  6.72e+04  3.70e+03 -1.00e+05
2015 12 12  1615   57368  58500   6.10e+00  1.13e-01  8.79e-02  5.01e-02  4.06e-02  2.11e-02  6.83e+04  3.56e+03 -1.00e+05
2015 12 12  1620   57368  58800   7.92e+00  1.74e-01  1.49e-01  6.36e-02  5.41e-02  3.46e-02  7.05e+04  3.75e+03 -1.00e+05
2015 12 12  1625   57368  59100   9.89e+00  2.12e-01  1.17e-01  6.61e-02  5.66e-02  3.71e-02  7.10e+04  3.66e+03 -1.00e+05
2015 12 12  1630   57368  59400   9.15e+00  1.41e-01  9.32e-02  5.12e-02  4.17e-02  2.22e-02  7.06e+04  3.86e+03 -1.00e+05
2015 12 12  1635   57368  59700   1.34e+01  1.48e-01  1.01e-01  5.87e-02  4.92e-02  2.97e-02  8.21e+04  4.85e+03 -1.00e+05
2015 12 12  1640   57368  60000   1.04e+01  1.56e-01  1.31e-01  5.95e-02  5.00e-02  2.41e-02  7.93e+04  4.62e+03 -1.00e+05
2015 12 12  1645   57368  60300   1.03e+01  1.53e-01  1.29e-01  9.09e-02  8.14e-02  6.19e-02  7.93e+04  4.72e+03 -1.00e+05
2015 12 12  1650   57368  60600   9.86e+00  1.41e-01  9.32e-02  5.12e-02  4.17e-02  2.22e-02  7.63e+04  4.42e+03 -1.00e+05
2015 12 12  1655   57368  60900   7.94e+00  1.13e-01  8.79e-02  5.01e-02  4.06e-02  2.11e-02  7.93e+04  4.77e+03 -1.00e+05
2015 12 12  1700   57368  61200   9.62e+00  2.04e-01  1.57e-01  6.39e-02  4.37e-02  2.11e-02  7.97e+04  4.82e+03 -1.00e+05
2015 12 12  1705   57368  61500   9.49e+00  2.00e-01  1.53e-01  6.36e-02  5.41e-02  3.46e-02  7.93e+04  4.80e+03 -1.00e+05
2015 12 12  1710   57368  61800   7.50e+00  1.31e-01  1.06e-01  6.82e-02  5.87e-02  3.92e-02  7.95e+04  4.87e+03 -1.00e+05
2015 12 12  1715   57368  62100   7.21e+00  1.94e-01  1.69e-01  1.31e-01  1.22e-01  5.81e-02  7.99e+04  4.87e+03 -1.00e+05
2015 12 12  1720   57368  62400   8.08e+00  1.40e-01  9.20e-02  5.01e-02  4.06e-02  2.11e-02  7.93e+04  4.77e+03 -1.00e+05
2015 12 12  1725   57368  62700   6.46e+00  1.60e-01  1.35e-01  9.71e-02  8.76e-02  3.62e-02  7.94e+04  4.70e+03 -1.00e+05
2015 12 12  1730   57368  63000   6.29e+00  1.27e-01  1.02e-01  6.39e-02  4.37e-02  2.11e-02  7.93e+04  4.70e+03 -1.00e+05
2015 12 12  1735   57368  63300   6.95e+00  2.25e-01  2.00e-01  1.61e-01  1.36e-01  5.03e-02  8.04e+04  4.88e+03 -1.00e+05
2015 12 12  1740   57368  63600   7.05e+00  1.64e-01  1.40e-01  1.00e-01  5.75e-02  3.22e-02  8.17e+04  4.99e+03 -1.00e+05
2015 12 12  1745   57368  63900   7.23e+00  1.73e-01  1.27e-01  8.59e-02  7.64e-02  5.69e-02  7.52e+04  4.34e+03 -1.00e+05
2015 12 12  1750   57368  64200   6.28e+00  1.44e-01  1.20e-01  8.18e-02  7.18e-02  2.23e-02  7.88e+04  4.59e+03 -1.00e+05
2015 12 12  1755   57368  64500   6.47e+00  1.13e-01  8.86e-02  5.08e-02  4.07e-02  2.11e-02  8.06e+04  4.91e+03 -1.00e+05
2015 12 12  1800   57368  64800   9.41e+00  1.97e-01  1.01e-01  5.01e-02  4.06e-02  2.11e-02  7.89e+04  4.73e+03 -1.00e+05
2015 12 12  1805   57368  65100   6.46e+00  1.13e-01  8.79e-02  5.01e-02  4.06e-02  2.11e-02  7.67e+04  4.68e+03 -1.00e+05
2015 12 12  1810   57368  65400   1.78e+01  5.06e-01  2.46e-01  5.01e-02  4.06e-02  2.11e-02  8.79e+04  5.82e+03 -1.00e+05
2015 12 12  1815   57368  65700   7.94e+00  1.42e-01  1.17e-01  7.84e-02  5.55e-02  3.22e-02  8.21e+04  5.43e+03 -1.00e+05
2015 12 12  1820   57368  66000   7.49e+00  1.39e-01  1.14e-01  4.97e-02  4.02e-02  2.09e-02  8.59e+04  5.58e+03 -1.00e+05
2015 12 12  1825   57368  66300   7.70e+00  1.68e-01  1.44e-01  1.08e-01  9.88e-02  4.21e-02  8.08e+04  5.26e+03 -1.00e+05
2015 12 12  1830   57368  66600   8.80e+00  1.24e-01  9.95e-02  6.36e-02  4.33e-02  2.09e-02  8.81e+04  6.20e+03 -1.00e+05
2015 12 12  1835   57368  66900   8.03e+00  1.09e-01  8.51e-02  4.97e-02  4.02e-02  2.09e-02  8.38e+04  5.57e+03 -1.00e+05
2015 12 12  1840   57368  67200   7.08e+00  1.86e-01  1.62e-01  1.25e-01  8.10e-02  5.17e-02  8.54e+04  5.77e+03 -1.00e+05
2015 12 12  1845   57368  67500   7.68e+00  2.20e-01  1.96e-01  8.76e-02  4.60e-02  2.09e-02  8.59e+04  5.76e+03 -1.00e+05
2015 12 12  1850   57368  67800   1.03e+01  2.28e-01  1.27e-01  7.80e-02  6.85e-02  4.92e-02  8.35e+04  5.57e+03 -1.00e+05
2015 12 12  1855   57368  68100   7.37e+00  2.80e-01  2.56e-01  8.98e-02  4.92e-02  2.09e-02  8.40e+04  5.74e+03 -1.00e+05
2015 12 12  1900   57368  68400   6.16e+00  1.37e-01  1.13e-01  7.67e-02  4.63e-02  2.09e-02  8.28e+04  5.30e+03 -1.00e+05
2015 12 12  1905   57368  68700   6.38e+00  1.49e-01  1.25e-01  6.07e-02  5.12e-02  3.19e-02  8.14e+04  5.14e+03 -1.00e+05
2015 12 12  1910   57368  69000   6.81e+00  1.81e-01  1.57e-01  5.05e-02  4.04e-02  2.09e-02  8.08e+04  5.19e+03 -1.00e+05
2015 12 12  1915   57368  69300   6.36e+00  1.54e-01  1.30e-01  6.56e-02  5.61e-02  3.68e-02  8.20e+04  5.17e+03 -1.00e+05
2015 12 12  1920   57368  69600   5.56e+00  1.25e-01  1.01e-01  6.51e-02  4.48e-02  2.14e-02  7.92e+04  4.97e+03 -1.00e+05
2015 12 12  1925   57368  69900   5.04e+00  1.15e-01  9.12e-02  5.57e-02  4.62e-02  2.69e-02  7.61e+04  4.63e+03 -1.00e+05
2015 12 12  1930   57368  70200   9.51e+00  1.92e-01  8.73e-02  4.97e-02  4.02e-02  2.09e-02  7.90e+04  4.87e+03 -1.00e+05
2015 12 12  1935   57368  70500   7.41e+00  1.65e-01  1.12e-01  7.01e-02  4.48e-02  2.09e-02  7.85e+04  4.81e+03 -1.00e+05
2015 12 12  1940   57368  70800   5.75e+00  1.10e-01  8.60e-02  5.05e-02  4.04e-02  2.09e-02  7.62e+04  4.71e+03 -1.00e+05
2015 12 12  1945   57368  71100   6.46e+00  1.43e-01  1.18e-01  8.30e-02  7.35e-02  5.42e-02  7.79e+04  4.70e+03 -1.00e+05
2015 12 12  1950   57368  71400   6.69e+00  1.40e-01  1.16e-01  7.99e-02  5.74e-02  3.44e-02  7.53e+04  4.50e+03 -1.00e+05
2015 12 12  1955   57368  71700   6.69e+00  1.63e-01  1.39e-01  1.03e-01  7.76e-02  3.14e-02  7.59e+04  4.59e+03 -1.00e+05
2015 12 12  2000   57368  72000   1.44e+01  3.23e-01  1.28e-01  8.89e-02  4.60e-02  2.09e-02  7.53e+04  4.54e+03 -1.00e+05
2015 12 12  2005   57368  72300   6.45e+00  2.15e-01  1.90e-01  9.70e-02  8.75e-02  6.54e-02  7.53e+04  4.40e+03 -1.00e+05
2015 12 12  2010   57368  72600   6.88e+00  1.81e-01  1.56e-01  4.97e-02  4.02e-02  2.09e-02  7.49e+04  4.40e+03 -1.00e+05
2015 12 12  2015   57368  72900   1.45e+01  2.95e-01  1.22e-01  8.32e-02  4.77e-02  2.09e-02  7.53e+04  4.39e+03 -1.00e+05
2015 12 12  2020   57368  73200   7.05e+00  1.81e-01  1.56e-01  4.97e-02  4.02e-02  2.09e-02  7.53e+04  4.46e+03 -1.00e+05
2015 12 12  2025   57368  73500   6.27e+00  1.33e-01  1.09e-01  7.31e-02  6.36e-02  4.43e-02  7.26e+04  4.17e+03 -1.00e+05
2015 12 12  2030   57368  73800   7.69e+00  2.19e-01  1.66e-01  6.36e-02  4.33e-02  2.09e-02  7.26e+04  4.26e+03 -1.00e+05
2015 12 12  2035   57368  74100   6.84e+00  1.09e-01  8.51e-02  4.97e-02  4.02e-02  2.09e-02  7.10e+04  3.90e+03 -1.00e+05
2015 12 12  2040   57368  74400   8.59e+00  2.36e-01  2.11e-01  7.01e-02  4.48e-02  2.09e-02  7.35e+04  4.30e+03 -1.00e+05
2015 12 12  2045   57368  74700   9.24e+00  2.02e-01  9.92e-02  4.97e-02  4.02e-02  2.09e-02  6.91e+04  3.66e+03 -1.00e+05
2015 12 12  2050   57368  75000   6.25e+00  1.39e-01  1.14e-01  4.97e-02  4.02e-02  2.09e-02  6.69e+04  3.54e+03 -1.00e+05
2015 12 12  2055   57368  75300   5.71e+00  1.50e-01  1.26e-01  4.97e-02  4.02e-02  2.09e-02  6.74e+04  3.48e+03 -1.00e+05
2015 12 12  2100   57368  75600   7.36e+00  1.68e-01  1.16e-01  7.55e-02  6.60e-02  4.67e-02  6.71e+04  3.48e+03 -1.00e+05
2015 12 12  2105   57368  75900   6.16e+00  1.30e-01  1.05e-01  7.00e-02  6.05e-02  2.74e-02  6.90e+04  3.55e+03 -1.00e+05
2015 12 12  2110   57368  76200   4.64e+00  1.51e-01  1.26e-01  8.98e-02  4.92e-02  2.09e-02  6.44e+04  3.15e+03 -1.00e+05
2015 12 12  2115   57368  76500   8.34e+00  2.03e-01  1.17e-01  7.00e-02  6.05e-02  2.74e-02  6.60e+04  3.22e+03 -1.00e+05
2015 12 12  2120   57368  76800   1.08e+01  2.05e-01  1.03e-01  5.33e-02  4.38e-02  2.45e-02  6.75e+04  3.45e+03 -1.00e+05
2015 12 12  2125   57368  77100   6.90e+00  2.34e-01  2.10e-01  8.88e-02  7.93e-02  3.35e-02  6.82e+04  3.22e+03 -1.00e+05
2015 12 12  2130   57368  77400   9.03e+00  2.02e-01  9.92e-02  4.97e-02  4.02e-02  2.09e-02  6.58e+04  3.21e+03 -1.00e+05
2015 12 12  2135   57368  77700   8.02e+00  1.44e-01  9.18e-02  5.12e-02  4.17e-02  2.14e-02  6.98e+04  3.36e+03 -1.00e+05
2015 12 12  2140   57368  78000   7.10e+00  1.67e-01  1.43e-01  1.08e-01  9.81e-02  3.95e-02  6.90e+04  3.42e+03 -1.00e+05
2015 12 12  2145   57368  78300   7.06e+00  1.09e-01  8.51e-02  4.97e-02  4.02e-02  2.09e-02  7.13e+04  3.41e+03 -1.00e+05
2015 12 12  2150   57368  78600   7.84e+00  1.17e-01  9.27e-02  5.70e-02  4.18e-02  2.09e-02  7.09e+04  3.49e+03 -1.00e+05
2015 12 12  2155   57368  78900   9.22e+00  1.54e-01  1.01e-01  6.07e-02  5.12e-02  3.19e-02  7.13e+04  3.68e+03 -1.00e+05
2015 12 12  2200   57368  79200   7.95e+00  1.39e-01  1.14e-01  7.88e-02  6.93e-02  3.94e-02  7.13e+04  3.66e+03 -1.00e+05
2015 12 12  2205   57368  79500   1.37e+01  2.17e-01  8.72e-02  4.97e-02  4.02e-02  2.09e-02  7.13e+04  3.70e+03 -1.00e+05
2015 12 12  2210   57368  79800   1.51e+01  2.39e-01  8.71e-02  4.97e-02  4.02e-02  2.09e-02  7.42e+04  3.80e+03 -1.00e+05
2015 12 12  2215   57368  80100   7.91e+00  1.55e-01  1.31e-01  9.54e-02  8.59e-02  6.66e-02  7.37e+04  3.82e+03 -1.00e+05
2015 12 12  2220   57368  80400   6.51e+00  1.30e-01  1.06e-01  7.06e-02  6.11e-02  4.18e-02  7.10e+04  3.53e+03 -1.00e+05
2015 12 12  2225   57368  80700   6.47e+00  1.33e-01  1.09e-01  7.31e-02  6.36e-02  4.43e-02  7.15e+04  3.60e+03 -1.00e+05
2015 12 12  2230   57368  81000   9.33e+00  1.64e-01  1.11e-01  6.97e-02  5.13e-02  2.94e-02  7.13e+04  3.53e+03 -1.00e+05
2015 12 12  2235   57368  81300   7.39e+00  1.09e-01  8.51e-02  4.97e-02  4.02e-02  2.09e-02  7.14e+04  3.58e+03 -1.00e+05
2015 12 12  2240   57368  81600   5.91e+00  1.81e-01  1.56e-01  4.97e-02  4.02e-02  2.09e-02  7.08e+04  3.38e+03 -1.00e+05
2015 12 12  2245   57368  81900   6.13e+00  1.09e-01  8.51e-02  4.97e-02  4.02e-02  2.09e-02  7.06e+04  3.43e+03 -1.00e+05
2015 12 12  2250   57368  82200   1.10e+01  2.45e-01  1.44e-01  9.25e-02  4.80e-02  2.14e-02  7.12e+04  3.50e+03 -1.00e+05
2015 12 12  2255   57368  82500   7.00e+00  1.86e-01  1.62e-01  8.25e-02  7.30e-02  3.14e-02  7.13e+04  3.49e+03 -1.00e+05
2015 12 12  2300   57368  82800   9.75e+00  2.03e-01  1.22e-01  7.63e-02  6.68e-02  2.94e-02  7.13e+04  3.47e+03 -1.00e+05
2015 12 12  2305   57368  83100   6.22e+00  1.09e-01  8.51e-02  4.97e-02  4.02e-02  2.09e-02  7.01e+04  3.32e+03 -1.00e+05
2015 12 12  2310   57368  83400   6.04e+00  2.04e-01  1.79e-01  1.44e-01  1.34e-01  6.87e-02  6.71e+04  3.05e+03 -1.00e+05
2015 12 12  2315   57368  83700   5.62e+00  1.09e-01  8.51e-02  4.97e-02  4.02e-02  2.09e-02  6.77e+04  3.10e+03 -1.00e+05
2015 12 12  2320   57368  84000   7.38e+00  2.02e-01  9.92e-02  4.97e-02  4.02e-02  2.09e-02  6.67e+04  3.04e+03 -1.00e+05
2015 12 12  2325   57368  84300   6.53e+00  1.85e-01  1.31e-01  4.97e-02  4.02e-02  2.09e-02  6.76e+04  3.13e+03 -1.00e+05
2015 12 12  2330   57368  84600   4.40e+00  1.81e-01  1.57e-01  5.08e-02  4.13e-02  2.20e-02  6.59e+04  2.96e+03 -1.00e+05
2015 12 12  2335   57368  84900   7.50e+00  1.92e-01  8.73e-02  4.97e-02  4.02e-02  2.09e-02  6.53e+04  2.89e+03 -1.00e+05
2015 12 12  2340   57368  85200   6.06e+00  2.37e-01  1.83e-01  7.01e-02  4.48e-02  2.09e-02  6.74e+04  3.03e+03 -1.00e+05
2015 12 12  2345   57368  85500   3.90e+00  1.34e-01  1.10e-01  7.41e-02  6.46e-02  4.53e-02  6.57e+04  2.96e+03 -1.00e+05
2015 12 12  2350   57368  85800   4.33e+00  1.39e-01  1.14e-01  4.97e-02  4.02e-02  2.09e-02  6.53e+04  2.91e+03 -1.00e+05
2015 12 12  2355   57368  86100   5.60e+00  2.02e-01  1.01e-01  5.12e-02  4.17e-02  2.14e-02  6.53e+04  2.85e+03 -1.00e+05
