:Data_list: 20150605_Gs_part_5m.txt
:Created: 2015 Jun 06 0011 UTC
# Prepared by the U.S. Dept. of Commerce, NOAA, Space Weather Prediction Center
# Please send comments and suggestions to SWPC.Webmaster@noaa.gov 
# 
# Label: P > 1 = Particles at >1 Mev
# Label: P > 5 = Particles at >5 Mev
# Label: P >10 = Particles at >10 Mev
# Label: P >30 = Particles at >30 Mev
# Label: P >50 = Particles at >50 Mev
# Label: P>100 = Particles at >100 Mev
# Label: E>0.8 = Electrons at >0.8 Mev
# Label: E>2.0 = Electrons at >2.0 Mev
# Label: E>4.0 = Electrons at >4.0 Mev
# Units: Particles = Protons/cm2-s-sr
# Units: Electrons = Electrons/cm2-s-sr
# Source: GOES-15
# Location: W135
# Missing data: -1.00e+05
#
#                      5-minute  GOES-15 Solar Particle and Electron Flux
#
#                 Modified Seconds
# UTC Date  Time   Julian  of the
# YR MO DA  HHMM    Day     Day     P > 1     P > 5     P >10     P >30     P >50     P>100     E>0.8     E>2.0     E>4.0
#-------------------------------------------------------------------------------------------------------------------------
2015 06 05  0000   57178      0   5.41e+00  1.73e-01  1.47e-01  1.06e-01  7.18e-02  1.82e-02  2.71e+03  2.36e+01 -1.00e+05
2015 06 05  0005   57178    300   8.81e+00  3.08e-01  1.48e-01  4.41e-02  3.62e-02  1.82e-02  2.64e+03  2.67e+01 -1.00e+05
2015 06 05  0010   57178    600   5.51e+00  2.39e-01  2.13e-01  6.41e-02  5.61e-02  3.81e-02  2.62e+03  2.75e+01 -1.00e+05
2015 06 05  0015   57178    900   5.03e+00  2.05e-01  1.80e-01  1.39e-01  1.20e-01  4.40e-02  2.60e+03  2.51e+01 -1.00e+05
2015 06 05  0020   57178   1200   6.98e+00  1.85e-01  9.55e-02  4.41e-02  3.62e-02  1.82e-02  2.60e+03  2.59e+01 -1.00e+05
2015 06 05  0025   57178   1500   5.10e+00  1.45e-01  1.20e-01  4.41e-02  3.62e-02  1.82e-02  2.60e+03  2.54e+01 -1.00e+05
2015 06 05  0030   57178   1800   4.75e+00  1.11e-01  8.57e-02  4.58e-02  3.66e-02  1.82e-02  2.58e+03  2.44e+01 -1.00e+05
2015 06 05  0035   57178   2100   5.06e+00  2.75e-01  2.49e-01  7.30e-02  6.51e-02  1.82e-02  2.53e+03  2.50e+01 -1.00e+05
2015 06 05  0040   57178   2400   7.40e+00  4.03e-01  2.58e-01  7.86e-02  4.40e-02  1.82e-02  2.51e+03  2.46e+01 -1.00e+05
2015 06 05  0045   57178   2700   4.26e+00  1.54e-01  1.29e-01  6.80e-02  6.01e-02  2.58e-02  2.48e+03  2.53e+01 -1.00e+05
2015 06 05  0050   57178   3000   4.57e+00  2.01e-01  1.76e-01  7.87e-02  6.52e-02  4.55e-02  2.47e+03  2.41e+01 -1.00e+05
2015 06 05  0055   57178   3300   4.64e+00  2.66e-01  2.27e-01  7.89e-02  7.10e-02  5.30e-02  2.44e+03  2.27e+01 -1.00e+05
2015 06 05  0100   57178   3600   3.98e+00  1.60e-01  1.35e-01  5.89e-02  3.95e-02  1.82e-02  2.40e+03  2.04e+01 -1.00e+05
2015 06 05  0105   57178   3900   4.24e+00  1.10e-01  8.41e-02  4.42e-02  3.63e-02  1.83e-02  2.40e+03  2.38e+01 -1.00e+05
2015 06 05  0110   57178   4200   5.23e+00  2.10e-01  1.43e-01  9.54e-02  7.15e-02  2.98e-02  2.39e+03  1.72e+01 -1.00e+05
2015 06 05  0115   57178   4500   4.05e+00  1.18e-01  9.25e-02  5.24e-02  3.81e-02  1.82e-02  2.43e+03  2.36e+01 -1.00e+05
2015 06 05  0120   57178   4800   6.20e+00  1.96e-01  1.08e-01  5.66e-02  4.87e-02  3.07e-02  2.42e+03  2.05e+01 -1.00e+05
2015 06 05  0125   57178   5100   4.66e+00  2.41e-01  2.15e-01  6.65e-02  5.86e-02  4.06e-02  2.41e+03  2.24e+01 -1.00e+05
2015 06 05  0130   57178   5400   3.95e+00  1.09e-01  8.40e-02  4.41e-02  3.62e-02  1.82e-02  2.40e+03  2.13e+01 -1.00e+05
2015 06 05  0135   57178   5700   4.17e+00  1.43e-01  1.17e-01  7.69e-02  5.24e-02  2.18e-02  2.40e+03  1.76e+01 -1.00e+05
2015 06 05  0140   57178   6000   4.21e+00  1.58e-01  1.33e-01  9.31e-02  8.52e-02  3.39e-02  2.39e+03  2.12e+01 -1.00e+05
2015 06 05  0145   57178   6300   4.05e+00  2.17e-01  1.92e-01  1.27e-01  9.77e-02  3.59e-02  2.38e+03  1.91e+01 -1.00e+05
2015 06 05  0150   57178   6600   6.31e+00  3.67e-01  2.23e-01  4.41e-02  3.62e-02  1.82e-02  2.37e+03  1.96e+01 -1.00e+05
2015 06 05  0155   57178   6900   5.66e+00  3.17e-01  1.58e-01  5.41e-02  4.62e-02  2.82e-02  2.35e+03  2.11e+01 -1.00e+05
2015 06 05  0200   57178   7200   7.84e+00  2.60e-01  8.66e-02  4.41e-02  3.62e-02  1.82e-02  2.35e+03  2.02e+01 -1.00e+05
2015 06 05  0205   57178   7500   4.21e+00  1.27e-01  8.67e-02  4.41e-02  3.62e-02  1.82e-02  2.34e+03  2.00e+01 -1.00e+05
2015 06 05  0210   57178   7800   5.14e+00  1.85e-01  9.55e-02  4.41e-02  3.62e-02  1.82e-02  2.34e+03  1.47e+01 -1.00e+05
2015 06 05  0215   57178   8100   3.73e+00  1.09e-01  8.40e-02  4.41e-02  3.62e-02  1.82e-02  2.32e+03  1.93e+01 -1.00e+05
2015 06 05  0220   57178   8400   3.71e+00  1.09e-01  8.40e-02  4.41e-02  3.62e-02  1.82e-02  2.31e+03  1.83e+01 -1.00e+05
2015 06 05  0225   57178   8700   4.15e+00  2.56e-01  2.16e-01  5.89e-02  3.95e-02  1.82e-02  2.27e+03  1.69e+01 -1.00e+05
2015 06 05  0230   57178   9000   3.46e+00  1.34e-01  1.09e-01  6.90e-02  6.11e-02  4.31e-02  2.24e+03  1.49e+01 -1.00e+05
2015 06 05  0235   57178   9300   4.42e+00  1.85e-01  9.55e-02  4.41e-02  3.62e-02  1.82e-02  2.23e+03  1.56e+01 -1.00e+05
2015 06 05  0240   57178   9600   3.25e+00  1.42e-01  1.16e-01  7.64e-02  6.85e-02  5.05e-02  2.23e+03  1.61e+01 -1.00e+05
2015 06 05  0245   57178   9900   3.39e+00  1.40e-01  1.14e-01  7.43e-02  6.64e-02  2.79e-02  2.22e+03  1.43e+01 -1.00e+05
2015 06 05  0250   57178  10200   3.51e+00  1.63e-01  1.22e-01  4.41e-02  3.62e-02  1.82e-02  2.21e+03  1.67e+01 -1.00e+05
2015 06 05  0255   57178  10500   2.86e+00  1.57e-01  1.32e-01  5.66e-02  4.87e-02  3.07e-02  2.18e+03  1.29e+01 -1.00e+05
2015 06 05  0300   57178  10800   4.30e+00  1.85e-01  9.55e-02  4.41e-02  3.62e-02  1.82e-02  2.13e+03  1.68e+01 -1.00e+05
2015 06 05  0305   57178  11100   3.06e+00  1.18e-01  9.25e-02  5.24e-02  3.81e-02  1.82e-02  2.13e+03  1.31e+01 -1.00e+05
2015 06 05  0310   57178  11400   2.80e+00  1.27e-01  1.02e-01  6.18e-02  5.38e-02  2.38e-02  2.11e+03  1.51e+01 -1.00e+05
2015 06 05  0315   57178  11700   2.84e+00  1.11e-01  8.57e-02  4.58e-02  3.66e-02  1.82e-02  2.10e+03  1.38e+01 -1.00e+05
2015 06 05  0320   57178  12000   5.15e+00  3.52e-01  1.50e-01  4.42e-02  3.63e-02  1.83e-02  2.08e+03  1.55e+01 -1.00e+05
2015 06 05  0325   57178  12300   3.05e+00  2.16e-01  1.55e-01  1.08e-01  7.89e-02  2.99e-02  2.07e+03  1.08e+01 -1.00e+05
2015 06 05  0330   57178  12600   3.06e+00  1.47e-01  1.07e-01  6.50e-02  5.44e-02  3.56e-02  2.06e+03  1.16e+01 -1.00e+05
2015 06 05  0335   57178  12900   2.79e+00  1.09e-01  8.40e-02  4.41e-02  3.62e-02  1.82e-02  2.04e+03  1.64e+01 -1.00e+05
2015 06 05  0340   57178  13200   3.43e+00  2.22e-01  1.33e-01  4.58e-02  3.66e-02  1.82e-02  2.03e+03  1.21e+01 -1.00e+05
2015 06 05  0345   57178  13500   2.43e+00  1.12e-01  8.66e-02  4.67e-02  3.88e-02  2.08e-02  2.02e+03  1.27e+01 -1.00e+05
2015 06 05  0350   57178  13800   2.51e+00  1.09e-01  8.40e-02  4.41e-02  3.62e-02  1.82e-02  2.00e+03  1.45e+01 -1.00e+05
2015 06 05  0355   57178  14100   2.65e+00  1.25e-01  9.93e-02  5.90e-02  3.97e-02  1.83e-02  1.99e+03  9.37e+00 -1.00e+05
2015 06 05  0400   57178  14400   2.49e+00  1.41e-01  1.15e-01  7.44e-02  4.20e-02  1.82e-02  1.98e+03  1.32e+01 -1.00e+05
2015 06 05  0405   57178  14700   4.33e+00  2.28e-01  1.21e-01  7.82e-02  6.39e-02  1.82e-02  1.96e+03  1.31e+01 -1.00e+05
2015 06 05  0410   57178  15000   2.45e+00  1.09e-01  8.40e-02  4.41e-02  3.62e-02  1.82e-02  1.96e+03  1.44e+01 -1.00e+05
2015 06 05  0415   57178  15300   2.22e+00  1.09e-01  8.40e-02  4.41e-02  3.62e-02  1.82e-02  1.94e+03  1.20e+01 -1.00e+05
2015 06 05  0420   57178  15600   2.25e+00  1.11e-01  8.57e-02  4.58e-02  3.66e-02  1.82e-02  1.94e+03  1.46e+01 -1.00e+05
2015 06 05  0425   57178  15900   2.28e+00  1.49e-01  1.24e-01  4.92e-02  4.13e-02  1.98e-02  1.94e+03  1.24e+01 -1.00e+05
2015 06 05  0430   57178  16200   2.27e+00  1.45e-01  1.19e-01  7.86e-02  4.40e-02  1.82e-02  1.93e+03  1.17e+01 -1.00e+05
2015 06 05  0435   57178  16500   2.87e+00  1.84e-01  1.46e-01  7.89e-02  7.10e-02  5.30e-02  1.90e+03  1.12e+01 -1.00e+05
2015 06 05  0440   57178  16800   2.10e+00  1.09e-01  8.40e-02  4.41e-02  3.62e-02  1.82e-02  1.88e+03  1.26e+01 -1.00e+05
2015 06 05  0445   57178  17100   2.26e+00  1.09e-01  8.40e-02  4.41e-02  3.62e-02  1.82e-02  1.88e+03  1.39e+01 -1.00e+05
2015 06 05  0450   57178  17400   3.29e+00  1.94e-01  1.05e-01  5.41e-02  4.62e-02  2.82e-02  1.87e+03  1.08e+01 -1.00e+05
2015 06 05  0455   57178  17700   2.14e+00  1.52e-01  1.26e-01  8.58e-02  6.64e-02  1.82e-02  1.86e+03  9.79e+00 -1.00e+05
2015 06 05  0500   57178  18000   2.75e+00  2.29e-01  1.40e-01  5.25e-02  3.82e-02  1.83e-02  1.84e+03  1.20e+01 -1.00e+05
2015 06 05  0505   57178  18300   4.46e+00  3.19e-01  1.33e-01  9.06e-02  8.27e-02  4.66e-02  1.82e+03  1.01e+01 -1.00e+05
2015 06 05  0510   57178  18600   2.05e+00  2.11e-01  1.85e-01  8.17e-02  6.20e-02  4.06e-02  1.80e+03  9.64e+00 -1.00e+05
2015 06 05  0515   57178  18900   1.85e+00  1.09e-01  8.40e-02  4.41e-02  3.62e-02  1.82e-02  1.79e+03  1.01e+01 -1.00e+05
2015 06 05  0520   57178  19200   3.22e+00  2.21e-01  9.43e-02  5.17e-02  4.38e-02  2.57e-02  1.78e+03  9.39e+00 -1.00e+05
2015 06 05  0525   57178  19500   1.94e+00  1.64e-01  1.38e-01  9.71e-02  5.70e-02  2.18e-02  1.78e+03  1.12e+01 -1.00e+05
2015 06 05  0530   57178  19800   1.76e+00  1.58e-01  1.33e-01  9.31e-02  8.52e-02  3.39e-02  1.78e+03  9.62e+00 -1.00e+05
2015 06 05  0535   57178  20100   3.12e+00  2.98e-01  1.79e-01  9.60e-02  5.95e-02  3.32e-02  1.77e+03  1.08e+01 -1.00e+05
2015 06 05  0540   57178  20400   1.81e+00  1.49e-01  1.23e-01  8.29e-02  5.65e-02  3.32e-02  1.75e+03  8.91e+00 -1.00e+05
2015 06 05  0545   57178  20700   1.71e+00  1.09e-01  8.40e-02  4.41e-02  3.62e-02  1.82e-02  1.74e+03  1.14e+01 -1.00e+05
2015 06 05  0550   57178  21000   1.92e+00  1.12e-01  8.66e-02  4.67e-02  3.88e-02  2.08e-02  1.75e+03  9.78e+00 -1.00e+05
2015 06 05  0555   57178  21300   2.25e+00  1.53e-01  1.13e-01  4.41e-02  3.62e-02  1.82e-02  1.73e+03  1.22e+01 -1.00e+05
2015 06 05  0600   57178  21600   1.74e+00  1.24e-01  9.90e-02  5.91e-02  5.12e-02  3.32e-02  1.73e+03  1.21e+01 -1.00e+05
2015 06 05  0605   57178  21900   1.72e+00  1.86e-01  1.60e-01  1.20e-01  1.06e-01  3.99e-02  1.72e+03  1.04e+01 -1.00e+05
2015 06 05  0610   57178  22200   1.67e+00  1.60e-01  1.34e-01  9.45e-02  8.66e-02  3.95e-02  1.71e+03  1.26e+01 -1.00e+05
2015 06 05  0615   57178  22500   1.53e+00  1.45e-01  1.20e-01  4.41e-02  3.62e-02  1.82e-02  1.71e+03  1.25e+01 -1.00e+05
2015 06 05  0620   57178  22800   3.06e+00  5.12e-01  3.29e-01  7.44e-02  4.20e-02  1.82e-02  1.70e+03  1.15e+01 -1.00e+05
2015 06 05  0625   57178  23100   2.60e+00  1.88e-01  8.69e-02  4.41e-02  3.62e-02  1.82e-02  1.70e+03  1.41e+01 -1.00e+05
2015 06 05  0630   57178  23400   1.59e+00  1.27e-01  1.02e-01  6.18e-02  5.38e-02  2.38e-02  1.69e+03  1.44e+01 -1.00e+05
2015 06 05  0635   57178  23700   1.75e+00  1.27e-01  8.67e-02  4.41e-02  3.62e-02  1.82e-02  1.69e+03  1.43e+01 -1.00e+05
2015 06 05  0640   57178  24000   2.41e+00  2.20e-01  1.31e-01  4.41e-02  3.62e-02  1.82e-02  1.67e+03  1.49e+01 -1.00e+05
2015 06 05  0645   57178  24300   1.86e+00  1.37e-01  9.66e-02  5.41e-02  4.62e-02  2.82e-02  1.67e+03  1.20e+01 -1.00e+05
2015 06 05  0650   57178  24600   2.26e+00  3.14e-01  1.90e-01  1.33e-01  1.25e-01  5.34e-02  1.68e+03  9.95e+00 -1.00e+05
2015 06 05  0655   57178  24900   1.91e+00  2.41e-01  2.00e-01  4.41e-02  3.62e-02  1.82e-02  1.65e+03  1.24e+01 -1.00e+05
2015 06 05  0700   57178  25200   1.53e+00  1.38e-01  1.12e-01  7.22e-02  6.37e-02  4.55e-02  1.64e+03  9.58e+00 -1.00e+05
2015 06 05  0705   57178  25500   1.60e+00  1.27e-01  8.67e-02  4.41e-02  3.62e-02  1.82e-02  1.64e+03  1.03e+01 -1.00e+05
2015 06 05  0710   57178  25800   2.88e+00  3.11e-01  1.30e-01  4.41e-02  3.62e-02  1.82e-02  1.63e+03  1.27e+01 -1.00e+05
2015 06 05  0715   57178  26100   1.48e+00  1.27e-01  1.02e-01  6.18e-02  5.38e-02  2.38e-02  1.63e+03  1.16e+01 -1.00e+05
2015 06 05  0720   57178  26400   2.85e+00  3.28e-01  1.79e-01  9.50e-02  5.70e-02  3.32e-02  1.62e+03  1.12e+01 -1.00e+05
2015 06 05  0725   57178  26700   1.64e+00  1.63e-01  1.22e-01  7.87e-02  4.41e-02  1.83e-02  1.61e+03  9.75e+00 -1.00e+05
2015 06 05  0730   57178  27000   1.90e+00  1.87e-01  1.27e-01  8.06e-02  7.26e-02  2.99e-02  1.60e+03  1.37e+01 -1.00e+05
2015 06 05  0735   57178  27300   2.12e+00  1.85e-01  9.55e-02  4.41e-02  3.62e-02  1.82e-02  1.60e+03  1.42e+01 -1.00e+05
2015 06 05  0740   57178  27600   1.50e+00  1.55e-01  1.29e-01  8.91e-02  6.97e-02  2.79e-02  1.59e+03  1.24e+01 -1.00e+05
2015 06 05  0745   57178  27900   1.60e+00  1.36e-01  1.10e-01  4.41e-02  3.62e-02  1.82e-02  1.60e+03  1.18e+01 -1.00e+05
2015 06 05  0750   57178  28200   1.68e+00  2.05e-01  1.80e-01  1.39e-01  1.16e-01  4.57e-02  1.61e+03  1.09e+01 -1.00e+05
2015 06 05  0755   57178  28500   1.71e+00  1.94e-01  1.69e-01  9.65e-02  6.19e-02  3.81e-02  1.62e+03  1.19e+01 -1.00e+05
2015 06 05  0800   57178  28800   2.77e+00  3.64e-01  1.30e-01  4.41e-02  3.62e-02  1.82e-02  1.61e+03  1.42e+01 -1.00e+05
2015 06 05  0805   57178  29100   1.46e+00  2.49e-01  2.23e-01  7.09e-02  4.81e-02  2.57e-02  1.61e+03  1.32e+01 -1.00e+05
2015 06 05  0810   57178  29400   1.61e+00  1.72e-01  1.32e-01  5.66e-02  4.87e-02  3.07e-02  1.58e+03  1.14e+01 -1.00e+05
2015 06 05  0815   57178  29700   1.38e+00  1.36e-01  1.11e-01  7.03e-02  5.09e-02  2.18e-02  1.57e+03  1.18e+01 -1.00e+05
2015 06 05  0820   57178  30000   1.90e+00  2.42e-01  1.53e-01  6.55e-02  4.10e-02  1.82e-02  1.58e+03  1.59e+01 -1.00e+05
2015 06 05  0825   57178  30300   2.05e+00  2.59e-01  1.38e-01  5.24e-02  3.81e-02  1.82e-02  1.58e+03  1.16e+01 -1.00e+05
2015 06 05  0830   57178  30600   2.01e+00  2.05e-01  1.18e-01  6.65e-02  5.86e-02  4.06e-02  1.57e+03  1.35e+01 -1.00e+05
2015 06 05  0835   57178  30900   1.28e+00  1.45e-01  1.20e-01  4.41e-02  3.62e-02  1.82e-02  1.59e+03  1.25e+01 -1.00e+05
2015 06 05  0840   57178  31200   2.11e+00  2.58e-01  1.72e-01  8.63e-02  7.84e-02  6.04e-02  1.59e+03  1.35e+01 -1.00e+05
2015 06 05  0845   57178  31500   2.23e+00  3.12e-01  1.93e-01  1.34e-01  7.40e-02  2.58e-02  1.58e+03  1.00e+01 -1.00e+05
2015 06 05  0850   57178  31800   1.25e+00  1.09e-01  8.40e-02  4.41e-02  3.62e-02  1.82e-02  1.57e+03  1.47e+01 -1.00e+05
2015 06 05  0855   57178  32100   1.52e+00  1.95e-01  1.70e-01  1.30e-01  1.22e-01  6.61e-02  1.57e+03  1.25e+01 -1.00e+05
2015 06 05  0900   57178  32400   1.51e+00  1.78e-01  1.53e-01  7.63e-02  4.20e-02  1.82e-02  1.57e+03  1.16e+01 -1.00e+05
2015 06 05  0905   57178  32700   2.56e+00  2.65e-01  1.15e-01  7.22e-02  6.37e-02  4.55e-02  1.56e+03  1.24e+01 -1.00e+05
2015 06 05  0910   57178  33000   1.36e+00  1.18e-01  9.25e-02  5.24e-02  3.81e-02  1.82e-02  1.57e+03  1.16e+01 -1.00e+05
2015 06 05  0915   57178  33300   1.88e+00  1.27e-01  8.67e-02  4.41e-02  3.62e-02  1.82e-02  1.56e+03  1.57e+01 -1.00e+05
2015 06 05  0920   57178  33600   1.41e+00  1.09e-01  8.40e-02  4.41e-02  3.62e-02  1.82e-02  1.58e+03  1.25e+01 -1.00e+05
2015 06 05  0925   57178  33900   1.36e+00  1.27e-01  1.01e-01  6.08e-02  4.20e-02  2.08e-02  1.58e+03  1.12e+01 -1.00e+05
2015 06 05  0930   57178  34200   1.44e+00  1.09e-01  8.40e-02  4.41e-02  3.62e-02  1.82e-02  1.57e+03  1.52e+01 -1.00e+05
2015 06 05  0935   57178  34500   1.83e+00  2.19e-01  1.31e-01  7.99e-02  5.97e-02  3.81e-02  1.58e+03  1.03e+01 -1.00e+05
2015 06 05  0940   57178  34800   1.96e+00  2.46e-01  1.57e-01  1.06e-01  9.77e-02  3.79e-02  1.52e+03  1.10e+01 -1.00e+05
2015 06 05  0945   57178  35100   2.58e+00  4.67e-01  1.55e-01  4.67e-02  3.88e-02  2.08e-02  1.52e+03  1.23e+01 -1.00e+05
2015 06 05  0950   57178  35400   1.26e+00  1.38e-01  1.13e-01  7.20e-02  4.25e-02  1.82e-02  1.47e+03  1.16e+01 -1.00e+05
2015 06 05  0955   57178  35700   1.59e+00  3.05e-01  2.17e-01  5.41e-02  4.62e-02  2.82e-02  1.48e+03  1.05e+01 -1.00e+05
2015 06 05  1000   57178  36000   2.14e+00  3.25e-01  1.09e-01  6.65e-02  5.86e-02  4.06e-02  1.50e+03  1.04e+01 -1.00e+05
2015 06 05  1005   57178  36300   1.18e+00  1.09e-01  8.40e-02  4.41e-02  3.62e-02  1.82e-02  1.51e+03  1.06e+01 -1.00e+05
2015 06 05  1010   57178  36600   2.35e+00  2.14e-01  8.68e-02  4.41e-02  3.62e-02  1.82e-02  1.52e+03  1.09e+01 -1.00e+05
2015 06 05  1015   57178  36900   1.10e+00  1.55e-01  1.30e-01  6.22e-02  5.43e-02  3.63e-02  1.55e+03  9.57e+00 -1.00e+05
2015 06 05  1020   57178  37200   1.26e+00  1.93e-01  1.67e-01  8.06e-02  7.27e-02  3.00e-02  1.54e+03  1.06e+01 -1.00e+05
2015 06 05  1025   57178  37500   1.31e+00  1.80e-01  1.55e-01  8.11e-02  5.42e-02  3.07e-02  1.55e+03  9.56e+00 -1.00e+05
2015 06 05  1030   57178  37800   1.19e+00  1.29e-01  1.04e-01  6.38e-02  4.94e-02  2.18e-02  1.57e+03  1.15e+01 -1.00e+05
2015 06 05  1035   57178  38100   1.88e+00  3.89e-01  1.73e-01  4.41e-02  3.62e-02  1.82e-02  1.56e+03  1.43e+01 -1.00e+05
2015 06 05  1040   57178  38400   2.34e+00  2.91e-01  1.41e-01  5.91e-02  5.12e-02  3.32e-02  1.55e+03  1.17e+01 -1.00e+05
2015 06 05  1045   57178  38700   1.10e+00  1.46e-01  1.21e-01  7.95e-02  4.20e-02  1.82e-02  1.55e+03  9.59e+00 -1.00e+05
2015 06 05  1050   57178  39000   1.20e+00  1.45e-01  1.20e-01  4.41e-02  3.62e-02  1.82e-02  1.55e+03  1.18e+01 -1.00e+05
2015 06 05  1055   57178  39300   1.51e+00  2.00e-01  1.11e-01  5.89e-02  3.95e-02  1.82e-02  1.53e+03  1.21e+01 -1.00e+05
2015 06 05  1100   57178  39600   1.05e+00  1.11e-01  8.58e-02  4.59e-02  3.67e-02  1.83e-02  1.53e+03  1.24e+01 -1.00e+05
2015 06 05  1105   57178  39900   1.01e+00  1.09e-01  8.40e-02  4.41e-02  3.62e-02  1.82e-02  1.52e+03  1.42e+01 -1.00e+05
2015 06 05  1110   57178  40200   1.55e+00  2.48e-01  2.10e-01  6.30e-02  5.51e-02  3.70e-02  1.52e+03  9.37e+00 -1.00e+05
2015 06 05  1115   57178  40500   1.31e+00  1.09e-01  8.40e-02  4.41e-02  3.62e-02  1.82e-02  1.53e+03  1.42e+01 -1.00e+05
2015 06 05  1120   57178  40800   1.17e+00  2.38e-01  2.12e-01  6.55e-02  5.76e-02  3.86e-02  1.52e+03  1.01e+01 -1.00e+05
2015 06 05  1125   57178  41100   1.78e+00  3.00e-01  2.11e-01  4.67e-02  3.88e-02  2.08e-02  1.52e+03  1.23e+01 -1.00e+05
2015 06 05  1130   57178  41400   1.11e+00  1.49e-01  1.09e-01  6.55e-02  4.10e-02  1.82e-02  1.52e+03  1.02e+01 -1.00e+05
2015 06 05  1135   57178  41700   2.01e+00  2.69e-01  1.52e-01  7.40e-02  6.60e-02  4.80e-02  1.53e+03  1.05e+01 -1.00e+05
2015 06 05  1140   57178  42000   9.33e-01  1.36e-01  1.10e-01  4.41e-02  3.62e-02  1.82e-02  1.54e+03  1.13e+01 -1.00e+05
2015 06 05  1145   57178  42300   2.11e+00  2.98e-01  2.09e-01  4.41e-02  3.62e-02  1.82e-02  1.54e+03  1.24e+01 -1.00e+05
2015 06 05  1150   57178  42600   1.51e+00  1.45e-01  1.20e-01  4.41e-02  3.62e-02  1.82e-02  1.56e+03  1.24e+01 -1.00e+05
2015 06 05  1155   57178  42900   1.40e+00  1.09e-01  8.40e-02  4.41e-02  3.62e-02  1.82e-02  1.58e+03  1.36e+01 -1.00e+05
2015 06 05  1200   57178  43200   1.64e+00  1.36e-01  9.52e-02  5.24e-02  3.81e-02  1.82e-02  1.60e+03  1.32e+01 -1.00e+05
2015 06 05  1205   57178  43500   2.42e+00  2.41e-01  1.53e-01  6.65e-02  5.86e-02  4.06e-02  1.61e+03  1.24e+01 -1.00e+05
2015 06 05  1210   57178  43800   1.52e+00  1.27e-01  1.01e-01  6.08e-02  4.20e-02  2.08e-02  1.63e+03  1.25e+01 -1.00e+05
2015 06 05  1215   57178  44100   2.16e+00  2.02e-01  1.31e-01  8.28e-02  6.34e-02  2.58e-02  1.63e+03  1.04e+01 -1.00e+05
2015 06 05  1220   57178  44400   1.69e+00  1.63e-01  1.38e-01  9.72e-02  7.51e-02  5.30e-02  1.66e+03  1.18e+01 -1.00e+05
2015 06 05  1225   57178  44700   1.85e+00  1.43e-01  1.04e-01  6.16e-02  5.37e-02  3.56e-02  1.66e+03  1.37e+01 -1.00e+05
2015 06 05  1230   57178  45000   1.92e+00  1.46e-01  1.06e-01  6.41e-02  5.61e-02  3.81e-02  1.69e+03  1.16e+01 -1.00e+05
2015 06 05  1235   57178  45300   1.47e+00  1.32e-01  1.06e-01  6.55e-02  4.10e-02  1.82e-02  1.70e+03  1.38e+01 -1.00e+05
2015 06 05  1240   57178  45600   2.68e+00  1.85e-01  9.55e-02  4.41e-02  3.62e-02  1.82e-02  1.73e+03  1.53e+01 -1.00e+05
2015 06 05  1245   57178  45900   1.73e+00  1.21e-01  9.53e-02  5.55e-02  4.76e-02  2.18e-02  1.75e+03  1.46e+01 -1.00e+05
2015 06 05  1250   57178  46200   2.06e+00  1.52e-01  1.26e-01  8.47e-02  4.20e-02  1.82e-02  1.77e+03  1.57e+01 -1.00e+05
2015 06 05  1255   57178  46500   2.19e+00  1.09e-01  8.40e-02  4.41e-02  3.62e-02  1.82e-02  1.81e+03  1.84e+01 -1.00e+05
2015 06 05  1300   57178  46800   3.95e+00  2.21e-01  9.43e-02  5.17e-02  4.38e-02  2.57e-02  1.82e+03  1.43e+01 -1.00e+05
2015 06 05  1305   57178  47100   2.46e+00  2.47e-01  2.22e-01  1.01e-01  7.98e-02  5.79e-02  1.86e+03  1.49e+01 -1.00e+05
2015 06 05  1310   57178  47400   3.23e+00  1.98e-01  1.11e-01  5.98e-02  5.19e-02  3.38e-02  1.89e+03  1.74e+01 -1.00e+05
2015 06 05  1315   57178  47700   2.43e+00  1.09e-01  8.40e-02  4.41e-02  3.62e-02  1.82e-02  1.91e+03  1.81e+01 -1.00e+05
2015 06 05  1320   57178  48000   2.64e+00  1.45e-01  1.19e-01  7.96e-02  7.17e-02  4.34e-02  1.95e+03  1.52e+01 -1.00e+05
2015 06 05  1325   57178  48300   2.82e+00  1.81e-01  1.55e-01  1.14e-01  9.00e-02  3.39e-02  1.97e+03  1.73e+01 -1.00e+05
2015 06 05  1330   57178  48600   4.02e+00  1.85e-01  9.55e-02  4.41e-02  3.62e-02  1.82e-02  2.00e+03  2.17e+01 -1.00e+05
2015 06 05  1335   57178  48900   2.80e+00  1.73e-01  1.47e-01  1.07e-01  9.81e-02  3.79e-02  2.03e+03  1.56e+01 -1.00e+05
2015 06 05  1340   57178  49200   3.48e+00  1.73e-01  1.33e-01  8.96e-02  5.45e-02  3.07e-02  2.04e+03  1.86e+01 -1.00e+05
2015 06 05  1345   57178  49500   2.95e+00  1.54e-01  1.29e-01  8.78e-02  5.45e-02  3.07e-02  2.06e+03  1.86e+01 -1.00e+05
2015 06 05  1350   57178  49800   3.00e+00  2.30e-01  2.05e-01  7.93e-02  5.19e-02  2.82e-02  2.10e+03  1.82e+01 -1.00e+05
2015 06 05  1355   57178  50100   3.29e+00  1.42e-01  1.16e-01  7.64e-02  6.85e-02  5.05e-02  2.10e+03  1.89e+01 -1.00e+05
2015 06 05  1400   57178  50400   3.46e+00  1.09e-01  8.40e-02  4.41e-02  3.62e-02  1.82e-02  2.14e+03  1.97e+01 -1.00e+05
2015 06 05  1405   57178  50700   6.47e+00  3.11e-01  1.30e-01  4.41e-02  3.62e-02  1.82e-02  2.15e+03  1.94e+01 -1.00e+05
2015 06 05  1410   57178  51000   8.09e+00  4.21e-01  1.73e-01  1.31e-01  1.23e-01  4.60e-02  2.21e+03  2.11e+01 -1.00e+05
2015 06 05  1415   57178  51300   3.98e+00  2.47e-01  2.09e-01  5.98e-02  5.19e-02  3.38e-02  2.21e+03  1.91e+01 -1.00e+05
2015 06 05  1420   57178  51600   4.04e+00  1.72e-01  1.31e-01  4.41e-02  3.62e-02  1.82e-02  2.22e+03  1.97e+01 -1.00e+05
2015 06 05  1425   57178  51900   5.45e+00  2.69e-01  1.60e-01  1.05e-01  9.66e-02  5.62e-02  2.22e+03  1.86e+01 -1.00e+05
2015 06 05  1430   57178  52200   4.24e+00  1.86e-01  1.47e-01  7.64e-02  6.85e-02  5.05e-02  2.23e+03  2.10e+01 -1.00e+05
2015 06 05  1435   57178  52500   3.89e+00  1.41e-01  1.15e-01  7.44e-02  4.20e-02  1.82e-02  2.24e+03  2.21e+01 -1.00e+05
2015 06 05  1440   57178  52800   6.25e+00  1.88e-01  8.69e-02  4.41e-02  3.62e-02  1.82e-02  2.24e+03  2.33e+01 -1.00e+05
2015 06 05  1445   57178  53100   4.16e+00  1.20e-01  9.40e-02  5.41e-02  4.62e-02  2.82e-02  2.26e+03  2.07e+01 -1.00e+05
2015 06 05  1450   57178  53400   3.96e+00  1.62e-01  1.37e-01  7.15e-02  6.36e-02  4.55e-02  2.29e+03  1.99e+01 -1.00e+05
2015 06 05  1455   57178  53700   3.96e+00  1.32e-01  1.06e-01  6.55e-02  4.10e-02  1.82e-02  2.32e+03  2.27e+01 -1.00e+05
2015 06 05  1500   57178  54000   4.41e+00  1.45e-01  1.20e-01  4.41e-02  3.62e-02  1.82e-02  2.33e+03  2.16e+01 -1.00e+05
2015 06 05  1505   57178  54300   7.27e+00  3.15e-01  1.55e-01  5.17e-02  4.38e-02  2.57e-02  2.34e+03  2.17e+01 -1.00e+05
2015 06 05  1510   57178  54600   4.41e+00  1.57e-01  1.32e-01  6.65e-02  5.86e-02  4.06e-02  2.35e+03  2.39e+01 -1.00e+05
2015 06 05  1515   57178  54900   4.50e+00  1.15e-01  8.94e-02  4.95e-02  4.13e-02  2.33e-02  2.36e+03  2.03e+01 -1.00e+05
2015 06 05  1520   57178  55200   4.41e+00  2.23e-01  1.98e-01  4.41e-02  3.62e-02  1.82e-02  2.35e+03  2.28e+01 -1.00e+05
2015 06 05  1525   57178  55500   4.76e+00  1.79e-01  1.54e-01  1.14e-01  1.04e-01  3.99e-02  2.38e+03  2.42e+01 -1.00e+05
2015 06 05  1530   57178  55800   9.42e+00  4.36e-01  1.59e-01  4.58e-02  3.66e-02  1.82e-02  2.39e+03  2.58e+01 -1.00e+05
2015 06 05  1535   57178  56100   4.57e+00  2.54e-01  2.29e-01  8.39e-02  7.59e-02  5.79e-02  2.40e+03  2.13e+01 -1.00e+05
2015 06 05  1540   57178  56400   7.99e+00  2.51e-01  1.30e-01  4.41e-02  3.62e-02  1.82e-02  2.42e+03  2.50e+01 -1.00e+05
2015 06 05  1545   57178  56700   4.93e+00  1.31e-01  1.05e-01  6.55e-02  5.76e-02  3.86e-02  2.45e+03  2.32e+01 -1.00e+05
2015 06 05  1550   57178  57000   5.22e+00  2.04e-01  1.79e-01  7.43e-02  6.64e-02  2.79e-02  2.46e+03  2.39e+01 -1.00e+05
2015 06 05  1555   57178  57300   4.93e+00  1.32e-01  1.06e-01  6.55e-02  4.10e-02  1.82e-02  2.47e+03  2.57e+01 -1.00e+05
2015 06 05  1600   57178  57600   5.40e+00  1.57e-01  1.32e-01  6.65e-02  5.86e-02  4.06e-02  2.48e+03  2.77e+01 -1.00e+05
2015 06 05  1605   57178  57900   5.13e+00  1.39e-01  1.14e-01  7.40e-02  6.60e-02  4.80e-02  2.51e+03  2.74e+01 -1.00e+05
2015 06 05  1610   57178  58200   5.40e+00  1.47e-01  1.21e-01  4.58e-02  3.66e-02  1.82e-02  2.50e+03  2.49e+01 -1.00e+05
2015 06 05  1615   57178  58500   5.33e+00  1.36e-01  1.10e-01  4.41e-02  3.62e-02  1.82e-02  2.55e+03  2.49e+01 -1.00e+05
2015 06 05  1620   57178  58800   5.32e+00  1.52e-01  1.27e-01  8.55e-02  5.20e-02  2.82e-02  2.56e+03  2.52e+01 -1.00e+05
2015 06 05  1625   57178  59100   6.16e+00  1.27e-01  8.67e-02  4.41e-02  3.62e-02  1.82e-02  2.60e+03  3.33e+01 -1.00e+05
2015 06 05  1630   57178  59400   1.21e+01  3.16e-01  1.06e-01  6.35e-02  5.42e-02  2.38e-02  2.60e+03  2.87e+01 -1.00e+05
2015 06 05  1635   57178  59700   6.03e+00  1.09e-01  8.40e-02  4.41e-02  3.62e-02  1.82e-02  2.65e+03  3.19e+01 -1.00e+05
2015 06 05  1640   57178  60000   7.92e+00  1.85e-01  9.55e-02  4.41e-02  3.62e-02  1.82e-02  2.65e+03  2.99e+01 -1.00e+05
2015 06 05  1645   57178  60300   6.33e+00  1.73e-01  1.48e-01  1.08e-01  1.00e-01  4.72e-02  2.70e+03  2.60e+01 -1.00e+05
2015 06 05  1650   57178  60600   1.11e+01  4.48e-01  2.63e-01  6.53e-02  5.74e-02  3.94e-02  2.73e+03  3.09e+01 -1.00e+05
2015 06 05  1655   57178  60900   7.08e+00  1.61e-01  1.24e-01  8.18e-02  7.39e-02  5.58e-02  2.72e+03  3.15e+01 -1.00e+05
2015 06 05  1700   57178  61200   6.37e+00  2.74e-01  2.48e-01  9.64e-02  5.70e-02  3.32e-02  2.74e+03  3.02e+01 -1.00e+05
2015 06 05  1705   57178  61500   9.06e+00  2.65e-01  1.76e-01  5.24e-02  3.81e-02  1.82e-02  2.74e+03  3.06e+01 -1.00e+05
2015 06 05  1710   57178  61800   1.28e+01  4.77e-01  2.60e-01  7.86e-02  4.40e-02  1.82e-02  2.75e+03  3.22e+01 -1.00e+05
2015 06 05  1715   57178  62100   6.59e+00  1.09e-01  8.40e-02  4.41e-02  3.62e-02  1.82e-02  2.75e+03  3.16e+01 -1.00e+05
2015 06 05  1720   57178  62400   6.51e+00  1.09e-01  8.40e-02  4.41e-02  3.62e-02  1.82e-02  2.75e+03  3.53e+01 -1.00e+05
2015 06 05  1725   57178  62700   6.60e+00  1.98e-01  1.72e-01  1.02e-01  9.45e-02  3.80e-02  2.77e+03  2.99e+01 -1.00e+05
2015 06 05  1730   57178  63000   6.96e+00  1.58e-01  1.32e-01  9.25e-02  8.46e-02  5.40e-02  2.79e+03  3.31e+01 -1.00e+05
2015 06 05  1735   57178  63300   6.96e+00  1.45e-01  1.19e-01  7.79e-02  4.20e-02  1.82e-02  2.84e+03  3.48e+01 -1.00e+05
2015 06 05  1740   57178  63600   1.28e+01  2.22e-01  9.53e-02  5.24e-02  3.81e-02  1.82e-02  2.85e+03  3.20e+01 -1.00e+05
2015 06 05  1745   57178  63900   8.36e+00  2.18e-01  1.79e-01  7.33e-02  5.82e-02  3.81e-02  2.90e+03  3.52e+01 -1.00e+05
2015 06 05  1750   57178  64200   1.06e+01  1.85e-01  9.98e-02  4.92e-02  4.13e-02  1.98e-02  2.90e+03  3.43e+01 -1.00e+05
2015 06 05  1755   57178  64500   1.34e+01  4.64e-01  2.26e-01  5.66e-02  4.87e-02  3.07e-02  2.91e+03  3.37e+01 -1.00e+05
2015 06 05  1800   57178  64800   1.30e+01  2.17e-01  9.19e-02  4.92e-02  4.13e-02  1.98e-02  2.91e+03  3.61e+01 -1.00e+05
2015 06 05  1805   57178  65100   8.02e+00  1.25e-01  9.92e-02  5.89e-02  3.95e-02  1.82e-02  2.92e+03  3.77e+01 -1.00e+05
2015 06 05  1810   57178  65400   7.91e+00  2.95e-01  2.70e-01  1.06e-01  7.18e-02  4.80e-02  2.92e+03  3.30e+01 -1.00e+05
2015 06 05  1815   57178  65700   8.00e+00  2.33e-01  2.07e-01  5.43e-02  4.05e-02  2.08e-02  2.92e+03  3.77e+01 -1.00e+05
2015 06 05  1820   57178  66000   7.41e+00  1.56e-01  1.31e-01  9.00e-02  6.58e-02  4.31e-02  2.92e+03  3.58e+01 -1.00e+05
2015 06 05  1825   57178  66300   8.02e+00  1.36e-01  1.10e-01  4.41e-02  3.62e-02  1.82e-02  2.92e+03  3.61e+01 -1.00e+05
2015 06 05  1830   57178  66600   8.72e+00  1.59e-01  1.22e-01  8.04e-02  7.24e-02  5.44e-02  2.93e+03  3.48e+01 -1.00e+05
2015 06 05  1835   57178  66900   7.96e+00  1.27e-01  1.01e-01  6.14e-02  4.98e-02  3.07e-02  2.94e+03  3.79e+01 -1.00e+05
2015 06 05  1840   57178  67200   8.26e+00  2.47e-01  2.21e-01  9.18e-02  6.81e-02  4.55e-02  2.93e+03  3.32e+01 -1.00e+05
2015 06 05  1845   57178  67500   9.01e+00  1.29e-01  8.85e-02  4.58e-02  3.66e-02  1.82e-02  2.94e+03  3.98e+01 -1.00e+05
2015 06 05  1850   57178  67800   1.29e+01  1.96e-01  1.00e-01  5.72e-02  4.79e-02  2.18e-02  2.96e+03  4.02e+01 -1.00e+05
2015 06 05  1855   57178  68100   1.64e+01  3.41e-01  1.34e-01  4.92e-02  4.13e-02  2.33e-02  3.00e+03  3.84e+01 -1.00e+05
2015 06 05  1900   57178  68400   8.05e+00  1.34e-01  1.09e-01  6.88e-02  6.09e-02  1.82e-02  2.99e+03  3.41e+01 -1.00e+05
2015 06 05  1905   57178  68700   8.09e+00  1.46e-01  1.21e-01  7.95e-02  4.20e-02  1.82e-02  3.03e+03  3.67e+01 -1.00e+05
2015 06 05  1910   57178  69000   1.20e+01  2.29e-01  1.40e-01  4.41e-02  3.62e-02  1.82e-02  3.07e+03  4.03e+01 -1.00e+05
2015 06 05  1915   57178  69300   8.56e+00  1.45e-01  1.20e-01  4.42e-02  3.63e-02  1.83e-02  3.07e+03  3.38e+01 -1.00e+05
2015 06 05  1920   57178  69600   8.65e+00  2.33e-01  2.07e-01  5.66e-02  4.87e-02  3.07e-02  3.08e+03  3.42e+01 -1.00e+05
2015 06 05  1925   57178  69900   1.23e+01  1.85e-01  9.55e-02  4.41e-02  3.62e-02  1.82e-02  3.08e+03  4.14e+01 -1.00e+05
2015 06 05  1930   57178  70200   8.23e+00  1.63e-01  1.37e-01  6.65e-02  5.86e-02  4.06e-02  3.06e+03  3.62e+01 -1.00e+05
2015 06 05  1935   57178  70500   8.56e+00  1.54e-01  1.29e-01  4.41e-02  3.62e-02  1.82e-02  3.07e+03  3.85e+01 -1.00e+05
2015 06 05  1940   57178  70800   8.54e+00  2.09e-01  1.83e-01  1.28e-01  7.29e-02  3.69e-02  3.06e+03  3.25e+01 -1.00e+05
2015 06 05  1945   57178  71100   1.25e+01  3.34e-01  2.46e-01  9.00e-02  6.58e-02  4.31e-02  3.05e+03  3.50e+01 -1.00e+05
2015 06 05  1950   57178  71400   9.02e+00  1.17e-01  9.15e-02  5.17e-02  4.38e-02  2.57e-02  3.08e+03  3.86e+01 -1.00e+05
2015 06 05  1955   57178  71700   9.01e+00  1.23e-01  9.77e-02  5.79e-02  4.99e-02  3.11e-02  3.08e+03  3.82e+01 -1.00e+05
2015 06 05  2000   57178  72000   9.54e+00  2.32e-01  2.06e-01  5.24e-02  3.81e-02  1.82e-02  3.11e+03  3.89e+01 -1.00e+05
2015 06 05  2005   57178  72300   9.71e+00  1.09e-01  8.40e-02  4.41e-02  3.62e-02  1.82e-02  3.13e+03  4.32e+01 -1.00e+05
2015 06 05  2010   57178  72600   9.21e+00  2.60e-01  2.35e-01  1.14e-01  1.04e-01  3.99e-02  3.16e+03  3.88e+01 -1.00e+05
2015 06 05  2015   57178  72900   9.90e+00  1.27e-01  1.01e-01  6.08e-02  4.20e-02  2.08e-02  3.14e+03  3.65e+01 -1.00e+05
2015 06 05  2020   57178  73200   9.73e+00  1.45e-01  1.20e-01  4.41e-02  3.62e-02  1.82e-02  3.14e+03  3.72e+01 -1.00e+05
2015 06 05  2025   57178  73500   1.52e+01  1.88e-01  8.69e-02  4.41e-02  3.62e-02  1.82e-02  3.19e+03  4.15e+01 -1.00e+05
2015 06 05  2030   57178  73800   1.99e+01  3.25e-01  1.31e-01  8.89e-02  8.10e-02  6.30e-02  3.18e+03  3.95e+01 -1.00e+05
2015 06 05  2035   57178  74100   1.00e+01  1.61e-01  1.35e-01  6.41e-02  5.61e-02  3.81e-02  3.20e+03  3.96e+01 -1.00e+05
2015 06 05  2040   57178  74400   1.02e+01  2.32e-01  2.07e-01  1.64e-01  9.80e-02  4.11e-02  3.24e+03  3.67e+01 -1.00e+05
2015 06 05  2045   57178  74700   1.40e+01  2.22e-01  1.51e-01  1.03e-01  6.79e-02  2.58e-02  3.24e+03  4.01e+01 -1.00e+05
2015 06 05  2050   57178  75000   1.01e+01  1.20e-01  9.40e-02  5.41e-02  4.62e-02  2.82e-02  3.24e+03  4.19e+01 -1.00e+05
2015 06 05  2055   57178  75300   1.04e+01  2.50e-01  2.25e-01  8.76e-02  5.57e-02  3.07e-02  3.24e+03  3.79e+01 -1.00e+05
2015 06 05  2100   57178  75600   1.44e+01  2.22e-01  1.37e-01  8.49e-02  4.87e-02  1.98e-02  3.25e+03  3.97e+01 -1.00e+05
2015 06 05  2105   57178  75900   1.05e+01  1.89e-01  1.63e-01  9.36e-02  7.05e-02  4.80e-02  3.24e+03  3.50e+01 -1.00e+05
2015 06 05  2110   57178  76200   1.04e+01  1.45e-01  1.20e-01  4.42e-02  3.63e-02  1.83e-02  3.25e+03  4.30e+01 -1.00e+05
2015 06 05  2115   57178  76500   1.03e+01  1.58e-01  1.33e-01  9.31e-02  8.52e-02  3.39e-02  3.25e+03  3.92e+01 -1.00e+05
2015 06 05  2120   57178  76800   1.03e+01  1.45e-01  1.20e-01  4.41e-02  3.62e-02  1.82e-02  3.24e+03  4.14e+01 -1.00e+05
2015 06 05  2125   57178  77100   1.62e+01  2.72e-01  1.48e-01  8.97e-02  6.01e-02  2.38e-02  3.25e+03  4.11e+01 -1.00e+05
2015 06 05  2130   57178  77400   1.03e+01  1.32e-01  1.06e-01  6.55e-02  4.10e-02  1.82e-02  3.24e+03  3.97e+01 -1.00e+05
2015 06 05  2135   57178  77700   1.79e+01  4.22e-01  1.94e-01  4.41e-02  3.62e-02  1.82e-02  3.24e+03  3.91e+01 -1.00e+05
2015 06 05  2140   57178  78000   1.02e+01  1.38e-01  1.12e-01  7.22e-02  6.37e-02  4.55e-02  3.24e+03  3.94e+01 -1.00e+05
2015 06 05  2145   57178  78300   1.03e+01  1.45e-01  1.20e-01  4.41e-02  3.62e-02  1.82e-02  3.24e+03  4.05e+01 -1.00e+05
2015 06 05  2150   57178  78600   1.03e+01  1.25e-01  9.92e-02  5.89e-02  3.95e-02  1.82e-02  3.23e+03  4.07e+01 -1.00e+05
2015 06 05  2155   57178  78900   1.02e+01  1.09e-01  8.40e-02  4.41e-02  3.62e-02  1.82e-02  3.21e+03  3.76e+01 -1.00e+05
2015 06 05  2200   57178  79200   9.82e+00  1.12e-01  8.66e-02  4.67e-02  3.88e-02  2.08e-02  3.24e+03  3.56e+01 -1.00e+05
2015 06 05  2205   57178  79500   1.65e+01  1.88e-01  8.70e-02  4.42e-02  3.63e-02  1.83e-02  3.23e+03  3.88e+01 -1.00e+05
2015 06 05  2210   57178  79800   1.03e+01  1.18e-01  9.25e-02  5.24e-02  3.81e-02  1.82e-02  3.25e+03  3.35e+01 -1.00e+05
2015 06 05  2215   57178  80100   9.91e+00  1.42e-01  1.16e-01  7.67e-02  6.78e-02  3.29e-02  3.24e+03  3.34e+01 -1.00e+05
2015 06 05  2220   57178  80400   1.00e+01  1.58e-01  1.32e-01  9.28e-02  8.50e-02  3.39e-02  3.20e+03  3.62e+01 -1.00e+05
2015 06 05  2225   57178  80700   1.63e+01  2.17e-01  1.17e-01  7.41e-02  4.15e-02  1.81e-02  3.19e+03  3.63e+01 -1.00e+05
2015 06 05  2230   57178  81000   1.93e+01  2.58e-01  8.56e-02  4.36e-02  3.58e-02  1.81e-02  3.18e+03  3.50e+01 -1.00e+05
2015 06 05  2235   57178  81300   1.37e+01  1.84e-01  9.76e-02  4.70e-02  3.66e-02  1.81e-02  3.09e+03  3.36e+01 -1.00e+05
2015 06 05  2240   57178  81600   9.71e+00  1.96e-01  1.70e-01  1.31e-01  1.23e-01  4.74e-02  3.09e+03  3.25e+01 -1.00e+05
2015 06 05  2245   57178  81900   9.58e+00  2.06e-01  1.80e-01  6.65e-02  5.87e-02  1.82e-02  3.08e+03  3.47e+01 -1.00e+05
2015 06 05  2250   57178  82200   8.99e+00  2.08e-01  1.82e-01  1.41e-01  1.06e-01  3.79e-02  3.08e+03  3.17e+01 -1.00e+05
2015 06 05  2255   57178  82500   9.73e+00  1.49e-01  1.23e-01  4.36e-02  3.58e-02  1.81e-02  3.08e+03  3.84e+01 -1.00e+05
2015 06 05  2300   57178  82800   1.28e+01  1.83e-01  1.20e-01  7.40e-02  6.61e-02  2.78e-02  3.09e+03  3.22e+01 -1.00e+05
2015 06 05  2305   57178  83100   9.37e+00  2.27e-01  2.01e-01  4.36e-02  3.58e-02  1.81e-02  3.08e+03  3.68e+01 -1.00e+05
2015 06 05  2310   57178  83400   1.62e+01  2.95e-01  1.76e-01  8.62e-02  5.09e-02  2.74e-02  3.11e+03  3.65e+01 -1.00e+05
2015 06 05  2315   57178  83700   9.92e+00  2.63e-01  2.37e-01  8.41e-02  6.37e-02  4.23e-02  3.14e+03  3.29e+01 -1.00e+05
2015 06 05  2320   57178  84000   1.00e+01  1.66e-01  1.40e-01  6.54e-02  5.76e-02  3.98e-02  3.09e+03  3.65e+01 -1.00e+05
2015 06 05  2325   57178  84300   1.01e+01  2.37e-01  2.11e-01  6.16e-02  5.37e-02  3.60e-02  3.09e+03  3.54e+01 -1.00e+05
2015 06 05  2330   57178  84600   1.31e+01  2.17e-01  1.32e-01  8.11e-02  5.63e-02  3.36e-02  3.08e+03  3.39e+01 -1.00e+05
2015 06 05  2335   57178  84900   8.45e+00  1.31e-01  1.05e-01  6.54e-02  5.76e-02  3.99e-02  2.97e+03  3.42e+01 -1.00e+05
2015 06 05  2340   57178  85200   8.53e+00  1.09e-01  8.31e-02  4.36e-02  3.58e-02  1.81e-02  2.98e+03  3.47e+01 -1.00e+05
2015 06 05  2345   57178  85500   1.85e+01  3.16e-01  1.05e-01  6.32e-02  5.54e-02  3.07e-02  2.95e+03  3.26e+01 -1.00e+05
2015 06 05  2350   57178  85800   8.43e+00  1.21e-01  9.50e-02  5.55e-02  4.77e-02  2.99e-02  2.93e+03  3.27e+01 -1.00e+05
2015 06 05  2355   57178  86100   8.53e+00  1.09e-01  8.31e-02  4.36e-02  3.58e-02  1.81e-02  2.92e+03  3.29e+01 -1.00e+05
