:Data_list: 20150825_Gs_part_5m.txt
:Created: 2015 Aug 26 0011 UTC
# Prepared by the U.S. Dept. of Commerce, NOAA, Space Weather Prediction Center
# Please send comments and suggestions to SWPC.Webmaster@noaa.gov 
# 
# Label: P > 1 = Particles at >1 Mev
# Label: P > 5 = Particles at >5 Mev
# Label: P >10 = Particles at >10 Mev
# Label: P >30 = Particles at >30 Mev
# Label: P >50 = Particles at >50 Mev
# Label: P>100 = Particles at >100 Mev
# Label: E>0.8 = Electrons at >0.8 Mev
# Label: E>2.0 = Electrons at >2.0 Mev
# Label: E>4.0 = Electrons at >4.0 Mev
# Units: Particles = Protons/cm2-s-sr
# Units: Electrons = Electrons/cm2-s-sr
# Source: GOES-15
# Location: W135
# Missing data: -1.00e+05
#
#                      5-minute  GOES-15 Solar Particle and Electron Flux
#
#                 Modified Seconds
# UTC Date  Time   Julian  of the
# YR MO DA  HHMM    Day     Day     P > 1     P > 5     P >10     P >30     P >50     P>100     E>0.8     E>2.0     E>4.0
#-------------------------------------------------------------------------------------------------------------------------
2015 08 25  0000   57259      0   6.92e+00  1.15e-01  8.70e-02  4.59e-02  3.73e-02  1.89e-02  9.79e+04  3.74e+03 -1.00e+05
2015 08 25  0005   57259    300   7.73e+00  1.34e-01  1.06e-01  6.47e-02  5.61e-02  2.49e-02  9.48e+04  3.54e+03 -1.00e+05
2015 08 25  0010   57259    600   7.28e+00  1.49e-01  1.22e-01  6.75e-02  5.89e-02  3.57e-02  9.39e+04  3.60e+03 -1.00e+05
2015 08 25  0015   57259    900   7.74e+00  2.20e-01  1.93e-01  4.59e-02  3.73e-02  1.89e-02  9.47e+04  3.55e+03 -1.00e+05
2015 08 25  0020   57259   1200   1.18e+01  2.32e-01  1.21e-01  6.40e-02  4.30e-02  2.10e-02  9.32e+04  3.57e+03 -1.00e+05
2015 08 25  0025   57259   1500   6.74e+00  1.72e-01  1.44e-01  7.10e-02  6.24e-02  2.70e-02  9.34e+04  3.32e+03 -1.00e+05
2015 08 25  0030   57259   1800   6.68e+00  2.98e-01  2.71e-01  7.56e-02  4.40e-02  1.89e-02  9.12e+04  3.19e+03 -1.00e+05
2015 08 25  0035   57259   2100   6.09e+00  1.54e-01  1.26e-01  8.37e-02  4.75e-02  2.10e-02  9.02e+04  3.07e+03 -1.00e+05
2015 08 25  0040   57259   2400   5.83e+00  2.20e-01  1.93e-01  4.59e-02  3.73e-02  1.89e-02  8.77e+04  2.88e+03 -1.00e+05
2015 08 25  0045   57259   2700   1.29e+01  3.77e-01  1.20e-01  7.73e-02  6.87e-02  2.90e-02  8.72e+04  2.87e+03 -1.00e+05
2015 08 25  0050   57259   3000   6.55e+00  1.40e-01  1.12e-01  7.10e-02  6.24e-02  2.70e-02  9.13e+04  3.21e+03 -1.00e+05
2015 08 25  0055   57259   3300   9.70e+00  3.10e-01  1.96e-01  1.51e-01  1.10e-01  3.90e-02  8.88e+04  2.97e+03 -1.00e+05
2015 08 25  0100   57259   3600   6.17e+00  2.30e-01  2.02e-01  1.61e-01  1.49e-01  6.94e-02  8.62e+04  2.89e+03 -1.00e+05
2015 08 25  0105   57259   3900   5.79e+00  1.93e-01  1.65e-01  1.02e-01  7.07e-02  4.58e-02  8.79e+04  2.91e+03 -1.00e+05
2015 08 25  0110   57259   4200   5.77e+00  1.19e-01  9.06e-02  4.94e-02  3.81e-02  1.89e-02  8.79e+04  2.79e+03 -1.00e+05
2015 08 25  0115   57259   4500   8.06e+00  2.40e-01  1.33e-01  5.22e-02  4.36e-02  2.09e-02  8.55e+04  2.67e+03 -1.00e+05
2015 08 25  0120   57259   4800   5.15e+00  1.53e-01  1.25e-01  8.35e-02  7.49e-02  3.10e-02  8.49e+04  2.57e+03 -1.00e+05
2015 08 25  0125   57259   5100   4.69e+00  1.49e-01  1.21e-01  8.02e-02  7.16e-02  5.32e-02  8.54e+04  2.50e+03 -1.00e+05
2015 08 25  0130   57259   5400   4.27e+00  1.22e-01  9.41e-02  5.30e-02  4.44e-02  2.60e-02  8.33e+04  2.47e+03 -1.00e+05
2015 08 25  0135   57259   5700   4.81e+00  2.20e-01  1.93e-01  4.59e-02  3.73e-02  1.89e-02  8.45e+04  2.50e+03 -1.00e+05
2015 08 25  0140   57259   6000   5.41e+00  3.10e-01  2.58e-01  1.51e-01  1.19e-01  4.31e-02  8.15e+04  2.39e+03 -1.00e+05
2015 08 25  0145   57259   6300   5.44e+00  1.84e-01  1.21e-01  4.59e-02  3.73e-02  1.89e-02  7.98e+04  2.33e+03 -1.00e+05
2015 08 25  0150   57259   6600   4.89e+00  2.47e-01  2.19e-01  8.34e-02  6.51e-02  4.39e-02  7.93e+04  2.24e+03 -1.00e+05
2015 08 25  0155   57259   6900   4.55e+00  1.39e-01  1.11e-01  6.90e-02  4.25e-02  1.89e-02  7.92e+04  2.23e+03 -1.00e+05
2015 08 25  0200   57259   7200   7.55e+00  2.29e-01  8.95e-02  4.59e-02  3.73e-02  1.89e-02  7.92e+04  2.15e+03 -1.00e+05
2015 08 25  0205   57259   7500   3.73e+00  1.44e-01  1.16e-01  5.55e-02  4.47e-02  2.25e-02  7.70e+04  2.01e+03 -1.00e+05
2015 08 25  0210   57259   7800   3.57e+00  1.80e-01  1.52e-01  1.11e-01  8.23e-02  5.82e-02  7.36e+04  1.87e+03 -1.00e+05
2015 08 25  0215   57259   8100   3.34e+00  1.42e-01  1.14e-01  4.59e-02  3.73e-02  1.89e-02  7.53e+04  1.89e+03 -1.00e+05
2015 08 25  0220   57259   8400   3.04e+00  1.39e-01  1.11e-01  7.00e-02  5.78e-02  3.84e-02  7.47e+04  1.78e+03 -1.00e+05
2015 08 25  0225   57259   8700   3.05e+00  1.59e-01  1.31e-01  8.98e-02  8.12e-02  3.30e-02  7.33e+04  1.68e+03 -1.00e+05
2015 08 25  0230   57259   9000   2.85e+00  1.62e-01  1.35e-01  9.30e-02  7.15e-02  1.93e-02  7.28e+04  1.57e+03 -1.00e+05
2015 08 25  0235   57259   9300   2.97e+00  3.04e-01  2.76e-01  1.09e-01  7.07e-02  4.37e-02  7.19e+04  1.57e+03 -1.00e+05
2015 08 25  0240   57259   9600   2.73e+00  2.07e-01  1.74e-01  1.31e-01  9.78e-02  4.76e-02  6.72e+04  1.31e+03 -1.00e+05
2015 08 25  0245   57259   9900   2.92e+00  1.55e-01  1.27e-01  4.94e-02  3.81e-02  1.89e-02  6.14e+04  1.25e+03 -1.00e+05
2015 08 25  0250   57259  10200   4.29e+00  1.82e-01  1.54e-01  1.13e-01  9.12e-02  3.50e-02  6.50e+04  1.29e+03 -1.00e+05
2015 08 25  0255   57259  10500   2.76e+00  1.66e-01  1.38e-01  7.53e-02  6.67e-02  4.83e-02  6.85e+04  1.38e+03 -1.00e+05
2015 08 25  0300   57259  10800   3.54e+00  1.52e-01  1.24e-01  8.21e-02  4.55e-02  1.89e-02  6.82e+04  1.45e+03 -1.00e+05
2015 08 25  0305   57259  11100   2.76e+00  1.15e-01  8.70e-02  4.59e-02  3.73e-02  1.89e-02  6.60e+04  1.31e+03 -1.00e+05
2015 08 25  0310   57259  11400   3.46e+00  1.15e-01  8.70e-02  4.59e-02  3.73e-02  1.89e-02  7.14e+04  1.50e+03 -1.00e+05
2015 08 25  0315   57259  11700   3.05e+00  1.32e-01  1.04e-01  6.25e-02  4.10e-02  1.89e-02  6.90e+04  1.43e+03 -1.00e+05
2015 08 25  0320   57259  12000   3.32e+00  1.25e-01  9.74e-02  5.60e-02  3.96e-02  1.89e-02  6.72e+04  1.31e+03 -1.00e+05
2015 08 25  0325   57259  12300   2.31e+00  1.15e-01  8.70e-02  4.59e-02  3.73e-02  1.89e-02  6.63e+04  1.28e+03 -1.00e+05
2015 08 25  0330   57259  12600   2.22e+00  1.66e-01  1.38e-01  9.62e-02  6.37e-02  3.84e-02  6.20e+04  1.13e+03 -1.00e+05
2015 08 25  0335   57259  12900   3.00e+00  1.84e-01  1.21e-01  4.59e-02  3.73e-02  1.89e-02  6.98e+04  1.41e+03 -1.00e+05
2015 08 25  0340   57259  13200   5.51e+00  2.96e-01  1.12e-01  6.76e-02  4.77e-02  2.60e-02  7.20e+04  1.51e+03 -1.00e+05
2015 08 25  0345   57259  13500   3.23e+00  1.57e-01  9.34e-02  4.59e-02  3.73e-02  1.89e-02  7.29e+04  1.58e+03 -1.00e+05
2015 08 25  0350   57259  13800   3.63e+00  2.46e-01  1.49e-01  9.44e-02  6.28e-02  2.49e-02  7.47e+04  1.62e+03 -1.00e+05
2015 08 25  0355   57259  14100   2.31e+00  2.43e-01  2.15e-01  8.82e-02  5.66e-02  2.29e-02  7.09e+04  1.46e+03 -1.00e+05
2015 08 25  0400   57259  14400   3.19e+00  2.31e-01  1.19e-01  6.25e-02  4.10e-02  1.89e-02  6.37e+04  1.14e+03 -1.00e+05
2015 08 25  0405   57259  14700   2.08e+00  1.15e-01  8.70e-02  4.59e-02  3.73e-02  1.89e-02  6.68e+04  1.26e+03 -1.00e+05
2015 08 25  0410   57259  15000   2.10e+00  2.29e-01  2.01e-01  7.39e-02  5.96e-02  3.20e-02  6.51e+04  1.17e+03 -1.00e+05
2015 08 25  0415   57259  15300   2.33e+00  1.57e-01  9.34e-02  4.59e-02  3.73e-02  1.89e-02  5.97e+04  1.04e+03 -1.00e+05
2015 08 25  0420   57259  15600   1.89e+00  1.83e-01  1.55e-01  1.13e-01  8.64e-02  3.30e-02  5.81e+04  9.70e+02 -1.00e+05
2015 08 25  0425   57259  15900   1.98e+00  2.79e-01  2.51e-01  7.73e-02  6.87e-02  2.90e-02  5.84e+04  9.48e+02 -1.00e+05
2015 08 25  0430   57259  16200   2.76e+00  3.81e-01  2.20e-01  4.94e-02  3.81e-02  1.89e-02  5.17e+04  8.10e+02 -1.00e+05
2015 08 25  0435   57259  16500   2.77e+00  4.04e-01  2.48e-01  8.76e-02  7.91e-02  6.07e-02  5.06e+04  8.18e+02 -1.00e+05
2015 08 25  0440   57259  16800   1.87e+00  1.85e-01  1.57e-01  6.24e-02  5.38e-02  3.54e-02  4.94e+04  8.14e+02 -1.00e+05
2015 08 25  0445   57259  17100   1.95e+00  1.15e-01  8.70e-02  4.59e-02  3.73e-02  1.89e-02  5.22e+04  8.36e+02 -1.00e+05
2015 08 25  0450   57259  17400   1.81e+00  1.62e-01  1.35e-01  9.33e-02  8.20e-02  3.30e-02  5.11e+04  8.43e+02 -1.00e+05
2015 08 25  0455   57259  17700   1.58e+00  1.40e-01  1.12e-01  7.10e-02  6.24e-02  2.70e-02  4.90e+04  7.48e+02 -1.00e+05
2015 08 25  0500   57259  18000   3.12e+00  2.96e-01  8.93e-02  4.59e-02  3.73e-02  1.89e-02  4.66e+04  6.78e+02 -1.00e+05
2015 08 25  0505   57259  18300   1.34e+00  1.57e-01  9.34e-02  4.59e-02  3.73e-02  1.89e-02  4.51e+04  6.51e+02 -1.00e+05
2015 08 25  0510   57259  18600   1.21e+00  1.27e-01  9.91e-02  5.79e-02  4.93e-02  3.09e-02  4.21e+04  5.49e+02 -1.00e+05
2015 08 25  0515   57259  18900   1.78e+00  2.84e-01  1.23e-01  4.59e-02  3.73e-02  1.89e-02  3.90e+04  4.72e+02 -1.00e+05
2015 08 25  0520   57259  19200   1.15e+00  2.18e-01  1.56e-01  1.08e-01  7.22e-02  4.58e-02  3.66e+04  4.26e+02 -1.00e+05
2015 08 25  0525   57259  19500   1.76e+00  4.31e-01  2.17e-01  4.59e-02  3.73e-02  1.89e-02  3.42e+04  3.78e+02 -1.00e+05
2015 08 25  0530   57259  19800   6.98e-01  1.42e-01  1.15e-01  4.59e-02  3.73e-02  1.89e-02  3.06e+04  3.26e+02 -1.00e+05
2015 08 25  0535   57259  20100   8.54e-01  1.51e-01  1.23e-01  8.13e-02  5.99e-02  2.49e-02  2.83e+04  2.80e+02 -1.00e+05
2015 08 25  0540   57259  20400   5.91e-01  1.24e-01  9.66e-02  5.54e-02  4.69e-02  2.85e-02  2.36e+04  2.21e+02 -1.00e+05
2015 08 25  0545   57259  20700   1.52e+00  2.60e-01  1.02e-01  5.85e-02  4.99e-02  2.29e-02  2.35e+04  2.16e+02 -1.00e+05
2015 08 25  0550   57259  21000   7.86e-01  1.46e-01  1.18e-01  4.94e-02  3.81e-02  1.89e-02  2.38e+04  2.15e+02 -1.00e+05
2015 08 25  0555   57259  21300   4.93e-01  1.59e-01  1.26e-01  8.35e-02  7.49e-02  3.10e-02  2.32e+04  2.11e+02 -1.00e+05
2015 08 25  0600   57259  21600   1.02e+00  2.69e-01  1.07e-01  6.25e-02  4.10e-02  1.89e-02  2.32e+04  2.19e+02 -1.00e+05
2015 08 25  0605   57259  21900   1.03e+00  2.58e-01  1.46e-01  8.87e-02  4.69e-02  1.89e-02  2.44e+04  2.28e+02 -1.00e+05
2015 08 25  0610   57259  22200   5.77e-01  1.34e-01  1.06e-01  6.54e-02  5.68e-02  3.84e-02  1.83e+04  1.66e+02 -1.00e+05
2015 08 25  0615   57259  22500   4.31e-01  1.32e-01  1.04e-01  6.25e-02  4.10e-02  1.89e-02  1.75e+04  1.47e+02 -1.00e+05
2015 08 25  0620   57259  22800   5.91e-01  1.63e-01  1.35e-01  9.32e-02  6.69e-02  4.33e-02  1.97e+04  1.69e+02 -1.00e+05
2015 08 25  0625   57259  23100   9.17e-01  2.50e-01  1.37e-01  9.16e-02  5.75e-02  3.34e-02  1.86e+04  1.61e+02 -1.00e+05
2015 08 25  0630   57259  23400   6.12e-01  1.52e-01  1.24e-01  5.79e-02  4.93e-02  3.09e-02  1.63e+04  1.38e+02 -1.00e+05
2015 08 25  0635   57259  23700   6.17e-01  2.08e-01  9.60e-02  5.22e-02  4.36e-02  2.09e-02  1.50e+04  1.39e+02 -1.00e+05
2015 08 25  0640   57259  24000   4.19e-01  1.55e-01  1.27e-01  6.79e-02  5.93e-02  4.09e-02  1.20e+04  9.17e+01 -1.00e+05
2015 08 25  0645   57259  24300   4.89e-01  1.39e-01  1.11e-01  6.90e-02  4.25e-02  1.89e-02  1.31e+04  1.03e+02 -1.00e+05
2015 08 25  0650   57259  24600   8.61e-01  2.16e-01  1.04e-01  4.80e-02  3.94e-02  2.10e-02  1.55e+04  1.40e+02 -1.00e+05
2015 08 25  0655   57259  24900   8.46e-01  1.53e-01  1.25e-01  8.35e-02  7.49e-02  3.10e-02  2.08e+04  2.10e+02 -1.00e+05
2015 08 25  0700   57259  25200   7.10e-01  1.51e-01  1.23e-01  8.16e-02  5.51e-02  2.29e-02  2.10e+04  2.13e+02 -1.00e+05
2015 08 25  0705   57259  25500   5.08e-01  1.80e-01  1.52e-01  1.11e-01  9.43e-02  5.31e-02  1.77e+04  1.73e+02 -1.00e+05
2015 08 25  0710   57259  25800   4.85e-01  1.32e-01  1.04e-01  6.25e-02  4.10e-02  1.89e-02  1.47e+04  1.36e+02 -1.00e+05
2015 08 25  0715   57259  26100   5.32e-01  1.55e-01  1.27e-01  8.63e-02  7.77e-02  4.17e-02  1.55e+04  1.36e+02 -1.00e+05
2015 08 25  0720   57259  26400   9.55e-01  2.92e-01  1.06e-01  6.25e-02  4.10e-02  1.89e-02  1.59e+04  1.38e+02 -1.00e+05
2015 08 25  0725   57259  26700   8.11e-01  2.46e-01  1.24e-01  7.99e-02  6.35e-02  1.92e-02  1.72e+04  1.52e+02 -1.00e+05
2015 08 25  0730   57259  27000   1.11e+00  2.14e-01  1.00e-01  5.59e-02  3.96e-02  1.89e-02  1.54e+04  1.27e+02 -1.00e+05
2015 08 25  0735   57259  27300   1.16e+00  2.37e-01  1.26e-01  7.03e-02  6.17e-02  4.33e-02  1.92e+04  2.07e+02 -1.00e+05
2015 08 25  0740   57259  27600   1.17e+00  2.18e-01  1.04e-01  6.04e-02  5.18e-02  3.34e-02  2.28e+04  2.72e+02 -1.00e+05
2015 08 25  0745   57259  27900   1.38e+00  4.82e-01  3.72e-01  1.19e-01  7.98e-02  5.57e-02  2.56e+04  2.90e+02 -1.00e+05
2015 08 25  0750   57259  28200   8.97e-01  2.24e-01  1.96e-01  4.94e-02  3.81e-02  1.89e-02  2.39e+04  2.68e+02 -1.00e+05
2015 08 25  0755   57259  28500   8.83e-01  3.29e-01  3.01e-01  8.40e-02  4.30e-02  1.89e-02  2.63e+04  2.97e+02 -1.00e+05
2015 08 25  0800   57259  28800   1.67e+00  5.59e-01  2.91e-01  8.24e-02  7.38e-02  4.89e-02  2.81e+04  3.13e+02 -1.00e+05
2015 08 25  0805   57259  29100   7.95e-01  1.56e-01  1.28e-01  8.64e-02  6.50e-02  1.92e-02  2.44e+04  3.04e+02 -1.00e+05
2015 08 25  0810   57259  29400   2.13e+01  1.48e-01  1.20e-01  5.30e-02  4.44e-02  2.60e-02  2.15e+04  2.40e+02 -1.00e+05
2015 08 25  0815   57259  29700   8.53e-01  2.32e-01  2.04e-01  6.72e-02  5.86e-02  4.02e-02  2.18e+04  2.47e+02 -1.00e+05
2015 08 25  0820   57259  30000   1.02e+00  2.89e-01  2.61e-01  1.13e-01  7.33e-02  3.40e-02  2.42e+04  2.91e+02 -1.00e+05
2015 08 25  0825   57259  30300   8.24e-01  1.15e-01  8.70e-02  4.59e-02  3.73e-02  1.89e-02  2.30e+04  2.66e+02 -1.00e+05
2015 08 25  0830   57259  30600   2.75e+00  2.60e-01  1.48e-01  4.59e-02  3.73e-02  1.89e-02  2.16e+04  2.57e+02 -1.00e+05
2015 08 25  0835   57259  30900   1.74e+00  2.73e-01  2.45e-01  1.03e-01  6.74e-02  4.33e-02  3.29e+04  4.74e+02 -1.00e+05
2015 08 25  0840   57259  31200   2.85e+00  3.29e-01  1.08e-01  6.47e-02  5.61e-02  2.49e-02  3.24e+04  5.06e+02 -1.00e+05
2015 08 25  0845   57259  31500   3.51e+00  2.26e-01  1.14e-01  5.75e-02  4.16e-02  2.10e-02  3.62e+04  6.15e+02 -1.00e+05
2015 08 25  0850   57259  31800   2.67e+00  2.11e-01  1.02e-01  5.85e-02  4.99e-02  2.29e-02  3.75e+04  6.58e+02 -1.00e+05
2015 08 25  0855   57259  32100   2.01e+00  1.53e-01  1.25e-01  5.59e-02  3.96e-02  1.89e-02  3.52e+04  6.08e+02 -1.00e+05
2015 08 25  0900   57259  32400   8.52e+00  2.12e-01  1.84e-01  1.09e-01  1.00e-01  3.90e-02  3.50e+04  5.63e+02 -1.00e+05
2015 08 25  0905   57259  32700   4.31e+00  1.56e-01  1.28e-01  8.53e-02  4.30e-02  1.89e-02  3.10e+04  4.73e+02 -1.00e+05
2015 08 25  0910   57259  33000   2.61e+00  3.20e-01  2.08e-01  4.59e-02  3.73e-02  1.89e-02  2.68e+04  3.54e+02 -1.00e+05
2015 08 25  0915   57259  33300   1.38e+00  1.21e-01  9.33e-02  5.22e-02  4.36e-02  2.09e-02  2.86e+04  3.98e+02 -1.00e+05
2015 08 25  0920   57259  33600   2.48e+00  3.25e-01  1.64e-01  8.53e-02  4.30e-02  1.89e-02  3.13e+04  4.68e+02 -1.00e+05
2015 08 25  0925   57259  33900   1.47e+00  1.39e-01  1.11e-01  6.90e-02  4.25e-02  1.89e-02  3.17e+04  4.82e+02 -1.00e+05
2015 08 25  0930   57259  34200   1.69e+00  1.46e-01  1.18e-01  7.73e-02  6.87e-02  2.90e-02  2.93e+04  4.38e+02 -1.00e+05
2015 08 25  0935   57259  34500   1.67e+00  2.41e-01  2.13e-01  1.70e-01  1.10e-01  4.84e-02  2.93e+04  4.21e+02 -1.00e+05
2015 08 25  0940   57259  34800   1.92e+00  2.20e-01  1.93e-01  4.59e-02  3.73e-02  1.89e-02  2.99e+04  4.43e+02 -1.00e+05
2015 08 25  0945   57259  35100   2.17e+00  2.21e-01  1.41e-01  9.07e-02  8.21e-02  3.64e-02  3.02e+04  4.66e+02 -1.00e+05
2015 08 25  0950   57259  35400   1.57e+00  1.42e-01  1.15e-01  4.59e-02  3.73e-02  1.89e-02  2.95e+04  4.58e+02 -1.00e+05
2015 08 25  0955   57259  35700   1.59e+00  1.50e-01  1.22e-01  7.99e-02  4.31e-02  1.89e-02  2.88e+04  4.46e+02 -1.00e+05
2015 08 25  1000   57259  36000   2.42e+00  2.53e-01  1.30e-01  7.21e-02  6.35e-02  1.93e-02  3.00e+04  4.74e+02 -1.00e+05
2015 08 25  1005   57259  36300   1.54e+00  2.40e-01  2.12e-01  7.03e-02  6.17e-02  4.33e-02  3.00e+04  4.80e+02 -1.00e+05
2015 08 25  1010   57259  36600   2.70e+00  2.96e-01  8.93e-02  4.59e-02  3.73e-02  1.89e-02  2.99e+04  4.85e+02 -1.00e+05
2015 08 25  1015   57259  36900   1.33e+00  1.83e-01  1.55e-01  1.13e-01  8.64e-02  3.30e-02  2.94e+04  4.65e+02 -1.00e+05
2015 08 25  1020   57259  37200   1.32e+00  1.42e-01  1.15e-01  4.59e-02  3.73e-02  1.89e-02  2.95e+04  4.69e+02 -1.00e+05
2015 08 25  1025   57259  37500   1.22e+00  1.42e-01  1.14e-01  4.59e-02  3.73e-02  1.89e-02  3.08e+04  4.92e+02 -1.00e+05
2015 08 25  1030   57259  37800   1.39e+00  1.95e-01  1.67e-01  7.33e-02  6.20e-02  1.92e-02  2.94e+04  4.66e+02 -1.00e+05
2015 08 25  1035   57259  38100   1.39e+00  1.67e-01  1.39e-01  9.73e-02  8.27e-02  5.46e-02  2.86e+04  4.50e+02 -1.00e+05
2015 08 25  1040   57259  38400   1.35e+00  1.85e-01  1.57e-01  9.01e-02  8.15e-02  6.31e-02  2.99e+04  4.76e+02 -1.00e+05
2015 08 25  1045   57259  38700   1.05e+00  1.15e-01  8.70e-02  4.59e-02  3.73e-02  1.89e-02  3.00e+04  4.85e+02 -1.00e+05
2015 08 25  1050   57259  39000   1.88e+00  2.40e-01  1.02e-01  5.79e-02  4.93e-02  3.09e-02  3.10e+04  5.05e+02 -1.00e+05
2015 08 25  1055   57259  39300   1.28e+00  1.42e-01  1.15e-01  4.59e-02  3.73e-02  1.89e-02  3.17e+04  5.38e+02 -1.00e+05
2015 08 25  1100   57259  39600   2.27e+00  2.78e-01  1.39e-01  9.41e-02  5.51e-02  3.09e-02  3.26e+04  5.39e+02 -1.00e+05
2015 08 25  1105   57259  39900   1.34e+00  1.72e-01  1.44e-01  1.02e-01  6.50e-02  4.08e-02  3.26e+04  5.40e+02 -1.00e+05
2015 08 25  1110   57259  40200   1.33e+00  1.15e-01  8.70e-02  4.59e-02  3.73e-02  1.89e-02  3.31e+04  5.72e+02 -1.00e+05
2015 08 25  1115   57259  40500   1.41e+00  1.46e-01  1.18e-01  4.94e-02  3.81e-02  1.89e-02  3.31e+04  5.68e+02 -1.00e+05
2015 08 25  1120   57259  40800   2.14e+00  2.46e-01  1.36e-01  8.02e-02  7.16e-02  5.32e-02  3.31e+04  5.70e+02 -1.00e+05
2015 08 25  1125   57259  41100   1.38e+00  1.54e-01  1.26e-01  4.80e-02  3.94e-02  2.10e-02  3.37e+04  5.89e+02 -1.00e+05
2015 08 25  1130   57259  41400   1.67e+00  2.35e-01  1.72e-01  5.54e-02  4.69e-02  2.85e-02  3.44e+04  6.00e+02 -1.00e+05
2015 08 25  1135   57259  41700   1.60e+00  1.34e-01  1.06e-01  6.47e-02  5.61e-02  2.49e-02  3.56e+04  6.21e+02 -1.00e+05
2015 08 25  1140   57259  42000   1.38e+00  1.62e-01  1.34e-01  9.25e-02  8.39e-02  6.55e-02  3.56e+04  6.20e+02 -1.00e+05
2015 08 25  1145   57259  42300   1.47e+00  1.19e-01  9.07e-02  4.94e-02  3.81e-02  1.89e-02  3.55e+04  6.34e+02 -1.00e+05
2015 08 25  1150   57259  42600   1.42e+00  2.76e-01  2.48e-01  8.19e-02  5.03e-02  2.09e-02  3.56e+04  6.36e+02 -1.00e+05
2015 08 25  1155   57259  42900   2.63e+00  2.29e-01  8.95e-02  4.59e-02  3.73e-02  1.89e-02  3.53e+04  6.37e+02 -1.00e+05
2015 08 25  1200   57259  43200   1.59e+00  1.46e-01  1.18e-01  7.73e-02  6.87e-02  2.90e-02  3.53e+04  6.45e+02 -1.00e+05
2015 08 25  1205   57259  43500   1.37e+00  1.84e-01  1.56e-01  1.15e-01  1.06e-01  4.11e-02  3.53e+04  6.22e+02 -1.00e+05
2015 08 25  1210   57259  43800   1.32e+00  1.27e-01  9.96e-02  5.85e-02  4.99e-02  2.29e-02  3.53e+04  6.25e+02 -1.00e+05
2015 08 25  1215   57259  44100   1.29e+00  1.21e-01  9.33e-02  5.22e-02  4.36e-02  2.09e-02  3.56e+04  6.38e+02 -1.00e+05
2015 08 25  1220   57259  44400   1.33e+00  1.75e-01  1.47e-01  1.05e-01  9.51e-02  4.04e-02  3.55e+04  6.23e+02 -1.00e+05
2015 08 25  1225   57259  44700   1.84e+00  2.14e-01  1.02e-01  4.59e-02  3.73e-02  1.89e-02  3.44e+04  6.43e+02 -1.00e+05
2015 08 25  1230   57259  45000   1.79e+00  2.16e-01  1.24e-01  7.10e-02  6.24e-02  2.70e-02  3.50e+04  6.27e+02 -1.00e+05
2015 08 25  1235   57259  45300   1.69e+00  1.59e-01  1.31e-01  8.91e-02  5.44e-02  2.85e-02  3.40e+04  6.18e+02 -1.00e+05
2015 08 25  1240   57259  45600   2.29e+00  2.18e-01  1.04e-01  6.04e-02  5.18e-02  3.34e-02  3.45e+04  6.16e+02 -1.00e+05
2015 08 25  1245   57259  45900   2.63e+00  2.52e-01  8.95e-02  4.59e-02  3.73e-02  1.89e-02  3.56e+04  6.66e+02 -1.00e+05
2015 08 25  1250   57259  46200   2.03e+00  2.21e-01  1.09e-01  5.30e-02  4.44e-02  2.60e-02  3.56e+04  6.75e+02 -1.00e+05
2015 08 25  1255   57259  46500   1.41e+00  1.37e-01  1.09e-01  6.78e-02  5.92e-02  4.08e-02  3.56e+04  6.66e+02 -1.00e+05
2015 08 25  1300   57259  46800   1.49e+00  1.94e-01  1.67e-01  1.23e-01  6.83e-02  2.49e-02  3.57e+04  6.88e+02 -1.00e+05
2015 08 25  1305   57259  47100   2.15e+00  2.48e-01  1.37e-01  5.54e-02  4.69e-02  2.85e-02  3.56e+04  6.87e+02 -1.00e+05
2015 08 25  1310   57259  47400   1.57e+00  1.89e-01  1.61e-01  7.54e-02  6.48e-02  4.58e-02  3.76e+04  7.24e+02 -1.00e+05
2015 08 25  1315   57259  47700   1.65e+00  2.20e-01  1.93e-01  4.59e-02  3.73e-02  1.89e-02  3.76e+04  7.24e+02 -1.00e+05
2015 08 25  1320   57259  48000   1.37e+00  1.71e-01  1.43e-01  1.02e-01  9.38e-02  3.70e-02  3.90e+04  7.60e+02 -1.00e+05
2015 08 25  1325   57259  48300   1.81e+00  2.07e-01  1.44e-01  6.04e-02  5.18e-02  3.34e-02  3.81e+04  7.61e+02 -1.00e+05
2015 08 25  1330   57259  48600   1.49e+00  1.27e-01  9.96e-02  5.85e-02  4.99e-02  2.29e-02  3.96e+04  7.77e+02 -1.00e+05
2015 08 25  1335   57259  48900   1.58e+00  1.15e-01  8.70e-02  4.59e-02  3.73e-02  1.89e-02  3.97e+04  8.02e+02 -1.00e+05
2015 08 25  1340   57259  49200   2.85e+00  4.19e-01  1.65e-01  5.79e-02  4.93e-02  3.09e-02  4.15e+04  8.36e+02 -1.00e+05
2015 08 25  1345   57259  49500   1.26e+00  1.53e-01  1.25e-01  5.59e-02  3.96e-02  1.89e-02  4.16e+04  8.60e+02 -1.00e+05
2015 08 25  1350   57259  49800   2.53e+00  3.13e-01  1.80e-01  1.36e-01  1.28e-01  5.78e-02  4.32e+04  8.95e+02 -1.00e+05
2015 08 25  1355   57259  50100   2.14e+00  3.19e-01  2.47e-01  9.61e-02  8.75e-02  3.50e-02  4.27e+04  8.97e+02 -1.00e+05
2015 08 25  1400   57259  50400   1.57e+00  1.97e-01  1.69e-01  7.21e-02  6.35e-02  1.93e-02  4.40e+04  8.83e+02 -1.00e+05
2015 08 25  1405   57259  50700   1.33e+00  1.24e-01  9.57e-02  5.45e-02  4.47e-02  2.60e-02  4.31e+04  8.62e+02 -1.00e+05
2015 08 25  1410   57259  51000   1.65e+00  2.58e-01  2.30e-01  8.21e-02  4.55e-02  1.89e-02  4.39e+04  9.13e+02 -1.00e+05
2015 08 25  1415   57259  51300   1.58e+00  1.31e-01  1.04e-01  6.24e-02  5.38e-02  3.54e-02  4.53e+04  9.45e+02 -1.00e+05
2015 08 25  1420   57259  51600   1.97e+00  1.67e-01  1.04e-01  5.59e-02  3.96e-02  1.89e-02  4.61e+04  1.00e+03 -1.00e+05
2015 08 25  1425   57259  51900   1.42e+00  1.53e-01  1.26e-01  8.44e-02  7.58e-02  3.44e-02  4.66e+04  1.04e+03 -1.00e+05
2015 08 25  1430   57259  52200   2.31e+00  2.14e-01  1.52e-01  5.81e-02  4.94e-02  3.09e-02  4.79e+04  1.06e+03 -1.00e+05
2015 08 25  1435   57259  52500   1.61e+00  1.37e-01  1.10e-01  6.81e-02  5.27e-02  2.63e-02  4.93e+04  1.12e+03 -1.00e+05
2015 08 25  1440   57259  52800   2.48e+00  3.10e-01  2.48e-01  9.98e-02  6.84e-02  4.33e-02  4.93e+04  1.16e+03 -1.00e+05
2015 08 25  1445   57259  53100   1.64e+00  1.41e-01  1.13e-01  7.12e-02  5.23e-02  3.09e-02  5.04e+04  1.18e+03 -1.00e+05
2015 08 25  1450   57259  53400   1.93e+00  2.20e-01  1.93e-01  4.59e-02  3.73e-02  1.89e-02  5.03e+04  1.19e+03 -1.00e+05
2015 08 25  1455   57259  53700   2.77e+00  2.66e-01  1.53e-01  1.08e-01  7.22e-02  4.58e-02  5.13e+04  1.26e+03 -1.00e+05
2015 08 25  1500   57259  54000   3.58e+00  2.74e-01  8.94e-02  4.59e-02  3.73e-02  1.89e-02  5.24e+04  1.32e+03 -1.00e+05
2015 08 25  1505   57259  54300   3.70e+00  4.79e-01  2.58e-01  1.02e-01  8.01e-02  5.78e-02  5.23e+04  1.35e+03 -1.00e+05
2015 08 25  1510   57259  54600   2.07e+00  1.22e-01  9.41e-02  5.30e-02  4.44e-02  2.60e-02  5.44e+04  1.41e+03 -1.00e+05
2015 08 25  1515   57259  54900   3.60e+00  2.39e-01  1.32e-01  8.86e-02  8.01e-02  5.09e-02  5.51e+04  1.44e+03 -1.00e+05
2015 08 25  1520   57259  55200   2.03e+00  1.49e-01  1.21e-01  8.02e-02  7.16e-02  5.32e-02  5.73e+04  1.55e+03 -1.00e+05
2015 08 25  1525   57259  55500   3.08e+00  2.34e-01  1.57e-01  1.06e-01  8.50e-02  3.30e-02  5.86e+04  1.60e+03 -1.00e+05
2015 08 25  1530   57259  55800   2.49e+00  1.53e-01  1.25e-01  5.59e-02  3.96e-02  1.89e-02  6.11e+04  1.71e+03 -1.00e+05
2015 08 25  1535   57259  56100   4.85e+00  2.84e-01  1.23e-01  4.59e-02  3.73e-02  1.89e-02  6.26e+04  1.83e+03 -1.00e+05
2015 08 25  1540   57259  56400   2.75e+00  1.39e-01  1.11e-01  7.03e-02  6.17e-02  4.33e-02  6.34e+04  1.87e+03 -1.00e+05
2015 08 25  1545   57259  56700   4.64e+00  2.85e-01  1.58e-01  1.14e-01  7.68e-02  2.90e-02  6.53e+04  1.96e+03 -1.00e+05
2015 08 25  1550   57259  57000   4.35e+00  3.48e-01  2.38e-01  8.19e-02  6.63e-02  4.58e-02  6.65e+04  2.06e+03 -1.00e+05
2015 08 25  1555   57259  57300   2.36e+00  1.29e-01  1.02e-01  6.04e-02  5.18e-02  3.34e-02  6.79e+04  2.05e+03 -1.00e+05
2015 08 25  1600   57259  57600   2.74e+00  2.52e-01  2.24e-01  9.00e-02  8.14e-02  6.30e-02  6.79e+04  2.11e+03 -1.00e+05
2015 08 25  1605   57259  57900   2.80e+00  1.40e-01  1.12e-01  7.10e-02  6.24e-02  2.70e-02  7.04e+04  2.22e+03 -1.00e+05
2015 08 25  1610   57259  58200   4.14e+00  2.43e-01  1.34e-01  7.77e-02  6.91e-02  5.08e-02  7.13e+04  2.35e+03 -1.00e+05
2015 08 25  1615   57259  58500   3.08e+00  2.51e-01  2.23e-01  7.56e-02  4.40e-02  1.89e-02  7.13e+04  2.39e+03 -1.00e+05
2015 08 25  1620   57259  58800   4.48e+00  2.18e-01  1.07e-01  5.05e-02  4.19e-02  2.35e-02  7.21e+04  2.51e+03 -1.00e+05
2015 08 25  1625   57259  59100   3.23e+00  1.42e-01  1.15e-01  4.59e-02  3.73e-02  1.89e-02  7.53e+04  2.64e+03 -1.00e+05
2015 08 25  1630   57259  59400   3.21e+00  1.32e-01  1.04e-01  6.29e-02  5.43e-02  3.59e-02  7.41e+04  2.61e+03 -1.00e+05
2015 08 25  1635   57259  59700   3.74e+00  1.52e-01  1.24e-01  8.25e-02  7.36e-02  3.06e-02  7.77e+04  2.85e+03 -1.00e+05
2015 08 25  1640   57259  60000   4.04e+00  1.40e-01  1.12e-01  7.00e-02  6.11e-02  2.66e-02  7.93e+04  3.11e+03 -1.00e+05
2015 08 25  1645   57259  60300   4.41e+00  1.52e-01  1.23e-01  8.04e-02  4.32e-02  1.90e-02  8.11e+04  3.23e+03 -1.00e+05
2015 08 25  1650   57259  60600   4.42e+00  1.16e-01  8.81e-02  4.65e-02  3.76e-02  1.90e-02  8.33e+04  3.39e+03 -1.00e+05
2015 08 25  1655   57259  60900   4.65e+00  2.04e-01  1.71e-01  8.30e-02  7.40e-02  3.24e-02  8.57e+04  3.54e+03 -1.00e+05
2015 08 25  1700   57259  61200   6.13e+00  1.82e-01  1.21e-01  4.65e-02  3.76e-02  1.90e-02  8.79e+04  3.75e+03 -1.00e+05
2015 08 25  1705   57259  61500   4.92e+00  1.41e-01  1.13e-01  7.04e-02  4.30e-02  1.90e-02  8.79e+04  3.94e+03 -1.00e+05
2015 08 25  1710   57259  61800   4.60e+00  1.16e-01  8.81e-02  4.65e-02  3.76e-02  1.90e-02  9.13e+04  3.99e+03 -1.00e+05
2015 08 25  1715   57259  62100   5.46e+00  1.58e-01  1.30e-01  6.80e-02  5.39e-02  3.38e-02  9.32e+04  4.07e+03 -1.00e+05
2015 08 25  1720   57259  62400   5.23e+00  1.54e-01  1.26e-01  4.65e-02  3.76e-02  1.90e-02  9.32e+04  4.23e+03 -1.00e+05
2015 08 25  1725   57259  62700   5.28e+00  1.16e-01  8.81e-02  4.65e-02  3.76e-02  1.90e-02  9.38e+04  4.34e+03 -1.00e+05
2015 08 25  1730   57259  63000   5.94e+00  2.02e-01  1.74e-01  9.51e-02  8.61e-02  3.46e-02  9.86e+04  4.50e+03 -1.00e+05
2015 08 25  1735   57259  63300   6.33e+00  1.57e-01  1.20e-01  7.63e-02  6.73e-02  2.86e-02  9.86e+04  4.60e+03 -1.00e+05
2015 08 25  1740   57259  63600   5.92e+00  1.41e-01  1.13e-01  7.12e-02  6.22e-02  4.37e-02  9.86e+04  4.66e+03 -1.00e+05
2015 08 25  1745   57259  63900   5.52e+00  1.40e-01  1.11e-01  4.65e-02  3.76e-02  1.90e-02  9.86e+04  4.61e+03 -1.00e+05
2015 08 25  1750   57259  64200   5.74e+00  1.38e-01  1.10e-01  6.83e-02  5.10e-02  2.25e-02  9.86e+04  4.54e+03 -1.00e+05
2015 08 25  1755   57259  64500   6.57e+00  1.79e-01  1.19e-01  7.10e-02  5.07e-02  2.88e-02  9.86e+04  4.41e+03 -1.00e+05
2015 08 25  1800   57259  64800   5.56e+00  1.16e-01  8.81e-02  4.65e-02  3.76e-02  1.90e-02  9.86e+04  4.50e+03 -1.00e+05
2015 08 25  1805   57259  65100   5.96e+00  1.48e-01  1.20e-01  7.70e-02  4.44e-02  1.90e-02  1.00e+05  4.54e+03 -1.00e+05
2015 08 25  1810   57259  65400   5.99e+00  1.43e-01  1.15e-01  7.30e-02  6.41e-02  4.55e-02  1.04e+05  4.64e+03 -1.00e+05
2015 08 25  1815   57259  65700   5.84e+00  1.79e-01  1.51e-01  1.08e-01  7.28e-02  4.86e-02  1.04e+05  4.65e+03 -1.00e+05
2015 08 25  1820   57259  66000   8.72e+00  2.57e-01  1.51e-01  6.93e-02  6.04e-02  4.18e-02  1.04e+05  4.54e+03 -1.00e+05
2015 08 25  1825   57259  66300   5.74e+00  2.13e-01  1.85e-01  1.43e-01  1.23e-01  5.38e-02  1.04e+05  4.54e+03 -1.00e+05
2015 08 25  1830   57259  66600   9.00e+00  2.26e-01  1.17e-01  6.09e-02  4.46e-02  2.39e-02  1.04e+05  4.51e+03 -1.00e+05
2015 08 25  1835   57259  66900   6.12e+00  1.42e-01  1.13e-01  7.16e-02  5.85e-02  3.87e-02  1.01e+05  4.37e+03 -1.00e+05
2015 08 25  1840   57259  67200   6.27e+00  1.68e-01  1.40e-01  9.63e-02  5.30e-02  2.88e-02  1.03e+05  4.47e+03 -1.00e+05
2015 08 25  1845   57259  67500   6.61e+00  1.16e-01  8.81e-02  4.65e-02  3.76e-02  1.90e-02  1.01e+05  4.55e+03 -1.00e+05
2015 08 25  1850   57259  67800   8.19e+00  1.55e-01  9.40e-02  4.65e-02  3.76e-02  1.90e-02  1.03e+05  4.72e+03 -1.00e+05
2015 08 25  1855   57259  68100   6.68e+00  1.16e-01  8.81e-02  4.65e-02  3.76e-02  1.90e-02  1.04e+05  4.85e+03 -1.00e+05
2015 08 25  1900   57259  68400   7.11e+00  1.43e-01  1.15e-01  4.65e-02  3.76e-02  1.90e-02  1.04e+05  4.85e+03 -1.00e+05
2015 08 25  1905   57259  68700   6.87e+00  1.43e-01  1.15e-01  5.14e-02  4.24e-02  2.39e-02  1.04e+05  4.93e+03 -1.00e+05
2015 08 25  1910   57259  69000   6.95e+00  1.59e-01  1.30e-01  8.88e-02  7.99e-02  3.26e-02  1.04e+05  4.80e+03 -1.00e+05
2015 08 25  1915   57259  69300   7.29e+00  2.27e-01  1.99e-01  1.14e-01  1.05e-01  4.07e-02  1.04e+05  5.00e+03 -1.00e+05
2015 08 25  1920   57259  69600   8.23e+00  2.77e-01  2.49e-01  7.63e-02  6.73e-02  2.86e-02  1.04e+05  5.15e+03 -1.00e+05
2015 08 25  1925   57259  69900   1.33e+01  2.73e-01  1.53e-01  9.51e-02  8.61e-02  3.46e-02  1.04e+05  5.26e+03 -1.00e+05
2015 08 25  1930   57259  70200   9.08e+00  1.61e-01  1.33e-01  9.06e-02  5.51e-02  2.88e-02  1.04e+05  5.34e+03 -1.00e+05
2015 08 25  1935   57259  70500   9.15e+00  1.66e-01  1.38e-01  9.63e-02  8.74e-02  6.18e-02  1.04e+05  5.45e+03 -1.00e+05
2015 08 25  1940   57259  70800   1.67e+01  4.65e-01  2.38e-01  7.04e-02  4.30e-02  1.90e-02  1.03e+05  5.43e+03 -1.00e+05
2015 08 25  1945   57259  71100   9.68e+00  1.81e-01  1.20e-01  7.22e-02  4.52e-02  2.14e-02  9.76e+04  5.18e+03 -1.00e+05
2015 08 25  1950   57259  71400   7.24e+00  1.21e-01  9.28e-02  5.12e-02  4.23e-02  2.05e-02  9.14e+04  4.76e+03 -1.00e+05
2015 08 25  1955   57259  71700   1.22e+01  2.65e-01  1.28e-01  8.36e-02  7.46e-02  5.61e-02  9.27e+04  4.60e+03 -1.00e+05
2015 08 25  2000   57259  72000   7.29e+00  1.41e-01  1.13e-01  7.04e-02  4.30e-02  1.90e-02  9.32e+04  4.91e+03 -1.00e+05
2015 08 25  2005   57259  72300   1.14e+01  2.04e-01  9.08e-02  4.65e-02  3.76e-02  1.90e-02  9.20e+04  4.80e+03 -1.00e+05
2015 08 25  2010   57259  72600   6.51e+00  2.18e-01  1.89e-01  4.65e-02  3.76e-02  1.90e-02  9.10e+04  4.41e+03 -1.00e+05
2015 08 25  2015   57259  72900   6.00e+00  3.06e-01  2.78e-01  9.98e-02  7.33e-02  3.22e-02  8.79e+04  3.97e+03 -1.00e+05
2015 08 25  2020   57259  73200   7.65e+00  1.96e-01  1.67e-01  1.26e-01  1.17e-01  6.46e-02  8.77e+04  4.32e+03 -1.00e+05
2015 08 25  2025   57259  73500   1.48e+01  2.40e-01  1.02e-01  5.73e-02  4.00e-02  1.90e-02  8.91e+04  4.70e+03 -1.00e+05
2015 08 25  2030   57259  73800   1.20e+01  3.31e-01  2.56e-01  1.76e-01  1.14e-01  4.76e-02  8.68e+04  4.60e+03 -1.00e+05
2015 08 25  2035   57259  74100   8.07e+00  1.79e-01  1.51e-01  8.46e-02  4.32e-02  1.90e-02  8.31e+04  4.25e+03 -1.00e+05
2015 08 25  2040   57259  74400   1.50e+01  2.69e-01  1.08e-01  6.43e-02  5.54e-02  3.68e-02  8.22e+04  4.08e+03 -1.00e+05
2015 08 25  2045   57259  74700   8.19e+00  1.40e-01  1.11e-01  4.65e-02  3.76e-02  1.90e-02  7.93e+04  3.93e+03 -1.00e+05
2015 08 25  2050   57259  75000   8.07e+00  1.38e-01  1.10e-01  6.80e-02  5.58e-02  2.45e-02  7.57e+04  3.72e+03 -1.00e+05
2015 08 25  2055   57259  75300   1.26e+01  2.32e-01  1.26e-01  8.09e-02  5.90e-02  2.63e-02  7.48e+04  3.53e+03 -1.00e+05
2015 08 25  2100   57259  75600   7.41e+00  1.16e-01  8.81e-02  4.65e-02  3.76e-02  1.90e-02  7.07e+04  3.27e+03 -1.00e+05
2015 08 25  2105   57259  75900   6.91e+00  1.38e-01  1.10e-01  6.87e-02  5.98e-02  4.12e-02  6.77e+04  3.11e+03 -1.00e+05
2015 08 25  2110   57259  76200   7.60e+00  1.82e-01  1.21e-01  4.65e-02  3.76e-02  1.90e-02  6.22e+04  2.79e+03 -1.00e+05
2015 08 25  2115   57259  76500   6.59e+00  1.61e-01  1.33e-01  5.38e-02  4.49e-02  2.64e-02  5.73e+04  2.35e+03 -1.00e+05
2015 08 25  2120   57259  76800   1.13e+01  2.04e-01  9.08e-02  4.65e-02  3.76e-02  1.90e-02  5.33e+04  2.23e+03 -1.00e+05
2015 08 25  2125   57259  77100   7.55e+00  1.63e-01  1.35e-01  4.65e-02  3.76e-02  1.90e-02  5.40e+04  2.33e+03 -1.00e+05
2015 08 25  2130   57259  77400   9.89e+00  2.41e-01  1.57e-01  1.05e-01  8.57e-02  4.35e-02  5.36e+04  2.34e+03 -1.00e+05
2015 08 25  2135   57259  77700   7.38e+00  1.24e-01  9.55e-02  5.38e-02  4.49e-02  2.64e-02  5.29e+04  2.37e+03 -1.00e+05
2015 08 25  2140   57259  78000   7.61e+00  1.16e-01  8.81e-02  4.65e-02  3.76e-02  1.90e-02  5.20e+04  2.27e+03 -1.00e+05
2015 08 25  2145   57259  78300   8.33e+00  1.59e-01  9.84e-02  5.08e-02  3.85e-02  1.90e-02  4.85e+04  2.07e+03 -1.00e+05
2015 08 25  2150   57259  78600   7.89e+00  1.59e-01  9.84e-02  5.08e-02  3.85e-02  1.90e-02  4.42e+04  1.76e+03 -1.00e+05
2015 08 25  2155   57259  78900   7.25e+00  1.16e-01  8.81e-02  4.65e-02  3.76e-02  1.90e-02  4.57e+04  1.85e+03 -1.00e+05
2015 08 25  2200   57259  79200   7.57e+00  1.40e-01  1.12e-01  7.00e-02  6.11e-02  2.66e-02  4.66e+04  1.98e+03 -1.00e+05
2015 08 25  2205   57259  79500   1.00e+01  2.75e-01  2.17e-01  7.81e-02  6.92e-02  5.06e-02  4.77e+04  2.13e+03 -1.00e+05
2015 08 25  2210   57259  79800   1.26e+01  2.37e-01  1.30e-01  7.37e-02  6.47e-02  4.62e-02  4.93e+04  2.19e+03 -1.00e+05
2015 08 25  2215   57259  80100   8.90e+00  1.21e-01  9.30e-02  5.14e-02  4.24e-02  2.39e-02  4.88e+04  2.19e+03 -1.00e+05
2015 08 25  2220   57259  80400   1.15e+01  1.55e-01  9.40e-02  4.65e-02  3.76e-02  1.90e-02  4.77e+04  2.19e+03 -1.00e+05
2015 08 25  2225   57259  80700   9.73e+00  1.24e-01  9.55e-02  5.38e-02  4.49e-02  2.64e-02  4.94e+04  2.36e+03 -1.00e+05
2015 08 25  2230   57259  81000   9.60e+00  1.41e-01  1.13e-01  4.89e-02  4.00e-02  2.14e-02  4.93e+04  2.29e+03 -1.00e+05
2015 08 25  2235   57259  81300   9.97e+00  1.54e-01  1.26e-01  4.65e-02  3.76e-02  1.90e-02  4.94e+04  2.33e+03 -1.00e+05
2015 08 25  2240   57259  81600   1.56e+01  3.16e-01  1.82e-01  1.20e-01  7.71e-02  2.86e-02  4.88e+04  2.26e+03 -1.00e+05
2015 08 25  2245   57259  81900   9.36e+00  2.18e-01  1.89e-01  4.65e-02  3.76e-02  1.90e-02  5.18e+04  2.42e+03 -1.00e+05
2015 08 25  2250   57259  82200   1.43e+01  2.09e-01  9.53e-02  5.08e-02  3.85e-02  1.90e-02  5.19e+04  2.39e+03 -1.00e+05
2015 08 25  2255   57259  82500   1.49e+01  2.76e-01  1.19e-01  4.65e-02  3.76e-02  1.90e-02  5.38e+04  2.41e+03 -1.00e+05
2015 08 25  2300   57259  82800   7.92e+00  1.43e-01  1.15e-01  4.65e-02  3.76e-02  1.90e-02  5.26e+04  2.37e+03 -1.00e+05
2015 08 25  2305   57259  83100   7.57e+00  1.44e-01  1.16e-01  5.08e-02  3.85e-02  1.90e-02  5.69e+04  2.51e+03 -1.00e+05
2015 08 25  2310   57259  83400   6.74e+00  1.54e-01  1.26e-01  4.65e-02  3.76e-02  1.90e-02  5.75e+04  2.47e+03 -1.00e+05
2015 08 25  2315   57259  83700   6.33e+00  1.16e-01  8.81e-02  4.65e-02  3.76e-02  1.90e-02  5.99e+04  2.51e+03 -1.00e+05
2015 08 25  2320   57259  84000   6.24e+00  1.54e-01  1.26e-01  4.65e-02  3.76e-02  1.90e-02  5.81e+04  2.41e+03 -1.00e+05
2015 08 25  2325   57259  84300   5.73e+00  1.48e-01  1.20e-01  7.86e-02  6.97e-02  5.11e-02  5.66e+04  2.34e+03 -1.00e+05
2015 08 25  2330   57259  84600   5.88e+00  1.43e-01  1.15e-01  7.37e-02  6.47e-02  4.62e-02  5.93e+04  2.37e+03 -1.00e+05
2015 08 25  2335   57259  84900   5.46e+00  1.46e-01  1.18e-01  7.63e-02  6.73e-02  2.86e-02  6.07e+04  2.35e+03 -1.00e+05
2015 08 25  2340   57259  85200   5.19e+00  1.26e-01  9.80e-02  5.63e-02  4.74e-02  2.88e-02  6.32e+04  2.47e+03 -1.00e+05
2015 08 25  2345   57259  85500   4.95e+00  1.61e-01  1.33e-01  7.37e-02  6.47e-02  4.62e-02  6.43e+04  2.47e+03 -1.00e+05
2015 08 25  2350   57259  85800   6.43e+00  2.12e-01  1.03e-01  4.65e-02  3.76e-02  1.90e-02  6.24e+04  2.34e+03 -1.00e+05
2015 08 25  2355   57259  86100   4.31e+00  1.53e-01  1.25e-01  8.19e-02  4.32e-02  1.90e-02  5.99e+04  2.20e+03 -1.00e+05
