:Data_list: 20151020_Gs_part_5m.txt
:Created: 2015 Oct 21 0011 UTC
# Prepared by the U.S. Dept. of Commerce, NOAA, Space Weather Prediction Center
# Please send comments and suggestions to SWPC.Webmaster@noaa.gov 
# 
# Label: P > 1 = Particles at >1 Mev
# Label: P > 5 = Particles at >5 Mev
# Label: P >10 = Particles at >10 Mev
# Label: P >30 = Particles at >30 Mev
# Label: P >50 = Particles at >50 Mev
# Label: P>100 = Particles at >100 Mev
# Label: E>0.8 = Electrons at >0.8 Mev
# Label: E>2.0 = Electrons at >2.0 Mev
# Label: E>4.0 = Electrons at >4.0 Mev
# Units: Particles = Protons/cm2-s-sr
# Units: Electrons = Electrons/cm2-s-sr
# Source: GOES-15
# Location: W135
# Missing data: -1.00e+05
#
#                      5-minute  GOES-15 Solar Particle and Electron Flux
#
#                 Modified Seconds
# UTC Date  Time   Julian  of the
# YR MO DA  HHMM    Day     Day     P > 1     P > 5     P >10     P >30     P >50     P>100     E>0.8     E>2.0     E>4.0
#-------------------------------------------------------------------------------------------------------------------------
2015 10 20  0000   57315      0   5.11e+00  1.78e-01  1.54e-01  7.78e-02  4.46e-02  1.94e-02  3.73e+04  6.44e+02 -1.00e+05
2015 10 20  0005   57315    300   5.91e+00  1.77e-01  1.27e-01  8.31e-02  7.25e-02  5.39e-02  3.65e+04  6.17e+02 -1.00e+05
2015 10 20  0010   57315    600   4.39e+00  1.69e-01  1.45e-01  1.03e-01  5.75e-02  3.41e-02  3.62e+04  6.31e+02 -1.00e+05
2015 10 20  0015   57315    900   7.33e+00  3.18e-01  2.26e-01  8.01e-02  7.09e-02  4.68e-02  3.66e+04  6.23e+02 -1.00e+05
2015 10 20  0020   57315   1200   7.85e+00  2.42e-01  1.29e-01  7.36e-02  6.43e-02  2.05e-02  3.73e+04  6.30e+02 -1.00e+05
2015 10 20  0025   57315   1500   4.65e+00  2.04e-01  1.80e-01  1.13e-01  1.04e-01  4.07e-02  3.63e+04  6.17e+02 -1.00e+05
2015 10 20  0030   57315   1800   4.39e+00  1.16e-01  9.14e-02  5.16e-02  4.24e-02  2.42e-02  3.56e+04  6.12e+02 -1.00e+05
2015 10 20  0035   57315   2100   4.52e+00  3.51e-01  3.27e-01  1.04e-01  6.25e-02  3.90e-02  3.56e+04  6.03e+02 -1.00e+05
2015 10 20  0040   57315   2400   4.08e+00  1.37e-01  1.13e-01  7.29e-02  6.37e-02  4.11e-02  3.56e+04  6.06e+02 -1.00e+05
2015 10 20  0045   57315   2700   4.19e+00  2.30e-01  2.06e-01  5.41e-02  4.48e-02  2.66e-02  3.52e+04  5.79e+02 -1.00e+05
2015 10 20  0050   57315   3000   6.21e+00  2.24e-01  1.17e-01  7.39e-02  6.46e-02  4.65e-02  3.52e+04  5.68e+02 -1.00e+05
2015 10 20  0055   57315   3300   3.76e+00  1.44e-01  1.20e-01  5.04e-02  4.11e-02  2.05e-02  3.44e+04  5.82e+02 -1.00e+05
2015 10 20  0100   57315   3600   7.29e+00  2.46e-01  8.96e-02  4.69e-02  3.76e-02  1.94e-02  3.41e+04  5.53e+02 -1.00e+05
2015 10 20  0105   57315   3900   3.87e+00  1.15e-01  9.02e-02  5.04e-02  4.11e-02  2.05e-02  3.41e+04  5.51e+02 -1.00e+05
2015 10 20  0110   57315   4200   3.65e+00  1.46e-01  1.21e-01  8.14e-02  7.21e-02  5.39e-02  3.36e+04  5.34e+02 -1.00e+05
2015 10 20  0115   57315   4500   3.86e+00  1.11e-01  8.67e-02  4.69e-02  3.76e-02  1.94e-02  3.26e+04  5.24e+02 -1.00e+05
2015 10 20  0120   57315   4800   3.60e+00  1.23e-01  9.88e-02  5.91e-02  4.98e-02  3.16e-02  3.26e+04  4.96e+02 -1.00e+05
2015 10 20  0125   57315   5100   3.44e+00  1.11e-01  8.67e-02  4.69e-02  3.76e-02  1.94e-02  3.25e+04  5.13e+02 -1.00e+05
2015 10 20  0130   57315   5400   4.57e+00  1.99e-01  1.50e-01  1.05e-01  8.70e-02  6.63e-02  3.20e+04  4.90e+02 -1.00e+05
2015 10 20  0135   57315   5700   3.42e+00  1.81e-01  1.56e-01  1.16e-01  1.07e-01  5.34e-02  3.18e+04  4.75e+02 -1.00e+05
2015 10 20  0140   57315   6000   4.69e+00  2.02e-01  1.09e-01  5.67e-02  4.74e-02  2.26e-02  3.13e+04  4.70e+02 -1.00e+05
2015 10 20  0145   57315   6300   7.10e+00  5.81e-01  2.62e-01  7.96e-02  4.29e-02  1.94e-02  3.01e+04  4.58e+02 -1.00e+05
2015 10 20  0150   57315   6600   3.07e+00  2.29e-01  2.05e-01  1.62e-01  8.96e-02  3.06e-02  3.00e+04  4.49e+02 -1.00e+05
2015 10 20  0155   57315   6900   3.78e+00  2.03e-01  1.25e-01  7.55e-02  6.62e-02  2.86e-02  2.91e+04  4.29e+02 -1.00e+05
2015 10 20  0200   57315   7200   4.43e+00  3.78e-01  1.98e-01  6.65e-02  5.72e-02  3.90e-02  2.85e+04  4.22e+02 -1.00e+05
2015 10 20  0205   57315   7500   2.17e+00  1.46e-01  1.22e-01  4.69e-02  3.76e-02  1.94e-02  2.74e+04  4.15e+02 -1.00e+05
2015 10 20  0210   57315   7800   2.30e+00  1.50e-01  1.25e-01  8.44e-02  4.60e-02  1.94e-02  2.71e+04  3.94e+02 -1.00e+05
2015 10 20  0215   57315   8100   2.07e+00  1.21e-01  9.65e-02  5.67e-02  4.74e-02  2.26e-02  2.60e+04  4.02e+02 -1.00e+05
2015 10 20  0220   57315   8400   2.08e+00  2.18e-01  1.94e-01  5.67e-02  4.74e-02  2.26e-02  2.60e+04  3.91e+02 -1.00e+05
2015 10 20  0225   57315   8700   3.18e+00  2.48e-01  1.41e-01  9.68e-02  6.21e-02  3.66e-02  2.60e+04  3.84e+02 -1.00e+05
2015 10 20  0230   57315   9000   2.04e+00  3.13e-01  2.89e-01  2.46e-01  1.47e-01  4.64e-02  2.54e+04  3.78e+02 -1.00e+05
2015 10 20  0235   57315   9300   1.97e+00  1.52e-01  1.28e-01  8.80e-02  7.87e-02  3.26e-02  2.46e+04  3.68e+02 -1.00e+05
2015 10 20  0240   57315   9600   1.95e+00  1.46e-01  1.22e-01  4.69e-02  3.76e-02  1.94e-02  2.44e+04  3.56e+02 -1.00e+05
2015 10 20  0245   57315   9900   1.62e+00  1.59e-01  1.34e-01  6.40e-02  5.47e-02  3.66e-02  2.33e+04  3.48e+02 -1.00e+05
2015 10 20  0250   57315  10200   2.00e+00  2.82e-01  2.30e-01  7.13e-02  4.31e-02  1.94e-02  2.23e+04  3.29e+02 -1.00e+05
2015 10 20  0255   57315  10500   1.52e+00  1.48e-01  1.22e-01  8.22e-02  7.29e-02  3.23e-02  2.20e+04  3.11e+02 -1.00e+05
2015 10 20  0300   57315  10800   2.34e+00  2.23e-01  8.97e-02  4.69e-02  3.76e-02  1.94e-02  2.12e+04  3.30e+02 -1.00e+05
2015 10 20  0305   57315  11100   2.18e+00  3.57e-01  2.57e-01  9.10e-02  5.51e-02  3.16e-02  2.08e+04  3.30e+02 -1.00e+05
2015 10 20  0310   57315  11400   1.76e+00  1.79e-01  1.27e-01  4.69e-02  3.76e-02  1.94e-02  2.08e+04  3.33e+02 -1.00e+05
2015 10 20  0315   57315  11700   2.56e+00  2.60e-01  1.12e-01  6.92e-02  5.99e-02  2.66e-02  2.03e+04  3.39e+02 -1.00e+05
2015 10 20  0320   57315  12000   1.30e+00  2.57e-01  2.33e-01  1.19e-01  1.10e-01  4.27e-02  2.01e+04  3.46e+02 -1.00e+05
2015 10 20  0325   57315  12300   1.05e+00  1.71e-01  1.47e-01  1.07e-01  9.75e-02  3.87e-02  1.99e+04  3.18e+02 -1.00e+05
2015 10 20  0330   57315  12600   9.23e-01  2.02e-01  1.77e-01  1.38e-01  1.28e-01  6.86e-02  1.95e+04  3.12e+02 -1.00e+05
2015 10 20  0335   57315  12900   1.75e+00  4.81e-01  2.07e-01  4.77e-02  3.83e-02  1.97e-02  1.68e+04  2.73e+02 -1.00e+05
2015 10 20  0340   57315  13200   9.34e-01  1.24e-01  9.84e-02  5.87e-02  4.94e-02  3.08e-02  1.67e+04  2.78e+02 -1.00e+05
2015 10 20  0345   57315  13500   1.02e+00  1.99e-01  1.51e-01  1.08e-01  9.55e-02  3.78e-02  1.75e+04  2.86e+02 -1.00e+05
2015 10 20  0350   57315  13800   1.06e+00  2.32e-01  2.06e-01  5.38e-02  4.44e-02  2.58e-02  1.75e+04  2.81e+02 -1.00e+05
2015 10 20  0355   57315  14100   8.17e-01  1.13e-01  8.74e-02  4.77e-02  3.83e-02  1.97e-02  1.67e+04  2.72e+02 -1.00e+05
2015 10 20  0400   57315  14400   7.54e-01  1.50e-01  1.24e-01  4.88e-02  3.95e-02  2.09e-02  1.69e+04  2.80e+02 -1.00e+05
2015 10 20  0405   57315  14700   7.80e-01  1.63e-01  1.37e-01  9.65e-02  5.89e-02  2.37e-02  1.67e+04  2.83e+02 -1.00e+05
2015 10 20  0410   57315  15000   8.03e-01  2.43e-01  2.17e-01  6.58e-02  5.10e-02  3.08e-02  1.63e+04  2.81e+02 -1.00e+05
2015 10 20  0415   57315  15300   6.99e-01  1.30e-01  1.05e-01  6.50e-02  5.54e-02  3.67e-02  1.60e+04  2.82e+02 -1.00e+05
2015 10 20  0420   57315  15600   1.54e+00  3.89e-01  2.44e-01  7.11e-02  6.17e-02  4.31e-02  1.70e+04  3.09e+02 -1.00e+05
2015 10 20  0425   57315  15900   1.14e+00  1.83e-01  1.41e-01  6.61e-02  5.68e-02  3.82e-02  1.63e+04  3.06e+02 -1.00e+05
2015 10 20  0430   57315  16200   7.87e-01  1.97e-01  1.72e-01  1.32e-01  1.23e-01  5.77e-02  1.74e+04  3.10e+02 -1.00e+05
2015 10 20  0435   57315  16500   1.55e+00  3.27e-01  1.53e-01  7.80e-02  6.87e-02  4.87e-02  1.71e+04  3.17e+02 -1.00e+05
2015 10 20  0440   57315  16800   9.09e-01  1.70e-01  1.27e-01  4.77e-02  3.83e-02  1.97e-02  1.69e+04  3.16e+02 -1.00e+05
2015 10 20  0445   57315  17100   7.13e-01  1.71e-01  1.28e-01  8.40e-02  4.65e-02  1.97e-02  1.70e+04  3.01e+02 -1.00e+05
2015 10 20  0450   57315  17400   7.78e-01  1.82e-01  1.56e-01  7.92e-02  4.38e-02  1.97e-02  1.68e+04  3.01e+02 -1.00e+05
2015 10 20  0455   57315  17700   9.80e-01  2.12e-01  1.10e-01  6.78e-02  5.84e-02  3.98e-02  1.53e+04  2.89e+02 -1.00e+05
2015 10 20  0500   57315  18000   5.16e-01  1.27e-01  1.02e-01  6.22e-02  4.63e-02  2.58e-02  1.62e+04  2.82e+02 -1.00e+05
2015 10 20  0505   57315  18300   6.66e-01  2.27e-01  2.01e-01  4.77e-02  3.83e-02  1.97e-02  1.63e+04  2.85e+02 -1.00e+05
2015 10 20  0510   57315  18600   9.07e-01  2.29e-01  1.50e-01  1.00e-01  7.75e-02  4.53e-02  1.53e+04  2.79e+02 -1.00e+05
2015 10 20  0515   57315  18900   7.59e-01  2.93e-01  2.67e-01  1.22e-01  8.85e-02  6.30e-02  1.56e+04  2.75e+02 -1.00e+05
2015 10 20  0520   57315  19200   9.36e-01  3.74e-01  2.27e-01  4.77e-02  3.83e-02  1.97e-02  1.57e+04  2.87e+02 -1.00e+05
2015 10 20  0525   57315  19500   5.22e-01  1.73e-01  1.47e-01  4.77e-02  3.83e-02  1.97e-02  1.27e+04  2.19e+02 -1.00e+05
2015 10 20  0530   57315  19800   5.05e-01  1.24e-01  9.84e-02  5.87e-02  4.94e-02  3.08e-02  1.34e+04  2.27e+02 -1.00e+05
2015 10 20  0535   57315  20100   4.66e-01  1.91e-01  1.65e-01  8.94e-02  4.99e-02  2.58e-02  1.32e+04  2.17e+02 -1.00e+05
2015 10 20  0540   57315  20400   7.31e-01  1.67e-01  1.26e-01  8.35e-02  7.41e-02  5.55e-02  1.28e+04  2.12e+02 -1.00e+05
2015 10 20  0545   57315  20700   5.23e-01  1.51e-01  1.26e-01  8.60e-02  7.66e-02  5.80e-02  1.31e+04  2.29e+02 -1.00e+05
2015 10 20  0550   57315  21000   4.75e-01  1.55e-01  1.29e-01  4.77e-02  3.83e-02  1.97e-02  1.30e+04  2.19e+02 -1.00e+05
2015 10 20  0555   57315  21300   6.76e-01  4.47e-01  2.28e-01  4.77e-02  3.83e-02  1.97e-02  9.51e+03  1.49e+02 -1.00e+05
2015 10 20  0600   57315  21600   5.32e-01  1.79e-01  1.54e-01  1.14e-01  1.02e-01  3.98e-02  1.01e+04  1.58e+02 -1.00e+05
2015 10 20  0605   57315  21900   6.79e-01  1.95e-01  1.03e-01  5.13e-02  3.92e-02  1.97e-02  1.24e+04  1.96e+02 -1.00e+05
2015 10 20  0610   57315  22200   8.17e-01  1.55e-01  1.14e-01  7.11e-02  6.17e-02  4.31e-02  1.63e+04  2.57e+02 -1.00e+05
2015 10 20  0615   57315  22500   7.19e-01  1.50e-01  1.25e-01  8.40e-02  4.65e-02  1.97e-02  1.47e+04  2.26e+02 -1.00e+05
2015 10 20  0620   57315  22800   1.21e+00  2.98e-01  1.45e-01  5.78e-02  4.06e-02  1.97e-02  1.76e+04  2.63e+02 -1.00e+05
2015 10 20  0625   57315  23100   1.82e+00  5.85e-01  3.56e-01  9.68e-02  5.60e-02  2.83e-02  1.82e+04  2.66e+02 -1.00e+05
2015 10 20  0630   57315  23400   1.06e+00  1.13e-01  8.74e-02  4.77e-02  3.83e-02  1.97e-02  1.89e+04  2.74e+02 -1.00e+05
2015 10 20  0635   57315  23700   1.33e+00  2.68e-01  1.48e-01  6.61e-02  5.68e-02  3.82e-02  1.87e+04  2.60e+02 -1.00e+05
2015 10 20  0640   57315  24000   9.24e-01  1.29e-01  1.03e-01  6.37e-02  5.43e-02  3.57e-02  1.75e+04  2.48e+02 -1.00e+05
2015 10 20  0645   57315  24300   8.83e-01  1.88e-01  1.63e-01  8.66e-02  4.99e-02  2.33e-02  1.68e+04  2.24e+02 -1.00e+05
2015 10 20  0650   57315  24600   8.28e-01  1.41e-01  1.16e-01  7.60e-02  6.67e-02  4.81e-02  1.64e+04  2.22e+02 -1.00e+05
2015 10 20  0655   57315  24900   7.49e-01  2.27e-01  2.01e-01  4.77e-02  3.83e-02  1.97e-02  1.34e+04  1.91e+02 -1.00e+05
2015 10 20  0700   57315  25200   5.21e-01  1.46e-01  1.04e-01  6.12e-02  5.18e-02  3.32e-02  1.12e+04  1.57e+02 -1.00e+05
2015 10 20  0705   57315  25500   2.08e-01  1.70e-01  1.27e-01  4.77e-02  3.83e-02  1.97e-02  9.96e+03  1.47e+02 -1.00e+05
2015 10 20  0710   57315  25800   6.44e-01  3.74e-01  2.27e-01  4.77e-02  3.83e-02  1.97e-02  1.08e+04  1.58e+02 -1.00e+05
2015 10 20  0715   57315  26100   3.14e-01  1.48e-01  1.22e-01  8.25e-02  7.04e-02  2.98e-02  1.13e+04  1.51e+02 -1.00e+05
2015 10 20  0720   57315  26400   2.65e-01  1.55e-01  1.29e-01  4.77e-02  3.83e-02  1.97e-02  1.00e+04  1.41e+02 -1.00e+05
2015 10 20  0725   57315  26700   4.68e-01  1.34e-01  9.07e-02  4.77e-02  3.83e-02  1.97e-02  1.09e+04  1.59e+02 -1.00e+05
2015 10 20  0730   57315  27000   3.46e-01  1.91e-01  9.94e-02  4.77e-02  3.83e-02  1.97e-02  1.08e+04  1.59e+02 -1.00e+05
2015 10 20  0735   57315  27300   2.96e-01  1.13e-01  8.74e-02  4.77e-02  3.83e-02  1.97e-02  1.14e+04  1.77e+02 -1.00e+05
2015 10 20  0740   57315  27600   5.62e-01  2.42e-01  9.02e-02  4.77e-02  3.83e-02  1.97e-02  1.06e+04  1.67e+02 -1.00e+05
2015 10 20  0745   57315  27900   6.42e-01  2.23e-01  9.48e-02  5.21e-02  4.02e-02  2.09e-02  1.00e+04  1.67e+02 -1.00e+05
2015 10 20  0750   57315  28200   3.02e-01  1.13e-01  8.74e-02  4.77e-02  3.83e-02  1.97e-02  1.03e+04  1.76e+02 -1.00e+05
2015 10 20  0755   57315  28500   3.00e-01  1.24e-01  9.84e-02  5.87e-02  4.94e-02  3.08e-02  9.73e+03  1.68e+02 -1.00e+05
2015 10 20  0800   57315  28800   2.38e-01  1.13e-01  8.74e-02  4.77e-02  3.83e-02  1.97e-02  9.17e+03  1.66e+02 -1.00e+05
2015 10 20  0805   57315  29100   4.87e-01  2.34e-01  2.09e-01  1.15e-01  8.25e-02  3.18e-02  8.89e+03  1.62e+02 -1.00e+05
2015 10 20  0810   57315  29400   4.17e-01  1.75e-01  1.50e-01  1.10e-01  1.01e-01  3.98e-02  8.78e+03  1.60e+02 -1.00e+05
2015 10 20  0815   57315  29700   3.94e-01  1.44e-01  1.19e-01  4.77e-02  3.83e-02  1.97e-02  8.71e+03  1.67e+02 -1.00e+05
2015 10 20  0820   57315  30000   3.21e-01  1.43e-01  1.18e-01  7.71e-02  4.97e-02  2.17e-02  8.59e+03  1.66e+02 -1.00e+05
2015 10 20  0825   57315  30300   1.96e-01  1.26e-01  1.01e-01  6.12e-02  5.18e-02  3.32e-02  8.21e+03  1.75e+02 -1.00e+05
2015 10 20  0830   57315  30600   2.95e-01  1.21e-01  9.60e-02  5.62e-02  4.69e-02  2.83e-02  8.88e+03  1.81e+02 -1.00e+05
2015 10 20  0835   57315  30900   3.16e-01  1.44e-01  1.19e-01  7.89e-02  6.96e-02  2.98e-02  7.71e+03  1.54e+02 -1.00e+05
2015 10 20  0840   57315  31200   4.49e-01  1.31e-01  1.06e-01  6.61e-02  5.68e-02  3.82e-02  8.28e+03  1.64e+02 -1.00e+05
2015 10 20  0845   57315  31500   3.26e-01  1.34e-01  1.08e-01  6.86e-02  5.92e-02  4.06e-02  8.27e+03  1.62e+02 -1.00e+05
2015 10 20  0850   57315  31800   2.63e-01  1.13e-01  8.74e-02  4.77e-02  3.83e-02  1.97e-02  8.21e+03  1.65e+02 -1.00e+05
2015 10 20  0855   57315  32100   4.22e-01  2.79e-01  1.28e-01  8.60e-02  7.66e-02  5.80e-02  8.38e+03  1.59e+02 -1.00e+05
2015 10 20  0900   57315  32400   7.51e-01  2.51e-01  9.87e-02  5.62e-02  4.69e-02  2.83e-02  8.13e+03  1.60e+02 -1.00e+05
2015 10 20  0905   57315  32700   7.45e-01  3.10e-01  1.65e-01  9.25e-02  7.79e-02  5.62e-02  9.03e+03  1.74e+02 -1.00e+05
2015 10 20  0910   57315  33000   4.93e-01  2.00e-01  1.03e-01  6.01e-02  5.08e-02  2.37e-02  9.30e+03  1.74e+02 -1.00e+05
2015 10 20  0915   57315  33300   7.15e-01  2.54e-01  1.09e-01  6.64e-02  5.70e-02  2.58e-02  8.80e+03  1.82e+02 -1.00e+05
2015 10 20  0920   57315  33600   4.84e-01  1.91e-01  1.50e-01  7.65e-02  6.49e-02  4.56e-02  9.41e+03  1.76e+02 -1.00e+05
2015 10 20  0925   57315  33900   3.70e-01  2.63e-01  2.38e-01  9.20e-02  7.80e-02  5.80e-02  8.39e+03  1.59e+02 -1.00e+05
2015 10 20  0930   57315  34200   2.93e-01  1.13e-01  8.74e-02  4.77e-02  3.83e-02  1.97e-02  8.51e+03  1.63e+02 -1.00e+05
2015 10 20  0935   57315  34500   3.69e-01  1.48e-01  1.23e-01  8.35e-02  7.41e-02  5.55e-02  8.76e+03  1.65e+02 -1.00e+05
2015 10 20  0940   57315  34800   3.56e-01  1.13e-01  8.74e-02  4.77e-02  3.83e-02  1.97e-02  9.33e+03  1.74e+02 -1.00e+05
2015 10 20  0945   57315  35100   4.82e-01  1.30e-01  1.05e-01  6.54e-02  5.61e-02  3.75e-02  8.22e+03  1.41e+02 -1.00e+05
2015 10 20  0950   57315  35400   1.53e+00  5.86e-01  3.82e-01  8.85e-02  4.38e-02  1.97e-02  7.51e+03  1.33e+02 -1.00e+05
2015 10 20  0955   57315  35700   9.06e-01  2.37e-01  1.60e-01  1.09e-01  6.67e-02  2.58e-02  8.45e+03  1.44e+02 -1.00e+05
2015 10 20  1000   57315  36000   2.04e+00  1.49e-01  1.23e-01  4.77e-02  3.83e-02  1.97e-02  9.46e+03  1.63e+02 -1.00e+05
2015 10 20  1005   57315  36300   2.57e+00  1.13e-01  8.74e-02  4.77e-02  3.83e-02  1.97e-02  1.00e+04  1.80e+02 -1.00e+05
2015 10 20  1010   57315  36600   3.35e+00  2.33e-01  1.41e-01  4.77e-02  3.83e-02  1.97e-02  1.10e+04  1.89e+02 -1.00e+05
2015 10 20  1015   57315  36900   1.96e+00  1.31e-01  1.06e-01  6.64e-02  5.70e-02  2.58e-02  1.32e+04  2.07e+02 -1.00e+05
2015 10 20  1020   57315  37200   2.54e+00  1.50e-01  1.25e-01  8.52e-02  7.58e-02  3.18e-02  1.41e+04  2.39e+02 -1.00e+05
2015 10 20  1025   57315  37500   2.67e+00  2.15e-01  1.90e-01  1.07e-01  9.81e-02  5.15e-02  1.64e+04  2.66e+02 -1.00e+05
2015 10 20  1030   57315  37800   2.66e+00  1.13e-01  8.74e-02  4.77e-02  3.83e-02  1.97e-02  1.80e+04  2.98e+02 -1.00e+05
2015 10 20  1035   57315  38100   2.54e+00  1.13e-01  8.74e-02  4.77e-02  3.83e-02  1.97e-02  1.82e+04  2.95e+02 -1.00e+05
2015 10 20  1040   57315  38400   4.52e+00  4.25e-01  2.43e-01  6.86e-02  5.93e-02  4.07e-02  1.85e+04  2.91e+02 -1.00e+05
2015 10 20  1045   57315  38700   2.59e+00  1.86e-01  1.61e-01  1.20e-01  9.05e-02  4.38e-02  1.79e+04  2.95e+02 -1.00e+05
2015 10 20  1050   57315  39000   2.29e+00  1.89e-01  1.63e-01  9.08e-02  6.23e-02  3.82e-02  1.82e+04  3.18e+02 -1.00e+05
2015 10 20  1055   57315  39300   2.70e+00  1.74e-01  1.33e-01  9.09e-02  8.16e-02  6.30e-02  2.03e+04  3.29e+02 -1.00e+05
2015 10 20  1100   57315  39600   3.34e+00  2.29e-01  1.01e-01  5.78e-02  4.06e-02  1.97e-02  1.89e+04  3.20e+02 -1.00e+05
2015 10 20  1105   57315  39900   2.07e+00  1.49e-01  1.23e-01  4.77e-02  3.83e-02  1.97e-02  1.85e+04  3.21e+02 -1.00e+05
2015 10 20  1110   57315  40200   4.15e+00  2.86e-01  9.00e-02  4.77e-02  3.83e-02  1.97e-02  1.91e+04  3.33e+02 -1.00e+05
2015 10 20  1115   57315  40500   2.02e+00  1.39e-01  1.13e-01  7.36e-02  6.42e-02  4.56e-02  1.93e+04  3.23e+02 -1.00e+05
2015 10 20  1120   57315  40800   4.21e+00  2.69e-01  1.34e-01  9.15e-02  8.21e-02  3.38e-02  1.93e+04  3.28e+02 -1.00e+05
2015 10 20  1125   57315  41100   2.38e+00  2.64e-01  2.39e-01  8.37e-02  4.39e-02  1.97e-02  1.82e+04  3.19e+02 -1.00e+05
2015 10 20  1130   57315  41400   3.10e+00  3.03e-01  2.21e-01  7.68e-02  5.45e-02  2.37e-02  1.91e+04  3.19e+02 -1.00e+05
2015 10 20  1135   57315  41700   2.21e+00  1.13e-01  8.74e-02  4.77e-02  3.83e-02  1.97e-02  1.91e+04  3.11e+02 -1.00e+05
2015 10 20  1140   57315  42000   3.01e+00  2.64e-01  1.83e-01  1.33e-01  1.16e-01  4.39e-02  1.97e+04  3.35e+02 -1.00e+05
2015 10 20  1145   57315  42300   2.14e+00  1.53e-01  1.28e-01  8.78e-02  6.55e-02  4.31e-02  1.99e+04  3.54e+02 -1.00e+05
2015 10 20  1150   57315  42600   1.94e+00  1.88e-01  1.63e-01  1.23e-01  1.13e-01  4.39e-02  2.07e+04  3.51e+02 -1.00e+05
2015 10 20  1155   57315  42900   2.32e+00  1.30e-01  1.05e-01  6.44e-02  4.21e-02  1.97e-02  2.07e+04  3.95e+02 -1.00e+05
2015 10 20  1200   57315  43200   2.43e+00  1.39e-01  1.10e-01  7.00e-02  5.78e-02  2.58e-02  2.28e+04  3.81e+02 -1.00e+05
2015 10 20  1205   57315  43500   1.94e+00  1.69e-01  1.44e-01  1.04e-01  9.46e-02  3.78e-02  2.00e+04  3.50e+02 -1.00e+05
2015 10 20  1210   57315  43800   1.50e+00  1.13e-01  8.74e-02  4.77e-02  3.83e-02  1.97e-02  1.95e+04  3.67e+02 -1.00e+05
2015 10 20  1215   57315  44100   1.73e+00  1.34e-01  9.07e-02  4.77e-02  3.83e-02  1.97e-02  2.20e+04  3.81e+02 -1.00e+05
2015 10 20  1220   57315  44400   1.56e+00  1.13e-01  8.74e-02  4.77e-02  3.83e-02  1.97e-02  2.11e+04  3.84e+02 -1.00e+05
2015 10 20  1225   57315  44700   1.53e+00  1.26e-01  1.01e-01  6.12e-02  5.18e-02  3.32e-02  2.08e+04  3.97e+02 -1.00e+05
2015 10 20  1230   57315  45000   1.75e+00  1.34e-01  9.07e-02  4.77e-02  3.83e-02  1.97e-02  2.20e+04  3.87e+02 -1.00e+05
2015 10 20  1235   57315  45300   1.67e+00  1.65e-01  1.21e-01  7.75e-02  4.51e-02  1.97e-02  2.14e+04  3.87e+02 -1.00e+05
2015 10 20  1240   57315  45600   1.36e+00  1.44e-01  1.18e-01  7.85e-02  6.92e-02  5.06e-02  2.10e+04  3.82e+02 -1.00e+05
2015 10 20  1245   57315  45900   1.35e+00  1.61e-01  1.36e-01  9.59e-02  8.65e-02  6.79e-02  2.08e+04  3.88e+02 -1.00e+05
2015 10 20  1250   57315  46200   1.20e+00  1.34e-01  9.07e-02  4.77e-02  3.83e-02  1.97e-02  2.06e+04  3.96e+02 -1.00e+05
2015 10 20  1255   57315  46500   1.48e+00  2.40e-01  2.14e-01  1.07e-01  8.31e-02  4.36e-02  2.08e+04  3.84e+02 -1.00e+05
2015 10 20  1300   57315  46800   1.64e+00  1.93e-01  9.03e-02  4.77e-02  3.83e-02  1.97e-02  2.05e+04  3.83e+02 -1.00e+05
2015 10 20  1305   57315  47100   1.42e+00  1.99e-01  1.74e-01  1.01e-01  9.14e-02  4.76e-02  2.10e+04  3.79e+02 -1.00e+05
2015 10 20  1310   57315  47400   1.48e+00  1.36e-01  1.11e-01  7.11e-02  6.17e-02  4.31e-02  2.18e+04  3.89e+02 -1.00e+05
2015 10 20  1315   57315  47700   2.96e+00  1.45e-01  1.20e-01  5.38e-02  4.45e-02  2.17e-02  2.14e+04  3.70e+02 -1.00e+05
2015 10 20  1320   57315  48000   9.65e+00  2.65e-01  9.01e-02  4.77e-02  3.83e-02  1.97e-02  2.07e+04  3.51e+02 -1.00e+05
2015 10 20  1325   57315  48300   3.67e+00  1.75e-01  1.37e-01  5.38e-02  4.45e-02  2.17e-02  2.07e+04  3.55e+02 -1.00e+05
2015 10 20  1330   57315  48600   3.95e+00  2.59e-01  1.59e-01  1.17e-01  1.07e-01  4.19e-02  2.24e+04  3.88e+02 -1.00e+05
2015 10 20  1335   57315  48900   2.30e+00  2.04e-01  1.78e-01  1.12e-01  9.02e-02  6.79e-02  2.43e+04  4.56e+02 -1.00e+05
2015 10 20  1340   57315  49200   3.00e+00  2.24e-01  1.32e-01  7.92e-02  4.38e-02  1.97e-02  2.48e+04  4.89e+02 -1.00e+05
2015 10 20  1345   57315  49500   2.32e+00  2.00e-01  1.59e-01  8.67e-02  7.10e-02  5.06e-02  2.57e+04  5.43e+02 -1.00e+05
2015 10 20  1350   57315  49800   3.25e+00  2.56e-01  1.84e-01  1.34e-01  7.71e-02  2.78e-02  2.69e+04  5.90e+02 -1.00e+05
2015 10 20  1355   57315  50100   2.48e+00  2.51e-01  2.07e-01  6.44e-02  4.21e-02  1.97e-02  2.75e+04  6.52e+02 -1.00e+05
2015 10 20  1400   57315  50400   2.97e+00  2.12e-01  1.38e-01  8.92e-02  7.98e-02  4.73e-02  2.88e+04  6.62e+02 -1.00e+05
2015 10 20  1405   57315  50700   1.98e+00  1.56e-01  1.31e-01  9.09e-02  8.16e-02  6.30e-02  2.87e+04  7.01e+02 -1.00e+05
2015 10 20  1410   57315  51000   3.91e+00  2.64e-01  1.46e-01  1.02e-01  7.00e-02  2.78e-02  3.05e+04  7.52e+02 -1.00e+05
2015 10 20  1415   57315  51300   2.49e+00  1.65e-01  1.40e-01  6.86e-02  5.93e-02  4.07e-02  3.28e+04  8.12e+02 -1.00e+05
2015 10 20  1420   57315  51600   2.46e+00  1.31e-01  1.06e-01  6.64e-02  5.70e-02  2.58e-02  3.39e+04  8.92e+02 -1.00e+05
2015 10 20  1425   57315  51900   4.02e+00  2.17e-01  1.20e-01  7.68e-02  5.45e-02  2.37e-02  3.46e+04  9.03e+02 -1.00e+05
2015 10 20  1430   57315  52200   3.06e+00  1.34e-01  9.07e-02  4.77e-02  3.83e-02  1.97e-02  3.69e+04  9.75e+02 -1.00e+05
2015 10 20  1435   57315  52500   4.23e+00  1.91e-01  9.94e-02  4.77e-02  3.83e-02  1.97e-02  3.84e+04  1.05e+03 -1.00e+05
2015 10 20  1440   57315  52800   3.88e+00  2.48e-01  2.05e-01  4.77e-02  3.83e-02  1.97e-02  4.08e+04  1.10e+03 -1.00e+05
2015 10 20  1445   57315  53100   3.24e+00  2.30e-01  2.04e-01  5.13e-02  4.19e-02  2.33e-02  4.16e+04  1.09e+03 -1.00e+05
2015 10 20  1450   57315  53400   3.34e+00  2.00e-01  1.75e-01  1.03e-01  6.72e-02  4.31e-02  4.16e+04  1.10e+03 -1.00e+05
2015 10 20  1455   57315  53700   3.22e+00  1.40e-01  1.14e-01  7.41e-02  5.48e-02  3.32e-02  4.24e+04  1.10e+03 -1.00e+05
2015 10 20  1500   57315  54000   3.32e+00  1.31e-01  1.06e-01  6.64e-02  5.70e-02  2.58e-02  4.39e+04  1.11e+03 -1.00e+05
2015 10 20  1505   57315  54300   3.68e+00  1.23e-01  9.79e-02  5.78e-02  4.06e-02  1.97e-02  4.40e+04  1.13e+03 -1.00e+05
2015 10 20  1510   57315  54600   3.67e+00  1.88e-01  1.63e-01  1.23e-01  1.13e-01  4.39e-02  4.40e+04  1.15e+03 -1.00e+05
2015 10 20  1515   57315  54900   6.19e+00  2.36e-01  1.09e-01  6.62e-02  5.69e-02  3.83e-02  4.40e+04  1.16e+03 -1.00e+05
2015 10 20  1520   57315  55200   3.34e+00  1.14e-01  8.85e-02  4.88e-02  3.95e-02  2.09e-02  4.40e+04  1.13e+03 -1.00e+05
2015 10 20  1525   57315  55500   4.79e+00  1.57e-01  1.32e-01  9.06e-02  4.80e-02  1.97e-02  4.58e+04  1.16e+03 -1.00e+05
2015 10 20  1530   57315  55800   4.77e+00  1.50e-01  1.24e-01  4.88e-02  3.95e-02  2.09e-02  4.48e+04  1.15e+03 -1.00e+05
2015 10 20  1535   57315  56100   5.31e+00  1.45e-01  1.20e-01  5.38e-02  4.45e-02  2.17e-02  4.40e+04  1.10e+03 -1.00e+05
2015 10 20  1540   57315  56400   4.77e+00  1.43e-01  1.18e-01  7.82e-02  6.88e-02  2.07e-02  4.46e+04  1.09e+03 -1.00e+05
2015 10 20  1545   57315  56700   5.30e+00  1.58e-01  1.33e-01  5.13e-02  4.19e-02  2.33e-02  4.40e+04  1.11e+03 -1.00e+05
2015 10 20  1550   57315  57000   4.92e+00  1.41e-01  1.16e-01  7.59e-02  5.71e-02  3.57e-02  4.54e+04  1.08e+03 -1.00e+05
2015 10 20  1555   57315  57300   5.82e+00  1.13e-01  8.74e-02  4.77e-02  3.83e-02  1.97e-02  4.42e+04  1.06e+03 -1.00e+05
2015 10 20  1600   57315  57600   6.37e+00  1.74e-01  1.33e-01  9.09e-02  8.16e-02  6.30e-02  4.40e+04  1.03e+03 -1.00e+05
2015 10 20  1605   57315  57900   5.62e+00  1.81e-01  1.56e-01  1.15e-01  7.44e-02  3.59e-02  4.37e+04  1.03e+03 -1.00e+05
2015 10 20  1610   57315  58200   1.03e+01  2.36e-01  1.09e-01  6.61e-02  5.68e-02  3.82e-02  4.35e+04  1.00e+03 -1.00e+05
2015 10 20  1615   57315  58500   6.28e+00  1.37e-01  1.12e-01  6.64e-02  5.70e-02  2.58e-02  4.16e+04  9.88e+02 -1.00e+05
2015 10 20  1620   57315  58800   7.46e+00  1.13e-01  8.74e-02  4.77e-02  3.83e-02  1.97e-02  4.16e+04  1.03e+03 -1.00e+05
2015 10 20  1625   57315  59100   1.04e+01  2.25e-01  1.54e-01  1.05e-01  9.61e-02  6.33e-02  4.05e+04  1.01e+03 -1.00e+05
2015 10 20  1630   57315  59400   9.00e+00  1.34e-01  9.07e-02  4.77e-02  3.83e-02  1.97e-02  3.88e+04  9.86e+02 -1.00e+05
2015 10 20  1635   57315  59700   7.48e+00  2.68e-01  2.43e-01  1.31e-01  1.22e-01  5.40e-02  3.74e+04  9.65e+02 -1.00e+05
2015 10 20  1640   57315  60000   7.36e+00  1.54e-01  1.28e-01  5.38e-02  4.44e-02  2.58e-02  3.78e+04  9.86e+02 -1.00e+05
2015 10 20  1645   57315  60300   1.19e+01  2.31e-01  1.28e-01  8.40e-02  4.65e-02  1.97e-02  3.83e+04  1.02e+03 -1.00e+05
2015 10 20  1650   57315  60600   1.25e+01  1.93e-01  9.03e-02  4.77e-02  3.83e-02  1.97e-02  3.92e+04  1.00e+03 -1.00e+05
2015 10 20  1655   57315  60900   7.57e+00  1.44e-01  1.19e-01  4.77e-02  3.83e-02  1.97e-02  3.70e+04  1.02e+03 -1.00e+05
2015 10 20  1700   57315  61200   7.90e+00  1.43e-01  1.18e-01  7.75e-02  4.51e-02  1.97e-02  4.12e+04  1.09e+03 -1.00e+05
2015 10 20  1705   57315  61500   7.61e+00  1.16e-01  9.11e-02  5.13e-02  3.92e-02  1.97e-02  4.16e+04  1.11e+03 -1.00e+05
2015 10 20  1710   57315  61800   8.94e+00  1.34e-01  9.07e-02  4.77e-02  3.83e-02  1.97e-02  4.20e+04  1.12e+03 -1.00e+05
2015 10 20  1715   57315  62100   7.22e+00  1.13e-01  8.74e-02  4.77e-02  3.83e-02  1.97e-02  4.36e+04  1.11e+03 -1.00e+05
2015 10 20  1720   57315  62400   1.08e+01  1.91e-01  9.94e-02  4.77e-02  3.83e-02  1.97e-02  4.40e+04  1.17e+03 -1.00e+05
2015 10 20  1725   57315  62700   7.82e+00  1.54e-01  1.29e-01  6.01e-02  5.08e-02  2.37e-02  4.40e+04  1.17e+03 -1.00e+05
2015 10 20  1730   57315  63000   8.05e+00  1.23e-01  9.79e-02  5.78e-02  4.06e-02  1.97e-02  4.56e+04  1.23e+03 -1.00e+05
2015 10 20  1735   57315  63300   9.79e+00  1.95e-01  1.53e-01  1.10e-01  1.01e-01  3.98e-02  4.66e+04  1.30e+03 -1.00e+05
2015 10 20  1740   57315  63600   8.99e+00  1.53e-01  1.28e-01  8.84e-02  7.91e-02  6.05e-02  4.76e+04  1.37e+03 -1.00e+05
2015 10 20  1745   57315  63900   9.35e+00  1.13e-01  8.74e-02  4.77e-02  3.83e-02  1.97e-02  4.71e+04  1.39e+03 -1.00e+05
2015 10 20  1750   57315  64200   1.69e+01  2.97e-01  1.62e-01  1.19e-01  1.00e-01  4.78e-02  4.66e+04  1.35e+03 -1.00e+05
2015 10 20  1755   57315  64500   1.19e+01  1.72e-01  1.46e-01  1.06e-01  7.33e-02  2.07e-02  4.98e+04  1.57e+03 -1.00e+05
2015 10 20  1800   57315  64800   1.44e+01  3.11e-01  2.86e-01  1.09e-01  7.16e-02  2.86e-02  5.43e+04  1.87e+03 -1.00e+05
2015 10 20  1805   57315  65100   2.56e+01  3.13e-01  1.87e-01  1.22e-01  6.88e-02  2.58e-02  5.48e+04  2.05e+03 -1.00e+05
2015 10 20  1810   57315  65400   2.73e+01  1.91e-01  9.94e-02  4.77e-02  3.83e-02  1.97e-02  5.80e+04  2.22e+03 -1.00e+05
2015 10 20  1815   57315  65700   1.87e+01  1.54e-01  1.29e-01  8.84e-02  5.22e-02  2.58e-02  5.91e+04  2.24e+03 -1.00e+05
2015 10 20  1820   57315  66000   2.23e+01  1.55e-01  1.30e-01  5.87e-02  4.94e-02  3.08e-02  5.73e+04  2.29e+03 -1.00e+05
2015 10 20  1825   57315  66300   2.26e+01  1.75e-01  1.50e-01  1.10e-01  1.01e-01  3.98e-02  5.73e+04  2.27e+03 -1.00e+05
2015 10 20  1830   57315  66600   2.50e+01  1.62e-01  1.21e-01  7.85e-02  6.92e-02  5.06e-02  5.73e+04  2.22e+03 -1.00e+05
2015 10 20  1835   57315  66900   2.24e+01  1.44e-01  1.19e-01  7.89e-02  6.96e-02  2.98e-02  5.63e+04  2.17e+03 -1.00e+05
2015 10 20  1840   57315  67200   2.07e+01  1.44e-01  1.19e-01  4.77e-02  3.83e-02  1.97e-02  5.31e+04  2.04e+03 -1.00e+05
2015 10 20  1845   57315  67500   1.94e+01  1.92e-01  1.67e-01  1.26e-01  1.01e-01  4.41e-02  5.19e+04  1.89e+03 -1.00e+05
2015 10 20  1850   57315  67800   1.90e+01  1.13e-01  8.74e-02  4.77e-02  3.83e-02  1.97e-02  4.97e+04  1.76e+03 -1.00e+05
2015 10 20  1855   57315  68100   2.03e+01  1.34e-01  9.07e-02  4.77e-02  3.83e-02  1.97e-02  4.99e+04  1.74e+03 -1.00e+05
2015 10 20  1900   57315  68400   1.91e+01  1.38e-01  1.13e-01  7.29e-02  6.35e-02  2.86e-02  4.73e+04  1.61e+03 -1.00e+05
2015 10 20  1905   57315  68700   2.01e+01  1.48e-01  1.22e-01  8.25e-02  7.04e-02  2.98e-02  4.85e+04  1.71e+03 -1.00e+05
2015 10 20  1910   57315  69000   2.19e+01  1.61e-01  1.36e-01  6.37e-02  5.43e-02  3.57e-02  4.94e+04  1.74e+03 -1.00e+05
2015 10 20  1915   57315  69300   2.20e+01  2.27e-01  2.01e-01  4.77e-02  3.83e-02  1.97e-02  4.81e+04  1.70e+03 -1.00e+05
2015 10 20  1920   57315  69600   2.23e+01  1.13e-01  8.74e-02  4.77e-02  3.83e-02  1.97e-02  4.61e+04  1.56e+03 -1.00e+05
2015 10 20  1925   57315  69900   2.85e+01  1.91e-01  9.94e-02  4.77e-02  3.83e-02  1.97e-02  4.62e+04  1.53e+03 -1.00e+05
2015 10 20  1930   57315  70200   3.04e+01  1.93e-01  9.03e-02  4.77e-02  3.83e-02  1.97e-02  4.48e+04  1.50e+03 -1.00e+05
2015 10 20  1935   57315  70500   1.65e+01  1.73e-01  1.48e-01  1.08e-01  9.90e-02  8.04e-02  4.38e+04  1.32e+03 -1.00e+05
2015 10 20  1940   57315  70800   3.43e+01  3.02e-01  1.28e-01  8.37e-02  4.39e-02  1.97e-02  4.03e+04  1.29e+03 -1.00e+05
2015 10 20  1945   57315  71100   1.91e+01  1.69e-01  1.44e-01  1.04e-01  9.46e-02  3.78e-02  4.38e+04  1.41e+03 -1.00e+05
2015 10 20  1950   57315  71400   3.13e+01  1.93e-01  9.03e-02  4.77e-02  3.83e-02  1.97e-02  4.40e+04  1.44e+03 -1.00e+05
2015 10 20  1955   57315  71700   1.82e+01  1.52e-01  1.27e-01  8.67e-02  7.44e-02  5.49e-02  3.97e+04  1.31e+03 -1.00e+05
2015 10 20  2000   57315  72000   1.99e+01  1.63e-01  1.38e-01  7.26e-02  6.33e-02  2.78e-02  4.19e+04  1.42e+03 -1.00e+05
2015 10 20  2005   57315  72300   2.06e+01  1.62e-01  1.37e-01  6.61e-02  5.68e-02  3.82e-02  4.26e+04  1.40e+03 -1.00e+05
2015 10 20  2010   57315  72600   1.88e+01  1.31e-01  1.06e-01  6.61e-02  5.68e-02  3.82e-02  3.89e+04  1.30e+03 -1.00e+05
2015 10 20  2015   57315  72900   2.62e+01  1.91e-01  9.94e-02  4.77e-02  3.83e-02  1.97e-02  3.86e+04  1.23e+03 -1.00e+05
2015 10 20  2020   57315  73200   1.98e+01  2.27e-01  2.01e-01  4.77e-02  3.83e-02  1.97e-02  4.00e+04  1.30e+03 -1.00e+05
2015 10 20  2025   57315  73500   1.94e+01  1.23e-01  9.79e-02  5.78e-02  4.06e-02  1.97e-02  3.96e+04  1.30e+03 -1.00e+05
2015 10 20  2030   57315  73800   1.88e+01  1.73e-01  1.47e-01  4.77e-02  3.83e-02  1.97e-02  3.96e+04  1.29e+03 -1.00e+05
2015 10 20  2035   57315  74100   2.65e+01  1.99e-01  1.08e-01  5.62e-02  4.69e-02  2.83e-02  3.80e+04  1.23e+03 -1.00e+05
2015 10 20  2040   57315  74400   1.77e+01  1.13e-01  8.74e-02  4.77e-02  3.83e-02  1.97e-02  3.85e+04  1.21e+03 -1.00e+05
2015 10 20  2045   57315  74700   1.78e+01  1.13e-01  8.74e-02  4.77e-02  3.83e-02  1.97e-02  3.57e+04  1.15e+03 -1.00e+05
2015 10 20  2050   57315  75000   1.92e+01  1.49e-01  1.23e-01  4.77e-02  3.83e-02  1.97e-02  3.73e+04  1.20e+03 -1.00e+05
2015 10 20  2055   57315  75300   2.08e+01  1.42e-01  1.17e-01  7.65e-02  5.93e-02  2.58e-02  3.65e+04  1.20e+03 -1.00e+05
2015 10 20  2100   57315  75600   2.20e+01  1.70e-01  1.45e-01  1.03e-01  6.48e-02  4.07e-02  3.69e+04  1.26e+03 -1.00e+05
2015 10 20  2105   57315  75900   2.10e+01  2.37e-01  2.12e-01  5.78e-02  4.06e-02  1.97e-02  3.70e+04  1.23e+03 -1.00e+05
2015 10 20  2110   57315  76200   2.87e+01  1.93e-01  1.26e-01  7.89e-02  6.96e-02  2.98e-02  3.61e+04  1.23e+03 -1.00e+05
2015 10 20  2115   57315  76500   2.21e+01  1.32e-01  1.07e-01  6.70e-02  5.77e-02  3.91e-02  3.67e+04  1.22e+03 -1.00e+05
2015 10 20  2120   57315  76800   3.29e+01  2.00e-01  1.00e-01  5.74e-02  4.53e-02  2.17e-02  3.41e+04  1.08e+03 -1.00e+05
2015 10 20  2125   57315  77100   2.72e+01  2.23e-01  1.31e-01  4.77e-02  3.83e-02  1.97e-02  3.20e+04  1.03e+03 -1.00e+05
2015 10 20  2130   57315  77400   1.80e+01  1.35e-01  1.10e-01  6.97e-02  5.38e-02  2.82e-02  3.06e+04  9.34e+02 -1.00e+05
2015 10 20  2135   57315  77700   1.88e+01  1.77e-01  1.44e-01  1.02e-01  6.63e-02  3.21e-02  2.95e+04  9.11e+02 -1.00e+05
2015 10 20  2140   57315  78000   1.59e+01  1.82e-01  1.56e-01  1.17e-01  1.07e-01  4.19e-02  3.16e+04  9.35e+02 -1.00e+05
2015 10 20  2145   57315  78300   2.12e+01  2.44e-01  1.60e-01  9.24e-02  8.31e-02  6.01e-02  3.03e+04  8.85e+02 -1.00e+05
2015 10 20  2150   57315  78600   1.78e+01  1.90e-01  1.62e-01  1.20e-01  6.87e-02  2.58e-02  3.33e+04  9.84e+02 -1.00e+05
2015 10 20  2155   57315  78900   2.56e+01  2.33e-01  1.41e-01  4.77e-02  3.83e-02  1.97e-02  3.28e+04  9.64e+02 -1.00e+05
2015 10 20  2200   57315  79200   2.28e+01  2.57e-01  1.71e-01  6.40e-02  4.68e-02  2.17e-02  3.37e+04  9.34e+02 -1.00e+05
2015 10 20  2205   57315  79500   1.61e+01  2.07e-01  1.82e-01  1.41e-01  9.80e-02  3.58e-02  3.21e+04  8.88e+02 -1.00e+05
2015 10 20  2210   57315  79800   2.32e+01  3.91e-01  2.44e-01  6.44e-02  4.21e-02  1.97e-02  3.05e+04  8.23e+02 -1.00e+05
2015 10 20  2215   57315  80100   1.48e+01  2.07e-01  1.82e-01  1.41e-01  9.80e-02  3.58e-02  3.07e+04  8.21e+02 -1.00e+05
2015 10 20  2220   57315  80400   1.93e+01  1.44e-01  1.01e-01  5.78e-02  4.06e-02  1.97e-02  3.08e+04  8.39e+02 -1.00e+05
2015 10 20  2225   57315  80700   2.25e+01  1.93e-01  9.03e-02  4.77e-02  3.83e-02  1.97e-02  2.91e+04  7.51e+02 -1.00e+05
2015 10 20  2230   57315  81000   1.38e+01  1.66e-01  1.41e-01  7.43e-02  6.49e-02  3.41e-02  2.59e+04  7.32e+02 -1.00e+05
2015 10 20  2235   57315  81300   1.55e+01  1.93e-01  9.03e-02  4.77e-02  3.83e-02  1.97e-02  2.86e+04  6.31e+02 -1.00e+05
2015 10 20  2240   57315  81600   8.09e+00  1.68e-01  1.43e-01  7.89e-02  6.96e-02  2.98e-02  1.81e+04  5.23e+02 -1.00e+05
2015 10 20  2245   57315  81900   7.64e+00  1.29e-01  1.03e-01  6.37e-02  5.43e-02  3.57e-02  2.13e+04  4.75e+02 -1.00e+05
2015 10 20  2250   57315  82200   7.98e+00  1.21e-01  9.60e-02  5.62e-02  4.69e-02  2.83e-02  2.36e+04  5.55e+02 -1.00e+05
2015 10 20  2255   57315  82500   1.05e+01  1.25e-01  9.98e-02  6.01e-02  5.08e-02  2.37e-02  2.15e+04  5.48e+02 -1.00e+05
2015 10 20  2300   57315  82800   7.27e+00  1.43e-01  1.18e-01  7.75e-02  4.51e-02  1.97e-02  2.02e+04  5.32e+02 -1.00e+05
2015 10 20  2305   57315  83100   8.95e+00  1.50e-01  1.25e-01  8.40e-02  4.65e-02  1.97e-02  2.35e+04  5.27e+02 -1.00e+05
2015 10 20  2310   57315  83400   6.88e+00  1.13e-01  8.74e-02  4.77e-02  3.83e-02  1.97e-02  1.94e+04  4.99e+02 -1.00e+05
2015 10 20  2315   57315  83700   8.35e+00  2.63e-01  2.37e-01  9.34e-02  8.40e-02  6.54e-02  2.16e+04  4.95e+02 -1.00e+05
2015 10 20  2320   57315  84000   6.98e+00  1.72e-01  1.47e-01  8.10e-02  7.17e-02  3.79e-02  1.88e+04  4.44e+02 -1.00e+05
2015 10 20  2325   57315  84300   7.19e+00  1.57e-01  1.32e-01  9.06e-02  4.80e-02  1.97e-02  2.00e+04  4.67e+02 -1.00e+05
2015 10 20  2330   57315  84600   6.50e+00  1.13e-01  8.74e-02  4.77e-02  3.83e-02  1.97e-02  2.11e+04  4.26e+02 -1.00e+05
2015 10 20  2335   57315  84900   5.69e+00  2.48e-01  2.23e-01  7.06e-02  5.01e-02  2.83e-02  1.62e+04  3.86e+02 -1.00e+05
2015 10 20  2340   57315  85200   7.46e+00  1.38e-01  1.13e-01  7.33e-02  6.40e-02  3.04e-02  1.37e+04  3.27e+02 -1.00e+05
2015 10 20  2345   57315  85500   1.06e+01  2.06e-01  1.63e-01  8.23e-02  4.39e-02  1.97e-02  2.07e+04  4.75e+02 -1.00e+05
2015 10 20  2350   57315  85800   7.04e+00  1.75e-01  1.50e-01  1.10e-01  1.00e-01  6.06e-02  1.95e+04  3.60e+02 -1.00e+05
2015 10 20  2355   57315  86100   7.32e+00  1.38e-01  1.12e-01  7.26e-02  6.33e-02  2.78e-02  1.50e+04  3.40e+02 -1.00e+05
