:Data_list: 20150812_Gp_part_5m.txt
:Created: 2015 Aug 13 0011 UTC
# Prepared by the U.S. Dept. of Commerce, NOAA, Space Weather Prediction Center
# Please send comments and suggestions to SWPC.Webmaster@noaa.gov 
# 
# Label: P > 1 = Particles at >1 Mev
# Label: P > 5 = Particles at >5 Mev
# Label: P >10 = Particles at >10 Mev
# Label: P >30 = Particles at >30 Mev
# Label: P >50 = Particles at >50 Mev
# Label: P>100 = Particles at >100 Mev
# Label: E>0.8 = Electrons at >0.8 Mev
# Label: E>2.0 = Electrons at >2.0 Mev
# Label: E>4.0 = Electrons at >4.0 Mev
# Units: Particles = Protons/cm2-s-sr
# Units: Electrons = Electrons/cm2-s-sr
# Source: GOES-13
# Location: W075
# Missing data: -1.00e+05
#
#                      5-minute  GOES-13 Solar Particle and Electron Flux
#
#                 Modified Seconds
# UTC Date  Time   Julian  of the
# YR MO DA  HHMM    Day     Day     P > 1     P > 5     P >10     P >30     P >50     P>100     E>0.8     E>2.0     E>4.0
#-------------------------------------------------------------------------------------------------------------------------
2015 08 12  0000   57246      0   2.98e+00  1.72e-01  8.41e-02  4.93e-02  3.98e-02  2.06e-02  3.41e+04  8.39e+02 -1.00e+05
2015 08 12  0005   57246    300   1.70e+00  1.80e-01  1.58e-01  9.16e-02  8.21e-02  6.28e-02  3.56e+04  8.33e+02 -1.00e+05
2015 08 12  0010   57246    600   2.15e+00  2.00e-01  1.29e-01  7.92e-02  6.97e-02  5.05e-02  3.42e+04  7.92e+02 -1.00e+05
2015 08 12  0015   57246    900   9.99e-01  1.47e-01  1.25e-01  9.11e-02  6.37e-02  3.82e-02  3.45e+04  7.78e+02 -1.00e+05
2015 08 12  0020   57246   1200   1.44e+00  1.16e-01  9.32e-02  6.02e-02  4.62e-02  2.57e-02  3.31e+04  7.52e+02 -1.00e+05
2015 08 12  0025   57246   1500   1.92e+00  1.64e-01  9.12e-02  4.93e-02  3.98e-02  2.06e-02  3.39e+04  7.81e+02 -1.00e+05
2015 08 12  0030   57246   1800   2.05e+00  2.10e-01  1.07e-01  7.20e-02  6.25e-02  2.80e-02  3.20e+04  6.99e+02 -1.00e+05
2015 08 12  0035   57246   2100   1.58e+00  2.00e-01  1.75e-01  4.93e-02  3.98e-02  2.06e-02  3.38e+04  7.77e+02 -1.00e+05
2015 08 12  0040   57246   2400   2.54e+00  1.97e-01  8.47e-02  5.00e-02  3.99e-02  2.06e-02  3.28e+04  7.36e+02 -1.00e+05
2015 08 12  0045   57246   2700   2.33e+00  2.24e-01  1.12e-01  7.62e-02  4.59e-02  2.06e-02  3.12e+04  6.78e+02 -1.00e+05
2015 08 12  0050   57246   3000   2.58e+00  1.97e-01  8.47e-02  5.00e-02  3.99e-02  2.06e-02  3.03e+04  6.37e+02 -1.00e+05
2015 08 12  0055   57246   3300   1.69e+00  1.65e-01  1.05e-01  6.57e-02  5.62e-02  2.58e-02  2.94e+04  6.04e+02 -1.00e+05
2015 08 12  0100   57246   3600   1.25e+00  1.97e-01  1.75e-01  4.93e-02  3.98e-02  2.06e-02  2.84e+04  5.57e+02 -1.00e+05
2015 08 12  0105   57246   3900   1.28e+00  1.07e-01  8.25e-02  4.93e-02  3.98e-02  2.06e-02  2.72e+04  5.44e+02 -1.00e+05
2015 08 12  0110   57246   4200   1.32e+00  1.12e-01  8.96e-02  5.65e-02  4.14e-02  2.06e-02  2.45e+04  4.50e+02 -1.00e+05
2015 08 12  0115   57246   4500   1.73e+00  2.10e-01  1.37e-01  4.93e-02  3.98e-02  2.06e-02  2.21e+04  3.64e+02 -1.00e+05
2015 08 12  0120   57246   4800   1.38e+00  1.57e-01  1.35e-01  1.01e-01  7.62e-02  2.17e-02  1.98e+04  3.28e+02 -1.00e+05
2015 08 12  0125   57246   5100   2.58e+00  2.42e-01  8.40e-02  4.95e-02  4.00e-02  2.07e-02  1.83e+04  2.96e+02 -1.00e+05
2015 08 12  0130   57246   5400   1.26e+00  1.05e-01  8.21e-02  4.93e-02  3.98e-02  2.06e-02  1.96e+04  3.28e+02 -1.00e+05
2015 08 12  0135   57246   5700   1.39e+00  1.07e-01  8.25e-02  4.93e-02  3.98e-02  2.06e-02  1.95e+04  3.22e+02 -1.00e+05
2015 08 12  0140   57246   6000   1.30e+00  1.96e-01  1.74e-01  5.00e-02  3.99e-02  2.06e-02  1.84e+04  2.88e+02 -1.00e+05
2015 08 12  0145   57246   6300   1.73e+00  1.64e-01  9.12e-02  4.93e-02  3.98e-02  2.06e-02  1.74e+04  2.70e+02 -1.00e+05
2015 08 12  0150   57246   6600   1.50e+00  2.24e-01  1.25e-01  7.83e-02  6.87e-02  3.00e-02  1.49e+04  2.05e+02 -1.00e+05
2015 08 12  0155   57246   6900   1.07e+00  1.58e-01  1.36e-01  5.94e-02  4.99e-02  2.38e-02  1.42e+04  1.90e+02 -1.00e+05
2015 08 12  0200   57246   7200   1.25e+00  1.65e-01  9.19e-02  5.00e-02  3.99e-02  2.06e-02  1.19e+04  1.63e+02 -1.00e+05
2015 08 12  0205   57246   7500   1.04e+00  1.39e-01  1.17e-01  4.93e-02  3.98e-02  2.06e-02  1.32e+04  1.61e+02 -1.00e+05
2015 08 12  0210   57246   7800   1.69e+00  2.01e-01  1.28e-01  7.16e-02  4.68e-02  2.32e-02  1.43e+04  1.92e+02 -1.00e+05
2015 08 12  0215   57246   8100   1.29e+00  2.29e-01  2.06e-01  8.91e-02  7.96e-02  6.04e-02  1.54e+04  2.02e+02 -1.00e+05
2015 08 12  0220   57246   8400   1.09e+00  2.28e-01  1.56e-01  6.93e-02  5.98e-02  4.05e-02  1.42e+04  1.67e+02 -1.00e+05
2015 08 12  0225   57246   8700   7.60e-01  1.40e-01  1.18e-01  6.97e-02  4.44e-02  2.06e-02  1.21e+04  1.23e+02 -1.00e+05
2015 08 12  0230   57246   9000   6.86e-01  1.05e-01  8.21e-02  4.93e-02  3.98e-02  2.06e-02  1.39e+04  1.41e+02 -1.00e+05
2015 08 12  0235   57246   9300   8.95e-01  1.89e-01  1.66e-01  7.97e-02  7.02e-02  3.55e-02  1.37e+04  1.18e+02 -1.00e+05
2015 08 12  0240   57246   9600   1.40e+00  2.20e-01  8.39e-02  4.93e-02  3.98e-02  2.06e-02  1.44e+04  1.25e+02 -1.00e+05
2015 08 12  0245   57246   9900   9.15e-01  1.20e-01  9.71e-02  6.43e-02  5.48e-02  3.56e-02  1.62e+04  1.65e+02 -1.00e+05
2015 08 12  0250   57246  10200   1.18e+00  2.29e-01  1.55e-01  4.93e-02  3.98e-02  2.06e-02  1.66e+04  1.68e+02 -1.00e+05
2015 08 12  0255   57246  10500   1.30e+00  1.93e-01  1.24e-01  7.70e-02  6.72e-02  4.63e-02  1.48e+04  1.39e+02 -1.00e+05
2015 08 12  0300   57246  10800   9.05e-01  1.07e-01  8.25e-02  4.93e-02  3.98e-02  2.06e-02  1.35e+04  9.18e+01 -1.00e+05
2015 08 12  0305   57246  11100   1.61e+00  1.84e-01  9.67e-02  6.18e-02  5.23e-02  3.31e-02  1.15e+04  6.13e+01 -1.00e+05
2015 08 12  0310   57246  11400   9.50e-01  1.19e-01  9.68e-02  4.95e-02  4.00e-02  2.07e-02  1.05e+04  5.57e+01 -1.00e+05
2015 08 12  0315   57246  11700   6.72e-01  1.19e-01  9.63e-02  6.31e-02  4.29e-02  2.06e-02  1.10e+04  6.11e+01 -1.00e+05
2015 08 12  0320   57246  12000   1.03e+00  1.74e-01  1.52e-01  9.31e-02  8.36e-02  4.32e-02  1.01e+04  5.28e+01 -1.00e+05
2015 08 12  0325   57246  12300   8.80e-01  1.42e-01  1.20e-01  5.32e-02  4.37e-02  2.19e-02  1.15e+04  9.63e+01 -1.00e+05
2015 08 12  0330   57246  12600   8.83e-01  1.12e-01  8.96e-02  5.65e-02  4.14e-02  2.06e-02  1.07e+04  8.64e+01 -1.00e+05
2015 08 12  0335   57246  12900   1.67e+00  4.46e-01  1.54e-01  4.93e-02  3.98e-02  2.06e-02  9.91e+03  7.98e+01 -1.00e+05
2015 08 12  0340   57246  13200   9.80e-01  2.22e-01  1.66e-01  7.20e-02  6.24e-02  2.79e-02  9.19e+03  8.46e+01 -1.00e+05
2015 08 12  0345   57246  13500   8.75e-01  1.66e-01  1.42e-01  6.43e-02  5.48e-02  3.56e-02  9.53e+03  8.90e+01 -1.00e+05
2015 08 12  0350   57246  13800   8.73e-01  1.07e-01  8.25e-02  4.93e-02  3.98e-02  2.06e-02  9.81e+03  9.61e+01 -1.00e+05
2015 08 12  0355   57246  14100   8.14e-01  1.08e-01  8.32e-02  5.00e-02  3.99e-02  2.06e-02  9.82e+03  9.19e+01 -1.00e+05
2015 08 12  0400   57246  14400   7.02e-01  1.86e-01  1.63e-01  1.30e-01  1.05e-01  3.99e-02  5.98e+03  2.84e+01 -1.00e+05
2015 08 12  0405   57246  14700   7.90e-01  1.07e-01  8.25e-02  4.93e-02  3.98e-02  2.06e-02  5.53e+03  2.33e+01 -1.00e+05
2015 08 12  0410   57246  15000   9.69e-01  1.79e-01  1.05e-01  6.31e-02  4.29e-02  2.06e-02  5.73e+03  2.18e+01 -1.00e+05
2015 08 12  0415   57246  15300   7.21e-01  2.00e-01  1.75e-01  4.93e-02  3.98e-02  2.06e-02  4.94e+03  1.65e+01 -1.00e+05
2015 08 12  0420   57246  15600   6.68e-01  2.21e-01  1.98e-01  7.92e-02  6.97e-02  5.05e-02  1.86e+03  2.36e+00 -1.00e+05
2015 08 12  0425   57246  15900   5.16e-01  1.05e-01  8.21e-02  4.93e-02  3.98e-02  2.06e-02  4.15e+02  1.29e+00 -1.00e+05
2015 08 12  0430   57246  16200   1.07e+00  1.65e-01  9.99e-02  5.94e-02  4.99e-02  2.38e-02  1.86e+02  4.61e-01 -1.00e+05
2015 08 12  0435   57246  16500   5.73e-01  2.32e-01  2.10e-01  9.40e-02  8.45e-02  6.53e-02  4.82e+01  1.33e-01 -1.00e+05
2015 08 12  0440   57246  16800   6.88e-01  1.72e-01  8.41e-02  4.93e-02  3.98e-02  2.06e-02  6.63e+00  1.23e+00 -1.00e+05
2015 08 12  0445   57246  17100   6.06e-01  1.42e-01  1.17e-01  8.26e-02  4.55e-02  2.06e-02  2.36e+01  1.33e-01 -1.00e+05
2015 08 12  0450   57246  17400   6.19e-01  1.05e-01  8.21e-02  4.93e-02  3.98e-02  2.06e-02  1.20e+02  1.33e-01 -1.00e+05
2015 08 12  0455   57246  17700   5.70e-01  1.64e-01  9.12e-02  4.93e-02  3.98e-02  2.06e-02  1.37e+02  2.10e+00 -1.00e+05
2015 08 12  0500   57246  18000   6.29e-01  1.49e-01  1.26e-01  8.66e-02  7.71e-02  5.79e-02  1.62e+02  8.93e-01 -1.00e+05
2015 08 12  0505   57246  18300   6.18e-01  2.06e-01  1.32e-01  8.93e-02  4.88e-02  2.06e-02  1.39e+01  1.53e+00 -1.00e+05
2015 08 12  0510   57246  18600   9.06e-01  1.72e-01  8.41e-02  4.93e-02  3.98e-02  2.06e-02  1.66e+02  4.53e-01 -1.00e+05
2015 08 12  0515   57246  18900   8.35e-01  1.19e-01  9.67e-02  4.93e-02  3.98e-02  2.06e-02  3.24e+03  3.93e+01 -1.00e+05
2015 08 12  0520   57246  19200   9.12e-01  1.26e-01  1.03e-01  6.97e-02  4.44e-02  2.06e-02  5.16e+03  5.09e+01 -1.00e+05
2015 08 12  0525   57246  19500   7.88e-01  1.34e-01  1.11e-01  7.82e-02  6.87e-02  2.99e-02  1.05e+04  1.45e+02 -1.00e+05
2015 08 12  0530   57246  19800   9.46e-01  1.42e-01  1.19e-01  5.00e-02  3.99e-02  2.06e-02  1.21e+04  1.77e+02 -1.00e+05
2015 08 12  0535   57246  20100   1.07e+00  1.72e-01  1.13e-01  7.34e-02  6.39e-02  3.35e-02  1.07e+04  1.32e+02 -1.00e+05
2015 08 12  0540   57246  20400   1.03e+00  2.59e-01  2.28e-01  1.87e-01  1.16e-01  3.79e-02  8.20e+03  7.92e+01 -1.00e+05
2015 08 12  0545   57246  20700   7.32e-01  1.46e-01  1.23e-01  8.93e-02  4.88e-02  2.06e-02  3.11e+03  1.70e+01 -1.00e+05
2015 08 12  0550   57246  21000   5.43e-01  1.22e-01  9.71e-02  4.93e-02  3.98e-02  2.06e-02  3.07e+01  1.22e+00 -1.00e+05
2015 08 12  0555   57246  21300   6.07e-01  1.28e-01  1.06e-01  6.65e-02  5.70e-02  3.77e-02  5.23e+00  1.33e-01 -1.00e+05
2015 08 12  0600   57246  21600   9.35e-01  1.64e-01  9.12e-02  4.93e-02  3.98e-02  2.06e-02  2.91e+01  8.07e-01 -1.00e+05
2015 08 12  0605   57246  21900   7.22e-01  1.66e-01  1.44e-01  1.10e-01  7.29e-02  4.80e-02  6.70e+02  3.36e+00 -1.00e+05
2015 08 12  0610   57246  22200   7.76e-01  1.39e-01  1.17e-01  4.93e-02  3.98e-02  2.06e-02  1.57e+03  1.39e+01 -1.00e+05
2015 08 12  0615   57246  22500   1.30e+00  1.59e-01  1.36e-01  1.03e-01  9.38e-02  3.79e-02  5.15e+03  6.24e+01 -1.00e+05
2015 08 12  0620   57246  22800   1.39e+00  1.71e-01  9.87e-02  5.69e-02  4.74e-02  2.82e-02  6.84e+03  1.15e+02 -1.00e+05
2015 08 12  0625   57246  23100   8.92e-01  1.28e-01  1.05e-01  7.18e-02  6.22e-02  4.30e-02  9.32e+03  1.70e+02 -1.00e+05
2015 08 12  0630   57246  23400   8.17e-01  1.05e-01  8.21e-02  4.93e-02  3.98e-02  2.06e-02  1.16e+04  2.24e+02 -1.00e+05
2015 08 12  0635   57246  23700   1.03e+00  1.42e-01  1.19e-01  8.66e-02  7.71e-02  5.79e-02  1.19e+04  2.31e+02 -1.00e+05
2015 08 12  0640   57246  24000   8.36e-01  2.21e-01  1.98e-01  7.92e-02  6.97e-02  5.05e-02  1.23e+04  2.11e+02 -1.00e+05
2015 08 12  0645   57246  24300   1.22e+00  1.21e-01  9.88e-02  5.19e-02  4.24e-02  2.32e-02  1.12e+04  1.86e+02 -1.00e+05
2015 08 12  0650   57246  24600   1.69e+00  2.83e-01  1.25e-01  8.93e-02  4.88e-02  2.06e-02  7.31e+03  8.27e+01 -1.00e+05
2015 08 12  0655   57246  24900   1.44e+00  2.50e-01  1.32e-01  9.70e-02  8.75e-02  3.59e-02  5.98e+03  6.54e+01 -1.00e+05
2015 08 12  0700   57246  25200   6.48e-01  1.19e-01  9.63e-02  6.31e-02  4.29e-02  2.06e-02  5.46e+03  6.60e+01 -1.00e+05
2015 08 12  0705   57246  25500   1.37e+00  2.80e-01  1.24e-01  8.91e-02  7.96e-02  6.04e-02  3.56e+03  4.43e+01 -1.00e+05
2015 08 12  0710   57246  25800   6.71e-01  1.49e-01  1.26e-01  9.30e-02  7.47e-02  5.29e-02  2.64e+03  2.54e+01 -1.00e+05
2015 08 12  0715   57246  26100   4.48e-01  1.22e-01  9.96e-02  6.68e-02  5.73e-02  3.81e-02  1.70e+03  1.67e+01 -1.00e+05
2015 08 12  0720   57246  26400   1.03e+00  1.97e-01  8.40e-02  4.93e-02  3.98e-02  2.06e-02  2.14e+03  2.82e+01 -1.00e+05
2015 08 12  0725   57246  26700   7.40e-01  1.84e-01  1.61e-01  1.28e-01  1.19e-01  4.61e-02  2.97e+03  3.59e+01 -1.00e+05
2015 08 12  0730   57246  27000   1.37e+00  2.59e-01  1.36e-01  8.70e-02  5.99e-02  3.56e-02  2.81e+03  2.84e+01 -1.00e+05
2015 08 12  0735   57246  27300   7.62e-01  1.60e-01  1.37e-01  4.93e-02  3.98e-02  2.06e-02  2.65e+03  1.68e+01 -1.00e+05
2015 08 12  0740   57246  27600   7.73e-01  1.32e-01  1.10e-01  7.62e-02  4.59e-02  2.06e-02  3.66e+03  3.03e+01 -1.00e+05
2015 08 12  0745   57246  27900   9.70e-01  1.99e-01  1.26e-01  4.93e-02  3.98e-02  2.06e-02  5.92e+03  6.68e+01 -1.00e+05
2015 08 12  0750   57246  28200   1.24e+00  2.20e-01  1.32e-01  9.59e-02  5.03e-02  2.06e-02  5.77e+03  5.57e+01 -1.00e+05
2015 08 12  0755   57246  28500   8.12e-01  1.66e-01  1.44e-01  1.10e-01  7.43e-02  4.45e-02  4.77e+03  4.44e+01 -1.00e+05
2015 08 12  0800   57246  28800   8.15e-01  1.97e-01  1.75e-01  4.93e-02  3.98e-02  2.06e-02  3.88e+03  2.97e+01 -1.00e+05
2015 08 12  0805   57246  29100   6.20e-01  1.10e-01  8.72e-02  5.44e-02  4.49e-02  2.57e-02  4.24e+03  3.60e+01 -1.00e+05
2015 08 12  0810   57246  29400   7.87e-01  1.67e-01  1.45e-01  1.11e-01  8.46e-02  6.04e-02  4.90e+03  4.00e+01 -1.00e+05
2015 08 12  0815   57246  29700   1.23e+00  3.46e-01  2.22e-01  7.87e-02  5.61e-02  3.31e-02  5.43e+03  5.03e+01 -1.00e+05
2015 08 12  0820   57246  30000   8.27e-01  2.07e-01  1.85e-01  6.18e-02  5.23e-02  3.31e-02  6.83e+03  6.50e+01 -1.00e+05
2015 08 12  0825   57246  30300   1.41e+00  2.30e-01  1.39e-01  1.04e-01  9.39e-02  3.79e-02  8.05e+03  9.51e+01 -1.00e+05
2015 08 12  0830   57246  30600   1.14e+00  1.72e-01  8.41e-02  4.93e-02  3.98e-02  2.06e-02  8.62e+03  1.14e+02 -1.00e+05
2015 08 12  0835   57246  30900   2.06e+00  3.05e-01  1.29e-01  7.62e-02  4.59e-02  2.06e-02  8.66e+03  1.19e+02 -1.00e+05
2015 08 12  0840   57246  31200   1.65e+00  1.69e-01  9.63e-02  5.44e-02  4.49e-02  2.57e-02  9.19e+03  1.34e+02 -1.00e+05
2015 08 12  0845   57246  31500   1.50e+00  2.30e-01  1.06e-01  5.44e-02  4.49e-02  2.57e-02  1.05e+04  1.67e+02 -1.00e+05
2015 08 12  0850   57246  31800   1.15e+00  1.21e-01  9.85e-02  6.56e-02  5.32e-02  3.31e-02  9.60e+03  1.57e+02 -1.00e+05
2015 08 12  0855   57246  32100   1.01e+00  1.07e-01  8.25e-02  4.93e-02  3.98e-02  2.06e-02  1.12e+04  1.83e+02 -1.00e+05
2015 08 12  0900   57246  32400   8.19e-01  1.23e-01  1.01e-01  5.44e-02  4.49e-02  2.57e-02  1.07e+04  1.82e+02 -1.00e+05
2015 08 12  0905   57246  32700   1.16e+00  1.72e-01  9.87e-02  5.65e-02  4.14e-02  2.06e-02  1.06e+04  1.91e+02 -1.00e+05
2015 08 12  0910   57246  33000   1.55e+00  2.98e-01  2.09e-01  1.62e-01  9.99e-02  3.39e-02  1.14e+04  2.06e+02 -1.00e+05
2015 08 12  0915   57246  33300   1.24e+00  1.27e-01  1.05e-01  7.20e-02  6.24e-02  2.79e-02  1.22e+04  2.31e+02 -1.00e+05
2015 08 12  0920   57246  33600   2.03e+00  4.54e-01  2.01e-01  4.93e-02  3.98e-02  2.06e-02  1.20e+04  2.28e+02 -1.00e+05
2015 08 12  0925   57246  33900   1.49e+00  1.67e-01  1.27e-01  9.08e-02  8.13e-02  3.39e-02  1.25e+04  2.52e+02 -1.00e+05
2015 08 12  0930   57246  34200   9.26e-01  1.39e-01  1.17e-01  8.41e-02  7.46e-02  5.54e-02  1.30e+04  2.64e+02 -1.00e+05
2015 08 12  0935   57246  34500   1.19e+00  1.07e-01  8.25e-02  4.93e-02  3.98e-02  2.06e-02  1.32e+04  2.86e+02 -1.00e+05
2015 08 12  0940   57246  34800   9.69e-01  1.50e-01  1.28e-01  4.93e-02  3.98e-02  2.06e-02  1.36e+04  2.93e+02 -1.00e+05
2015 08 12  0945   57246  35100   1.15e+00  1.05e-01  8.21e-02  4.93e-02  3.98e-02  2.06e-02  1.37e+04  3.03e+02 -1.00e+05
2015 08 12  0950   57246  35400   1.23e+00  2.15e-01  1.93e-01  1.59e-01  1.22e-01  7.32e-02  1.41e+04  3.14e+02 -1.00e+05
2015 08 12  0955   57246  35700   9.50e-01  1.41e-01  1.17e-01  4.93e-02  3.98e-02  2.06e-02  1.43e+04  3.32e+02 -1.00e+05
2015 08 12  1000   57246  36000   9.20e-01  1.05e-01  8.21e-02  4.93e-02  3.98e-02  2.06e-02  1.50e+04  3.51e+02 -1.00e+05
2015 08 12  1005   57246  36300   1.06e+00  1.39e-01  1.17e-01  8.28e-02  4.73e-02  2.06e-02  1.59e+04  3.79e+02 -1.00e+05
2015 08 12  1010   57246  36600   2.28e+00  2.82e-01  8.37e-02  4.93e-02  3.98e-02  2.06e-02  1.69e+04  4.00e+02 -1.00e+05
2015 08 12  1015   57246  36900   1.15e+00  2.52e-01  2.30e-01  1.23e-01  1.00e-01  4.72e-02  1.70e+04  4.10e+02 -1.00e+05
2015 08 12  1020   57246  37200   1.25e+00  1.20e-01  9.71e-02  6.43e-02  5.48e-02  3.56e-02  1.70e+04  4.15e+02 -1.00e+05
2015 08 12  1025   57246  37500   1.16e+00  1.33e-01  1.11e-01  7.79e-02  6.84e-02  4.92e-02  1.75e+04  4.20e+02 -1.00e+05
2015 08 12  1030   57246  37800   1.75e+00  2.04e-01  9.16e-02  5.69e-02  4.74e-02  2.82e-02  1.74e+04  4.31e+02 -1.00e+05
2015 08 12  1035   57246  38100   1.04e+00  1.96e-01  1.74e-01  1.41e-01  1.31e-01  5.00e-02  1.78e+04  4.51e+02 -1.00e+05
2015 08 12  1040   57246  38400   1.20e+00  1.05e-01  8.21e-02  4.93e-02  3.98e-02  2.06e-02  1.81e+04  4.69e+02 -1.00e+05
2015 08 12  1045   57246  38700   1.83e+00  1.64e-01  9.12e-02  4.93e-02  3.98e-02  2.06e-02  1.93e+04  5.05e+02 -1.00e+05
2015 08 12  1050   57246  39000   1.40e+00  1.14e-01  8.99e-02  5.65e-02  4.14e-02  2.06e-02  1.98e+04  5.33e+02 -1.00e+05
2015 08 12  1055   57246  39300   1.41e+00  1.08e-01  8.32e-02  5.00e-02  3.99e-02  2.06e-02  2.02e+04  5.44e+02 -1.00e+05
2015 08 12  1100   57246  39600   1.22e+00  1.05e-01  8.21e-02  4.93e-02  3.98e-02  2.06e-02  2.03e+04  5.40e+02 -1.00e+05
2015 08 12  1105   57246  39900   2.38e+00  2.20e-01  8.39e-02  4.93e-02  3.98e-02  2.06e-02  1.99e+04  5.30e+02 -1.00e+05
2015 08 12  1110   57246  40200   1.41e+00  2.92e-01  2.70e-01  8.42e-02  4.55e-02  2.06e-02  2.08e+04  5.57e+02 -1.00e+05
2015 08 12  1115   57246  40500   1.98e+00  2.61e-01  1.25e-01  8.93e-02  4.88e-02  2.06e-02  2.09e+04  5.66e+02 -1.00e+05
2015 08 12  1120   57246  40800   9.80e-01  1.49e-01  1.27e-01  6.09e-02  5.13e-02  2.94e-02  2.08e+04  5.49e+02 -1.00e+05
2015 08 12  1125   57246  41100   2.26e+00  2.07e-01  1.00e-01  6.57e-02  5.62e-02  2.58e-02  2.08e+04  5.59e+02 -1.00e+05
2015 08 12  1130   57246  41400   1.40e+00  1.46e-01  1.23e-01  8.93e-02  4.88e-02  2.06e-02  2.25e+04  6.12e+02 -1.00e+05
2015 08 12  1135   57246  41700   1.53e+00  1.77e-01  8.92e-02  5.44e-02  4.49e-02  2.57e-02  2.21e+04  5.96e+02 -1.00e+05
2015 08 12  1140   57246  42000   1.84e+00  3.37e-01  1.86e-01  5.94e-02  4.99e-02  2.38e-02  2.33e+04  6.09e+02 -1.00e+05
2015 08 12  1145   57246  42300   2.20e+00  2.20e-01  8.39e-02  4.93e-02  3.98e-02  2.06e-02  2.25e+04  6.30e+02 -1.00e+05
2015 08 12  1150   57246  42600   2.11e+00  1.72e-01  8.41e-02  4.93e-02  3.98e-02  2.06e-02  2.25e+04  6.41e+02 -1.00e+05
2015 08 12  1155   57246  42900   1.33e+00  1.27e-01  1.04e-01  5.65e-02  4.14e-02  2.06e-02  2.45e+04  7.22e+02 -1.00e+05
2015 08 12  1200   57246  43200   1.38e+00  2.13e-01  1.40e-01  8.28e-02  4.73e-02  2.06e-02  2.60e+04  7.62e+02 -1.00e+05
2015 08 12  1205   57246  43500   1.22e+00  1.05e-01  8.21e-02  4.93e-02  3.98e-02  2.06e-02  2.51e+04  6.87e+02 -1.00e+05
2015 08 12  1210   57246  43800   1.38e+00  1.19e-01  9.67e-02  4.93e-02  3.98e-02  2.06e-02  2.40e+04  7.18e+02 -1.00e+05
2015 08 12  1215   57246  44100   1.15e+00  1.27e-01  1.05e-01  7.18e-02  6.22e-02  4.30e-02  2.56e+04  7.48e+02 -1.00e+05
2015 08 12  1220   57246  44400   2.66e+00  2.53e-01  1.02e-01  4.93e-02  3.98e-02  2.06e-02  2.57e+04  7.81e+02 -1.00e+05
2015 08 12  1225   57246  44700   2.50e+00  2.76e-01  1.37e-01  9.65e-02  8.70e-02  6.78e-02  2.64e+04  8.12e+02 -1.00e+05
2015 08 12  1230   57246  45000   1.31e+00  1.52e-01  1.30e-01  9.71e-02  8.76e-02  3.60e-02  2.65e+04  8.51e+02 -1.00e+05
2015 08 12  1235   57246  45300   1.39e+00  1.39e-01  1.17e-01  4.93e-02  3.98e-02  2.06e-02  2.67e+04  8.47e+02 -1.00e+05
2015 08 12  1240   57246  45600   1.42e+00  1.92e-01  1.19e-01  7.62e-02  4.59e-02  2.06e-02  2.65e+04  8.15e+02 -1.00e+05
2015 08 12  1245   57246  45900   1.29e+00  1.77e-01  1.55e-01  1.22e-01  1.13e-01  4.40e-02  2.60e+04  8.12e+02 -1.00e+05
2015 08 12  1250   57246  46200   1.21e+00  1.59e-01  1.36e-01  1.03e-01  9.38e-02  3.79e-02  2.67e+04  8.24e+02 -1.00e+05
2015 08 12  1255   57246  46500   1.29e+00  1.07e-01  8.25e-02  4.93e-02  3.98e-02  2.06e-02  2.76e+04  9.10e+02 -1.00e+05
2015 08 12  1300   57246  46800   1.94e+00  1.92e-01  1.19e-01  7.62e-02  4.59e-02  2.06e-02  2.86e+04  9.89e+02 -1.00e+05
2015 08 12  1305   57246  47100   2.11e+00  2.48e-01  1.38e-01  8.97e-02  8.02e-02  5.22e-02  2.87e+04  9.86e+02 -1.00e+05
2015 08 12  1310   57246  47400   1.26e+00  1.64e-01  1.42e-01  5.65e-02  4.14e-02  2.06e-02  2.88e+04  9.54e+02 -1.00e+05
2015 08 12  1315   57246  47700   1.35e+00  1.21e-01  9.68e-02  6.32e-02  4.30e-02  2.07e-02  2.94e+04  9.93e+02 -1.00e+05
2015 08 12  1320   57246  48000   2.57e+00  2.20e-01  8.39e-02  4.93e-02  3.98e-02  2.06e-02  3.13e+04  1.07e+03 -1.00e+05
2015 08 12  1325   57246  48300   2.34e+00  2.01e-01  1.14e-01  7.92e-02  6.97e-02  5.05e-02  3.15e+04  1.12e+03 -1.00e+05
2015 08 12  1330   57246  48600   1.30e+00  1.15e-01  9.22e-02  5.94e-02  4.99e-02  2.38e-02  3.05e+04  1.04e+03 -1.00e+05
2015 08 12  1335   57246  48900   1.32e+00  1.69e-01  1.46e-01  4.93e-02  3.98e-02  2.06e-02  3.18e+04  1.08e+03 -1.00e+05
2015 08 12  1340   57246  49200   1.32e+00  1.05e-01  8.21e-02  4.93e-02  3.98e-02  2.06e-02  3.32e+04  1.16e+03 -1.00e+05
2015 08 12  1345   57246  49500   2.12e+00  2.91e-01  2.18e-01  8.28e-02  4.73e-02  2.06e-02  3.38e+04  1.19e+03 -1.00e+05
2015 08 12  1350   57246  49800   1.79e+00  1.72e-01  1.50e-01  5.32e-02  4.36e-02  2.18e-02  3.51e+04  1.35e+03 -1.00e+05
2015 08 12  1355   57246  50100   1.83e+00  1.27e-01  1.05e-01  7.20e-02  6.24e-02  2.79e-02  3.99e+04  1.58e+03 -1.00e+05
2015 08 12  1400   57246  50400   1.65e+00  1.60e-01  1.38e-01  8.93e-02  4.88e-02  2.06e-02  4.23e+04  1.76e+03 -1.00e+05
2015 08 12  1405   57246  50700   3.02e+00  2.10e-01  1.07e-01  7.20e-02  6.25e-02  2.80e-02  4.41e+04  1.89e+03 -1.00e+05
2015 08 12  1410   57246  51000   2.03e+00  1.05e-01  8.21e-02  4.93e-02  3.98e-02  2.06e-02  4.44e+04  1.96e+03 -1.00e+05
2015 08 12  1415   57246  51300   3.91e+00  1.97e-01  8.40e-02  4.93e-02  3.98e-02  2.06e-02  4.82e+04  2.16e+03 -1.00e+05
2015 08 12  1420   57246  51600   2.78e+00  1.97e-01  8.40e-02  4.93e-02  3.98e-02  2.06e-02  4.75e+04  2.08e+03 -1.00e+05
2015 08 12  1425   57246  51900   2.00e+00  4.06e-01  3.83e-01  2.39e-01  1.56e-01  4.80e-02  4.98e+04  2.15e+03 -1.00e+05
2015 08 12  1430   57246  52200   1.98e+00  2.65e-01  2.41e-01  8.47e-02  4.98e-02  2.32e-02  5.05e+04  2.28e+03 -1.00e+05
2015 08 12  1435   57246  52500   2.06e+00  1.32e-01  1.09e-01  7.67e-02  6.72e-02  4.80e-02  5.19e+04  2.41e+03 -1.00e+05
2015 08 12  1440   57246  52800   1.77e+00  2.15e-01  1.92e-01  7.18e-02  6.22e-02  4.30e-02  5.23e+04  2.41e+03 -1.00e+05
2015 08 12  1445   57246  53100   1.68e+00  1.17e-01  9.46e-02  6.18e-02  5.23e-02  3.31e-02  5.47e+04  2.58e+03 -1.00e+05
2015 08 12  1450   57246  53400   1.87e+00  1.72e-01  1.50e-01  1.17e-01  1.02e-01  3.99e-02  5.73e+04  2.83e+03 -1.00e+05
2015 08 12  1455   57246  53700   2.96e+00  1.72e-01  8.41e-02  4.93e-02  3.98e-02  2.06e-02  5.46e+04  2.65e+03 -1.00e+05
2015 08 12  1500   57246  54000   2.75e+00  1.91e-01  1.04e-01  6.93e-02  5.98e-02  4.05e-02  5.55e+04  2.60e+03 -1.00e+05
2015 08 12  1505   57246  54300   1.83e+00  1.17e-01  9.43e-02  5.32e-02  4.36e-02  2.18e-02  5.16e+04  2.45e+03 -1.00e+05
2015 08 12  1510   57246  54600   1.71e+00  1.37e-01  1.14e-01  8.17e-02  7.22e-02  5.29e-02  5.19e+04  2.38e+03 -1.00e+05
2015 08 12  1515   57246  54900   1.98e+00  1.05e-01  8.21e-02  4.93e-02  3.98e-02  2.06e-02  4.98e+04  2.36e+03 -1.00e+05
2015 08 12  1520   57246  55200   2.05e+00  1.05e-01  8.21e-02  4.93e-02  3.98e-02  2.06e-02  4.93e+04  2.23e+03 -1.00e+05
2015 08 12  1525   57246  55500   2.71e+00  1.25e-01  1.02e-01  6.93e-02  5.98e-02  4.05e-02  4.91e+04  2.24e+03 -1.00e+05
2015 08 12  1530   57246  55800   3.60e+00  1.45e-01  8.61e-02  4.80e-02  3.90e-02  2.03e-02  4.90e+04  2.23e+03 -1.00e+05
2015 08 12  1535   57246  56100   3.22e+00  1.04e-01  7.98e-02  4.80e-02  3.90e-02  2.03e-02  4.67e+04  2.20e+03 -1.00e+05
2015 08 12  1540   57246  56400   3.91e+00  1.26e-01  1.02e-01  7.05e-02  6.15e-02  4.28e-02  4.70e+04  2.17e+03 -1.00e+05
2015 08 12  1545   57246  56700   4.01e+00  1.42e-01  1.18e-01  8.62e-02  7.71e-02  3.25e-02  4.67e+04  2.24e+03 -1.00e+05
2015 08 12  1550   57246  57000   4.06e+00  1.43e-01  1.19e-01  8.59e-02  4.47e-02  2.03e-02  4.78e+04  2.27e+03 -1.00e+05
2015 08 12  1555   57246  57300   4.34e+00  1.39e-01  1.16e-01  4.80e-02  3.90e-02  2.03e-02  4.65e+04  2.19e+03 -1.00e+05
2015 08 12  1600   57246  57600   4.36e+00  1.06e-01  8.21e-02  5.03e-02  3.95e-02  2.03e-02  4.48e+04  2.14e+03 -1.00e+05
2015 08 12  1605   57246  57900   1.03e+01  2.86e-01  1.16e-01  8.16e-02  4.47e-02  2.03e-02  4.43e+04  2.14e+03 -1.00e+05
2015 08 12  1610   57246  58200   1.01e+01  2.31e-01  8.15e-02  4.85e-02  3.95e-02  2.05e-02  4.40e+04  2.09e+03 -1.00e+05
2015 08 12  1615   57246  58500   6.76e+00  1.45e-01  8.61e-02  4.80e-02  3.90e-02  2.03e-02  4.37e+04  2.04e+03 -1.00e+05
2015 08 12  1620   57246  58800   5.35e+00  1.78e-01  1.54e-01  7.24e-02  6.34e-02  4.47e-02  4.35e+04  2.03e+03 -1.00e+05
2015 08 12  1625   57246  59100  -1.00e+05 -1.00e+05 -1.00e+05 -1.00e+05 -1.00e+05 -1.00e+05 -1.00e+05 -1.00e+05 -1.00e+05
2015 08 12  1630   57246  59400  -1.00e+05 -1.00e+05 -1.00e+05 -1.00e+05 -1.00e+05 -1.00e+05 -1.00e+05 -1.00e+05 -1.00e+05
2015 08 12  1635   57246  59700   4.86e+00  1.63e-01  1.39e-01  9.45e-02  6.67e-02  3.76e-02  4.31e+04  2.09e+03 -1.00e+05
2015 08 12  1640   57246  60000   5.07e+00  1.91e-01  1.67e-01  1.35e-01  1.26e-01  6.69e-02  4.40e+04  2.15e+03 -1.00e+05
2015 08 12  1645   57246  60300   4.73e+00  2.43e-01  2.20e-01  8.16e-02  4.47e-02  2.03e-02  4.40e+04  2.08e+03 -1.00e+05
2015 08 12  1650   57246  60600   9.88e+00  2.85e-01  1.37e-01  1.04e-01  8.04e-02  5.77e-02  4.38e+04  2.10e+03 -1.00e+05
2015 08 12  1655   57246  60900   8.49e+00  3.25e-01  1.52e-01  4.80e-02  3.90e-02  2.03e-02  4.38e+04  2.05e+03 -1.00e+05
2015 08 12  1700   57246  61200   5.04e+00  1.20e-01  9.58e-02  6.36e-02  4.27e-02  2.05e-02  4.10e+04  1.95e+03 -1.00e+05
2015 08 12  1705   57246  61500   5.70e+00  1.91e-01  1.32e-01  4.80e-02  3.90e-02  2.03e-02  3.96e+04  1.81e+03 -1.00e+05
2015 08 12  1710   57246  61800   4.11e+00  1.16e-01  9.26e-02  6.06e-02  4.58e-02  2.55e-02  3.95e+04  1.78e+03 -1.00e+05
2015 08 12  1715   57246  62100   4.27e+00  1.20e-01  9.61e-02  6.42e-02  5.05e-02  3.04e-02  4.06e+04  1.82e+03 -1.00e+05
2015 08 12  1720   57246  62400   3.87e+00  1.80e-01  1.56e-01  1.00e-01  6.47e-02  4.03e-02  3.96e+04  1.75e+03 -1.00e+05
2015 08 12  1725   57246  62700   4.43e+00  2.54e-01  2.30e-01  1.08e-01  8.21e-02  3.25e-02  3.96e+04  1.78e+03 -1.00e+05
2015 08 12  1730   57246  63000   8.54e+00  4.88e-01  1.80e-01  4.80e-02  3.90e-02  2.03e-02  3.96e+04  1.79e+03 -1.00e+05
2015 08 12  1735   57246  63300   5.11e+00  2.39e-01  1.92e-01  7.65e-02  6.74e-02  3.97e-02  4.02e+04  1.82e+03 -1.00e+05
2015 08 12  1740   57246  63600   7.85e+00  4.12e-01  1.64e-01  5.82e-02  4.91e-02  3.04e-02  4.16e+04  1.88e+03 -1.00e+05
2015 08 12  1745   57246  63900   3.96e+00  1.53e-01  1.29e-01  7.01e-02  4.41e-02  2.05e-02  4.17e+04  1.90e+03 -1.00e+05
2015 08 12  1750   57246  64200   3.63e+00  1.53e-01  1.29e-01  7.00e-02  4.40e-02  2.03e-02  4.40e+04  2.09e+03 -1.00e+05
2015 08 12  1755   57246  64500   6.34e+00  2.52e-01  1.41e-01  1.08e-01  8.69e-02  3.46e-02  4.66e+04  2.17e+03 -1.00e+05
2015 08 12  1800   57246  64800   3.66e+00  2.07e-01  1.64e-01  8.18e-02  6.75e-02  3.42e-02  4.56e+04  2.14e+03 -1.00e+05
2015 08 12  1805   57246  65100   2.88e+00  1.35e-01  1.11e-01  7.94e-02  7.04e-02  2.15e-02  4.64e+04  2.23e+03 -1.00e+05
2015 08 12  1810   57246  65400   4.32e+00  2.03e-01  1.06e-01  6.11e-02  5.21e-02  2.45e-02  4.66e+04  2.22e+03 -1.00e+05
2015 08 12  1815   57246  65700   5.47e+00  4.75e-01  1.56e-01  4.82e-02  3.92e-02  2.05e-02  4.66e+04  2.17e+03 -1.00e+05
2015 08 12  1820   57246  66000   3.52e+00  2.48e-01  1.41e-01  4.80e-02  3.90e-02  2.03e-02  4.80e+04  2.29e+03 -1.00e+05
2015 08 12  1825   57246  66300   4.15e+00  2.64e-01  1.60e-01  1.27e-01  1.06e-01  4.06e-02  4.86e+04  2.30e+03 -1.00e+05
2015 08 12  1830   57246  66600   4.58e+00  2.38e-01  1.14e-01  4.80e-02  3.90e-02  2.03e-02  4.95e+04  2.44e+03 -1.00e+05
2015 08 12  1835   57246  66900   2.77e+00  3.87e-01  3.64e-01  8.89e-02  4.47e-02  2.03e-02  5.11e+04  2.46e+03 -1.00e+05
2015 08 12  1840   57246  67200   3.51e+00  2.37e-01  1.30e-01  8.16e-02  4.47e-02  2.03e-02  5.19e+04  2.42e+03 -1.00e+05
2015 08 12  1845   57246  67500   2.25e+00  1.95e-01  1.71e-01  1.38e-01  1.06e-01  5.34e-02  5.19e+04  2.48e+03 -1.00e+05
2015 08 12  1850   57246  67800   2.05e+00  1.71e-01  1.47e-01  8.22e-02  7.14e-02  3.05e-02  5.19e+04  2.39e+03 -1.00e+05
2015 08 12  1855   57246  68100   1.80e+00  1.33e-01  1.09e-01  7.65e-02  5.55e-02  2.45e-02  5.19e+04  2.36e+03 -1.00e+05
2015 08 12  1900   57246  68400   1.73e+00  1.69e-01  1.45e-01  9.58e-02  8.45e-02  6.51e-02  5.30e+04  2.36e+03 -1.00e+05
2015 08 12  1905   57246  68700   1.90e+00  1.53e-01  1.29e-01  5.07e-02  4.17e-02  2.30e-02  5.46e+04  2.43e+03 -1.00e+05
2015 08 12  1910   57246  69000   3.15e+00  2.56e-01  1.30e-01  9.66e-02  7.47e-02  5.22e-02  5.49e+04  2.43e+03 -1.00e+05
2015 08 12  1915   57246  69300   3.12e+00  4.01e-01  2.48e-01  8.80e-02  4.99e-02  2.55e-02  5.46e+04  2.33e+03 -1.00e+05
2015 08 12  1920   57246  69600   1.54e+00  1.04e-01  8.00e-02  4.82e-02  3.92e-02  2.05e-02  5.21e+04  2.14e+03 -1.00e+05
2015 08 12  1925   57246  69900   2.60e+00  2.25e-01  1.22e-01  8.80e-02  6.74e-02  4.53e-02  5.19e+04  2.14e+03 -1.00e+05
2015 08 12  1930   57246  70200   1.37e+00  1.06e-01  8.21e-02  5.03e-02  3.95e-02  2.03e-02  5.19e+04  2.14e+03 -1.00e+05
2015 08 12  1935   57246  70500   3.16e+00  2.59e-01  8.86e-02  5.57e-02  4.66e-02  2.79e-02  5.12e+04  2.10e+03 -1.00e+05
2015 08 12  1940   57246  70800   1.42e+00  1.47e-01  1.13e-01  7.99e-02  7.09e-02  3.05e-02  4.82e+04  1.93e+03 -1.00e+05
2015 08 12  1945   57246  71100   1.88e+00  2.11e-01  1.04e-01  5.69e-02  4.10e-02  2.03e-02  4.68e+04  1.84e+03 -1.00e+05
2015 08 12  1950   57246  71400   2.56e+00  3.12e-01  1.70e-01  1.37e-01  1.28e-01  5.25e-02  4.70e+04  1.88e+03 -1.00e+05
2015 08 12  1955   57246  71700   2.06e+00  2.28e-01  1.24e-01  8.96e-02  4.84e-02  2.03e-02  4.28e+04  1.64e+03 -1.00e+05
2015 08 12  2000   57246  72000   1.35e+00  1.37e-01  1.13e-01  5.57e-02  4.66e-02  2.79e-02  3.95e+04  1.39e+03 -1.00e+05
2015 08 12  2005   57246  72300   2.04e+00  2.92e-01  1.72e-01  1.12e-01  7.22e-02  4.77e-02  3.59e+04  1.28e+03 -1.00e+05
2015 08 12  2010   57246  72600   1.27e+00  1.04e-01  7.98e-02  4.80e-02  3.90e-02  2.03e-02  3.56e+04  1.26e+03 -1.00e+05
2015 08 12  2015   57246  72900   2.60e+00  2.11e-01  8.35e-02  5.03e-02  3.95e-02  2.03e-02  3.39e+04  1.21e+03 -1.00e+05
2015 08 12  2020   57246  73200   2.37e+00  2.31e-01  8.10e-02  4.80e-02  3.90e-02  2.03e-02  3.21e+04  1.14e+03 -1.00e+05
2015 08 12  2025   57246  73500   1.44e+00  2.24e-01  2.00e-01  6.81e-02  5.90e-02  4.03e-02  2.63e+04  8.68e+02 -1.00e+05
2015 08 12  2030   57246  73800   2.13e+00  3.07e-01  2.00e-01  4.80e-02  3.90e-02  2.03e-02  2.62e+04  8.24e+02 -1.00e+05
2015 08 12  2035   57246  74100   2.40e+00  2.10e-01  1.06e-01  7.31e-02  6.21e-02  4.28e-02  2.68e+04  8.64e+02 -1.00e+05
2015 08 12  2040   57246  74400   1.53e+00  1.45e-01  8.61e-02  4.80e-02  3.90e-02  2.03e-02  2.56e+04  8.19e+02 -1.00e+05
2015 08 12  2045   57246  74700   9.59e-01  1.04e-01  7.98e-02  4.80e-02  3.90e-02  2.03e-02  2.37e+04  7.01e+02 -1.00e+05
2015 08 12  2050   57246  75000   1.39e+00  1.82e-01  1.44e-01  1.09e-01  7.25e-02  2.85e-02  2.44e+04  7.35e+02 -1.00e+05
2015 08 12  2055   57246  75300   1.17e+00  1.17e-01  9.28e-02  6.11e-02  5.21e-02  2.45e-02  2.37e+04  6.83e+02 -1.00e+05
2015 08 12  2100   57246  75600   2.66e+00  5.26e-01  1.81e-01  4.80e-02  3.90e-02  2.03e-02  2.47e+04  7.40e+02 -1.00e+05
2015 08 12  2105   57246  75900   9.92e-01  1.39e-01  1.15e-01  8.16e-02  4.47e-02  2.03e-02  2.41e+04  7.49e+02 -1.00e+05
2015 08 12  2110   57246  76200   8.82e-01  1.29e-01  1.05e-01  7.30e-02  6.40e-02  4.53e-02  2.43e+04  7.19e+02 -1.00e+05
2015 08 12  2115   57246  76500   1.80e+00  2.21e-01  1.17e-01  7.04e-02  6.14e-02  4.27e-02  2.35e+04  7.08e+02 -1.00e+05
2015 08 12  2120   57246  76800   1.24e+00  1.82e-01  1.58e-01  1.26e-01  8.97e-02  5.10e-02  2.08e+04  6.12e+02 -1.00e+05
2015 08 12  2125   57246  77100   1.46e+00  2.09e-01  1.85e-01  4.80e-02  3.90e-02  2.03e-02  1.78e+04  5.46e+02 -1.00e+05
2015 08 12  2130   57246  77400   1.31e+00  2.09e-01  1.85e-01  4.80e-02  3.90e-02  2.03e-02  1.44e+04  4.34e+02 -1.00e+05
2015 08 12  2135   57246  77700   1.34e+00  2.11e-01  1.05e-01  5.82e-02  4.91e-02  3.04e-02  1.10e+04  3.06e+02 -1.00e+05
2015 08 12  2140   57246  78000   1.41e+00  2.29e-01  1.13e-01  7.99e-02  7.09e-02  3.05e-02  8.20e+03  1.88e+02 -1.00e+05
2015 08 12  2145   57246  78300   8.76e-01  1.95e-01  1.71e-01  8.78e-02  7.86e-02  3.82e-02  8.05e+03  1.78e+02 -1.00e+05
2015 08 12  2150   57246  78600   1.08e+00  3.19e-01  2.13e-01  6.56e-02  5.66e-02  3.78e-02  8.12e+03  1.76e+02 -1.00e+05
2015 08 12  2155   57246  78900   7.88e-01  1.33e-01  1.09e-01  5.07e-02  4.17e-02  2.30e-02  1.02e+04  1.90e+02 -1.00e+05
2015 08 12  2200   57246  79200   9.01e-01  1.30e-01  1.06e-01  4.85e-02  3.95e-02  2.05e-02  8.92e+03  1.95e+02 -1.00e+05
2015 08 12  2205   57246  79500   2.03e+00  2.54e-01  8.38e-02  5.08e-02  4.00e-02  2.05e-02  8.82e+03  1.43e+02 -1.00e+05
2015 08 12  2210   57246  79800   1.50e+00  2.57e-01  1.38e-01  8.04e-02  7.14e-02  5.27e-02  7.60e+03  1.26e+02 -1.00e+05
2015 08 12  2215   57246  80100   1.83e+00  4.60e-01  2.44e-01  9.53e-02  8.63e-02  6.76e-02  8.39e+03  1.50e+02 -1.00e+05
2015 08 12  2220   57246  80400   1.95e+00  2.68e-01  1.23e-01  8.96e-02  5.85e-02  2.45e-02  9.87e+03  1.61e+02 -1.00e+05
2015 08 12  2225   57246  80700   1.83e+00  2.46e-01  1.39e-01  9.10e-02  5.48e-02  3.04e-02  9.91e+03  1.63e+02 -1.00e+05
2015 08 12  2230   57246  81000   1.08e+00  2.37e-01  2.13e-01  9.61e-02  5.99e-02  2.45e-02  1.16e+04  1.81e+02 -1.00e+05
2015 08 12  2235   57246  81300   1.28e+00  2.15e-01  1.11e-01  7.65e-02  4.54e-02  2.03e-02  1.05e+04  1.50e+02 -1.00e+05
2015 08 12  2240   57246  81600   1.71e+00  2.93e-01  1.44e-01  1.11e-01  1.02e-01  4.07e-02  1.13e+04  1.60e+02 -1.00e+05
2015 08 12  2245   57246  81900   1.05e+00  2.61e-01  2.37e-01  2.04e-01  1.34e-01  4.26e-02  1.20e+04  1.79e+02 -1.00e+05
2015 08 12  2250   57246  82200   1.80e+00  2.33e-01  1.06e-01  7.30e-02  6.40e-02  4.53e-02  1.19e+04  1.41e+02 -1.00e+05
2015 08 12  2255   57246  82500   1.01e+00  1.33e-01  1.09e-01  7.65e-02  5.55e-02  2.45e-02  1.19e+04  1.25e+02 -1.00e+05
2015 08 12  2300   57246  82800   9.15e-01  1.08e-01  8.40e-02  5.23e-02  4.20e-02  2.30e-02  1.38e+04  1.64e+02 -1.00e+05
2015 08 12  2305   57246  83100   1.81e+00  3.15e-01  1.93e-01  1.59e-01  1.23e-01  4.46e-02  1.14e+04  1.01e+02 -1.00e+05
2015 08 12  2310   57246  83400   9.78e-01  1.45e-01  8.61e-02  4.80e-02  3.90e-02  2.03e-02  8.67e+03  6.79e+01 -1.00e+05
2015 08 12  2315   57246  83700   1.71e+00  4.23e-01  2.29e-01  8.29e-02  7.39e-02  5.52e-02  8.14e+03  6.32e+01 -1.00e+05
2015 08 12  2320   57246  84000   1.68e+00  2.82e-01  1.36e-01  7.80e-02  6.89e-02  5.02e-02  6.22e+03  3.65e+01 -1.00e+05
2015 08 12  2325   57246  84300   1.11e+00  2.65e-01  1.74e-01  1.30e-01  1.21e-01  4.66e-02  4.74e+03  2.79e+01 -1.00e+05
2015 08 12  2330   57246  84600   1.49e+00  2.09e-01  8.11e-02  4.80e-02  3.90e-02  2.03e-02  2.79e+03  1.67e+01 -1.00e+05
2015 08 12  2335   57246  84900   1.35e+00  2.29e-01  1.13e-01  7.99e-02  7.09e-02  3.05e-02  2.36e+03  9.56e+00 -1.00e+05
2015 08 12  2340   57246  85200   1.42e+00  3.62e-01  2.08e-01  4.80e-02  3.90e-02  2.03e-02  4.85e+02  3.13e+00 -1.00e+05
2015 08 12  2345   57246  85500   1.54e+00  4.59e-01  1.91e-01  6.06e-02  5.16e-02  3.29e-02  6.66e+02  4.12e+00 -1.00e+05
2015 08 12  2350   57246  85800   7.37e-01  1.70e-01  1.46e-01  9.10e-02  6.42e-02  4.03e-02  1.66e+02  1.33e-01 -1.00e+05
2015 08 12  2355   57246  86100   1.77e+00  4.40e-01  1.55e-01  4.80e-02  3.90e-02  2.03e-02  1.65e+02  2.11e-01 -1.00e+05
