:Data_list: 20151204_Gs_part_5m.txt
:Created: 2015 Dec 05 0011 UTC
# Prepared by the U.S. Dept. of Commerce, NOAA, Space Weather Prediction Center
# Please send comments and suggestions to SWPC.Webmaster@noaa.gov 
# 
# Label: P > 1 = Particles at >1 Mev
# Label: P > 5 = Particles at >5 Mev
# Label: P >10 = Particles at >10 Mev
# Label: P >30 = Particles at >30 Mev
# Label: P >50 = Particles at >50 Mev
# Label: P>100 = Particles at >100 Mev
# Label: E>0.8 = Electrons at >0.8 Mev
# Label: E>2.0 = Electrons at >2.0 Mev
# Label: E>4.0 = Electrons at >4.0 Mev
# Units: Particles = Protons/cm2-s-sr
# Units: Electrons = Electrons/cm2-s-sr
# Source: GOES-15
# Location: W135
# Missing data: -1.00e+05
#
#                      5-minute  GOES-15 Solar Particle and Electron Flux
#
#                 Modified Seconds
# UTC Date  Time   Julian  of the
# YR MO DA  HHMM    Day     Day     P > 1     P > 5     P >10     P >30     P >50     P>100     E>0.8     E>2.0     E>4.0
#-------------------------------------------------------------------------------------------------------------------------
2015 12 04  0000   57360      0   6.71e+00  1.93e-01  1.01e-01  4.95e-02  3.96e-02  2.05e-02  7.13e+04  2.15e+03 -1.00e+05
2015 12 04  0005   57360    300   7.05e+00  1.93e-01  1.01e-01  4.95e-02  3.96e-02  2.05e-02  6.96e+04  2.08e+03 -1.00e+05
2015 12 04  0010   57360    600   9.75e+00  3.34e-01  1.31e-01  8.99e-02  7.99e-02  3.34e-02  6.84e+04  2.06e+03 -1.00e+05
2015 12 04  0015   57360    900   4.56e+00  1.35e-01  1.10e-01  7.11e-02  6.12e-02  2.76e-02  6.82e+04  2.03e+03 -1.00e+05
2015 12 04  0020   57360   1200   4.37e+00  1.14e-01  8.84e-02  4.95e-02  3.96e-02  2.05e-02  6.79e+04  1.97e+03 -1.00e+05
2015 12 04  0025   57360   1500   8.78e+00  4.68e-01  1.88e-01  7.21e-02  6.22e-02  4.30e-02  6.78e+04  1.93e+03 -1.00e+05
2015 12 04  0030   57360   1800   5.01e+00  1.79e-01  1.35e-01  4.95e-02  3.96e-02  2.05e-02  6.79e+04  1.90e+03 -1.00e+05
2015 12 04  0035   57360   2100   4.02e+00  2.38e-01  2.12e-01  7.86e-02  4.82e-02  2.13e-02  6.63e+04  1.87e+03 -1.00e+05
2015 12 04  0040   57360   2400   6.03e+00  2.28e-01  9.99e-02  5.82e-02  4.37e-02  2.32e-02  6.52e+04  1.77e+03 -1.00e+05
2015 12 04  0045   57360   2700   3.12e+00  2.12e-01  1.87e-01  9.60e-02  8.61e-02  5.74e-02  6.40e+04  1.70e+03 -1.00e+05
2015 12 04  0050   57360   3000   2.59e+00  1.14e-01  8.84e-02  4.95e-02  3.96e-02  2.05e-02  6.14e+04  1.57e+03 -1.00e+05
2015 12 04  0055   57360   3300   4.89e+00  3.04e-01  1.66e-01  1.23e-01  8.25e-02  3.14e-02  5.96e+04  1.47e+03 -1.00e+05
2015 12 04  0100   57360   3600   5.13e+00  2.65e-01  9.09e-02  4.95e-02  3.96e-02  2.05e-02  5.70e+04  1.33e+03 -1.00e+05
2015 12 04  0105   57360   3900   4.14e+00  2.72e-01  1.47e-01  5.48e-02  4.48e-02  2.57e-02  5.71e+04  1.33e+03 -1.00e+05
2015 12 04  0110   57360   4200   2.93e+00  1.79e-01  1.35e-01  4.95e-02  3.96e-02  2.05e-02  5.71e+04  1.30e+03 -1.00e+05
2015 12 04  0115   57360   4500   3.99e+00  2.07e-01  1.05e-01  6.28e-02  4.26e-02  2.05e-02  5.49e+04  1.30e+03 -1.00e+05
2015 12 04  0120   57360   4800   2.32e+00  1.41e-01  1.16e-01  7.73e-02  6.74e-02  2.94e-02  5.66e+04  1.26e+03 -1.00e+05
2015 12 04  0125   57360   5100   2.25e+00  1.14e-01  8.87e-02  4.98e-02  3.99e-02  2.08e-02  5.70e+04  1.30e+03 -1.00e+05
2015 12 04  0130   57360   5400   2.69e+00  2.00e-01  1.75e-01  1.35e-01  9.13e-02  3.91e-02  5.75e+04  1.34e+03 -1.00e+05
2015 12 04  0135   57360   5700   3.78e+00  2.07e-01  1.16e-01  6.47e-02  5.48e-02  3.56e-02  5.73e+04  1.34e+03 -1.00e+05
2015 12 04  0140   57360   6000   3.03e+00  1.34e-01  1.09e-01  6.93e-02  4.41e-02  2.05e-02  5.73e+04  1.40e+03 -1.00e+05
2015 12 04  0145   57360   6300   5.62e+00  2.70e-01  1.18e-01  7.59e-02  4.55e-02  2.05e-02  5.79e+04  1.41e+03 -1.00e+05
2015 12 04  0150   57360   6600   2.93e+00  2.18e-01  1.93e-01  9.82e-02  8.83e-02  3.35e-02  5.73e+04  1.36e+03 -1.00e+05
2015 12 04  0155   57360   6900   5.23e+00  2.65e-01  9.09e-02  4.95e-02  3.96e-02  2.05e-02  5.75e+04  1.40e+03 -1.00e+05
2015 12 04  0200   57360   7200   3.90e+00  2.36e-01  1.44e-01  4.95e-02  3.96e-02  2.05e-02  5.73e+04  1.36e+03 -1.00e+05
2015 12 04  0205   57360   7500   4.17e+00  1.93e-01  1.01e-01  4.95e-02  3.96e-02  2.05e-02  5.73e+04  1.39e+03 -1.00e+05
2015 12 04  0210   57360   7800   2.79e+00  1.84e-01  1.59e-01  8.45e-02  7.46e-02  5.54e-02  5.73e+04  1.36e+03 -1.00e+05
2015 12 04  0215   57360   8100   2.63e+00  1.91e-01  1.66e-01  8.20e-02  7.21e-02  5.30e-02  5.73e+04  1.36e+03 -1.00e+05
2015 12 04  0220   57360   8400   2.91e+00  1.67e-01  1.42e-01  5.85e-02  4.86e-02  2.34e-02  5.73e+04  1.36e+03 -1.00e+05
2015 12 04  0225   57360   8700   2.67e+00  1.54e-01  1.29e-01  9.04e-02  8.04e-02  3.55e-02  5.73e+04  1.34e+03 -1.00e+05
2015 12 04  0230   57360   9000   2.78e+00  2.25e-01  2.00e-01  1.60e-01  9.80e-02  3.34e-02  5.58e+04  1.33e+03 -1.00e+05
2015 12 04  0235   57360   9300   2.51e+00  1.84e-01  1.59e-01  7.59e-02  4.55e-02  2.05e-02  5.46e+04  1.30e+03 -1.00e+05
2015 12 04  0240   57360   9600   2.11e+00  1.14e-01  8.84e-02  4.95e-02  3.96e-02  2.05e-02  5.54e+04  1.26e+03 -1.00e+05
2015 12 04  0245   57360   9900   4.42e+00  3.12e-01  9.59e-02  5.48e-02  4.48e-02  2.57e-02  5.57e+04  1.28e+03 -1.00e+05
2015 12 04  0250   57360  10200   2.03e+00  2.01e-01  1.76e-01  1.02e-01  9.25e-02  3.75e-02  5.35e+04  1.20e+03 -1.00e+05
2015 12 04  0255   57360  10500   4.04e+00  2.89e-01  1.39e-01  9.78e-02  8.79e-02  6.88e-02  5.28e+04  1.18e+03 -1.00e+05
2015 12 04  0300   57360  10800   1.89e+00  2.05e-01  1.80e-01  1.41e-01  1.21e-01  4.55e-02  5.30e+04  1.14e+03 -1.00e+05
2015 12 04  0305   57360  11100   3.66e+00  3.46e-01  1.64e-01  7.71e-02  6.71e-02  4.80e-02  5.26e+04  1.15e+03 -1.00e+05
2015 12 04  0310   57360  11400   1.94e+00  1.70e-01  1.45e-01  6.28e-02  4.26e-02  2.05e-02  5.20e+04  1.13e+03 -1.00e+05
2015 12 04  0315   57360  11700   3.44e+00  2.86e-01  9.08e-02  4.95e-02  3.96e-02  2.05e-02  5.19e+04  1.12e+03 -1.00e+05
2015 12 04  0320   57360  12000   2.79e+00  2.83e-01  1.60e-01  7.21e-02  6.22e-02  4.30e-02  5.13e+04  1.06e+03 -1.00e+05
2015 12 04  0325   57360  12300   1.95e+00  1.66e-01  1.24e-01  8.20e-02  7.21e-02  5.30e-02  4.93e+04  1.01e+03 -1.00e+05
2015 12 04  0330   57360  12600   1.50e+00  1.57e-01  1.32e-01  4.95e-02  3.96e-02  2.05e-02  4.87e+04  9.40e+02 -1.00e+05
2015 12 04  0335   57360  12900   1.50e+00  1.64e-01  1.21e-01  7.95e-02  6.96e-02  5.05e-02  4.66e+04  8.94e+02 -1.00e+05
2015 12 04  0340   57360  13200   1.24e+00  1.14e-01  8.85e-02  4.97e-02  3.96e-02  2.05e-02  4.64e+04  8.84e+02 -1.00e+05
2015 12 04  0345   57360  13500   1.18e+00  1.36e-01  9.18e-02  4.95e-02  3.96e-02  2.05e-02  4.46e+04  8.26e+02 -1.00e+05
2015 12 04  0350   57360  13800   8.97e-01  1.55e-01  1.30e-01  5.22e-02  4.23e-02  2.13e-02  4.60e+04  7.89e+02 -1.00e+05
2015 12 04  0355   57360  14100   1.11e+00  2.05e-01  1.13e-01  6.22e-02  5.23e-02  3.31e-02  4.41e+04  7.56e+02 -1.00e+05
2015 12 04  0400   57360  14400   1.29e+00  3.11e-01  1.62e-01  8.13e-02  7.14e-02  5.23e-02  4.12e+04  6.82e+02 -1.00e+05
2015 12 04  0405   57360  14700   8.54e-01  1.60e-01  1.34e-01  4.95e-02  3.96e-02  2.05e-02  4.18e+04  6.67e+02 -1.00e+05
2015 12 04  0410   57360  15000   1.23e+00  1.94e-01  9.11e-02  4.95e-02  3.96e-02  2.05e-02  4.16e+04  6.61e+02 -1.00e+05
2015 12 04  0415   57360  15300   8.49e-01  1.43e-01  1.18e-01  7.83e-02  5.30e-02  2.34e-02  4.16e+04  6.60e+02 -1.00e+05
2015 12 04  0420   57360  15600   7.73e-01  1.57e-01  1.32e-01  4.95e-02  3.96e-02  2.05e-02  4.34e+04  6.66e+02 -1.00e+05
2015 12 04  0425   57360  15900   7.54e-01  1.77e-01  1.52e-01  6.72e-02  5.72e-02  3.81e-02  4.14e+04  6.53e+02 -1.00e+05
2015 12 04  0430   57360  16200   7.67e-01  1.39e-01  1.00e-01  5.90e-02  4.91e-02  2.54e-02  3.94e+04  6.03e+02 -1.00e+05
2015 12 04  0435   57360  16500   1.20e+00  2.62e-01  1.11e-01  6.96e-02  5.97e-02  4.06e-02  3.90e+04  5.58e+02 -1.00e+05
2015 12 04  0440   57360  16800   1.45e+00  3.74e-01  2.09e-01  6.28e-02  4.26e-02  2.05e-02  3.92e+04  5.94e+02 -1.00e+05
2015 12 04  0445   57360  17100   7.53e-01  1.20e-01  9.53e-02  5.62e-02  4.11e-02  2.05e-02  3.79e+04  5.64e+02 -1.00e+05
2015 12 04  0450   57360  17400   7.73e-01  1.79e-01  1.54e-01  1.15e-01  1.05e-01  4.15e-02  3.86e+04  5.79e+02 -1.00e+05
2015 12 04  0455   57360  17700   1.41e+00  3.71e-01  1.65e-01  4.95e-02  3.96e-02  2.05e-02  3.96e+04  6.29e+02 -1.00e+05
2015 12 04  0500   57360  18000   1.24e+00  3.56e-01  2.63e-01  8.88e-02  4.51e-02  2.05e-02  3.96e+04  6.44e+02 -1.00e+05
2015 12 04  0505   57360  18300   1.81e+00  4.59e-01  2.38e-01  4.95e-02  3.96e-02  2.05e-02  4.10e+04  6.71e+02 -1.00e+05
2015 12 04  0510   57360  18600   6.30e-01  1.14e-01  8.84e-02  4.95e-02  3.96e-02  2.05e-02  4.16e+04  6.80e+02 -1.00e+05
2015 12 04  0515   57360  18900   6.56e-01  1.14e-01  8.84e-02  4.95e-02  3.96e-02  2.05e-02  4.16e+04  6.91e+02 -1.00e+05
2015 12 04  0520   57360  19200   7.87e-01  1.41e-01  1.16e-01  7.59e-02  4.55e-02  2.05e-02  4.16e+04  6.98e+02 -1.00e+05
2015 12 04  0525   57360  19500   7.41e-01  1.47e-01  1.22e-01  8.20e-02  4.51e-02  2.05e-02  4.16e+04  6.82e+02 -1.00e+05
2015 12 04  0530   57360  19800   9.11e-01  2.43e-01  2.18e-01  5.97e-02  4.98e-02  3.07e-02  4.16e+04  6.87e+02 -1.00e+05
2015 12 04  0535   57360  20100   1.11e+00  1.36e-01  9.18e-02  4.95e-02  3.96e-02  2.05e-02  4.16e+04  6.82e+02 -1.00e+05
2015 12 04  0540   57360  20400   7.79e-01  2.45e-01  2.19e-01  6.22e-02  5.23e-02  3.31e-02  4.14e+04  6.83e+02 -1.00e+05
2015 12 04  0545   57360  20700   7.41e-01  1.42e-01  1.17e-01  7.83e-02  6.84e-02  3.33e-02  4.10e+04  6.79e+02 -1.00e+05
2015 12 04  0550   57360  21000   5.74e-01  1.47e-01  1.21e-01  8.25e-02  7.26e-02  4.98e-02  3.95e+04  6.41e+02 -1.00e+05
2015 12 04  0555   57360  21300   9.94e-01  2.08e-01  1.14e-01  7.20e-02  6.21e-02  3.13e-02  3.93e+04  6.36e+02 -1.00e+05
2015 12 04  0600   57360  21600   9.56e-01  3.95e-01  2.11e-01  5.24e-02  4.23e-02  2.13e-02  3.73e+04  5.76e+02 -1.00e+05
2015 12 04  0605   57360  21900   8.44e-01  1.93e-01  1.01e-01  4.95e-02  3.96e-02  2.05e-02  3.51e+04  5.33e+02 -1.00e+05
2015 12 04  0610   57360  22200   4.44e-01  1.23e-01  9.74e-02  5.85e-02  4.86e-02  2.34e-02  3.46e+04  5.05e+02 -1.00e+05
2015 12 04  0615   57360  22500   6.31e-01  1.79e-01  1.35e-01  4.95e-02  3.96e-02  2.05e-02  3.29e+04  4.57e+02 -1.00e+05
2015 12 04  0620   57360  22800   5.15e-01  1.68e-01  1.42e-01  5.90e-02  4.91e-02  2.54e-02  3.35e+04  4.72e+02 -1.00e+05
2015 12 04  0625   57360  23100   5.89e-01  2.87e-01  2.46e-01  9.19e-02  8.20e-02  6.29e-02  3.42e+04  4.85e+02 -1.00e+05
2015 12 04  0630   57360  23400   7.49e-01  1.68e-01  1.42e-01  6.96e-02  5.96e-02  4.05e-02  3.71e+04  5.48e+02 -1.00e+05
2015 12 04  0635   57360  23700   5.87e-01  1.54e-01  1.29e-01  8.99e-02  7.99e-02  3.34e-02  3.77e+04  5.65e+02 -1.00e+05
2015 12 04  0640   57360  24000   7.36e-01  2.98e-01  2.73e-01  1.21e-01  9.05e-02  6.53e-02  3.93e+04  5.95e+02 -1.00e+05
2015 12 04  0645   57360  24300   6.63e-01  1.26e-01  1.01e-01  6.22e-02  5.23e-02  3.31e-02  3.83e+04  6.05e+02 -1.00e+05
2015 12 04  0650   57360  24600   6.51e-01  1.54e-01  1.29e-01  8.90e-02  4.85e-02  2.05e-02  3.90e+04  5.93e+02 -1.00e+05
2015 12 04  0655   57360  24900   6.33e-01  1.35e-01  1.10e-01  7.10e-02  6.11e-02  2.74e-02  3.33e+04  4.93e+02 -1.00e+05
2015 12 04  0700   57360  25200   6.15e-01  1.49e-01  1.24e-01  4.95e-02  3.96e-02  2.05e-02  3.24e+04  4.56e+02 -1.00e+05
2015 12 04  0705   57360  25500   6.54e-01  1.87e-01  1.62e-01  8.37e-02  7.37e-02  3.14e-02  3.15e+04  4.55e+02 -1.00e+05
2015 12 04  0710   57360  25800   1.41e-01  1.14e-01  8.84e-02  4.95e-02  3.96e-02  2.05e-02  3.20e+04  4.48e+02 -1.00e+05
2015 12 04  0715   57360  26100   4.04e-01  1.73e-01  1.47e-01  5.54e-02  4.55e-02  2.63e-02  3.13e+04  4.52e+02 -1.00e+05
2015 12 04  0720   57360  26400   5.36e-01  1.23e-01  9.74e-02  5.85e-02  4.86e-02  2.34e-02  3.32e+04  5.01e+02 -1.00e+05
2015 12 04  0725   57360  26700   5.28e-01  2.17e-01  1.22e-01  8.02e-02  7.02e-02  5.11e-02  3.30e+04  4.78e+02 -1.00e+05
2015 12 04  0730   57360  27000   5.51e-01  1.85e-01  1.60e-01  1.21e-01  1.11e-01  4.35e-02  3.11e+04  4.46e+02 -1.00e+05
2015 12 04  0735   57360  27300   8.30e-01  2.84e-01  1.62e-01  7.46e-02  6.47e-02  4.55e-02  3.07e+04  4.54e+02 -1.00e+05
2015 12 04  0740   57360  27600   7.55e-01  2.19e-01  9.10e-02  4.95e-02  3.96e-02  2.05e-02  3.04e+04  4.45e+02 -1.00e+05
2015 12 04  0745   57360  27900   7.44e-01  1.93e-01  1.03e-01  5.22e-02  4.23e-02  2.13e-02  3.20e+04  4.77e+02 -1.00e+05
2015 12 04  0750   57360  28200   3.62e-01  1.35e-01  1.10e-01  7.11e-02  6.12e-02  2.76e-02  3.22e+04  4.95e+02 -1.00e+05
2015 12 04  0755   57360  28500   7.82e-01  3.32e-01  3.07e-01  2.66e-01  1.85e-01  7.04e-02  3.19e+04  4.74e+02 -1.00e+05
2015 12 04  0800   57360  28800   4.06e-01  1.36e-01  9.18e-02  4.95e-02  3.96e-02  2.05e-02  3.09e+04  4.54e+02 -1.00e+05
2015 12 04  0805   57360  29100   1.06e+00  2.51e-01  9.98e-02  5.82e-02  4.37e-02  2.32e-02  3.12e+04  4.53e+02 -1.00e+05
2015 12 04  0810   57360  29400   3.45e-01  1.14e-01  8.84e-02  4.95e-02  3.96e-02  2.05e-02  3.08e+04  4.42e+02 -1.00e+05
2015 12 04  0815   57360  29700   3.87e-01  1.26e-01  1.01e-01  6.22e-02  5.23e-02  3.31e-02  3.00e+04  4.31e+02 -1.00e+05
2015 12 04  0820   57360  30000   4.94e-01  1.64e-01  1.38e-01  5.62e-02  4.11e-02  2.05e-02  2.96e+04  4.32e+02 -1.00e+05
2015 12 04  0825   57360  30300   4.04e-01  1.14e-01  8.84e-02  4.95e-02  3.96e-02  2.05e-02  2.96e+04  4.21e+02 -1.00e+05
2015 12 04  0830   57360  30600   1.19e+00  3.87e-01  2.14e-01  1.06e-01  9.58e-02  5.05e-02  2.96e+04  4.19e+02 -1.00e+05
2015 12 04  0835   57360  30900   1.36e+00  3.54e-01  1.18e-01  7.61e-02  4.58e-02  2.08e-02  2.81e+04  3.95e+02 -1.00e+05
2015 12 04  0840   57360  31200   6.00e-01  3.01e-01  2.76e-01  1.23e-01  8.51e-02  5.79e-02  2.71e+04  3.85e+02 -1.00e+05
2015 12 04  0845   57360  31500   3.10e-01  1.93e-01  1.01e-01  4.95e-02  3.96e-02  2.05e-02  2.68e+04  3.85e+02 -1.00e+05
2015 12 04  0850   57360  31800   5.40e-01  1.92e-01  1.50e-01  1.06e-01  6.77e-02  4.30e-02  2.93e+04  4.08e+02 -1.00e+05
2015 12 04  0855   57360  32100   4.70e-01  1.38e-01  9.45e-02  5.23e-02  4.24e-02  2.32e-02  2.86e+04  4.05e+02 -1.00e+05
2015 12 04  0900   57360  32400   7.69e-01  2.43e-01  9.10e-02  4.95e-02  3.96e-02  2.05e-02  2.72e+04  3.88e+02 -1.00e+05
2015 12 04  0905   57360  32700   6.39e-01  2.10e-01  1.18e-01  6.72e-02  5.53e-02  3.56e-02  2.65e+04  3.74e+02 -1.00e+05
2015 12 04  0910   57360  33000   4.61e-01  1.99e-01  1.74e-01  1.34e-01  1.10e-01  4.35e-02  2.69e+04  3.74e+02 -1.00e+05
2015 12 04  0915   57360  33300   4.74e-01  1.54e-01  1.29e-01  8.99e-02  7.99e-02  3.34e-02  2.72e+04  3.86e+02 -1.00e+05
2015 12 04  0920   57360  33600   6.32e-01  2.97e-01  2.72e-01  1.04e-01  5.93e-02  2.54e-02  2.73e+04  3.80e+02 -1.00e+05
2015 12 04  0925   57360  33900   3.31e-01  1.41e-01  1.16e-01  7.67e-02  6.68e-02  2.16e-02  2.73e+04  4.21e+02 -1.00e+05
2015 12 04  0930   57360  34200   4.56e-01  1.49e-01  1.24e-01  4.95e-02  3.96e-02  2.05e-02  2.82e+04  4.41e+02 -1.00e+05
2015 12 04  0935   57360  34500   2.77e-01  1.67e-01  1.42e-01  1.02e-01  6.50e-02  3.81e-02  2.94e+04  4.59e+02 -1.00e+05
2015 12 04  0940   57360  34800   5.11e-01  2.19e-01  1.76e-01  9.34e-02  6.12e-02  3.56e-02  3.03e+04  4.90e+02 -1.00e+05
2015 12 04  0945   57360  35100   4.89e-01  1.73e-01  1.48e-01  1.09e-01  9.87e-02  3.95e-02  3.17e+04  5.12e+02 -1.00e+05
2015 12 04  0950   57360  35400   5.20e-01  1.56e-01  1.31e-01  5.85e-02  4.86e-02  2.34e-02  3.13e+04  5.25e+02 -1.00e+05
2015 12 04  0955   57360  35700   7.69e-01  1.41e-01  9.70e-02  5.48e-02  4.48e-02  2.57e-02  3.24e+04  5.31e+02 -1.00e+05
2015 12 04  1000   57360  36000   1.09e+00  2.65e-01  9.09e-02  4.95e-02  3.96e-02  2.05e-02  3.26e+04  5.57e+02 -1.00e+05
2015 12 04  1005   57360  36300   5.90e-01  1.41e-01  1.16e-01  7.59e-02  4.55e-02  2.05e-02  3.32e+04  5.63e+02 -1.00e+05
2015 12 04  1010   57360  36600   9.92e-01  2.52e-01  1.01e-01  5.97e-02  4.98e-02  3.07e-02  3.40e+04  5.84e+02 -1.00e+05
2015 12 04  1015   57360  36900   9.61e-01  4.32e-01  2.46e-01  6.22e-02  5.23e-02  3.31e-02  3.40e+04  5.94e+02 -1.00e+05
2015 12 04  1020   57360  37200   5.79e-01  1.62e-01  1.37e-01  5.23e-02  4.24e-02  2.32e-02  3.40e+04  6.03e+02 -1.00e+05
2015 12 04  1025   57360  37500   5.28e-01  2.70e-01  2.45e-01  8.35e-02  4.51e-02  2.05e-02  3.36e+04  5.70e+02 -1.00e+05
2015 12 04  1030   57360  37800   7.78e-01  2.56e-01  1.05e-01  6.28e-02  4.26e-02  2.05e-02  3.35e+04  5.76e+02 -1.00e+05
2015 12 04  1035   57360  38100   5.83e-01  1.64e-01  1.38e-01  5.62e-02  4.11e-02  2.05e-02  3.35e+04  6.03e+02 -1.00e+05
2015 12 04  1040   57360  38400   8.53e-01  2.79e-01  2.36e-01  7.73e-02  6.14e-02  4.06e-02  3.49e+04  6.14e+02 -1.00e+05
2015 12 04  1045   57360  38700   1.00e+00  4.32e-01  2.83e-01  9.55e-02  5.00e-02  2.05e-02  3.59e+04  6.48e+02 -1.00e+05
2015 12 04  1050   57360  39000   7.80e-01  2.39e-01  2.14e-01  5.48e-02  4.48e-02  2.57e-02  3.70e+04  6.70e+02 -1.00e+05
2015 12 04  1055   57360  39300   6.68e-01  1.48e-01  1.04e-01  6.22e-02  5.23e-02  3.31e-02  3.76e+04  6.97e+02 -1.00e+05
2015 12 04  1100   57360  39600   7.33e-01  2.58e-01  2.33e-01  1.17e-01  7.63e-02  2.94e-02  3.64e+04  7.04e+02 -1.00e+05
2015 12 04  1105   57360  39900   7.37e-01  1.50e-01  1.25e-01  8.56e-02  6.52e-02  4.30e-02  3.75e+04  7.18e+02 -1.00e+05
2015 12 04  1110   57360  40200   1.25e+00  2.32e-01  1.42e-01  5.22e-02  4.23e-02  2.13e-02  3.76e+04  7.32e+02 -1.00e+05
2015 12 04  1115   57360  40500   1.37e+00  2.46e-01  1.18e-01  7.59e-02  4.55e-02  2.05e-02  3.80e+04  7.67e+02 -1.00e+05
2015 12 04  1120   57360  40800   6.10e-01  1.60e-01  1.35e-01  9.59e-02  7.79e-02  3.89e-02  3.95e+04  7.68e+02 -1.00e+05
2015 12 04  1125   57360  41100   6.58e-01  1.54e-01  1.29e-01  8.99e-02  7.99e-02  3.34e-02  3.95e+04  8.00e+02 -1.00e+05
2015 12 04  1130   57360  41400   8.91e-01  1.14e-01  8.84e-02  4.95e-02  3.96e-02  2.05e-02  3.96e+04  8.09e+02 -1.00e+05
2015 12 04  1135   57360  41700   1.09e+00  1.93e-01  1.01e-01  4.95e-02  3.96e-02  2.05e-02  3.96e+04  8.41e+02 -1.00e+05
2015 12 04  1140   57360  42000   6.88e-01  1.14e-01  8.85e-02  4.97e-02  3.96e-02  2.05e-02  3.96e+04  8.40e+02 -1.00e+05
2015 12 04  1145   57360  42300   9.79e-01  1.52e-01  1.09e-01  6.72e-02  5.72e-02  3.81e-02  3.96e+04  8.55e+02 -1.00e+05
2015 12 04  1150   57360  42600   9.73e-01  2.01e-01  1.76e-01  9.45e-02  5.57e-02  2.82e-02  3.99e+04  8.51e+02 -1.00e+05
2015 12 04  1155   57360  42900   9.20e-01  1.70e-01  1.45e-01  6.28e-02  4.26e-02  2.05e-02  4.14e+04  8.85e+02 -1.00e+05
2015 12 04  1200   57360  43200   1.04e+00  1.84e-01  1.59e-01  6.47e-02  5.48e-02  3.56e-02  4.14e+04  9.16e+02 -1.00e+05
2015 12 04  1205   57360  43500   1.06e+00  2.72e-01  2.47e-01  9.69e-02  8.69e-02  6.78e-02  4.16e+04  9.16e+02 -1.00e+05
2015 12 04  1210   57360  43800   8.52e-01  1.60e-01  1.34e-01  4.95e-02  3.96e-02  2.05e-02  4.34e+04  9.73e+02 -1.00e+05
2015 12 04  1215   57360  44100   1.31e+00  2.49e-01  1.56e-01  4.95e-02  3.96e-02  2.05e-02  4.40e+04  1.00e+03 -1.00e+05
2015 12 04  1220   57360  44400   1.34e+00  2.84e-01  2.59e-01  9.06e-02  6.59e-02  2.94e-02  4.40e+04  1.02e+03 -1.00e+05
2015 12 04  1225   57360  44700   1.27e+00  1.58e-01  1.33e-01  9.28e-02  5.34e-02  2.57e-02  4.43e+04  1.05e+03 -1.00e+05
2015 12 04  1230   57360  45000   1.46e+00  2.49e-01  2.23e-01  6.72e-02  5.72e-02  3.81e-02  4.47e+04  1.05e+03 -1.00e+05
2015 12 04  1235   57360  45300   1.27e+00  1.41e-01  1.16e-01  7.73e-02  6.74e-02  2.94e-02  4.65e+04  1.06e+03 -1.00e+05
2015 12 04  1240   57360  45600   1.07e+00  1.20e-01  9.53e-02  5.62e-02  4.11e-02  2.05e-02  4.66e+04  1.06e+03 -1.00e+05
2015 12 04  1245   57360  45900   1.30e+00  1.48e-01  1.23e-01  8.45e-02  7.46e-02  5.54e-02  4.66e+04  1.11e+03 -1.00e+05
2015 12 04  1250   57360  46200   1.22e+00  1.24e-01  9.86e-02  5.97e-02  4.98e-02  3.07e-02  4.66e+04  1.16e+03 -1.00e+05
2015 12 04  1255   57360  46500   1.43e+00  1.59e-01  1.34e-01  5.97e-02  4.98e-02  3.07e-02  4.80e+04  1.20e+03 -1.00e+05
2015 12 04  1300   57360  46800   3.15e+00  3.07e-01  1.11e-01  6.93e-02  4.41e-02  2.05e-02  4.89e+04  1.26e+03 -1.00e+05
2015 12 04  1305   57360  47100   1.55e+00  1.54e-01  1.29e-01  8.99e-02  7.99e-02  3.34e-02  4.93e+04  1.29e+03 -1.00e+05
2015 12 04  1310   57360  47400   1.76e+00  1.14e-01  8.84e-02  4.95e-02  3.96e-02  2.05e-02  4.93e+04  1.32e+03 -1.00e+05
2015 12 04  1315   57360  47700   1.74e+00  1.44e-01  1.19e-01  8.03e-02  7.03e-02  2.17e-02  4.93e+04  1.35e+03 -1.00e+05
2015 12 04  1320   57360  48000   2.97e+00  2.11e-01  1.08e-01  6.65e-02  4.75e-02  2.57e-02  5.08e+04  1.38e+03 -1.00e+05
2015 12 04  1325   57360  48300   1.64e+00  1.14e-01  8.84e-02  4.95e-02  3.96e-02  2.05e-02  5.19e+04  1.44e+03 -1.00e+05
2015 12 04  1330   57360  48600   1.92e+00  1.60e-01  1.34e-01  4.95e-02  3.96e-02  2.05e-02  5.19e+04  1.45e+03 -1.00e+05
2015 12 04  1335   57360  48900   2.10e+00  1.48e-01  1.23e-01  8.38e-02  7.39e-02  2.19e-02  5.19e+04  1.46e+03 -1.00e+05
2015 12 04  1340   57360  49200   1.97e+00  2.86e-01  2.61e-01  1.09e-01  9.40e-02  3.75e-02  5.19e+04  1.44e+03 -1.00e+05
2015 12 04  1345   57360  49500   2.06e+00  1.37e-01  1.12e-01  7.35e-02  6.35e-02  3.67e-02  5.20e+04  1.47e+03 -1.00e+05
2015 12 04  1350   57360  49800   1.88e+00  2.04e-01  1.79e-01  1.40e-01  1.26e-01  4.96e-02  5.19e+04  1.46e+03 -1.00e+05
2015 12 04  1355   57360  50100   2.03e+00  1.87e-01  1.62e-01  1.22e-01  8.00e-02  4.24e-02  5.20e+04  1.45e+03 -1.00e+05
2015 12 04  1400   57360  50400   2.29e+00  1.36e-01  9.41e-02  5.22e-02  4.23e-02  2.13e-02  5.19e+04  1.43e+03 -1.00e+05
2015 12 04  1405   57360  50700   1.83e+00  1.46e-01  1.21e-01  8.20e-02  6.06e-02  3.81e-02  5.19e+04  1.44e+03 -1.00e+05
2015 12 04  1410   57360  51000   2.93e+00  2.84e-01  1.66e-01  8.60e-02  7.61e-02  5.70e-02  5.38e+04  1.45e+03 -1.00e+05
2015 12 04  1415   57360  51300   3.27e+00  4.12e-01  2.68e-01  9.19e-02  8.20e-02  6.29e-02  5.46e+04  1.49e+03 -1.00e+05
2015 12 04  1420   57360  51600   1.83e+00  1.72e-01  1.47e-01  6.96e-02  5.97e-02  4.06e-02  5.46e+04  1.52e+03 -1.00e+05
2015 12 04  1425   57360  51900   1.82e+00  1.14e-01  8.84e-02  4.95e-02  3.96e-02  2.05e-02  5.58e+04  1.54e+03 -1.00e+05
2015 12 04  1430   57360  52200   2.12e+00  2.39e-01  2.14e-01  5.48e-02  4.48e-02  2.57e-02  5.72e+04  1.57e+03 -1.00e+05
2015 12 04  1435   57360  52500   2.07e+00  2.01e-01  1.76e-01  1.02e-01  9.25e-02  3.75e-02  5.73e+04  1.60e+03 -1.00e+05
2015 12 04  1440   57360  52800   1.94e+00  1.75e-01  1.50e-01  8.36e-02  7.37e-02  3.14e-02  5.73e+04  1.59e+03 -1.00e+05
2015 12 04  1445   57360  53100   2.49e+00  1.36e-01  9.18e-02  4.95e-02  3.96e-02  2.05e-02  5.74e+04  1.63e+03 -1.00e+05
2015 12 04  1450   57360  53400   2.87e+00  3.14e-01  2.22e-01  4.95e-02  3.96e-02  2.05e-02  5.96e+04  1.67e+03 -1.00e+05
2015 12 04  1455   57360  53700   2.87e+00  2.29e-01  1.36e-01  8.35e-02  4.51e-02  2.05e-02  5.99e+04  1.70e+03 -1.00e+05
2015 12 04  1500   57360  54000   3.64e+00  2.15e-01  1.14e-01  7.21e-02  6.22e-02  4.30e-02  5.99e+04  1.67e+03 -1.00e+05
2015 12 04  1505   57360  54300   1.94e+00  1.67e-01  1.41e-01  1.03e-01  9.25e-02  3.75e-02  5.99e+04  1.69e+03 -1.00e+05
2015 12 04  1510   57360  54600   2.81e+00  2.26e-01  1.72e-01  8.46e-02  6.95e-02  2.16e-02  6.02e+04  1.72e+03 -1.00e+05
2015 12 04  1515   57360  54900   2.43e+00  1.43e-01  1.18e-01  7.12e-02  6.11e-02  2.74e-02  6.26e+04  1.80e+03 -1.00e+05
2015 12 04  1520   57360  55200   2.43e+00  2.17e-01  1.91e-01  7.49e-02  5.13e-02  2.82e-02  6.26e+04  1.84e+03 -1.00e+05
2015 12 04  1525   57360  55500   2.32e+00  1.24e-01  9.93e-02  6.04e-02  5.05e-02  3.09e-02  6.26e+04  1.84e+03 -1.00e+05
2015 12 04  1530   57360  55800   2.46e+00  1.68e-01  1.43e-01  1.03e-01  7.81e-02  3.14e-02  6.26e+04  1.86e+03 -1.00e+05
2015 12 04  1535   57360  56100   2.32e+00  2.62e-01  2.37e-01  8.45e-02  7.46e-02  5.54e-02  6.26e+04  1.89e+03 -1.00e+05
2015 12 04  1540   57360  56400   2.78e+00  2.35e-01  2.10e-01  4.95e-02  3.96e-02  2.05e-02  6.26e+04  1.87e+03 -1.00e+05
2015 12 04  1545   57360  56700   2.76e+00  1.36e-01  9.18e-02  4.95e-02  3.96e-02  2.05e-02  6.26e+04  1.92e+03 -1.00e+05
2015 12 04  1550   57360  57000   3.45e+00  2.39e-01  1.47e-01  4.95e-02  3.96e-02  2.05e-02  6.26e+04  1.89e+03 -1.00e+05
2015 12 04  1555   57360  57300   3.87e+00  2.72e-01  1.82e-01  9.94e-02  8.94e-02  7.03e-02  6.32e+04  1.92e+03 -1.00e+05
2015 12 04  1600   57360  57600  -1.00e+05 -1.00e+05 -1.00e+05 -1.00e+05 -1.00e+05 -1.00e+05 -1.00e+05 -1.00e+05 -1.00e+05
2015 12 04  1605   57360  57900  -1.00e+05 -1.00e+05 -1.00e+05 -1.00e+05 -1.00e+05 -1.00e+05 -1.00e+05 -1.00e+05 -1.00e+05
2015 12 04  1610   57360  58200  -1.00e+05 -1.00e+05 -1.00e+05 -1.00e+05 -1.00e+05 -1.00e+05 -1.00e+05 -1.00e+05 -1.00e+05
2015 12 04  1615   57360  58500  -1.00e+05 -1.00e+05 -1.00e+05 -1.00e+05 -1.00e+05 -1.00e+05 -1.00e+05 -1.00e+05 -1.00e+05
2015 12 04  1620   57360  58800  -1.00e+05 -1.00e+05 -1.00e+05 -1.00e+05 -1.00e+05 -1.00e+05 -1.00e+05 -1.00e+05 -1.00e+05
2015 12 04  1625   57360  59100  -1.00e+05 -1.00e+05 -1.00e+05 -1.00e+05 -1.00e+05 -1.00e+05 -1.00e+05 -1.00e+05 -1.00e+05
2015 12 04  1630   57360  59400  -1.00e+05 -1.00e+05 -1.00e+05 -1.00e+05 -1.00e+05 -1.00e+05 -1.00e+05 -1.00e+05 -1.00e+05
2015 12 04  1635   57360  59700  -1.00e+05 -1.00e+05 -1.00e+05 -1.00e+05 -1.00e+05 -1.00e+05 -1.00e+05 -1.00e+05 -1.00e+05
2015 12 04  1640   57360  60000  -1.00e+05 -1.00e+05 -1.00e+05 -1.00e+05 -1.00e+05 -1.00e+05 -1.00e+05 -1.00e+05 -1.00e+05
2015 12 04  1645   57360  60300  -1.00e+05 -1.00e+05 -1.00e+05 -1.00e+05 -1.00e+05 -1.00e+05 -1.00e+05 -1.00e+05 -1.00e+05
2015 12 04  1650   57360  60600  -1.00e+05 -1.00e+05 -1.00e+05 -1.00e+05 -1.00e+05 -1.00e+05 -1.00e+05 -1.00e+05 -1.00e+05
2015 12 04  1655   57360  60900  -1.00e+05 -1.00e+05 -1.00e+05 -1.00e+05 -1.00e+05 -1.00e+05 -1.00e+05 -1.00e+05 -1.00e+05
2015 12 04  1700   57360  61200  -1.00e+05 -1.00e+05 -1.00e+05 -1.00e+05 -1.00e+05 -1.00e+05 -1.00e+05 -1.00e+05 -1.00e+05
2015 12 04  1705   57360  61500  -1.00e+05 -1.00e+05 -1.00e+05 -1.00e+05 -1.00e+05 -1.00e+05 -1.00e+05 -1.00e+05 -1.00e+05
2015 12 04  1710   57360  61800  -1.00e+05 -1.00e+05 -1.00e+05 -1.00e+05 -1.00e+05 -1.00e+05 -1.00e+05 -1.00e+05 -1.00e+05
2015 12 04  1715   57360  62100  -1.00e+05 -1.00e+05 -1.00e+05 -1.00e+05 -1.00e+05 -1.00e+05 -1.00e+05 -1.00e+05 -1.00e+05
2015 12 04  1720   57360  62400  -1.00e+05 -1.00e+05 -1.00e+05 -1.00e+05 -1.00e+05 -1.00e+05 -1.00e+05 -1.00e+05 -1.00e+05
2015 12 04  1725   57360  62700  -1.00e+05 -1.00e+05 -1.00e+05 -1.00e+05 -1.00e+05 -1.00e+05 -1.00e+05 -1.00e+05 -1.00e+05
2015 12 04  1730   57360  63000  -1.00e+05 -1.00e+05 -1.00e+05 -1.00e+05 -1.00e+05 -1.00e+05 -1.00e+05 -1.00e+05 -1.00e+05
2015 12 04  1735   57360  63300   3.34e+00  2.01e-01  1.76e-01  1.37e-01  1.27e-01  1.08e-01  7.13e+04  2.42e+03 -1.00e+05
2015 12 04  1740   57360  63600   5.74e+00  2.66e-01  1.75e-01  7.95e-02  6.96e-02  5.05e-02  7.13e+04  2.46e+03 -1.00e+05
2015 12 04  1745   57360  63900   3.64e+00  1.57e-01  1.32e-01  4.95e-02  3.96e-02  2.05e-02  7.13e+04  2.42e+03 -1.00e+05
2015 12 04  1750   57360  64200   3.84e+00  2.93e-01  2.68e-01  9.55e-02  5.00e-02  2.05e-02  7.13e+04  2.34e+03 -1.00e+05
2015 12 04  1755   57360  64500   5.41e+00  2.32e-01  1.42e-01  9.19e-02  8.20e-02  6.29e-02  7.13e+04  2.38e+03 -1.00e+05
2015 12 04  1800   57360  64800   4.16e+00  1.48e-01  1.23e-01  8.45e-02  7.46e-02  5.54e-02  7.13e+04  2.44e+03 -1.00e+05
2015 12 04  1805   57360  65100   4.31e+00  2.24e-01  1.99e-01  1.59e-01  1.19e-01  6.00e-02  7.13e+04  2.48e+03 -1.00e+05
2015 12 04  1810   57360  65400   4.68e+00  2.74e-01  2.49e-01  8.90e-02  4.85e-02  2.05e-02  7.48e+04  2.62e+03 -1.00e+05
2015 12 04  1815   57360  65700   8.58e+00  3.13e-01  1.49e-01  8.34e-02  6.54e-02  3.49e-02  7.51e+04  2.59e+03 -1.00e+05
2015 12 04  1820   57360  66000   6.48e+00  1.94e-01  1.14e-01  6.48e-02  5.49e-02  2.56e-02  7.52e+04  2.61e+03 -1.00e+05
2015 12 04  1825   57360  66300   4.54e+00  1.48e-01  1.22e-01  8.36e-02  7.37e-02  3.14e-02  7.47e+04  2.60e+03 -1.00e+05
2015 12 04  1830   57360  66600   6.80e+00  2.94e-01  2.19e-01  8.43e-02  6.41e-02  2.74e-02  7.14e+04  2.56e+03 -1.00e+05
2015 12 04  1835   57360  66900   4.38e+00  1.47e-01  1.22e-01  6.48e-02  5.48e-02  2.54e-02  7.45e+04  2.58e+03 -1.00e+05
2015 12 04  1840   57360  67200   4.68e+00  2.37e-01  2.12e-01  8.50e-02  5.74e-02  3.31e-02  7.37e+04  2.57e+03 -1.00e+05
2015 12 04  1845   57360  67500   5.13e+00  1.74e-01  1.49e-01  7.21e-02  6.22e-02  4.30e-02  7.48e+04  2.65e+03 -1.00e+05
2015 12 04  1850   57360  67800   8.37e+00  2.03e-01  1.01e-01  5.97e-02  4.98e-02  3.07e-02  7.53e+04  2.74e+03 -1.00e+05
2015 12 04  1855   57360  68100   5.16e+00  1.14e-01  8.84e-02  4.95e-02  3.96e-02  2.05e-02  7.53e+04  2.71e+03 -1.00e+05
2015 12 04  1900   57360  68400   5.27e+00  1.61e-01  1.36e-01  9.54e-02  5.78e-02  3.31e-02  7.53e+04  2.72e+03 -1.00e+05
2015 12 04  1905   57360  68700   6.80e+00  2.56e-01  1.81e-01  1.34e-01  1.24e-01  4.75e-02  7.53e+04  2.73e+03 -1.00e+05
2015 12 04  1910   57360  69000   6.24e+00  1.36e-01  9.19e-02  4.97e-02  3.96e-02  2.05e-02  7.53e+04  2.71e+03 -1.00e+05
2015 12 04  1915   57360  69300   1.14e+01  5.25e-01  2.14e-01  9.94e-02  8.94e-02  7.03e-02  7.53e+04  2.77e+03 -1.00e+05
2015 12 04  1920   57360  69600   1.04e+01  2.69e-01  1.32e-01  9.04e-02  8.04e-02  3.55e-02  7.53e+04  2.82e+03 -1.00e+05
2015 12 04  1925   57360  69900   6.36e+00  2.35e-01  2.10e-01  4.95e-02  3.96e-02  2.05e-02  7.53e+04  2.92e+03 -1.00e+05
2015 12 04  1930   57360  70200   6.34e+00  1.50e-01  1.25e-01  8.56e-02  6.52e-02  4.30e-02  7.54e+04  2.99e+03 -1.00e+05
2015 12 04  1935   57360  70500   6.33e+00  1.47e-01  1.22e-01  6.48e-02  5.48e-02  2.54e-02  7.86e+04  3.06e+03 -1.00e+05
2015 12 04  1940   57360  70800   1.42e+01  5.27e-01  2.05e-01  8.36e-02  7.37e-02  3.14e-02  7.86e+04  3.05e+03 -1.00e+05
2015 12 04  1945   57360  71100   6.33e+00  1.14e-01  8.84e-02  4.95e-02  3.96e-02  2.05e-02  7.67e+04  3.00e+03 -1.00e+05
2015 12 04  1950   57360  71400   6.75e+00  1.95e-01  1.52e-01  6.47e-02  5.48e-02  3.56e-02  7.55e+04  2.92e+03 -1.00e+05
2015 12 04  1955   57360  71700   5.67e+00  1.35e-01  1.10e-01  7.10e-02  6.11e-02  2.74e-02  7.53e+04  2.86e+03 -1.00e+05
2015 12 04  2000   57360  72000   5.81e+00  1.36e-01  1.11e-01  7.21e-02  6.22e-02  4.30e-02  7.53e+04  2.90e+03 -1.00e+05
2015 12 04  2005   57360  72300   6.35e+00  1.78e-01  1.35e-01  5.73e-02  4.73e-02  2.82e-02  7.53e+04  2.85e+03 -1.00e+05
2015 12 04  2010   57360  72600   9.59e+00  2.86e-01  1.36e-01  9.44e-02  8.45e-02  6.53e-02  7.53e+04  2.73e+03 -1.00e+05
2015 12 04  2015   57360  72900   4.84e+00  2.43e-01  2.18e-01  1.77e-01  1.07e-01  3.56e-02  7.53e+04  2.68e+03 -1.00e+05
2015 12 04  2020   57360  73200   5.04e+00  1.61e-01  1.36e-01  9.55e-02  5.00e-02  2.05e-02  7.53e+04  2.66e+03 -1.00e+05
2015 12 04  2025   57360  73500   4.81e+00  1.29e-01  1.04e-01  6.48e-02  5.48e-02  2.54e-02  7.53e+04  2.68e+03 -1.00e+05
2015 12 04  2030   57360  73800   9.85e+00  4.59e-01  2.38e-01  4.95e-02  3.96e-02  2.05e-02  7.53e+04  2.69e+03 -1.00e+05
2015 12 04  2035   57360  74100   6.75e+00  2.51e-01  1.91e-01  8.99e-02  7.99e-02  3.34e-02  7.53e+04  2.71e+03 -1.00e+05
2015 12 04  2040   57360  74400   5.17e+00  1.92e-01  1.66e-01  1.01e-01  7.65e-02  4.79e-02  7.53e+04  2.77e+03 -1.00e+05
2015 12 04  2045   57360  74700   8.03e+00  1.94e-01  9.11e-02  4.95e-02  3.96e-02  2.05e-02  7.53e+04  2.74e+03 -1.00e+05
2015 12 04  2050   57360  75000   7.62e+00  2.40e-01  1.48e-01  5.48e-02  4.48e-02  2.57e-02  7.53e+04  2.79e+03 -1.00e+05
2015 12 04  2055   57360  75300   5.25e+00  1.81e-01  1.56e-01  1.17e-01  1.07e-01  7.08e-02  7.63e+04  2.88e+03 -1.00e+05
2015 12 04  2100   57360  75600   5.40e+00  1.41e-01  1.16e-01  7.71e-02  6.71e-02  4.80e-02  7.76e+04  2.88e+03 -1.00e+05
2015 12 04  2105   57360  75900   5.09e+00  1.41e-01  1.16e-01  7.67e-02  5.36e-02  3.07e-02  7.55e+04  2.79e+03 -1.00e+05
2015 12 04  2110   57360  76200   5.09e+00  1.20e-01  9.53e-02  5.62e-02  4.11e-02  2.05e-02  7.53e+04  2.72e+03 -1.00e+05
2015 12 04  2115   57360  76500   4.98e+00  2.45e-01  2.20e-01  6.93e-02  4.41e-02  2.05e-02  7.53e+04  2.71e+03 -1.00e+05
2015 12 04  2120   57360  76800   5.97e+00  1.97e-01  1.51e-01  1.09e-01  9.88e-02  3.95e-02  7.53e+04  2.76e+03 -1.00e+05
2015 12 04  2125   57360  77100   4.94e+00  1.14e-01  8.84e-02  4.95e-02  3.96e-02  2.05e-02  7.53e+04  2.69e+03 -1.00e+05
2015 12 04  2130   57360  77400   7.94e+00  2.54e-01  1.50e-01  1.09e-01  9.87e-02  3.95e-02  7.53e+04  2.66e+03 -1.00e+05
2015 12 04  2135   57360  77700   4.83e+00  1.34e-01  1.08e-01  6.96e-02  5.96e-02  4.05e-02  7.53e+04  2.66e+03 -1.00e+05
2015 12 04  2140   57360  78000   5.33e+00  1.95e-01  1.70e-01  1.30e-01  8.40e-02  3.14e-02  7.60e+04  2.78e+03 -1.00e+05
2015 12 04  2145   57360  78300   5.87e+00  1.64e-01  1.38e-01  5.62e-02  4.11e-02  2.05e-02  7.93e+04  2.98e+03 -1.00e+05
2015 12 04  2150   57360  78600   6.73e+00  1.43e-01  9.87e-02  5.62e-02  4.11e-02  2.05e-02  7.93e+04  2.98e+03 -1.00e+05
2015 12 04  2155   57360  78900   8.21e+00  3.41e-01  2.25e-01  1.68e-01  1.06e-01  5.03e-02  7.75e+04  2.75e+03 -1.00e+05
2015 12 04  2200   57360  79200   4.60e+00  1.14e-01  8.84e-02  4.95e-02  3.96e-02  2.05e-02  7.70e+04  2.73e+03 -1.00e+05
2015 12 04  2205   57360  79500   1.06e+01  6.43e-01  2.48e-01  8.20e-02  7.21e-02  5.30e-02  7.93e+04  2.67e+03 -1.00e+05
2015 12 04  2210   57360  79800   7.41e+00  1.94e-01  9.11e-02  4.95e-02  3.96e-02  2.05e-02  7.86e+04  2.70e+03 -1.00e+05
2015 12 04  2215   57360  80100   4.81e+00  1.24e-01  9.86e-02  5.97e-02  4.98e-02  3.07e-02  7.93e+04  2.71e+03 -1.00e+05
2015 12 04  2220   57360  80400   4.62e+00  2.06e-01  1.80e-01  1.42e-01  1.32e-01  5.00e-02  7.93e+04  2.76e+03 -1.00e+05
2015 12 04  2225   57360  80700   4.98e+00  1.19e-01  9.36e-02  5.48e-02  4.48e-02  2.57e-02  7.93e+04  2.66e+03 -1.00e+05
2015 12 04  2230   57360  81000   4.88e+00  1.14e-01  8.84e-02  4.95e-02  3.96e-02  2.05e-02  7.93e+04  2.67e+03 -1.00e+05
2015 12 04  2235   57360  81300   4.65e+00  1.60e-01  1.34e-01  4.95e-02  3.96e-02  2.05e-02  7.93e+04  2.70e+03 -1.00e+05
2015 12 04  2240   57360  81600   7.42e+00  3.59e-01  2.29e-01  7.97e-02  6.98e-02  3.88e-02  7.93e+04  2.67e+03 -1.00e+05
2015 12 04  2245   57360  81900   4.27e+00  1.60e-01  1.34e-01  4.95e-02  3.96e-02  2.05e-02  7.64e+04  2.48e+03 -1.00e+05
2015 12 04  2250   57360  82200   4.46e+00  1.55e-01  1.30e-01  5.22e-02  4.23e-02  2.13e-02  7.53e+04  2.51e+03 -1.00e+05
2015 12 04  2255   57360  82500   4.69e+00  2.47e-01  2.21e-01  1.22e-01  8.14e-02  2.17e-02  7.53e+04  2.46e+03 -1.00e+05
2015 12 04  2300   57360  82800   4.23e+00  1.16e-01  9.11e-02  5.22e-02  4.23e-02  2.13e-02  7.53e+04  2.42e+03 -1.00e+05
2015 12 04  2305   57360  83100   3.98e+00  1.48e-01  1.22e-01  8.36e-02  7.37e-02  3.14e-02  7.53e+04  2.35e+03 -1.00e+05
2015 12 04  2310   57360  83400   3.87e+00  1.86e-01  1.61e-01  1.21e-01  8.85e-02  5.47e-02  7.53e+04  2.29e+03 -1.00e+05
2015 12 04  2315   57360  83700   4.56e+00  1.95e-01  1.51e-01  6.36e-02  5.07e-02  3.07e-02  7.52e+04  2.29e+03 -1.00e+05
2015 12 04  2320   57360  84000   6.61e+00  3.30e-01  1.80e-01  9.94e-02  8.94e-02  7.03e-02  7.53e+04  2.28e+03 -1.00e+05
2015 12 04  2325   57360  84300   7.44e+00  5.01e-01  2.79e-01  9.10e-02  5.11e-02  2.32e-02  7.52e+04  2.25e+03 -1.00e+05
2015 12 04  2330   57360  84600   3.57e+00  1.36e-01  1.11e-01  7.19e-02  5.45e-02  3.31e-02  7.53e+04  2.21e+03 -1.00e+05
2015 12 04  2335   57360  84900   3.47e+00  1.14e-01  8.84e-02  4.95e-02  3.96e-02  2.05e-02  7.53e+04  2.20e+03 -1.00e+05
2015 12 04  2340   57360  85200   6.05e+00  3.61e-01  1.86e-01  4.95e-02  3.96e-02  2.05e-02  7.53e+04  2.20e+03 -1.00e+05
2015 12 04  2345   57360  85500   6.80e+00  4.11e-01  1.67e-01  4.95e-02  3.96e-02  2.05e-02  7.53e+04  2.15e+03 -1.00e+05
2015 12 04  2350   57360  85800   5.51e+00  3.68e-01  2.28e-01  5.85e-02  4.86e-02  2.34e-02  7.53e+04  2.16e+03 -1.00e+05
2015 12 04  2355   57360  86100   3.23e+00  1.57e-01  1.32e-01  4.95e-02  3.96e-02  2.05e-02  7.53e+04  2.16e+03 -1.00e+05
