:Data_list: 20150806_Gp_part_5m.txt
:Created: 2015 Aug 07 0011 UTC
# Prepared by the U.S. Dept. of Commerce, NOAA, Space Weather Prediction Center
# Please send comments and suggestions to SWPC.Webmaster@noaa.gov 
# 
# Label: P > 1 = Particles at >1 Mev
# Label: P > 5 = Particles at >5 Mev
# Label: P >10 = Particles at >10 Mev
# Label: P >30 = Particles at >30 Mev
# Label: P >50 = Particles at >50 Mev
# Label: P>100 = Particles at >100 Mev
# Label: E>0.8 = Electrons at >0.8 Mev
# Label: E>2.0 = Electrons at >2.0 Mev
# Label: E>4.0 = Electrons at >4.0 Mev
# Units: Particles = Protons/cm2-s-sr
# Units: Electrons = Electrons/cm2-s-sr
# Source: GOES-13
# Location: W075
# Missing data: -1.00e+05
#
#                      5-minute  GOES-13 Solar Particle and Electron Flux
#
#                 Modified Seconds
# UTC Date  Time   Julian  of the
# YR MO DA  HHMM    Day     Day     P > 1     P > 5     P >10     P >30     P >50     P>100     E>0.8     E>2.0     E>4.0
#-------------------------------------------------------------------------------------------------------------------------
2015 08 06  0000   57240      0   3.19e-01  1.25e-01  1.00e-01  4.98e-02  4.01e-02  2.08e-02  1.47e+04  1.42e+02 -1.00e+05
2015 08 06  0005   57240    300   6.74e-01  1.89e-01  8.80e-02  5.35e-02  4.09e-02  2.08e-02  1.36e+04  1.18e+02 -1.00e+05
2015 08 06  0010   57240    600   4.43e-01  1.43e-01  1.19e-01  7.33e-02  6.36e-02  4.43e-02  1.31e+04  1.14e+02 -1.00e+05
2015 08 06  0015   57240    900   7.62e-01  3.53e-01  3.28e-01  1.21e-01  6.85e-02  2.63e-02  1.12e+04  7.83e+01 -1.00e+05
2015 08 06  0020   57240   1200   4.29e-01  1.24e-01  9.97e-02  6.68e-02  5.71e-02  2.63e-02  1.05e+04  7.56e+01 -1.00e+05
2015 08 06  0025   57240   1500   9.45e-01  2.06e-01  1.06e-01  7.17e-02  5.75e-02  3.69e-02  1.13e+04  9.11e+01 -1.00e+05
2015 08 06  0030   57240   1800   5.36e-01  1.43e-01  1.19e-01  4.98e-02  4.01e-02  2.08e-02  1.22e+04  1.12e+02 -1.00e+05
2015 08 06  0035   57240   2100   1.07e+00  2.19e-01  9.47e-02  6.01e-02  4.24e-02  2.08e-02  1.22e+04  1.18e+02 -1.00e+05
2015 08 06  0040   57240   2400   5.64e-01  1.47e-01  1.22e-01  5.35e-02  4.38e-02  2.45e-02  1.09e+04  8.74e+01 -1.00e+05
2015 08 06  0045   57240   2700   9.04e-01  3.64e-01  2.67e-01  9.97e-02  6.57e-02  3.94e-02  1.08e+04  8.06e+01 -1.00e+05
2015 08 06  0050   57240   3000   6.48e-01  1.54e-01  1.30e-01  4.98e-02  4.01e-02  2.08e-02  1.11e+04  8.61e+01 -1.00e+05
2015 08 06  0055   57240   3300   9.93e-01  2.19e-01  9.47e-02  6.01e-02  4.24e-02  2.08e-02  1.09e+04  8.92e+01 -1.00e+05
2015 08 06  0100   57240   3600   5.44e-01  1.65e-01  1.41e-01  1.06e-01  6.68e-02  4.19e-02  1.26e+04  9.73e+01 -1.00e+05
2015 08 06  0105   57240   3900   5.21e-01  1.47e-01  1.22e-01  5.35e-02  4.38e-02  2.45e-02  1.19e+04  9.84e+01 -1.00e+05
2015 08 06  0110   57240   4200   4.95e-01  1.11e-01  8.65e-02  5.35e-02  4.09e-02  2.08e-02  1.08e+04  8.61e+01 -1.00e+05
2015 08 06  0115   57240   4500   1.24e+00  2.31e-01  8.40e-02  4.98e-02  4.01e-02  2.08e-02  1.15e+04  9.41e+01 -1.00e+05
2015 08 06  0120   57240   4800   5.31e-01  1.79e-01  1.55e-01  1.21e-01  9.87e-02  3.93e-02  1.23e+04  1.08e+02 -1.00e+05
2015 08 06  0125   57240   5100   4.78e-01  1.11e-01  8.65e-02  5.35e-02  4.09e-02  2.08e-02  1.29e+04  1.18e+02 -1.00e+05
2015 08 06  0130   57240   5400   5.50e-01  1.52e-01  1.27e-01  5.84e-02  4.87e-02  2.95e-02  1.14e+04  1.01e+02 -1.00e+05
2015 08 06  0135   57240   5700   1.17e+00  1.85e-01  8.42e-02  4.98e-02  4.01e-02  2.08e-02  1.22e+04  1.06e+02 -1.00e+05
2015 08 06  0140   57240   6000   8.01e-01  1.57e-01  1.32e-01  9.27e-02  6.91e-02  4.58e-02  1.18e+04  9.25e+01 -1.00e+05
2015 08 06  0145   57240   6300   8.34e-01  1.25e-01  1.00e-01  4.98e-02  4.01e-02  2.08e-02  1.17e+04  1.05e+02 -1.00e+05
2015 08 06  0150   57240   6600   6.94e-01  1.08e-01  8.39e-02  5.10e-02  4.13e-02  2.20e-02  1.22e+04  1.06e+02 -1.00e+05
2015 08 06  0155   57240   6900   6.71e-01  1.38e-01  1.07e-01  7.31e-02  6.34e-02  2.83e-02  1.17e+04  1.01e+02 -1.00e+05
2015 08 06  0200   57240   7200   8.43e-01  1.07e-01  8.26e-02  4.98e-02  4.01e-02  2.08e-02  1.15e+04  1.02e+02 -1.00e+05
2015 08 06  0205   57240   7500   5.76e-01  1.36e-01  1.11e-01  7.82e-02  6.85e-02  4.93e-02  1.20e+04  9.88e+01 -1.00e+05
2015 08 06  0210   57240   7800   7.17e-01  1.12e-01  8.72e-02  5.43e-02  4.46e-02  2.23e-02  1.19e+04  1.03e+02 -1.00e+05
2015 08 06  0215   57240   8100   7.78e-01  1.07e-01  8.26e-02  4.98e-02  4.01e-02  2.08e-02  1.16e+04  1.03e+02 -1.00e+05
2015 08 06  0220   57240   8400   8.05e-01  2.57e-01  2.07e-01  7.32e-02  4.53e-02  2.08e-02  1.21e+04  1.07e+02 -1.00e+05
2015 08 06  0225   57240   8700   6.26e-01  1.21e-01  9.62e-02  6.34e-02  5.37e-02  3.44e-02  1.18e+04  1.03e+02 -1.00e+05
2015 08 06  0230   57240   9000   5.43e-01  1.07e-01  8.26e-02  4.98e-02  4.01e-02  2.08e-02  1.17e+04  9.58e+01 -1.00e+05
2015 08 06  0235   57240   9300   8.02e-01  1.87e-01  1.62e-01  1.30e-01  1.20e-01  4.64e-02  1.17e+04  9.86e+01 -1.00e+05
2015 08 06  0240   57240   9600   1.15e+00  2.73e-01  1.83e-01  6.06e-02  5.09e-02  2.43e-02  1.17e+04  1.05e+02 -1.00e+05
2015 08 06  0245   57240   9900   6.53e-01  1.07e-01  8.26e-02  4.98e-02  4.01e-02  2.08e-02  1.17e+04  1.01e+02 -1.00e+05
2015 08 06  0250   57240  10200   8.47e-01  1.85e-01  8.42e-02  4.98e-02  4.01e-02  2.08e-02  1.17e+04  1.02e+02 -1.00e+05
2015 08 06  0255   57240  10500   8.71e-01  1.93e-01  1.69e-01  8.87e-02  7.34e-02  3.86e-02  1.13e+04  9.13e+01 -1.00e+05
2015 08 06  0300   57240  10800   5.51e-01  1.43e-01  1.19e-01  8.57e-02  7.60e-02  5.67e-02  1.08e+04  8.79e+01 -1.00e+05
2015 08 06  0305   57240  11100   9.03e-01  2.17e-01  1.19e-01  7.29e-02  5.20e-02  2.95e-02  1.03e+04  8.65e+01 -1.00e+05
2015 08 06  0310   57240  11400   1.08e+00  1.97e-01  1.27e-01  8.57e-02  7.59e-02  3.23e-02  1.01e+04  8.69e+01 -1.00e+05
2015 08 06  0315   57240  11700   8.13e-01  2.05e-01  1.07e-01  6.01e-02  4.24e-02  2.08e-02  1.03e+04  8.20e+01 -1.00e+05
2015 08 06  0320   57240  12000   4.76e-01  1.45e-01  1.20e-01  8.72e-02  7.06e-02  4.93e-02  9.82e+03  7.99e+01 -1.00e+05
2015 08 06  0325   57240  12300   5.58e-01  1.31e-01  1.06e-01  7.31e-02  6.34e-02  2.83e-02  9.75e+03  8.00e+01 -1.00e+05
2015 08 06  0330   57240  12600   4.12e-01  1.07e-01  8.26e-02  4.98e-02  4.01e-02  2.08e-02  9.32e+03  6.94e+01 -1.00e+05
2015 08 06  0335   57240  12900   8.67e-01  1.91e-01  9.03e-02  5.60e-02  4.62e-02  2.70e-02  9.10e+03  7.34e+01 -1.00e+05
2015 08 06  0340   57240  13200   3.23e-01  1.45e-01  1.20e-01  8.63e-02  4.83e-02  2.08e-02  8.97e+03  7.08e+01 -1.00e+05
2015 08 06  0345   57240  13500   6.40e-01  1.26e-01  1.01e-01  6.83e-02  5.86e-02  3.94e-02  8.89e+03  6.92e+01 -1.00e+05
2015 08 06  0350   57240  13800   6.10e-01  1.47e-01  1.22e-01  8.79e-02  4.57e-02  2.08e-02  8.83e+03  7.47e+01 -1.00e+05
2015 08 06  0355   57240  14100   5.11e-01  1.25e-01  1.00e-01  4.98e-02  4.01e-02  2.08e-02  8.45e+03  6.38e+01 -1.00e+05
2015 08 06  0400   57240  14400   6.91e-01  1.56e-01  1.31e-01  9.81e-02  8.83e-02  6.91e-02  8.17e+03  5.62e+01 -1.00e+05
2015 08 06  0405   57240  14700   7.43e-01  1.31e-01  1.06e-01  7.33e-02  6.36e-02  4.43e-02  8.35e+03  6.09e+01 -1.00e+05
2015 08 06  0410   57240  15000   5.16e-01  2.03e-01  1.78e-01  4.98e-02  4.01e-02  2.08e-02  8.13e+03  5.77e+01 -1.00e+05
2015 08 06  0415   57240  15300   5.55e-01  1.91e-01  1.66e-01  1.33e-01  1.21e-01  4.64e-02  7.93e+03  6.00e+01 -1.00e+05
2015 08 06  0420   57240  15600   7.69e-01  1.68e-01  1.22e-01  8.43e-02  5.13e-02  2.23e-02  7.93e+03  5.88e+01 -1.00e+05
2015 08 06  0425   57240  15900   6.59e-01  1.69e-01  1.45e-01  9.29e-02  4.98e-02  2.08e-02  8.07e+03  6.28e+01 -1.00e+05
2015 08 06  0430   57240  16200   6.12e-01  1.41e-01  9.49e-02  5.81e-02  4.54e-02  2.23e-02  7.74e+03  5.48e+01 -1.00e+05
2015 08 06  0435   57240  16500   1.21e+00  3.83e-01  2.03e-01  5.35e-02  4.38e-02  2.45e-02  7.75e+03  5.42e+01 -1.00e+05
2015 08 06  0440   57240  16800   5.85e-01  1.54e-01  1.30e-01  4.98e-02  4.01e-02  2.08e-02  7.08e+03  5.28e+01 -1.00e+05
2015 08 06  0445   57240  17100   5.72e-01  1.07e-01  8.26e-02  4.98e-02  4.01e-02  2.08e-02  7.60e+03  4.80e+01 -1.00e+05
2015 08 06  0450   57240  17400   4.82e-01  1.26e-01  1.01e-01  5.10e-02  4.13e-02  2.20e-02  7.01e+03  4.69e+01 -1.00e+05
2015 08 06  0455   57240  17700   4.00e-01  1.84e-01  1.37e-01  1.01e-01  9.08e-02  7.16e-02  6.13e+03  3.97e+01 -1.00e+05
2015 08 06  0500   57240  18000   4.69e-01  1.76e-01  1.39e-01  1.03e-01  6.55e-02  2.72e-02  6.95e+03  4.16e+01 -1.00e+05
2015 08 06  0505   57240  18300   7.47e-01  2.16e-01  1.15e-01  7.98e-02  4.68e-02  2.08e-02  5.90e+03  3.48e+01 -1.00e+05
2015 08 06  0510   57240  18600   4.65e-01  1.43e-01  1.19e-01  8.57e-02  7.59e-02  3.23e-02  6.02e+03  3.37e+01 -1.00e+05
2015 08 06  0515   57240  18900   5.01e-01  1.55e-01  1.31e-01  9.78e-02  8.81e-02  5.73e-02  5.05e+03  2.93e+01 -1.00e+05
2015 08 06  0520   57240  19200   4.85e-01  2.51e-01  2.05e-01  8.68e-02  7.71e-02  5.78e-02  4.29e+03  2.07e+01 -1.00e+05
2015 08 06  0525   57240  19500   5.10e-01  1.93e-01  1.69e-01  1.35e-01  9.67e-02  3.64e-02  4.65e+03  2.14e+01 -1.00e+05
2015 08 06  0530   57240  19800   3.77e-01  1.92e-01  1.68e-01  1.35e-01  1.25e-01  6.75e-02  5.35e+03  3.05e+01 -1.00e+05
2015 08 06  0535   57240  20100   3.98e-01  1.25e-01  1.01e-01  6.80e-02  5.83e-02  3.91e-02  5.50e+03  2.88e+01 -1.00e+05
2015 08 06  0540   57240  20400   5.76e-01  1.76e-01  1.28e-01  9.02e-02  6.74e-02  4.43e-02  5.39e+03  3.13e+01 -1.00e+05
2015 08 06  0545   57240  20700   5.02e-01  1.31e-01  1.06e-01  7.29e-02  5.20e-02  2.95e-02  5.34e+03  3.04e+01 -1.00e+05
2015 08 06  0550   57240  21000   9.56e-01  2.60e-01  1.64e-01  8.32e-02  7.35e-02  5.42e-02  6.02e+03  3.72e+01 -1.00e+05
2015 08 06  0555   57240  21300   1.05e+00  4.81e-01  1.82e-01  4.98e-02  4.01e-02  2.08e-02  5.46e+03  3.86e+01 -1.00e+05
2015 08 06  0600   57240  21600   4.55e-01  1.21e-01  9.62e-02  6.34e-02  5.37e-02  3.44e-02  5.39e+03  3.73e+01 -1.00e+05
2015 08 06  0605   57240  21900   5.62e-01  2.38e-01  2.14e-01  7.98e-02  4.68e-02  2.08e-02  6.61e+03  4.34e+01 -1.00e+05
2015 08 06  0610   57240  22200   4.39e-01  1.16e-01  9.13e-02  5.84e-02  4.87e-02  2.95e-02  6.24e+03  4.09e+01 -1.00e+05
2015 08 06  0615   57240  22500   5.49e-01  2.09e-01  8.41e-02  4.98e-02  4.01e-02  2.08e-02  6.20e+03  4.82e+01 -1.00e+05
2015 08 06  0620   57240  22800   5.82e-01  2.06e-01  1.81e-01  7.94e-02  6.97e-02  3.03e-02  5.68e+03  4.73e+01 -1.00e+05
2015 08 06  0625   57240  23100   6.15e-01  1.85e-01  8.42e-02  4.98e-02  4.01e-02  2.08e-02  5.44e+03  3.84e+01 -1.00e+05
2015 08 06  0630   57240  23400   8.61e-01  4.14e-01  2.00e-01  4.98e-02  4.01e-02  2.08e-02  3.42e+03  8.32e+00 -1.00e+05
2015 08 06  0635   57240  23700   4.03e-01  1.25e-01  1.00e-01  6.67e-02  4.39e-02  2.08e-02  2.44e+03  7.91e+00 -1.00e+05
2015 08 06  0640   57240  24000   5.93e-01  1.96e-01  1.11e-01  6.68e-02  5.71e-02  2.63e-02  2.02e+03  5.21e+00 -1.00e+05
2015 08 06  0645   57240  24300   2.49e-01  1.53e-01  1.28e-01  8.57e-02  7.60e-02  5.67e-02  2.42e+03  7.79e+00 -1.00e+05
2015 08 06  0650   57240  24600   3.95e-01  1.38e-01  8.84e-02  5.10e-02  4.13e-02  2.20e-02  2.49e+03  9.78e+00 -1.00e+05
2015 08 06  0655   57240  24900   5.23e-01  1.18e-01  9.38e-02  6.09e-02  5.12e-02  3.20e-02  2.46e+03  8.74e+00 -1.00e+05
2015 08 06  0700   57240  25200   2.89e-01  2.46e-01  2.22e-01  1.87e-01  1.17e-01  3.84e-02  2.42e+03  9.39e+00 -1.00e+05
2015 08 06  0705   57240  25500   3.75e-01  1.43e-01  1.19e-01  8.57e-02  7.59e-02  3.23e-02  3.25e+03  1.07e+01 -1.00e+05
2015 08 06  0710   57240  25800   5.62e-01  1.95e-01  1.05e-01  6.06e-02  5.09e-02  2.43e-02  2.49e+03  1.00e+01 -1.00e+05
2015 08 06  0715   57240  26100   5.74e-01  1.41e-01  1.16e-01  8.31e-02  7.05e-02  3.03e-02  3.13e+03  1.34e+01 -1.00e+05
2015 08 06  0720   57240  26400   5.21e-01  2.01e-01  1.49e-01  1.11e-01  1.02e-01  4.31e-02  2.94e+03  1.31e+01 -1.00e+05
2015 08 06  0725   57240  26700   3.69e-01  1.07e-01  8.26e-02  4.98e-02  4.01e-02  2.08e-02  4.02e+03  2.01e+01 -1.00e+05
2015 08 06  0730   57240  27000   3.86e-01  1.59e-01  1.34e-01  6.59e-02  5.61e-02  3.69e-02  5.75e+03  2.96e+01 -1.00e+05
2015 08 06  0735   57240  27300   3.63e-01  1.07e-01  8.26e-02  4.98e-02  4.01e-02  2.08e-02  5.23e+03  3.23e+01 -1.00e+05
2015 08 06  0740   57240  27600   6.03e-01  1.70e-01  1.45e-01  7.80e-02  6.83e-02  4.75e-02  5.86e+03  2.55e+01 -1.00e+05
2015 08 06  0745   57240  27900   4.65e-01  1.69e-01  1.44e-01  1.10e-01  6.25e-02  2.70e-02  5.49e+03  2.06e+01 -1.00e+05
2015 08 06  0750   57240  28200   4.14e-01  1.89e-01  1.65e-01  8.57e-02  7.60e-02  5.67e-02  6.42e+03  2.60e+01 -1.00e+05
2015 08 06  0755   57240  28500   3.17e-01  1.25e-01  1.01e-01  6.80e-02  5.83e-02  3.91e-02  5.37e+03  1.75e+01 -1.00e+05
2015 08 06  0800   57240  28800   2.75e-01  2.41e-01  1.91e-01  6.09e-02  5.12e-02  3.20e-02  4.23e+03  9.79e+00 -1.00e+05
2015 08 06  0805   57240  29100   3.85e-01  1.87e-01  1.62e-01  1.30e-01  1.20e-01  4.64e-02  4.28e+03  9.16e+00 -1.00e+05
2015 08 06  0810   57240  29400   2.69e-01  1.38e-01  1.13e-01  8.01e-02  7.04e-02  3.31e-02  4.34e+03  6.28e+00 -1.00e+05
2015 08 06  0815   57240  29700   7.16e-01  2.34e-01  1.09e-01  7.41e-02  4.65e-02  2.20e-02  3.26e+03  5.75e+00 -1.00e+05
2015 08 06  0820   57240  30000   4.62e-01  2.00e-01  1.76e-01  7.47e-02  5.43e-02  3.20e-02  1.73e+03  9.99e-01 -1.00e+05
2015 08 06  0825   57240  30300   2.54e-01  1.54e-01  1.30e-01  9.69e-02  8.71e-02  5.36e-02  1.83e+03  4.10e-01 -1.00e+05
2015 08 06  0830   57240  30600   3.24e-01  1.48e-01  1.24e-01  8.91e-02  4.57e-02  2.08e-02  2.13e+03  9.67e-01 -1.00e+05
2015 08 06  0835   57240  30900   2.07e-01  1.79e-01  1.55e-01  1.21e-01  9.85e-02  3.84e-02  1.35e+03  1.33e-01 -1.00e+05
2015 08 06  0840   57240  31200   2.34e-01  1.98e-01  1.43e-01  1.04e-01  9.47e-02  3.84e-02  1.15e+03  1.20e+00 -1.00e+05
2015 08 06  0845   57240  31500   1.92e-01  1.33e-01  1.09e-01  7.58e-02  6.61e-02  4.68e-02  5.52e+02  3.78e-01 -1.00e+05
2015 08 06  0850   57240  31800   2.42e-01  1.07e-01  8.26e-02  4.98e-02  4.01e-02  2.08e-02  3.31e+02  1.26e+00 -1.00e+05
2015 08 06  0855   57240  32100   3.77e-01  1.68e-01  1.18e-01  7.98e-02  4.68e-02  2.08e-02  3.30e+02  1.61e+00 -1.00e+05
2015 08 06  0900   57240  32400   3.32e-01  2.46e-01  1.51e-01  9.81e-02  8.83e-02  6.91e-02  5.76e+02  4.42e-01 -1.00e+05
2015 08 06  0905   57240  32700   3.15e-01  2.06e-01  1.81e-01  5.35e-02  4.38e-02  2.45e-02  6.80e+02  4.20e+00 -1.00e+05
2015 08 06  0910   57240  33000   4.70e-01  1.24e-01  9.97e-02  6.68e-02  5.71e-02  2.63e-02  3.75e+02  3.02e+00 -1.00e+05
2015 08 06  0915   57240  33300   1.46e+00  2.03e-01  1.78e-01  4.98e-02  4.01e-02  2.08e-02  7.99e+02  6.15e+00 -1.00e+05
2015 08 06  0920   57240  33600   4.46e+00  2.22e-01  1.24e-01  6.34e-02  5.37e-02  3.44e-02  6.26e+02  5.76e+00 -1.00e+05
2015 08 06  0925   57240  33900   3.45e+01  5.02e-01  1.92e-01  6.28e-02  4.59e-02  2.45e-02  3.03e+03  2.90e+01 -1.00e+05
2015 08 06  0930   57240  34200   3.71e+01  2.06e-01  1.70e-01  6.68e-02  5.71e-02  2.63e-02  6.51e+03  7.06e+01 -1.00e+05
2015 08 06  0935   57240  34500   9.45e+01  2.52e-01  8.39e-02  4.98e-02  4.01e-02  2.08e-02  7.80e+03  7.94e+01 -1.00e+05
2015 08 06  0940   57240  34800   5.63e+01  1.24e-01  9.97e-02  6.68e-02  5.71e-02  2.63e-02  9.83e+03  1.10e+02 -1.00e+05
2015 08 06  0945   57240  35100   6.22e+01  2.12e-01  1.64e-01  8.07e-02  7.10e-02  5.18e-02  1.04e+04  1.12e+02 -1.00e+05
2015 08 06  0950   57240  35400   2.47e+01  1.86e-01  1.61e-01  7.26e-02  6.29e-02  4.36e-02  9.75e+03  9.25e+01 -1.00e+05
2015 08 06  0955   57240  35700   1.85e+01  1.31e-01  1.06e-01  7.31e-02  6.34e-02  2.83e-02  1.15e+04  1.11e+02 -1.00e+05
2015 08 06  1000   57240  36000   8.19e+00  1.11e-01  8.65e-02  5.35e-02  4.09e-02  2.08e-02  1.06e+04  1.01e+02 -1.00e+05
2015 08 06  1005   57240  36300   1.12e+01  3.56e-01  1.85e-01  6.17e-02  5.20e-02  2.89e-02  1.24e+04  1.24e+02 -1.00e+05
2015 08 06  1010   57240  36600   1.14e+01  2.30e-01  1.16e-01  6.01e-02  4.24e-02  2.08e-02  1.45e+04  1.64e+02 -1.00e+05
2015 08 06  1015   57240  36900   7.57e+00  2.14e-01  1.39e-01  9.63e-02  7.35e-02  3.03e-02  1.47e+04  1.61e+02 -1.00e+05
2015 08 06  1020   57240  37200   3.24e+00  2.06e-01  1.81e-01  1.47e-01  1.09e-01  4.04e-02  1.33e+04  1.27e+02 -1.00e+05
2015 08 06  1025   57240  37500   2.42e+00  1.66e-01  1.27e-01  9.15e-02  8.18e-02  5.52e-02  1.26e+04  1.04e+02 -1.00e+05
2015 08 06  1030   57240  37800   2.80e+00  1.48e-01  9.78e-02  6.01e-02  4.24e-02  2.08e-02  1.32e+04  1.24e+02 -1.00e+05
2015 08 06  1035   57240  38100   2.23e+00  1.18e-01  9.38e-02  6.09e-02  5.12e-02  3.20e-02  1.28e+04  1.18e+02 -1.00e+05
2015 08 06  1040   57240  38400   4.42e+00  2.51e-01  1.27e-01  9.31e-02  8.34e-02  6.42e-02  1.26e+04  1.19e+02 -1.00e+05
2015 08 06  1045   57240  38700   2.85e+00  1.78e-01  1.54e-01  1.21e-01  1.04e-01  4.31e-02  1.30e+04  1.15e+02 -1.00e+05
2015 08 06  1050   57240  39000   3.03e+00  1.31e-01  1.07e-01  7.32e-02  4.53e-02  2.08e-02  1.40e+04  1.42e+02 -1.00e+05
2015 08 06  1055   57240  39300   4.21e+00  1.94e-01  9.60e-02  4.98e-02  4.01e-02  2.08e-02  1.42e+04  1.61e+02 -1.00e+05
2015 08 06  1100   57240  39600   1.82e+00  1.93e-01  1.69e-01  1.36e-01  1.26e-01  4.85e-02  1.29e+04  1.26e+02 -1.00e+05
2015 08 06  1105   57240  39900   1.61e+00  1.57e-01  1.08e-01  5.35e-02  4.38e-02  2.45e-02  1.23e+04  1.05e+02 -1.00e+05
2015 08 06  1110   57240  40200   1.37e+00  2.05e-01  1.80e-01  5.50e-02  4.53e-02  2.50e-02  1.26e+04  1.14e+02 -1.00e+05
2015 08 06  1115   57240  40500   1.59e+00  1.07e-01  8.26e-02  4.98e-02  4.01e-02  2.08e-02  1.33e+04  1.28e+02 -1.00e+05
2015 08 06  1120   57240  40800   1.19e+00  1.07e-01  8.26e-02  4.98e-02  4.01e-02  2.08e-02  1.36e+04  1.36e+02 -1.00e+05
2015 08 06  1125   57240  41100   1.43e+00  1.57e-01  1.32e-01  5.98e-02  4.90e-02  2.95e-02  1.35e+04  1.27e+02 -1.00e+05
2015 08 06  1130   57240  41400   1.47e+00  1.56e-01  1.31e-01  9.82e-02  8.85e-02  3.64e-02  1.37e+04  1.34e+02 -1.00e+05
2015 08 06  1135   57240  41700   1.44e+00  1.24e-01  9.97e-02  6.68e-02  5.71e-02  2.63e-02  1.37e+04  1.26e+02 -1.00e+05
2015 08 06  1140   57240  42000   1.40e+00  1.07e-01  8.26e-02  4.98e-02  4.01e-02  2.08e-02  1.39e+04  1.23e+02 -1.00e+05
2015 08 06  1145   57240  42300   1.84e+00  2.33e-01  1.83e-01  4.98e-02  4.01e-02  2.08e-02  1.32e+04  1.22e+02 -1.00e+05
2015 08 06  1150   57240  42600   1.81e+00  1.88e-01  1.38e-01  9.94e-02  5.12e-02  2.08e-02  1.23e+04  1.16e+02 -1.00e+05
2015 08 06  1155   57240  42900   3.25e+00  4.14e-01  2.00e-01  4.98e-02  4.01e-02  2.08e-02  1.16e+04  1.01e+02 -1.00e+05
2015 08 06  1200   57240  43200   2.82e+00  1.94e-01  9.60e-02  4.98e-02  4.01e-02  2.08e-02  1.18e+04  1.06e+02 -1.00e+05
2015 08 06  1205   57240  43500   2.19e+00  1.07e-01  8.26e-02  4.98e-02  4.01e-02  2.08e-02  1.17e+04  1.20e+02 -1.00e+05
2015 08 06  1210   57240  43800   2.53e+00  1.72e-01  1.26e-01  5.43e-02  4.46e-02  2.23e-02  1.17e+04  1.31e+02 -1.00e+05
2015 08 06  1215   57240  44100   3.14e+00  1.54e-01  1.05e-01  6.67e-02  4.39e-02  2.08e-02  1.22e+04  1.36e+02 -1.00e+05
2015 08 06  1220   57240  44400   4.21e+00  2.50e-01  1.09e-01  5.35e-02  4.09e-02  2.08e-02  1.29e+04  1.48e+02 -1.00e+05
2015 08 06  1225   57240  44700   2.59e+00  2.03e-01  1.78e-01  4.98e-02  4.01e-02  2.08e-02  1.37e+04  1.76e+02 -1.00e+05
2015 08 06  1230   57240  45000   3.98e+00  1.85e-01  8.42e-02  4.98e-02  4.01e-02  2.08e-02  1.43e+04  1.91e+02 -1.00e+05
2015 08 06  1235   57240  45300   4.06e+00  2.23e-01  1.10e-01  5.60e-02  4.62e-02  2.70e-02  1.47e+04  2.00e+02 -1.00e+05
2015 08 06  1240   57240  45600   3.41e+00  2.36e-01  1.38e-01  7.32e-02  4.53e-02  2.08e-02  1.44e+04  1.91e+02 -1.00e+05
2015 08 06  1245   57240  45900   2.09e+00  1.25e-01  1.00e-01  4.98e-02  4.01e-02  2.08e-02  1.43e+04  1.89e+02 -1.00e+05
2015 08 06  1250   57240  46200   3.30e+00  2.64e-01  1.68e-01  1.34e-01  1.16e-01  4.44e-02  1.49e+04  2.11e+02 -1.00e+05
2015 08 06  1255   57240  46500   2.71e+00  1.43e-01  1.19e-01  7.33e-02  6.36e-02  4.43e-02  1.55e+04  2.12e+02 -1.00e+05
2015 08 06  1300   57240  46800   2.49e+00  1.08e-01  8.39e-02  5.10e-02  4.13e-02  2.20e-02  1.62e+04  2.30e+02 -1.00e+05
2015 08 06  1305   57240  47100   3.01e+00  2.37e-01  1.87e-01  5.35e-02  4.09e-02  2.08e-02  1.62e+04  2.27e+02 -1.00e+05
2015 08 06  1310   57240  47400   2.81e+00  1.55e-01  1.14e-01  7.74e-02  5.47e-02  2.43e-02  1.65e+04  2.28e+02 -1.00e+05
2015 08 06  1315   57240  47700   2.85e+00  1.28e-01  1.04e-01  7.08e-02  6.11e-02  4.19e-02  1.65e+04  2.39e+02 -1.00e+05
2015 08 06  1320   57240  48000   3.52e+00  1.97e-01  1.27e-01  8.57e-02  7.59e-02  3.23e-02  1.72e+04  2.46e+02 -1.00e+05
2015 08 06  1325   57240  48300   2.36e+00  1.18e-01  9.38e-02  6.09e-02  5.12e-02  3.20e-02  1.68e+04  2.37e+02 -1.00e+05
2015 08 06  1330   57240  48600   3.24e+00  2.87e-01  1.93e-01  1.47e-01  1.14e-01  4.24e-02  1.65e+04  2.20e+02 -1.00e+05
2015 08 06  1335   57240  48900   2.09e+00  1.71e-01  1.47e-01  6.80e-02  5.83e-02  3.91e-02  1.60e+04  2.13e+02 -1.00e+05
2015 08 06  1340   57240  49200   2.08e+00  1.07e-01  8.26e-02  4.98e-02  4.01e-02  2.08e-02  1.58e+04  2.18e+02 -1.00e+05
2015 08 06  1345   57240  49500   2.32e+00  1.40e-01  1.08e-01  7.33e-02  6.36e-02  2.92e-02  1.58e+04  2.07e+02 -1.00e+05
2015 08 06  1350   57240  49800   3.44e+00  2.05e-01  1.07e-01  6.01e-02  4.24e-02  2.08e-02  1.58e+04  2.29e+02 -1.00e+05
2015 08 06  1355   57240  50100   2.63e+00  1.18e-01  9.38e-02  6.09e-02  5.12e-02  3.20e-02  1.61e+04  2.37e+02 -1.00e+05
2015 08 06  1400   57240  50400   2.68e+00  1.79e-01  1.54e-01  1.20e-01  7.79e-02  4.93e-02  1.63e+04  2.59e+02 -1.00e+05
2015 08 06  1405   57240  50700   3.08e+00  1.92e-01  1.67e-01  8.82e-02  7.84e-02  5.92e-02  1.69e+04  2.81e+02 -1.00e+05
2015 08 06  1410   57240  51000   3.33e+00  1.38e-01  1.14e-01  7.98e-02  4.68e-02  2.08e-02  1.65e+04  2.78e+02 -1.00e+05
2015 08 06  1415   57240  51300   6.91e+00  2.26e-01  1.03e-01  6.88e-02  5.91e-02  3.98e-02  1.70e+04  2.92e+02 -1.00e+05
2015 08 06  1420   57240  51600   4.28e+00  1.25e-01  1.00e-01  4.98e-02  4.01e-02  2.08e-02  1.70e+04  3.15e+02 -1.00e+05
2015 08 06  1425   57240  51900   4.54e+00  1.24e-01  9.97e-02  6.68e-02  5.71e-02  2.63e-02  1.75e+04  3.42e+02 -1.00e+05
2015 08 06  1430   57240  52200   6.42e+00  1.77e-01  1.18e-01  7.89e-02  6.92e-02  2.21e-02  1.81e+04  3.68e+02 -1.00e+05
2015 08 06  1435   57240  52500   6.91e+00  1.68e-01  1.44e-01  1.11e-01  1.01e-01  4.04e-02  1.81e+04  3.80e+02 -1.00e+05
2015 08 06  1440   57240  52800   7.46e+00  1.78e-01  1.53e-01  1.20e-01  1.10e-01  5.43e-02  1.77e+04  3.68e+02 -1.00e+05
2015 08 06  1445   57240  53100   7.60e+00  1.31e-01  1.06e-01  7.33e-02  6.36e-02  2.92e-02  1.90e+04  3.81e+02 -1.00e+05
2015 08 06  1450   57240  53400   8.53e+00  1.57e-01  1.10e-01  7.33e-02  6.36e-02  4.44e-02  1.92e+04  3.78e+02 -1.00e+05
2015 08 06  1455   57240  53700   9.78e+00  2.26e-01  1.28e-01  8.06e-02  4.80e-02  2.20e-02  1.76e+04  3.30e+02 -1.00e+05
2015 08 06  1500   57240  54000   4.49e+00  1.57e-01  1.34e-01  9.39e-02  5.42e-02  2.59e-02  1.39e+04  2.64e+02 -1.00e+05
2015 08 06  1505   57240  54300   1.19e+01  3.40e-01  9.79e-02  5.74e-02  4.79e-02  2.84e-02  1.72e+04  3.36e+02 -1.00e+05
2015 08 06  1510   57240  54600   8.88e+00  2.67e-01  1.14e-01  7.71e-02  4.66e-02  2.09e-02  1.94e+04  3.80e+02 -1.00e+05
2015 08 06  1515   57240  54900   4.75e+00  2.14e-01  1.90e-01  1.55e-01  1.15e-01  4.18e-02  2.03e+04  4.03e+02 -1.00e+05
2015 08 06  1520   57240  55200   5.96e+00  2.27e-01  1.17e-01  6.76e-02  4.83e-02  2.59e-02  1.99e+04  3.77e+02 -1.00e+05
2015 08 06  1525   57240  55500   4.08e+00  2.99e-01  2.76e-01  7.71e-02  4.66e-02  2.09e-02  1.97e+04  3.74e+02 -1.00e+05
2015 08 06  1530   57240  55800   5.04e+00  1.58e-01  9.66e-02  4.99e-02  4.04e-02  2.09e-02  2.13e+04  4.08e+02 -1.00e+05
2015 08 06  1535   57240  56100   8.69e+00  3.15e-01  1.02e-01  6.67e-02  5.72e-02  3.31e-02  2.09e+04  4.09e+02 -1.00e+05
2015 08 06  1540   57240  56400   7.63e+00  2.31e-01  9.29e-02  4.99e-02  4.04e-02  2.09e-02  2.12e+04  4.21e+02 -1.00e+05
2015 08 06  1545   57240  56700   8.11e+00  2.62e-01  8.65e-02  5.09e-02  4.07e-02  2.09e-02  2.08e+04  4.07e+02 -1.00e+05
2015 08 06  1550   57240  57000   6.30e+00  2.86e-01  1.88e-01  1.50e-01  9.03e-02  4.09e-02  2.09e+04  4.03e+02 -1.00e+05
2015 08 06  1555   57240  57300   5.19e+00  2.12e-01  1.53e-01  1.12e-01  7.90e-02  5.27e-02  2.20e+04  4.31e+02 -1.00e+05
2015 08 06  1600   57240  57600   3.39e+00  1.99e-01  1.75e-01  5.75e-02  4.22e-02  2.10e-02  2.20e+04  4.30e+02 -1.00e+05
2015 08 06  1605   57240  57900   6.39e+00  4.32e-01  2.46e-01  7.06e-02  4.51e-02  2.09e-02  2.20e+04  4.11e+02 -1.00e+05
2015 08 06  1610   57240  58200   3.43e+00  2.48e-01  2.25e-01  1.16e-01  8.99e-02  6.55e-02  2.20e+04  4.20e+02 -1.00e+05
2015 08 06  1615   57240  58500   3.36e+00  1.28e-01  1.05e-01  7.11e-02  6.16e-02  2.77e-02  2.20e+04  4.32e+02 -1.00e+05
2015 08 06  1620   57240  58800   7.52e+00  2.39e-01  8.56e-02  4.99e-02  4.04e-02  2.09e-02  2.39e+04  4.79e+02 -1.00e+05
2015 08 06  1625   57240  59100   3.54e+00  1.07e-01  8.38e-02  4.99e-02  4.04e-02  2.09e-02  2.34e+04  4.65e+02 -1.00e+05
2015 08 06  1630   57240  59400   3.60e+00  1.60e-01  1.36e-01  1.02e-01  9.29e-02  3.78e-02  2.34e+04  4.61e+02 -1.00e+05
2015 08 06  1635   57240  59700   7.60e+00  2.76e-01  9.27e-02  4.99e-02  4.04e-02  2.09e-02  2.50e+04  5.14e+02 -1.00e+05
2015 08 06  1640   57240  60000   6.18e+00  2.06e-01  9.82e-02  6.24e-02  5.29e-02  3.33e-02  2.42e+04  5.03e+02 -1.00e+05
2015 08 06  1645   57240  60300   7.03e+00  3.38e-01  1.87e-01  4.99e-02  4.04e-02  2.09e-02  2.52e+04  5.30e+02 -1.00e+05
2015 08 06  1650   57240  60600   3.41e+00  1.07e-01  8.38e-02  4.99e-02  4.04e-02  2.09e-02  2.37e+04  4.91e+02 -1.00e+05
2015 08 06  1655   57240  60900   3.38e+00  2.28e-01  2.05e-01  1.15e-01  1.05e-01  4.18e-02  2.37e+04  4.79e+02 -1.00e+05
2015 08 06  1700   57240  61200   5.61e+00  2.41e-01  1.57e-01  8.36e-02  7.41e-02  3.17e-02  2.45e+04  4.93e+02 -1.00e+05
2015 08 06  1705   57240  61500   3.46e+00  1.56e-01  1.32e-01  9.62e-02  4.63e-02  2.09e-02  2.34e+04  4.68e+02 -1.00e+05
2015 08 06  1710   57240  61800   5.43e+00  2.38e-01  1.27e-01  7.71e-02  4.66e-02  2.09e-02  2.33e+04  4.61e+02 -1.00e+05
2015 08 06  1715   57240  62100   3.59e+00  1.11e-01  8.72e-02  5.33e-02  4.30e-02  2.17e-02  2.34e+04  4.83e+02 -1.00e+05
2015 08 06  1720   57240  62400   4.82e+00  2.01e-01  1.46e-01  1.05e-01  5.96e-02  2.37e-02  2.42e+04  5.07e+02 -1.00e+05
2015 08 06  1725   57240  62700   5.84e+00  1.95e-01  8.68e-02  5.09e-02  4.07e-02  2.09e-02  2.42e+04  4.98e+02 -1.00e+05
2015 08 06  1730   57240  63000   5.16e+00  2.99e-01  2.38e-01  1.16e-01  6.88e-02  3.83e-02  2.46e+04  5.10e+02 -1.00e+05
2015 08 06  1735   57240  63300   5.89e+00  2.63e-01  1.53e-01  4.99e-02  4.04e-02  2.09e-02  2.51e+04  5.22e+02 -1.00e+05
2015 08 06  1740   57240  63600   9.11e+00  2.86e-01  9.04e-02  5.49e-02  4.54e-02  2.59e-02  2.60e+04  5.46e+02 -1.00e+05
2015 08 06  1745   57240  63900   3.89e+00  1.51e-01  1.27e-01  4.99e-02  4.04e-02  2.09e-02  2.67e+04  5.77e+02 -1.00e+05
2015 08 06  1750   57240  64200   3.86e+00  1.19e-01  9.55e-02  5.74e-02  4.79e-02  2.84e-02  2.62e+04  5.74e+02 -1.00e+05
2015 08 06  1755   57240  64500   8.98e+00  2.81e-01  8.54e-02  4.99e-02  4.04e-02  2.09e-02  2.71e+04  5.91e+02 -1.00e+05
2015 08 06  1800   57240  64800   4.59e+00  2.82e-01  2.58e-01  9.68e-02  5.10e-02  2.09e-02  2.73e+04  6.07e+02 -1.00e+05
2015 08 06  1805   57240  65100   4.69e+00  1.07e-01  8.38e-02  4.99e-02  4.04e-02  2.09e-02  2.79e+04  6.23e+02 -1.00e+05
2015 08 06  1810   57240  65400   6.45e+00  2.41e-01  1.35e-01  9.95e-02  9.00e-02  7.05e-02  2.73e+04  5.85e+02 -1.00e+05
2015 08 06  1815   57240  65700   8.54e+00  2.61e-01  8.55e-02  4.99e-02  4.04e-02  2.09e-02  2.70e+04  5.94e+02 -1.00e+05
2015 08 06  1820   57240  66000   5.22e+00  2.32e-01  9.39e-02  5.09e-02  4.07e-02  2.09e-02  2.57e+04  5.41e+02 -1.00e+05
2015 08 06  1825   57240  66300   3.54e+00  1.07e-01  8.38e-02  4.99e-02  4.04e-02  2.09e-02  2.66e+04  5.73e+02 -1.00e+05
2015 08 06  1830   57240  66600   4.82e+00  1.56e-01  1.32e-01  9.21e-02  5.19e-02  2.34e-02  2.74e+04  6.08e+02 -1.00e+05
2015 08 06  1835   57240  66900   6.66e+00  1.94e-01  8.58e-02  4.99e-02  4.04e-02  2.09e-02  2.60e+04  5.56e+02 -1.00e+05
2015 08 06  1840   57240  67200   4.39e+00  2.74e-01  2.50e-01  7.71e-02  4.66e-02  2.09e-02  2.60e+04  5.49e+02 -1.00e+05
2015 08 06  1845   57240  67500   8.02e+00  3.06e-01  1.09e-01  7.23e-02  6.28e-02  4.33e-02  2.60e+04  5.51e+02 -1.00e+05
2015 08 06  1850   57240  67800   4.20e+00  1.51e-01  1.27e-01  4.99e-02  4.04e-02  2.09e-02  2.61e+04  5.78e+02 -1.00e+05
2015 08 06  1855   57240  68100   4.35e+00  1.10e-01  8.61e-02  5.23e-02  4.28e-02  2.17e-02  2.67e+04  6.09e+02 -1.00e+05
2015 08 06  1900   57240  68400   8.68e+00  3.99e-01  1.80e-01  5.85e-02  4.90e-02  2.37e-02  2.57e+04  5.64e+02 -1.00e+05
2015 08 06  1905   57240  68700   5.46e+00  2.31e-01  1.86e-01  9.83e-02  6.77e-02  2.77e-02  2.60e+04  5.61e+02 -1.00e+05
2015 08 06  1910   57240  69000   4.35e+00  1.07e-01  8.38e-02  5.00e-02  4.05e-02  2.10e-02  2.68e+04  5.94e+02 -1.00e+05
2015 08 06  1915   57240  69300   8.21e+00  3.92e-01  2.16e-01  9.38e-02  8.43e-02  6.48e-02  2.66e+04  6.03e+02 -1.00e+05
2015 08 06  1920   57240  69600   7.78e+00  1.95e-01  8.68e-02  5.09e-02  4.07e-02  2.09e-02  2.69e+04  5.84e+02 -1.00e+05
2015 08 06  1925   57240  69900   4.98e+00  2.24e-01  2.00e-01  9.80e-02  7.25e-02  2.97e-02  2.60e+04  5.43e+02 -1.00e+05
2015 08 06  1930   57240  70200   5.28e+00  1.12e-01  8.88e-02  5.49e-02  4.54e-02  2.59e-02  2.63e+04  5.56e+02 -1.00e+05
2015 08 06  1935   57240  70500   4.34e+00  1.47e-01  1.23e-01  8.96e-02  8.01e-02  6.06e-02  2.73e+04  5.73e+02 -1.00e+05
2015 08 06  1940   57240  70800   8.66e+00  4.61e-01  2.19e-01  8.95e-02  6.94e-02  4.61e-02  2.74e+04  5.86e+02 -1.00e+05
2015 08 06  1945   57240  71100   8.29e+00  2.03e-01  9.57e-02  5.99e-02  5.04e-02  3.09e-02  2.84e+04  6.26e+02 -1.00e+05
2015 08 06  1950   57240  71400   4.41e+00  2.94e-01  2.71e-01  1.02e-01  5.78e-02  2.37e-02  2.74e+04  5.71e+02 -1.00e+05
2015 08 06  1955   57240  71700   4.42e+00  1.55e-01  1.32e-01  9.81e-02  8.78e-02  6.80e-02  2.86e+04  6.39e+02 -1.00e+05
2015 08 06  2000   57240  72000   4.53e+00  1.91e-01  1.68e-01  4.99e-02  4.04e-02  2.09e-02  2.88e+04  6.20e+02 -1.00e+05
2015 08 06  2005   57240  72300   3.91e+00  1.74e-01  1.50e-01  1.16e-01  1.07e-01  4.73e-02  2.93e+04  6.34e+02 -1.00e+05
2015 08 06  2010   57240  72600   4.45e+00  1.54e-01  1.09e-01  7.11e-02  6.16e-02  2.77e-02  2.88e+04  6.05e+02 -1.00e+05
2015 08 06  2015   57240  72900   3.84e+00  1.97e-01  1.74e-01  1.40e-01  1.31e-01  4.99e-02  2.82e+04  5.86e+02 -1.00e+05
2015 08 06  2020   57240  73200   8.08e+00  2.61e-01  8.55e-02  4.99e-02  4.04e-02  2.09e-02  2.88e+04  6.02e+02 -1.00e+05
2015 08 06  2025   57240  73500   4.06e+00  1.07e-01  8.38e-02  4.99e-02  4.04e-02  2.09e-02  2.92e+04  6.08e+02 -1.00e+05
2015 08 06  2030   57240  73800   3.99e+00  1.52e-01  1.29e-01  9.33e-02  6.75e-02  4.33e-02  2.97e+04  6.20e+02 -1.00e+05
2015 08 06  2035   57240  74100   4.82e+00  2.38e-01  1.77e-01  5.24e-02  4.30e-02  2.34e-02  2.88e+04  5.85e+02 -1.00e+05
2015 08 06  2040   57240  74400   4.27e+00  2.22e-01  1.63e-01  8.06e-02  7.11e-02  5.16e-02  3.00e+04  6.10e+02 -1.00e+05
2015 08 06  2045   57240  74700   3.43e+00  1.92e-01  1.69e-01  5.09e-02  4.07e-02  2.09e-02  2.90e+04  6.00e+02 -1.00e+05
2015 08 06  2050   57240  75000   3.41e+00  1.08e-01  8.48e-02  5.09e-02  4.07e-02  2.09e-02  2.80e+04  5.45e+02 -1.00e+05
2015 08 06  2055   57240  75300   3.43e+00  1.91e-01  1.68e-01  4.99e-02  4.04e-02  2.09e-02  2.93e+04  5.89e+02 -1.00e+05
2015 08 06  2100   57240  75600   3.15e+00  1.64e-01  1.41e-01  1.05e-01  5.96e-02  2.37e-02  2.87e+04  5.54e+02 -1.00e+05
2015 08 06  2105   57240  75900   3.33e+00  1.35e-01  1.11e-01  7.73e-02  6.79e-02  2.97e-02  2.89e+04  5.68e+02 -1.00e+05
2015 08 06  2110   57240  76200   4.88e+00  2.53e-01  1.46e-01  9.70e-02  8.75e-02  6.80e-02  2.86e+04  5.45e+02 -1.00e+05
2015 08 06  2115   57240  76500   2.97e+00  1.91e-01  1.68e-01  4.99e-02  4.04e-02  2.09e-02  2.85e+04  5.35e+02 -1.00e+05
2015 08 06  2120   57240  76800   2.90e+00  1.92e-01  1.69e-01  5.10e-02  4.07e-02  2.10e-02  2.82e+04  5.25e+02 -1.00e+05
2015 08 06  2125   57240  77100   4.08e+00  3.02e-01  1.93e-01  6.24e-02  5.29e-02  3.33e-02  2.71e+04  4.54e+02 -1.00e+05
2015 08 06  2130   57240  77400   2.81e+00  1.15e-01  9.16e-02  5.75e-02  4.21e-02  2.09e-02  2.71e+04  4.47e+02 -1.00e+05
2015 08 06  2135   57240  77700   4.90e+00  2.36e-01  1.06e-01  6.98e-02  6.03e-02  4.08e-02  2.69e+04  4.43e+02 -1.00e+05
2015 08 06  2140   57240  78000   4.33e+00  4.07e-01  2.38e-01  9.15e-02  6.52e-02  4.08e-02  2.60e+04  4.06e+02 -1.00e+05
2015 08 06  2145   57240  78300   2.83e+00  1.65e-01  1.23e-01  8.60e-02  7.65e-02  4.09e-02  2.55e+04  3.83e+02 -1.00e+05
2015 08 06  2150   57240  78600   2.26e+00  1.07e-01  8.38e-02  4.99e-02  4.04e-02  2.09e-02  2.46e+04  3.44e+02 -1.00e+05
2015 08 06  2155   57240  78900   2.62e+00  1.80e-01  1.20e-01  7.97e-02  7.02e-02  5.07e-02  2.45e+04  3.33e+02 -1.00e+05
2015 08 06  2200   57240  79200   3.49e+00  2.20e-01  1.13e-01  7.72e-02  6.77e-02  4.82e-02  2.46e+04  3.31e+02 -1.00e+05
2015 08 06  2205   57240  79500   2.78e+00  1.52e-01  9.07e-02  4.99e-02  4.04e-02  2.09e-02  2.43e+04  3.06e+02 -1.00e+05
2015 08 06  2210   57240  79800   3.48e+00  1.94e-01  8.58e-02  4.99e-02  4.04e-02  2.09e-02  2.43e+04  3.19e+02 -1.00e+05
2015 08 06  2215   57240  80100   1.99e+00  1.49e-01  1.26e-01  9.21e-02  8.26e-02  6.31e-02  2.46e+04  3.21e+02 -1.00e+05
2015 08 06  2220   57240  80400   2.18e+00  1.07e-01  8.38e-02  4.99e-02  4.04e-02  2.09e-02  2.46e+04  3.22e+02 -1.00e+05
2015 08 06  2225   57240  80700   2.52e+00  1.68e-01  1.08e-01  6.73e-02  5.78e-02  3.83e-02  2.38e+04  2.96e+02 -1.00e+05
2015 08 06  2230   57240  81000   1.95e+00  1.42e-01  1.18e-01  8.39e-02  6.19e-02  3.87e-02  2.27e+04  2.42e+02 -1.00e+05
2015 08 06  2235   57240  81300   1.72e+00  1.56e-01  1.32e-01  9.68e-02  5.10e-02  2.09e-02  2.33e+04  2.73e+02 -1.00e+05
2015 08 06  2240   57240  81600   1.97e+00  1.88e-01  1.26e-01  8.39e-02  4.63e-02  2.09e-02  2.15e+04  2.34e+02 -1.00e+05
2015 08 06  2245   57240  81900   1.35e+00  1.15e-01  9.13e-02  5.74e-02  4.79e-02  2.84e-02  1.99e+04  2.04e+02 -1.00e+05
2015 08 06  2250   57240  82200   1.34e+00  1.13e-01  8.97e-02  4.99e-02  4.04e-02  2.09e-02  1.97e+04  2.00e+02 -1.00e+05
2015 08 06  2255   57240  82500   2.18e+00  2.96e-01  1.87e-01  6.73e-02  5.78e-02  3.83e-02  1.88e+04  1.79e+02 -1.00e+05
2015 08 06  2300   57240  82800   2.44e+00  5.66e-01  2.03e-01  4.99e-02  4.04e-02  2.09e-02  1.92e+04  1.94e+02 -1.00e+05
2015 08 06  2305   57240  83100   1.18e+00  1.37e-01  1.14e-01  7.97e-02  7.02e-02  5.07e-02  1.88e+04  1.94e+02 -1.00e+05
2015 08 06  2310   57240  83400   1.66e+00  1.94e-01  8.58e-02  4.99e-02  4.04e-02  2.09e-02  1.81e+04  1.72e+02 -1.00e+05
2015 08 06  2315   57240  83700   1.19e+00  1.22e-01  9.84e-02  6.41e-02  4.37e-02  2.10e-02  1.83e+04  1.77e+02 -1.00e+05
2015 08 06  2320   57240  84000   1.33e+00  1.07e-01  8.38e-02  4.99e-02  4.04e-02  2.09e-02  1.92e+04  1.94e+02 -1.00e+05
2015 08 06  2325   57240  84300   2.66e+00  5.45e-01  2.14e-01  9.02e-02  8.07e-02  5.74e-02  2.08e+04  2.17e+02 -1.00e+05
2015 08 06  2330   57240  84600   1.27e+00  1.07e-01  8.38e-02  4.99e-02  4.04e-02  2.09e-02  2.11e+04  2.25e+02 -1.00e+05
2015 08 06  2335   57240  84900   1.49e+00  1.73e-01  1.49e-01  6.48e-02  5.53e-02  2.57e-02  2.15e+04  2.30e+02 -1.00e+05
2015 08 06  2340   57240  85200   1.11e+00  1.75e-01  1.51e-01  7.52e-02  6.57e-02  4.62e-02  2.09e+04  2.12e+02 -1.00e+05
2015 08 06  2345   57240  85500   1.32e+00  2.01e-01  1.77e-01  6.24e-02  5.29e-02  3.33e-02  2.17e+04  2.20e+02 -1.00e+05
2015 08 06  2350   57240  85800   1.20e+00  1.27e-01  1.04e-01  7.00e-02  5.84e-02  3.83e-02  2.21e+04  2.22e+02 -1.00e+05
2015 08 06  2355   57240  86100   1.03e+00  1.10e-01  8.63e-02  5.24e-02  4.30e-02  2.34e-02  2.18e+04  2.20e+02 -1.00e+05
