:Data_list: 20160119_Gs_part_5m.txt
:Created: 2016 Jan 20 0011 UTC
# Prepared by the U.S. Dept. of Commerce, NOAA, Space Weather Prediction Center
# Please send comments and suggestions to SWPC.Webmaster@noaa.gov 
# 
# Label: P > 1 = Particles at >1 Mev
# Label: P > 5 = Particles at >5 Mev
# Label: P >10 = Particles at >10 Mev
# Label: P >30 = Particles at >30 Mev
# Label: P >50 = Particles at >50 Mev
# Label: P>100 = Particles at >100 Mev
# Label: E>0.8 = Electrons at >0.8 Mev
# Label: E>2.0 = Electrons at >2.0 Mev
# Label: E>4.0 = Electrons at >4.0 Mev
# Units: Particles = Protons/cm2-s-sr
# Units: Electrons = Electrons/cm2-s-sr
# Source: GOES-15
# Location: W135
# Missing data: -1.00e+05
#
#                      5-minute  GOES-15 Solar Particle and Electron Flux
#
#                 Modified Seconds
# UTC Date  Time   Julian  of the
# YR MO DA  HHMM    Day     Day     P > 1     P > 5     P >10     P >30     P >50     P>100     E>0.8     E>2.0     E>4.0
#-------------------------------------------------------------------------------------------------------------------------
2016 01 19  0000   57406      0   6.25e+01  2.65e-01  9.76e-02  5.13e-02  4.11e-02  2.12e-02  4.20e+04  2.08e+03 -1.00e+05
2016 01 19  0005   57406    300   3.14e+01  1.34e-01  1.07e-01  6.34e-02  5.32e-02  3.33e-02  4.25e+04  1.99e+03 -1.00e+05
2016 01 19  0010   57406    600   2.86e+01  1.59e-01  1.32e-01  8.71e-02  4.70e-02  2.12e-02  4.05e+04  1.81e+03 -1.00e+05
2016 01 19  0015   57406    900   2.88e+01  1.57e-01  1.30e-01  8.66e-02  7.65e-02  5.65e-02  4.03e+04  1.79e+03 -1.00e+05
2016 01 19  0020   57406   1200   2.76e+01  1.32e-01  1.04e-01  6.07e-02  4.32e-02  2.12e-02  4.16e+04  1.82e+03 -1.00e+05
2016 01 19  0025   57406   1500   2.72e+01  1.27e-01  9.93e-02  5.13e-02  4.11e-02  2.12e-02  4.20e+04  1.84e+03 -1.00e+05
2016 01 19  0030   57406   1800   2.51e+01  1.27e-01  9.93e-02  5.13e-02  4.11e-02  2.12e-02  4.02e+04  1.69e+03 -1.00e+05
2016 01 19  0035   57406   2100   2.39e+01  2.05e-01  1.77e-01  5.13e-02  4.11e-02  2.12e-02  3.77e+04  1.59e+03 -1.00e+05
2016 01 19  0040   57406   2400   1.97e+01  1.81e-01  1.54e-01  7.86e-02  6.85e-02  3.00e-02  3.20e+04  1.23e+03 -1.00e+05
2016 01 19  0045   57406   2700   1.54e+01  1.24e-01  9.68e-02  5.35e-02  4.33e-02  2.33e-02  2.68e+04  8.90e+02 -1.00e+05
2016 01 19  0050   57406   3000   1.93e+01  1.27e-01  9.92e-02  5.59e-02  4.58e-02  2.58e-02  2.24e+04  7.08e+02 -1.00e+05
2016 01 19  0055   57406   3300   1.88e+01  1.27e-01  9.93e-02  5.13e-02  4.11e-02  2.12e-02  2.51e+04  7.63e+02 -1.00e+05
2016 01 19  0100   57406   3600   1.75e+01  1.43e-01  1.16e-01  7.24e-02  6.22e-02  2.79e-02  2.13e+04  5.80e+02 -1.00e+05
2016 01 19  0105   57406   3900   3.30e+01  2.88e-01  9.75e-02  5.13e-02  4.11e-02  2.12e-02  2.14e+04  5.10e+02 -1.00e+05
2016 01 19  0110   57406   4200   1.92e+01  1.58e-01  1.31e-01  8.72e-02  7.71e-02  2.22e-02  1.98e+04  4.84e+02 -1.00e+05
2016 01 19  0115   57406   4500   2.06e+01  1.30e-01  1.03e-01  5.98e-02  4.97e-02  2.39e-02  1.57e+04  3.04e+02 -1.00e+05
2016 01 19  0120   57406   4800   1.80e+01  1.39e-01  1.12e-01  6.83e-02  5.82e-02  3.82e-02  1.62e+04  2.99e+02 -1.00e+05
2016 01 19  0125   57406   5100   1.24e+01  1.24e-01  9.69e-02  5.36e-02  4.34e-02  2.19e-02  1.45e+04  2.43e+02 -1.00e+05
2016 01 19  0130   57406   5400   9.43e+00  1.22e-01  9.46e-02  5.13e-02  4.11e-02  2.12e-02  1.30e+04  1.76e+02 -1.00e+05
2016 01 19  0135   57406   5700   9.23e+00  1.22e-01  9.46e-02  5.13e-02  4.11e-02  2.12e-02  1.19e+04  1.52e+02 -1.00e+05
2016 01 19  0140   57406   6000   1.47e+01  2.52e-01  1.35e-01  7.53e-02  4.82e-02  2.33e-02  1.24e+04  1.53e+02 -1.00e+05
2016 01 19  0145   57406   6300   9.78e+00  3.30e-01  3.03e-01  1.11e-01  5.85e-02  2.39e-02  1.32e+04  1.60e+02 -1.00e+05
2016 01 19  0150   57406   6600   1.57e+01  3.10e-01  1.93e-01  5.13e-02  4.11e-02  2.12e-02  1.23e+04  1.43e+02 -1.00e+05
2016 01 19  0155   57406   6900   1.25e+01  1.22e-01  9.46e-02  5.13e-02  4.11e-02  2.12e-02  1.24e+04  1.45e+02 -1.00e+05
2016 01 19  0200   57406   7200   1.80e+01  2.27e-01  1.11e-01  5.13e-02  4.11e-02  2.12e-02  1.21e+04  1.32e+02 -1.00e+05
2016 01 19  0205   57406   7500   1.11e+01  1.51e-01  1.24e-01  8.07e-02  7.05e-02  5.06e-02  1.14e+04  1.18e+02 -1.00e+05
2016 01 19  0210   57406   7800   2.25e+01  2.94e-01  1.27e-01  8.07e-02  7.05e-02  5.06e-02  1.10e+04  1.11e+02 -1.00e+05
2016 01 19  0215   57406   8100   2.36e+01  4.39e-01  2.15e-01  6.72e-02  4.47e-02  2.12e-02  1.02e+04  9.78e+01 -1.00e+05
2016 01 19  0220   57406   8400   1.23e+01  1.43e-01  1.16e-01  7.28e-02  6.26e-02  2.96e-02  9.50e+03  8.61e+01 -1.00e+05
2016 01 19  0225   57406   8700   1.09e+01  1.82e-01  1.55e-01  5.41e-02  4.18e-02  2.12e-02  8.76e+03  7.44e+01 -1.00e+05
2016 01 19  0230   57406   9000   8.84e+00  2.06e-01  1.79e-01  5.35e-02  4.33e-02  2.33e-02  7.54e+03  6.14e+01 -1.00e+05
2016 01 19  0235   57406   9300   9.02e+00  1.43e-01  1.16e-01  7.24e-02  6.22e-02  2.79e-02  7.03e+03  5.59e+01 -1.00e+05
2016 01 19  0240   57406   9600   1.13e+01  1.71e-01  1.20e-01  7.24e-02  6.22e-02  2.79e-02  6.25e+03  4.61e+01 -1.00e+05
2016 01 19  0245   57406   9900   9.77e+00  1.22e-01  9.46e-02  5.13e-02  4.11e-02  2.12e-02  6.63e+03  4.85e+01 -1.00e+05
2016 01 19  0250   57406  10200   9.46e+00  2.37e-01  1.60e-01  8.06e-02  7.04e-02  2.22e-02  6.31e+03  4.21e+01 -1.00e+05
2016 01 19  0255   57406  10500   5.76e+00  1.87e-01  1.31e-01  8.20e-02  5.95e-02  2.59e-02  5.39e+03  2.87e+01 -1.00e+05
2016 01 19  0300   57406  10800   4.85e+00  2.05e-01  1.77e-01  5.13e-02  4.11e-02  2.12e-02  4.50e+03  2.81e+01 -1.00e+05
2016 01 19  0305   57406  11100   6.75e+00  2.27e-01  1.11e-01  5.13e-02  4.11e-02  2.12e-02  4.32e+03  2.25e+01 -1.00e+05
2016 01 19  0310   57406  11400   4.21e+00  1.22e-01  9.46e-02  5.13e-02  4.11e-02  2.12e-02  3.95e+03  2.47e+01 -1.00e+05
2016 01 19  0315   57406  11700   3.15e+00  1.22e-01  9.46e-02  5.13e-02  4.11e-02  2.12e-02  3.78e+03  2.10e+01 -1.00e+05
2016 01 19  0320   57406  12000   2.16e+00  1.66e-01  1.39e-01  9.58e-02  8.57e-02  5.21e-02  3.68e+03  2.81e+01 -1.00e+05
2016 01 19  0325   57406  12300   1.52e+00  1.65e-01  1.38e-01  9.34e-02  5.06e-02  2.12e-02  3.15e+03  2.39e+01 -1.00e+05
2016 01 19  0330   57406  12600   2.33e+00  2.75e-01  1.32e-01  8.57e-02  7.55e-02  5.55e-02  2.28e+03  1.55e+01 -1.00e+05
2016 01 19  0335   57406  12900   2.60e+00  2.49e-01  1.41e-01  9.44e-02  7.23e-02  3.16e-02  2.29e+03  1.33e+01 -1.00e+05
2016 01 19  0340   57406  13200   1.42e+00  1.30e-01  1.02e-01  5.41e-02  4.18e-02  2.12e-02  2.46e+03  1.96e+01 -1.00e+05
2016 01 19  0345   57406  13500   1.94e+00  2.74e-01  1.60e-01  9.99e-02  5.78e-02  2.92e-02  2.44e+03  1.26e+01 -1.00e+05
2016 01 19  0350   57406  13800   1.86e+00  2.69e-01  1.01e-01  5.36e-02  4.34e-02  2.19e-02  2.27e+03  1.93e+01 -1.00e+05
2016 01 19  0355   57406  14100   1.44e+00  3.75e-01  2.65e-01  5.98e-02  4.97e-02  2.39e-02  2.03e+03  1.51e+01 -1.00e+05
2016 01 19  0400   57406  14400   8.82e-01  1.22e-01  9.46e-02  5.13e-02  4.11e-02  2.12e-02  1.71e+03  1.41e+01 -1.00e+05
2016 01 19  0405   57406  14700   9.33e-01  1.99e-01  1.71e-01  7.52e-02  6.29e-02  2.79e-02  1.59e+03  8.88e+00 -1.00e+05
2016 01 19  0410   57406  15000   6.73e-01  1.51e-01  1.24e-01  8.07e-02  7.05e-02  5.06e-02  1.66e+03  1.31e+01 -1.00e+05
2016 01 19  0415   57406  15300   1.39e+00  2.88e-01  9.75e-02  5.13e-02  4.11e-02  2.12e-02  1.48e+03  1.32e+01 -1.00e+05
2016 01 19  0420   57406  15600   6.80e-01  1.43e-01  1.16e-01  6.72e-02  4.47e-02  2.12e-02  1.15e+03  6.59e+00 -1.00e+05
2016 01 19  0425   57406  15900   1.18e+00  2.69e-01  1.47e-01  9.33e-02  4.92e-02  2.33e-02  1.06e+03  4.18e+00 -1.00e+05
2016 01 19  0430   57406  16200   6.52e-01  1.22e-01  9.46e-02  5.13e-02  4.11e-02  2.12e-02  1.01e+03  9.08e+00 -1.00e+05
2016 01 19  0435   57406  16500   8.39e-01  1.72e-01  1.45e-01  1.00e-01  5.21e-02  2.12e-02  9.03e+02  4.78e+00 -1.00e+05
2016 01 19  0440   57406  16800   6.13e-01  1.40e-01  1.13e-01  6.83e-02  5.82e-02  3.82e-02  8.38e+02  4.68e+00 -1.00e+05
2016 01 19  0445   57406  17100   4.60e-01  1.50e-01  1.22e-01  7.38e-02  4.62e-02  2.12e-02  7.79e+02  6.48e+00 -1.00e+05
2016 01 19  0450   57406  17400   7.42e-01  2.25e-01  1.98e-01  1.15e-01  1.04e-01  5.81e-02  6.07e+02  1.49e-01 -1.00e+05
2016 01 19  0455   57406  17700   7.82e-01  1.30e-01  1.02e-01  5.41e-02  4.18e-02  2.12e-02  5.04e+02  2.22e+00 -1.00e+05
2016 01 19  0500   57406  18000   6.42e-01  1.98e-01  1.71e-01  1.26e-01  9.38e-02  3.60e-02  6.03e+02  3.54e+00 -1.00e+05
2016 01 19  0505   57406  18300   5.99e-01  1.54e-01  1.26e-01  8.32e-02  7.30e-02  5.31e-02  6.41e+02  4.44e+00 -1.00e+05
2016 01 19  0510   57406  18600   6.77e-01  1.22e-01  9.46e-02  5.13e-02  4.11e-02  2.12e-02  6.71e+02  5.66e+00 -1.00e+05
2016 01 19  0515   57406  18900   6.72e-01  1.22e-01  9.46e-02  5.13e-02  4.11e-02  2.12e-02  6.73e+02  7.32e+00 -1.00e+05
2016 01 19  0520   57406  19200   9.15e-01  1.87e-01  1.60e-01  1.16e-01  1.06e-01  4.20e-02  6.61e+02  5.18e+00 -1.00e+05
2016 01 19  0525   57406  19500   1.31e+00  3.35e-01  2.18e-01  6.07e-02  4.32e-02  2.12e-02  6.48e+02  5.46e+00 -1.00e+05
2016 01 19  0530   57406  19800   9.65e-01  2.05e-01  1.77e-01  5.13e-02  4.11e-02  2.12e-02  7.53e+02  9.47e+00 -1.00e+05
2016 01 19  0535   57406  20100   1.11e+00  1.59e-01  1.32e-01  8.80e-02  7.06e-02  3.00e-02  9.01e+02  1.27e+01 -1.00e+05
2016 01 19  0540   57406  20400   1.28e+00  2.05e-01  1.77e-01  5.13e-02  4.11e-02  2.12e-02  8.77e+02  1.08e+01 -1.00e+05
2016 01 19  0545   57406  20700   1.63e+00  2.58e-01  1.41e-01  9.38e-02  7.93e-02  5.80e-02  9.12e+02  1.11e+01 -1.00e+05
2016 01 19  0550   57406  21000   1.28e+00  1.70e-01  1.02e-01  5.13e-02  4.11e-02  2.12e-02  8.30e+02  1.32e+01 -1.00e+05
2016 01 19  0555   57406  21300   6.91e-01  1.56e-01  1.29e-01  8.57e-02  7.55e-02  5.55e-02  8.30e+02  7.44e+00 -1.00e+05
2016 01 19  0600   57406  21600   9.13e-01  1.22e-01  9.46e-02  5.13e-02  4.11e-02  2.12e-02  9.03e+02  9.33e+00 -1.00e+05
2016 01 19  0605   57406  21900   9.77e-01  2.37e-01  1.63e-01  1.11e-01  1.01e-01  4.53e-02  9.64e+02  6.81e+00 -1.00e+05
2016 01 19  0610   57406  22200   9.30e-01  3.49e-01  2.95e-01  1.36e-01  1.26e-01  5.34e-02  9.15e+02  4.80e+00 -1.00e+05
2016 01 19  0615   57406  22500   6.20e-01  1.49e-01  1.22e-01  5.13e-02  4.11e-02  2.12e-02  8.77e+02  4.09e+00 -1.00e+05
2016 01 19  0620   57406  22800   1.25e+00  3.16e-01  1.27e-01  8.07e-02  7.05e-02  5.06e-02  9.35e+02  5.18e+00 -1.00e+05
2016 01 19  0625   57406  23100   4.90e-01  1.60e-01  1.33e-01  8.93e-02  7.91e-02  2.22e-02  8.66e+02  3.31e+00 -1.00e+05
2016 01 19  0630   57406  23400   3.99e-01  1.22e-01  9.46e-02  5.13e-02  4.11e-02  2.12e-02  1.01e+03  5.35e+00 -1.00e+05
2016 01 19  0635   57406  23700   3.61e-01  1.78e-01  1.51e-01  1.08e-01  9.00e-02  6.79e-02  1.10e+03  5.05e+00 -1.00e+05
2016 01 19  0640   57406  24000   4.05e-01  1.36e-01  1.09e-01  6.34e-02  5.32e-02  3.33e-02  1.15e+03  7.69e+00 -1.00e+05
2016 01 19  0645   57406  24300   5.26e-01  1.22e-01  9.46e-02  5.13e-02  4.11e-02  2.12e-02  1.12e+03  6.43e+00 -1.00e+05
2016 01 19  0650   57406  24600   4.32e-01  1.60e-01  1.33e-01  5.13e-02  4.11e-02  2.12e-02  1.28e+03  9.69e+00 -1.00e+05
2016 01 19  0655   57406  24900   2.83e-01  1.45e-01  1.18e-01  7.38e-02  4.62e-02  2.12e-02  1.27e+03  4.94e+00 -1.00e+05
2016 01 19  0700   57406  25200   3.11e-01  1.30e-01  1.03e-01  5.98e-02  4.97e-02  2.39e-02  1.22e+03  5.88e+00 -1.00e+05
2016 01 19  0705   57406  25500   3.91e-01  1.22e-01  9.46e-02  5.13e-02  4.11e-02  2.12e-02  1.20e+03  8.89e+00 -1.00e+05
2016 01 19  0710   57406  25800   4.98e-01  1.24e-01  9.68e-02  5.35e-02  4.33e-02  2.33e-02  1.39e+03  8.76e+00 -1.00e+05
2016 01 19  0715   57406  26100   5.81e-01  1.22e-01  9.46e-02  5.13e-02  4.11e-02  2.12e-02  1.42e+03  1.18e+01 -1.00e+05
2016 01 19  0720   57406  26400   6.38e-01  1.70e-01  1.02e-01  5.13e-02  4.11e-02  2.12e-02  1.25e+03  7.36e+00 -1.00e+05
2016 01 19  0725   57406  26700   1.25e+00  3.11e-01  1.21e-01  7.38e-02  4.62e-02  2.12e-02  1.32e+03  9.31e+00 -1.00e+05
2016 01 19  0730   57406  27000   8.29e-01  2.35e-01  1.89e-01  1.40e-01  8.31e-02  3.00e-02  1.35e+03  7.69e+00 -1.00e+05
2016 01 19  0735   57406  27300   4.48e-01  1.54e-01  1.26e-01  8.32e-02  7.30e-02  5.31e-02  1.34e+03  1.21e+01 -1.00e+05
2016 01 19  0740   57406  27600   4.53e-01  1.59e-01  1.31e-01  8.81e-02  7.80e-02  5.80e-02  1.52e+03  1.25e+01 -1.00e+05
2016 01 19  0745   57406  27900   8.82e-01  2.27e-01  1.11e-01  5.13e-02  4.11e-02  2.12e-02  1.54e+03  1.73e+01 -1.00e+05
2016 01 19  0750   57406  28200   6.40e-01  2.58e-01  1.14e-01  6.76e-02  5.22e-02  3.08e-02  1.41e+03  1.28e+01 -1.00e+05
2016 01 19  0755   57406  28500   5.42e-01  2.18e-01  1.91e-01  6.83e-02  5.82e-02  3.82e-02  1.22e+03  9.26e+00 -1.00e+05
2016 01 19  0800   57406  28800   7.45e-01  2.16e-01  9.78e-02  5.13e-02  4.11e-02  2.12e-02  1.13e+03  1.08e+01 -1.00e+05
2016 01 19  0805   57406  29100   3.31e-01  1.22e-01  9.46e-02  5.13e-02  4.11e-02  2.12e-02  1.04e+03  7.43e+00 -1.00e+05
2016 01 19  0810   57406  29400   4.67e-01  1.27e-01  9.93e-02  5.13e-02  4.11e-02  2.12e-02  1.24e+03  1.07e+01 -1.00e+05
2016 01 19  0815   57406  29700   6.08e-01  1.87e-01  1.60e-01  7.95e-02  6.94e-02  4.94e-02  1.43e+03  1.33e+01 -1.00e+05
2016 01 19  0820   57406  30000   1.08e+00  2.18e-01  1.90e-01  1.46e-01  1.03e-01  3.80e-02  2.20e+03  2.63e+01 -1.00e+05
2016 01 19  0825   57406  30300   1.85e+00  2.12e-01  1.85e-01  1.41e-01  1.31e-01  5.01e-02  2.58e+03  4.17e+01 -1.00e+05
2016 01 19  0830   57406  30600   6.58e+00  1.56e-01  1.28e-01  8.49e-02  7.48e-02  3.20e-02  3.63e+03  7.16e+01 -1.00e+05
2016 01 19  0835   57406  30900   1.14e+01  1.22e-01  9.46e-02  5.13e-02  4.11e-02  2.12e-02  3.46e+03  7.53e+01 -1.00e+05
2016 01 19  0840   57406  31200   1.01e+01  1.27e-01  9.92e-02  5.59e-02  4.58e-02  2.58e-02  3.37e+03  7.15e+01 -1.00e+05
2016 01 19  0845   57406  31500   1.57e+01  3.54e-01  1.79e-01  7.58e-02  6.56e-02  4.56e-02  3.18e+03  7.54e+01 -1.00e+05
2016 01 19  0850   57406  31800   8.50e+00  1.34e-01  1.07e-01  6.34e-02  5.32e-02  3.33e-02  2.76e+03  6.06e+01 -1.00e+05
2016 01 19  0855   57406  32100   1.77e+01  2.47e-01  1.06e-01  5.98e-02  4.97e-02  2.39e-02  2.17e+03  4.96e+01 -1.00e+05
2016 01 19  0900   57406  32400   1.00e+01  1.25e-01  9.75e-02  5.41e-02  4.18e-02  2.12e-02  1.79e+03  3.75e+01 -1.00e+05
2016 01 19  0905   57406  32700   9.70e+00  1.46e-01  1.19e-01  7.58e-02  6.56e-02  4.56e-02  1.24e+03  2.60e+01 -1.00e+05
2016 01 19  0910   57406  33000   9.27e+00  1.46e-01  1.19e-01  7.58e-02  6.56e-02  4.56e-02  9.11e+02  1.45e+01 -1.00e+05
2016 01 19  0915   57406  33300   1.61e+01  4.54e-01  2.05e-01  5.13e-02  4.11e-02  2.12e-02  8.39e+02  1.26e+01 -1.00e+05
2016 01 19  0920   57406  33600   1.39e+01  3.51e-01  1.95e-01  5.36e-02  4.34e-02  2.19e-02  7.25e+02  1.21e+01 -1.00e+05
2016 01 19  0925   57406  33900   7.85e+00  1.22e-01  9.46e-02  5.13e-02  4.11e-02  2.12e-02  6.25e+02  1.11e+01 -1.00e+05
2016 01 19  0930   57406  34200   1.04e+01  2.32e-01  1.15e-01  5.13e-02  4.11e-02  2.12e-02  6.79e+02  1.14e+01 -1.00e+05
2016 01 19  0935   57406  34500   7.11e+00  1.61e-01  1.34e-01  9.06e-02  8.05e-02  6.05e-02  7.24e+02  1.06e+01 -1.00e+05
2016 01 19  0940   57406  34800   7.53e+00  1.22e-01  9.46e-02  5.13e-02  4.11e-02  2.12e-02  7.32e+02  1.41e+01 -1.00e+05
2016 01 19  0945   57406  35100   9.98e+00  4.20e-01  3.03e-01  8.55e-02  4.70e-02  2.12e-02  7.11e+02  6.98e+00 -1.00e+05
2016 01 19  0950   57406  35400   5.74e+00  1.60e-01  1.33e-01  5.13e-02  4.11e-02  2.12e-02  6.01e+02  7.54e+00 -1.00e+05
2016 01 19  0955   57406  35700   5.23e+00  1.25e-01  9.75e-02  5.41e-02  4.18e-02  2.12e-02  5.27e+02  6.07e+00 -1.00e+05
2016 01 19  1000   57406  36000   4.35e+00  1.99e-01  1.72e-01  1.29e-01  1.19e-01  4.61e-02  5.34e+02  3.91e+00 -1.00e+05
2016 01 19  1005   57406  36300   3.95e+00  1.27e-01  9.93e-02  5.13e-02  4.11e-02  2.12e-02  5.14e+02  5.06e+00 -1.00e+05
2016 01 19  1010   57406  36600   5.90e+00  4.00e-01  2.76e-01  1.39e-01  1.02e-01  3.80e-02  5.35e+02  1.55e+00 -1.00e+05
2016 01 19  1015   57406  36900   4.63e+00  2.36e-01  1.20e-01  6.09e-02  5.07e-02  3.08e-02  5.48e+02  3.41e+00 -1.00e+05
2016 01 19  1020   57406  37200   2.60e+00  1.22e-01  9.46e-02  5.13e-02  4.11e-02  2.12e-02  5.74e+02  5.75e+00 -1.00e+05
2016 01 19  1025   57406  37500   2.22e+00  1.60e-01  1.33e-01  5.13e-02  4.11e-02  2.12e-02  5.72e+02  5.66e+00 -1.00e+05
2016 01 19  1030   57406  37800   2.03e+00  1.29e-01  1.02e-01  5.84e-02  4.83e-02  2.83e-02  5.79e+02  1.02e+00 -1.00e+05
2016 01 19  1035   57406  38100   1.60e+00  1.81e-01  1.53e-01  1.10e-01  9.98e-02  4.00e-02  5.19e+02  3.03e+00 -1.00e+05
2016 01 19  1040   57406  38400   2.35e+00  2.27e-01  1.11e-01  5.13e-02  4.11e-02  2.12e-02  3.98e+02  4.48e+00 -1.00e+05
2016 01 19  1045   57406  38700   1.01e+00  1.25e-01  9.75e-02  5.41e-02  4.18e-02  2.12e-02  5.56e+02  3.43e+00 -1.00e+05
2016 01 19  1050   57406  39000   8.68e-01  1.52e-01  1.25e-01  8.15e-02  6.91e-02  3.00e-02  5.70e+02  3.09e+00 -1.00e+05
2016 01 19  1055   57406  39300   1.10e+00  1.60e-01  1.33e-01  5.13e-02  4.11e-02  2.12e-02  3.54e+02  2.53e+00 -1.00e+05
2016 01 19  1100   57406  39600   9.85e-01  1.68e-01  1.41e-01  9.75e-02  8.73e-02  3.60e-02  2.63e+02  2.76e+00 -1.00e+05
2016 01 19  1105   57406  39900   1.92e+00  3.10e-01  1.93e-01  5.13e-02  4.11e-02  2.12e-02  3.50e+02  4.39e+00 -1.00e+05
2016 01 19  1110   57406  40200   2.24e+00  3.32e-01  2.92e-01  1.64e-01  1.41e-01  5.21e-02  1.78e+02  1.33e-01 -1.00e+05
2016 01 19  1115   57406  40500   1.96e+00  1.22e-01  9.46e-02  5.13e-02  4.11e-02  2.12e-02  1.56e+02  1.33e-01 -1.00e+05
2016 01 19  1120   57406  40800   3.56e+00  2.69e-01  1.01e-01  5.36e-02  4.34e-02  2.19e-02  1.95e+02  2.82e+00 -1.00e+05
2016 01 19  1125   57406  41100   1.61e+00  2.17e-01  1.90e-01  6.72e-02  4.47e-02  2.12e-02  2.08e+02  3.37e+00 -1.00e+05
2016 01 19  1130   57406  41400   1.71e+00  1.64e-01  1.36e-01  9.12e-02  4.70e-02  2.12e-02  2.32e+02  1.05e+00 -1.00e+05
2016 01 19  1135   57406  41700   1.39e+00  1.54e-01  1.26e-01  8.32e-02  7.30e-02  5.31e-02  2.58e+02  4.72e-01 -1.00e+05
2016 01 19  1140   57406  42000   9.88e-01  1.90e-01  1.63e-01  8.15e-02  6.91e-02  3.00e-02  6.02e+02  1.97e+00 -1.00e+05
2016 01 19  1145   57406  42300   1.96e+00  2.55e-01  1.38e-01  5.13e-02  4.11e-02  2.12e-02  5.23e+02  4.11e+00 -1.00e+05
2016 01 19  1150   57406  42600   1.41e+00  2.05e-01  1.77e-01  5.13e-02  4.11e-02  2.12e-02  4.83e+02  5.51e+00 -1.00e+05
2016 01 19  1155   57406  42900   2.01e+00  3.09e-01  9.74e-02  5.13e-02  4.11e-02  2.12e-02  6.14e+02  2.86e+00 -1.00e+05
2016 01 19  1200   57406  43200   9.16e-01  1.47e-01  1.20e-01  7.65e-02  6.39e-02  4.32e-02  5.79e+02  3.09e-01 -1.00e+05
2016 01 19  1205   57406  43500   9.93e-01  2.64e-01  1.50e-01  9.06e-02  8.05e-02  6.05e-02  5.77e+02  2.27e+00 -1.00e+05
2016 01 19  1210   57406  43800   9.40e-01  1.39e-01  1.12e-01  6.83e-02  5.82e-02  3.82e-02  6.02e+02  4.79e+00 -1.00e+05
2016 01 19  1215   57406  44100   6.25e-01  2.02e-01  1.74e-01  6.72e-02  4.47e-02  2.12e-02  5.40e+02  3.86e+00 -1.00e+05
2016 01 19  1220   57406  44400   5.11e-01  1.22e-01  9.46e-02  5.13e-02  4.11e-02  2.12e-02  6.03e+02  2.93e+00 -1.00e+05
2016 01 19  1225   57406  44700   1.05e+00  3.10e-01  1.93e-01  5.13e-02  4.11e-02  2.12e-02  6.61e+02  1.18e+00 -1.00e+05
2016 01 19  1230   57406  45000   7.40e-01  2.53e-01  1.85e-01  5.13e-02  4.11e-02  2.12e-02  6.19e+02  2.05e+00 -1.00e+05
2016 01 19  1235   57406  45300   8.53e-01  1.22e-01  9.46e-02  5.13e-02  4.11e-02  2.12e-02  6.39e+02  7.52e+00 -1.00e+05
2016 01 19  1240   57406  45600   1.25e+00  1.60e-01  1.33e-01  5.13e-02  4.11e-02  2.12e-02  6.33e+02  3.98e+00 -1.00e+05
2016 01 19  1245   57406  45900   1.27e+00  1.22e-01  9.46e-02  5.13e-02  4.11e-02  2.12e-02  6.29e+02  5.76e+00 -1.00e+05
2016 01 19  1250   57406  46200   1.34e+00  1.36e-01  1.09e-01  6.58e-02  5.57e-02  3.57e-02  6.30e+02  5.06e+00 -1.00e+05
2016 01 19  1255   57406  46500   1.79e+00  1.59e-01  1.31e-01  8.69e-02  4.91e-02  2.12e-02  6.65e+02  4.72e+00 -1.00e+05
2016 01 19  1300   57406  46800   2.60e+00  2.44e-01  1.27e-01  6.72e-02  4.47e-02  2.12e-02  6.38e+02  3.42e+00 -1.00e+05
2016 01 19  1305   57406  47100   1.67e+00  1.63e-01  1.35e-01  9.05e-02  5.00e-02  2.19e-02  6.59e+02  5.05e+00 -1.00e+05
2016 01 19  1310   57406  47400   2.95e+00  2.80e-01  1.38e-01  9.16e-02  8.15e-02  6.15e-02  6.59e+02  2.97e+00 -1.00e+05
2016 01 19  1315   57406  47700   1.76e+00  1.59e-01  1.32e-01  8.71e-02  4.70e-02  2.12e-02  6.08e+02  3.10e+00 -1.00e+05
2016 01 19  1320   57406  48000   2.67e+00  2.48e-01  1.41e-01  8.28e-02  7.27e-02  4.62e-02  6.38e+02  2.92e+00 -1.00e+05
2016 01 19  1325   57406  48300   1.84e+00  1.60e-01  1.33e-01  5.13e-02  4.11e-02  2.12e-02  6.18e+02  6.04e+00 -1.00e+05
2016 01 19  1330   57406  48600   2.53e+00  1.70e-01  1.02e-01  5.13e-02  4.11e-02  2.12e-02  6.67e+02  5.12e+00 -1.00e+05
2016 01 19  1335   57406  48900   1.77e+00  1.25e-01  9.75e-02  5.41e-02  4.18e-02  2.12e-02  6.81e+02  5.88e+00 -1.00e+05
2016 01 19  1340   57406  49200   3.10e+00  2.04e-01  1.38e-01  8.81e-02  7.80e-02  5.80e-02  7.39e+02  5.46e+00 -1.00e+05
2016 01 19  1345   57406  49500   4.83e+00  3.74e-01  1.57e-01  5.13e-02  4.11e-02  2.12e-02  7.99e+02  7.46e+00 -1.00e+05
2016 01 19  1350   57406  49800   2.64e+00  1.27e-01  9.93e-02  5.13e-02  4.11e-02  2.12e-02  7.55e+02  6.17e+00 -1.00e+05
2016 01 19  1355   57406  50100   2.87e+00  1.70e-01  1.02e-01  5.13e-02  4.11e-02  2.12e-02  6.28e+02  7.70e+00 -1.00e+05
2016 01 19  1400   57406  50400   2.47e+00  1.24e-01  9.69e-02  5.36e-02  4.34e-02  2.19e-02  6.58e+02  7.74e+00 -1.00e+05
2016 01 19  1405   57406  50700   3.40e+00  1.22e-01  9.46e-02  5.13e-02  4.11e-02  2.12e-02  6.98e+02  5.36e+00 -1.00e+05
2016 01 19  1410   57406  51000   3.00e+00  1.62e-01  1.34e-01  9.12e-02  8.10e-02  3.40e-02  7.03e+02  5.12e+00 -1.00e+05
2016 01 19  1415   57406  51300   3.97e+00  1.22e-01  9.46e-02  5.13e-02  4.11e-02  2.12e-02  7.77e+02  9.25e+00 -1.00e+05
2016 01 19  1420   57406  51600   3.39e+00  1.68e-01  1.41e-01  9.75e-02  8.73e-02  3.60e-02  7.19e+02  7.17e+00 -1.00e+05
2016 01 19  1425   57406  51900   4.06e+00  1.64e-01  1.37e-01  9.26e-02  6.36e-02  3.82e-02  7.25e+02  5.23e+00 -1.00e+05
2016 01 19  1430   57406  52200   4.43e+00  1.22e-01  9.46e-02  5.13e-02  4.11e-02  2.12e-02  7.12e+02  8.70e+00 -1.00e+05
2016 01 19  1435   57406  52500   6.43e+00  2.44e-01  1.27e-01  6.72e-02  4.47e-02  2.12e-02  7.04e+02  9.03e+00 -1.00e+05
2016 01 19  1440   57406  52800   3.89e+00  1.22e-01  9.46e-02  5.13e-02  4.11e-02  2.12e-02  6.42e+02  7.23e+00 -1.00e+05
2016 01 19  1445   57406  53100   4.94e+00  1.59e-01  1.32e-01  8.83e-02  6.58e-02  2.79e-02  5.70e+02  6.83e+00 -1.00e+05
2016 01 19  1450   57406  53400   5.29e+00  1.51e-01  1.24e-01  8.07e-02  7.05e-02  5.06e-02  7.87e+02  7.52e+00 -1.00e+05
2016 01 19  1455   57406  53700   5.91e+00  1.62e-01  1.34e-01  9.12e-02  8.10e-02  3.40e-02  8.20e+02  9.98e+00 -1.00e+05
2016 01 19  1500   57406  54000   6.21e+00  1.27e-01  9.93e-02  5.13e-02  4.11e-02  2.12e-02  1.02e+03  1.29e+01 -1.00e+05
2016 01 19  1505   57406  54300   6.29e+00  1.63e-01  1.35e-01  9.21e-02  8.19e-02  3.74e-02  9.53e+02  9.43e+00 -1.00e+05
2016 01 19  1510   57406  54600   1.01e+01  2.76e-01  1.61e-01  1.01e-01  6.74e-02  4.07e-02  1.02e+03  7.40e+00 -1.00e+05
2016 01 19  1515   57406  54900   6.57e+00  1.76e-01  1.48e-01  1.04e-01  6.43e-02  3.57e-02  9.80e+02  8.65e+00 -1.00e+05
2016 01 19  1520   57406  55200   8.09e+00  1.36e-01  1.09e-01  6.58e-02  5.57e-02  3.57e-02  9.53e+02  1.25e+01 -1.00e+05
2016 01 19  1525   57406  55500   8.24e+00  1.27e-01  9.92e-02  5.59e-02  4.58e-02  2.58e-02  1.32e+03  1.35e+01 -1.00e+05
2016 01 19  1530   57406  55800   1.07e+01  1.70e-01  1.02e-01  5.13e-02  4.11e-02  2.12e-02  1.18e+03  1.04e+01 -1.00e+05
2016 01 19  1535   57406  56100   9.02e+00  1.22e-01  9.46e-02  5.13e-02  4.11e-02  2.12e-02  1.22e+03  1.35e+01 -1.00e+05
2016 01 19  1540   57406  56400   1.22e+01  1.97e-01  1.29e-01  5.13e-02  4.11e-02  2.12e-02  1.46e+03  1.42e+01 -1.00e+05
2016 01 19  1545   57406  56700  -1.00e+05 -1.00e+05 -1.00e+05 -1.00e+05 -1.00e+05 -1.00e+05 -1.00e+05 -1.00e+05 -1.00e+05
2016 01 19  1550   57406  57000  -1.00e+05 -1.00e+05 -1.00e+05 -1.00e+05 -1.00e+05 -1.00e+05 -1.00e+05 -1.00e+05 -1.00e+05
2016 01 19  1555   57406  57300  -1.00e+05 -1.00e+05 -1.00e+05 -1.00e+05 -1.00e+05 -1.00e+05 -1.00e+05 -1.00e+05 -1.00e+05
2016 01 19  1600   57406  57600  -1.00e+05 -1.00e+05 -1.00e+05 -1.00e+05 -1.00e+05 -1.00e+05 -1.00e+05 -1.00e+05 -1.00e+05
2016 01 19  1605   57406  57900  -1.00e+05 -1.00e+05 -1.00e+05 -1.00e+05 -1.00e+05 -1.00e+05 -1.00e+05 -1.00e+05 -1.00e+05
2016 01 19  1610   57406  58200  -1.00e+05 -1.00e+05 -1.00e+05 -1.00e+05 -1.00e+05 -1.00e+05 -1.00e+05 -1.00e+05 -1.00e+05
2016 01 19  1615   57406  58500  -1.00e+05 -1.00e+05 -1.00e+05 -1.00e+05 -1.00e+05 -1.00e+05 -1.00e+05 -1.00e+05 -1.00e+05
2016 01 19  1620   57406  58800  -1.00e+05 -1.00e+05 -1.00e+05 -1.00e+05 -1.00e+05 -1.00e+05 -1.00e+05 -1.00e+05 -1.00e+05
2016 01 19  1625   57406  59100  -1.00e+05 -1.00e+05 -1.00e+05 -1.00e+05 -1.00e+05 -1.00e+05 -1.00e+05 -1.00e+05 -1.00e+05
2016 01 19  1630   57406  59400  -1.00e+05 -1.00e+05 -1.00e+05 -1.00e+05 -1.00e+05 -1.00e+05 -1.00e+05 -1.00e+05 -1.00e+05
2016 01 19  1635   57406  59700  -1.00e+05 -1.00e+05 -1.00e+05 -1.00e+05 -1.00e+05 -1.00e+05 -1.00e+05 -1.00e+05 -1.00e+05
2016 01 19  1640   57406  60000  -1.00e+05 -1.00e+05 -1.00e+05 -1.00e+05 -1.00e+05 -1.00e+05 -1.00e+05 -1.00e+05 -1.00e+05
2016 01 19  1645   57406  60300  -1.00e+05 -1.00e+05 -1.00e+05 -1.00e+05 -1.00e+05 -1.00e+05 -1.00e+05 -1.00e+05 -1.00e+05
2016 01 19  1650   57406  60600   1.54e+01  2.05e-01  1.77e-01  5.13e-02  4.11e-02  2.12e-02  1.76e+03  2.14e+01 -1.00e+05
2016 01 19  1655   57406  60900   2.51e+01  2.27e-01  1.11e-01  5.13e-02  4.11e-02  2.12e-02  1.87e+03  2.34e+01 -1.00e+05
2016 01 19  1700   57406  61200   1.64e+01  1.32e-01  1.04e-01  6.07e-02  4.32e-02  2.12e-02  1.83e+03  2.21e+01 -1.00e+05
2016 01 19  1705   57406  61500   1.71e+01  1.22e-01  9.46e-02  5.13e-02  4.11e-02  2.12e-02  1.87e+03  2.64e+01 -1.00e+05
2016 01 19  1710   57406  61800   3.07e+01  2.42e-01  9.77e-02  5.13e-02  4.11e-02  2.12e-02  1.94e+03  2.38e+01 -1.00e+05
2016 01 19  1715   57406  62100   2.33e+01  1.70e-01  1.02e-01  5.13e-02  4.11e-02  2.12e-02  1.93e+03  2.33e+01 -1.00e+05
2016 01 19  1720   57406  62400   1.83e+01  1.51e-01  1.24e-01  8.05e-02  7.03e-02  3.71e-02  1.92e+03  2.26e+01 -1.00e+05
2016 01 19  1725   57406  62700   1.94e+01  2.61e-01  2.34e-01  8.92e-02  5.14e-02  2.19e-02  1.93e+03  2.28e+01 -1.00e+05
2016 01 19  1730   57406  63000   2.05e+01  1.60e-01  1.33e-01  5.13e-02  4.11e-02  2.12e-02  2.03e+03  2.50e+01 -1.00e+05
2016 01 19  1735   57406  63300   2.04e+01  1.38e-01  1.11e-01  6.72e-02  4.47e-02  2.12e-02  2.03e+03  2.43e+01 -1.00e+05
2016 01 19  1740   57406  63600   2.11e+01  1.59e-01  1.32e-01  8.80e-02  7.06e-02  3.00e-02  2.05e+03  2.64e+01 -1.00e+05
2016 01 19  1745   57406  63900   3.58e+01  3.55e-01  1.97e-01  5.13e-02  4.11e-02  2.12e-02  2.08e+03  2.63e+01 -1.00e+05
2016 01 19  1750   57406  64200   2.18e+01  1.74e-01  1.47e-01  1.04e-01  9.36e-02  3.80e-02  2.13e+03  2.81e+01 -1.00e+05
2016 01 19  1755   57406  64500   2.25e+01  1.44e-01  1.17e-01  7.33e-02  6.31e-02  3.14e-02  2.10e+03  2.65e+01 -1.00e+05
2016 01 19  1800   57406  64800   2.44e+01  1.71e-01  1.44e-01  5.41e-02  4.18e-02  2.12e-02  2.22e+03  3.21e+01 -1.00e+05
2016 01 19  1805   57406  65100   2.52e+01  1.22e-01  9.46e-02  5.13e-02  4.11e-02  2.12e-02  2.19e+03  2.95e+01 -1.00e+05
2016 01 19  1810   57406  65400   2.63e+01  1.22e-01  9.46e-02  5.13e-02  4.11e-02  2.12e-02  2.21e+03  3.44e+01 -1.00e+05
2016 01 19  1815   57406  65700   2.63e+01  1.60e-01  1.33e-01  8.86e-02  6.10e-02  2.59e-02  2.30e+03  2.94e+01 -1.00e+05
2016 01 19  1820   57406  66000   2.76e+01  1.49e-01  1.22e-01  5.13e-02  4.11e-02  2.12e-02  2.29e+03  3.66e+01 -1.00e+05
2016 01 19  1825   57406  66300   2.88e+01  2.58e-01  2.31e-01  1.88e-01  1.78e-01  9.68e-02  2.34e+03  3.06e+01 -1.00e+05
2016 01 19  1830   57406  66600   2.96e+01  1.80e-01  1.53e-01  8.32e-02  7.30e-02  5.31e-02  2.34e+03  3.53e+01 -1.00e+05
2016 01 19  1835   57406  66900   5.23e+01  3.61e-01  2.04e-01  5.93e-02  4.84e-02  2.83e-02  2.35e+03  3.72e+01 -1.00e+05
2016 01 19  1840   57406  67200   3.16e+01  1.49e-01  1.22e-01  7.86e-02  6.85e-02  3.00e-02  2.50e+03  3.60e+01 -1.00e+05
2016 01 19  1845   57406  67500   3.22e+01  2.93e-01  2.66e-01  7.12e-02  6.10e-02  4.11e-02  2.35e+03  3.60e+01 -1.00e+05
2016 01 19  1850   57406  67800   2.94e+01  1.39e-01  1.12e-01  6.83e-02  5.82e-02  3.82e-02  2.33e+03  3.25e+01 -1.00e+05
2016 01 19  1855   57406  68100   2.99e+01  1.60e-01  1.33e-01  5.13e-02  4.11e-02  2.12e-02  2.58e+03  3.71e+01 -1.00e+05
2016 01 19  1900   57406  68400   4.68e+01  2.94e-01  1.77e-01  5.13e-02  4.11e-02  2.12e-02  2.47e+03  4.03e+01 -1.00e+05
2016 01 19  1905   57406  68700   3.09e+01  1.22e-01  9.46e-02  5.13e-02  4.11e-02  2.12e-02  2.41e+03  4.14e+01 -1.00e+05
2016 01 19  1910   57406  69000   3.29e+01  1.56e-01  1.28e-01  8.49e-02  7.48e-02  3.20e-02  2.71e+03  4.30e+01 -1.00e+05
2016 01 19  1915   57406  69300   3.48e+01  1.25e-01  9.79e-02  5.36e-02  4.34e-02  2.19e-02  2.58e+03  4.24e+01 -1.00e+05
2016 01 19  1920   57406  69600   3.51e+01  1.49e-01  1.22e-01  7.86e-02  6.85e-02  3.00e-02  2.70e+03  4.16e+01 -1.00e+05
2016 01 19  1925   57406  69900   3.49e+01  1.65e-01  1.38e-01  9.34e-02  5.06e-02  2.12e-02  2.65e+03  4.33e+01 -1.00e+05
2016 01 19  1930   57406  70200   3.51e+01  1.65e-01  1.38e-01  9.34e-02  5.06e-02  2.12e-02  2.69e+03  4.20e+01 -1.00e+05
2016 01 19  1935   57406  70500   5.47e+01  2.55e-01  1.39e-01  7.95e-02  6.07e-02  3.82e-02  2.84e+03  4.32e+01 -1.00e+05
2016 01 19  1940   57406  70800   6.17e+01  2.16e-01  9.78e-02  5.13e-02  4.11e-02  2.12e-02  2.75e+03  4.56e+01 -1.00e+05
2016 01 19  1945   57406  71100   6.32e+01  2.21e-01  1.02e-01  5.59e-02  4.58e-02  2.58e-02  2.77e+03  4.09e+01 -1.00e+05
2016 01 19  1950   57406  71400   5.04e+01  1.70e-01  1.02e-01  5.13e-02  4.11e-02  2.12e-02  2.79e+03  4.41e+01 -1.00e+05
2016 01 19  1955   57406  71700   3.96e+01  1.22e-01  9.46e-02  5.13e-02  4.11e-02  2.12e-02  2.83e+03  4.81e+01 -1.00e+05
2016 01 19  2000   57406  72000   6.18e+01  2.27e-01  1.11e-01  5.13e-02  4.11e-02  2.12e-02  2.77e+03  4.75e+01 -1.00e+05
2016 01 19  2005   57406  72300   4.03e+01  1.37e-01  1.09e-01  6.61e-02  5.59e-02  2.59e-02  2.87e+03  4.47e+01 -1.00e+05
2016 01 19  2010   57406  72600   8.14e+01  4.97e-01  1.85e-01  5.13e-02  4.11e-02  2.12e-02  2.87e+03  4.23e+01 -1.00e+05
2016 01 19  2015   57406  72900   3.90e+01  1.22e-01  9.46e-02  5.13e-02  4.11e-02  2.12e-02  2.85e+03  4.48e+01 -1.00e+05
2016 01 19  2020   57406  73200   3.88e+01  2.67e-01  2.39e-01  7.38e-02  4.62e-02  2.12e-02  2.91e+03  4.15e+01 -1.00e+05
2016 01 19  2025   57406  73500   7.48e+01  4.69e-01  1.95e-01  5.41e-02  4.18e-02  2.12e-02  2.89e+03  4.92e+01 -1.00e+05
2016 01 19  2030   57406  73800   4.04e+01  1.22e-01  9.46e-02  5.13e-02  4.11e-02  2.12e-02  3.06e+03  5.05e+01 -1.00e+05
2016 01 19  2035   57406  74100   6.80e+01  2.32e-01  1.25e-01  7.86e-02  6.85e-02  3.00e-02  2.99e+03  4.97e+01 -1.00e+05
2016 01 19  2040   57406  74400   4.42e+01  1.45e-01  1.18e-01  7.38e-02  4.62e-02  2.12e-02  3.01e+03  4.87e+01 -1.00e+05
2016 01 19  2045   57406  74700   4.37e+01  1.49e-01  1.22e-01  5.13e-02  4.11e-02  2.12e-02  3.12e+03  5.08e+01 -1.00e+05
2016 01 19  2050   57406  75000   4.27e+01  1.59e-01  1.31e-01  8.69e-02  4.91e-02  2.12e-02  2.96e+03  4.54e+01 -1.00e+05
2016 01 19  2055   57406  75300   6.22e+01  3.16e-01  2.00e-01  6.17e-02  5.15e-02  3.10e-02  2.99e+03  4.34e+01 -1.00e+05
2016 01 19  2100   57406  75600   4.08e+01  1.27e-01  9.93e-02  5.13e-02  4.11e-02  2.12e-02  3.08e+03  4.69e+01 -1.00e+05
2016 01 19  2105   57406  75900   4.12e+01  1.57e-01  1.29e-01  8.03e-02  4.77e-02  2.12e-02  3.00e+03  4.72e+01 -1.00e+05
2016 01 19  2110   57406  76200   7.72e+01  3.74e-01  1.57e-01  5.13e-02  4.11e-02  2.12e-02  3.06e+03  4.59e+01 -1.00e+05
2016 01 19  2115   57406  76500   4.16e+01  1.22e-01  9.46e-02  5.13e-02  4.11e-02  2.12e-02  3.05e+03  4.57e+01 -1.00e+05
2016 01 19  2120   57406  76800   4.00e+01  1.22e-01  9.46e-02  5.13e-02  4.11e-02  2.12e-02  2.89e+03  4.30e+01 -1.00e+05
2016 01 19  2125   57406  77100   4.72e+01  2.12e-01  1.65e-01  1.18e-01  1.08e-01  7.28e-02  2.98e+03  3.84e+01 -1.00e+05
2016 01 19  2130   57406  77400   5.35e+01  1.70e-01  1.02e-01  5.13e-02  4.11e-02  2.12e-02  3.04e+03  4.53e+01 -1.00e+05
2016 01 19  2135   57406  77700   7.06e+01  2.70e-01  1.27e-01  8.07e-02  7.05e-02  5.06e-02  2.96e+03  3.95e+01 -1.00e+05
2016 01 19  2140   57406  78000   3.52e+01  2.29e-01  2.02e-01  1.57e-01  1.26e-01  4.95e-02  2.79e+03  3.38e+01 -1.00e+05
2016 01 19  2145   57406  78300   3.41e+01  2.24e-01  1.97e-01  7.58e-02  6.56e-02  4.56e-02  2.95e+03  3.73e+01 -1.00e+05
2016 01 19  2150   57406  78600   5.78e+01  4.46e-01  2.31e-01  5.84e-02  4.83e-02  2.83e-02  2.91e+03  3.77e+01 -1.00e+05
2016 01 19  2155   57406  78900   3.50e+01  1.22e-01  9.46e-02  5.13e-02  4.11e-02  2.12e-02  2.92e+03  3.79e+01 -1.00e+05
2016 01 19  2200   57406  79200   5.32e+01  2.27e-01  1.11e-01  5.13e-02  4.11e-02  2.12e-02  2.86e+03  3.46e+01 -1.00e+05
2016 01 19  2205   57406  79500   3.55e+01  1.22e-01  9.46e-02  5.13e-02  4.11e-02  2.12e-02  2.81e+03  3.88e+01 -1.00e+05
2016 01 19  2210   57406  79800   3.69e+01  1.44e-01  1.17e-01  6.88e-02  4.68e-02  2.33e-02  2.78e+03  4.01e+01 -1.00e+05
2016 01 19  2215   57406  80100   3.93e+01  1.93e-01  1.65e-01  1.21e-01  7.80e-02  3.00e-02  2.91e+03  4.26e+01 -1.00e+05
2016 01 19  2220   57406  80400   3.89e+01  1.43e-01  1.16e-01  7.24e-02  6.22e-02  2.79e-02  2.94e+03  3.69e+01 -1.00e+05
2016 01 19  2225   57406  80700   5.81e+01  2.37e-01  1.20e-01  6.07e-02  4.32e-02  2.12e-02  2.72e+03  3.77e+01 -1.00e+05
2016 01 19  2230   57406  81000   5.13e+01  2.31e-01  1.61e-01  1.10e-01  9.98e-02  4.00e-02  2.68e+03  3.46e+01 -1.00e+05
2016 01 19  2235   57406  81300   7.38e+01  2.42e-01  9.77e-02  5.13e-02  4.11e-02  2.12e-02  2.83e+03  4.01e+01 -1.00e+05
2016 01 19  2240   57406  81600   3.99e+01  2.08e-01  1.81e-01  1.37e-01  1.18e-01  5.48e-02  2.56e+03  3.62e+01 -1.00e+05
2016 01 19  2245   57406  81900   8.08e+01  2.70e-01  1.02e-01  5.59e-02  4.58e-02  2.58e-02  2.65e+03  4.41e+01 -1.00e+05
2016 01 19  2250   57406  82200   5.27e+01  1.95e-01  1.29e-01  7.82e-02  6.81e-02  4.81e-02  3.11e+03  3.86e+01 -1.00e+05
2016 01 19  2255   57406  82500   3.07e+01  1.25e-01  9.79e-02  5.36e-02  4.34e-02  2.19e-02  2.30e+03  3.13e+01 -1.00e+05
2016 01 19  2300   57406  82800   5.52e+01  2.65e-01  9.76e-02  5.13e-02  4.11e-02  2.12e-02  2.42e+03  2.47e+01 -1.00e+05
2016 01 19  2305   57406  83100   2.89e+01  1.79e-01  1.51e-01  1.07e-01  7.98e-02  3.20e-02  2.77e+03  2.54e+01 -1.00e+05
2016 01 19  2310   57406  83400   2.73e+01  2.09e-01  1.82e-01  1.38e-01  1.21e-01  4.61e-02  2.41e+03  1.90e+01 -1.00e+05
2016 01 19  2315   57406  83700   2.61e+01  1.27e-01  9.93e-02  5.13e-02  4.11e-02  2.12e-02  2.39e+03  2.64e+01 -1.00e+05
2016 01 19  2320   57406  84000   3.17e+01  2.56e-01  1.94e-01  7.58e-02  5.33e-02  2.39e-02  2.46e+03  2.58e+01 -1.00e+05
2016 01 19  2325   57406  84300   3.34e+01  1.70e-01  1.02e-01  5.13e-02  4.11e-02  2.12e-02  2.38e+03  2.74e+01 -1.00e+05
2016 01 19  2330   57406  84600   2.46e+01  1.44e-01  1.17e-01  7.33e-02  6.31e-02  4.32e-02  2.33e+03  2.48e+01 -1.00e+05
2016 01 19  2335   57406  84900   2.43e+01  2.05e-01  1.77e-01  5.13e-02  4.11e-02  2.12e-02  2.35e+03  2.90e+01 -1.00e+05
2016 01 19  2340   57406  85200   2.39e+01  1.22e-01  9.46e-02  5.13e-02  4.11e-02  2.12e-02  2.25e+03  2.18e+01 -1.00e+05
2016 01 19  2345   57406  85500   2.34e+01  1.90e-01  1.62e-01  1.19e-01  1.09e-01  5.28e-02  2.26e+03  2.42e+01 -1.00e+05
2016 01 19  2350   57406  85800   2.30e+01  1.52e-01  1.25e-01  8.03e-02  4.77e-02  2.12e-02  2.16e+03  1.97e+01 -1.00e+05
2016 01 19  2355   57406  86100   2.33e+01  1.59e-01  1.32e-01  8.85e-02  7.23e-02  5.06e-02  2.10e+03  2.19e+01 -1.00e+05
