:Data_list: 20160323_Gs_part_5m.txt
:Created: 2016 Mar 24 0011 UTC
# Prepared by the U.S. Dept. of Commerce, NOAA, Space Weather Prediction Center
# Please send comments and suggestions to SWPC.Webmaster@noaa.gov 
# 
# Label: P > 1 = Particles at >1 Mev
# Label: P > 5 = Particles at >5 Mev
# Label: P >10 = Particles at >10 Mev
# Label: P >30 = Particles at >30 Mev
# Label: P >50 = Particles at >50 Mev
# Label: P>100 = Particles at >100 Mev
# Label: E>0.8 = Electrons at >0.8 Mev
# Label: E>2.0 = Electrons at >2.0 Mev
# Label: E>4.0 = Electrons at >4.0 Mev
# Units: Particles = Protons/cm2-s-sr
# Units: Electrons = Electrons/cm2-s-sr
# Source: GOES-15
# Location: W135
# Missing data: -1.00e+05
#
#                      5-minute  GOES-15 Solar Particle and Electron Flux
#
#                 Modified Seconds
# UTC Date  Time   Julian  of the
# YR MO DA  HHMM    Day     Day     P > 1     P > 5     P >10     P >30     P >50     P>100     E>0.8     E>2.0     E>4.0
#-------------------------------------------------------------------------------------------------------------------------
2016 03 23  0000   57470      0   1.16e+01  2.79e-01  1.08e-01  5.51e-02  4.45e-02  2.25e-02  2.46e+04  1.92e+03 -1.00e+05
2016 03 23  0005   57470    300   8.79e+00  2.45e-01  1.36e-01  7.24e-02  6.18e-02  3.98e-02  2.46e+04  1.90e+03 -1.00e+05
2016 03 23  0010   57470    600   6.01e+00  1.89e-01  1.57e-01  6.99e-02  5.93e-02  3.73e-02  2.40e+04  1.87e+03 -1.00e+05
2016 03 23  0015   57470    900   6.42e+00  1.88e-01  1.56e-01  7.98e-02  6.93e-02  4.72e-02  2.38e+04  1.89e+03 -1.00e+05
2016 03 23  0020   57470   1200   7.39e+00  3.30e-01  2.70e-01  1.13e-01  7.48e-02  4.47e-02  2.44e+04  1.85e+03 -1.00e+05
2016 03 23  0025   57470   1500   8.42e+00  3.37e-01  2.27e-01  5.78e-02  4.51e-02  2.25e-02  2.31e+04  1.82e+03 -1.00e+05
2016 03 23  0030   57470   1800   6.15e+00  1.40e-01  1.08e-01  5.79e-02  4.74e-02  2.34e-02  2.32e+04  1.82e+03 -1.00e+05
2016 03 23  0035   57470   2100   7.67e+00  1.99e-01  1.37e-01  5.51e-02  4.45e-02  2.25e-02  2.33e+04  1.81e+03 -1.00e+05
2016 03 23  0040   57470   2400   6.62e+00  1.64e-01  1.32e-01  5.51e-02  4.45e-02  2.25e-02  2.27e+04  1.82e+03 -1.00e+05
2016 03 23  0045   57470   2700   8.10e+00  2.57e-01  1.95e-01  6.43e-02  4.66e-02  2.25e-02  2.28e+04  1.79e+03 -1.00e+05
2016 03 23  0050   57470   3000   1.04e+01  2.87e-01  1.28e-01  5.51e-02  4.45e-02  2.25e-02  2.19e+04  1.76e+03 -1.00e+05
2016 03 23  0055   57470   3300   7.04e+00  1.40e-01  1.08e-01  5.79e-02  4.74e-02  2.34e-02  2.18e+04  1.77e+03 -1.00e+05
2016 03 23  0100   57470   3600   1.10e+01  2.87e-01  1.30e-01  5.79e-02  4.74e-02  2.34e-02  2.20e+04  1.74e+03 -1.00e+05
2016 03 23  0105   57470   3900   7.68e+00  2.19e-01  1.87e-01  1.12e-01  7.10e-02  4.23e-02  2.01e+04  1.64e+03 -1.00e+05
2016 03 23  0110   57470   4200   8.41e+00  1.54e-01  1.22e-01  7.24e-02  6.18e-02  3.98e-02  1.90e+04  1.64e+03 -1.00e+05
2016 03 23  0115   57470   4500   1.65e+01  3.37e-01  1.44e-01  5.78e-02  4.51e-02  2.25e-02  2.01e+04  1.63e+03 -1.00e+05
2016 03 23  0120   57470   4800   8.12e+00  1.37e-01  1.05e-01  5.51e-02  4.45e-02  2.25e-02  1.96e+04  1.62e+03 -1.00e+05
2016 03 23  0125   57470   5100   8.31e+00  1.62e-01  1.30e-01  8.04e-02  6.75e-02  4.47e-02  1.87e+04  1.60e+03 -1.00e+05
2016 03 23  0130   57470   5400   1.09e+01  2.29e-01  1.19e-01  5.51e-02  4.45e-02  2.25e-02  1.99e+04  1.63e+03 -1.00e+05
2016 03 23  0135   57470   5700   6.52e+00  1.64e-01  1.32e-01  5.51e-02  4.45e-02  2.25e-02  2.01e+04  1.58e+03 -1.00e+05
2016 03 23  0140   57470   6000   6.36e+00  2.15e-01  1.83e-01  1.33e-01  1.23e-01  4.76e-02  1.97e+04  1.63e+03 -1.00e+05
2016 03 23  0145   57470   6300   6.38e+00  1.75e-01  1.43e-01  9.35e-02  8.30e-02  4.99e-02  1.95e+04  1.53e+03 -1.00e+05
2016 03 23  0150   57470   6600   6.99e+00  1.96e-01  1.64e-01  1.14e-01  1.04e-01  4.15e-02  1.79e+04  1.54e+03 -1.00e+05
2016 03 23  0155   57470   6900   6.69e+00  2.35e-01  2.02e-01  1.52e-01  1.20e-01  8.00e-02  1.95e+04  1.52e+03 -1.00e+05
2016 03 23  0200   57470   7200   7.65e+00  3.31e-01  2.82e-01  7.05e-02  5.99e-02  2.74e-02  1.89e+04  1.53e+03 -1.00e+05
2016 03 23  0205   57470   7500   9.64e+00  3.07e-01  1.55e-01  1.02e-01  9.13e-02  3.75e-02  1.94e+04  1.51e+03 -1.00e+05
2016 03 23  0210   57470   7800   5.91e+00  1.37e-01  1.05e-01  5.51e-02  4.45e-02  2.25e-02  1.81e+04  1.46e+03 -1.00e+05
2016 03 23  0215   57470   8100   5.70e+00  1.67e-01  1.35e-01  5.78e-02  4.51e-02  2.25e-02  1.77e+04  1.45e+03 -1.00e+05
2016 03 23  0220   57470   8400   9.88e+00  4.93e-01  2.21e-01  7.98e-02  6.93e-02  4.72e-02  1.73e+04  1.40e+03 -1.00e+05
2016 03 23  0225   57470   8700   4.83e+00  1.52e-01  1.20e-01  7.05e-02  5.99e-02  2.74e-02  1.62e+04  1.33e+03 -1.00e+05
2016 03 23  0230   57470   9000   5.91e+00  2.09e-01  1.41e-01  8.42e-02  7.37e-02  2.29e-02  1.61e+04  1.32e+03 -1.00e+05
2016 03 23  0235   57470   9300   4.43e+00  1.72e-01  1.40e-01  8.97e-02  7.92e-02  5.71e-02  1.53e+04  1.30e+03 -1.00e+05
2016 03 23  0240   57470   9600   4.46e+00  1.93e-01  1.61e-01  1.10e-01  7.02e-02  3.98e-02  1.53e+04  1.33e+03 -1.00e+05
2016 03 23  0245   57470   9900   5.89e+00  2.71e-01  1.61e-01  9.59e-02  5.94e-02  2.99e-02  1.53e+04  1.33e+03 -1.00e+05
2016 03 23  0250   57470  10200   6.57e+00  2.87e-01  1.28e-01  5.51e-02  4.45e-02  2.25e-02  1.52e+04  1.30e+03 -1.00e+05
2016 03 23  0255   57470  10500   3.91e+00  1.52e-01  1.20e-01  7.05e-02  5.99e-02  2.74e-02  1.50e+04  1.37e+03 -1.00e+05
2016 03 23  0300   57470  10800   3.49e+00  1.75e-01  1.43e-01  5.51e-02  4.45e-02  2.25e-02  1.56e+04  1.42e+03 -1.00e+05
2016 03 23  0305   57470  11100   4.38e+00  1.95e-01  1.33e-01  7.74e-02  4.96e-02  2.25e-02  1.47e+04  1.36e+03 -1.00e+05
2016 03 23  0310   57470  11400   3.74e+00  2.22e-01  1.60e-01  1.04e-01  5.55e-02  2.25e-02  1.48e+04  1.37e+03 -1.00e+05
2016 03 23  0315   57470  11700   3.46e+00  1.81e-01  1.49e-01  9.89e-02  7.74e-02  5.22e-02  1.35e+04  1.28e+03 -1.00e+05
2016 03 23  0320   57470  12000   3.08e+00  2.42e-01  2.10e-01  5.51e-02  4.45e-02  2.25e-02  1.31e+04  1.25e+03 -1.00e+05
2016 03 23  0325   57470  12300   2.97e+00  1.87e-01  1.55e-01  1.04e-01  5.55e-02  2.25e-02  1.30e+04  1.20e+03 -1.00e+05
2016 03 23  0330   57470  12600   2.38e+00  1.37e-01  1.05e-01  5.51e-02  4.45e-02  2.25e-02  1.25e+04  1.23e+03 -1.00e+05
2016 03 23  0335   57470  12900   2.00e+00  1.64e-01  1.32e-01  5.51e-02  4.45e-02  2.25e-02  1.25e+04  1.15e+03 -1.00e+05
2016 03 23  0340   57470  13200   1.88e+00  1.37e-01  1.05e-01  5.51e-02  4.45e-02  2.25e-02  1.14e+04  1.05e+03 -1.00e+05
2016 03 23  0345   57470  13500   1.86e+00  2.20e-01  1.88e-01  1.37e-01  1.04e-01  3.95e-02  1.08e+04  9.92e+02 -1.00e+05
2016 03 23  0350   57470  13800   1.67e+00  1.87e-01  1.55e-01  1.04e-01  5.55e-02  2.25e-02  1.09e+04  9.54e+02 -1.00e+05
2016 03 23  0355   57470  14100   1.62e+00  1.37e-01  1.05e-01  5.51e-02  4.45e-02  2.25e-02  1.06e+04  9.23e+02 -1.00e+05
2016 03 23  0400   57470  14400   1.81e+00  3.50e-01  3.18e-01  9.68e-02  8.62e-02  6.28e-02  1.03e+04  9.10e+02 -1.00e+05
2016 03 23  0405   57470  14700   1.48e+00  1.64e-01  1.32e-01  5.51e-02  4.45e-02  2.25e-02  9.77e+03  8.53e+02 -1.00e+05
2016 03 23  0410   57470  15000   1.45e+00  1.52e-01  1.20e-01  7.05e-02  5.99e-02  2.74e-02  9.73e+03  8.01e+02 -1.00e+05
2016 03 23  0415   57470  15300   2.76e+00  6.11e-01  3.98e-01  1.60e-01  1.19e-01  6.53e-02  1.03e+04  8.17e+02 -1.00e+05
2016 03 23  0420   57470  15600   1.34e+00  4.25e-01  3.93e-01  1.02e-01  5.13e-02  2.25e-02  9.84e+03  7.71e+02 -1.00e+05
2016 03 23  0425   57470  15900   2.58e+00  3.06e-01  1.42e-01  5.51e-02  4.45e-02  2.25e-02  9.35e+03  7.27e+02 -1.00e+05
2016 03 23  0430   57470  16200   1.99e+00  2.46e-01  2.14e-01  1.65e-01  1.54e-01  5.77e-02  9.19e+03  6.81e+02 -1.00e+05
2016 03 23  0435   57470  16500   2.08e+00  1.64e-01  1.32e-01  5.51e-02  4.45e-02  2.25e-02  8.09e+03  5.41e+02 -1.00e+05
2016 03 23  0440   57470  16800   2.06e+00  2.29e-01  1.19e-01  5.51e-02  4.45e-02  2.25e-02  7.00e+03  4.24e+02 -1.00e+05
2016 03 23  0445   57470  17100   1.05e+00  1.84e-01  1.32e-01  7.91e-02  6.85e-02  3.86e-02  5.97e+03  4.16e+02 -1.00e+05
2016 03 23  0450   57470  17400   6.37e-01  1.95e-01  1.63e-01  9.47e-02  8.41e-02  6.21e-02  3.93e+03  2.00e+02 -1.00e+05
2016 03 23  0455   57470  17700   1.17e+00  2.29e-01  1.21e-01  5.79e-02  4.74e-02  2.34e-02  4.30e+03  2.10e+02 -1.00e+05
2016 03 23  0500   57470  18000   1.36e+00  2.87e-01  1.28e-01  5.51e-02  4.45e-02  2.25e-02  6.52e+03  3.71e+02 -1.00e+05
2016 03 23  0505   57470  18300   1.04e+00  1.80e-01  1.48e-01  6.00e-02  4.94e-02  2.74e-02  7.37e+03  3.92e+02 -1.00e+05
2016 03 23  0510   57470  18600   1.51e+00  1.54e-01  1.22e-01  7.24e-02  6.18e-02  3.98e-02  7.89e+03  3.37e+02 -1.00e+05
2016 03 23  0515   57470  18900   1.78e+00  2.63e-01  1.24e-01  7.05e-02  5.99e-02  2.74e-02  4.40e+03  1.31e+02 -1.00e+05
2016 03 23  0520   57470  19200   2.40e+00  2.42e-01  2.10e-01  5.51e-02  4.45e-02  2.25e-02  6.75e+03  1.75e+02 -1.00e+05
2016 03 23  0525   57470  19500   4.35e+00  3.02e-01  1.08e-01  5.51e-02  4.45e-02  2.25e-02  8.49e+03  2.88e+02 -1.00e+05
2016 03 23  0530   57470  19800   3.60e+00  1.46e-01  1.14e-01  6.42e-02  5.37e-02  2.54e-02  1.13e+04  3.98e+02 -1.00e+05
2016 03 23  0535   57470  20100   3.37e+00  1.60e-01  1.28e-01  7.81e-02  6.76e-02  3.49e-02  1.27e+04  4.27e+02 -1.00e+05
2016 03 23  0540   57470  20400   2.31e+00  1.97e-01  1.65e-01  9.97e-02  8.91e-02  6.71e-02  5.84e+03  1.29e+02 -1.00e+05
2016 03 23  0545   57470  20700   2.61e+00  2.42e-01  2.10e-01  5.51e-02  4.45e-02  2.25e-02  8.29e+03  1.65e+02 -1.00e+05
2016 03 23  0550   57470  21000   3.68e+00  2.88e-01  1.46e-01  7.67e-02  6.62e-02  2.95e-02  9.52e+03  2.16e+02 -1.00e+05
2016 03 23  0555   57470  21300   2.41e+00  1.92e-01  1.60e-01  8.68e-02  5.39e-02  2.34e-02  8.45e+03  1.65e+02 -1.00e+05
2016 03 23  0600   57470  21600   3.30e+00  2.87e-01  1.28e-01  5.51e-02  4.45e-02  2.25e-02  8.27e+03  1.67e+02 -1.00e+05
2016 03 23  0605   57470  21900   1.45e+00  1.90e-01  1.58e-01  1.08e-01  9.75e-02  3.95e-02  5.10e+03  7.70e+01 -1.00e+05
2016 03 23  0610   57470  22200   2.16e+00  4.80e-01  3.63e-01  1.24e-01  1.13e-01  5.63e-02  4.39e+03  5.84e+01 -1.00e+05
2016 03 23  0615   57470  22500   1.65e+00  2.18e-01  1.86e-01  1.36e-01  1.23e-01  4.76e-02  4.68e+03  6.34e+01 -1.00e+05
2016 03 23  0620   57470  22800   1.97e+00  1.72e-01  1.13e-01  5.79e-02  4.74e-02  2.34e-02  4.46e+03  5.67e+01 -1.00e+05
2016 03 23  0625   57470  23100   1.75e+00  1.75e-01  1.43e-01  7.51e-02  6.46e-02  4.26e-02  4.92e+03  5.80e+01 -1.00e+05
2016 03 23  0630   57470  23400   1.80e+00  2.87e-01  1.28e-01  5.51e-02  4.45e-02  2.25e-02  4.16e+03  5.23e+01 -1.00e+05
2016 03 23  0635   57470  23700   2.68e+00  3.57e-01  1.69e-01  8.68e-02  5.39e-02  2.34e-02  3.84e+03  4.04e+01 -1.00e+05
2016 03 23  0640   57470  24000   1.06e+00  2.41e-01  2.09e-01  1.59e-01  1.48e-01  8.11e-02  3.76e+03  4.44e+01 -1.00e+05
2016 03 23  0645   57470  24300   1.76e+00  4.66e-01  1.73e-01  5.51e-02  4.45e-02  2.25e-02  3.22e+03  3.63e+01 -1.00e+05
2016 03 23  0650   57470  24600   8.89e-01  1.59e-01  1.27e-01  7.67e-02  6.62e-02  2.95e-02  2.50e+03  2.27e+01 -1.00e+05
2016 03 23  0655   57470  24900   1.04e+00  2.86e-01  2.53e-01  9.71e-02  5.40e-02  2.25e-02  2.23e+03  3.04e+01 -1.00e+05
2016 03 23  0700   57470  25200   6.54e-01  1.75e-01  1.43e-01  5.51e-02  4.45e-02  2.25e-02  2.57e+03  3.26e+01 -1.00e+05
2016 03 23  0705   57470  25500   1.15e+00  2.54e-01  1.08e-01  5.51e-02  4.45e-02  2.25e-02  2.50e+03  2.65e+01 -1.00e+05
2016 03 23  0710   57470  25800   1.16e+00  3.07e-01  1.13e-01  6.00e-02  4.94e-02  2.74e-02  2.20e+03  2.81e+01 -1.00e+05
2016 03 23  0715   57470  26100   6.57e-01  1.37e-01  1.05e-01  5.51e-02  4.45e-02  2.25e-02  2.04e+03  3.04e+01 -1.00e+05
2016 03 23  0720   57470  26400   7.00e-01  2.25e-01  1.66e-01  8.48e-02  7.42e-02  5.22e-02  2.14e+03  2.83e+01 -1.00e+05
2016 03 23  0725   57470  26700   5.04e-01  1.67e-01  1.35e-01  8.40e-02  5.10e-02  2.25e-02  1.75e+03  2.65e+01 -1.00e+05
2016 03 23  0730   57470  27000   6.57e-01  1.44e-01  1.12e-01  6.25e-02  5.19e-02  2.99e-02  1.62e+03  3.18e+01 -1.00e+05
2016 03 23  0735   57470  27300   6.38e-01  1.37e-01  1.05e-01  5.51e-02  4.45e-02  2.25e-02  1.65e+03  2.92e+01 -1.00e+05
2016 03 23  0740   57470  27600   9.88e-01  1.88e-01  1.27e-01  7.09e-02  4.81e-02  2.25e-02  1.65e+03  2.17e+01 -1.00e+05
2016 03 23  0745   57470  27900   1.07e+00  1.37e-01  1.05e-01  5.51e-02  4.45e-02  2.25e-02  1.37e+03  1.45e+01 -1.00e+05
2016 03 23  0750   57470  28200   1.90e+00  2.76e-01  1.67e-01  8.23e-02  7.17e-02  4.97e-02  1.18e+03  7.37e+00 -1.00e+05
2016 03 23  0755   57470  28500   1.12e+00  2.16e-01  1.84e-01  1.08e-01  9.75e-02  3.95e-02  1.10e+03  7.78e+00 -1.00e+05
2016 03 23  0800   57470  28800   1.12e+00  1.60e-01  1.28e-01  7.84e-02  6.78e-02  4.58e-02  1.05e+03  6.94e+00 -1.00e+05
2016 03 23  0805   57470  29100   1.42e+00  4.33e-01  2.35e-01  5.51e-02  4.45e-02  2.25e-02  7.62e+02  5.27e+00 -1.00e+05
2016 03 23  0810   57470  29400   1.10e+00  1.64e-01  1.32e-01  5.51e-02  4.45e-02  2.25e-02  9.25e+02  6.48e+00 -1.00e+05
2016 03 23  0815   57470  29700   9.61e-01  1.37e-01  1.05e-01  5.51e-02  4.45e-02  2.25e-02  8.33e+02  9.85e+00 -1.00e+05
2016 03 23  0820   57470  30000   1.51e+00  3.00e-01  1.42e-01  6.99e-02  5.93e-02  3.73e-02  7.78e+02  6.80e+00 -1.00e+05
2016 03 23  0825   57470  30300   7.74e-01  1.37e-01  1.05e-01  5.51e-02  4.45e-02  2.25e-02  7.71e+02  7.50e+00 -1.00e+05
2016 03 23  0830   57470  30600   8.77e-01  1.60e-01  1.28e-01  7.74e-02  4.96e-02  2.25e-02  9.85e+02  8.65e+00 -1.00e+05
2016 03 23  0835   57470  30900   7.49e-01  1.96e-01  1.64e-01  1.14e-01  1.04e-01  4.15e-02  8.97e+02  7.82e+00 -1.00e+05
2016 03 23  0840   57470  31200   9.11e-01  2.12e-01  1.80e-01  8.93e-02  7.87e-02  3.35e-02  7.67e+02  7.90e+00 -1.00e+05
2016 03 23  0845   57470  31500   6.13e-01  1.69e-01  1.37e-01  8.68e-02  7.62e-02  4.61e-02  6.52e+02  4.60e+00 -1.00e+05
2016 03 23  0850   57470  31800   1.24e+00  2.91e-01  1.89e-01  1.27e-01  1.16e-01  4.56e-02  6.42e+02  4.24e+00 -1.00e+05
2016 03 23  0855   57470  32100   6.60e-01  2.42e-01  2.10e-01  1.60e-01  1.50e-01  6.29e-02  9.04e+02  3.49e+00 -1.00e+05
2016 03 23  0900   57470  32400   8.54e-01  1.37e-01  1.05e-01  5.51e-02  4.45e-02  2.25e-02  8.03e+02  9.05e+00 -1.00e+05
2016 03 23  0905   57470  32700   1.02e+00  5.37e-01  2.73e-01  9.05e-02  5.25e-02  2.25e-02  7.56e+02  5.58e+00 -1.00e+05
2016 03 23  0910   57470  33000   1.26e+00  2.79e-01  1.08e-01  5.51e-02  4.45e-02  2.25e-02  7.63e+02  7.42e+00 -1.00e+05
2016 03 23  0915   57470  33300   6.11e-01  1.44e-01  1.12e-01  6.25e-02  5.19e-02  2.99e-02  7.97e+02  5.75e+00 -1.00e+05
2016 03 23  0920   57470  33600   4.70e-01  1.64e-01  1.32e-01  5.51e-02  4.45e-02  2.25e-02  8.46e+02  8.64e+00 -1.00e+05
2016 03 23  0925   57470  33900   1.30e+00  3.50e-01  1.58e-01  1.05e-01  9.40e-02  7.20e-02  8.28e+02  5.48e+00 -1.00e+05
2016 03 23  0930   57470  34200   3.57e-01  2.02e-01  1.40e-01  8.40e-02  5.10e-02  2.25e-02  8.45e+02  6.72e+00 -1.00e+05
2016 03 23  0935   57470  34500   6.48e-01  1.43e-01  1.11e-01  6.06e-02  4.80e-02  2.34e-02  8.47e+02  6.51e+00 -1.00e+05
2016 03 23  0940   57470  34800   6.48e-01  2.84e-01  2.52e-01  1.19e-01  1.08e-01  3.84e-02  9.37e+02  4.97e+00 -1.00e+05
2016 03 23  0945   57470  35100   4.90e-01  1.72e-01  1.10e-01  5.51e-02  4.45e-02  2.25e-02  1.10e+03  1.21e+01 -1.00e+05
2016 03 23  0950   57470  35400   5.04e-01  1.44e-01  1.12e-01  6.25e-02  5.19e-02  2.99e-02  1.24e+03  7.33e+00 -1.00e+05
2016 03 23  0955   57470  35700   5.35e-01  2.10e-01  1.48e-01  5.51e-02  4.45e-02  2.25e-02  1.29e+03  9.19e+00 -1.00e+05
2016 03 23  1000   57470  36000   5.98e-01  2.86e-01  2.53e-01  9.71e-02  5.40e-02  2.25e-02  1.19e+03  8.89e+00 -1.00e+05
2016 03 23  1005   57470  36300   4.54e-01  1.37e-01  1.05e-01  5.51e-02  4.45e-02  2.25e-02  1.18e+03  7.43e+00 -1.00e+05
2016 03 23  1010   57470  36600   4.41e-01  1.77e-01  1.44e-01  9.47e-02  8.41e-02  6.21e-02  1.18e+03  5.98e+00 -1.00e+05
2016 03 23  1015   57470  36900   4.72e-01  1.87e-01  1.55e-01  1.04e-01  5.55e-02  2.25e-02  1.18e+03  7.97e+00 -1.00e+05
2016 03 23  1020   57470  37200   8.27e-01  3.36e-01  1.71e-01  8.40e-02  5.10e-02  2.25e-02  1.25e+03  7.14e+00 -1.00e+05
2016 03 23  1025   57470  37500   4.63e-01  1.37e-01  1.05e-01  5.51e-02  4.45e-02  2.25e-02  1.20e+03  8.64e+00 -1.00e+05
2016 03 23  1030   57470  37800   4.57e-01  1.72e-01  1.10e-01  5.51e-02  4.45e-02  2.25e-02  1.29e+03  1.21e+01 -1.00e+05
2016 03 23  1035   57470  38100   4.70e-01  1.71e-01  1.39e-01  8.93e-02  7.87e-02  3.35e-02  1.33e+03  1.31e+01 -1.00e+05
2016 03 23  1040   57470  38400   1.07e+00  2.54e-01  1.08e-01  5.51e-02  4.45e-02  2.25e-02  1.32e+03  1.60e+01 -1.00e+05
2016 03 23  1045   57470  38700   5.18e-01  1.37e-01  1.05e-01  5.51e-02  4.45e-02  2.25e-02  1.30e+03  1.38e+01 -1.00e+05
2016 03 23  1050   57470  39000   6.31e-01  1.49e-01  1.17e-01  6.74e-02  5.69e-02  3.48e-02  1.27e+03  1.34e+01 -1.00e+05
2016 03 23  1055   57470  39300   6.16e-01  1.42e-01  1.10e-01  6.00e-02  4.94e-02  2.74e-02  1.20e+03  1.23e+01 -1.00e+05
2016 03 23  1100   57470  39600   6.04e-01  2.32e-01  2.00e-01  1.05e-01  9.41e-02  4.85e-02  1.33e+03  1.47e+01 -1.00e+05
2016 03 23  1105   57470  39900   5.46e-01  1.72e-01  1.10e-01  5.51e-02  4.45e-02  2.25e-02  1.31e+03  1.41e+01 -1.00e+05
2016 03 23  1110   57470  40200   5.24e-01  1.90e-01  1.58e-01  1.07e-01  8.12e-02  5.46e-02  1.36e+03  1.12e+01 -1.00e+05
2016 03 23  1115   57470  40500   5.91e-01  1.40e-01  1.08e-01  5.79e-02  4.74e-02  2.34e-02  1.49e+03  1.59e+01 -1.00e+05
2016 03 23  1120   57470  40800   7.53e-01  2.29e-01  1.19e-01  5.51e-02  4.45e-02  2.25e-02  1.60e+03  1.90e+01 -1.00e+05
2016 03 23  1125   57470  41100   1.18e+00  3.21e-01  1.28e-01  7.51e-02  6.46e-02  4.26e-02  1.76e+03  1.82e+01 -1.00e+05
2016 03 23  1130   57470  41400   6.62e-01  1.95e-01  1.63e-01  9.47e-02  8.41e-02  6.21e-02  2.13e+03  2.22e+01 -1.00e+05
2016 03 23  1135   57470  41700   9.17e-01  4.30e-01  1.96e-01  5.51e-02  4.45e-02  2.25e-02  2.20e+03  2.44e+01 -1.00e+05
2016 03 23  1140   57470  42000   5.58e-01  1.37e-01  1.05e-01  5.51e-02  4.45e-02  2.25e-02  2.34e+03  2.29e+01 -1.00e+05
2016 03 23  1145   57470  42300   1.21e+00  3.02e-01  1.08e-01  5.51e-02  4.45e-02  2.25e-02  2.42e+03  2.42e+01 -1.00e+05
2016 03 23  1150   57470  42600   6.53e-01  1.54e-01  1.22e-01  7.24e-02  6.18e-02  3.98e-02  2.59e+03  2.66e+01 -1.00e+05
2016 03 23  1155   57470  42900   4.49e-01  2.12e-01  1.80e-01  1.30e-01  1.12e-01  4.53e-02  2.61e+03  2.50e+01 -1.00e+05
2016 03 23  1200   57470  43200   6.36e-01  1.75e-01  1.43e-01  5.51e-02  4.45e-02  2.25e-02  2.78e+03  3.47e+01 -1.00e+05
2016 03 23  1205   57470  43500   6.29e-01  2.23e-01  1.91e-01  1.41e-01  1.31e-01  5.69e-02  3.22e+03  2.77e+01 -1.00e+05
2016 03 23  1210   57470  43800   6.55e-01  1.64e-01  1.32e-01  5.51e-02  4.45e-02  2.25e-02  2.80e+03  3.42e+01 -1.00e+05
2016 03 23  1215   57470  44100   7.71e-01  1.72e-01  1.40e-01  8.97e-02  7.92e-02  5.71e-02  2.66e+03  3.17e+01 -1.00e+05
2016 03 23  1220   57470  44400   1.07e+00  3.33e-01  1.91e-01  1.02e-01  9.13e-02  3.75e-02  3.28e+03  2.93e+01 -1.00e+05
2016 03 23  1225   57470  44700   5.10e-01  1.64e-01  1.32e-01  5.51e-02  4.45e-02  2.25e-02  2.99e+03  3.33e+01 -1.00e+05
2016 03 23  1230   57470  45000   6.88e-01  2.13e-01  1.80e-01  1.30e-01  1.07e-01  4.15e-02  3.30e+03  3.20e+01 -1.00e+05
2016 03 23  1235   57470  45300   8.24e-01  2.67e-01  1.57e-01  5.51e-02  4.45e-02  2.25e-02  3.13e+03  3.01e+01 -1.00e+05
2016 03 23  1240   57470  45600   1.24e+00  4.13e-01  2.56e-01  8.48e-02  7.42e-02  5.22e-02  3.06e+03  3.02e+01 -1.00e+05
2016 03 23  1245   57470  45900   6.05e-01  2.18e-01  1.86e-01  5.51e-02  4.45e-02  2.25e-02  3.07e+03  3.10e+01 -1.00e+05
2016 03 23  1250   57470  46200   8.12e-01  2.78e-01  2.46e-01  1.27e-01  1.17e-01  4.74e-02  3.09e+03  2.71e+01 -1.00e+05
2016 03 23  1255   57470  46500   1.18e+00  3.77e-01  1.58e-01  7.09e-02  4.81e-02  2.25e-02  3.10e+03  2.83e+01 -1.00e+05
2016 03 23  1300   57470  46800   7.20e-01  1.72e-01  1.10e-01  5.51e-02  4.45e-02  2.25e-02  3.29e+03  3.49e+01 -1.00e+05
2016 03 23  1305   57470  47100   5.76e-01  1.74e-01  1.41e-01  9.05e-02  5.25e-02  2.25e-02  3.33e+03  2.93e+01 -1.00e+05
2016 03 23  1310   57470  47400   7.04e-01  1.44e-01  1.12e-01  6.25e-02  5.19e-02  2.99e-02  3.32e+03  3.38e+01 -1.00e+05
2016 03 23  1315   57470  47700   1.21e+00  2.97e-01  1.71e-01  1.18e-01  1.07e-01  5.43e-02  3.51e+03  3.31e+01 -1.00e+05
2016 03 23  1320   57470  48000   5.42e-01  1.37e-01  1.05e-01  5.51e-02  4.45e-02  2.25e-02  3.54e+03  3.62e+01 -1.00e+05
2016 03 23  1325   57470  48300   7.63e-01  1.37e-01  1.05e-01  5.51e-02  4.45e-02  2.25e-02  3.57e+03  3.49e+01 -1.00e+05
2016 03 23  1330   57470  48600   7.86e-01  2.05e-01  1.73e-01  1.07e-01  9.65e-02  7.45e-02  3.84e+03  3.49e+01 -1.00e+05
2016 03 23  1335   57470  48900   8.45e-01  1.44e-01  1.12e-01  6.25e-02  5.19e-02  2.99e-02  3.78e+03  3.17e+01 -1.00e+05
2016 03 23  1340   57470  49200   9.62e-01  2.46e-01  2.14e-01  1.65e-01  1.54e-01  5.77e-02  3.68e+03  3.86e+01 -1.00e+05
2016 03 23  1345   57470  49500   8.67e-01  1.37e-01  1.05e-01  5.51e-02  4.45e-02  2.25e-02  3.76e+03  3.50e+01 -1.00e+05
2016 03 23  1350   57470  49800   1.07e+00  1.37e-01  1.05e-01  5.51e-02  4.45e-02  2.25e-02  3.87e+03  4.03e+01 -1.00e+05
2016 03 23  1355   57470  50100   1.18e+00  2.83e-01  2.51e-01  1.14e-01  1.04e-01  4.15e-02  4.03e+03  3.50e+01 -1.00e+05
2016 03 23  1400   57470  50400   1.93e+00  3.26e-01  2.04e-01  1.37e-01  9.93e-02  3.75e-02  4.04e+03  3.83e+01 -1.00e+05
2016 03 23  1405   57470  50700   7.46e-01  1.46e-01  1.14e-01  6.42e-02  5.37e-02  2.54e-02  4.05e+03  3.61e+01 -1.00e+05
2016 03 23  1410   57470  51000   1.37e+00  2.29e-01  1.19e-01  5.51e-02  4.45e-02  2.25e-02  4.10e+03  4.26e+01 -1.00e+05
2016 03 23  1415   57470  51300   1.20e+00  2.42e-01  2.10e-01  5.51e-02  4.45e-02  2.25e-02  4.36e+03  4.17e+01 -1.00e+05
2016 03 23  1420   57470  51600   1.03e+00  1.37e-01  1.05e-01  5.51e-02  4.45e-02  2.25e-02  4.36e+03  4.39e+01 -1.00e+05
2016 03 23  1425   57470  51900   1.15e+00  1.37e-01  1.05e-01  5.51e-02  4.45e-02  2.25e-02  4.45e+03  4.21e+01 -1.00e+05
2016 03 23  1430   57470  52200   1.07e+00  1.84e-01  1.52e-01  1.02e-01  9.15e-02  6.95e-02  4.59e+03  4.71e+01 -1.00e+05
2016 03 23  1435   57470  52500   1.93e+00  3.35e-01  2.24e-01  5.51e-02  4.45e-02  2.25e-02  4.57e+03  4.50e+01 -1.00e+05
2016 03 23  1440   57470  52800   1.39e+00  1.84e-01  1.52e-01  1.02e-01  9.13e-02  3.75e-02  4.66e+03  4.77e+01 -1.00e+05
2016 03 23  1445   57470  53100   1.50e+00  1.37e-01  1.05e-01  5.51e-02  4.45e-02  2.25e-02  4.69e+03  5.05e+01 -1.00e+05
2016 03 23  1450   57470  53400   1.78e+00  2.96e-01  1.37e-01  6.43e-02  4.66e-02  2.25e-02  4.93e+03  5.49e+01 -1.00e+05
2016 03 23  1455   57470  53700   2.53e+00  3.35e-01  1.76e-01  5.51e-02  4.45e-02  2.25e-02  5.05e+03  5.15e+01 -1.00e+05
2016 03 23  1500   57470  54000   1.66e+00  1.64e-01  1.32e-01  5.51e-02  4.45e-02  2.25e-02  4.77e+03  5.64e+01 -1.00e+05
2016 03 23  1505   57470  54300   2.24e+00  2.68e-01  1.61e-01  9.71e-02  8.66e-02  6.45e-02  5.31e+03  5.36e+01 -1.00e+05
2016 03 23  1510   57470  54600   1.61e+00  1.40e-01  1.08e-01  5.78e-02  4.51e-02  2.25e-02  5.12e+03  6.06e+01 -1.00e+05
2016 03 23  1515   57470  54900   1.42e+00  1.37e-01  1.05e-01  5.51e-02  4.45e-02  2.25e-02  4.95e+03  5.28e+01 -1.00e+05
2016 03 23  1520   57470  55200   1.39e+00  1.37e-01  1.05e-01  5.51e-02  4.45e-02  2.25e-02  4.83e+03  5.29e+01 -1.00e+05
2016 03 23  1525   57470  55500   1.86e+00  2.10e-01  1.48e-01  5.51e-02  4.45e-02  2.25e-02  4.95e+03  5.65e+01 -1.00e+05
2016 03 23  1530   57470  55800   1.49e+00  1.52e-01  1.20e-01  6.99e-02  5.93e-02  3.73e-02  4.71e+03  4.88e+01 -1.00e+05
2016 03 23  1535   57470  56100   1.75e+00  1.37e-01  1.05e-01  5.51e-02  4.45e-02  2.25e-02  4.99e+03  5.29e+01 -1.00e+05
2016 03 23  1540   57470  56400   1.79e+00  1.37e-01  1.05e-01  5.51e-02  4.45e-02  2.25e-02  4.87e+03  5.43e+01 -1.00e+05
2016 03 23  1545   57470  56700   2.89e+00  2.79e-01  1.08e-01  5.51e-02  4.45e-02  2.25e-02  5.96e+03  6.04e+01 -1.00e+05
2016 03 23  1550   57470  57000   2.49e+00  2.87e-01  1.28e-01  5.51e-02  4.45e-02  2.25e-02  4.96e+03  5.42e+01 -1.00e+05
2016 03 23  1555   57470  57300   2.06e+00  1.52e-01  1.20e-01  6.99e-02  5.93e-02  3.73e-02  5.17e+03  6.18e+01 -1.00e+05
2016 03 23  1600   57470  57600   1.97e+00  1.37e-01  1.05e-01  5.51e-02  4.45e-02  2.25e-02  5.73e+03  5.89e+01 -1.00e+05
2016 03 23  1605   57470  57900   2.85e+00  2.78e-01  1.69e-01  8.48e-02  7.42e-02  5.22e-02  5.40e+03  5.75e+01 -1.00e+05
2016 03 23  1610   57470  58200   2.04e+00  1.37e-01  1.05e-01  5.51e-02  4.45e-02  2.25e-02  5.49e+03  6.46e+01 -1.00e+05
2016 03 23  1615   57470  58500   2.11e+00  1.72e-01  1.40e-01  8.97e-02  7.92e-02  5.71e-02  5.45e+03  6.15e+01 -1.00e+05
2016 03 23  1620   57470  58800   2.09e+00  2.42e-01  2.10e-01  5.51e-02  4.45e-02  2.25e-02  5.78e+03  6.15e+01 -1.00e+05
2016 03 23  1625   57470  59100   4.20e+00  2.79e-01  1.08e-01  5.51e-02  4.45e-02  2.25e-02  5.56e+03  6.52e+01 -1.00e+05
2016 03 23  1630   57470  59400   2.38e+00  2.65e-01  2.33e-01  7.74e-02  4.96e-02  2.25e-02  5.74e+03  6.45e+01 -1.00e+05
2016 03 23  1635   57470  59700   2.26e+00  2.42e-01  2.10e-01  5.51e-02  4.45e-02  2.25e-02  5.59e+03  6.57e+01 -1.00e+05
2016 03 23  1640   57470  60000   2.31e+00  1.96e-01  1.64e-01  1.12e-01  7.10e-02  4.23e-02  5.81e+03  5.95e+01 -1.00e+05
2016 03 23  1645   57470  60300   2.47e+00  1.66e-01  1.34e-01  5.79e-02  4.74e-02  2.34e-02  5.96e+03  6.59e+01 -1.00e+05
2016 03 23  1650   57470  60600   2.65e+00  1.37e-01  1.05e-01  5.51e-02  4.45e-02  2.25e-02  5.63e+03  6.85e+01 -1.00e+05
2016 03 23  1655   57470  60900   2.53e+00  1.40e-01  1.08e-01  5.78e-02  4.51e-02  2.25e-02  6.20e+03  6.75e+01 -1.00e+05
2016 03 23  1700   57470  61200   2.80e+00  1.40e-01  1.08e-01  5.79e-02  4.74e-02  2.34e-02  6.05e+03  7.40e+01 -1.00e+05
2016 03 23  1705   57470  61500   5.80e+00  3.73e-01  1.58e-01  7.73e-02  6.68e-02  4.47e-02  6.07e+03  7.53e+01 -1.00e+05
2016 03 23  1710   57470  61800   4.57e+00  3.03e-01  1.45e-01  7.24e-02  6.18e-02  3.98e-02  6.27e+03  7.55e+01 -1.00e+05
2016 03 23  1715   57470  62100   3.64e+00  1.72e-01  1.10e-01  5.51e-02  4.45e-02  2.25e-02  6.06e+03  7.13e+01 -1.00e+05
2016 03 23  1720   57470  62400   3.12e+00  1.64e-01  1.32e-01  5.51e-02  4.45e-02  2.25e-02  6.52e+03  7.54e+01 -1.00e+05
2016 03 23  1725   57470  62700   3.10e+00  1.67e-01  1.35e-01  5.78e-02  4.51e-02  2.25e-02  6.42e+03  7.89e+01 -1.00e+05
2016 03 23  1730   57470  63000   3.40e+00  1.79e-01  1.47e-01  9.71e-02  8.66e-02  6.45e-02  6.55e+03  7.55e+01 -1.00e+05
2016 03 23  1735   57470  63300   3.51e+00  1.62e-01  1.30e-01  7.98e-02  6.93e-02  4.72e-02  6.76e+03  8.11e+01 -1.00e+05
2016 03 23  1740   57470  63600   3.64e+00  1.53e-01  1.21e-01  7.09e-02  4.81e-02  2.25e-02  6.82e+03  8.48e+01 -1.00e+05
2016 03 23  1745   57470  63900   3.86e+00  1.59e-01  1.27e-01  7.67e-02  6.62e-02  2.95e-02  6.91e+03  8.42e+01 -1.00e+05
2016 03 23  1750   57470  64200   3.71e+00  1.44e-01  1.12e-01  6.25e-02  5.19e-02  2.99e-02  7.05e+03  9.02e+01 -1.00e+05
2016 03 23  1755   57470  64500   4.14e+00  2.77e-01  2.45e-01  9.96e-02  8.91e-02  6.70e-02  7.13e+03  8.63e+01 -1.00e+05
2016 03 23  1800   57470  64800   4.70e+00  2.17e-01  1.59e-01  1.05e-01  9.40e-02  7.20e-02  7.17e+03  9.06e+01 -1.00e+05
2016 03 23  1805   57470  65100   4.08e+00  1.42e-01  1.10e-01  6.00e-02  4.94e-02  2.74e-02  7.26e+03  9.84e+01 -1.00e+05
2016 03 23  1810   57470  65400   6.41e+00  3.92e-01  2.33e-01  5.51e-02  4.45e-02  2.25e-02  7.55e+03  9.92e+01 -1.00e+05
2016 03 23  1815   57470  65700   4.31e+00  1.59e-01  1.27e-01  7.73e-02  6.68e-02  4.47e-02  7.83e+03  1.04e+02 -1.00e+05
2016 03 23  1820   57470  66000   4.38e+00  1.37e-01  1.05e-01  5.51e-02  4.45e-02  2.25e-02  7.87e+03  1.06e+02 -1.00e+05
2016 03 23  1825   57470  66300   4.48e+00  1.64e-01  1.32e-01  5.51e-02  4.45e-02  2.25e-02  7.89e+03  1.03e+02 -1.00e+05
2016 03 23  1830   57470  66600   4.47e+00  1.37e-01  1.05e-01  5.51e-02  4.45e-02  2.25e-02  8.11e+03  1.07e+02 -1.00e+05
2016 03 23  1835   57470  66900   4.65e+00  1.64e-01  1.32e-01  5.51e-02  4.45e-02  2.25e-02  7.94e+03  1.05e+02 -1.00e+05
2016 03 23  1840   57470  67200   4.39e+00  1.91e-01  1.59e-01  8.97e-02  7.92e-02  5.71e-02  7.89e+03  1.07e+02 -1.00e+05
2016 03 23  1845   57470  67500   5.99e+00  2.02e-01  1.40e-01  8.40e-02  5.10e-02  2.25e-02  8.80e+03  1.12e+02 -1.00e+05
2016 03 23  1850   57470  67800   5.41e+00  1.64e-01  1.32e-01  5.51e-02  4.45e-02  2.25e-02  8.54e+03  1.23e+02 -1.00e+05
2016 03 23  1855   57470  68100   5.66e+00  1.54e-01  1.22e-01  7.24e-02  6.18e-02  3.98e-02  9.00e+03  1.26e+02 -1.00e+05
2016 03 23  1900   57470  68400   6.37e+00  1.37e-01  1.05e-01  5.51e-02  4.45e-02  2.25e-02  9.56e+03  1.38e+02 -1.00e+05
2016 03 23  1905   57470  68700   9.94e+00  2.29e-01  1.19e-01  5.51e-02  4.45e-02  2.25e-02  1.01e+04  1.52e+02 -1.00e+05
2016 03 23  1910   57470  69000   7.96e+00  2.19e-01  1.87e-01  8.97e-02  7.92e-02  5.71e-02  1.08e+04  1.58e+02 -1.00e+05
2016 03 23  1915   57470  69300   7.52e+00  1.37e-01  1.05e-01  5.51e-02  4.45e-02  2.25e-02  1.06e+04  1.75e+02 -1.00e+05
2016 03 23  1920   57470  69600   1.51e+01  6.16e-01  3.27e-01  1.27e-01  8.56e-02  5.46e-02  1.16e+04  1.73e+02 -1.00e+05
2016 03 23  1925   57470  69900   8.04e+00  1.37e-01  1.05e-01  5.51e-02  4.45e-02  2.25e-02  1.17e+04  1.81e+02 -1.00e+05
2016 03 23  1930   57470  70200   8.35e+00  1.60e-01  1.28e-01  7.74e-02  4.96e-02  2.25e-02  1.12e+04  1.87e+02 -1.00e+05
2016 03 23  1935   57470  70500   8.59e+00  1.47e-01  1.15e-01  6.49e-02  5.44e-02  3.24e-02  1.13e+04  1.90e+02 -1.00e+05
2016 03 23  1940   57470  70800   8.09e+00  2.44e-01  2.12e-01  5.75e-02  4.70e-02  2.49e-02  1.10e+04  1.80e+02 -1.00e+05
2016 03 23  1945   57470  71100   7.98e+00  1.37e-01  1.05e-01  5.51e-02  4.45e-02  2.25e-02  1.09e+04  1.84e+02 -1.00e+05
2016 03 23  1950   57470  71400   7.90e+00  1.37e-01  1.05e-01  5.51e-02  4.45e-02  2.25e-02  1.09e+04  1.83e+02 -1.00e+05
2016 03 23  1955   57470  71700   1.21e+01  3.44e-01  1.86e-01  1.12e-01  6.86e-02  3.98e-02  1.06e+04  1.78e+02 -1.00e+05
2016 03 23  2000   57470  72000   9.58e+00  2.93e-01  2.32e-01  7.09e-02  4.81e-02  2.25e-02  1.08e+04  1.83e+02 -1.00e+05
2016 03 23  2005   57470  72300   7.92e+00  1.70e-01  1.38e-01  6.25e-02  5.19e-02  2.99e-02  1.06e+04  1.90e+02 -1.00e+05
2016 03 23  2010   57470  72600   1.30e+01  3.14e-01  1.55e-01  5.51e-02  4.45e-02  2.25e-02  1.07e+04  1.86e+02 -1.00e+05
2016 03 23  2015   57470  72900   1.53e+01  4.72e-01  2.74e-01  9.23e-02  5.13e-02  2.25e-02  1.12e+04  2.00e+02 -1.00e+05
2016 03 23  2020   57470  73200   8.15e+00  2.26e-01  1.93e-01  1.07e-01  9.65e-02  7.45e-02  1.15e+04  1.87e+02 -1.00e+05
2016 03 23  2025   57470  73500   9.58e+00  1.37e-01  1.05e-01  5.51e-02  4.45e-02  2.25e-02  1.15e+04  2.04e+02 -1.00e+05
2016 03 23  2030   57470  73800   9.59e+00  1.37e-01  1.05e-01  5.51e-02  4.45e-02  2.25e-02  1.22e+04  2.27e+02 -1.00e+05
2016 03 23  2035   57470  74100   1.39e+01  2.08e-01  1.47e-01  6.49e-02  5.44e-02  3.24e-02  1.35e+04  2.45e+02 -1.00e+05
2016 03 23  2040   57470  74400   1.15e+01  2.42e-01  2.10e-01  5.51e-02  4.45e-02  2.25e-02  1.35e+04  2.70e+02 -1.00e+05
2016 03 23  2045   57470  74700   1.56e+01  2.63e-01  1.57e-01  9.27e-02  6.08e-02  2.91e-02  1.46e+04  2.76e+02 -1.00e+05
2016 03 23  2050   57470  75000   1.20e+01  2.42e-01  2.10e-01  5.51e-02  4.45e-02  2.25e-02  1.46e+04  2.86e+02 -1.00e+05
2016 03 23  2055   57470  75300   1.17e+01  2.05e-01  1.73e-01  1.22e-01  1.03e-01  5.23e-02  1.50e+04  2.89e+02 -1.00e+05
2016 03 23  2100   57470  75600   1.20e+01  2.42e-01  2.10e-01  5.51e-02  4.45e-02  2.25e-02  1.51e+04  3.07e+02 -1.00e+05
2016 03 23  2105   57470  75900   2.13e+01  3.25e-01  1.08e-01  5.51e-02  4.45e-02  2.25e-02  1.52e+04  2.90e+02 -1.00e+05
2016 03 23  2110   57470  76200   9.55e+00  1.42e-01  1.10e-01  6.00e-02  4.94e-02  2.74e-02  1.38e+04  2.71e+02 -1.00e+05
2016 03 23  2115   57470  76500   8.53e+00  1.64e-01  1.32e-01  5.51e-02  4.45e-02  2.25e-02  1.47e+04  2.71e+02 -1.00e+05
2016 03 23  2120   57470  76800   1.26e+01  3.65e-01  2.08e-01  6.06e-02  4.80e-02  2.34e-02  1.36e+04  2.54e+02 -1.00e+05
2016 03 23  2125   57470  77100   7.23e+00  1.37e-01  1.05e-01  5.51e-02  4.45e-02  2.25e-02  1.31e+04  2.39e+02 -1.00e+05
2016 03 23  2130   57470  77400   1.20e+01  4.68e-01  2.72e-01  9.47e-02  6.49e-02  3.73e-02  1.35e+04  2.34e+02 -1.00e+05
2016 03 23  2135   57470  77700   7.45e+00  2.21e-01  1.89e-01  7.97e-02  6.20e-02  2.74e-02  1.29e+04  2.29e+02 -1.00e+05
2016 03 23  2140   57470  78000   6.11e+00  1.84e-01  1.52e-01  1.02e-01  9.13e-02  3.75e-02  1.29e+04  2.22e+02 -1.00e+05
2016 03 23  2145   57470  78300   9.27e+00  2.57e-01  1.46e-01  5.51e-02  4.45e-02  2.25e-02  1.23e+04  2.05e+02 -1.00e+05
2016 03 23  2150   57470  78600   5.59e+00  1.75e-01  1.43e-01  9.25e-02  6.98e-02  2.95e-02  1.17e+04  1.97e+02 -1.00e+05
2016 03 23  2155   57470  78900   6.53e+00  1.37e-01  1.05e-01  5.51e-02  4.45e-02  2.25e-02  1.16e+04  1.94e+02 -1.00e+05
2016 03 23  2200   57470  79200   5.91e+00  2.83e-01  2.51e-01  9.40e-02  5.13e-02  2.25e-02  1.17e+04  1.89e+02 -1.00e+05
2016 03 23  2205   57470  79500   9.09e+00  3.14e-01  1.57e-01  8.48e-02  7.42e-02  5.22e-02  1.16e+04  1.87e+02 -1.00e+05
2016 03 23  2210   57470  79800   9.44e+00  3.17e-01  1.58e-01  5.78e-02  4.51e-02  2.25e-02  1.14e+04  1.82e+02 -1.00e+05
2016 03 23  2215   57470  80100   6.47e+00  1.84e-01  1.14e-01  5.80e-02  4.83e-02  2.70e-02  1.13e+04  1.83e+02 -1.00e+05
2016 03 23  2220   57470  80400   8.07e+00  2.37e-01  1.18e-01  5.32e-02  4.35e-02  2.22e-02  1.17e+04  1.93e+02 -1.00e+05
2016 03 23  2225   57470  80700   5.54e+00  1.38e-01  1.06e-01  5.80e-02  4.83e-02  2.70e-02  1.17e+04  1.89e+02 -1.00e+05
2016 03 23  2230   57470  81000   5.82e+00  2.77e-01  2.45e-01  8.94e-02  5.16e-02  2.22e-02  1.18e+04  1.98e+02 -1.00e+05
2016 03 23  2235   57470  81300   6.54e+00  2.50e-01  2.19e-01  5.32e-02  4.35e-02  2.22e-02  1.20e+04  2.07e+02 -1.00e+05
2016 03 23  2240   57470  81600   6.55e+00  1.36e-01  1.05e-01  5.66e-02  4.42e-02  2.22e-02  1.20e+04  2.05e+02 -1.00e+05
2016 03 23  2245   57470  81900   6.18e+00  1.38e-01  1.06e-01  5.80e-02  4.83e-02  2.70e-02  1.18e+04  2.06e+02 -1.00e+05
2016 03 23  2250   57470  82200   5.79e+00  1.77e-01  1.46e-01  9.64e-02  6.08e-02  3.19e-02  1.16e+04  1.91e+02 -1.00e+05
2016 03 23  2255   57470  82500   5.71e+00  2.50e-01  2.19e-01  5.32e-02  4.35e-02  2.22e-02  1.15e+04  1.94e+02 -1.00e+05
2016 03 23  2300   57470  82800   5.74e+00  1.50e-01  1.19e-01  6.97e-02  4.72e-02  2.22e-02  1.17e+04  1.97e+02 -1.00e+05
2016 03 23  2305   57470  83100   5.45e+00  2.03e-01  1.72e-01  9.76e-02  8.79e-02  6.66e-02  1.16e+04  1.97e+02 -1.00e+05
2016 03 23  2310   57470  83400   1.00e+01  2.54e-01  1.05e-01  5.32e-02  4.35e-02  2.22e-02  1.16e+04  1.98e+02 -1.00e+05
2016 03 23  2315   57470  83700   5.20e+00  1.50e-01  1.19e-01  6.97e-02  4.72e-02  2.22e-02  1.15e+04  1.89e+02 -1.00e+05
2016 03 23  2320   57470  84000   7.01e+00  3.44e-01  2.37e-01  8.45e-02  7.48e-02  4.39e-02  1.16e+04  1.94e+02 -1.00e+05
2016 03 23  2325   57470  84300   1.02e+01  4.38e-01  1.71e-01  5.32e-02  4.35e-02  2.22e-02  1.23e+04  1.98e+02 -1.00e+05
2016 03 23  2330   57470  84600   4.25e+00  1.43e-01  1.11e-01  6.29e-02  5.32e-02  3.19e-02  1.23e+04  1.93e+02 -1.00e+05
2016 03 23  2335   57470  84900   4.52e+00  1.48e-01  1.17e-01  6.87e-02  5.90e-02  2.72e-02  1.22e+04  1.95e+02 -1.00e+05
2016 03 23  2340   57470  85200   3.79e+00  1.33e-01  1.02e-01  5.32e-02  4.35e-02  2.22e-02  1.18e+04  1.88e+02 -1.00e+05
2016 03 23  2345   57470  85500   3.84e+00  1.74e-01  1.42e-01  9.22e-02  5.02e-02  2.22e-02  1.12e+04  1.72e+02 -1.00e+05
2016 03 23  2350   57470  85800   3.34e+00  1.33e-01  1.02e-01  5.32e-02  4.35e-02  2.22e-02  1.07e+04  1.65e+02 -1.00e+05
2016 03 23  2355   57470  86100   3.04e+00  1.77e-01  1.46e-01  9.59e-02  5.31e-02  2.22e-02  1.04e+04  1.57e+02 -1.00e+05
