:Data_list: 20160620_Gs_part_5m.txt
:Created: 2016 Jun 21 0011 UTC
# Prepared by the U.S. Dept. of Commerce, NOAA, Space Weather Prediction Center
# Please send comments and suggestions to SWPC.Webmaster@noaa.gov 
# 
# Label: P > 1 = Particles at >1 Mev
# Label: P > 5 = Particles at >5 Mev
# Label: P >10 = Particles at >10 Mev
# Label: P >30 = Particles at >30 Mev
# Label: P >50 = Particles at >50 Mev
# Label: P>100 = Particles at >100 Mev
# Label: E>0.8 = Electrons at >0.8 Mev
# Label: E>2.0 = Electrons at >2.0 Mev
# Label: E>4.0 = Electrons at >4.0 Mev
# Units: Particles = Protons/cm2-s-sr
# Units: Electrons = Electrons/cm2-s-sr
# Source: GOES-15
# Location: W135
# Missing data: -1.00e+05
#
#                      5-minute  GOES-15 Solar Particle and Electron Flux
#
#                 Modified Seconds
# UTC Date  Time   Julian  of the
# YR MO DA  HHMM    Day     Day     P > 1     P > 5     P >10     P >30     P >50     P>100     E>0.8     E>2.0     E>4.0
#-------------------------------------------------------------------------------------------------------------------------
2016 06 20  0000   57559      0   1.27e+01  3.42e-01  1.86e-01  1.09e-01  7.31e-02  4.42e-02  6.53e+04  1.93e+03 -1.00e+05
2016 06 20  0005   57559    300   7.33e+00  1.72e-01  1.39e-01  6.27e-02  5.45e-02  3.07e-02  6.52e+04  1.89e+03 -1.00e+05
2016 06 20  0010   57559    600   7.34e+00  1.99e-01  1.66e-01  9.88e-02  9.06e-02  3.71e-02  6.29e+04  1.82e+03 -1.00e+05
2016 06 20  0015   57559    900   7.36e+00  1.34e-01  1.01e-01  5.06e-02  4.24e-02  2.16e-02  6.46e+04  1.80e+03 -1.00e+05
2016 06 20  0020   57559   1200   8.22e+00  1.64e-01  1.06e-01  5.06e-02  4.24e-02  2.16e-02  6.26e+04  1.75e+03 -1.00e+05
2016 06 20  0025   57559   1500   9.43e+00  2.22e-01  1.29e-01  6.75e-02  5.93e-02  2.70e-02  6.26e+04  1.71e+03 -1.00e+05
2016 06 20  0030   57559   1800   7.63e+00  3.13e-01  2.56e-01  1.02e-01  6.38e-02  3.42e-02  6.26e+04  1.63e+03 -1.00e+05
2016 06 20  0035   57559   2100   6.59e+00  1.70e-01  1.37e-01  8.66e-02  7.84e-02  5.76e-02  6.26e+04  1.61e+03 -1.00e+05
2016 06 20  0040   57559   2400   8.23e+00  1.78e-01  1.21e-01  6.57e-02  5.75e-02  3.67e-02  6.26e+04  1.61e+03 -1.00e+05
2016 06 20  0045   57559   2700   8.37e+00  1.81e-01  1.23e-01  5.06e-02  4.24e-02  2.16e-02  6.26e+04  1.62e+03 -1.00e+05
2016 06 20  0050   57559   3000   6.58e+00  1.44e-01  1.12e-01  6.10e-02  5.26e-02  3.18e-02  6.26e+04  1.53e+03 -1.00e+05
2016 06 20  0055   57559   3300   6.01e+00  1.58e-01  1.25e-01  7.47e-02  6.65e-02  4.57e-02  6.02e+04  1.43e+03 -1.00e+05
2016 06 20  0100   57559   3600   1.09e+01  3.23e-01  1.54e-01  9.86e-02  5.92e-02  2.93e-02  5.99e+04  1.41e+03 -1.00e+05
2016 06 20  0105   57559   3900   5.49e+00  1.75e-01  1.42e-01  9.08e-02  5.48e-02  2.30e-02  5.99e+04  1.32e+03 -1.00e+05
2016 06 20  0110   57559   4200   5.39e+00  1.63e-01  1.31e-01  8.00e-02  7.18e-02  3.11e-02  5.80e+04  1.26e+03 -1.00e+05
2016 06 20  0115   57559   4500   5.66e+00  1.57e-01  1.25e-01  7.34e-02  4.75e-02  2.16e-02  5.73e+04  1.23e+03 -1.00e+05
2016 06 20  0120   57559   4800   5.23e+00  1.63e-01  1.31e-01  5.33e-02  4.52e-02  2.43e-02  5.74e+04  1.23e+03 -1.00e+05
2016 06 20  0125   57559   5100   7.63e+00  2.31e-01  1.27e-01  6.31e-02  5.49e-02  3.25e-02  5.79e+04  1.19e+03 -1.00e+05
2016 06 20  0130   57559   5400   5.02e+00  1.34e-01  1.01e-01  5.06e-02  4.24e-02  2.16e-02  5.73e+04  1.16e+03 -1.00e+05
2016 06 20  0135   57559   5700   5.36e+00  1.34e-01  1.01e-01  5.06e-02  4.24e-02  2.16e-02  5.73e+04  1.15e+03 -1.00e+05
2016 06 20  0140   57559   6000   5.34e+00  1.64e-01  1.06e-01  5.06e-02  4.24e-02  2.16e-02  5.73e+04  1.10e+03 -1.00e+05
2016 06 20  0145   57559   6300   5.48e+00  2.98e-01  2.29e-01  1.71e-01  1.12e-01  3.71e-02  5.68e+04  1.04e+03 -1.00e+05
2016 06 20  0150   57559   6600   4.64e+00  1.68e-01  1.35e-01  6.57e-02  5.75e-02  3.67e-02  5.72e+04  1.04e+03 -1.00e+05
2016 06 20  0155   57559   6900   4.52e+00  2.49e-01  2.17e-01  1.65e-01  1.40e-01  5.12e-02  5.58e+04  9.74e+02 -1.00e+05
2016 06 20  0200   57559   7200   4.20e+00  1.38e-01  1.05e-01  5.49e-02  4.68e-02  2.30e-02  5.54e+04  9.68e+02 -1.00e+05
2016 06 20  0205   57559   7500   3.85e+00  1.34e-01  1.01e-01  5.06e-02  4.24e-02  2.16e-02  5.40e+04  8.90e+02 -1.00e+05
2016 06 20  0210   57559   7800   4.24e+00  1.76e-01  1.43e-01  9.26e-02  8.44e-02  3.51e-02  5.46e+04  8.83e+02 -1.00e+05
2016 06 20  0215   57559   8100   4.12e+00  3.34e-01  3.01e-01  7.81e-02  6.99e-02  4.91e-02  5.27e+04  8.65e+02 -1.00e+05
2016 06 20  0220   57559   8400   3.50e+00  1.60e-01  1.27e-01  7.66e-02  6.84e-02  4.02e-02  5.19e+04  7.91e+02 -1.00e+05
2016 06 20  0225   57559   8700   3.36e+00  1.59e-01  1.26e-01  7.56e-02  6.74e-02  4.66e-02  5.19e+04  7.59e+02 -1.00e+05
2016 06 20  0230   57559   9000   3.68e+00  3.28e-01  2.95e-01  9.41e-02  5.47e-02  2.68e-02  4.94e+04  7.27e+02 -1.00e+05
2016 06 20  0235   57559   9300   3.09e+00  1.63e-01  1.31e-01  8.00e-02  7.18e-02  3.11e-02  4.93e+04  7.08e+02 -1.00e+05
2016 06 20  0240   57559   9600   2.97e+00  1.78e-01  1.45e-01  5.06e-02  4.24e-02  2.16e-02  4.93e+04  6.89e+02 -1.00e+05
2016 06 20  0245   57559   9900   4.08e+00  2.21e-01  1.15e-01  5.06e-02  4.24e-02  2.16e-02  4.93e+04  6.68e+02 -1.00e+05
2016 06 20  0250   57559  10200   2.76e+00  1.62e-01  1.30e-01  7.92e-02  7.10e-02  2.18e-02  4.93e+04  6.51e+02 -1.00e+05
2016 06 20  0255   57559  10500   2.90e+00  1.82e-01  1.49e-01  8.31e-02  7.49e-02  5.41e-02  4.92e+04  6.41e+02 -1.00e+05
2016 06 20  0300   57559  10800   4.29e+00  3.66e-01  2.59e-01  8.54e-02  4.95e-02  2.16e-02  4.91e+04  6.27e+02 -1.00e+05
2016 06 20  0305   57559  11100   3.53e+00  1.64e-01  1.06e-01  5.06e-02  4.24e-02  2.16e-02  4.93e+04  6.30e+02 -1.00e+05
2016 06 20  0310   57559  11400   5.17e+00  3.25e-01  1.66e-01  1.12e-01  1.04e-01  6.68e-02  4.93e+04  6.34e+02 -1.00e+05
2016 06 20  0315   57559  11700   2.86e+00  2.27e-01  1.95e-01  1.44e-01  1.36e-01  5.69e-02  4.89e+04  6.25e+02 -1.00e+05
2016 06 20  0320   57559  12000   3.16e+00  1.91e-01  1.33e-01  5.06e-02  4.24e-02  2.16e-02  4.68e+04  5.86e+02 -1.00e+05
2016 06 20  0325   57559  12300   3.73e+00  1.64e-01  1.06e-01  5.06e-02  4.24e-02  2.16e-02  4.72e+04  5.87e+02 -1.00e+05
2016 06 20  0330   57559  12600   3.49e+00  1.81e-01  1.22e-01  6.68e-02  4.61e-02  2.16e-02  4.67e+04  5.82e+02 -1.00e+05
2016 06 20  0335   57559  12900   3.09e+00  1.78e-01  1.45e-01  5.06e-02  4.24e-02  2.16e-02  4.86e+04  6.14e+02 -1.00e+05
2016 06 20  0340   57559  13200   4.94e+00  2.57e-01  1.51e-01  5.06e-02  4.24e-02  2.16e-02  4.90e+04  6.15e+02 -1.00e+05
2016 06 20  0345   57559  13500   4.24e+00  1.81e-01  1.23e-01  5.06e-02  4.24e-02  2.16e-02  4.94e+04  6.38e+02 -1.00e+05
2016 06 20  0350   57559  13800   3.47e+00  1.63e-01  1.31e-01  8.00e-02  7.18e-02  3.11e-02  4.93e+04  6.34e+02 -1.00e+05
2016 06 20  0355   57559  14100   3.47e+00  1.77e-01  1.44e-01  9.40e-02  8.58e-02  4.08e-02  4.93e+04  6.27e+02 -1.00e+05
2016 06 20  0400   57559  14400   3.52e+00  1.34e-01  1.01e-01  5.06e-02  4.24e-02  2.16e-02  4.93e+04  6.54e+02 -1.00e+05
2016 06 20  0405   57559  14700   3.53e+00  1.52e-01  1.20e-01  6.91e-02  6.09e-02  4.01e-02  4.93e+04  6.19e+02 -1.00e+05
2016 06 20  0410   57559  15000   4.65e+00  2.51e-01  1.45e-01  6.08e-02  5.26e-02  3.18e-02  4.93e+04  6.15e+02 -1.00e+05
2016 06 20  0415   57559  15300   3.42e+00  1.98e-01  1.65e-01  1.14e-01  9.34e-02  6.89e-02  4.92e+04  5.99e+02 -1.00e+05
2016 06 20  0420   57559  15600   3.32e+00  1.34e-01  1.02e-01  5.14e-02  4.33e-02  2.18e-02  4.92e+04  6.05e+02 -1.00e+05
2016 06 20  0425   57559  15900   2.89e+00  1.34e-01  1.02e-01  5.14e-02  4.33e-02  2.18e-02  4.72e+04  5.78e+02 -1.00e+05
2016 06 20  0430   57559  16200   3.86e+00  2.20e-01  1.15e-01  5.14e-02  4.33e-02  2.18e-02  4.66e+04  5.89e+02 -1.00e+05
2016 06 20  0435   57559  16500   2.72e+00  1.34e-01  1.02e-01  5.14e-02  4.33e-02  2.18e-02  4.64e+04  5.42e+02 -1.00e+05
2016 06 20  0440   57559  16800   3.04e+00  2.65e-01  2.32e-01  8.10e-02  4.99e-02  2.18e-02  4.55e+04  5.41e+02 -1.00e+05
2016 06 20  0445   57559  17100   2.96e+00  1.62e-01  1.06e-01  5.14e-02  4.33e-02  2.18e-02  4.45e+04  5.10e+02 -1.00e+05
2016 06 20  0450   57559  17400   2.66e+00  2.83e-01  2.50e-01  1.10e-01  9.40e-02  7.04e-02  4.40e+04  4.93e+02 -1.00e+05
2016 06 20  0455   57559  17700   2.38e+00  1.56e-01  1.23e-01  7.28e-02  6.46e-02  4.32e-02  4.23e+04  4.59e+02 -1.00e+05
2016 06 20  0500   57559  18000   2.31e+00  1.62e-01  1.29e-01  5.14e-02  4.33e-02  2.18e-02  4.20e+04  4.67e+02 -1.00e+05
2016 06 20  0505   57559  18300   2.33e+00  1.67e-01  1.34e-01  6.13e-02  4.55e-02  2.18e-02  4.09e+04  4.46e+02 -1.00e+05
2016 06 20  0510   57559  18600   2.01e+00  1.58e-01  1.26e-01  7.52e-02  6.71e-02  4.56e-02  4.06e+04  4.41e+02 -1.00e+05
2016 06 20  0515   57559  18900   2.77e+00  3.90e-01  3.35e-01  1.04e-01  6.70e-02  3.82e-02  4.01e+04  4.43e+02 -1.00e+05
2016 06 20  0520   57559  19200   2.92e+00  3.23e-01  2.18e-01  5.48e-02  4.40e-02  2.18e-02  4.01e+04  4.48e+02 -1.00e+05
2016 06 20  0525   57559  19500   2.07e+00  1.42e-01  1.10e-01  5.94e-02  5.13e-02  2.44e-02  3.98e+04  4.52e+02 -1.00e+05
2016 06 20  0530   57559  19800   2.27e+00  2.35e-01  2.02e-01  5.14e-02  4.33e-02  2.18e-02  4.00e+04  4.49e+02 -1.00e+05
2016 06 20  0535   57559  20100   2.01e+00  1.51e-01  1.18e-01  6.78e-02  5.96e-02  3.82e-02  3.97e+04  4.50e+02 -1.00e+05
2016 06 20  0540   57559  20400   2.04e+00  1.34e-01  1.02e-01  5.14e-02  4.33e-02  2.18e-02  3.98e+04  4.74e+02 -1.00e+05
2016 06 20  0545   57559  20700   1.97e+00  1.71e-01  1.38e-01  5.14e-02  4.33e-02  2.18e-02  4.01e+04  4.79e+02 -1.00e+05
2016 06 20  0550   57559  21000   1.66e+00  1.86e-01  1.54e-01  5.14e-02  4.33e-02  2.18e-02  3.80e+04  4.40e+02 -1.00e+05
2016 06 20  0555   57559  21300   2.05e+00  1.58e-01  1.25e-01  7.50e-02  6.32e-02  4.07e-02  3.90e+04  4.55e+02 -1.00e+05
2016 06 20  0600   57559  21600   1.84e+00  1.34e-01  1.02e-01  5.14e-02  4.33e-02  2.18e-02  3.76e+04  4.54e+02 -1.00e+05
2016 06 20  0605   57559  21900   1.82e+00  2.11e-01  1.79e-01  1.28e-01  1.20e-01  4.66e-02  3.80e+04  4.57e+02 -1.00e+05
2016 06 20  0610   57559  22200   4.86e+00  4.38e-01  2.73e-01  2.17e-01  1.42e-01  4.46e-02  3.77e+04  4.66e+02 -1.00e+05
2016 06 20  0615   57559  22500   2.29e+00  1.72e-01  1.39e-01  8.84e-02  6.75e-02  2.84e-02  3.75e+04  4.67e+02 -1.00e+05
2016 06 20  0620   57559  22800   2.93e+00  1.67e-01  1.34e-01  6.13e-02  4.55e-02  2.18e-02  3.67e+04  4.65e+02 -1.00e+05
2016 06 20  0625   57559  23100   2.75e+00  2.23e-01  1.18e-01  5.48e-02  4.40e-02  2.18e-02  3.56e+04  4.51e+02 -1.00e+05
2016 06 20  0630   57559  23400   2.09e+00  1.34e-01  1.02e-01  5.14e-02  4.33e-02  2.18e-02  3.56e+04  4.47e+02 -1.00e+05
2016 06 20  0635   57559  23700   1.77e+00  1.34e-01  1.02e-01  5.14e-02  4.33e-02  2.18e-02  3.41e+04  4.40e+02 -1.00e+05
2016 06 20  0640   57559  24000   2.12e+00  1.93e-01  1.60e-01  1.10e-01  1.01e-01  4.05e-02  3.33e+04  4.30e+02 -1.00e+05
2016 06 20  0645   57559  24300   1.79e+00  1.34e-01  1.02e-01  5.14e-02  4.33e-02  2.18e-02  3.31e+04  4.45e+02 -1.00e+05
2016 06 20  0650   57559  24600   1.86e+00  2.92e-01  2.60e-01  9.83e-02  9.01e-02  4.13e-02  3.26e+04  4.36e+02 -1.00e+05
2016 06 20  0655   57559  24900   2.65e+00  2.99e-01  1.46e-01  5.14e-02  4.33e-02  2.18e-02  3.19e+04  4.28e+02 -1.00e+05
2016 06 20  0700   57559  25200   2.89e+00  3.46e-01  1.79e-01  1.24e-01  8.19e-02  5.31e-02  3.13e+04  4.18e+02 -1.00e+05
2016 06 20  0705   57559  25500   2.98e+00  3.46e-01  1.78e-01  1.24e-01  1.16e-01  5.30e-02  3.08e+04  4.09e+02 -1.00e+05
2016 06 20  0710   57559  25800   1.41e+00  1.62e-01  1.29e-01  7.85e-02  7.04e-02  3.16e-02  3.07e+04  4.22e+02 -1.00e+05
2016 06 20  0715   57559  26100   2.17e+00  2.01e-01  1.45e-01  8.93e-02  5.07e-02  2.18e-02  3.07e+04  4.38e+02 -1.00e+05
2016 06 20  0720   57559  26400   1.95e+00  1.86e-01  1.31e-01  7.61e-02  5.77e-02  3.33e-02  3.13e+04  4.45e+02 -1.00e+05
2016 06 20  0725   57559  26700   2.90e+00  3.27e-01  1.71e-01  1.17e-01  1.09e-01  6.91e-02  3.09e+04  4.49e+02 -1.00e+05
2016 06 20  0730   57559  27000   3.28e+00  3.35e-01  1.55e-01  1.01e-01  8.01e-02  3.25e-02  3.01e+04  4.52e+02 -1.00e+05
2016 06 20  0735   57559  27300   2.70e+00  4.60e-01  3.08e-01  1.04e-01  6.70e-02  3.82e-02  3.00e+04  4.41e+02 -1.00e+05
2016 06 20  0740   57559  27600   1.66e+00  1.34e-01  1.02e-01  5.14e-02  4.33e-02  2.18e-02  3.01e+04  4.60e+02 -1.00e+05
2016 06 20  0745   57559  27900   2.65e+00  2.50e-01  1.07e-01  5.29e-02  4.48e-02  2.33e-02  2.92e+04  4.42e+02 -1.00e+05
2016 06 20  0750   57559  28200   1.59e+00  2.31e-01  1.75e-01  9.61e-02  5.07e-02  2.18e-02  2.86e+04  4.48e+02 -1.00e+05
2016 06 20  0755   57559  28500   1.60e+00  1.87e-01  1.54e-01  1.03e-01  7.14e-02  4.32e-02  2.92e+04  4.56e+02 -1.00e+05
2016 06 20  0800   57559  28800   1.31e+00  1.75e-01  1.42e-01  9.07e-02  5.21e-02  2.33e-02  2.98e+04  4.56e+02 -1.00e+05
2016 06 20  0805   57559  29100   1.59e+00  3.80e-01  3.48e-01  1.50e-01  7.84e-02  2.84e-02  2.89e+04  4.80e+02 -1.00e+05
2016 06 20  0810   57559  29400   2.16e+00  4.84e-01  3.56e-01  1.60e-01  9.44e-02  3.36e-02  2.93e+04  4.82e+02 -1.00e+05
2016 06 20  0815   57559  29700   2.04e+00  3.35e-01  2.74e-01  2.16e-01  1.35e-01  5.28e-02  3.00e+04  4.86e+02 -1.00e+05
2016 06 20  0820   57559  30000   1.40e+00  2.38e-01  2.05e-01  5.48e-02  4.40e-02  2.18e-02  2.95e+04  4.91e+02 -1.00e+05
2016 06 20  0825   57559  30300   1.83e+00  3.54e-01  3.21e-01  1.15e-01  7.98e-02  5.06e-02  2.81e+04  4.83e+02 -1.00e+05
2016 06 20  0830   57559  30600   1.51e+00  2.71e-01  2.39e-01  9.34e-02  7.31e-02  4.81e-02  3.04e+04  5.06e+02 -1.00e+05
2016 06 20  0835   57559  30900   1.35e+00  1.87e-01  1.55e-01  7.83e-02  7.02e-02  4.87e-02  3.00e+04  5.15e+02 -1.00e+05
2016 06 20  0840   57559  31200   2.34e+00  3.08e-01  1.66e-01  9.53e-02  6.42e-02  2.64e-02  3.00e+04  5.29e+02 -1.00e+05
2016 06 20  0845   57559  31500   2.93e+00  3.32e-01  1.23e-01  6.91e-02  5.83e-02  2.64e-02  3.11e+04  5.43e+02 -1.00e+05
2016 06 20  0850   57559  31800   2.99e+00  5.25e-01  2.19e-01  8.03e-02  7.01e-02  4.81e-02  3.13e+04  5.40e+02 -1.00e+05
2016 06 20  0855   57559  32100   1.42e+00  1.36e-01  1.03e-01  5.29e-02  4.48e-02  2.33e-02  3.12e+04  5.53e+02 -1.00e+05
2016 06 20  0900   57559  32400   1.95e+00  1.91e-01  1.37e-01  8.27e-02  7.45e-02  5.31e-02  3.13e+04  5.56e+02 -1.00e+05
2016 06 20  0905   57559  32700   1.65e+00  1.66e-01  1.33e-01  6.29e-02  5.47e-02  3.33e-02  3.12e+04  5.43e+02 -1.00e+05
2016 06 20  0910   57559  33000   2.85e+00  2.88e-01  1.45e-01  8.93e-02  5.07e-02  2.18e-02  3.10e+04  5.52e+02 -1.00e+05
2016 06 20  0915   57559  33300   1.73e+00  1.87e-01  1.55e-01  1.04e-01  7.92e-02  5.31e-02  3.10e+04  5.56e+02 -1.00e+05
2016 06 20  0920   57559  33600   1.72e+00  1.34e-01  1.02e-01  5.14e-02  4.33e-02  2.18e-02  3.13e+04  5.64e+02 -1.00e+05
2016 06 20  0925   57559  33900   2.73e+00  3.23e-01  1.66e-01  8.57e-02  5.60e-02  2.83e-02  3.13e+04  5.66e+02 -1.00e+05
2016 06 20  0930   57559  34200   1.62e+00  1.78e-01  1.46e-01  9.46e-02  6.76e-02  4.07e-02  3.17e+04  5.90e+02 -1.00e+05
2016 06 20  0935   57559  34500   1.57e+00  1.45e-01  1.12e-01  6.13e-02  4.55e-02  2.18e-02  3.16e+04  5.80e+02 -1.00e+05
2016 06 20  0940   57559  34800   1.87e+00  2.78e-01  2.45e-01  9.30e-02  5.07e-02  2.18e-02  3.14e+04  5.95e+02 -1.00e+05
2016 06 20  0945   57559  35100   1.80e+00  1.75e-01  1.43e-01  7.52e-02  6.71e-02  4.56e-02  3.17e+04  6.02e+02 -1.00e+05
2016 06 20  0950   57559  35400   1.87e+00  1.80e-01  1.47e-01  8.03e-02  7.01e-02  4.81e-02  3.19e+04  5.89e+02 -1.00e+05
2016 06 20  0955   57559  35700   1.74e+00  1.83e-01  1.50e-01  9.88e-02  5.89e-02  2.83e-02  3.16e+04  5.83e+02 -1.00e+05
2016 06 20  1000   57559  36000   1.83e+00  1.42e-01  1.10e-01  5.94e-02  5.13e-02  2.44e-02  3.18e+04  6.03e+02 -1.00e+05
2016 06 20  1005   57559  36300   2.02e+00  3.28e-01  2.75e-01  1.27e-01  8.83e-02  5.80e-02  3.23e+04  6.00e+02 -1.00e+05
2016 06 20  1010   57559  36600   1.95e+00  3.72e-01  3.40e-01  1.17e-01  8.21e-02  5.31e-02  3.26e+04  6.22e+02 -1.00e+05
2016 06 20  1015   57559  36900   2.68e+00  3.21e-01  1.69e-01  9.70e-02  7.77e-02  5.31e-02  3.26e+04  6.08e+02 -1.00e+05
2016 06 20  1020   57559  37200   2.61e+00  2.35e-01  1.31e-01  6.78e-02  5.39e-02  3.08e-02  3.26e+04  6.21e+02 -1.00e+05
2016 06 20  1025   57559  37500   1.81e+00  1.51e-01  1.19e-01  6.79e-02  4.70e-02  2.18e-02  3.26e+04  6.11e+02 -1.00e+05
2016 06 20  1030   57559  37800   1.87e+00  2.01e-01  1.69e-01  1.18e-01  1.06e-01  5.26e-02  3.26e+04  6.18e+02 -1.00e+05
2016 06 20  1035   57559  38100   1.75e+00  1.78e-01  1.46e-01  9.47e-02  7.38e-02  3.05e-02  3.26e+04  6.21e+02 -1.00e+05
2016 06 20  1040   57559  38400   1.93e+00  1.38e-01  1.06e-01  5.54e-02  4.72e-02  2.58e-02  3.29e+04  6.22e+02 -1.00e+05
2016 06 20  1045   57559  38700   2.55e+00  2.08e-01  1.52e-01  7.45e-02  4.84e-02  2.18e-02  3.35e+04  6.41e+02 -1.00e+05
2016 06 20  1050   57559  39000   1.86e+00  2.06e-01  1.74e-01  1.22e-01  7.69e-02  3.69e-02  3.39e+04  6.41e+02 -1.00e+05
2016 06 20  1055   57559  39300   2.00e+00  1.58e-01  1.26e-01  7.45e-02  4.84e-02  2.18e-02  3.40e+04  6.43e+02 -1.00e+05
2016 06 20  1100   57559  39600   3.66e+00  6.20e-01  3.79e-01  9.26e-02  5.22e-02  2.33e-02  3.40e+04  6.53e+02 -1.00e+05
2016 06 20  1105   57559  39900   2.36e+00  1.49e-01  1.17e-01  6.60e-02  5.15e-02  2.83e-02  3.44e+04  6.65e+02 -1.00e+05
2016 06 20  1110   57559  40200   2.18e+00  1.81e-01  1.48e-01  9.61e-02  5.07e-02  2.18e-02  3.54e+04  6.91e+02 -1.00e+05
2016 06 20  1115   57559  40500   2.20e+00  2.09e-01  1.56e-01  1.02e-01  9.43e-02  7.29e-02  3.50e+04  6.81e+02 -1.00e+05
2016 06 20  1120   57559  40800   2.16e+00  1.34e-01  1.02e-01  5.14e-02  4.33e-02  2.18e-02  3.56e+04  7.14e+02 -1.00e+05
2016 06 20  1125   57559  41100   2.39e+00  1.78e-01  1.45e-01  9.40e-02  5.98e-02  3.08e-02  3.56e+04  7.06e+02 -1.00e+05
2016 06 20  1130   57559  41400   2.67e+00  2.53e-01  2.00e-01  1.44e-01  9.68e-02  6.79e-02  3.56e+04  7.04e+02 -1.00e+05
2016 06 20  1135   57559  41700   4.03e+00  2.89e-01  1.22e-01  6.78e-02  5.96e-02  3.82e-02  3.56e+04  7.24e+02 -1.00e+05
2016 06 20  1140   57559  42000   2.08e+00  1.99e-01  1.66e-01  9.29e-02  5.46e-02  2.58e-02  3.69e+04  7.53e+02 -1.00e+05
2016 06 20  1145   57559  42300   2.86e+00  3.52e-01  2.50e-01  9.80e-02  8.48e-02  6.19e-02  3.76e+04  7.68e+02 -1.00e+05
2016 06 20  1150   57559  42600   2.28e+00  1.34e-01  1.02e-01  5.14e-02  4.33e-02  2.18e-02  3.76e+04  7.85e+02 -1.00e+05
2016 06 20  1155   57559  42900   3.08e+00  2.51e-01  1.48e-01  8.51e-02  7.70e-02  5.55e-02  3.80e+04  8.15e+02 -1.00e+05
2016 06 20  1200   57559  43200   2.52e+00  1.88e-01  1.56e-01  1.04e-01  6.59e-02  3.57e-02  3.89e+04  8.29e+02 -1.00e+05
2016 06 20  1205   57559  43500   2.68e+00  2.06e-01  1.74e-01  9.89e-02  5.07e-02  2.18e-02  3.84e+04  8.29e+02 -1.00e+05
2016 06 20  1210   57559  43800   2.56e+00  1.71e-01  1.39e-01  8.72e-02  5.06e-02  2.18e-02  3.83e+04  8.47e+02 -1.00e+05
2016 06 20  1215   57559  44100   2.97e+00  3.48e-01  3.15e-01  8.93e-02  5.07e-02  2.18e-02  3.96e+04  8.49e+02 -1.00e+05
2016 06 20  1220   57559  44400   2.64e+00  1.94e-01  1.61e-01  8.72e-02  5.06e-02  2.18e-02  3.96e+04  8.69e+02 -1.00e+05
2016 06 20  1225   57559  44700   2.83e+00  1.77e-01  1.44e-01  9.28e-02  6.53e-02  3.82e-02  3.96e+04  8.76e+02 -1.00e+05
2016 06 20  1230   57559  45000   2.98e+00  2.69e-01  2.36e-01  8.98e-02  6.84e-02  4.32e-02  3.96e+04  9.01e+02 -1.00e+05
2016 06 20  1235   57559  45300   2.94e+00  2.02e-01  1.70e-01  1.18e-01  8.45e-02  5.55e-02  4.05e+04  9.22e+02 -1.00e+05
2016 06 20  1240   57559  45600   5.08e+00  2.91e-01  1.56e-01  1.02e-01  7.05e-02  2.84e-02  4.04e+04  9.22e+02 -1.00e+05
2016 06 20  1245   57559  45900   4.71e+00  3.21e-01  2.16e-01  5.29e-02  4.48e-02  2.33e-02  4.07e+04  9.25e+02 -1.00e+05
2016 06 20  1250   57559  46200   3.17e+00  1.87e-01  1.54e-01  1.01e-01  5.07e-02  2.18e-02  4.14e+04  9.25e+02 -1.00e+05
2016 06 20  1255   57559  46500   4.14e+00  3.05e-01  1.73e-01  1.05e-01  9.45e-02  5.59e-02  4.16e+04  9.39e+02 -1.00e+05
2016 06 20  1300   57559  46800   3.01e+00  2.11e-01  1.78e-01  1.27e-01  9.55e-02  3.65e-02  4.16e+04  9.55e+02 -1.00e+05
2016 06 20  1305   57559  47100   3.15e+00  1.82e-01  1.49e-01  9.87e-02  8.99e-02  6.82e-02  4.16e+04  9.60e+02 -1.00e+05
2016 06 20  1310   57559  47400   2.63e+00  1.36e-01  1.03e-01  5.29e-02  4.48e-02  2.33e-02  4.16e+04  9.66e+02 -1.00e+05
2016 06 20  1315   57559  47700   2.79e+00  1.34e-01  1.02e-01  5.14e-02  4.33e-02  2.18e-02  4.16e+04  9.54e+02 -1.00e+05
2016 06 20  1320   57559  48000   3.25e+00  3.23e-01  2.67e-01  9.29e-02  5.46e-02  2.58e-02  4.16e+04  9.70e+02 -1.00e+05
2016 06 20  1325   57559  48300   2.87e+00  1.48e-01  1.16e-01  6.53e-02  5.71e-02  3.57e-02  4.16e+04  9.62e+02 -1.00e+05
2016 06 20  1330   57559  48600   2.85e+00  1.57e-01  1.24e-01  5.14e-02  4.33e-02  2.18e-02  4.16e+04  9.77e+02 -1.00e+05
2016 06 20  1335   57559  48900   2.98e+00  1.82e-01  1.50e-01  9.75e-02  5.22e-02  2.33e-02  4.29e+04  1.01e+03 -1.00e+05
2016 06 20  1340   57559  49200   2.90e+00  1.96e-01  1.63e-01  1.12e-01  9.08e-02  6.55e-02  4.40e+04  1.04e+03 -1.00e+05
2016 06 20  1345   57559  49500   3.01e+00  2.06e-01  1.73e-01  1.21e-01  7.95e-02  5.06e-02  4.40e+04  1.05e+03 -1.00e+05
2016 06 20  1350   57559  49800   4.19e+00  2.49e-01  1.45e-01  5.59e-02  4.54e-02  2.33e-02  4.40e+04  1.09e+03 -1.00e+05
2016 06 20  1355   57559  50100   3.20e+00  1.62e-01  1.29e-01  5.14e-02  4.33e-02  2.18e-02  4.40e+04  1.10e+03 -1.00e+05
2016 06 20  1400   57559  50400   3.44e+00  2.34e-01  1.79e-01  1.08e-01  7.83e-02  5.06e-02  4.55e+04  1.13e+03 -1.00e+05
2016 06 20  1405   57559  50700   3.21e+00  1.58e-01  1.25e-01  7.50e-02  6.32e-02  4.07e-02  4.66e+04  1.14e+03 -1.00e+05
2016 06 20  1410   57559  51000   3.41e+00  2.49e-01  2.17e-01  8.10e-02  4.99e-02  2.18e-02  4.66e+04  1.17e+03 -1.00e+05
2016 06 20  1415   57559  51300   3.47e+00  1.99e-01  1.66e-01  1.16e-01  1.08e-01  4.25e-02  4.66e+04  1.17e+03 -1.00e+05
2016 06 20  1420   57559  51600   3.62e+00  1.34e-01  1.02e-01  5.14e-02  4.33e-02  2.18e-02  4.66e+04  1.23e+03 -1.00e+05
2016 06 20  1425   57559  51900   3.80e+00  1.63e-01  1.31e-01  8.02e-02  7.20e-02  5.06e-02  4.66e+04  1.25e+03 -1.00e+05
2016 06 20  1430   57559  52200   3.54e+00  1.74e-01  1.41e-01  9.05e-02  8.24e-02  6.09e-02  4.72e+04  1.25e+03 -1.00e+05
2016 06 20  1435   57559  52500   7.02e+00  2.88e-01  1.45e-01  8.93e-02  5.07e-02  2.18e-02  4.92e+04  1.29e+03 -1.00e+05
2016 06 20  1440   57559  52800   6.13e+00  3.72e-01  2.19e-01  7.45e-02  4.84e-02  2.18e-02  4.92e+04  1.29e+03 -1.00e+05
2016 06 20  1445   57559  53100   4.24e+00  3.20e-01  2.87e-01  6.04e-02  5.22e-02  3.08e-02  4.93e+04  1.31e+03 -1.00e+05
2016 06 20  1450   57559  53400   7.40e+00  6.21e-01  3.36e-01  8.76e-02  5.14e-02  2.18e-02  4.93e+04  1.34e+03 -1.00e+05
2016 06 20  1455   57559  53700   4.31e+00  1.65e-01  1.32e-01  5.48e-02  4.40e-02  2.18e-02  4.93e+04  1.37e+03 -1.00e+05
2016 06 20  1500   57559  54000   4.22e+00  1.81e-01  1.48e-01  7.79e-02  6.00e-02  3.57e-02  4.93e+04  1.40e+03 -1.00e+05
2016 06 20  1505   57559  54300   4.63e+00  1.66e-01  1.33e-01  8.27e-02  7.45e-02  5.31e-02  5.13e+04  1.41e+03 -1.00e+05
2016 06 20  1510   57559  54600   7.30e+00  3.43e-01  1.93e-01  1.10e-01  9.40e-02  7.04e-02  5.16e+04  1.45e+03 -1.00e+05
2016 06 20  1515   57559  54900   6.31e+00  2.93e-01  2.37e-01  8.10e-02  4.99e-02  2.18e-02  5.19e+04  1.48e+03 -1.00e+05
2016 06 20  1520   57559  55200   7.01e+00  2.31e-01  1.26e-01  6.24e-02  4.69e-02  2.33e-02  5.19e+04  1.50e+03 -1.00e+05
2016 06 20  1525   57559  55500   5.64e+00  1.79e-01  1.25e-01  7.03e-02  6.21e-02  4.07e-02  5.19e+04  1.51e+03 -1.00e+05
2016 06 20  1530   57559  55800   4.99e+00  2.09e-01  1.77e-01  1.25e-01  8.41e-02  5.17e-02  5.19e+04  1.53e+03 -1.00e+05
2016 06 20  1535   57559  56100   8.12e+00  2.97e-01  1.45e-01  7.28e-02  6.46e-02  4.32e-02  5.19e+04  1.52e+03 -1.00e+05
2016 06 20  1540   57559  56400   5.03e+00  1.57e-01  1.24e-01  5.14e-02  4.33e-02  2.18e-02  5.19e+04  1.55e+03 -1.00e+05
2016 06 20  1545   57559  56700   4.94e+00  1.34e-01  1.02e-01  5.14e-02  4.33e-02  2.18e-02  5.25e+04  1.55e+03 -1.00e+05
2016 06 20  1550   57559  57000   5.23e+00  2.09e-01  1.76e-01  1.00e-01  9.18e-02  7.04e-02  5.35e+04  1.58e+03 -1.00e+05
2016 06 20  1555   57559  57300   4.91e+00  1.78e-01  1.45e-01  9.30e-02  5.07e-02  2.18e-02  5.46e+04  1.60e+03 -1.00e+05
2016 06 20  1600   57559  57600   5.60e+00  2.01e-01  1.68e-01  6.13e-02  4.55e-02  2.18e-02  5.46e+04  1.65e+03 -1.00e+05
2016 06 20  1605   57559  57900   5.44e+00  1.75e-01  1.42e-01  9.19e-02  8.37e-02  2.77e-02  5.46e+04  1.63e+03 -1.00e+05
2016 06 20  1610   57559  58200   6.61e+00  2.12e-01  1.56e-01  9.89e-02  5.07e-02  2.18e-02  5.46e+04  1.66e+03 -1.00e+05
2016 06 20  1615   57559  58500   5.42e+00  1.84e-01  1.51e-01  1.00e-01  7.45e-02  4.81e-02  5.46e+04  1.66e+03 -1.00e+05
2016 06 20  1620   57559  58800   7.29e+00  2.46e-01  1.43e-01  8.03e-02  7.01e-02  4.81e-02  5.46e+04  1.64e+03 -1.00e+05
2016 06 20  1625   57559  59100   5.79e+00  1.64e-01  1.32e-01  8.13e-02  7.32e-02  5.17e-02  5.46e+04  1.67e+03 -1.00e+05
2016 06 20  1630   57559  59400   5.79e+00  1.81e-01  1.48e-01  9.61e-02  5.07e-02  2.18e-02  5.46e+04  1.69e+03 -1.00e+05
2016 06 20  1635   57559  59700   5.21e+00  1.34e-01  1.02e-01  5.14e-02  4.33e-02  2.18e-02  5.46e+04  1.70e+03 -1.00e+05
2016 06 20  1640   57559  60000   5.79e+00  2.49e-01  2.16e-01  1.64e-01  9.47e-02  3.25e-02  5.46e+04  1.72e+03 -1.00e+05
2016 06 20  1645   57559  60300   8.77e+00  3.20e-01  1.67e-01  9.30e-02  5.07e-02  2.18e-02  5.50e+04  1.73e+03 -1.00e+05
2016 06 20  1650   57559  60600   6.39e+00  3.61e-01  3.28e-01  1.32e-01  7.78e-02  2.84e-02  5.67e+04  1.75e+03 -1.00e+05
2016 06 20  1655   57559  60900   6.30e+00  3.67e-01  3.35e-01  1.24e-01  8.19e-02  5.31e-02  5.73e+04  1.78e+03 -1.00e+05
2016 06 20  1700   57559  61200   6.61e+00  1.91e-01  1.58e-01  1.06e-01  5.97e-02  3.08e-02  5.73e+04  1.79e+03 -1.00e+05
2016 06 20  1705   57559  61500   9.09e+00  3.40e-01  2.34e-01  1.69e-01  1.33e-01  6.42e-02  5.73e+04  1.82e+03 -1.00e+05
2016 06 20  1710   57559  61800   1.05e+01  2.49e-01  1.05e-01  5.14e-02  4.33e-02  2.18e-02  5.73e+04  1.81e+03 -1.00e+05
2016 06 20  1715   57559  62100   6.57e+00  1.65e-01  1.32e-01  8.10e-02  4.99e-02  2.18e-02  5.73e+04  1.83e+03 -1.00e+05
2016 06 20  1720   57559  62400   6.36e+00  1.79e-01  1.47e-01  9.46e-02  5.07e-02  2.18e-02  5.73e+04  1.83e+03 -1.00e+05
2016 06 20  1725   57559  62700   6.57e+00  1.87e-01  1.55e-01  8.45e-02  6.15e-02  3.57e-02  5.73e+04  1.83e+03 -1.00e+05
2016 06 20  1730   57559  63000   8.91e+00  2.46e-01  1.51e-01  8.84e-02  6.32e-02  2.94e-02  5.73e+04  1.84e+03 -1.00e+05
2016 06 20  1735   57559  63300   1.03e+01  5.19e-01  3.67e-01  1.18e-01  7.45e-02  4.56e-02  5.73e+04  1.86e+03 -1.00e+05
2016 06 20  1740   57559  63600   7.74e+00  1.63e-01  1.18e-01  6.57e-02  5.75e-02  2.64e-02  5.73e+04  1.87e+03 -1.00e+05
2016 06 20  1745   57559  63900   9.29e+00  2.94e-01  1.90e-01  1.04e-01  5.97e-02  3.08e-02  5.73e+04  1.88e+03 -1.00e+05
2016 06 20  1750   57559  64200   6.74e+00  2.72e-01  2.39e-01  8.76e-02  5.14e-02  2.18e-02  5.73e+04  1.87e+03 -1.00e+05
2016 06 20  1755   57559  64500   1.24e+01  3.74e-01  1.84e-01  1.29e-01  9.84e-02  7.04e-02  5.73e+04  1.89e+03 -1.00e+05
2016 06 20  1800   57559  64800   6.81e+00  2.11e-01  1.78e-01  1.27e-01  8.83e-02  5.80e-02  5.73e+04  1.89e+03 -1.00e+05
2016 06 20  1805   57559  65100   9.77e+00  4.27e-01  3.25e-01  9.26e-02  8.44e-02  6.30e-02  5.73e+04  1.89e+03 -1.00e+05
2016 06 20  1810   57559  65400   6.82e+00  1.38e-01  1.05e-01  5.48e-02  4.40e-02  2.18e-02  5.84e+04  1.91e+03 -1.00e+05
2016 06 20  1815   57559  65700   7.39e+00  1.76e-01  1.43e-01  9.12e-02  5.07e-02  2.18e-02  5.99e+04  1.97e+03 -1.00e+05
2016 06 20  1820   57559  66000   7.46e+00  2.38e-01  2.05e-01  5.54e-02  4.72e-02  2.58e-02  5.99e+04  2.00e+03 -1.00e+05
2016 06 20  1825   57559  66300   1.36e+01  3.59e-01  1.69e-01  1.13e-01  7.05e-02  4.16e-02  5.99e+04  2.01e+03 -1.00e+05
2016 06 20  1830   57559  66600   7.63e+00  2.20e-01  1.87e-01  1.35e-01  9.43e-02  6.55e-02  5.99e+04  2.07e+03 -1.00e+05
2016 06 20  1835   57559  66900   1.01e+01  2.64e-01  1.60e-01  9.46e-02  5.07e-02  2.18e-02  5.99e+04  2.07e+03 -1.00e+05
2016 06 20  1840   57559  67200   1.41e+01  3.10e-01  1.42e-01  8.72e-02  5.06e-02  2.18e-02  5.99e+04  2.09e+03 -1.00e+05
2016 06 20  1845   57559  67500   1.30e+01  2.68e-01  1.26e-01  7.20e-02  6.38e-02  4.24e-02  5.99e+04  2.12e+03 -1.00e+05
2016 06 20  1850   57559  67800   8.34e+00  2.00e-01  1.68e-01  9.52e-02  5.71e-02  2.83e-02  6.11e+04  2.14e+03 -1.00e+05
2016 06 20  1855   57559  68100   1.27e+01  3.34e-01  1.83e-01  1.10e-01  7.29e-02  4.32e-02  6.08e+04  2.12e+03 -1.00e+05
2016 06 20  1900   57559  68400   8.05e+00  1.83e-01  1.51e-01  1.00e-01  9.01e-02  3.94e-02  6.10e+04  2.13e+03 -1.00e+05
2016 06 20  1905   57559  68700   8.25e+00  1.98e-01  1.65e-01  9.12e-02  5.07e-02  2.18e-02  6.13e+04  2.13e+03 -1.00e+05
2016 06 20  1910   57559  69000   1.28e+01  3.25e-01  1.74e-01  1.02e-01  8.47e-02  6.05e-02  6.24e+04  2.17e+03 -1.00e+05
2016 06 20  1915   57559  69300   8.97e+00  1.75e-01  1.42e-01  9.07e-02  5.21e-02  2.33e-02  6.26e+04  2.16e+03 -1.00e+05
2016 06 20  1920   57559  69600   8.53e+00  2.09e-01  1.76e-01  1.25e-01  1.15e-01  4.46e-02  6.26e+04  2.17e+03 -1.00e+05
2016 06 20  1925   57559  69900   8.86e+00  2.70e-01  2.37e-01  1.86e-01  1.63e-01  8.34e-02  6.26e+04  2.19e+03 -1.00e+05
2016 06 20  1930   57559  70200   9.17e+00  3.33e-01  3.01e-01  7.77e-02  6.95e-02  4.81e-02  6.26e+04  2.20e+03 -1.00e+05
2016 06 20  1935   57559  70500   9.10e+00  3.53e-01  3.20e-01  1.02e-01  9.43e-02  7.29e-02  6.26e+04  2.20e+03 -1.00e+05
2016 06 20  1940   57559  70800   8.85e+00  1.39e-01  1.06e-01  5.59e-02  4.54e-02  2.33e-02  6.26e+04  2.20e+03 -1.00e+05
2016 06 20  1945   57559  71100   1.38e+01  3.51e-01  2.24e-01  1.55e-01  9.41e-02  3.25e-02  6.26e+04  2.25e+03 -1.00e+05
2016 06 20  1950   57559  71400   1.50e+01  3.44e-01  1.91e-01  9.46e-02  5.07e-02  2.18e-02  6.26e+04  2.28e+03 -1.00e+05
2016 06 20  1955   57559  71700   9.65e+00  1.71e-01  1.38e-01  5.14e-02  4.33e-02  2.18e-02  6.26e+04  2.26e+03 -1.00e+05
2016 06 20  2000   57559  72000   9.39e+00  1.61e-01  1.29e-01  7.79e-02  6.00e-02  3.57e-02  6.26e+04  2.25e+03 -1.00e+05
2016 06 20  2005   57559  72300   9.54e+00  1.79e-01  1.47e-01  9.46e-02  5.07e-02  2.18e-02  6.26e+04  2.26e+03 -1.00e+05
2016 06 20  2010   57559  72600   9.68e+00  1.71e-01  1.39e-01  8.72e-02  5.06e-02  2.18e-02  6.26e+04  2.29e+03 -1.00e+05
2016 06 20  2015   57559  72900   1.04e+01  1.73e-01  1.40e-01  9.01e-02  8.19e-02  6.05e-02  6.40e+04  2.34e+03 -1.00e+05
2016 06 20  2020   57559  73200   1.00e+01  1.71e-01  1.39e-01  8.72e-02  5.06e-02  2.18e-02  6.26e+04  2.29e+03 -1.00e+05
2016 06 20  2025   57559  73500   1.16e+01  1.62e-01  1.06e-01  5.14e-02  4.33e-02  2.18e-02  6.33e+04  2.32e+03 -1.00e+05
2016 06 20  2030   57559  73800   1.03e+01  2.76e-01  2.43e-01  9.12e-02  5.07e-02  2.18e-02  6.44e+04  2.34e+03 -1.00e+05
2016 06 20  2035   57559  74100   1.59e+01  3.25e-01  1.72e-01  9.94e-02  6.67e-02  3.82e-02  6.30e+04  2.34e+03 -1.00e+05
2016 06 20  2040   57559  74400   1.02e+01  1.81e-01  1.48e-01  9.61e-02  5.07e-02  2.18e-02  6.30e+04  2.34e+03 -1.00e+05
2016 06 20  2045   57559  74700   9.91e+00  1.82e-01  1.50e-01  9.94e-02  9.12e-02  6.98e-02  6.36e+04  2.33e+03 -1.00e+05
2016 06 20  2050   57559  75000   1.22e+01  1.86e-01  1.30e-01  7.45e-02  4.84e-02  2.18e-02  6.50e+04  2.37e+03 -1.00e+05
2016 06 20  2055   57559  75300   9.84e+00  1.74e-01  1.41e-01  8.93e-02  5.07e-02  2.18e-02  6.28e+04  2.37e+03 -1.00e+05
2016 06 20  2100   57559  75600   1.41e+01  2.20e-01  1.15e-01  5.14e-02  4.33e-02  2.18e-02  6.47e+04  2.39e+03 -1.00e+05
2016 06 20  2105   57559  75900   1.25e+01  2.19e-01  1.64e-01  8.93e-02  5.31e-02  2.24e-02  6.53e+04  2.44e+03 -1.00e+05
2016 06 20  2110   57559  76200   1.10e+01  2.11e-01  1.78e-01  1.27e-01  8.93e-02  6.05e-02  6.53e+04  2.42e+03 -1.00e+05
2016 06 20  2115   57559  76500   1.04e+01  2.10e-01  1.77e-01  7.32e-02  6.08e-02  3.82e-02  6.51e+04  2.42e+03 -1.00e+05
2016 06 20  2120   57559  76800   1.15e+01  1.86e-01  1.32e-01  7.77e-02  6.95e-02  4.81e-02  6.40e+04  2.37e+03 -1.00e+05
2016 06 20  2125   57559  77100   1.85e+01  3.20e-01  1.54e-01  1.00e-01  9.18e-02  7.04e-02  6.43e+04  2.38e+03 -1.00e+05
2016 06 20  2130   57559  77400   2.02e+01  6.03e-01  2.74e-01  1.22e-01  7.69e-02  3.69e-02  6.30e+04  2.30e+03 -1.00e+05
2016 06 20  2135   57559  77700   8.46e+00  1.52e-01  1.19e-01  5.14e-02  4.33e-02  2.18e-02  6.25e+04  2.21e+03 -1.00e+05
2016 06 20  2140   57559  78000   9.75e+00  1.84e-01  1.51e-01  9.89e-02  5.07e-02  2.18e-02  6.40e+04  2.34e+03 -1.00e+05
2016 06 20  2145   57559  78300   1.02e+01  1.52e-01  1.19e-01  5.14e-02  4.33e-02  2.18e-02  6.27e+04  2.31e+03 -1.00e+05
2016 06 20  2150   57559  78600   1.04e+01  2.10e-01  1.71e-01  7.53e-02  6.46e-02  2.84e-02  6.26e+04  2.32e+03 -1.00e+05
2016 06 20  2155   57559  78900   1.02e+01  1.34e-01  1.02e-01  5.14e-02  4.33e-02  2.18e-02  6.26e+04  2.26e+03 -1.00e+05
2016 06 20  2200   57559  79200   9.83e+00  2.72e-01  2.39e-01  8.76e-02  5.14e-02  2.18e-02  6.26e+04  2.23e+03 -1.00e+05
2016 06 20  2205   57559  79500   9.79e+00  2.41e-01  2.08e-01  1.56e-01  1.01e-01  4.66e-02  6.26e+04  2.29e+03 -1.00e+05
2016 06 20  2210   57559  79800   1.01e+01  1.76e-01  1.43e-01  9.26e-02  8.44e-02  6.30e-02  6.26e+04  2.30e+03 -1.00e+05
2016 06 20  2215   57559  80100   1.77e+01  3.41e-01  1.73e-01  1.18e-01  7.21e-02  4.32e-02  6.26e+04  2.25e+03 -1.00e+05
2016 06 20  2220   57559  80400   9.69e+00  1.87e-01  1.55e-01  1.03e-01  6.11e-02  2.44e-02  6.26e+04  2.24e+03 -1.00e+05
2016 06 20  2225   57559  80700   9.59e+00  1.62e-01  1.29e-01  5.14e-02  4.33e-02  2.18e-02  6.26e+04  2.22e+03 -1.00e+05
2016 06 20  2230   57559  81000   1.01e+01  1.88e-01  1.55e-01  1.05e-01  9.64e-02  4.33e-02  6.26e+04  2.24e+03 -1.00e+05
2016 06 20  2235   57559  81300   1.81e+01  3.22e-01  1.31e-01  7.62e-02  5.02e-02  2.24e-02  6.26e+04  2.20e+03 -1.00e+05
2016 06 20  2240   57559  81600   1.60e+01  3.06e-01  1.65e-01  1.09e-01  7.19e-02  4.31e-02  6.26e+04  2.14e+03 -1.00e+05
2016 06 20  2245   57559  81900   9.40e+00  1.78e-01  1.45e-01  6.78e-02  5.96e-02  3.82e-02  6.22e+04  2.14e+03 -1.00e+05
2016 06 20  2250   57559  82200   9.22e+00  2.03e-01  1.71e-01  1.20e-01  9.46e-02  3.94e-02  6.04e+04  2.11e+03 -1.00e+05
2016 06 20  2255   57559  82500   9.10e+00  2.05e-01  1.72e-01  1.21e-01  8.45e-02  3.25e-02  6.01e+04  2.09e+03 -1.00e+05
2016 06 20  2300   57559  82800   8.47e+00  2.49e-01  2.17e-01  7.03e-02  6.21e-02  4.07e-02  5.99e+04  2.01e+03 -1.00e+05
2016 06 20  2305   57559  83100   1.54e+01  5.18e-01  2.69e-01  1.06e-01  8.52e-02  4.86e-02  5.99e+04  1.98e+03 -1.00e+05
2016 06 20  2310   57559  83400   1.45e+01  2.92e-01  1.48e-01  9.30e-02  5.07e-02  2.18e-02  5.99e+04  1.98e+03 -1.00e+05
2016 06 20  2315   57559  83700   1.56e+01  2.73e-01  1.05e-01  5.14e-02  4.33e-02  2.18e-02  5.99e+04  1.96e+03 -1.00e+05
2016 06 20  2320   57559  84000   1.57e+01  4.66e-01  2.41e-01  6.78e-02  5.39e-02  3.08e-02  5.99e+04  1.95e+03 -1.00e+05
2016 06 20  2325   57559  84300   1.42e+01  2.64e-01  1.22e-01  6.78e-02  5.96e-02  3.82e-02  5.99e+04  1.91e+03 -1.00e+05
2016 06 20  2330   57559  84600   1.08e+01  2.32e-01  1.57e-01  9.92e-02  9.10e-02  4.49e-02  5.99e+04  1.90e+03 -1.00e+05
2016 06 20  2335   57559  84900   1.61e+01  3.49e-01  1.51e-01  9.71e-02  8.89e-02  3.65e-02  5.99e+04  1.88e+03 -1.00e+05
2016 06 20  2340   57559  85200   8.31e+00  1.71e-01  1.39e-01  8.72e-02  5.06e-02  2.18e-02  5.87e+04  1.81e+03 -1.00e+05
2016 06 20  2345   57559  85500   1.59e+01  3.37e-01  1.22e-01  6.79e-02  4.70e-02  2.18e-02  5.79e+04  1.81e+03 -1.00e+05
2016 06 20  2350   57559  85800   1.03e+01  2.47e-01  1.42e-01  5.14e-02  4.33e-02  2.18e-02  5.75e+04  1.71e+03 -1.00e+05
2016 06 20  2355   57559  86100   7.05e+00  2.45e-01  2.12e-01  6.13e-02  4.55e-02  2.18e-02  5.73e+04  1.67e+03 -1.00e+05
