:Data_list: 20160921_Gs_part_5m.txt
:Created: 2016 Sep 22 0011 UTC
# Prepared by the U.S. Dept. of Commerce, NOAA, Space Weather Prediction Center
# Please send comments and suggestions to SWPC.Webmaster@noaa.gov 
# 
# Label: P > 1 = Particles at >1 Mev
# Label: P > 5 = Particles at >5 Mev
# Label: P >10 = Particles at >10 Mev
# Label: P >30 = Particles at >30 Mev
# Label: P >50 = Particles at >50 Mev
# Label: P>100 = Particles at >100 Mev
# Label: E>0.8 = Electrons at >0.8 Mev
# Label: E>2.0 = Electrons at >2.0 Mev
# Label: E>4.0 = Electrons at >4.0 Mev
# Units: Particles = Protons/cm2-s-sr
# Units: Electrons = Electrons/cm2-s-sr
# Source: GOES-15
# Location: W135
# Missing data: -1.00e+05
#
#                      5-minute  GOES-15 Solar Particle and Electron Flux
#
#                 Modified Seconds
# UTC Date  Time   Julian  of the
# YR MO DA  HHMM    Day     Day     P > 1     P > 5     P >10     P >30     P >50     P>100     E>0.8     E>2.0     E>4.0
#-------------------------------------------------------------------------------------------------------------------------
2016 09 21  0000   57652      0   1.34e+01  2.27e-01  1.92e-01  1.02e-01  9.12e-02  3.82e-02  3.33e+04  1.17e+02 -1.00e+05
2016 09 21  0005   57652    300   1.52e+01  2.63e-01  1.85e-01  6.09e-02  4.98e-02  2.60e-02  3.25e+04  1.16e+02 -1.00e+05
2016 09 21  0010   57652    600   1.15e+01  1.46e-01  1.11e-01  5.93e-02  4.82e-02  2.44e-02  3.13e+04  1.10e+02 -1.00e+05
2016 09 21  0015   57652    900   1.41e+01  2.61e-01  1.35e-01  6.62e-02  4.98e-02  2.44e-02  3.03e+04  1.05e+02 -1.00e+05
2016 09 21  0020   57652   1200   9.21e+00  2.11e-01  1.76e-01  5.93e-02  4.82e-02  2.44e-02  2.96e+04  9.58e+01 -1.00e+05
2016 09 21  0025   57652   1500   1.03e+01  2.33e-01  1.55e-01  5.93e-02  4.82e-02  2.44e-02  2.93e+04  9.76e+01 -1.00e+05
2016 09 21  0030   57652   1800   7.17e+00  1.96e-01  1.62e-01  7.72e-02  6.62e-02  3.02e-02  3.01e+04  9.87e+01 -1.00e+05
2016 09 21  0035   57652   2100   1.57e+01  3.84e-01  1.38e-01  8.31e-02  7.21e-02  4.83e-02  3.27e+04  1.05e+02 -1.00e+05
2016 09 21  0040   57652   2400   7.52e+00  3.21e-01  2.86e-01  6.62e-02  4.98e-02  2.44e-02  3.42e+04  1.12e+02 -1.00e+05
2016 09 21  0045   57652   2700   7.77e+00  1.98e-01  1.63e-01  1.11e-01  1.00e-01  5.06e-02  3.51e+04  1.09e+02 -1.00e+05
2016 09 21  0050   57652   3000   8.10e+00  2.54e-01  1.27e-01  5.93e-02  4.82e-02  2.44e-02  3.41e+04  1.12e+02 -1.00e+05
2016 09 21  0055   57652   3300   4.65e+00  3.14e-01  2.79e-01  5.93e-02  4.82e-02  2.44e-02  2.84e+04  7.64e+01 -1.00e+05
2016 09 21  0100   57652   3600   7.91e+00  4.27e-01  2.23e-01  5.93e-02  4.82e-02  2.44e-02  2.81e+04  6.87e+01 -1.00e+05
2016 09 21  0105   57652   3900   4.98e+00  1.84e-01  1.49e-01  9.70e-02  7.55e-02  3.22e-02  2.90e+04  8.21e+01 -1.00e+05
2016 09 21  0110   57652   4200   6.44e+00  2.54e-01  1.27e-01  5.93e-02  4.82e-02  2.44e-02  2.33e+04  6.47e+01 -1.00e+05
2016 09 21  0115   57652   4500   7.26e+00  2.77e-01  1.51e-01  8.29e-02  6.43e-02  3.84e-02  2.47e+04  6.01e+01 -1.00e+05
2016 09 21  0120   57652   4800   1.26e+01  4.54e-01  1.58e-01  1.04e-01  9.25e-02  4.31e-02  2.65e+04  7.39e+01 -1.00e+05
2016 09 21  0125   57652   5100   7.70e+00  2.55e-01  1.43e-01  7.72e-02  6.62e-02  3.02e-02  3.40e+04  1.12e+02 -1.00e+05
2016 09 21  0130   57652   5400   1.08e+01  2.58e-01  1.31e-01  6.33e-02  5.23e-02  2.85e-02  4.10e+04  1.75e+02 -1.00e+05
2016 09 21  0135   57652   5700   1.52e+01  6.35e-01  2.77e-01  6.62e-02  4.98e-02  2.44e-02  4.51e+04  2.33e+02 -1.00e+05
2016 09 21  0140   57652   6000   9.49e+00  3.09e-01  2.75e-01  2.21e-01  1.44e-01  5.66e-02  4.73e+04  2.58e+02 -1.00e+05
2016 09 21  0145   57652   6300   1.01e+01  2.11e-01  1.76e-01  5.93e-02  4.82e-02  2.44e-02  4.76e+04  2.76e+02 -1.00e+05
2016 09 21  0150   57652   6600   1.03e+01  1.77e-01  1.42e-01  9.00e-02  7.36e-02  4.83e-02  4.38e+04  2.41e+02 -1.00e+05
2016 09 21  0155   57652   6900   1.36e+01  1.98e-01  1.45e-01  8.98e-02  7.87e-02  3.42e-02  4.44e+04  2.64e+02 -1.00e+05
2016 09 21  0200   57652   7200   1.21e+01  1.70e-01  1.35e-01  8.31e-02  7.21e-02  4.83e-02  4.66e+04  2.92e+02 -1.00e+05
2016 09 21  0205   57652   7500   2.35e+01  5.05e-01  2.22e-01  8.31e-02  7.21e-02  4.83e-02  4.79e+04  3.08e+02 -1.00e+05
2016 09 21  0210   57652   7800   2.28e+01  2.51e-01  1.21e-01  6.62e-02  4.98e-02  2.44e-02  4.88e+04  3.38e+02 -1.00e+05
2016 09 21  0215   57652   8100   1.38e+01  3.14e-01  2.79e-01  5.93e-02  4.82e-02  2.44e-02  4.93e+04  3.51e+02 -1.00e+05
2016 09 21  0220   57652   8400   1.27e+01  1.73e-01  1.38e-01  8.59e-02  5.42e-02  2.44e-02  4.72e+04  3.25e+02 -1.00e+05
2016 09 21  0225   57652   8700   1.32e+01  1.46e-01  1.11e-01  5.93e-02  4.82e-02  2.44e-02  4.60e+04  3.00e+02 -1.00e+05
2016 09 21  0230   57652   9000   1.64e+01  2.12e-01  1.35e-01  7.57e-02  6.47e-02  4.09e-02  4.46e+04  2.97e+02 -1.00e+05
2016 09 21  0235   57652   9300   1.58e+01  1.80e-01  1.45e-01  9.25e-02  5.57e-02  2.44e-02  4.43e+04  2.90e+02 -1.00e+05
2016 09 21  0240   57652   9600   2.30e+01  3.76e-01  1.88e-01  9.60e-02  8.50e-02  3.62e-02  4.45e+04  3.07e+02 -1.00e+05
2016 09 21  0245   57652   9900   2.27e+01  4.40e-01  2.95e-01  1.20e-01  1.08e-01  5.99e-02  4.40e+04  2.83e+02 -1.00e+05
2016 09 21  0250   57652  10200   1.17e+01  1.87e-01  1.52e-01  9.90e-02  5.72e-02  2.44e-02  4.40e+04  2.76e+02 -1.00e+05
2016 09 21  0255   57652  10500   1.40e+01  1.46e-01  1.11e-01  5.93e-02  4.82e-02  2.44e-02  4.40e+04  2.84e+02 -1.00e+05
2016 09 21  0300   57652  10800   1.45e+01  1.97e-01  1.19e-01  5.93e-02  4.82e-02  2.44e-02  4.21e+04  2.60e+02 -1.00e+05
2016 09 21  0305   57652  11100   1.21e+01  1.60e-01  1.25e-01  7.28e-02  5.13e-02  2.44e-02  4.16e+04  2.48e+02 -1.00e+05
2016 09 21  0310   57652  11400   1.13e+01  1.46e-01  1.11e-01  5.93e-02  4.82e-02  2.44e-02  4.08e+04  2.33e+02 -1.00e+05
2016 09 21  0315   57652  11700   8.74e+00  1.51e-01  1.16e-01  6.47e-02  5.36e-02  2.62e-02  4.08e+04  2.25e+02 -1.00e+05
2016 09 21  0320   57652  12000   1.60e+01  6.84e-01  4.59e-01  1.14e-01  6.71e-02  3.59e-02  3.96e+04  2.18e+02 -1.00e+05
2016 09 21  0325   57652  12300   9.04e+00  3.73e-01  3.39e-01  1.35e-01  8.95e-02  5.57e-02  3.96e+04  2.07e+02 -1.00e+05
2016 09 21  0330   57652  12600   1.38e+01  3.42e-01  2.06e-01  1.35e-01  1.03e-01  4.03e-02  3.91e+04  2.09e+02 -1.00e+05
2016 09 21  0335   57652  12900   1.00e+01  1.87e-01  1.52e-01  9.90e-02  5.72e-02  2.44e-02  3.78e+04  2.02e+02 -1.00e+05
2016 09 21  0340   57652  13200   1.02e+01  3.17e-01  2.03e-01  1.35e-01  8.58e-02  4.07e-02  3.66e+04  1.76e+02 -1.00e+05
2016 09 21  0345   57652  13500   1.03e+01  3.01e-01  1.74e-01  5.93e-02  4.82e-02  2.44e-02  3.41e+04  1.58e+02 -1.00e+05
2016 09 21  0350   57652  13800   6.65e+00  2.73e-01  2.38e-01  8.59e-02  5.42e-02  2.44e-02  3.13e+04  1.42e+02 -1.00e+05
2016 09 21  0355   57652  14100   1.15e+01  2.69e-01  1.11e-01  5.79e-02  4.69e-02  2.38e-02  3.07e+04  1.32e+02 -1.00e+05
2016 09 21  0400   57652  14400   1.07e+01  2.48e-01  1.16e-01  6.28e-02  5.16e-02  2.85e-02  3.00e+04  1.31e+02 -1.00e+05
2016 09 21  0405   57652  14700   6.35e+00  2.45e-01  2.10e-01  5.79e-02  4.69e-02  2.38e-02  3.02e+04  1.34e+02 -1.00e+05
2016 09 21  0410   57652  15000   8.65e+00  3.33e-01  2.11e-01  1.43e-01  1.04e-01  6.63e-02  2.83e+04  1.12e+02 -1.00e+05
2016 09 21  0415   57652  15300   6.22e+00  1.68e-01  1.34e-01  5.93e-02  4.72e-02  2.38e-02  2.60e+04  1.07e+02 -1.00e+05
2016 09 21  0420   57652  15600   1.02e+01  3.11e-01  1.84e-01  1.31e-01  1.20e-01  4.72e-02  2.67e+04  1.02e+02 -1.00e+05
2016 09 21  0425   57652  15900   8.16e+00  2.91e-01  1.62e-01  7.64e-02  5.41e-02  2.50e-02  2.69e+04  1.04e+02 -1.00e+05
2016 09 21  0430   57652  16200   5.52e+00  1.73e-01  1.38e-01  6.51e-02  5.41e-02  3.10e-02  2.67e+04  1.02e+02 -1.00e+05
2016 09 21  0435   57652  16500   1.09e+01  4.11e-01  2.34e-01  5.79e-02  4.69e-02  2.38e-02  2.68e+04  1.04e+02 -1.00e+05
2016 09 21  0440   57652  16800   6.20e+00  2.59e-01  1.29e-01  6.18e-02  5.08e-02  2.50e-02  2.65e+04  9.59e+01 -1.00e+05
2016 09 21  0445   57652  17100   6.60e+00  3.38e-01  1.93e-01  1.10e-01  6.43e-02  3.10e-02  2.61e+04  8.01e+01 -1.00e+05
2016 09 21  0450   57652  17400   6.26e+00  3.61e-01  2.28e-01  5.79e-02  4.69e-02  2.38e-02  2.24e+04  7.67e+01 -1.00e+05
2016 09 21  0455   57652  17700   6.18e+00  2.59e-01  1.26e-01  5.79e-02  4.69e-02  2.38e-02  2.13e+04  6.98e+01 -1.00e+05
2016 09 21  0500   57652  18000   3.32e+00  2.09e-01  1.75e-01  1.24e-01  1.13e-01  4.52e-02  2.10e+04  5.85e+01 -1.00e+05
2016 09 21  0505   57652  18300   4.06e+00  2.10e-01  1.75e-01  9.94e-02  5.40e-02  2.38e-02  1.89e+04  5.83e+01 -1.00e+05
2016 09 21  0510   57652  18600   2.86e+00  1.98e-01  1.63e-01  1.13e-01  9.55e-02  7.06e-02  1.71e+04  4.57e+01 -1.00e+05
2016 09 21  0515   57652  18900   2.81e+00  1.84e-01  1.50e-01  9.92e-02  8.82e-02  5.88e-02  1.35e+04  3.06e+01 -1.00e+05
2016 09 21  0520   57652  19200   3.62e+00  2.16e-01  1.82e-01  1.31e-01  1.00e-01  6.26e-02  1.67e+04  4.80e+01 -1.00e+05
2016 09 21  0525   57652  19500   6.06e+00  3.21e-01  2.02e-01  1.37e-01  1.26e-01  4.92e-02  1.97e+04  5.74e+01 -1.00e+05
2016 09 21  0530   57652  19800   6.99e+00  2.49e-01  1.22e-01  6.80e-02  5.70e-02  2.70e-02  2.13e+04  6.98e+01 -1.00e+05
2016 09 21  0535   57652  20100   6.73e+00  2.95e-01  1.39e-01  8.60e-02  7.50e-02  5.19e-02  2.06e+04  6.80e+01 -1.00e+05
2016 09 21  0540   57652  20400   3.48e+00  1.65e-01  1.30e-01  7.99e-02  6.89e-02  4.58e-02  1.94e+04  5.26e+01 -1.00e+05
2016 09 21  0545   57652  20700   3.86e+00  1.43e-01  1.08e-01  5.79e-02  4.69e-02  2.38e-02  2.06e+04  6.85e+01 -1.00e+05
2016 09 21  0550   57652  21000   4.15e+00  2.57e-01  2.22e-01  1.71e-01  1.39e-01  5.12e-02  2.42e+04  8.16e+01 -1.00e+05
2016 09 21  0555   57652  21300   4.69e+00  3.10e-01  2.27e-01  6.76e-02  5.66e-02  3.35e-02  2.00e+04  6.13e+01 -1.00e+05
2016 09 21  0600   57652  21600   4.47e+00  1.46e-01  1.11e-01  6.01e-02  4.91e-02  2.60e-02  2.72e+04  9.80e+01 -1.00e+05
2016 09 21  0605   57652  21900   6.56e+00  2.92e-01  1.59e-01  5.93e-02  4.72e-02  2.38e-02  2.81e+04  1.08e+02 -1.00e+05
2016 09 21  0610   57652  22200   4.27e+00  2.73e-01  2.39e-01  8.56e-02  5.31e-02  2.38e-02  2.71e+04  9.43e+01 -1.00e+05
2016 09 21  0615   57652  22500   4.10e+00  2.09e-01  1.75e-01  9.31e-02  8.21e-02  3.51e-02  2.55e+04  8.15e+01 -1.00e+05
2016 09 21  0620   57652  22800   3.11e+00  1.95e-01  1.61e-01  8.56e-02  5.31e-02  2.38e-02  2.42e+04  7.45e+01 -1.00e+05
2016 09 21  0625   57652  23100   3.15e+00  1.68e-01  1.32e-01  5.79e-02  4.69e-02  2.38e-02  2.35e+04  7.33e+01 -1.00e+05
2016 09 21  0630   57652  23400   2.61e+00  1.71e-01  1.36e-01  5.79e-02  4.69e-02  2.38e-02  2.34e+04  7.26e+01 -1.00e+05
2016 09 21  0635   57652  23700   2.93e+00  1.48e-01  1.14e-01  6.32e-02  5.11e-02  2.50e-02  2.20e+04  6.93e+01 -1.00e+05
2016 09 21  0640   57652  24000   2.77e+00  3.58e-01  3.23e-01  1.02e-01  9.12e-02  6.81e-02  2.00e+04  5.31e+01 -1.00e+05
2016 09 21  0645   57652  24300   5.25e+00  5.98e-01  2.91e-01  1.12e-01  5.90e-02  2.38e-02  2.06e+04  5.28e+01 -1.00e+05
2016 09 21  0650   57652  24600   2.64e+00  1.53e-01  1.18e-01  6.80e-02  5.70e-02  2.70e-02  2.12e+04  5.63e+01 -1.00e+05
2016 09 21  0655   57652  24900   3.74e+00  3.69e-01  2.40e-01  7.97e-02  6.87e-02  4.55e-02  2.14e+04  5.75e+01 -1.00e+05
2016 09 21  0700   57652  25200   3.41e+00  2.65e-01  1.33e-01  6.51e-02  5.41e-02  3.10e-02  2.17e+04  5.72e+01 -1.00e+05
2016 09 21  0705   57652  25500   2.44e+00  1.78e-01  1.43e-01  9.21e-02  5.46e-02  2.38e-02  2.19e+04  6.18e+01 -1.00e+05
2016 09 21  0710   57652  25800   2.90e+00  1.43e-01  1.08e-01  5.79e-02  4.69e-02  2.38e-02  2.15e+04  6.03e+01 -1.00e+05
2016 09 21  0715   57652  26100   3.07e+00  2.02e-01  1.68e-01  9.21e-02  5.46e-02  2.38e-02  1.98e+04  6.54e+01 -1.00e+05
2016 09 21  0720   57652  26400   2.87e+00  1.47e-01  1.13e-01  6.26e-02  5.16e-02  2.85e-02  2.19e+04  6.90e+01 -1.00e+05
2016 09 21  0725   57652  26700   2.88e+00  1.71e-01  1.37e-01  8.56e-02  5.31e-02  2.38e-02  2.28e+04  7.35e+01 -1.00e+05
2016 09 21  0730   57652  27000   4.93e+00  6.93e-01  4.30e-01  1.76e-01  1.42e-01  6.20e-02  2.20e+04  6.70e+01 -1.00e+05
2016 09 21  0735   57652  27300   2.71e+00  1.99e-01  1.64e-01  6.59e-02  4.87e-02  2.38e-02  2.25e+04  6.28e+01 -1.00e+05
2016 09 21  0740   57652  27600   5.93e+00  3.40e-01  1.13e-01  6.01e-02  4.91e-02  2.60e-02  2.29e+04  7.09e+01 -1.00e+05
2016 09 21  0745   57652  27900   5.92e+00  3.34e-01  1.91e-01  1.20e-01  9.79e-02  3.91e-02  2.50e+04  9.05e+01 -1.00e+05
2016 09 21  0750   57652  28200   5.15e+00  1.77e-01  1.43e-01  9.23e-02  8.13e-02  5.82e-02  2.61e+04  8.65e+01 -1.00e+05
2016 09 21  0755   57652  28500   7.72e+00  2.01e-01  1.17e-01  5.79e-02  4.69e-02  2.38e-02  2.70e+04  1.05e+02 -1.00e+05
2016 09 21  0800   57652  28800   7.12e+00  1.62e-01  1.28e-01  7.75e-02  6.65e-02  4.34e-02  3.21e+04  1.45e+02 -1.00e+05
2016 09 21  0805   57652  29100   5.74e+00  2.41e-01  2.06e-01  1.56e-01  1.45e-01  5.52e-02  3.43e+04  1.55e+02 -1.00e+05
2016 09 21  0810   57652  29400   5.45e+00  1.74e-01  1.40e-01  6.76e-02  5.66e-02  3.35e-02  3.51e+04  1.61e+02 -1.00e+05
2016 09 21  0815   57652  29700   5.29e+00  3.58e-01  3.23e-01  1.02e-01  9.12e-02  6.81e-02  3.57e+04  1.58e+02 -1.00e+05
2016 09 21  0820   57652  30000   9.73e+00  6.09e-01  3.17e-01  9.21e-02  5.46e-02  2.38e-02  3.27e+04  1.60e+02 -1.00e+05
2016 09 21  0825   57652  30300   5.78e+00  1.68e-01  1.33e-01  8.24e-02  5.61e-02  2.85e-02  3.69e+04  1.88e+02 -1.00e+05
2016 09 21  0830   57652  30600   5.70e+00  2.46e-01  2.12e-01  5.93e-02  4.72e-02  2.38e-02  3.76e+04  1.84e+02 -1.00e+05
2016 09 21  0835   57652  30900   5.46e+00  1.60e-01  1.25e-01  7.50e-02  6.40e-02  4.09e-02  3.76e+04  1.88e+02 -1.00e+05
2016 09 21  0840   57652  31200   7.98e+00  2.87e-01  1.54e-01  8.56e-02  5.31e-02  2.38e-02  3.71e+04  1.84e+02 -1.00e+05
2016 09 21  0845   57652  31500   8.03e+00  2.83e-01  1.51e-01  8.30e-02  6.39e-02  3.84e-02  3.84e+04  1.84e+02 -1.00e+05
2016 09 21  0850   57652  31800   9.01e+00  5.00e-01  2.35e-01  7.00e-02  5.90e-02  3.59e-02  3.95e+04  1.88e+02 -1.00e+05
2016 09 21  0855   57652  32100   4.77e+00  1.89e-01  1.54e-01  6.51e-02  5.41e-02  3.10e-02  3.88e+04  1.81e+02 -1.00e+05
2016 09 21  0900   57652  32400   4.96e+00  2.84e-01  2.49e-01  1.25e-01  1.14e-01  4.68e-02  3.92e+04  1.87e+02 -1.00e+05
2016 09 21  0905   57652  32700   4.72e+00  1.89e-01  1.55e-01  6.51e-02  5.41e-02  3.10e-02  3.99e+04  1.98e+02 -1.00e+05
2016 09 21  0910   57652  33000   6.02e+00  2.29e-01  1.45e-01  5.79e-02  4.69e-02  2.38e-02  4.13e+04  2.09e+02 -1.00e+05
2016 09 21  0915   57652  33300   1.11e+01  3.86e-01  1.95e-01  9.94e-02  8.84e-02  3.71e-02  4.49e+04  2.42e+02 -1.00e+05
2016 09 21  0920   57652  33600   6.27e+00  1.43e-01  1.08e-01  5.79e-02  4.69e-02  2.38e-02  4.50e+04  2.39e+02 -1.00e+05
2016 09 21  0925   57652  33900   9.10e+00  2.01e-01  1.17e-01  5.79e-02  4.69e-02  2.38e-02  4.77e+04  2.70e+02 -1.00e+05
2016 09 21  0930   57652  34200   8.53e+00  1.72e-01  1.37e-01  8.69e-02  7.59e-02  3.31e-02  5.23e+04  3.17e+02 -1.00e+05
2016 09 21  0935   57652  34500   8.34e+00  1.72e-01  1.38e-01  8.74e-02  7.64e-02  5.33e-02  5.51e+04  3.31e+02 -1.00e+05
2016 09 21  0940   57652  34800   9.51e+00  1.96e-01  1.62e-01  1.11e-01  9.32e-02  6.81e-02  5.85e+04  3.98e+02 -1.00e+05
2016 09 21  0945   57652  35100   9.22e+00  2.15e-01  1.80e-01  1.30e-01  1.19e-01  6.70e-02  6.20e+04  4.72e+02 -1.00e+05
2016 09 21  0950   57652  35400   8.50e+00  1.77e-01  1.43e-01  9.27e-02  8.08e-02  5.12e-02  6.55e+04  5.82e+02 -1.00e+05
2016 09 21  0955   57652  35700   1.40e+01  3.15e-01  1.68e-01  1.14e-01  8.27e-02  3.66e-02  6.79e+04  6.51e+02 -1.00e+05
2016 09 21  1000   57652  36000   8.03e+00  1.44e-01  1.08e-01  5.79e-02  4.69e-02  2.38e-02  6.86e+04  7.09e+02 -1.00e+05
2016 09 21  1005   57652  36300   1.12e+01  2.90e-01  1.60e-01  9.23e-02  8.13e-02  5.82e-02  7.02e+04  7.37e+02 -1.00e+05
2016 09 21  1010   57652  36600   8.07e+00  1.64e-01  1.30e-01  7.90e-02  5.16e-02  2.38e-02  7.09e+04  7.72e+02 -1.00e+05
2016 09 21  1015   57652  36900   7.62e+00  1.92e-01  1.58e-01  5.79e-02  4.69e-02  2.38e-02  6.81e+04  7.96e+02 -1.00e+05
2016 09 21  1020   57652  37200   7.10e+00  2.00e-01  1.66e-01  1.15e-01  7.67e-02  4.58e-02  6.63e+04  7.58e+02 -1.00e+05
2016 09 21  1025   57652  37500   7.84e+00  2.28e-01  1.93e-01  1.41e-01  9.05e-02  5.58e-02  6.46e+04  7.22e+02 -1.00e+05
2016 09 21  1030   57652  37800   7.80e+00  2.24e-01  1.90e-01  1.38e-01  9.62e-02  5.51e-02  6.22e+04  6.67e+02 -1.00e+05
2016 09 21  1035   57652  38100   1.35e+01  4.91e-01  2.48e-01  7.50e-02  6.40e-02  4.09e-02  6.08e+04  6.64e+02 -1.00e+05
2016 09 21  1040   57652  38400   7.24e+00  2.60e-01  2.26e-01  7.75e-02  6.65e-02  4.34e-02  6.06e+04  6.58e+02 -1.00e+05
2016 09 21  1045   57652  38700   7.77e+00  3.75e-01  3.41e-01  1.20e-01  1.03e-01  4.11e-02  6.04e+04  6.42e+02 -1.00e+05
2016 09 21  1050   57652  39000   6.98e+00  2.29e-01  1.95e-01  1.44e-01  1.12e-01  6.30e-02  5.99e+04  6.52e+02 -1.00e+05
2016 09 21  1055   57652  39300   7.06e+00  1.57e-01  1.23e-01  7.25e-02  6.15e-02  3.84e-02  5.99e+04  6.85e+02 -1.00e+05
2016 09 21  1100   57652  39600   8.77e+00  2.03e-01  1.37e-01  8.06e-02  6.96e-02  3.11e-02  5.99e+04  6.79e+02 -1.00e+05
2016 09 21  1105   57652  39900   1.03e+01  2.83e-01  1.50e-01  5.79e-02  4.69e-02  2.38e-02  5.99e+04  7.04e+02 -1.00e+05
2016 09 21  1110   57652  40200   6.95e+00  1.87e-01  1.53e-01  1.02e-01  9.12e-02  6.81e-02  5.99e+04  6.96e+02 -1.00e+05
2016 09 21  1115   57652  40500   6.56e+00  1.67e-01  1.32e-01  5.79e-02  4.69e-02  2.38e-02  6.01e+04  7.37e+02 -1.00e+05
2016 09 21  1120   57652  40800   6.85e+00  1.73e-01  1.39e-01  8.78e-02  6.30e-02  3.59e-02  6.26e+04  7.36e+02 -1.00e+05
2016 09 21  1125   57652  41100   6.62e+00  1.67e-01  1.32e-01  5.79e-02  4.69e-02  2.38e-02  6.26e+04  7.64e+02 -1.00e+05
2016 09 21  1130   57652  41400   6.99e+00  1.43e-01  1.08e-01  5.79e-02  4.69e-02  2.38e-02  6.26e+04  7.57e+02 -1.00e+05
2016 09 21  1135   57652  41700   6.89e+00  1.87e-01  1.53e-01  1.02e-01  8.16e-02  5.58e-02  6.48e+04  7.84e+02 -1.00e+05
2016 09 21  1140   57652  42000   7.06e+00  1.43e-01  1.08e-01  5.79e-02  4.69e-02  2.38e-02  6.46e+04  7.99e+02 -1.00e+05
2016 09 21  1145   57652  42300   1.23e+01  4.58e-01  2.25e-01  6.80e-02  5.70e-02  2.70e-02  6.49e+04  7.91e+02 -1.00e+05
2016 09 21  1150   57652  42600   6.88e+00  1.55e-01  1.20e-01  7.00e-02  5.90e-02  3.59e-02  6.52e+04  7.98e+02 -1.00e+05
2016 09 21  1155   57652  42900   1.04e+01  3.61e-01  2.28e-01  5.79e-02  4.69e-02  2.38e-02  6.53e+04  8.31e+02 -1.00e+05
2016 09 21  1200   57652  43200   7.35e+00  1.43e-01  1.08e-01  5.79e-02  4.69e-02  2.38e-02  6.53e+04  8.22e+02 -1.00e+05
2016 09 21  1205   57652  43500   6.96e+00  1.98e-01  1.64e-01  1.12e-01  5.90e-02  2.38e-02  6.53e+04  8.63e+02 -1.00e+05
2016 09 21  1210   57652  43800   6.75e+00  1.55e-01  1.20e-01  7.00e-02  5.90e-02  3.59e-02  6.53e+04  8.18e+02 -1.00e+05
2016 09 21  1215   57652  44100   6.80e+00  2.94e-01  2.59e-01  1.22e-01  6.92e-02  2.70e-02  6.56e+04  8.39e+02 -1.00e+05
2016 09 21  1220   57652  44400   6.80e+00  2.34e-01  2.00e-01  1.50e-01  1.39e-01  5.32e-02  6.53e+04  8.34e+02 -1.00e+05
2016 09 21  1225   57652  44700   1.04e+01  2.82e-01  1.53e-01  8.60e-02  7.50e-02  5.19e-02  6.53e+04  8.22e+02 -1.00e+05
2016 09 21  1230   57652  45000   9.44e+00  2.01e-01  1.17e-01  5.79e-02  4.69e-02  2.38e-02  6.57e+04  8.50e+02 -1.00e+05
2016 09 21  1235   57652  45300   6.98e+00  1.86e-01  1.52e-01  1.01e-01  8.42e-02  3.68e-02  6.69e+04  8.76e+02 -1.00e+05
2016 09 21  1240   57652  45600   6.94e+00  1.88e-01  1.53e-01  1.03e-01  8.94e-02  6.57e-02  6.75e+04  8.68e+02 -1.00e+05
2016 09 21  1245   57652  45900   9.23e+00  2.43e-01  1.59e-01  9.87e-02  5.61e-02  2.38e-02  6.79e+04  8.68e+02 -1.00e+05
2016 09 21  1250   57652  46200   6.98e+00  1.80e-01  1.45e-01  9.48e-02  8.38e-02  6.07e-02  6.79e+04  8.95e+02 -1.00e+05
2016 09 21  1255   57652  46500   7.26e+00  2.25e-01  1.91e-01  1.39e-01  9.09e-02  6.07e-02  6.73e+04  8.93e+02 -1.00e+05
2016 09 21  1300   57652  46800   7.06e+00  1.43e-01  1.08e-01  5.79e-02  4.69e-02  2.38e-02  6.79e+04  9.01e+02 -1.00e+05
2016 09 21  1305   57652  47100   1.07e+01  3.25e-01  1.92e-01  9.87e-02  5.61e-02  2.38e-02  6.79e+04  9.26e+02 -1.00e+05
2016 09 21  1310   57652  47400   7.66e+00  1.74e-01  1.40e-01  8.98e-02  7.88e-02  5.56e-02  6.79e+04  9.43e+02 -1.00e+05
2016 09 21  1315   57652  47700   7.72e+00  1.94e-01  1.59e-01  9.23e-02  8.13e-02  5.82e-02  6.97e+04  9.77e+02 -1.00e+05
2016 09 21  1320   57652  48000   1.24e+01  4.96e-01  2.75e-01  1.18e-01  1.07e-01  4.32e-02  7.13e+04  9.87e+02 -1.00e+05
2016 09 21  1325   57652  48300   7.88e+00  1.97e-01  1.63e-01  1.12e-01  1.01e-01  4.28e-02  7.13e+04  1.01e+03 -1.00e+05
2016 09 21  1330   57652  48600   8.11e+00  1.51e-01  1.16e-01  6.59e-02  4.87e-02  2.38e-02  7.13e+04  1.02e+03 -1.00e+05
2016 09 21  1335   57652  48900   8.18e+00  1.70e-01  1.35e-01  8.49e-02  7.39e-02  5.08e-02  7.13e+04  1.05e+03 -1.00e+05
2016 09 21  1340   57652  49200   8.40e+00  1.65e-01  1.31e-01  8.06e-02  6.96e-02  3.11e-02  7.13e+04  1.06e+03 -1.00e+05
2016 09 21  1345   57652  49500   9.32e+00  1.85e-01  1.51e-01  1.00e-01  7.93e-02  5.33e-02  7.13e+04  1.10e+03 -1.00e+05
2016 09 21  1350   57652  49800   1.15e+01  2.43e-01  1.60e-01  8.24e-02  7.14e-02  4.83e-02  7.13e+04  1.07e+03 -1.00e+05
2016 09 21  1355   57652  50100   8.79e+00  1.65e-01  1.30e-01  7.99e-02  6.89e-02  4.58e-02  7.13e+04  1.09e+03 -1.00e+05
2016 09 21  1400   57652  50400   1.32e+01  3.21e-01  1.97e-01  1.31e-01  1.20e-01  4.72e-02  7.28e+04  1.11e+03 -1.00e+05
2016 09 21  1405   57652  50700   1.26e+01  2.01e-01  1.17e-01  5.79e-02  4.69e-02  2.38e-02  7.50e+04  1.15e+03 -1.00e+05
2016 09 21  1410   57652  51000   1.28e+01  2.87e-01  1.54e-01  8.56e-02  5.31e-02  2.38e-02  7.37e+04  1.11e+03 -1.00e+05
2016 09 21  1415   57652  51300   9.85e+00  2.54e-01  2.20e-01  1.07e-01  8.66e-02  4.23e-02  7.53e+04  1.21e+03 -1.00e+05
2016 09 21  1420   57652  51600   9.94e+00  2.45e-01  2.07e-01  1.56e-01  1.35e-01  7.10e-02  7.53e+04  1.24e+03 -1.00e+05
2016 09 21  1425   57652  51900   1.07e+01  2.32e-01  1.94e-01  1.43e-01  1.32e-01  7.10e-02  7.53e+04  1.23e+03 -1.00e+05
2016 09 21  1430   57652  52200   9.92e+00  1.91e-01  1.57e-01  1.05e-01  5.75e-02  2.38e-02  7.53e+04  1.25e+03 -1.00e+05
2016 09 21  1435   57652  52500   1.23e+01  2.45e-01  1.89e-01  9.31e-02  8.21e-02  3.51e-02  7.53e+04  1.27e+03 -1.00e+05
2016 09 21  1440   57652  52800   1.56e+01  4.52e-01  3.22e-01  8.48e-02  7.38e-02  5.07e-02  7.53e+04  1.29e+03 -1.00e+05
2016 09 21  1445   57652  53100   1.04e+01  1.84e-01  1.50e-01  7.99e-02  6.89e-02  4.58e-02  7.53e+04  1.32e+03 -1.00e+05
2016 09 21  1450   57652  53400   1.15e+01  1.81e-01  1.47e-01  9.64e-02  8.54e-02  6.23e-02  7.80e+04  1.33e+03 -1.00e+05
2016 09 21  1455   57652  53700   1.47e+01  3.14e-01  2.32e-01  9.85e-02  7.70e-02  5.08e-02  7.91e+04  1.38e+03 -1.00e+05
2016 09 21  1500   57652  54000   1.18e+01  1.59e-01  1.25e-01  7.43e-02  6.33e-02  2.91e-02  7.93e+04  1.43e+03 -1.00e+05
2016 09 21  1505   57652  54300   2.08e+01  3.11e-01  1.53e-01  9.87e-02  5.61e-02  2.38e-02  7.93e+04  1.50e+03 -1.00e+05
2016 09 21  1510   57652  54600   1.28e+01  3.47e-01  3.12e-01  2.59e-01  1.65e-01  5.12e-02  7.93e+04  1.53e+03 -1.00e+05
2016 09 21  1515   57652  54900   1.62e+01  2.99e-01  2.15e-01  7.90e-02  5.16e-02  2.38e-02  8.04e+04  1.53e+03 -1.00e+05
2016 09 21  1520   57652  55200   1.89e+01  3.02e-01  1.70e-01  7.50e-02  6.40e-02  4.09e-02  8.13e+04  1.55e+03 -1.00e+05
2016 09 21  1525   57652  55500   1.34e+01  2.45e-01  2.10e-01  5.79e-02  4.69e-02  2.38e-02  8.33e+04  1.59e+03 -1.00e+05
2016 09 21  1530   57652  55800   1.36e+01  2.11e-01  1.77e-01  8.00e-02  6.71e-02  4.34e-02  8.33e+04  1.62e+03 -1.00e+05
2016 09 21  1535   57652  56100   2.96e+01  4.00e-01  1.11e-01  5.79e-02  4.69e-02  2.38e-02  8.33e+04  1.69e+03 -1.00e+05
2016 09 21  1540   57652  56400   1.79e+01  3.24e-01  2.42e-01  8.74e-02  7.64e-02  5.33e-02  8.33e+04  1.68e+03 -1.00e+05
2016 09 21  1545   57652  56700   1.42e+01  1.68e-01  1.34e-01  5.93e-02  4.72e-02  2.38e-02  8.33e+04  1.71e+03 -1.00e+05
2016 09 21  1550   57652  57000   2.46e+01  3.03e-01  1.50e-01  9.57e-02  6.33e-02  2.70e-02  8.33e+04  1.71e+03 -1.00e+05
2016 09 21  1555   57652  57300   1.54e+01  2.46e-01  2.10e-01  5.79e-02  4.69e-02  2.38e-02  8.57e+04  1.79e+03 -1.00e+05
2016 09 21  1600   57652  57600   1.55e+01  2.09e-01  1.75e-01  1.24e-01  1.13e-01  4.52e-02  8.79e+04  1.85e+03 -1.00e+05
2016 09 21  1605   57652  57900   1.53e+01  1.71e-01  1.36e-01  5.79e-02  4.69e-02  2.38e-02  8.79e+04  1.86e+03 -1.00e+05
2016 09 21  1610   57652  58200   2.02e+01  3.25e-01  2.41e-01  7.90e-02  5.16e-02  2.38e-02  8.79e+04  1.87e+03 -1.00e+05
2016 09 21  1615   57652  58500   1.59e+01  2.10e-01  1.75e-01  1.25e-01  1.14e-01  4.68e-02  8.79e+04  1.88e+03 -1.00e+05
2016 09 21  1620   57652  58800   1.55e+01  1.70e-01  1.36e-01  8.54e-02  7.40e-02  5.08e-02  8.79e+04  1.92e+03 -1.00e+05
2016 09 21  1625   57652  59100   2.48e+01  5.40e-01  3.46e-01  8.49e-02  7.39e-02  5.08e-02  8.79e+04  1.93e+03 -1.00e+05
2016 09 21  1630   57652  59400   2.54e+01  4.10e-01  2.42e-01  9.45e-02  7.38e-02  3.64e-02  8.79e+04  1.95e+03 -1.00e+05
2016 09 21  1635   57652  59700   1.61e+01  1.60e-01  1.25e-01  7.50e-02  6.40e-02  4.09e-02  8.79e+04  1.93e+03 -1.00e+05
2016 09 21  1640   57652  60000   2.07e+01  2.01e-01  1.17e-01  5.79e-02  4.69e-02  2.38e-02  8.79e+04  1.99e+03 -1.00e+05
2016 09 21  1645   57652  60300   1.61e+01  1.43e-01  1.08e-01  5.79e-02  4.69e-02  2.38e-02  8.79e+04  1.97e+03 -1.00e+05
2016 09 21  1650   57652  60600   1.78e+01  2.39e-01  1.93e-01  1.40e-01  1.02e-01  3.91e-02  8.79e+04  1.96e+03 -1.00e+05
2016 09 21  1655   57652  60900   1.66e+01  1.44e-01  1.10e-01  5.93e-02  4.72e-02  2.38e-02  8.79e+04  2.00e+03 -1.00e+05
2016 09 21  1700   57652  61200   1.70e+01  1.74e-01  1.39e-01  8.86e-02  7.14e-02  3.11e-02  8.81e+04  2.05e+03 -1.00e+05
2016 09 21  1705   57652  61500   1.71e+01  1.71e-01  1.36e-01  5.79e-02  4.69e-02  2.38e-02  9.25e+04  2.09e+03 -1.00e+05
2016 09 21  1710   57652  61800   2.95e+01  2.69e-01  1.11e-01  5.79e-02  4.69e-02  2.38e-02  9.32e+04  2.10e+03 -1.00e+05
2016 09 21  1715   57652  62100   1.82e+01  2.28e-01  1.94e-01  1.28e-01  1.17e-01  5.97e-02  9.32e+04  2.20e+03 -1.00e+05
2016 09 21  1720   57652  62400   1.88e+01  1.43e-01  1.08e-01  5.79e-02  4.69e-02  2.38e-02  9.32e+04  2.30e+03 -1.00e+05
2016 09 21  1725   57652  62700   2.01e+01  1.75e-01  1.41e-01  6.59e-02  4.87e-02  2.38e-02  9.58e+04  2.44e+03 -1.00e+05
2016 09 21  1730   57652  63000   3.30e+01  2.43e-01  1.11e-01  5.79e-02  4.69e-02  2.38e-02  9.86e+04  2.54e+03 -1.00e+05
2016 09 21  1735   57652  63300   2.18e+01  3.35e-01  3.00e-01  7.97e-02  6.87e-02  4.55e-02  9.86e+04  2.56e+03 -1.00e+05
2016 09 21  1740   57652  63600   2.18e+01  1.82e-01  1.48e-01  7.75e-02  6.65e-02  4.34e-02  9.86e+04  2.67e+03 -1.00e+05
2016 09 21  1745   57652  63900   2.20e+01  2.31e-01  1.97e-01  8.83e-02  7.62e-02  3.31e-02  9.86e+04  2.64e+03 -1.00e+05
2016 09 21  1750   57652  64200   3.05e+01  3.89e-01  2.59e-01  9.55e-02  8.01e-02  5.58e-02  9.86e+04  2.55e+03 -1.00e+05
2016 09 21  1755   57652  64500   1.96e+01  1.78e-01  1.43e-01  9.21e-02  5.46e-02  2.38e-02  9.39e+04  2.35e+03 -1.00e+05
2016 09 21  1800   57652  64800   1.80e+01  1.89e-01  1.55e-01  1.05e-01  9.37e-02  7.06e-02  9.32e+04  2.23e+03 -1.00e+05
2016 09 21  1805   57652  65100   2.69e+01  3.69e-01  2.64e-01  1.82e-01  1.71e-01  8.61e-02  9.34e+04  2.28e+03 -1.00e+05
2016 09 21  1810   57652  65400   2.91e+01  2.88e-01  1.56e-01  6.51e-02  5.41e-02  3.10e-02  9.48e+04  2.35e+03 -1.00e+05
2016 09 21  1815   57652  65700   2.49e+01  2.01e-01  1.17e-01  5.79e-02  4.69e-02  2.38e-02  9.32e+04  2.30e+03 -1.00e+05
2016 09 21  1820   57652  66000   1.90e+01  2.10e-01  1.76e-01  9.67e-02  8.57e-02  2.43e-02  9.32e+04  2.31e+03 -1.00e+05
2016 09 21  1825   57652  66300   2.02e+01  2.17e-01  1.83e-01  1.33e-01  1.22e-01  5.43e-02  9.35e+04  2.35e+03 -1.00e+05
2016 09 21  1830   57652  66600   1.97e+01  1.57e-01  1.23e-01  7.25e-02  6.15e-02  3.84e-02  9.60e+04  2.42e+03 -1.00e+05
2016 09 21  1835   57652  66900   2.04e+01  2.77e-01  2.43e-01  9.73e-02  8.25e-02  5.82e-02  9.83e+04  2.43e+03 -1.00e+05
2016 09 21  1840   57652  67200   2.09e+01  1.78e-01  1.44e-01  9.35e-02  8.25e-02  2.73e-02  9.85e+04  2.49e+03 -1.00e+05
2016 09 21  1845   57652  67500   2.33e+01  1.72e-01  1.37e-01  8.69e-02  7.59e-02  3.31e-02  9.91e+04  2.73e+03 -1.00e+05
2016 09 21  1850   57652  67800   2.55e+01  1.66e-01  1.32e-01  8.13e-02  7.03e-02  4.72e-02  1.04e+05  3.01e+03 -1.00e+05
2016 09 21  1855   57652  68100   3.84e+01  4.05e-01  2.50e-01  1.78e-01  1.67e-01  8.23e-02  1.04e+05  3.02e+03 -1.00e+05
2016 09 21  1900   57652  68400   4.94e+01  3.16e-01  1.11e-01  5.79e-02  4.69e-02  2.38e-02  1.04e+05  3.07e+03 -1.00e+05
2016 09 21  1905   57652  68700   2.67e+01  2.00e-01  1.66e-01  1.15e-01  8.21e-02  3.31e-02  1.04e+05  3.14e+03 -1.00e+05
2016 09 21  1910   57652  69000   3.96e+01  2.59e-01  1.26e-01  5.79e-02  4.69e-02  2.38e-02  1.04e+05  3.19e+03 -1.00e+05
2016 09 21  1915   57652  69300   2.66e+01  1.71e-01  1.37e-01  8.56e-02  5.31e-02  2.38e-02  1.04e+05  3.17e+03 -1.00e+05
2016 09 21  1920   57652  69600   4.60e+01  9.43e-01  6.85e-01  1.22e-01  5.92e-02  2.50e-02  1.07e+05  3.28e+03 -1.00e+05
2016 09 21  1925   57652  69900   2.86e+01  1.77e-01  1.43e-01  9.25e-02  8.15e-02  5.49e-02  1.09e+05  3.40e+03 -1.00e+05
2016 09 21  1930   57652  70200   3.08e+01  1.55e-01  1.20e-01  7.00e-02  5.90e-02  3.59e-02  1.09e+05  3.57e+03 -1.00e+05
2016 09 21  1935   57652  70500   3.15e+01  2.62e-01  2.28e-01  7.99e-02  6.89e-02  4.58e-02  1.09e+05  3.72e+03 -1.00e+05
2016 09 21  1940   57652  70800   3.05e+01  1.67e-01  1.33e-01  8.24e-02  7.14e-02  4.83e-02  1.09e+05  3.63e+03 -1.00e+05
2016 09 21  1945   57652  71100   3.01e+01  1.43e-01  1.08e-01  5.79e-02  4.69e-02  2.38e-02  1.09e+05  3.50e+03 -1.00e+05
2016 09 21  1950   57652  71400   2.98e+01  1.67e-01  1.32e-01  5.79e-02  4.69e-02  2.38e-02  1.09e+05  3.60e+03 -1.00e+05
2016 09 21  1955   57652  71700   3.26e+01  3.18e-01  2.83e-01  1.12e-01  6.66e-02  3.35e-02  1.09e+05  3.67e+03 -1.00e+05
2016 09 21  2000   57652  72000   5.78e+01  3.16e-01  1.36e-01  8.24e-02  7.14e-02  4.83e-02  1.09e+05  3.73e+03 -1.00e+05
2016 09 21  2005   57652  72300   3.28e+01  2.40e-01  2.06e-01  7.90e-02  5.16e-02  2.38e-02  1.09e+05  3.74e+03 -1.00e+05
2016 09 21  2010   57652  72600   3.87e+01  2.01e-01  1.17e-01  5.79e-02  4.69e-02  2.38e-02  1.09e+05  3.54e+03 -1.00e+05
2016 09 21  2015   57652  72900   4.94e+01  3.38e-01  1.62e-01  7.90e-02  5.16e-02  2.38e-02  1.05e+05  3.30e+03 -1.00e+05
2016 09 21  2020   57652  73200   2.98e+01  1.98e-01  1.64e-01  1.13e-01  1.02e-01  4.65e-02  1.09e+05  3.46e+03 -1.00e+05
2016 09 21  2025   57652  73500   2.93e+01  1.50e-01  1.15e-01  6.51e-02  5.41e-02  3.10e-02  1.08e+05  3.37e+03 -1.00e+05
2016 09 21  2030   57652  73800   2.91e+01  1.83e-01  1.48e-01  9.78e-02  8.68e-02  5.33e-02  1.07e+05  3.38e+03 -1.00e+05
2016 09 21  2035   57652  74100   3.00e+01  1.83e-01  1.48e-01  9.81e-02  8.71e-02  2.73e-02  1.09e+05  3.48e+03 -1.00e+05
2016 09 21  2040   57652  74400   2.89e+01  2.50e-01  2.16e-01  1.65e-01  1.32e-01  4.92e-02  1.04e+05  3.29e+03 -1.00e+05
2016 09 21  2045   57652  74700   2.97e+01  1.51e-01  1.16e-01  6.59e-02  4.87e-02  2.38e-02  1.08e+05  3.44e+03 -1.00e+05
2016 09 21  2050   57652  75000   4.65e+01  3.92e-01  2.62e-01  1.12e-01  8.77e-02  6.07e-02  1.09e+05  3.55e+03 -1.00e+05
2016 09 21  2055   57652  75300   5.00e+01  2.59e-01  1.26e-01  5.79e-02  4.69e-02  2.38e-02  1.10e+05  3.75e+03 -1.00e+05
2016 09 21  2100   57652  75600   5.28e+01  5.23e-01  3.05e-01  1.69e-01  1.58e-01  6.28e-02  1.09e+05  3.73e+03 -1.00e+05
2016 09 21  2105   57652  75900   4.52e+01  3.72e-01  2.43e-01  1.26e-01  1.14e-01  4.52e-02  1.09e+05  3.48e+03 -1.00e+05
2016 09 21  2110   57652  76200   3.20e+01  3.31e-01  2.96e-01  1.53e-01  1.10e-01  4.11e-02  1.09e+05  3.53e+03 -1.00e+05
2016 09 21  2115   57652  76500   3.38e+01  1.43e-01  1.08e-01  5.79e-02  4.69e-02  2.38e-02  1.11e+05  3.72e+03 -1.00e+05
2016 09 21  2120   57652  76800   3.31e+01  1.60e-01  1.25e-01  7.50e-02  6.40e-02  4.09e-02  1.14e+05  3.95e+03 -1.00e+05
2016 09 21  2125   57652  77100   3.65e+01  1.54e-01  1.20e-01  6.93e-02  5.31e-02  2.85e-02  1.12e+05  3.92e+03 -1.00e+05
2016 09 21  2130   57652  77400   3.41e+01  2.46e-01  2.12e-01  1.60e-01  1.07e-01  3.91e-02  1.13e+05  3.91e+03 -1.00e+05
2016 09 21  2135   57652  77700   3.55e+01  2.00e-01  1.66e-01  1.15e-01  7.67e-02  4.58e-02  1.11e+05  3.85e+03 -1.00e+05
2016 09 21  2140   57652  78000   3.33e+01  2.64e-01  2.30e-01  9.52e-02  7.29e-02  3.11e-02  1.10e+05  3.77e+03 -1.00e+05
2016 09 21  2145   57652  78300   3.51e+01  1.84e-01  1.50e-01  7.99e-02  6.89e-02  4.58e-02  1.09e+05  3.76e+03 -1.00e+05
2016 09 21  2150   57652  78600   3.26e+01  1.43e-01  1.08e-01  5.79e-02  4.69e-02  2.38e-02  1.09e+05  3.67e+03 -1.00e+05
2016 09 21  2155   57652  78900   3.33e+01  2.05e-01  1.70e-01  1.09e-01  6.65e-02  2.87e-02  1.09e+05  3.63e+03 -1.00e+05
2016 09 21  2200   57652  79200   5.64e+01  3.59e-01  1.79e-01  1.26e-01  1.14e-01  4.52e-02  1.09e+05  3.51e+03 -1.00e+05
2016 09 21  2205   57652  79500   5.07e+01  4.09e-01  1.98e-01  5.79e-02  4.69e-02  2.38e-02  1.09e+05  3.49e+03 -1.00e+05
2016 09 21  2210   57652  79800   4.83e+01  2.60e-01  1.31e-01  6.32e-02  5.11e-02  2.50e-02  1.09e+05  3.56e+03 -1.00e+05
2016 09 21  2215   57652  80100   4.47e+01  3.08e-01  1.75e-01  1.05e-01  5.40e-02  2.38e-02  1.08e+05  3.41e+03 -1.00e+05
2016 09 21  2220   57652  80400   3.11e+01  1.43e-01  1.08e-01  5.79e-02  4.69e-02  2.38e-02  1.06e+05  3.35e+03 -1.00e+05
2016 09 21  2225   57652  80700   4.39e+01  2.59e-01  1.35e-01  6.80e-02  5.70e-02  2.70e-02  1.09e+05  3.40e+03 -1.00e+05
2016 09 21  2230   57652  81000   3.11e+01  1.88e-01  1.53e-01  1.03e-01  8.94e-02  6.57e-02  1.06e+05  3.32e+03 -1.00e+05
2016 09 21  2235   57652  81300   4.39e+01  3.61e-01  2.28e-01  5.79e-02  4.69e-02  2.38e-02  1.07e+05  3.35e+03 -1.00e+05
2016 09 21  2240   57652  81600   3.08e+01  2.03e-01  1.69e-01  1.18e-01  1.07e-01  4.32e-02  1.06e+05  3.27e+03 -1.00e+05
2016 09 21  2245   57652  81900   4.31e+01  3.06e-01  1.77e-01  1.10e-01  9.87e-02  7.56e-02  1.04e+05  3.02e+03 -1.00e+05
2016 09 21  2250   57652  82200   2.81e+01  1.43e-01  1.08e-01  5.79e-02  4.69e-02  2.38e-02  1.01e+05  2.84e+03 -1.00e+05
2016 09 21  2255   57652  82500   3.61e+01  2.44e-01  1.60e-01  9.94e-02  5.40e-02  2.38e-02  1.00e+05  2.84e+03 -1.00e+05
2016 09 21  2300   57652  82800   2.85e+01  1.85e-01  1.50e-01  9.87e-02  5.61e-02  2.38e-02  1.00e+05  2.79e+03 -1.00e+05
2016 09 21  2305   57652  83100   2.65e+01  1.68e-01  1.34e-01  8.30e-02  6.39e-02  3.84e-02  9.86e+04  2.62e+03 -1.00e+05
2016 09 21  2310   57652  83400   2.47e+01  2.15e-01  1.81e-01  1.31e-01  1.20e-01  4.72e-02  9.82e+04  2.45e+03 -1.00e+05
2016 09 21  2315   57652  83700   2.47e+01  1.72e-01  1.37e-01  8.56e-02  5.31e-02  2.38e-02  9.68e+04  2.49e+03 -1.00e+05
2016 09 21  2320   57652  84000   3.55e+01  2.09e-01  1.33e-01  6.80e-02  5.70e-02  2.70e-02  1.02e+05  2.76e+03 -1.00e+05
2016 09 21  2325   57652  84300   4.36e+01  3.00e-01  1.57e-01  7.99e-02  6.89e-02  4.58e-02  9.96e+04  2.69e+03 -1.00e+05
2016 09 21  2330   57652  84600   4.33e+01  2.70e-01  1.13e-01  5.93e-02  4.72e-02  2.38e-02  9.71e+04  2.43e+03 -1.00e+05
2016 09 21  2335   57652  84900   2.40e+01  1.92e-01  1.57e-01  1.06e-01  7.30e-02  4.34e-02  9.61e+04  2.28e+03 -1.00e+05
2016 09 21  2340   57652  85200   2.24e+01  1.48e-01  1.14e-01  6.32e-02  5.11e-02  2.50e-02  9.32e+04  2.11e+03 -1.00e+05
2016 09 21  2345   57652  85500   1.94e+01  1.94e-01  1.60e-01  1.09e-01  8.31e-02  5.58e-02  8.83e+04  1.84e+03 -1.00e+05
2016 09 21  2350   57652  85800   2.03e+01  1.67e-01  1.32e-01  5.79e-02  4.69e-02  2.38e-02  8.79e+04  1.86e+03 -1.00e+05
2016 09 21  2355   57652  86100   1.91e+01  1.75e-01  1.41e-01  6.59e-02  4.87e-02  2.38e-02  8.79e+04  1.82e+03 -1.00e+05
