:Data_list: 20160626_Gs_part_5m.txt
:Created: 2016 Jun 27 0011 UTC
# Prepared by the U.S. Dept. of Commerce, NOAA, Space Weather Prediction Center
# Please send comments and suggestions to SWPC.Webmaster@noaa.gov 
# 
# Label: P > 1 = Particles at >1 Mev
# Label: P > 5 = Particles at >5 Mev
# Label: P >10 = Particles at >10 Mev
# Label: P >30 = Particles at >30 Mev
# Label: P >50 = Particles at >50 Mev
# Label: P>100 = Particles at >100 Mev
# Label: E>0.8 = Electrons at >0.8 Mev
# Label: E>2.0 = Electrons at >2.0 Mev
# Label: E>4.0 = Electrons at >4.0 Mev
# Units: Particles = Protons/cm2-s-sr
# Units: Electrons = Electrons/cm2-s-sr
# Source: GOES-15
# Location: W136
# Missing data: -1.00e+05
#
#                      5-minute  GOES-15 Solar Particle and Electron Flux
#
#                 Modified Seconds
# UTC Date  Time   Julian  of the
# YR MO DA  HHMM    Day     Day     P > 1     P > 5     P >10     P >30     P >50     P>100     E>0.8     E>2.0     E>4.0
#-------------------------------------------------------------------------------------------------------------------------
2016 06 26  0000   57565      0   1.33e+01  2.75e-01  2.17e-01  5.16e-02  4.32e-02  2.20e-02  1.15e+05  4.02e+03 -1.00e+05
2016 06 26  0005   57565    300   1.13e+01  1.64e-01  1.05e-01  5.16e-02  4.32e-02  2.20e-02  1.14e+05  3.77e+03 -1.00e+05
2016 06 26  0010   57565    600   1.43e+01  4.01e-01  2.47e-01  6.75e-02  5.91e-02  3.78e-02  1.09e+05  3.49e+03 -1.00e+05
2016 06 26  0015   57565    900   9.07e+00  2.08e-01  1.76e-01  9.31e-02  5.63e-02  2.79e-02  1.09e+05  3.43e+03 -1.00e+05
2016 06 26  0020   57565   1200   8.61e+00  2.70e-01  2.37e-01  1.38e-01  1.27e-01  7.11e-02  1.09e+05  3.41e+03 -1.00e+05
2016 06 26  0025   57565   1500   7.83e+00  2.23e-01  1.91e-01  1.10e-01  6.88e-02  4.03e-02  1.09e+05  3.23e+03 -1.00e+05
2016 06 26  0030   57565   1800   8.49e+00  1.65e-01  1.32e-01  7.15e-02  5.83e-02  2.64e-02  1.09e+05  3.33e+03 -1.00e+05
2016 06 26  0035   57565   2100   9.07e+00  2.16e-01  1.84e-01  1.10e-01  1.02e-01  4.49e-02  1.09e+05  3.26e+03 -1.00e+05
2016 06 26  0040   57565   2400   9.28e+00  2.72e-01  2.39e-01  7.74e-02  4.90e-02  2.20e-02  1.09e+05  3.41e+03 -1.00e+05
2016 06 26  0045   57565   2700   1.01e+01  2.37e-01  2.04e-01  1.54e-01  1.21e-01  4.45e-02  1.09e+05  3.44e+03 -1.00e+05
2016 06 26  0050   57565   3000   1.00e+01  1.39e-01  1.07e-01  5.75e-02  4.91e-02  2.79e-02  1.09e+05  3.41e+03 -1.00e+05
2016 06 26  0055   57565   3300   1.27e+01  2.16e-01  1.58e-01  1.03e-01  5.89e-02  3.04e-02  1.09e+05  3.49e+03 -1.00e+05
2016 06 26  0100   57565   3600   1.12e+01  1.33e-01  1.01e-01  5.16e-02  4.32e-02  2.20e-02  1.09e+05  3.58e+03 -1.00e+05
2016 06 26  0105   57565   3900   1.11e+01  1.34e-01  1.02e-01  5.28e-02  4.44e-02  2.24e-02  1.09e+05  3.58e+03 -1.00e+05
2016 06 26  0110   57565   4200   1.32e+01  2.63e-01  1.69e-01  1.08e-01  8.45e-02  4.96e-02  1.09e+05  3.36e+03 -1.00e+05
2016 06 26  0115   57565   4500   9.54e+00  2.78e-01  2.46e-01  8.40e-02  5.05e-02  2.20e-02  1.08e+05  3.19e+03 -1.00e+05
2016 06 26  0120   57565   4800   8.86e+00  2.00e-01  1.68e-01  1.18e-01  8.77e-02  6.01e-02  1.04e+05  3.00e+03 -1.00e+05
2016 06 26  0125   57565   5100   8.51e+00  1.68e-01  1.35e-01  5.26e-02  4.42e-02  2.29e-02  1.04e+05  2.88e+03 -1.00e+05
2016 06 26  0130   57565   5400   8.67e+00  1.71e-01  1.38e-01  8.77e-02  5.04e-02  2.20e-02  1.04e+05  2.87e+03 -1.00e+05
2016 06 26  0135   57565   5700   8.18e+00  1.93e-01  1.61e-01  7.24e-02  6.40e-02  4.28e-02  1.04e+05  2.74e+03 -1.00e+05
2016 06 26  0140   57565   6000   8.18e+00  1.33e-01  1.01e-01  5.16e-02  4.32e-02  2.20e-02  1.03e+05  2.71e+03 -1.00e+05
2016 06 26  0145   57565   6300   8.63e+00  1.60e-01  1.27e-01  7.74e-02  4.90e-02  2.20e-02  1.04e+05  2.71e+03 -1.00e+05
2016 06 26  0150   57565   6600   7.83e+00  1.39e-01  1.07e-01  5.77e-02  4.46e-02  2.20e-02  1.04e+05  2.62e+03 -1.00e+05
2016 06 26  0155   57565   6900   7.00e+00  1.41e-01  1.08e-01  5.91e-02  5.07e-02  2.44e-02  9.86e+04  2.39e+03 -1.00e+05
2016 06 26  0200   57565   7200   7.04e+00  2.45e-01  2.12e-01  5.16e-02  4.32e-02  2.20e-02  9.86e+04  2.28e+03 -1.00e+05
2016 06 26  0205   57565   7500   5.89e+00  1.67e-01  1.34e-01  5.16e-02  4.32e-02  2.20e-02  9.86e+04  2.15e+03 -1.00e+05
2016 06 26  0210   57565   7800   9.33e+00  3.33e-01  2.26e-01  5.16e-02  4.32e-02  2.20e-02  9.38e+04  2.25e+03 -1.00e+05
2016 06 26  0215   57565   8100   8.51e+00  2.75e-01  2.17e-01  5.16e-02  4.32e-02  2.20e-02  9.81e+04  2.29e+03 -1.00e+05
2016 06 26  0220   57565   8400   7.12e+00  1.33e-01  1.01e-01  5.16e-02  4.32e-02  2.20e-02  9.60e+04  2.25e+03 -1.00e+05
2016 06 26  0225   57565   8700   6.77e+00  1.49e-01  1.17e-01  6.75e-02  5.91e-02  3.78e-02  9.32e+04  2.23e+03 -1.00e+05
2016 06 26  0230   57565   9000   6.58e+00  1.67e-01  1.34e-01  5.16e-02  4.32e-02  2.20e-02  9.32e+04  2.01e+03 -1.00e+05
2016 06 26  0235   57565   9300   8.25e+00  3.11e-01  1.45e-01  5.16e-02  4.32e-02  2.20e-02  8.95e+04  1.75e+03 -1.00e+05
2016 06 26  0240   57565   9600   4.40e+00  1.33e-01  1.01e-01  5.16e-02  4.32e-02  2.20e-02  8.79e+04  1.65e+03 -1.00e+05
2016 06 26  0245   57565   9900   7.68e+00  3.24e-01  1.62e-01  7.49e-02  6.65e-02  4.52e-02  8.79e+04  1.65e+03 -1.00e+05
2016 06 26  0250   57565  10200   7.82e+00  4.45e-01  2.13e-01  6.54e-02  5.70e-02  2.64e-02  8.77e+04  1.66e+03 -1.00e+05
2016 06 26  0255   57565  10500   9.09e+00  2.95e-01  1.04e-01  5.16e-02  4.32e-02  2.20e-02  8.78e+04  1.66e+03 -1.00e+05
2016 06 26  0300   57565  10800   8.59e+00  4.11e-01  1.70e-01  8.48e-02  7.64e-02  5.51e-02  8.79e+04  1.65e+03 -1.00e+05
2016 06 26  0305   57565  11100   4.67e+00  1.53e-01  1.21e-01  7.13e-02  5.43e-02  2.88e-02  8.40e+04  1.57e+03 -1.00e+05
2016 06 26  0310   57565  11400   4.62e+00  2.10e-01  1.77e-01  1.28e-01  1.20e-01  4.72e-02  8.20e+04  1.51e+03 -1.00e+05
2016 06 26  0315   57565  11700   4.78e+00  1.99e-01  1.66e-01  9.54e-02  8.65e-02  6.51e-02  7.91e+04  1.42e+03 -1.00e+05
2016 06 26  0320   57565  12000   4.46e+00  1.41e-01  1.08e-01  5.91e-02  5.07e-02  2.44e-02  7.78e+04  1.41e+03 -1.00e+05
2016 06 26  0325   57565  12300   4.39e+00  1.41e-01  1.08e-01  5.91e-02  5.07e-02  2.44e-02  7.93e+04  1.44e+03 -1.00e+05
2016 06 26  0330   57565  12600   4.22e+00  2.03e-01  1.70e-01  9.72e-02  8.88e-02  6.75e-02  7.60e+04  1.35e+03 -1.00e+05
2016 06 26  0335   57565  12900   4.10e+00  1.33e-01  1.01e-01  5.16e-02  4.32e-02  2.20e-02  7.53e+04  1.33e+03 -1.00e+05
2016 06 26  0340   57565  13200   4.03e+00  1.33e-01  1.01e-01  5.16e-02  4.32e-02  2.20e-02  7.28e+04  1.24e+03 -1.00e+05
2016 06 26  0345   57565  13500   4.61e+00  2.21e-01  1.65e-01  8.48e-02  7.64e-02  5.51e-02  6.79e+04  1.11e+03 -1.00e+05
2016 06 26  0350   57565  13800   5.82e+00  3.00e-01  1.46e-01  7.49e-02  6.65e-02  4.52e-02  6.60e+04  1.07e+03 -1.00e+05
2016 06 26  0355   57565  14100   3.31e+00  1.33e-01  1.01e-01  5.16e-02  4.32e-02  2.20e-02  6.87e+04  1.08e+03 -1.00e+05
2016 06 26  0400   57565  14400   4.32e+00  2.21e-01  1.14e-01  5.16e-02  4.32e-02  2.20e-02  6.63e+04  1.01e+03 -1.00e+05
2016 06 26  0405   57565  14700   3.56e+00  2.85e-01  2.10e-01  1.53e-01  1.45e-01  5.46e-02  6.49e+04  1.01e+03 -1.00e+05
2016 06 26  0410   57565  15000   2.82e+00  1.71e-01  1.39e-01  8.95e-02  7.17e-02  4.77e-02  6.79e+04  9.99e+02 -1.00e+05
2016 06 26  0415   57565  15300   2.64e+00  1.86e-01  1.53e-01  1.04e-01  9.55e-02  6.47e-02  6.75e+04  9.56e+02 -1.00e+05
2016 06 26  0420   57565  15600   2.66e+00  1.99e-01  1.67e-01  1.17e-01  1.09e-01  7.24e-02  5.96e+04  8.24e+02 -1.00e+05
2016 06 26  0425   57565  15900   2.56e+00  1.87e-01  1.54e-01  7.09e-02  4.75e-02  2.20e-02  5.40e+04  7.28e+02 -1.00e+05
2016 06 26  0430   57565  16200   3.69e+00  2.47e-01  1.04e-01  5.16e-02  4.32e-02  2.20e-02  5.81e+04  7.34e+02 -1.00e+05
2016 06 26  0435   57565  16500   1.93e+00  1.87e-01  1.55e-01  7.74e-02  6.90e-02  4.77e-02  4.94e+04  6.47e+02 -1.00e+05
2016 06 26  0440   57565  16800   1.94e+00  2.03e-01  1.70e-01  5.16e-02  4.32e-02  2.20e-02  4.92e+04  6.24e+02 -1.00e+05
2016 06 26  0445   57565  17100   1.83e+00  2.23e-01  1.90e-01  1.41e-01  1.33e-01  5.31e-02  4.98e+04  6.06e+02 -1.00e+05
2016 06 26  0450   57565  17400   2.23e+00  1.32e-01  1.00e-01  5.22e-02  4.39e-02  2.23e-02  4.66e+04  5.65e+02 -1.00e+05
2016 06 26  0455   57565  17700   2.01e+00  1.36e-01  1.04e-01  5.67e-02  4.84e-02  2.67e-02  4.72e+04  5.77e+02 -1.00e+05
2016 06 26  0500   57565  18000   2.09e+00  1.33e-01  1.01e-01  5.33e-02  4.42e-02  2.23e-02  4.49e+04  5.37e+02 -1.00e+05
2016 06 26  0505   57565  18300   1.47e+00  2.02e-01  1.71e-01  8.64e-02  7.81e-02  5.65e-02  4.43e+04  5.29e+02 -1.00e+05
2016 06 26  0510   57565  18600   1.70e+00  1.47e-01  1.15e-01  6.64e-02  4.71e-02  2.23e-02  4.27e+04  5.09e+02 -1.00e+05
2016 06 26  0515   57565  18900   1.63e+00  2.00e-01  1.68e-01  1.20e-01  1.12e-01  4.87e-02  4.27e+04  5.03e+02 -1.00e+05
2016 06 26  0520   57565  19200   2.72e+00  3.00e-01  1.07e-01  5.67e-02  4.84e-02  2.67e-02  4.07e+04  4.73e+02 -1.00e+05
2016 06 26  0525   57565  19500   1.12e+00  1.54e-01  1.22e-01  7.40e-02  6.57e-02  4.41e-02  3.99e+04  4.24e+02 -1.00e+05
2016 06 26  0530   57565  19800   1.08e+00  1.92e-01  1.60e-01  1.12e-01  1.04e-01  4.16e-02  3.54e+04  3.53e+02 -1.00e+05
2016 06 26  0535   57565  20100   1.54e+00  2.22e-01  1.03e-01  5.22e-02  4.39e-02  2.23e-02  3.14e+04  3.03e+02 -1.00e+05
2016 06 26  0540   57565  20400   8.81e-01  1.47e-01  1.15e-01  6.64e-02  4.71e-02  2.23e-02  3.18e+04  2.91e+02 -1.00e+05
2016 06 26  0545   57565  20700   7.98e-01  1.32e-01  1.00e-01  5.22e-02  4.39e-02  2.23e-02  2.87e+04  2.70e+02 -1.00e+05
2016 06 26  0550   57565  21000   6.05e-01  1.65e-01  1.34e-01  6.84e-02  6.01e-02  2.75e-02  2.23e+04  1.63e+02 -1.00e+05
2016 06 26  0555   57565  21300   5.82e-01  1.32e-01  1.00e-01  5.22e-02  4.39e-02  2.23e-02  2.22e+04  1.65e+02 -1.00e+05
2016 06 26  0600   57565  21600   8.48e-01  1.53e-01  1.21e-01  7.29e-02  4.86e-02  2.23e-02  2.53e+04  2.06e+02 -1.00e+05
2016 06 26  0605   57565  21900   8.50e-01  1.83e-01  1.51e-01  5.98e-02  4.56e-02  2.23e-02  2.70e+04  2.36e+02 -1.00e+05
2016 06 26  0610   57565  22200   1.15e+00  2.73e-01  1.03e-01  5.22e-02  4.39e-02  2.23e-02  2.66e+04  2.29e+02 -1.00e+05
2016 06 26  0615   57565  22500   1.24e+00  3.50e-01  1.68e-01  5.33e-02  4.42e-02  2.23e-02  2.51e+04  2.08e+02 -1.00e+05
2016 06 26  0620   57565  22800   7.69e-01  1.76e-01  1.44e-01  5.22e-02  4.39e-02  2.23e-02  2.28e+04  1.74e+02 -1.00e+05
2016 06 26  0625   57565  23100   7.14e-01  1.83e-01  1.51e-01  5.98e-02  4.56e-02  2.23e-02  2.33e+04  1.81e+02 -1.00e+05
2016 06 26  0630   57565  23400   9.25e-01  3.13e-01  2.82e-01  8.95e-02  5.13e-02  2.23e-02  2.60e+04  2.19e+02 -1.00e+05
2016 06 26  0635   57565  23700   7.95e-01  1.81e-01  1.49e-01  1.01e-01  9.29e-02  7.13e-02  2.57e+04  2.28e+02 -1.00e+05
2016 06 26  0640   57565  24000   8.23e-01  1.61e-01  1.29e-01  8.13e-02  7.30e-02  3.30e-02  2.69e+04  2.35e+02 -1.00e+05
2016 06 26  0645   57565  24300   6.88e-01  2.17e-01  1.85e-01  1.35e-01  8.09e-02  2.95e-02  2.55e+04  2.06e+02 -1.00e+05
2016 06 26  0650   57565  24600   9.30e-01  2.91e-01  2.27e-01  5.22e-02  4.39e-02  2.23e-02  2.36e+04  1.82e+02 -1.00e+05
2016 06 26  0655   57565  24900   7.19e-01  1.86e-01  1.54e-01  1.04e-01  5.34e-02  2.43e-02  2.17e+04  1.57e+02 -1.00e+05
2016 06 26  0700   57565  25200   7.32e-01  1.58e-01  1.26e-01  7.83e-02  7.00e-02  4.38e-02  2.40e+04  1.85e+02 -1.00e+05
2016 06 26  0705   57565  25500   1.12e+00  3.03e-01  1.59e-01  1.07e-01  6.39e-02  3.24e-02  2.39e+04  1.82e+02 -1.00e+05
2016 06 26  0710   57565  25800   7.50e-01  1.59e-01  1.27e-01  7.85e-02  6.29e-02  3.91e-02  2.44e+04  1.92e+02 -1.00e+05
2016 06 26  0715   57565  26100   8.35e-01  2.27e-01  1.95e-01  1.28e-01  1.19e-01  5.62e-02  2.40e+04  1.79e+02 -1.00e+05
2016 06 26  0720   57565  26400   6.73e-01  1.81e-01  1.49e-01  1.01e-01  7.74e-02  5.15e-02  2.17e+04  1.56e+02 -1.00e+05
2016 06 26  0725   57565  26700   1.18e+00  4.41e-01  2.88e-01  8.94e-02  6.00e-02  2.55e-02  2.21e+04  1.65e+02 -1.00e+05
2016 06 26  0730   57565  27000   6.65e-01  1.47e-01  1.15e-01  6.64e-02  4.71e-02  2.23e-02  2.34e+04  1.85e+02 -1.00e+05
2016 06 26  0735   57565  27300   1.44e+00  4.62e-01  2.60e-01  6.66e-02  5.83e-02  3.66e-02  2.11e+04  1.49e+02 -1.00e+05
2016 06 26  0740   57565  27600   8.84e-01  2.41e-01  1.23e-01  7.15e-02  6.32e-02  4.16e-02  2.18e+04  1.58e+02 -1.00e+05
2016 06 26  0745   57565  27900   8.52e-01  1.60e-01  1.28e-01  7.95e-02  5.01e-02  2.23e-02  2.15e+04  1.62e+02 -1.00e+05
2016 06 26  0750   57565  28200   7.51e-01  1.67e-01  1.35e-01  8.60e-02  5.15e-02  2.23e-02  2.54e+04  2.38e+02 -1.00e+05
2016 06 26  0755   57565  28500   1.07e+00  2.10e-01  1.47e-01  9.15e-02  5.14e-02  2.23e-02  2.54e+04  2.41e+02 -1.00e+05
2016 06 26  0800   57565  28800   1.20e+00  2.64e-01  1.52e-01  5.33e-02  4.42e-02  2.23e-02  2.67e+04  2.90e+02 -1.00e+05
2016 06 26  0805   57565  29100   1.61e+00  2.54e-01  2.22e-01  5.22e-02  4.39e-02  2.23e-02  3.26e+04  4.10e+02 -1.00e+05
2016 06 26  0810   57565  29400   2.36e+00  1.63e-01  1.31e-01  8.27e-02  5.42e-02  2.67e-02  4.29e+04  6.84e+02 -1.00e+05
2016 06 26  0815   57565  29700   1.68e+00  1.32e-01  1.00e-01  5.22e-02  4.39e-02  2.23e-02  3.92e+04  5.76e+02 -1.00e+05
2016 06 26  0820   57565  30000   1.74e+00  1.32e-01  1.00e-01  5.22e-02  4.39e-02  2.23e-02  3.90e+04  5.88e+02 -1.00e+05
2016 06 26  0825   57565  30300   1.63e+00  2.41e-01  2.10e-01  7.29e-02  4.86e-02  2.23e-02  4.02e+04  6.00e+02 -1.00e+05
2016 06 26  0830   57565  30600   1.87e+00  3.61e-01  3.30e-01  1.08e-01  6.58e-02  3.66e-02  3.95e+04  5.94e+02 -1.00e+05
2016 06 26  0835   57565  30900   1.52e+00  1.76e-01  1.44e-01  9.50e-02  5.14e-02  2.23e-02  4.04e+04  5.86e+02 -1.00e+05
2016 06 26  0840   57565  31200   1.40e+00  1.33e-01  1.01e-01  5.33e-02  4.42e-02  2.23e-02  3.96e+04  5.51e+02 -1.00e+05
2016 06 26  0845   57565  31500   1.48e+00  1.73e-01  1.37e-01  8.83e-02  7.91e-02  3.36e-02  3.32e+04  4.38e+02 -1.00e+05
2016 06 26  0850   57565  31800   1.09e+00  1.32e-01  1.00e-01  5.22e-02  4.39e-02  2.23e-02  3.52e+04  4.36e+02 -1.00e+05
2016 06 26  0855   57565  32100   1.33e+00  1.84e-01  1.20e-01  6.64e-02  4.71e-02  2.23e-02  3.29e+04  4.25e+02 -1.00e+05
2016 06 26  0900   57565  32400   1.30e+00  1.70e-01  1.06e-01  5.22e-02  4.39e-02  2.23e-02  3.27e+04  3.86e+02 -1.00e+05
2016 06 26  0905   57565  32700   1.29e+00  1.84e-01  1.24e-01  7.00e-02  5.07e-02  2.35e-02  2.95e+04  3.38e+02 -1.00e+05
2016 06 26  0910   57565  33000   1.19e+00  4.16e-01  3.84e-01  1.21e-01  7.82e-02  4.90e-02  2.95e+04  3.22e+02 -1.00e+05
2016 06 26  0915   57565  33300   9.55e-01  2.20e-01  1.88e-01  1.06e-01  9.77e-02  3.96e-02  3.07e+04  3.44e+02 -1.00e+05
2016 06 26  0920   57565  33600   1.26e+00  3.41e-01  2.77e-01  7.95e-02  5.01e-02  2.23e-02  3.08e+04  3.25e+02 -1.00e+05
2016 06 26  0925   57565  33900   2.11e+00  4.79e-01  2.17e-01  6.64e-02  4.71e-02  2.23e-02  3.00e+04  3.05e+02 -1.00e+05
2016 06 26  0930   57565  34200   1.22e+00  2.55e-01  1.71e-01  1.14e-01  1.02e-01  5.83e-02  2.79e+04  2.79e+02 -1.00e+05
2016 06 26  0935   57565  34500   8.66e-01  1.93e-01  1.61e-01  1.12e-01  7.81e-02  4.90e-02  3.07e+04  3.21e+02 -1.00e+05
2016 06 26  0940   57565  34800   1.06e+00  2.17e-01  1.85e-01  9.26e-02  5.30e-02  2.23e-02  3.11e+04  3.55e+02 -1.00e+05
2016 06 26  0945   57565  35100   1.37e+00  2.48e-01  1.36e-01  7.29e-02  4.86e-02  2.23e-02  3.27e+04  3.62e+02 -1.00e+05
2016 06 26  0950   57565  35400   9.45e-01  1.90e-01  1.58e-01  1.09e-01  6.92e-02  2.75e-02  3.39e+04  3.93e+02 -1.00e+05
2016 06 26  0955   57565  35700   9.17e-01  1.63e-01  1.31e-01  8.28e-02  5.85e-02  2.55e-02  3.54e+04  4.11e+02 -1.00e+05
2016 06 26  1000   57565  36000   8.68e-01  1.90e-01  1.58e-01  6.64e-02  4.71e-02  2.23e-02  3.56e+04  4.51e+02 -1.00e+05
2016 06 26  1005   57565  36300   2.38e+00  2.81e-01  1.11e-01  5.98e-02  4.56e-02  2.23e-02  3.82e+04  5.20e+02 -1.00e+05
2016 06 26  1010   57565  36600   1.41e+00  1.98e-01  1.66e-01  1.18e-01  9.28e-02  6.64e-02  4.34e+04  5.64e+02 -1.00e+05
2016 06 26  1015   57565  36900   1.40e+00  1.92e-01  1.60e-01  1.12e-01  1.04e-01  4.16e-02  4.22e+04  5.69e+02 -1.00e+05
2016 06 26  1020   57565  37200   1.39e+00  1.55e-01  1.23e-01  7.50e-02  6.67e-02  3.10e-02  4.50e+04  5.92e+02 -1.00e+05
2016 06 26  1025   57565  37500   1.41e+00  1.79e-01  1.48e-01  9.98e-02  9.14e-02  3.76e-02  4.40e+04  5.99e+02 -1.00e+05
2016 06 26  1030   57565  37800   1.35e+00  2.16e-01  1.84e-01  9.15e-02  5.14e-02  2.23e-02  4.40e+04  5.75e+02 -1.00e+05
2016 06 26  1035   57565  38100   2.52e+00  4.01e-01  1.43e-01  9.15e-02  5.14e-02  2.23e-02  4.17e+04  5.59e+02 -1.00e+05
2016 06 26  1040   57565  38400   1.76e+00  3.52e-01  1.92e-01  1.20e-01  8.06e-02  5.15e-02  4.17e+04  4.99e+02 -1.00e+05
2016 06 26  1045   57565  38700   1.76e+00  3.91e-01  2.42e-01  1.89e-01  1.21e-01  3.96e-02  3.81e+04  4.23e+02 -1.00e+05
2016 06 26  1050   57565  39000   1.67e+00  3.34e-01  2.24e-01  1.01e-01  8.52e-02  6.14e-02  4.09e+04  4.72e+02 -1.00e+05
2016 06 26  1055   57565  39300   1.49e+00  2.54e-01  2.22e-01  5.22e-02  4.39e-02  2.23e-02  4.30e+04  5.10e+02 -1.00e+05
2016 06 26  1100   57565  39600   1.54e+00  2.72e-01  2.40e-01  8.50e-02  7.67e-02  5.51e-02  4.42e+04  5.19e+02 -1.00e+05
2016 06 26  1105   57565  39900   1.13e+00  1.32e-01  1.00e-01  5.22e-02  4.39e-02  2.23e-02  4.40e+04  5.41e+02 -1.00e+05
2016 06 26  1110   57565  40200   1.05e+00  1.78e-01  1.46e-01  5.33e-02  4.42e-02  2.23e-02  4.17e+04  5.19e+02 -1.00e+05
2016 06 26  1115   57565  40500   1.32e+00  1.95e-01  1.63e-01  1.14e-01  8.82e-02  6.14e-02  4.23e+04  5.00e+02 -1.00e+05
2016 06 26  1120   57565  40800   1.78e+00  1.47e-01  1.15e-01  6.64e-02  4.71e-02  2.23e-02  3.82e+04  4.47e+02 -1.00e+05
2016 06 26  1125   57565  41100   1.56e+00  1.33e-01  1.01e-01  5.33e-02  4.42e-02  2.23e-02  3.65e+04  4.51e+02 -1.00e+05
2016 06 26  1130   57565  41400   1.77e+00  1.32e-01  1.00e-01  5.22e-02  4.39e-02  2.23e-02  3.65e+04  4.35e+02 -1.00e+05
2016 06 26  1135   57565  41700   2.73e+00  2.20e-01  1.57e-01  1.03e-01  6.56e-02  3.66e-02  3.57e+04  4.55e+02 -1.00e+05
2016 06 26  1140   57565  42000   2.54e+00  1.64e-01  1.32e-01  8.39e-02  6.98e-02  4.66e-02  4.02e+04  5.22e+02 -1.00e+05
2016 06 26  1145   57565  42300   4.28e+00  2.84e-01  1.40e-01  8.89e-02  8.06e-02  5.89e-02  4.17e+04  6.07e+02 -1.00e+05
2016 06 26  1150   57565  42600   4.90e+00  3.48e-01  1.79e-01  1.27e-01  9.11e-02  6.14e-02  4.46e+04  6.66e+02 -1.00e+05
2016 06 26  1155   57565  42900   2.92e+00  1.59e-01  1.27e-01  7.85e-02  6.29e-02  3.91e-02  4.65e+04  7.43e+02 -1.00e+05
2016 06 26  1200   57565  43200   2.95e+00  2.28e-01  1.96e-01  8.06e-02  7.23e-02  2.24e-02  5.00e+04  8.98e+02 -1.00e+05
2016 06 26  1205   57565  43500   5.56e+00  3.75e-01  1.60e-01  1.06e-01  5.14e-02  2.23e-02  5.51e+04  1.03e+03 -1.00e+05
2016 06 26  1210   57565  43800   2.97e+00  1.99e-01  1.67e-01  1.19e-01  1.07e-01  4.67e-02  5.92e+04  1.14e+03 -1.00e+05
2016 06 26  1215   57565  44100   4.95e+00  2.76e-01  1.31e-01  7.95e-02  5.01e-02  2.23e-02  6.20e+04  1.24e+03 -1.00e+05
2016 06 26  1220   57565  44400   3.08e+00  2.23e-01  1.91e-01  1.43e-01  1.22e-01  4.90e-02  6.31e+04  1.37e+03 -1.00e+05
2016 06 26  1225   57565  44700   2.97e+00  1.33e-01  1.01e-01  5.33e-02  4.42e-02  2.23e-02  6.69e+04  1.49e+03 -1.00e+05
2016 06 26  1230   57565  45000   5.19e+00  3.41e-01  1.82e-01  1.11e-01  8.36e-02  5.65e-02  6.75e+04  1.56e+03 -1.00e+05
2016 06 26  1235   57565  45300   5.39e+00  3.07e-01  1.38e-01  8.63e-02  5.89e-02  3.17e-02  6.43e+04  1.53e+03 -1.00e+05
2016 06 26  1240   57565  45600   3.05e+00  1.79e-01  1.48e-01  9.94e-02  8.29e-02  5.89e-02  6.73e+04  1.56e+03 -1.00e+05
2016 06 26  1245   57565  45900   5.10e+00  3.53e-01  1.81e-01  7.79e-02  5.51e-02  2.92e-02  7.04e+04  1.63e+03 -1.00e+05
2016 06 26  1250   57565  46200   4.30e+00  2.27e-01  1.15e-01  5.22e-02  4.39e-02  2.23e-02  7.13e+04  1.74e+03 -1.00e+05
2016 06 26  1255   57565  46500   3.19e+00  2.20e-01  1.88e-01  9.50e-02  5.14e-02  2.23e-02  7.13e+04  1.73e+03 -1.00e+05
2016 06 26  1300   57565  46800   2.98e+00  1.32e-01  1.00e-01  5.22e-02  4.39e-02  2.23e-02  7.07e+04  1.71e+03 -1.00e+05
2016 06 26  1305   57565  47100   4.34e+00  2.63e-01  1.53e-01  9.13e-02  8.30e-02  6.14e-02  7.13e+04  1.74e+03 -1.00e+05
2016 06 26  1310   57565  47400   3.02e+00  1.56e-01  1.25e-01  7.61e-02  5.27e-02  2.67e-02  7.01e+04  1.72e+03 -1.00e+05
2016 06 26  1315   57565  47700   3.72e+00  1.70e-01  1.06e-01  5.22e-02  4.39e-02  2.23e-02  6.94e+04  1.72e+03 -1.00e+05
2016 06 26  1320   57565  48000   4.02e+00  1.98e-01  1.34e-01  7.95e-02  5.01e-02  2.23e-02  7.13e+04  1.77e+03 -1.00e+05
2016 06 26  1325   57565  48300   2.94e+00  1.61e-01  1.29e-01  8.12e-02  6.58e-02  4.22e-02  7.13e+04  1.83e+03 -1.00e+05
2016 06 26  1330   57565  48600   4.86e+00  3.85e-01  1.90e-01  5.33e-02  4.42e-02  2.23e-02  7.44e+04  1.86e+03 -1.00e+05
2016 06 26  1335   57565  48900   3.19e+00  2.28e-01  1.96e-01  1.47e-01  8.91e-02  3.15e-02  7.44e+04  1.86e+03 -1.00e+05
2016 06 26  1340   57565  49200   4.12e+00  4.48e-01  3.88e-01  1.30e-01  8.55e-02  5.64e-02  7.13e+04  1.91e+03 -1.00e+05
2016 06 26  1345   57565  49500   3.59e+00  1.60e-01  1.28e-01  7.95e-02  5.01e-02  2.23e-02  7.51e+04  2.06e+03 -1.00e+05
2016 06 26  1350   57565  49800   4.27e+00  2.11e-01  1.47e-01  9.26e-02  5.30e-02  2.23e-02  7.62e+04  2.16e+03 -1.00e+05
2016 06 26  1355   57565  50100   5.31e+00  3.08e-01  1.98e-01  1.34e-01  8.81e-02  5.89e-02  7.77e+04  2.19e+03 -1.00e+05
2016 06 26  1400   57565  50400   3.76e+00  2.23e-01  1.91e-01  1.41e-01  8.12e-02  2.95e-02  7.93e+04  2.34e+03 -1.00e+05
2016 06 26  1405   57565  50700   3.97e+00  1.32e-01  1.00e-01  5.22e-02  4.39e-02  2.23e-02  7.93e+04  2.41e+03 -1.00e+05
2016 06 26  1410   57565  51000   5.30e+00  2.77e-01  1.64e-01  5.22e-02  4.39e-02  2.23e-02  7.93e+04  2.44e+03 -1.00e+05
2016 06 26  1415   57565  51300   4.17e+00  2.22e-01  1.90e-01  9.66e-02  5.15e-02  2.23e-02  7.93e+04  2.48e+03 -1.00e+05
2016 06 26  1420   57565  51600   3.89e+00  1.60e-01  1.28e-01  7.95e-02  5.01e-02  2.23e-02  8.07e+04  2.50e+03 -1.00e+05
2016 06 26  1425   57565  51900   3.98e+00  3.15e-01  2.83e-01  1.16e-01  7.07e-02  4.16e-02  8.31e+04  2.57e+03 -1.00e+05
2016 06 26  1430   57565  52200   4.90e+00  2.14e-01  1.53e-01  1.00e-01  9.07e-02  6.88e-02  8.33e+04  2.59e+03 -1.00e+05
2016 06 26  1435   57565  52500   3.70e+00  1.86e-01  1.54e-01  1.06e-01  9.77e-02  3.96e-02  8.33e+04  2.60e+03 -1.00e+05
2016 06 26  1440   57565  52800   4.23e+00  1.89e-01  1.57e-01  1.08e-01  7.88e-02  3.15e-02  8.75e+04  2.81e+03 -1.00e+05
2016 06 26  1445   57565  53100   4.31e+00  1.73e-01  1.41e-01  5.22e-02  4.39e-02  2.23e-02  8.79e+04  2.85e+03 -1.00e+05
2016 06 26  1450   57565  53400   3.92e+00  1.88e-01  1.56e-01  1.08e-01  8.84e-02  3.56e-02  8.79e+04  2.75e+03 -1.00e+05
2016 06 26  1455   57565  53700   4.30e+00  1.73e-01  1.41e-01  9.15e-02  5.14e-02  2.23e-02  8.63e+04  2.72e+03 -1.00e+05
2016 06 26  1500   57565  54000   4.50e+00  1.81e-01  1.49e-01  6.91e-02  6.07e-02  3.91e-02  8.59e+04  2.75e+03 -1.00e+05
2016 06 26  1505   57565  54300   5.89e+00  1.84e-01  1.20e-01  6.64e-02  4.71e-02  2.23e-02  8.67e+04  2.81e+03 -1.00e+05
2016 06 26  1510   57565  54600   9.58e+00  3.26e-01  1.57e-01  1.05e-01  5.63e-02  2.35e-02  8.73e+04  2.89e+03 -1.00e+05
2016 06 26  1515   57565  54900   6.11e+00  2.38e-01  2.06e-01  1.58e-01  1.39e-01  5.17e-02  8.79e+04  3.02e+03 -1.00e+05
2016 06 26  1520   57565  55200   8.93e+00  3.44e-01  2.36e-01  1.44e-01  9.77e-02  6.85e-02  9.05e+04  3.16e+03 -1.00e+05
2016 06 26  1525   57565  55500   9.13e+00  4.59e-01  3.31e-01  2.64e-01  1.84e-01  5.57e-02  9.32e+04  3.29e+03 -1.00e+05
2016 06 26  1530   57565  55800   9.99e+00  3.00e-01  1.57e-01  5.33e-02  4.42e-02  2.23e-02  9.32e+04  3.51e+03 -1.00e+05
2016 06 26  1535   57565  56100   6.14e+00  2.10e-01  1.79e-01  8.60e-02  5.15e-02  2.23e-02  9.65e+04  3.64e+03 -1.00e+05
2016 06 26  1540   57565  56400   6.07e+00  1.53e-01  1.21e-01  7.29e-02  4.86e-02  2.23e-02  9.86e+04  3.89e+03 -1.00e+05
2016 06 26  1545   57565  56700   1.07e+01  3.74e-01  2.08e-01  1.17e-01  9.83e-02  7.38e-02  1.02e+05  4.07e+03 -1.00e+05
2016 06 26  1550   57565  57000   1.17e+01  2.91e-01  1.33e-01  8.20e-02  7.29e-02  3.15e-02  1.04e+05  4.29e+03 -1.00e+05
2016 06 26  1555   57565  57300   1.26e+01  2.48e-01  1.03e-01  5.22e-02  4.39e-02  2.23e-02  1.09e+05  4.63e+03 -1.00e+05
2016 06 26  1600   57565  57600   7.54e+00  1.63e-01  1.31e-01  8.27e-02  5.42e-02  2.67e-02  1.09e+05  4.80e+03 -1.00e+05
2016 06 26  1605   57565  57900   1.44e+01  2.48e-01  1.03e-01  5.22e-02  4.39e-02  2.23e-02  1.12e+05  5.40e+03 -1.00e+05
2016 06 26  1610   57565  58200   9.27e+00  1.80e-01  1.48e-01  9.80e-02  5.15e-02  2.23e-02  1.15e+05  5.86e+03 -1.00e+05
2016 06 26  1615   57565  58500   1.54e+01  3.24e-01  1.82e-01  1.14e-01  1.06e-01  7.03e-02  1.19e+05  6.44e+03 -1.00e+05
2016 06 26  1620   57565  58800   1.09e+01  1.72e-01  1.40e-01  9.16e-02  6.58e-02  3.91e-02  1.18e+05  6.62e+03 -1.00e+05
2016 06 26  1625   57565  59100   1.15e+01  3.72e-01  3.40e-01  1.24e-01  8.65e-02  5.65e-02  1.20e+05  6.86e+03 -1.00e+05
2016 06 26  1630   57565  59400   1.26e+01  4.21e-01  3.90e-01  1.04e-01  5.14e-02  2.23e-02  1.20e+05  6.83e+03 -1.00e+05
2016 06 26  1635   57565  59700   1.19e+01  1.64e-01  1.33e-01  5.22e-02  4.39e-02  2.23e-02  1.16e+05  6.69e+03 -1.00e+05
2016 06 26  1640   57565  60000   1.72e+01  2.48e-01  1.36e-01  7.29e-02  4.86e-02  2.23e-02  1.18e+05  6.79e+03 -1.00e+05
2016 06 26  1645   57565  60300   1.34e+01  2.99e-01  2.35e-01  5.98e-02  4.56e-02  2.23e-02  1.15e+05  6.13e+03 -1.00e+05
2016 06 26  1650   57565  60600   1.07e+01  1.60e-01  1.28e-01  7.95e-02  5.01e-02  2.23e-02  1.15e+05  6.22e+03 -1.00e+05
2016 06 26  1655   57565  60900   1.06e+01  2.24e-01  1.92e-01  1.43e-01  1.04e-01  7.38e-02  1.12e+05  5.95e+03 -1.00e+05
2016 06 26  1700   57565  61200   1.64e+01  2.49e-01  1.04e-01  5.33e-02  4.42e-02  2.23e-02  1.10e+05  5.76e+03 -1.00e+05
2016 06 26  1705   57565  61500   1.07e+01  1.72e-01  1.40e-01  9.22e-02  7.36e-02  4.90e-02  1.09e+05  5.76e+03 -1.00e+05
2016 06 26  1710   57565  61800   1.06e+01  2.75e-01  2.43e-01  7.29e-02  4.86e-02  2.23e-02  1.09e+05  5.85e+03 -1.00e+05
2016 06 26  1715   57565  62100   1.43e+01  3.36e-01  2.24e-01  8.51e-02  6.44e-02  3.91e-02  1.09e+05  5.61e+03 -1.00e+05
2016 06 26  1720   57565  62400   9.27e+00  1.61e-01  1.30e-01  8.09e-02  5.19e-02  2.43e-02  1.09e+05  5.51e+03 -1.00e+05
2016 06 26  1725   57565  62700   1.42e+01  3.97e-01  2.14e-01  6.64e-02  4.71e-02  2.23e-02  1.06e+05  5.18e+03 -1.00e+05
2016 06 26  1730   57565  63000   1.29e+01  2.69e-01  1.56e-01  9.26e-02  5.30e-02  2.23e-02  1.09e+05  5.47e+03 -1.00e+05
2016 06 26  1735   57565  63300   1.19e+01  2.31e-01  1.66e-01  1.12e-01  1.04e-01  4.16e-02  1.09e+05  5.68e+03 -1.00e+05
2016 06 26  1740   57565  63600   1.05e+01  1.78e-01  1.46e-01  9.69e-02  5.62e-02  2.35e-02  1.14e+05  5.81e+03 -1.00e+05
2016 06 26  1745   57565  63900   9.93e+00  2.18e-01  1.86e-01  1.09e-01  6.44e-02  2.55e-02  1.14e+05  5.64e+03 -1.00e+05
2016 06 26  1750   57565  64200   1.90e+01  2.76e-01  1.32e-01  8.03e-02  6.52e-02  4.16e-02  1.15e+05  5.90e+03 -1.00e+05
2016 06 26  1755   57565  64500   1.39e+01  4.11e-01  3.58e-01  1.30e-01  8.03e-02  3.83e-02  1.17e+05  6.25e+03 -1.00e+05
2016 06 26  1800   57565  64800   1.38e+01  1.70e-01  1.06e-01  5.22e-02  4.39e-02  2.23e-02  1.19e+05  6.32e+03 -1.00e+05
2016 06 26  1805   57565  65100   1.24e+01  1.64e-01  1.32e-01  8.39e-02  7.56e-02  5.40e-02  1.20e+05  6.50e+03 -1.00e+05
2016 06 26  1810   57565  65400   1.28e+01  1.94e-01  1.62e-01  8.22e-02  7.39e-02  5.23e-02  1.20e+05  6.67e+03 -1.00e+05
2016 06 26  1815   57565  65700   1.35e+01  1.73e-01  1.41e-01  9.35e-02  8.52e-02  3.56e-02  1.20e+05  6.77e+03 -1.00e+05
2016 06 26  1820   57565  66000   1.93e+01  2.38e-01  1.53e-01  9.53e-02  8.70e-02  4.25e-02  1.25e+05  6.98e+03 -1.00e+05
2016 06 26  1825   57565  66300   1.98e+01  2.35e-01  1.22e-01  5.98e-02  4.56e-02  2.23e-02  1.20e+05  6.87e+03 -1.00e+05
2016 06 26  1830   57565  66600   2.13e+01  3.37e-01  1.79e-01  1.06e-01  5.63e-02  2.35e-02  1.20e+05  6.61e+03 -1.00e+05
2016 06 26  1835   57565  66900   2.04e+01  3.62e-01  2.04e-01  1.32e-01  9.12e-02  6.21e-02  1.19e+05  6.45e+03 -1.00e+05
2016 06 26  1840   57565  67200   1.53e+01  1.70e-01  1.06e-01  5.22e-02  4.39e-02  2.23e-02  1.15e+05  6.21e+03 -1.00e+05
2016 06 26  1845   57565  67500   1.58e+01  3.37e-01  2.74e-01  9.66e-02  5.15e-02  2.23e-02  1.16e+05  6.27e+03 -1.00e+05
2016 06 26  1850   57565  67800   1.26e+01  1.85e-01  1.53e-01  1.04e-01  7.95e-02  5.31e-02  1.15e+05  6.27e+03 -1.00e+05
2016 06 26  1855   57565  68100   1.28e+01  2.78e-01  2.46e-01  9.70e-02  7.28e-02  4.66e-02  1.15e+05  6.16e+03 -1.00e+05
2016 06 26  1900   57565  68400   1.22e+01  1.33e-01  1.01e-01  5.33e-02  4.42e-02  2.23e-02  1.15e+05  6.06e+03 -1.00e+05
2016 06 26  1905   57565  68700   1.14e+01  1.33e-01  1.01e-01  5.33e-02  4.42e-02  2.23e-02  1.15e+05  5.97e+03 -1.00e+05
2016 06 26  1910   57565  69000   2.22e+01  2.94e-01  1.26e-01  7.47e-02  6.44e-02  4.22e-02  1.12e+05  5.90e+03 -1.00e+05
2016 06 26  1915   57565  69300   1.77e+01  3.82e-01  2.71e-01  1.05e-01  6.88e-02  3.91e-02  1.14e+05  6.01e+03 -1.00e+05
2016 06 26  1920   57565  69600   1.27e+01  1.95e-01  1.63e-01  1.14e-01  7.63e-02  3.46e-02  1.15e+05  6.10e+03 -1.00e+05
2016 06 26  1925   57565  69900   1.29e+01  1.32e-01  1.00e-01  5.22e-02  4.39e-02  2.23e-02  1.15e+05  6.37e+03 -1.00e+05
2016 06 26  1930   57565  70200   1.54e+01  3.42e-01  2.97e-01  2.44e-01  1.61e-01  4.97e-02  1.15e+05  6.54e+03 -1.00e+05
2016 06 26  1935   57565  70500   1.40e+01  3.58e-01  3.26e-01  1.20e-01  8.19e-02  5.15e-02  1.15e+05  6.52e+03 -1.00e+05
2016 06 26  1940   57565  70800   1.31e+01  1.67e-01  1.35e-01  8.70e-02  7.86e-02  5.50e-02  1.15e+05  6.26e+03 -1.00e+05
2016 06 26  1945   57565  71100   1.34e+01  2.28e-01  1.96e-01  8.87e-02  6.90e-02  4.41e-02  1.15e+05  6.35e+03 -1.00e+05
2016 06 26  1950   57565  71400   1.84e+01  2.85e-01  1.75e-01  1.12e-01  8.59e-02  5.89e-02  1.15e+05  6.56e+03 -1.00e+05
2016 06 26  1955   57565  71700   1.81e+01  5.30e-01  3.14e-01  7.61e-02  5.27e-02  2.67e-02  1.09e+05  5.78e+03 -1.00e+05
2016 06 26  2000   57565  72000   1.16e+01  2.94e-01  2.62e-01  9.46e-02  6.27e-02  3.42e-02  1.13e+05  5.96e+03 -1.00e+05
2016 06 26  2005   57565  72300   1.09e+01  1.67e-01  1.35e-01  8.72e-02  7.89e-02  3.36e-02  1.10e+05  5.76e+03 -1.00e+05
2016 06 26  2010   57565  72600   1.02e+01  1.66e-01  1.34e-01  8.64e-02  7.81e-02  5.65e-02  1.09e+05  5.76e+03 -1.00e+05
2016 06 26  2015   57565  72900   1.03e+01  2.27e-01  1.95e-01  7.29e-02  4.86e-02  2.23e-02  1.09e+05  5.62e+03 -1.00e+05
2016 06 26  2020   57565  73200   1.09e+01  2.16e-01  1.84e-01  1.04e-01  9.54e-02  7.38e-02  1.09e+05  5.61e+03 -1.00e+05
2016 06 26  2025   57565  73500   1.26e+01  1.43e-01  1.11e-01  6.32e-02  5.41e-02  2.55e-02  1.13e+05  6.26e+03 -1.00e+05
2016 06 26  2030   57565  73800   1.80e+01  2.67e-01  1.56e-01  9.40e-02  7.60e-02  5.15e-02  1.15e+05  6.37e+03 -1.00e+05
2016 06 26  2035   57565  74100   1.32e+01  2.06e-01  1.74e-01  1.25e-01  7.82e-02  4.90e-02  1.15e+05  6.41e+03 -1.00e+05
2016 06 26  2040   57565  74400   2.68e+01  3.87e-01  1.72e-01  1.20e-01  8.06e-02  5.15e-02  1.15e+05  6.69e+03 -1.00e+05
2016 06 26  2045   57565  74700   2.44e+01  2.48e-01  1.03e-01  5.22e-02  4.39e-02  2.23e-02  1.15e+05  6.76e+03 -1.00e+05
2016 06 26  2050   57565  75000   1.38e+01  2.13e-01  1.82e-01  1.33e-01  9.81e-02  6.88e-02  1.15e+05  6.68e+03 -1.00e+05
2016 06 26  2055   57565  75300   1.37e+01  2.16e-01  1.53e-01  9.81e-02  6.07e-02  3.17e-02  1.11e+05  5.88e+03 -1.00e+05
2016 06 26  2100   57565  75600   1.34e+01  3.75e-01  3.19e-01  1.09e-01  6.44e-02  2.55e-02  1.13e+05  5.94e+03 -1.00e+05
2016 06 26  2105   57565  75900   1.03e+01  1.83e-01  1.51e-01  1.02e-01  7.98e-02  5.40e-02  1.10e+05  5.69e+03 -1.00e+05
2016 06 26  2110   57565  76200   1.08e+01  1.32e-01  1.00e-01  5.22e-02  4.39e-02  2.23e-02  1.10e+05  5.93e+03 -1.00e+05
2016 06 26  2115   57565  76500   1.60e+01  3.32e-01  2.10e-01  1.57e-01  1.21e-01  5.61e-02  1.11e+05  5.88e+03 -1.00e+05
2016 06 26  2120   57565  76800   9.97e+00  1.32e-01  1.00e-01  5.22e-02  4.39e-02  2.23e-02  1.12e+05  5.94e+03 -1.00e+05
2016 06 26  2125   57565  77100   1.03e+01  1.75e-01  1.43e-01  9.46e-02  6.27e-02  3.42e-02  1.11e+05  5.58e+03 -1.00e+05
2016 06 26  2130   57565  77400   9.77e+00  1.73e-01  1.41e-01  9.35e-02  8.52e-02  3.56e-02  1.09e+05  5.57e+03 -1.00e+05
2016 06 26  2135   57565  77700   1.30e+01  3.12e-01  2.50e-01  8.14e-02  7.31e-02  5.15e-02  1.10e+05  5.60e+03 -1.00e+05
2016 06 26  2140   57565  78000   1.05e+01  2.45e-01  2.13e-01  1.37e-01  8.76e-02  5.13e-02  1.10e+05  5.60e+03 -1.00e+05
2016 06 26  2145   57565  78300   1.06e+01  1.57e-01  1.25e-01  7.67e-02  6.06e-02  3.66e-02  1.14e+05  5.70e+03 -1.00e+05
2016 06 26  2150   57565  78600   1.67e+01  2.72e-01  1.27e-01  7.65e-02  6.82e-02  4.66e-02  1.11e+05  5.40e+03 -1.00e+05
2016 06 26  2155   57565  78900   1.30e+01  2.81e-01  2.07e-01  1.07e-01  9.32e-02  3.76e-02  1.10e+05  5.20e+03 -1.00e+05
2016 06 26  2200   57565  79200   1.68e+01  2.30e-01  1.11e-01  5.98e-02  4.56e-02  2.23e-02  1.09e+05  5.12e+03 -1.00e+05
2016 06 26  2205   57565  79500   1.01e+01  1.51e-01  1.19e-01  7.15e-02  6.32e-02  4.16e-02  1.09e+05  5.11e+03 -1.00e+05
2016 06 26  2210   57565  79800   1.16e+01  3.21e-01  2.58e-01  9.64e-02  6.50e-02  3.66e-02  1.09e+05  4.86e+03 -1.00e+05
2016 06 26  2215   57565  80100   9.43e+00  3.91e-01  3.59e-01  3.09e-01  2.09e-01  7.60e-02  1.08e+05  4.67e+03 -1.00e+05
2016 06 26  2220   57565  80400   9.27e+00  1.60e-01  1.28e-01  7.95e-02  5.01e-02  2.23e-02  1.08e+05  4.62e+03 -1.00e+05
2016 06 26  2225   57565  80700   9.20e+00  2.26e-01  1.94e-01  1.01e-01  8.69e-02  3.56e-02  1.04e+05  4.22e+03 -1.00e+05
2016 06 26  2230   57565  81000   8.99e+00  2.05e-01  1.73e-01  9.46e-02  8.38e-02  6.14e-02  1.04e+05  4.11e+03 -1.00e+05
2016 06 26  2235   57565  81300   1.41e+01  2.49e-01  1.04e-01  5.33e-02  4.42e-02  2.23e-02  1.02e+05  3.79e+03 -1.00e+05
2016 06 26  2240   57565  81600   1.30e+01  3.27e-01  1.84e-01  1.33e-01  1.13e-01  4.36e-02  9.86e+04  3.46e+03 -1.00e+05
2016 06 26  2245   57565  81900   1.04e+01  4.64e-01  3.64e-01  1.57e-01  1.04e-01  6.08e-02  9.56e+04  3.08e+03 -1.00e+05
2016 06 26  2250   57565  82200   9.89e+00  3.29e-01  2.16e-01  1.07e-01  5.14e-02  2.23e-02  9.32e+04  2.74e+03 -1.00e+05
2016 06 26  2255   57565  82500   7.32e+00  2.09e-01  1.77e-01  1.28e-01  8.31e-02  5.40e-02  9.10e+04  2.58e+03 -1.00e+05
2016 06 26  2300   57565  82800   1.19e+01  3.75e-01  1.92e-01  5.98e-02  4.56e-02  2.23e-02  8.79e+04  2.38e+03 -1.00e+05
2016 06 26  2305   57565  83100   7.45e+00  1.61e-01  1.29e-01  8.14e-02  7.31e-02  5.15e-02  8.64e+04  2.15e+03 -1.00e+05
2016 06 26  2310   57565  83400   7.61e+00  2.08e-01  1.76e-01  1.27e-01  8.20e-02  5.29e-02  8.19e+04  1.87e+03 -1.00e+05
2016 06 26  2315   57565  83700   6.91e+00  1.73e-01  1.41e-01  9.15e-02  5.14e-02  2.23e-02  7.90e+04  1.71e+03 -1.00e+05
2016 06 26  2320   57565  84000   1.51e+01  3.36e-01  1.32e-01  8.09e-02  7.26e-02  3.15e-02  7.52e+04  1.54e+03 -1.00e+05
2016 06 26  2325   57565  84300   8.12e+01  2.88e-01  2.57e-01  8.60e-02  5.15e-02  2.23e-02  7.54e+04  1.56e+03 -1.00e+05
2016 06 26  2330   57565  84600   1.66e+01  2.86e-01  2.54e-01  9.26e-02  5.30e-02  2.23e-02  6.54e+04  1.31e+03 -1.00e+05
2016 06 26  2335   57565  84900   4.92e+01  2.13e-01  1.81e-01  8.92e-02  5.57e-02  2.67e-02  5.04e+04  7.98e+02 -1.00e+05
2016 06 26  2340   57565  85200   4.60e+01  1.51e-01  1.19e-01  7.15e-02  6.32e-02  4.16e-02  5.72e+04  1.07e+03 -1.00e+05
2016 06 26  2345   57565  85500   3.19e+01  2.16e-01  1.84e-01  5.98e-02  4.56e-02  2.23e-02  4.67e+04  7.49e+02 -1.00e+05
2016 06 26  2350   57565  85800   3.50e+01  3.27e-01  1.87e-01  8.87e-02  6.90e-02  4.41e-02  4.19e+04  6.49e+02 -1.00e+05
2016 06 26  2355   57565  86100   4.04e+01  3.54e-01  1.47e-01  9.54e-02  7.10e-02  2.95e-02  4.56e+04  7.54e+02 -1.00e+05
