:Data_list: 20160628_Gp_part_5m.txt
:Created: 2016 Jun 29 0011 UTC
# Prepared by the U.S. Dept. of Commerce, NOAA, Space Weather Prediction Center
# Please send comments and suggestions to SWPC.Webmaster@noaa.gov 
# 
# Label: P > 1 = Particles at >1 Mev
# Label: P > 5 = Particles at >5 Mev
# Label: P >10 = Particles at >10 Mev
# Label: P >30 = Particles at >30 Mev
# Label: P >50 = Particles at >50 Mev
# Label: P>100 = Particles at >100 Mev
# Label: E>0.8 = Electrons at >0.8 Mev
# Label: E>2.0 = Electrons at >2.0 Mev
# Label: E>4.0 = Electrons at >4.0 Mev
# Units: Particles = Protons/cm2-s-sr
# Units: Electrons = Electrons/cm2-s-sr
# Source: GOES-13
# Location: W075
# Missing data: -1.00e+05
#
#                      5-minute  GOES-13 Solar Particle and Electron Flux
#
#                 Modified Seconds
# UTC Date  Time   Julian  of the
# YR MO DA  HHMM    Day     Day     P > 1     P > 5     P >10     P >30     P >50     P>100     E>0.8     E>2.0     E>4.0
#-------------------------------------------------------------------------------------------------------------------------
2016 06 28  0000   57567      0   1.67e+00  1.27e-01  9.82e-02  5.96e-02  4.80e-02  2.49e-02  2.66e+04  2.10e+02 -1.00e+05
2016 06 28  0005   57567    300   1.85e+00  1.53e-01  1.24e-01  8.54e-02  6.15e-02  3.48e-02  2.69e+04  2.11e+02 -1.00e+05
2016 06 28  0010   57567    600   1.72e+00  1.77e-01  1.48e-01  6.95e-02  5.79e-02  3.48e-02  2.57e+04  2.13e+02 -1.00e+05
2016 06 28  0015   57567    900   1.92e+00  1.50e-01  1.02e-01  5.94e-02  4.79e-02  2.47e-02  2.67e+04  2.23e+02 -1.00e+05
2016 06 28  0020   57567   1200   3.05e+00  2.72e-01  1.45e-01  1.04e-01  9.26e-02  6.95e-02  2.70e+04  2.25e+02 -1.00e+05
2016 06 28  0025   57567   1500   1.78e+00  1.59e-01  1.30e-01  9.07e-02  6.85e-02  4.22e-02  2.68e+04  2.27e+02 -1.00e+05
2016 06 28  0030   57567   1800   2.34e+00  2.42e-01  1.48e-01  9.74e-02  8.59e-02  6.23e-02  2.60e+04  2.13e+02 -1.00e+05
2016 06 28  0035   57567   2100   1.64e+00  2.47e-01  2.18e-01  5.94e-02  4.79e-02  2.47e-02  2.46e+04  2.03e+02 -1.00e+05
2016 06 28  0040   57567   2400   1.57e+00  3.25e-01  2.96e-01  1.28e-01  9.32e-02  4.23e-02  2.42e+04  1.88e+02 -1.00e+05
2016 06 28  0045   57567   2700   1.52e+00  1.33e-01  1.04e-01  6.52e-02  5.37e-02  2.66e-02  2.46e+04  1.92e+02 -1.00e+05
2016 06 28  0050   57567   3000   1.75e+00  2.26e-01  1.97e-01  1.58e-01  1.47e-01  7.51e-02  2.44e+04  1.83e+02 -1.00e+05
2016 06 28  0055   57567   3300   1.60e+00  1.54e-01  1.25e-01  8.68e-02  7.53e-02  5.21e-02  2.42e+04  1.81e+02 -1.00e+05
2016 06 28  0100   57567   3600   1.54e+00  1.70e-01  1.42e-01  1.01e-01  5.48e-02  2.47e-02  2.27e+04  1.63e+02 -1.00e+05
2016 06 28  0105   57567   3900   1.25e+00  1.27e-01  9.81e-02  5.94e-02  4.79e-02  2.47e-02  2.18e+04  1.49e+02 -1.00e+05
2016 06 28  0110   57567   4200   1.35e+00  2.38e-01  1.42e-01  9.07e-02  6.85e-02  4.22e-02  1.87e+04  1.05e+02 -1.00e+05
2016 06 28  0115   57567   4500   1.15e+00  1.75e-01  1.46e-01  6.50e-02  4.91e-02  2.47e-02  1.69e+04  9.04e+01 -1.00e+05
2016 06 28  0120   57567   4800   1.14e+00  1.50e-01  1.02e-01  5.94e-02  4.79e-02  2.47e-02  1.74e+04  9.00e+01 -1.00e+05
2016 06 28  0125   57567   5100   2.16e+00  4.25e-01  1.95e-01  1.18e-01  1.03e-01  7.94e-02  1.60e+04  7.05e+01 -1.00e+05
2016 06 28  0130   57567   5400   9.43e-01  1.92e-01  1.63e-01  1.25e-01  1.13e-01  7.95e-02  1.35e+04  5.60e+01 -1.00e+05
2016 06 28  0135   57567   5700   1.37e+00  2.68e-01  1.56e-01  1.03e-01  9.13e-02  3.87e-02  1.47e+04  6.16e+01 -1.00e+05
2016 06 28  0140   57567   6000   8.66e-01  1.27e-01  9.81e-02  5.94e-02  4.79e-02  2.47e-02  1.62e+04  7.76e+01 -1.00e+05
2016 06 28  0145   57567   6300   1.01e+00  3.24e-01  2.75e-01  1.11e-01  5.95e-02  2.47e-02  1.72e+04  8.50e+01 -1.00e+05
2016 06 28  0150   57567   6600   1.52e+00  3.39e-01  2.09e-01  1.17e-01  1.05e-01  7.01e-02  1.41e+04  6.07e+01 -1.00e+05
2016 06 28  0155   57567   6900   1.23e+00  2.34e-01  1.36e-01  8.46e-02  5.36e-02  2.47e-02  1.11e+04  3.94e+01 -1.00e+05
2016 06 28  0200   57567   7200   1.32e+00  1.77e-01  1.48e-01  1.09e-01  9.76e-02  4.07e-02  1.58e+04  8.19e+01 -1.00e+05
2016 06 28  0205   57567   7500   1.45e+00  1.49e-01  1.20e-01  8.18e-02  7.03e-02  4.72e-02  2.32e+04  1.92e+02 -1.00e+05
2016 06 28  0210   57567   7800   2.92e+00  2.93e-01  1.42e-01  1.02e-01  9.01e-02  6.70e-02  2.80e+04  2.69e+02 -1.00e+05
2016 06 28  0215   57567   8100   1.67e+00  1.93e-01  1.64e-01  8.93e-02  7.78e-02  5.46e-02  2.66e+04  2.44e+02 -1.00e+05
2016 06 28  0220   57567   8400   1.25e+00  1.34e-01  1.06e-01  6.70e-02  5.55e-02  3.23e-02  2.50e+04  2.16e+02 -1.00e+05
2016 06 28  0225   57567   8700   1.51e+00  1.68e-01  1.39e-01  1.01e-01  8.93e-02  5.33e-02  2.45e+04  2.00e+02 -1.00e+05
2016 06 28  0230   57567   9000   1.63e+00  1.92e-01  1.64e-01  6.20e-02  5.05e-02  2.74e-02  2.40e+04  2.02e+02 -1.00e+05
2016 06 28  0235   57567   9300   1.58e+00  1.61e-01  1.33e-01  7.15e-02  6.00e-02  2.86e-02  2.29e+04  1.81e+02 -1.00e+05
2016 06 28  0240   57567   9600   2.30e+00  2.08e-01  1.10e-01  5.94e-02  4.79e-02  2.47e-02  2.29e+04  1.78e+02 -1.00e+05
2016 06 28  0245   57567   9900   1.49e+00  2.72e-01  2.43e-01  2.04e-01  1.93e-01  9.83e-02  2.10e+04  1.57e+02 -1.00e+05
2016 06 28  0250   57567  10200   1.75e+00  1.90e-01  1.61e-01  5.94e-02  4.79e-02  2.47e-02  2.19e+04  1.64e+02 -1.00e+05
2016 06 28  0255   57567  10500   2.54e+00  3.24e-01  1.81e-01  8.16e-02  7.00e-02  4.54e-02  2.21e+04  1.67e+02 -1.00e+05
2016 06 28  0300   57567  10800   1.80e+00  1.71e-01  1.42e-01  6.20e-02  5.05e-02  2.74e-02  2.17e+04  1.65e+02 -1.00e+05
2016 06 28  0305   57567  11100   1.85e+00  2.47e-01  2.18e-01  5.94e-02  4.79e-02  2.47e-02  2.18e+04  1.72e+02 -1.00e+05
2016 06 28  0310   57567  11400   2.15e+00  2.08e-01  1.10e-01  5.94e-02  4.79e-02  2.47e-02  2.09e+04  1.60e+02 -1.00e+05
2016 06 28  0315   57567  11700   1.97e+00  2.42e-01  1.74e-01  9.66e-02  8.51e-02  3.67e-02  2.08e+04  1.57e+02 -1.00e+05
2016 06 28  0320   57567  12000   1.65e+00  1.27e-01  9.81e-02  5.94e-02  4.79e-02  2.47e-02  2.04e+04  1.50e+02 -1.00e+05
2016 06 28  0325   57567  12300   1.62e+00  1.69e-01  1.40e-01  5.94e-02  4.79e-02  2.47e-02  2.06e+04  1.52e+02 -1.00e+05
2016 06 28  0330   57567  12600   1.50e+00  1.89e-01  1.60e-01  1.22e-01  1.10e-01  4.47e-02  1.99e+04  1.50e+02 -1.00e+05
2016 06 28  0335   57567  12900   1.40e+00  2.34e-01  2.05e-01  1.66e-01  1.35e-01  5.09e-02  1.99e+04  1.49e+02 -1.00e+05
2016 06 28  0340   57567  13200   1.93e+00  2.10e-01  1.48e-01  1.03e-01  9.13e-02  3.87e-02  1.86e+04  1.26e+02 -1.00e+05
2016 06 28  0345   57567  13500   2.13e+00  2.80e-01  1.05e-01  6.50e-02  4.91e-02  2.47e-02  1.78e+04  1.18e+02 -1.00e+05
2016 06 28  0350   57567  13800   1.23e+00  1.27e-01  9.81e-02  5.94e-02  4.79e-02  2.47e-02  1.78e+04  1.16e+02 -1.00e+05
2016 06 28  0355   57567  14100   1.26e+00  1.54e-01  1.25e-01  8.40e-02  7.25e-02  3.27e-02  1.74e+04  1.09e+02 -1.00e+05
2016 06 28  0400   57567  14400   9.13e-01  1.93e-01  1.64e-01  8.93e-02  7.78e-02  5.46e-02  1.51e+04  8.27e+01 -1.00e+05
2016 06 28  0405   57567  14700   1.52e+00  2.38e-01  1.12e-01  7.20e-02  6.05e-02  3.06e-02  1.24e+04  5.76e+01 -1.00e+05
2016 06 28  0410   57567  15000   1.05e+00  2.05e-01  1.56e-01  7.15e-02  5.06e-02  2.47e-02  1.02e+04  4.46e+01 -1.00e+05
2016 06 28  0415   57567  15300   8.32e-01  1.72e-01  1.43e-01  1.04e-01  6.23e-02  2.66e-02  8.00e+03  2.95e+01 -1.00e+05
2016 06 28  0420   57567  15600   8.12e-01  2.36e-01  2.07e-01  7.78e-02  6.63e-02  3.06e-02  6.34e+03  2.02e+01 -1.00e+05
2016 06 28  0425   57567  15900   1.44e+00  4.88e-01  2.68e-01  8.93e-02  7.78e-02  5.46e-02  4.08e+03  7.74e+00 -1.00e+05
2016 06 28  0430   57567  16200   7.62e-01  1.74e-01  1.45e-01  1.06e-01  9.16e-02  5.88e-02  2.28e+03  1.96e+00 -1.00e+05
2016 06 28  0435   57567  16500   8.48e-01  1.83e-01  1.37e-01  9.49e-02  8.09e-02  5.71e-02  5.49e+03  1.31e+01 -1.00e+05
2016 06 28  0440   57567  16800   1.07e+00  2.19e-01  1.70e-01  8.46e-02  5.36e-02  2.47e-02  6.41e+03  2.42e+01 -1.00e+05
2016 06 28  0445   57567  17100   1.15e+00  2.11e-01  1.27e-01  7.83e-02  6.68e-02  3.26e-02  5.59e+03  2.25e+01 -1.00e+05
2016 06 28  0450   57567  17400   1.99e+00  1.39e-01  1.11e-01  7.15e-02  5.06e-02  2.47e-02  6.23e+03  3.00e+01 -1.00e+05
2016 06 28  0455   57567  17700   3.07e+00  2.26e-01  1.30e-01  7.94e-02  6.78e-02  4.47e-02  7.65e+03  5.02e+01 -1.00e+05
2016 06 28  0500   57567  18000   3.51e+00  1.92e-01  1.43e-01  5.94e-02  4.79e-02  2.47e-02  1.01e+04  6.24e+01 -1.00e+05
2016 06 28  0505   57567  18300   3.16e+00  1.95e-01  1.66e-01  1.27e-01  1.02e-01  7.44e-02  1.20e+04  7.38e+01 -1.00e+05
2016 06 28  0510   57567  18600   2.40e+00  1.27e-01  9.81e-02  5.94e-02  4.79e-02  2.47e-02  1.31e+04  9.13e+01 -1.00e+05
2016 06 28  0515   57567  18900   2.41e+00  2.56e-01  1.78e-01  1.29e-01  8.26e-02  3.27e-02  1.41e+04  9.54e+01 -1.00e+05
2016 06 28  0520   57567  19200   1.76e+00  1.50e-01  1.02e-01  5.94e-02  4.79e-02  2.47e-02  1.47e+04  8.60e+01 -1.00e+05
2016 06 28  0525   57567  19500   1.72e+00  1.54e-01  1.25e-01  8.40e-02  7.25e-02  3.27e-02  1.44e+04  8.11e+01 -1.00e+05
2016 06 28  0530   57567  19800   1.67e+00  2.28e-01  2.00e-01  7.74e-02  5.64e-02  2.66e-02  1.47e+04  8.85e+01 -1.00e+05
2016 06 28  0535   57567  20100   1.86e+00  2.02e-01  1.74e-01  1.02e-01  9.01e-02  6.70e-02  1.74e+04  1.07e+02 -1.00e+05
2016 06 28  0540   57567  20400   2.44e+00  2.04e-01  9.99e-02  5.94e-02  4.79e-02  2.47e-02  1.88e+04  1.20e+02 -1.00e+05
2016 06 28  0545   57567  20700   1.99e+00  1.33e-01  1.04e-01  6.50e-02  4.91e-02  2.47e-02  2.06e+04  1.46e+02 -1.00e+05
2016 06 28  0550   57567  21000   1.84e+00  1.72e-01  1.43e-01  1.04e-01  9.26e-02  6.95e-02  2.17e+04  1.51e+02 -1.00e+05
2016 06 28  0555   57567  21300   4.00e+00  3.64e-01  1.48e-01  1.07e-01  6.83e-02  3.73e-02  2.27e+04  1.66e+02 -1.00e+05
2016 06 28  0600   57567  21600   2.00e+00  1.27e-01  9.81e-02  5.94e-02  4.79e-02  2.47e-02  2.33e+04  1.84e+02 -1.00e+05
2016 06 28  0605   57567  21900   2.03e+00  1.69e-01  1.40e-01  9.96e-02  5.48e-02  2.47e-02  2.38e+04  1.82e+02 -1.00e+05
2016 06 28  0610   57567  22200   2.78e+00  2.35e-01  1.40e-01  8.93e-02  7.78e-02  5.46e-02  2.40e+04  1.87e+02 -1.00e+05
2016 06 28  0615   57567  22500   2.54e+00  3.03e-01  2.06e-01  1.11e-01  5.95e-02  2.47e-02  2.42e+04  1.97e+02 -1.00e+05
2016 06 28  0620   57567  22800   2.27e+00  2.12e-01  1.64e-01  1.22e-01  1.10e-01  4.47e-02  2.44e+04  2.06e+02 -1.00e+05
2016 06 28  0625   57567  23100   1.61e+00  1.81e-01  1.53e-01  1.14e-01  1.03e-01  7.94e-02  2.36e+04  2.03e+02 -1.00e+05
2016 06 28  0630   57567  23400   1.69e+00  1.92e-01  1.63e-01  8.60e-02  6.93e-02  4.47e-02  2.46e+04  2.06e+02 -1.00e+05
2016 06 28  0635   57567  23700   1.86e+00  2.47e-01  2.18e-01  5.94e-02  4.79e-02  2.47e-02  2.46e+04  2.17e+02 -1.00e+05
2016 06 28  0640   57567  24000   2.34e+00  2.61e-01  1.63e-01  5.94e-02  4.79e-02  2.47e-02  2.49e+04  2.23e+02 -1.00e+05
2016 06 28  0645   57567  24300   1.67e+00  1.83e-01  1.54e-01  1.15e-01  1.04e-01  4.27e-02  2.57e+04  2.42e+02 -1.00e+05
2016 06 28  0650   57567  24600   2.81e+00  4.09e-01  2.56e-01  7.15e-02  5.06e-02  2.47e-02  2.60e+04  2.38e+02 -1.00e+05
2016 06 28  0655   57567  24900   1.90e+00  1.86e-01  1.57e-01  1.17e-01  7.44e-02  4.22e-02  2.60e+04  2.46e+02 -1.00e+05
2016 06 28  0700   57567  25200   1.83e+00  1.27e-01  9.81e-02  5.94e-02  4.79e-02  2.47e-02  2.60e+04  2.68e+02 -1.00e+05
2016 06 28  0705   57567  25500   1.82e+00  1.80e-01  1.51e-01  7.98e-02  6.83e-02  4.52e-02  2.55e+04  2.64e+02 -1.00e+05
2016 06 28  0710   57567  25800   3.72e+00  3.16e-01  9.95e-02  5.94e-02  4.79e-02  2.47e-02  2.50e+04  2.53e+02 -1.00e+05
2016 06 28  0715   57567  26100   1.67e+00  1.27e-01  9.81e-02  5.94e-02  4.79e-02  2.47e-02  2.40e+04  2.39e+02 -1.00e+05
2016 06 28  0720   57567  26400   1.87e+00  2.67e-01  2.38e-01  8.43e-02  7.28e-02  4.97e-02  2.46e+04  2.36e+02 -1.00e+05
2016 06 28  0725   57567  26700   1.88e+00  1.57e-01  1.28e-01  8.93e-02  7.78e-02  5.46e-02  2.38e+04  2.46e+02 -1.00e+05
2016 06 28  0730   57567  27000   2.00e+00  2.02e-01  1.58e-01  6.52e-02  5.37e-02  2.66e-02  2.41e+04  2.63e+02 -1.00e+05
2016 06 28  0735   57567  27300   1.67e+00  1.85e-01  1.56e-01  7.94e-02  6.78e-02  4.47e-02  2.53e+04  2.60e+02 -1.00e+05
2016 06 28  0740   57567  27600   1.78e+00  2.03e-01  1.55e-01  5.94e-02  4.79e-02  2.47e-02  2.47e+04  2.72e+02 -1.00e+05
2016 06 28  0745   57567  27900   1.59e+00  1.27e-01  9.81e-02  5.94e-02  4.79e-02  2.47e-02  2.59e+04  2.76e+02 -1.00e+05
2016 06 28  0750   57567  28200   1.93e+00  1.90e-01  1.61e-01  8.18e-02  7.03e-02  4.72e-02  2.60e+04  2.78e+02 -1.00e+05
2016 06 28  0755   57567  28500   2.13e+00  2.08e-01  1.10e-01  5.94e-02  4.79e-02  2.47e-02  2.58e+04  2.82e+02 -1.00e+05
2016 06 28  0800   57567  28800   1.85e+00  2.04e-01  1.57e-01  1.15e-01  8.54e-02  5.71e-02  2.49e+04  2.80e+02 -1.00e+05
2016 06 28  0805   57567  29100   2.27e+00  3.49e-01  2.38e-01  1.84e-01  1.58e-01  5.88e-02  2.51e+04  2.83e+02 -1.00e+05
2016 06 28  0810   57567  29400   2.72e+00  2.44e-01  1.25e-01  8.40e-02  7.25e-02  3.27e-02  2.53e+04  2.91e+02 -1.00e+05
2016 06 28  0815   57567  29700   1.66e+00  1.64e-01  1.35e-01  9.55e-02  6.76e-02  3.98e-02  2.56e+04  3.08e+02 -1.00e+05
2016 06 28  0820   57567  30000   1.81e+00  2.50e-01  2.21e-01  1.82e-01  1.71e-01  7.95e-02  2.60e+04  3.17e+02 -1.00e+05
2016 06 28  0825   57567  30300   1.81e+00  1.27e-01  9.81e-02  5.94e-02  4.79e-02  2.47e-02  2.62e+04  3.27e+02 -1.00e+05
2016 06 28  0830   57567  30600   2.43e+00  2.29e-01  9.98e-02  5.94e-02  4.79e-02  2.47e-02  2.73e+04  3.33e+02 -1.00e+05
2016 06 28  0835   57567  30900   3.62e+00  4.15e-01  1.60e-01  1.18e-01  6.89e-02  3.48e-02  2.70e+04  3.32e+02 -1.00e+05
2016 06 28  0840   57567  31200   2.63e+00  2.51e-01  1.22e-01  8.18e-02  7.03e-02  4.72e-02  2.57e+04  3.10e+02 -1.00e+05
2016 06 28  0845   57567  31500   1.49e+00  1.65e-01  1.37e-01  9.77e-02  7.88e-02  5.35e-02  2.68e+04  3.01e+02 -1.00e+05
2016 06 28  0850   57567  31800   2.71e+00  2.67e-01  1.39e-01  9.79e-02  7.78e-02  5.21e-02  2.73e+04  3.39e+02 -1.00e+05
2016 06 28  0855   57567  32100   1.58e+00  1.77e-01  1.48e-01  1.09e-01  9.76e-02  4.07e-02  2.78e+04  3.54e+02 -1.00e+05
2016 06 28  0900   57567  32400   1.68e+00  1.27e-01  9.81e-02  5.94e-02  4.79e-02  2.47e-02  2.86e+04  3.78e+02 -1.00e+05
2016 06 28  0905   57567  32700   1.95e+00  1.49e-01  1.20e-01  8.14e-02  6.99e-02  4.67e-02  2.86e+04  3.72e+02 -1.00e+05
2016 06 28  0910   57567  33000   1.77e+00  2.32e-01  2.03e-01  1.28e-01  8.83e-02  5.71e-02  2.90e+04  3.78e+02 -1.00e+05
2016 06 28  0915   57567  33300   2.05e+00  1.75e-01  1.46e-01  6.50e-02  4.91e-02  2.47e-02  3.04e+04  4.27e+02 -1.00e+05
2016 06 28  0920   57567  33600   2.04e+00  1.73e-01  1.44e-01  6.52e-02  5.37e-02  2.66e-02  3.14e+04  4.43e+02 -1.00e+05
2016 06 28  0925   57567  33900   2.07e+00  2.02e-01  1.73e-01  9.42e-02  8.27e-02  5.96e-02  3.20e+04  4.52e+02 -1.00e+05
2016 06 28  0930   57567  34200   2.24e+00  1.54e-01  1.25e-01  8.68e-02  7.53e-02  5.21e-02  3.27e+04  4.90e+02 -1.00e+05
2016 06 28  0935   57567  34500   2.49e+00  1.86e-01  1.57e-01  1.17e-01  6.53e-02  2.66e-02  3.39e+04  5.08e+02 -1.00e+05
2016 06 28  0940   57567  34800   4.38e+00  3.70e-01  2.18e-01  1.37e-01  9.99e-02  6.95e-02  3.40e+04  5.21e+02 -1.00e+05
2016 06 28  0945   57567  35100   2.64e+00  1.90e-01  1.61e-01  5.94e-02  4.79e-02  2.47e-02  3.43e+04  5.43e+02 -1.00e+05
2016 06 28  0950   57567  35400   4.74e+00  2.40e-01  1.18e-01  7.78e-02  6.63e-02  3.06e-02  3.56e+04  5.59e+02 -1.00e+05
2016 06 28  0955   57567  35700   2.55e+00  1.27e-01  9.82e-02  5.96e-02  4.80e-02  2.49e-02  3.56e+04  5.80e+02 -1.00e+05
2016 06 28  1000   57567  36000   2.89e+00  1.74e-01  1.45e-01  1.07e-01  9.51e-02  7.19e-02  3.57e+04  5.93e+02 -1.00e+05
2016 06 28  1005   57567  36300   2.52e+00  1.73e-01  1.44e-01  1.04e-01  5.80e-02  2.47e-02  3.74e+04  6.28e+02 -1.00e+05
2016 06 28  1010   57567  36600   2.78e+00  2.59e-01  2.30e-01  1.12e-01  1.00e-01  7.69e-02  3.76e+04  6.39e+02 -1.00e+05
2016 06 28  1015   57567  36900   5.55e+00  5.52e-01  2.09e-01  5.94e-02  4.79e-02  2.47e-02  3.76e+04  6.39e+02 -1.00e+05
2016 06 28  1020   57567  37200   4.76e+00  3.93e-01  2.50e-01  7.98e-02  6.83e-02  4.52e-02  3.81e+04  6.48e+02 -1.00e+05
2016 06 28  1025   57567  37500   3.05e+00  1.27e-01  9.81e-02  5.94e-02  4.79e-02  2.47e-02  3.95e+04  6.78e+02 -1.00e+05
2016 06 28  1030   57567  37800   3.29e+00  1.50e-01  1.02e-01  5.94e-02  4.79e-02  2.47e-02  3.98e+04  7.19e+02 -1.00e+05
2016 06 28  1035   57567  38100   4.70e+00  2.92e-01  1.80e-01  1.39e-01  1.11e-01  5.38e-02  4.07e+04  7.33e+02 -1.00e+05
2016 06 28  1040   57567  38400   3.06e+00  1.84e-01  1.55e-01  1.17e-01  1.05e-01  8.19e-02  4.16e+04  7.43e+02 -1.00e+05
2016 06 28  1045   57567  38700   3.59e+00  2.05e-01  1.58e-01  7.44e-02  6.29e-02  3.98e-02  4.16e+04  7.51e+02 -1.00e+05
2016 06 28  1050   57567  39000   2.96e+00  1.27e-01  9.81e-02  5.94e-02  4.79e-02  2.47e-02  4.16e+04  7.96e+02 -1.00e+05
2016 06 28  1055   57567  39300   3.08e+00  2.20e-01  1.92e-01  1.53e-01  1.41e-01  5.48e-02  4.18e+04  8.02e+02 -1.00e+05
2016 06 28  1100   57567  39600   3.67e+00  1.70e-01  1.21e-01  7.81e-02  5.21e-02  2.47e-02  4.40e+04  8.20e+02 -1.00e+05
2016 06 28  1105   57567  39900   4.37e+00  2.70e-01  1.78e-01  9.69e-02  8.54e-02  6.04e-02  4.40e+04  8.40e+02 -1.00e+05
2016 06 28  1110   57567  40200   3.03e+00  1.54e-01  1.25e-01  8.68e-02  7.53e-02  5.21e-02  4.40e+04  8.43e+02 -1.00e+05
2016 06 28  1115   57567  40500   4.63e+00  2.93e-01  1.68e-01  8.18e-02  7.03e-02  4.72e-02  4.40e+04  8.44e+02 -1.00e+05
2016 06 28  1120   57567  40800   2.94e+00  1.60e-01  1.31e-01  9.12e-02  5.50e-02  2.47e-02  4.40e+04  8.27e+02 -1.00e+05
2016 06 28  1125   57567  41100   4.16e+00  3.90e-01  2.11e-01  6.95e-02  5.79e-02  3.48e-02  4.40e+04  7.99e+02 -1.00e+05
2016 06 28  1130   57567  41400   2.97e+00  1.90e-01  1.61e-01  1.22e-01  9.08e-02  6.20e-02  4.40e+04  7.98e+02 -1.00e+05
2016 06 28  1135   57567  41700   2.66e+00  1.95e-01  1.67e-01  1.28e-01  1.16e-01  4.68e-02  4.48e+04  8.38e+02 -1.00e+05
2016 06 28  1140   57567  42000   4.14e+00  2.78e-01  1.55e-01  9.90e-02  8.74e-02  4.60e-02  4.62e+04  8.39e+02 -1.00e+05
2016 06 28  1145   57567  42300   4.22e+00  2.68e-01  1.56e-01  1.03e-01  9.13e-02  3.87e-02  4.42e+04  8.39e+02 -1.00e+05
2016 06 28  1150   57567  42600   2.60e+00  1.76e-01  1.48e-01  1.09e-01  9.76e-02  7.44e-02  4.47e+04  8.75e+02 -1.00e+05
2016 06 28  1155   57567  42900   2.86e+00  1.70e-01  1.41e-01  1.03e-01  9.13e-02  3.87e-02  4.42e+04  8.51e+02 -1.00e+05
2016 06 28  1200   57567  43200   2.73e+00  1.46e-01  1.17e-01  7.81e-02  5.21e-02  2.47e-02  4.41e+04  8.73e+02 -1.00e+05
2016 06 28  1205   57567  43500   3.63e+00  3.83e-01  3.55e-01  1.18e-01  6.11e-02  2.49e-02  4.63e+04  9.07e+02 -1.00e+05
2016 06 28  1210   57567  43800   4.20e+00  1.27e-01  9.81e-02  5.94e-02  4.79e-02  2.47e-02  4.65e+04  9.26e+02 -1.00e+05
2016 06 28  1215   57567  44100   6.07e+00  2.50e-01  1.53e-01  5.94e-02  4.79e-02  2.47e-02  4.66e+04  9.42e+02 -1.00e+05
2016 06 28  1220   57567  44400   3.91e+00  3.03e-01  2.74e-01  1.23e-01  6.68e-02  2.66e-02  4.66e+04  9.57e+02 -1.00e+05
2016 06 28  1225   57567  44700   3.93e+00  1.98e-01  1.70e-01  9.67e-02  8.52e-02  6.20e-02  4.68e+04  9.66e+02 -1.00e+05
2016 06 28  1230   57567  45000   4.09e+00  1.32e-01  1.03e-01  6.45e-02  5.30e-02  2.98e-02  4.93e+04  1.03e+03 -1.00e+05
2016 06 28  1235   57567  45300   5.88e+00  2.04e-01  9.99e-02  5.94e-02  4.79e-02  2.47e-02  4.93e+04  1.07e+03 -1.00e+05
2016 06 28  1240   57567  45600   8.35e+00  5.48e-01  2.56e-01  6.45e-02  5.30e-02  2.98e-02  4.95e+04  1.13e+03 -1.00e+05
2016 06 28  1245   57567  45900   6.89e+00  2.30e-01  1.27e-01  8.60e-02  6.93e-02  4.47e-02  5.19e+04  1.20e+03 -1.00e+05
2016 06 28  1250   57567  46200   8.49e+00  4.92e-01  2.48e-01  9.66e-02  8.51e-02  3.67e-02  5.25e+04  1.28e+03 -1.00e+05
2016 06 28  1255   57567  46500   4.69e+00  1.34e-01  1.06e-01  6.70e-02  5.55e-02  3.23e-02  5.43e+04  1.31e+03 -1.00e+05
2016 06 28  1300   57567  46800   5.13e+00  1.78e-01  1.37e-01  9.60e-02  8.45e-02  5.68e-02  5.46e+04  1.35e+03 -1.00e+05
2016 06 28  1305   57567  47100   4.94e+00  2.55e-01  2.26e-01  1.15e-01  9.41e-02  3.87e-02  5.46e+04  1.37e+03 -1.00e+05
2016 06 28  1310   57567  47400   7.15e+00  2.08e-01  1.10e-01  5.94e-02  4.79e-02  2.47e-02  5.66e+04  1.42e+03 -1.00e+05
2016 06 28  1315   57567  47700   5.52e+00  1.69e-01  1.40e-01  1.00e-01  6.68e-02  3.73e-02  5.73e+04  1.49e+03 -1.00e+05
2016 06 28  1320   57567  48000   5.42e+00  1.82e-01  1.53e-01  7.15e-02  5.06e-02  2.47e-02  5.78e+04  1.53e+03 -1.00e+05
2016 06 28  1325   57567  48300   6.01e+00  1.46e-01  1.17e-01  7.81e-02  5.21e-02  2.47e-02  5.99e+04  1.61e+03 -1.00e+05
2016 06 28  1330   57567  48600   5.27e+00  1.58e-01  1.29e-01  9.03e-02  7.88e-02  3.47e-02  5.71e+04  1.51e+03 -1.00e+05
2016 06 28  1335   57567  48900   5.43e+00  1.47e-01  1.18e-01  7.94e-02  6.78e-02  4.47e-02  5.87e+04  1.55e+03 -1.00e+05
2016 06 28  1340   57567  49200   6.27e+00  1.51e-01  1.23e-01  8.36e-02  6.27e-02  2.86e-02  5.94e+04  1.61e+03 -1.00e+05
2016 06 28  1345   57567  49500   7.24e+00  2.03e-01  1.55e-01  5.94e-02  4.79e-02  2.47e-02  5.99e+04  1.64e+03 -1.00e+05
2016 06 28  1350   57567  49800   6.01e+00  1.27e-01  9.81e-02  5.94e-02  4.79e-02  2.47e-02  5.99e+04  1.65e+03 -1.00e+05
2016 06 28  1355   57567  50100   5.77e+00  2.53e-01  2.24e-01  6.50e-02  4.91e-02  2.47e-02  5.99e+04  1.65e+03 -1.00e+05
2016 06 28  1400   57567  50400   7.39e+00  2.12e-01  1.65e-01  8.18e-02  7.03e-02  4.72e-02  6.09e+04  1.73e+03 -1.00e+05
2016 06 28  1405   57567  50700   6.81e+00  1.83e-01  1.54e-01  1.15e-01  9.41e-02  3.87e-02  6.21e+04  1.76e+03 -1.00e+05
2016 06 28  1410   57567  51000   6.96e+00  1.27e-01  9.81e-02  5.94e-02  4.79e-02  2.47e-02  6.18e+04  1.82e+03 -1.00e+05
2016 06 28  1415   57567  51300   7.38e+00  1.50e-01  1.02e-01  5.94e-02  4.79e-02  2.47e-02  6.18e+04  1.81e+03 -1.00e+05
2016 06 28  1420   57567  51600   6.96e+00  1.27e-01  9.81e-02  5.94e-02  4.79e-02  2.47e-02  6.18e+04  1.78e+03 -1.00e+05
2016 06 28  1425   57567  51900   6.06e+00  2.61e-01  2.32e-01  7.69e-02  6.54e-02  4.22e-02  5.97e+04  1.63e+03 -1.00e+05
2016 06 28  1430   57567  52200   7.46e+00  2.90e-01  1.95e-01  1.43e-01  9.46e-02  6.45e-02  5.73e+04  1.54e+03 -1.00e+05
2016 06 28  1435   57567  52500   5.29e+00  1.83e-01  1.35e-01  9.19e-02  6.30e-02  3.48e-02  5.73e+04  1.50e+03 -1.00e+05
2016 06 28  1440   57567  52800   4.97e+00  1.57e-01  1.28e-01  8.93e-02  7.78e-02  5.46e-02  5.63e+04  1.49e+03 -1.00e+05
2016 06 28  1445   57567  53100   5.62e+00  2.11e-01  1.82e-01  1.42e-01  8.58e-02  4.97e-02  5.73e+04  1.50e+03 -1.00e+05
2016 06 28  1450   57567  53400   1.16e+01  5.13e-01  2.08e-01  5.94e-02  4.79e-02  2.47e-02  5.89e+04  1.63e+03 -1.00e+05
2016 06 28  1455   57567  53700   7.04e+00  1.27e-01  9.81e-02  5.94e-02  4.79e-02  2.47e-02  6.02e+04  1.73e+03 -1.00e+05
2016 06 28  1500   57567  54000   6.17e+00  1.39e-01  1.10e-01  7.15e-02  6.00e-02  2.86e-02  5.99e+04  1.70e+03 -1.00e+05
2016 06 28  1505   57567  54300   6.30e+00  1.27e-01  9.81e-02  5.94e-02  4.79e-02  2.47e-02  5.99e+04  1.68e+03 -1.00e+05
2016 06 28  1510   57567  54600   6.09e+00  1.39e-01  1.11e-01  7.15e-02  5.06e-02  2.47e-02  5.99e+04  1.67e+03 -1.00e+05
2016 06 28  1515   57567  54900   6.56e+00  1.50e-01  1.02e-01  5.94e-02  4.79e-02  2.47e-02  5.93e+04  1.62e+03 -1.00e+05
2016 06 28  1520   57567  55200   5.52e+00  2.36e-01  2.07e-01  7.78e-02  6.63e-02  3.06e-02  5.80e+04  1.60e+03 -1.00e+05
2016 06 28  1525   57567  55500   6.20e+00  1.76e-01  1.48e-01  1.09e-01  9.75e-02  7.44e-02  6.06e+04  1.72e+03 -1.00e+05
2016 06 28  1530   57567  55800   8.50e+00  1.53e-01  1.04e-01  6.20e-02  5.05e-02  2.74e-02  6.24e+04  1.83e+03 -1.00e+05
2016 06 28  1535   57567  56100   1.15e+01  5.47e-01  2.49e-01  1.06e-01  9.43e-02  7.12e-02  5.99e+04  1.76e+03 -1.00e+05
2016 06 28  1540   57567  56400   9.61e+00  2.52e-01  1.72e-01  1.24e-01  1.13e-01  7.76e-02  6.24e+04  1.83e+03 -1.00e+05
2016 06 28  1545   57567  56700   7.11e+00  1.95e-01  1.67e-01  1.27e-01  8.55e-02  5.36e-02  6.26e+04  1.88e+03 -1.00e+05
2016 06 28  1550   57567  57000   7.62e+00  1.48e-01  1.19e-01  8.06e-02  6.91e-02  4.17e-02  6.26e+04  1.90e+03 -1.00e+05
2016 06 28  1555   57567  57300   8.96e+00  1.50e-01  1.02e-01  5.94e-02  4.79e-02  2.47e-02  6.33e+04  1.92e+03 -1.00e+05
2016 06 28  1600   57567  57600   8.01e+00  1.67e-01  1.38e-01  9.92e-02  8.77e-02  6.45e-02  6.48e+04  1.98e+03 -1.00e+05
2016 06 28  1605   57567  57900   8.13e+00  1.27e-01  9.81e-02  5.94e-02  4.79e-02  2.47e-02  6.52e+04  1.99e+03 -1.00e+05
2016 06 28  1610   57567  58200   7.76e+00  1.58e-01  1.29e-01  9.03e-02  7.88e-02  3.47e-02  6.52e+04  1.99e+03 -1.00e+05
2016 06 28  1615   57567  58500   7.73e+00  3.00e-01  2.71e-01  1.11e-01  5.95e-02  2.47e-02  6.53e+04  1.97e+03 -1.00e+05
2016 06 28  1620   57567  58800   9.04e+00  2.76e-01  2.28e-01  6.50e-02  4.91e-02  2.47e-02  6.53e+04  2.01e+03 -1.00e+05
2016 06 28  1625   57567  59100   8.57e+00  1.83e-01  1.54e-01  1.15e-01  1.04e-01  4.27e-02  6.71e+04  2.10e+03 -1.00e+05
2016 06 28  1630   57567  59400   8.89e+00  1.69e-01  1.40e-01  5.94e-02  4.79e-02  2.47e-02  6.78e+04  2.12e+03 -1.00e+05
2016 06 28  1635   57567  59700   8.96e+00  2.47e-01  2.18e-01  5.94e-02  4.79e-02  2.47e-02  6.79e+04  2.12e+03 -1.00e+05
2016 06 28  1640   57567  60000   8.36e+00  1.46e-01  1.17e-01  7.81e-02  5.21e-02  2.47e-02  6.79e+04  2.12e+03 -1.00e+05
2016 06 28  1645   57567  60300   8.32e+00  2.16e-01  1.87e-01  9.67e-02  8.52e-02  6.20e-02  6.71e+04  2.06e+03 -1.00e+05
2016 06 28  1650   57567  60600   7.53e+00  1.57e-01  1.28e-01  8.93e-02  7.78e-02  5.46e-02  6.53e+04  2.01e+03 -1.00e+05
2016 06 28  1655   57567  60900   6.22e+00  1.86e-01  1.57e-01  1.16e-01  1.05e-01  6.83e-02  6.32e+04  1.89e+03 -1.00e+05
2016 06 28  1700   57567  61200   8.64e+00  1.69e-01  1.40e-01  1.01e-01  7.46e-02  4.72e-02  6.79e+04  2.16e+03 -1.00e+05
2016 06 28  1705   57567  61500   8.79e+00  1.53e-01  1.04e-01  6.20e-02  5.05e-02  2.74e-02  6.55e+04  2.01e+03 -1.00e+05
2016 06 28  1710   57567  61800   6.72e+00  1.58e-01  1.29e-01  9.03e-02  7.88e-02  3.47e-02  6.52e+04  1.91e+03 -1.00e+05
2016 06 28  1715   57567  62100   9.85e+00  3.59e-01  2.63e-01  9.79e-02  7.78e-02  5.21e-02  6.43e+04  1.87e+03 -1.00e+05
2016 06 28  1720   57567  62400   7.54e+00  2.35e-01  1.89e-01  1.46e-01  9.82e-02  6.45e-02  6.26e+04  1.88e+03 -1.00e+05
2016 06 28  1725   57567  62700   8.35e+00  1.53e-01  1.04e-01  6.20e-02  5.05e-02  2.74e-02  6.39e+04  1.91e+03 -1.00e+05
2016 06 28  1730   57567  63000   7.02e+00  1.75e-01  1.46e-01  1.07e-01  9.58e-02  7.26e-02  6.27e+04  1.91e+03 -1.00e+05
2016 06 28  1735   57567  63300   6.97e+00  2.47e-01  2.18e-01  5.94e-02  4.79e-02  2.47e-02  6.26e+04  1.88e+03 -1.00e+05
2016 06 28  1740   57567  63600   1.27e+01  4.73e-01  2.49e-01  6.45e-02  5.30e-02  2.98e-02  6.26e+04  1.87e+03 -1.00e+05
2016 06 28  1745   57567  63900   6.85e+00  1.27e-01  9.81e-02  5.94e-02  4.79e-02  2.47e-02  6.21e+04  1.83e+03 -1.00e+05
2016 06 28  1750   57567  64200   6.58e+00  1.29e-01  1.01e-01  6.20e-02  5.05e-02  2.74e-02  6.23e+04  1.86e+03 -1.00e+05
2016 06 28  1755   57567  64500   6.65e+00  2.49e-01  2.20e-01  1.80e-01  1.31e-01  9.72e-02  6.02e+04  1.79e+03 -1.00e+05
2016 06 28  1800   57567  64800   6.82e+00  1.72e-01  1.44e-01  1.04e-01  7.92e-02  5.21e-02  6.18e+04  1.79e+03 -1.00e+05
2016 06 28  1805   57567  65100   1.11e+01  2.42e-01  1.12e-01  7.15e-02  5.06e-02  2.47e-02  5.98e+04  1.73e+03 -1.00e+05
2016 06 28  1810   57567  65400   6.15e+00  1.69e-01  1.40e-01  5.94e-02  4.79e-02  2.47e-02  5.91e+04  1.68e+03 -1.00e+05
2016 06 28  1815   57567  65700   6.57e+00  1.58e-01  1.29e-01  9.06e-02  7.91e-02  5.59e-02  5.95e+04  1.69e+03 -1.00e+05
2016 06 28  1820   57567  66000   5.86e+00  1.67e-01  1.38e-01  9.91e-02  7.23e-02  4.47e-02  5.80e+04  1.62e+03 -1.00e+05
2016 06 28  1825   57567  66300   8.93e+00  2.61e-01  1.64e-01  7.44e-02  6.29e-02  3.98e-02  5.95e+04  1.68e+03 -1.00e+05
2016 06 28  1830   57567  66600   6.17e+00  1.53e-01  1.25e-01  8.60e-02  7.44e-02  4.01e-02  5.99e+04  1.72e+03 -1.00e+05
2016 06 28  1835   57567  66900   8.83e+00  3.47e-01  2.52e-01  8.68e-02  7.53e-02  5.21e-02  5.99e+04  1.74e+03 -1.00e+05
2016 06 28  1840   57567  67200   6.46e+00  1.93e-01  1.64e-01  1.25e-01  9.15e-02  6.20e-02  6.01e+04  1.74e+03 -1.00e+05
2016 06 28  1845   57567  67500   9.45e+00  2.49e-01  1.52e-01  5.94e-02  4.79e-02  2.47e-02  6.01e+04  1.78e+03 -1.00e+05
2016 06 28  1850   57567  67800   1.51e+01  5.37e-01  1.54e-01  6.45e-02  5.30e-02  2.98e-02  5.99e+04  1.71e+03 -1.00e+05
2016 06 28  1855   57567  68100   6.63e+00  1.82e-01  1.36e-01  9.42e-02  8.27e-02  5.96e-02  5.99e+04  1.68e+03 -1.00e+05
2016 06 28  1900   57567  68400   1.23e+01  3.20e-01  1.30e-01  8.99e-02  6.90e-02  3.06e-02  5.99e+04  1.68e+03 -1.00e+05
2016 06 28  1905   57567  68700   6.19e+00  1.90e-01  1.61e-01  5.96e-02  4.80e-02  2.49e-02  5.80e+04  1.64e+03 -1.00e+05
2016 06 28  1910   57567  69000   5.81e+00  2.67e-01  2.38e-01  1.29e-01  8.74e-02  3.47e-02  5.74e+04  1.61e+03 -1.00e+05
2016 06 28  1915   57567  69300   6.96e+00  2.40e-01  1.45e-01  9.42e-02  8.27e-02  5.96e-02  5.73e+04  1.57e+03 -1.00e+05
2016 06 28  1920   57567  69600   5.40e+00  1.74e-01  1.45e-01  1.07e-01  9.51e-02  7.19e-02  5.82e+04  1.61e+03 -1.00e+05
2016 06 28  1925   57567  69900   5.80e+00  1.94e-01  1.66e-01  9.18e-02  8.02e-02  5.71e-02  5.76e+04  1.64e+03 -1.00e+05
2016 06 28  1930   57567  70200   8.43e+00  2.60e-01  1.32e-01  9.18e-02  8.02e-02  5.71e-02  5.72e+04  1.55e+03 -1.00e+05
2016 06 28  1935   57567  70500   8.96e+00  4.34e-01  2.45e-01  5.94e-02  4.79e-02  2.47e-02  5.68e+04  1.51e+03 -1.00e+05
2016 06 28  1940   57567  70800   5.37e+00  2.71e-01  2.42e-01  8.93e-02  7.78e-02  5.46e-02  5.73e+04  1.50e+03 -1.00e+05
2016 06 28  1945   57567  71100   5.66e+00  2.90e-01  2.61e-01  1.14e-01  1.03e-01  7.94e-02  5.59e+04  1.50e+03 -1.00e+05
2016 06 28  1950   57567  71400   5.41e+00  1.86e-01  1.57e-01  1.19e-01  1.07e-01  5.57e-02  5.63e+04  1.50e+03 -1.00e+05
2016 06 28  1955   57567  71700   5.23e+00  1.34e-01  1.06e-01  6.70e-02  5.55e-02  3.23e-02  5.45e+04  1.43e+03 -1.00e+05
2016 06 28  2000   57567  72000   5.20e+00  1.27e-01  9.81e-02  5.94e-02  4.79e-02  2.47e-02  5.27e+04  1.41e+03 -1.00e+05
2016 06 28  2005   57567  72300   8.13e+00  2.04e-01  9.99e-02  5.94e-02  4.79e-02  2.47e-02  5.29e+04  1.37e+03 -1.00e+05
2016 06 28  2010   57567  72600   1.00e+01  5.44e-01  2.51e-01  5.94e-02  4.79e-02  2.47e-02  5.19e+04  1.39e+03 -1.00e+05
2016 06 28  2015   57567  72900   5.78e+00  1.80e-01  1.51e-01  1.11e-01  5.95e-02  2.47e-02  5.44e+04  1.41e+03 -1.00e+05
2016 06 28  2020   57567  73200   6.67e+00  2.48e-01  2.03e-01  1.31e-01  1.06e-01  7.94e-02  5.46e+04  1.42e+03 -1.00e+05
2016 06 28  2025   57567  73500   7.63e+00  2.08e-01  1.10e-01  5.94e-02  4.79e-02  2.47e-02  5.25e+04  1.42e+03 -1.00e+05
2016 06 28  2030   57567  73800   7.56e+00  2.46e-01  1.63e-01  7.78e-02  6.63e-02  3.06e-02  5.46e+04  1.39e+03 -1.00e+05
2016 06 28  2035   57567  74100   5.51e+00  1.51e-01  1.23e-01  8.35e-02  5.86e-02  3.04e-02  5.46e+04  1.40e+03 -1.00e+05
2016 06 28  2040   57567  74400   5.58e+00  1.83e-01  1.54e-01  1.15e-01  1.04e-01  4.27e-02  5.25e+04  1.40e+03 -1.00e+05
2016 06 28  2045   57567  74700   7.35e+00  2.08e-01  1.10e-01  5.94e-02  4.79e-02  2.47e-02  5.20e+04  1.40e+03 -1.00e+05
2016 06 28  2050   57567  75000   7.54e+00  3.41e-01  2.43e-01  7.16e-02  5.08e-02  2.49e-02  5.19e+04  1.37e+03 -1.00e+05
2016 06 28  2055   57567  75300   6.01e+00  1.45e-01  1.17e-01  7.63e-02  6.49e-02  4.20e-02  5.20e+04  1.39e+03 -1.00e+05
2016 06 28  2100   57567  75600   7.23e+00  1.60e-01  1.05e-01  5.90e-02  4.77e-02  2.48e-02  5.19e+04  1.36e+03 -1.00e+05
2016 06 28  2105   57567  75900   5.70e+00  1.93e-01  1.65e-01  8.19e-02  7.05e-02  3.21e-02  5.19e+04  1.37e+03 -1.00e+05
2016 06 28  2110   57567  76200   1.06e+01  2.69e-01  1.30e-01  7.79e-02  6.66e-02  3.92e-02  5.19e+04  1.35e+03 -1.00e+05
2016 06 28  2115   57567  76500   1.07e+01  3.07e-01  1.64e-01  1.08e-01  9.71e-02  7.42e-02  5.19e+04  1.32e+03 -1.00e+05
2016 06 28  2120   57567  76800   6.09e+00  1.43e-01  1.15e-01  7.37e-02  5.10e-02  2.48e-02  5.05e+04  1.29e+03 -1.00e+05
2016 06 28  2125   57567  77100   6.94e+00  1.81e-01  1.26e-01  5.90e-02  4.77e-02  2.48e-02  4.93e+04  1.26e+03 -1.00e+05
2016 06 28  2130   57567  77400   5.68e+00  1.40e-01  1.12e-01  7.07e-02  5.94e-02  3.35e-02  4.93e+04  1.26e+03 -1.00e+05
2016 06 28  2135   57567  77700   7.25e+00  1.60e-01  1.05e-01  5.90e-02  4.77e-02  2.48e-02  4.93e+04  1.26e+03 -1.00e+05
2016 06 28  2140   57567  78000   1.27e+01  2.92e-01  1.11e-01  6.72e-02  4.95e-02  2.48e-02  4.97e+04  1.29e+03 -1.00e+05
2016 06 28  2145   57567  78300   5.58e+00  2.16e-01  1.87e-01  1.45e-01  1.02e-01  6.93e-02  4.99e+04  1.22e+03 -1.00e+05
2016 06 28  2150   57567  78600   9.77e+00  3.42e-01  1.72e-01  5.90e-02  4.77e-02  2.48e-02  4.93e+04  1.23e+03 -1.00e+05
2016 06 28  2155   57567  78900   6.30e+00  2.56e-01  2.14e-01  9.03e-02  6.75e-02  3.01e-02  4.93e+04  1.21e+03 -1.00e+05
2016 06 28  2200   57567  79200   5.91e+00  1.30e-01  1.02e-01  6.06e-02  4.80e-02  2.48e-02  4.93e+04  1.20e+03 -1.00e+05
2016 06 28  2205   57567  79500   6.08e+00  2.27e-01  1.99e-01  5.90e-02  4.77e-02  2.48e-02  4.85e+04  1.21e+03 -1.00e+05
2016 06 28  2210   57567  79800   6.15e+00  1.28e-01  1.00e-01  5.90e-02  4.77e-02  2.48e-02  4.93e+04  1.21e+03 -1.00e+05
2016 06 28  2215   57567  80100   1.13e+01  6.35e-01  3.73e-01  1.17e-01  6.39e-02  2.61e-02  4.90e+04  1.17e+03 -1.00e+05
2016 06 28  2220   57567  80400   9.29e+00  2.61e-01  1.34e-01  9.05e-02  7.91e-02  4.32e-02  4.67e+04  1.14e+03 -1.00e+05
2016 06 28  2225   57567  80700   6.83e+00  1.81e-01  1.26e-01  5.90e-02  4.77e-02  2.48e-02  4.66e+04  1.13e+03 -1.00e+05
2016 06 28  2230   57567  81000   6.24e+00  1.96e-01  1.54e-01  1.10e-01  7.20e-02  3.01e-02  4.67e+04  1.13e+03 -1.00e+05
2016 06 28  2235   57567  81300   8.82e+00  2.37e-01  1.29e-01  8.50e-02  7.27e-02  4.94e-02  4.75e+04  1.12e+03 -1.00e+05
2016 06 28  2240   57567  81600   7.20e+00  2.73e-01  1.73e-01  1.08e-01  9.71e-02  7.42e-02  4.66e+04  1.06e+03 -1.00e+05
2016 06 28  2245   57567  81900   4.11e+00  1.60e-01  1.32e-01  9.12e-02  7.98e-02  5.69e-02  4.66e+04  1.03e+03 -1.00e+05
2016 06 28  2250   57567  82200   4.12e+00  1.95e-01  1.67e-01  5.90e-02  4.77e-02  2.48e-02  4.55e+04  1.00e+03 -1.00e+05
2016 06 28  2255   57567  82500   4.21e+00  1.67e-01  1.38e-01  9.68e-02  6.90e-02  3.01e-02  4.40e+04  9.77e+02 -1.00e+05
2016 06 28  2300   57567  82800   7.75e+00  3.05e-01  1.24e-01  8.03e-02  5.25e-02  2.48e-02  4.40e+04  9.80e+02 -1.00e+05
2016 06 28  2305   57567  83100   4.00e+00  2.60e-01  2.32e-01  1.01e-01  8.97e-02  6.68e-02  4.57e+04  9.87e+02 -1.00e+05
2016 06 28  2310   57567  83400   3.56e+00  2.15e-01  1.87e-01  1.46e-01  1.17e-01  5.88e-02  4.29e+04  9.07e+02 -1.00e+05
2016 06 28  2315   57567  83700   3.59e+00  1.40e-01  1.12e-01  7.13e-02  6.00e-02  3.71e-02  4.30e+04  8.78e+02 -1.00e+05
2016 06 28  2320   57567  84000   3.08e+00  2.07e-01  1.78e-01  1.37e-01  1.18e-01  4.67e-02  4.30e+04  8.42e+02 -1.00e+05
2016 06 28  2325   57567  84300   2.86e+00  1.51e-01  1.22e-01  6.06e-02  4.80e-02  2.48e-02  3.96e+04  8.00e+02 -1.00e+05
2016 06 28  2330   57567  84600   3.37e+00  3.25e-01  2.71e-01  1.27e-01  7.05e-02  3.46e-02  3.97e+04  7.69e+02 -1.00e+05
2016 06 28  2335   57567  84900   3.34e+00  2.84e-01  2.29e-01  8.69e-02  5.39e-02  2.48e-02  3.92e+04  7.33e+02 -1.00e+05
2016 06 28  2340   57567  85200   2.38e+00  1.61e-01  1.32e-01  9.07e-02  5.83e-02  2.78e-02  3.76e+04  7.13e+02 -1.00e+05
2016 06 28  2345   57567  85500   3.35e+00  2.45e-01  1.43e-01  8.87e-02  7.73e-02  5.44e-02  3.74e+04  6.88e+02 -1.00e+05
2016 06 28  2350   57567  85800   3.01e+00  3.25e-01  2.21e-01  6.72e-02  4.95e-02  2.48e-02  3.84e+04  6.99e+02 -1.00e+05
2016 06 28  2355   57567  86100   2.28e+00  1.89e-01  1.60e-01  1.19e-01  1.08e-01  4.42e-02  3.74e+04  6.65e+02 -1.00e+05
