:Data_list: 20160312_Gp_part_5m.txt
:Created: 2016 Mar 13 0011 UTC
# Prepared by the U.S. Dept. of Commerce, NOAA, Space Weather Prediction Center
# Please send comments and suggestions to SWPC.Webmaster@noaa.gov 
# 
# Label: P > 1 = Particles at >1 Mev
# Label: P > 5 = Particles at >5 Mev
# Label: P >10 = Particles at >10 Mev
# Label: P >30 = Particles at >30 Mev
# Label: P >50 = Particles at >50 Mev
# Label: P>100 = Particles at >100 Mev
# Label: E>0.8 = Electrons at >0.8 Mev
# Label: E>2.0 = Electrons at >2.0 Mev
# Label: E>4.0 = Electrons at >4.0 Mev
# Units: Particles = Protons/cm2-s-sr
# Units: Electrons = Electrons/cm2-s-sr
# Source: GOES-13
# Location: W075
# Missing data: -1.00e+05
#
#                      5-minute  GOES-13 Solar Particle and Electron Flux
#
#                 Modified Seconds
# UTC Date  Time   Julian  of the
# YR MO DA  HHMM    Day     Day     P > 1     P > 5     P >10     P >30     P >50     P>100     E>0.8     E>2.0     E>4.0
#-------------------------------------------------------------------------------------------------------------------------
2016 03 12  0000   57459      0   8.58e-01  1.81e-01  1.53e-01  1.15e-01  5.94e-02  2.43e-02  2.40e+03  2.99e+01 -1.00e+05
2016 03 12  0005   57459    300   7.54e-01  1.84e-01  1.57e-01  1.20e-01  1.09e-01  4.42e-02  2.42e+03  2.80e+01 -1.00e+05
2016 03 12  0010   57459    600   6.82e-01  1.22e-01  9.47e-02  5.78e-02  4.66e-02  2.43e-02  2.23e+03  2.97e+01 -1.00e+05
2016 03 12  0015   57459    900   7.25e-01  1.22e-01  9.47e-02  5.78e-02  4.66e-02  2.43e-02  1.97e+03  2.44e+01 -1.00e+05
2016 03 12  0020   57459   1200   8.67e-01  1.72e-01  1.45e-01  1.08e-01  9.65e-02  4.16e-02  1.80e+03  2.15e+01 -1.00e+05
2016 03 12  0025   57459   1500   5.99e-01  1.87e-01  1.60e-01  5.78e-02  4.66e-02  2.43e-02  1.18e+03  1.48e+01 -1.00e+05
2016 03 12  0030   57459   1800   8.51e-01  2.50e-01  2.22e-01  6.97e-02  5.85e-02  2.81e-02  1.22e+03  1.49e+01 -1.00e+05
2016 03 12  0035   57459   2100   1.17e+00  3.60e-01  1.91e-01  7.56e-02  5.79e-02  3.37e-02  1.16e+03  1.27e+01 -1.00e+05
2016 03 12  0040   57459   2400   6.29e-01  1.29e-01  1.02e-01  6.47e-02  5.35e-02  3.12e-02  1.25e+03  1.54e+01 -1.00e+05
2016 03 12  0045   57459   2700   8.87e-01  1.67e-01  1.40e-01  1.02e-01  5.65e-02  2.43e-02  1.27e+03  1.64e+01 -1.00e+05
2016 03 12  0050   57459   3000   1.14e+00  2.09e-01  9.65e-02  5.78e-02  4.66e-02  2.43e-02  1.33e+03  1.64e+01 -1.00e+05
2016 03 12  0055   57459   3300   1.31e+00  1.78e-01  1.50e-01  1.14e-01  1.02e-01  4.22e-02  1.60e+03  1.82e+01 -1.00e+05
2016 03 12  0100   57459   3600   9.56e-01  2.09e-01  1.82e-01  1.45e-01  1.34e-01  5.23e-02  1.66e+03  1.87e+01 -1.00e+05
2016 03 12  0105   57459   3900   1.06e+00  1.90e-01  1.63e-01  7.21e-02  6.09e-02  3.86e-02  1.74e+03  2.23e+01 -1.00e+05
2016 03 12  0110   57459   4200   1.03e+00  1.57e-01  1.30e-01  9.23e-02  6.55e-02  3.86e-02  1.89e+03  2.44e+01 -1.00e+05
2016 03 12  0115   57459   4500   1.32e+00  1.54e-01  1.26e-01  8.85e-02  5.35e-02  2.43e-02  1.96e+03  2.73e+01 -1.00e+05
2016 03 12  0120   57459   4800   1.28e+00  1.76e-01  1.49e-01  1.12e-01  1.01e-01  7.83e-02  1.99e+03  2.72e+01 -1.00e+05
2016 03 12  0125   57459   5100   1.13e+00  1.79e-01  1.52e-01  5.78e-02  4.66e-02  2.43e-02  1.85e+03  2.53e+01 -1.00e+05
2016 03 12  0130   57459   5400   1.38e+00  1.98e-01  1.33e-01  8.95e-02  7.83e-02  5.60e-02  1.93e+03  2.61e+01 -1.00e+05
2016 03 12  0135   57459   5700   1.42e+00  1.34e-01  1.07e-01  6.97e-02  5.85e-02  2.81e-02  2.04e+03  2.70e+01 -1.00e+05
2016 03 12  0140   57459   6000   1.28e+00  1.54e-01  1.26e-01  8.95e-02  7.83e-02  5.60e-02  2.08e+03  2.59e+01 -1.00e+05
2016 03 12  0145   57459   6300   1.79e+00  1.69e-01  1.02e-01  5.78e-02  4.66e-02  2.43e-02  2.05e+03  2.70e+01 -1.00e+05
2016 03 12  0150   57459   6600   1.42e+00  2.08e-01  1.81e-01  1.43e-01  1.07e-01  5.45e-02  2.08e+03  2.36e+01 -1.00e+05
2016 03 12  0155   57459   6900   1.71e+00  2.13e-01  1.46e-01  5.78e-02  4.66e-02  2.43e-02  2.04e+03  2.82e+01 -1.00e+05
2016 03 12  0200   57459   7200   1.16e+00  2.48e-01  2.21e-01  1.10e-01  9.51e-02  5.43e-02  2.10e+03  2.39e+01 -1.00e+05
2016 03 12  0205   57459   7500   9.37e-01  1.54e-01  1.26e-01  8.95e-02  7.83e-02  5.60e-02  1.98e+03  2.40e+01 -1.00e+05
2016 03 12  0210   57459   7800   1.74e+00  4.59e-01  3.43e-01  9.67e-02  5.32e-02  2.43e-02  2.02e+03  2.31e+01 -1.00e+05
2016 03 12  0215   57459   8100   1.37e+00  2.58e-01  1.42e-01  5.78e-02  4.66e-02  2.43e-02  1.93e+03  2.56e+01 -1.00e+05
2016 03 12  0220   57459   8400   1.32e+00  1.40e-01  1.13e-01  7.60e-02  6.48e-02  3.01e-02  2.03e+03  2.51e+01 -1.00e+05
2016 03 12  0225   57459   8700   1.36e+00  2.27e-01  1.11e-01  5.78e-02  4.66e-02  2.43e-02  2.17e+03  2.42e+01 -1.00e+05
2016 03 12  0230   57459   9000   8.44e-01  1.26e-01  9.91e-02  6.22e-02  5.10e-02  2.87e-02  1.93e+03  2.36e+01 -1.00e+05
2016 03 12  0235   57459   9300   9.58e-01  1.69e-01  1.02e-01  5.78e-02  4.66e-02  2.43e-02  1.77e+03  2.00e+01 -1.00e+05
2016 03 12  0240   57459   9600   7.96e-01  1.43e-01  1.16e-01  7.87e-02  6.75e-02  4.52e-02  1.58e+03  1.52e+01 -1.00e+05
2016 03 12  0245   57459   9900   7.28e-01  1.83e-01  1.56e-01  1.18e-01  9.44e-02  4.15e-02  1.65e+03  1.42e+01 -1.00e+05
2016 03 12  0250   57459  10200   8.39e-01  2.96e-01  2.33e-01  6.34e-02  5.22e-02  2.61e-02  1.61e+03  1.44e+01 -1.00e+05
2016 03 12  0255   57459  10500   9.34e-01  2.75e-01  1.65e-01  1.26e-01  1.15e-01  4.63e-02  1.55e+03  1.08e+01 -1.00e+05
2016 03 12  0300   57459  10800   6.24e-01  2.03e-01  1.76e-01  1.18e-01  8.57e-02  4.29e-02  1.63e+03  1.32e+01 -1.00e+05
2016 03 12  0305   57459  11100   1.75e+00  7.04e-01  3.24e-01  8.20e-02  5.21e-02  2.43e-02  1.67e+03  1.50e+01 -1.00e+05
2016 03 12  0310   57459  11400   6.61e-01  1.89e-01  1.62e-01  6.89e-02  4.91e-02  2.43e-02  1.57e+03  1.67e+01 -1.00e+05
2016 03 12  0315   57459  11700   8.51e-01  2.04e-01  1.77e-01  6.89e-02  4.91e-02  2.43e-02  1.51e+03  1.55e+01 -1.00e+05
2016 03 12  0320   57459  12000   8.11e-01  1.79e-01  1.52e-01  5.78e-02  4.66e-02  2.43e-02  1.39e+03  1.60e+01 -1.00e+05
2016 03 12  0325   57459  12300   1.55e+00  4.16e-01  1.86e-01  8.45e-02  7.33e-02  5.10e-02  1.41e+03  1.51e+01 -1.00e+05
2016 03 12  0330   57459  12600   8.06e-01  1.27e-01  1.00e-01  6.34e-02  5.22e-02  2.61e-02  1.35e+03  1.35e+01 -1.00e+05
2016 03 12  0335   57459  12900   1.01e+00  2.01e-01  1.34e-01  8.85e-02  5.35e-02  2.43e-02  1.34e+03  1.21e+01 -1.00e+05
2016 03 12  0340   57459  13200   6.97e-01  1.66e-01  1.39e-01  5.78e-02  4.66e-02  2.43e-02  1.26e+03  1.22e+01 -1.00e+05
2016 03 12  0345   57459  13500   1.26e+00  2.09e-01  9.65e-02  5.78e-02  4.66e-02  2.43e-02  1.33e+03  1.15e+01 -1.00e+05
2016 03 12  0350   57459  13800   8.67e-01  1.97e-01  1.70e-01  7.54e-02  5.06e-02  2.43e-02  1.29e+03  8.74e+00 -1.00e+05
2016 03 12  0355   57459  14100   7.99e-01  1.22e-01  9.47e-02  5.78e-02  4.66e-02  2.43e-02  1.22e+03  9.34e+00 -1.00e+05
2016 03 12  0400   57459  14400   1.01e+00  1.85e-01  1.58e-01  1.19e-01  7.94e-02  3.22e-02  1.13e+03  7.06e+00 -1.00e+05
2016 03 12  0405   57459  14700   8.89e-01  1.79e-01  1.52e-01  5.78e-02  4.66e-02  2.43e-02  1.09e+03  9.88e+00 -1.00e+05
2016 03 12  0410   57459  15000   7.25e-01  2.41e-01  2.14e-01  8.58e-02  6.40e-02  3.86e-02  1.29e+03  9.97e+00 -1.00e+05
2016 03 12  0415   57459  15300   7.50e-01  1.39e-01  1.12e-01  7.46e-02  6.34e-02  4.11e-02  1.34e+03  9.95e+00 -1.00e+05
2016 03 12  0420   57459  15600   7.58e-01  1.22e-01  9.47e-02  5.78e-02  4.66e-02  2.43e-02  1.50e+03  1.32e+01 -1.00e+05
2016 03 12  0425   57459  15900   1.30e+00  1.46e-01  1.19e-01  8.20e-02  7.08e-02  4.85e-02  1.75e+03  2.00e+01 -1.00e+05
2016 03 12  0430   57459  16200   1.90e+00  2.94e-01  1.99e-01  1.49e-01  1.35e-01  5.23e-02  2.11e+03  2.24e+01 -1.00e+05
2016 03 12  0435   57459  16500   1.26e+00  1.71e-01  1.44e-01  1.07e-01  9.56e-02  7.33e-02  2.11e+03  2.33e+01 -1.00e+05
2016 03 12  0440   57459  16800   2.53e+00  2.98e-01  9.62e-02  5.78e-02  4.66e-02  2.43e-02  2.15e+03  2.34e+01 -1.00e+05
2016 03 12  0445   57459  17100   1.07e+00  2.08e-01  1.81e-01  1.44e-01  1.19e-01  4.63e-02  2.19e+03  2.16e+01 -1.00e+05
2016 03 12  0450   57459  17400   9.66e+00  1.22e-01  9.47e-02  5.78e-02  4.66e-02  2.43e-02  2.38e+03  2.70e+01 -1.00e+05
2016 03 12  0455   57459  17700   2.80e+00  2.88e-01  1.78e-01  1.26e-01  1.15e-01  4.63e-02  2.93e+03  3.18e+01 -1.00e+05
2016 03 12  0500   57459  18000   1.80e+00  2.30e-01  2.03e-01  1.01e-01  8.98e-02  3.82e-02  3.07e+03  3.23e+01 -1.00e+05
2016 03 12  0505   57459  18300   2.03e+00  1.22e-01  9.47e-02  5.78e-02  4.66e-02  2.43e-02  3.52e+03  3.74e+01 -1.00e+05
2016 03 12  0510   57459  18600   4.16e+00  5.01e-01  2.86e-01  1.00e-01  6.54e-02  2.81e-02  3.47e+03  3.52e+01 -1.00e+05
2016 03 12  0515   57459  18900   3.77e+00  2.09e-01  9.65e-02  5.78e-02  4.66e-02  2.43e-02  3.51e+03  3.67e+01 -1.00e+05
2016 03 12  0520   57459  19200   2.17e+00  1.68e-01  1.41e-01  6.23e-02  4.76e-02  2.43e-02  3.51e+03  3.27e+01 -1.00e+05
2016 03 12  0525   57459  19500   1.62e+00  1.36e-01  1.09e-01  7.21e-02  6.09e-02  3.86e-02  3.94e+03  3.33e+01 -1.00e+05
2016 03 12  0530   57459  19800   1.57e+00  1.47e-01  1.20e-01  8.20e-02  5.21e-02  2.43e-02  3.76e+03  3.23e+01 -1.00e+05
2016 03 12  0535   57459  20100   1.57e+00  1.84e-01  1.56e-01  6.23e-02  4.76e-02  2.43e-02  3.54e+03  2.87e+01 -1.00e+05
2016 03 12  0540   57459  20400   1.66e+00  1.63e-01  1.36e-01  9.94e-02  8.82e-02  6.59e-02  3.83e+03  2.94e+01 -1.00e+05
2016 03 12  0545   57459  20700   2.03e+00  2.12e-01  1.84e-01  9.72e-02  8.32e-02  5.39e-02  3.98e+03  3.03e+01 -1.00e+05
2016 03 12  0550   57459  21000   1.96e+00  3.04e-01  2.76e-01  1.02e-01  5.65e-02  2.43e-02  4.37e+03  3.47e+01 -1.00e+05
2016 03 12  0555   57459  21300   1.95e+00  2.30e-01  2.03e-01  9.41e-02  6.78e-02  4.11e-02  4.69e+03  3.34e+01 -1.00e+05
2016 03 12  0600   57459  21600   2.11e+00  2.48e-01  2.21e-01  1.81e-01  1.10e-01  4.51e-02  4.95e+03  3.72e+01 -1.00e+05
2016 03 12  0605   57459  21900   2.11e+00  2.58e-01  2.31e-01  1.89e-01  1.39e-01  5.03e-02  4.95e+03  3.63e+01 -1.00e+05
2016 03 12  0610   57459  22200   2.18e+00  1.31e-01  1.04e-01  6.72e-02  5.60e-02  3.37e-02  4.96e+03  3.95e+01 -1.00e+05
2016 03 12  0615   57459  22500   2.49e+00  1.69e-01  1.02e-01  5.78e-02  4.66e-02  2.43e-02  4.85e+03  3.59e+01 -1.00e+05
2016 03 12  0620   57459  22800   2.18e+00  1.76e-01  1.09e-01  6.47e-02  5.35e-02  3.12e-02  4.95e+03  3.77e+01 -1.00e+05
2016 03 12  0625   57459  23100   1.97e+00  1.86e-01  1.59e-01  9.19e-02  8.08e-02  5.84e-02  4.74e+03  3.73e+01 -1.00e+05
2016 03 12  0630   57459  23400   1.65e+00  1.47e-01  1.20e-01  8.20e-02  5.21e-02  2.43e-02  4.91e+03  4.03e+01 -1.00e+05
2016 03 12  0635   57459  23700   1.66e+00  1.90e-01  1.63e-01  1.25e-01  9.05e-02  3.62e-02  4.86e+03  3.37e+01 -1.00e+05
2016 03 12  0640   57459  24000   1.60e+00  1.89e-01  1.62e-01  8.85e-02  7.73e-02  3.42e-02  4.72e+03  3.26e+01 -1.00e+05
2016 03 12  0645   57459  24300   1.62e+00  1.27e-01  9.94e-02  6.23e-02  4.76e-02  2.43e-02  4.72e+03  3.85e+01 -1.00e+05
2016 03 12  0650   57459  24600   1.78e+00  1.64e-01  1.37e-01  1.00e-01  8.89e-02  6.66e-02  4.74e+03  3.33e+01 -1.00e+05
2016 03 12  0655   57459  24900   2.94e+00  4.66e-01  2.31e-01  1.07e-01  9.61e-02  4.02e-02  4.86e+03  3.69e+01 -1.00e+05
2016 03 12  0700   57459  25200   3.14e+00  2.72e-01  1.13e-01  7.46e-02  6.34e-02  4.11e-02  4.87e+03  3.39e+01 -1.00e+05
2016 03 12  0705   57459  25500   3.07e+00  2.01e-01  1.34e-01  5.78e-02  4.66e-02  2.43e-02  4.87e+03  3.54e+01 -1.00e+05
2016 03 12  0710   57459  25800   1.79e+00  1.36e-01  1.09e-01  7.24e-02  6.12e-02  3.87e-02  4.88e+03  3.80e+01 -1.00e+05
2016 03 12  0715   57459  26100   2.56e+00  2.65e-01  2.38e-01  2.00e-01  1.54e-01  7.04e-02  4.95e+03  3.36e+01 -1.00e+05
2016 03 12  0720   57459  26400   1.91e+00  2.10e-01  1.82e-01  1.44e-01  9.38e-02  2.59e-02  4.95e+03  3.57e+01 -1.00e+05
2016 03 12  0725   57459  26700   2.14e+00  1.34e-01  1.07e-01  6.97e-02  5.85e-02  3.62e-02  5.03e+03  3.74e+01 -1.00e+05
2016 03 12  0730   57459  27000   3.94e+00  2.10e-01  1.83e-01  9.69e-02  8.57e-02  6.34e-02  5.04e+03  3.49e+01 -1.00e+05
2016 03 12  0735   57459  27300   2.17e+00  1.27e-01  9.94e-02  6.23e-02  4.76e-02  2.43e-02  5.20e+03  3.96e+01 -1.00e+05
2016 03 12  0740   57459  27600   7.10e+00  3.23e-01  1.21e-01  8.20e-02  5.21e-02  2.43e-02  5.20e+03  4.13e+01 -1.00e+05
2016 03 12  0745   57459  27900   2.13e+00  1.27e-01  9.94e-02  6.23e-02  4.76e-02  2.43e-02  5.31e+03  3.84e+01 -1.00e+05
2016 03 12  0750   57459  28200   2.73e+00  1.24e-01  9.66e-02  5.98e-02  4.86e-02  2.62e-02  5.45e+03  3.93e+01 -1.00e+05
2016 03 12  0755   57459  28500   3.75e+00  2.09e-01  9.65e-02  5.78e-02  4.66e-02  2.43e-02  5.32e+03  3.65e+01 -1.00e+05
2016 03 12  0800   57459  28800   2.51e+00  1.27e-01  1.00e-01  6.34e-02  5.22e-02  2.61e-02  5.26e+03  3.59e+01 -1.00e+05
2016 03 12  0805   57459  29100   3.57e+00  3.51e-01  2.57e-01  2.07e-01  1.59e-01  6.69e-02  5.34e+03  3.61e+01 -1.00e+05
2016 03 12  0810   57459  29400   2.30e+00  1.22e-01  9.47e-02  5.78e-02  4.66e-02  2.43e-02  5.24e+03  4.13e+01 -1.00e+05
2016 03 12  0815   57459  29700   2.83e+00  1.97e-01  1.69e-01  8.95e-02  7.83e-02  5.60e-02  5.22e+03  3.92e+01 -1.00e+05
2016 03 12  0820   57459  30000   2.20e+00  1.22e-01  9.47e-02  5.78e-02  4.66e-02  2.43e-02  5.27e+03  4.59e+01 -1.00e+05
2016 03 12  0825   57459  30300   2.65e+00  2.24e-01  1.97e-01  1.20e-01  1.09e-01  4.42e-02  5.30e+03  4.45e+01 -1.00e+05
2016 03 12  0830   57459  30600   3.60e+00  2.27e-01  1.11e-01  5.78e-02  4.66e-02  2.43e-02  5.00e+03  3.63e+01 -1.00e+05
2016 03 12  0835   57459  30900   5.34e+00  3.51e-01  1.30e-01  9.19e-02  8.08e-02  5.84e-02  5.08e+03  3.80e+01 -1.00e+05
2016 03 12  0840   57459  31200   3.60e+00  2.10e-01  1.83e-01  9.69e-02  8.57e-02  6.34e-02  5.25e+03  3.88e+01 -1.00e+05
2016 03 12  0845   57459  31500   3.34e+00  1.22e-01  9.47e-02  5.78e-02  4.66e-02  2.43e-02  5.25e+03  4.18e+01 -1.00e+05
2016 03 12  0850   57459  31800   3.28e+00  1.68e-01  1.41e-01  6.23e-02  4.76e-02  2.43e-02  5.37e+03  4.02e+01 -1.00e+05
2016 03 12  0855   57459  32100   5.54e+00  5.01e-01  2.71e-01  5.78e-02  4.66e-02  2.43e-02  5.84e+03  4.49e+01 -1.00e+05
2016 03 12  0900   57459  32400   4.69e+00  2.65e-01  1.49e-01  9.51e-02  5.50e-02  2.43e-02  5.96e+03  4.61e+01 -1.00e+05
2016 03 12  0905   57459  32700   2.76e+00  3.18e-01  2.91e-01  1.15e-01  5.94e-02  2.43e-02  6.16e+03  4.21e+01 -1.00e+05
2016 03 12  0910   57459  33000   5.00e+00  2.27e-01  1.11e-01  5.78e-02  4.66e-02  2.43e-02  6.75e+03  4.48e+01 -1.00e+05
2016 03 12  0915   57459  33300   2.68e+00  1.22e-01  9.47e-02  5.78e-02  4.66e-02  2.43e-02  6.83e+03  4.98e+01 -1.00e+05
2016 03 12  0920   57459  33600   5.57e+00  2.71e-01  1.59e-01  1.20e-01  1.09e-01  4.42e-02  7.15e+03  5.27e+01 -1.00e+05
2016 03 12  0925   57459  33900   2.75e+00  1.22e-01  9.47e-02  5.78e-02  4.66e-02  2.43e-02  7.42e+03  5.63e+01 -1.00e+05
2016 03 12  0930   57459  34200   3.04e+00  1.86e-01  1.59e-01  1.22e-01  1.10e-01  5.12e-02  7.60e+03  5.27e+01 -1.00e+05
2016 03 12  0935   57459  34500   3.28e+00  1.47e-01  1.20e-01  8.20e-02  5.21e-02  2.43e-02  7.74e+03  5.20e+01 -1.00e+05
2016 03 12  0940   57459  34800   3.15e+00  1.81e-01  1.54e-01  1.17e-01  1.06e-01  8.32e-02  7.87e+03  5.26e+01 -1.00e+05
2016 03 12  0945   57459  35100   3.27e+00  1.40e-01  1.13e-01  7.54e-02  5.06e-02  2.43e-02  8.15e+03  5.60e+01 -1.00e+05
2016 03 12  0950   57459  35400   2.92e+00  1.47e-01  1.20e-01  8.20e-02  5.21e-02  2.43e-02  8.24e+03  5.90e+01 -1.00e+05
2016 03 12  0955   57459  35700   2.82e+00  1.22e-01  9.47e-02  5.78e-02  4.66e-02  2.43e-02  8.41e+03  6.67e+01 -1.00e+05
2016 03 12  1000   57459  36000   3.17e+00  1.84e-01  1.57e-01  1.20e-01  1.09e-01  4.42e-02  8.58e+03  5.92e+01 -1.00e+05
2016 03 12  1005   57459  36300   4.03e+00  3.10e-01  1.96e-01  9.44e-02  8.32e-02  6.09e-02  8.87e+03  6.21e+01 -1.00e+05
2016 03 12  1010   57459  36600   3.25e+00  1.79e-01  1.52e-01  5.78e-02  4.66e-02  2.43e-02  9.04e+03  6.39e+01 -1.00e+05
2016 03 12  1015   57459  36900   4.53e+00  2.06e-01  1.79e-01  9.19e-02  8.08e-02  5.84e-02  9.56e+03  6.78e+01 -1.00e+05
2016 03 12  1020   57459  37200   3.79e+00  1.83e-01  1.56e-01  1.18e-01  9.86e-02  4.02e-02  9.93e+03  6.65e+01 -1.00e+05
2016 03 12  1025   57459  37500   8.38e+00  2.91e-01  1.30e-01  9.13e-02  8.01e-02  2.59e-02  1.01e+04  7.22e+01 -1.00e+05
2016 03 12  1030   57459  37800   4.55e+00  1.90e-01  1.63e-01  1.26e-01  1.15e-01  4.63e-02  1.06e+04  7.63e+01 -1.00e+05
2016 03 12  1035   57459  38100   7.40e+00  2.11e-01  9.85e-02  5.98e-02  4.86e-02  2.62e-02  1.10e+04  7.98e+01 -1.00e+05
2016 03 12  1040   57459  38400   7.78e+00  2.09e-01  9.65e-02  5.78e-02  4.66e-02  2.43e-02  1.10e+04  8.03e+01 -1.00e+05
2016 03 12  1045   57459  38700   4.81e+00  1.33e-01  1.06e-01  6.89e-02  4.91e-02  2.43e-02  1.13e+04  8.54e+01 -1.00e+05
2016 03 12  1050   57459  39000   5.40e+00  1.59e-01  1.32e-01  9.48e-02  8.36e-02  3.62e-02  1.16e+04  8.39e+01 -1.00e+05
2016 03 12  1055   57459  39300   4.81e+00  1.79e-01  1.52e-01  5.78e-02  4.66e-02  2.43e-02  1.17e+04  9.05e+01 -1.00e+05
2016 03 12  1100   57459  39600   5.08e+00  1.22e-01  9.47e-02  5.78e-02  4.66e-02  2.43e-02  1.17e+04  8.98e+01 -1.00e+05
2016 03 12  1105   57459  39900   4.74e+00  1.60e-01  1.33e-01  9.51e-02  5.50e-02  2.43e-02  1.17e+04  9.27e+01 -1.00e+05
2016 03 12  1110   57459  40200   6.87e+00  2.27e-01  1.11e-01  5.78e-02  4.66e-02  2.43e-02  1.23e+04  9.85e+01 -1.00e+05
2016 03 12  1115   57459  40500   4.90e+00  1.27e-01  9.94e-02  6.23e-02  4.76e-02  2.43e-02  1.23e+04  1.02e+02 -1.00e+05
2016 03 12  1120   57459  40800   5.01e+00  2.08e-01  1.81e-01  1.44e-01  1.19e-01  4.63e-02  1.23e+04  9.80e+01 -1.00e+05
2016 03 12  1125   57459  41100   4.45e+00  1.96e-01  1.69e-01  1.32e-01  1.21e-01  4.83e-02  1.25e+04  1.03e+02 -1.00e+05
2016 03 12  1130   57459  41400   6.10e+00  2.86e-01  1.75e-01  7.45e-02  5.47e-02  2.61e-02  1.23e+04  1.03e+02 -1.00e+05
2016 03 12  1135   57459  41700   4.08e+00  1.90e-01  1.63e-01  1.26e-01  1.15e-01  4.63e-02  1.23e+04  1.02e+02 -1.00e+05
2016 03 12  1140   57459  42000   4.02e+00  2.11e-01  1.83e-01  8.85e-02  5.35e-02  2.43e-02  1.23e+04  1.01e+02 -1.00e+05
2016 03 12  1145   57459  42300   4.38e+00  2.06e-01  1.79e-01  1.42e-01  1.30e-01  8.45e-02  1.24e+04  1.02e+02 -1.00e+05
2016 03 12  1150   57459  42600   9.28e+00  3.52e-01  1.96e-01  1.57e-01  1.46e-01  7.77e-02  1.29e+04  1.07e+02 -1.00e+05
2016 03 12  1155   57459  42900   4.93e+00  2.65e-01  2.37e-01  9.51e-02  5.50e-02  2.43e-02  1.30e+04  1.15e+02 -1.00e+05
2016 03 12  1200   57459  43200   7.95e+00  3.12e-01  1.66e-01  5.78e-02  4.66e-02  2.43e-02  1.31e+04  1.11e+02 -1.00e+05
2016 03 12  1205   57459  43500   5.44e+00  3.14e-01  2.58e-01  1.08e-01  9.73e-02  6.71e-02  1.30e+04  1.11e+02 -1.00e+05
2016 03 12  1210   57459  43800   5.25e+00  1.79e-01  1.52e-01  5.78e-02  4.66e-02  2.43e-02  1.35e+04  1.20e+02 -1.00e+05
2016 03 12  1215   57459  44100   8.52e+00  2.09e-01  9.65e-02  5.78e-02  4.66e-02  2.43e-02  1.36e+04  1.24e+02 -1.00e+05
2016 03 12  1220   57459  44400   5.70e+00  2.00e-01  1.73e-01  8.76e-02  5.77e-02  2.61e-02  1.37e+04  1.17e+02 -1.00e+05
2016 03 12  1225   57459  44700   8.07e+00  2.84e-01  1.68e-01  5.78e-02  4.66e-02  2.43e-02  1.40e+04  1.31e+02 -1.00e+05
2016 03 12  1230   57459  45000   5.66e+00  1.22e-01  9.47e-02  5.78e-02  4.66e-02  2.43e-02  1.43e+04  1.30e+02 -1.00e+05
2016 03 12  1235   57459  45300   5.47e+00  1.22e-01  9.47e-02  5.78e-02  4.66e-02  2.43e-02  1.43e+04  1.31e+02 -1.00e+05
2016 03 12  1240   57459  45600   8.93e+00  2.88e-01  1.78e-01  1.26e-01  1.15e-01  4.63e-02  1.43e+04  1.22e+02 -1.00e+05
2016 03 12  1245   57459  45900   6.04e+00  1.22e-01  9.47e-02  5.78e-02  4.66e-02  2.43e-02  1.45e+04  1.34e+02 -1.00e+05
2016 03 12  1250   57459  46200   5.95e+00  1.60e-01  1.33e-01  9.51e-02  5.50e-02  2.43e-02  1.46e+04  1.28e+02 -1.00e+05
2016 03 12  1255   57459  46500   5.52e+00  1.81e-01  1.54e-01  1.17e-01  1.06e-01  8.32e-02  1.45e+04  1.34e+02 -1.00e+05
2016 03 12  1300   57459  46800   5.88e+00  1.86e-01  1.59e-01  1.21e-01  8.15e-02  5.10e-02  1.43e+04  1.29e+02 -1.00e+05
2016 03 12  1305   57459  47100   5.65e+00  1.36e-01  1.09e-01  7.21e-02  6.09e-02  3.86e-02  1.44e+04  1.28e+02 -1.00e+05
2016 03 12  1310   57459  47400   5.88e+00  1.90e-01  1.63e-01  6.89e-02  4.91e-02  2.43e-02  1.45e+04  1.29e+02 -1.00e+05
2016 03 12  1315   57459  47700   6.21e+00  1.59e-01  1.32e-01  9.47e-02  7.56e-02  5.10e-02  1.50e+04  1.26e+02 -1.00e+05
2016 03 12  1320   57459  48000   7.73e+00  1.86e-01  1.33e-01  9.17e-02  8.05e-02  4.66e-02  1.53e+04  1.47e+02 -1.00e+05
2016 03 12  1325   57459  48300   6.67e+00  1.54e-01  1.27e-01  9.00e-02  7.65e-02  5.35e-02  1.55e+04  1.45e+02 -1.00e+05
2016 03 12  1330   57459  48600   7.12e+00  2.05e-01  1.78e-01  8.70e-02  7.58e-02  5.35e-02  1.58e+04  1.51e+02 -1.00e+05
2016 03 12  1335   57459  48900   7.03e+00  2.46e-01  2.19e-01  8.85e-02  5.35e-02  2.43e-02  1.58e+04  1.51e+02 -1.00e+05
2016 03 12  1340   57459  49200   6.40e+00  2.41e-01  2.14e-01  8.22e-02  5.94e-02  3.37e-02  1.56e+04  1.50e+02 -1.00e+05
2016 03 12  1345   57459  49500   5.85e+00  2.23e-01  1.96e-01  1.27e-01  1.16e-01  5.13e-02  1.46e+04  1.38e+02 -1.00e+05
2016 03 12  1350   57459  49800   8.92e+00  2.28e-01  1.13e-01  5.98e-02  4.86e-02  2.62e-02  1.50e+04  1.37e+02 -1.00e+05
2016 03 12  1355   57459  50100   8.79e+00  3.33e-01  2.32e-01  7.60e-02  6.48e-02  3.01e-02  1.50e+04  1.36e+02 -1.00e+05
2016 03 12  1400   57459  50400   6.19e+00  1.22e-01  9.47e-02  5.78e-02  4.66e-02  2.43e-02  1.50e+04  1.45e+02 -1.00e+05
2016 03 12  1405   57459  50700   6.70e+00  1.27e-01  9.94e-02  6.23e-02  4.76e-02  2.43e-02  1.49e+04  1.37e+02 -1.00e+05
2016 03 12  1410   57459  51000   6.17e+00  1.36e-01  1.09e-01  7.21e-02  6.09e-02  3.86e-02  1.50e+04  1.40e+02 -1.00e+05
2016 03 12  1415   57459  51300   7.46e+00  1.70e-01  1.07e-01  6.34e-02  5.22e-02  2.61e-02  1.48e+04  1.39e+02 -1.00e+05
2016 03 12  1420   57459  51600   6.32e+00  1.82e-01  1.55e-01  7.46e-02  6.34e-02  4.11e-02  1.41e+04  1.43e+02 -1.00e+05
2016 03 12  1425   57459  51900   6.33e+00  1.43e-01  1.16e-01  7.92e-02  6.25e-02  3.86e-02  1.44e+04  1.50e+02 -1.00e+05
2016 03 12  1430   57459  52200   9.73e+00  2.89e-01  1.78e-01  1.39e-01  1.05e-01  7.58e-02  1.45e+04  1.38e+02 -1.00e+05
2016 03 12  1435   57459  52500   8.30e+00  2.29e-01  1.37e-01  8.85e-02  7.73e-02  3.42e-02  1.36e+04  1.40e+02 -1.00e+05
2016 03 12  1440   57459  52800   6.00e+00  1.55e-01  1.28e-01  9.13e-02  8.01e-02  2.59e-02  1.42e+04  1.45e+02 -1.00e+05
2016 03 12  1445   57459  53100   1.17e+01  2.58e-01  9.83e-02  5.98e-02  4.86e-02  2.62e-02  1.42e+04  1.28e+02 -1.00e+05
2016 03 12  1450   57459  53400   6.99e+00  1.54e-01  1.26e-01  5.78e-02  4.66e-02  2.43e-02  1.48e+04  1.64e+02 -1.00e+05
2016 03 12  1455   57459  53700   7.03e+00  2.06e-01  1.79e-01  9.17e-02  8.05e-02  4.66e-02  1.48e+04  1.49e+02 -1.00e+05
2016 03 12  1500   57459  54000   1.28e+01  4.17e-01  2.10e-01  9.98e-02  5.32e-02  2.43e-02  1.55e+04  1.63e+02 -1.00e+05
2016 03 12  1505   57459  54300   7.11e+00  2.34e-01  2.07e-01  1.70e-01  1.59e-01  6.03e-02  1.51e+04  1.65e+02 -1.00e+05
2016 03 12  1510   57459  54600   6.52e+00  3.26e-01  2.73e-01  1.13e-01  7.32e-02  3.01e-02  1.46e+04  1.43e+02 -1.00e+05
2016 03 12  1515   57459  54900   5.84e+00  1.34e-01  1.07e-01  6.97e-02  5.85e-02  2.81e-02  1.45e+04  1.49e+02 -1.00e+05
2016 03 12  1520   57459  55200   9.71e+00  2.27e-01  1.11e-01  5.78e-02  4.66e-02  2.43e-02  1.52e+04  1.66e+02 -1.00e+05
2016 03 12  1525   57459  55500   7.11e+00  3.14e-01  2.47e-01  7.54e-02  5.06e-02  2.43e-02  1.48e+04  1.56e+02 -1.00e+05
2016 03 12  1530   57459  55800   8.60e+00  2.45e-01  1.29e-01  7.54e-02  5.06e-02  2.43e-02  1.50e+04  1.61e+02 -1.00e+05
2016 03 12  1535   57459  56100   6.45e+00  1.71e-01  1.44e-01  1.07e-01  9.61e-02  4.02e-02  1.53e+04  1.67e+02 -1.00e+05
2016 03 12  1540   57459  56400   5.56e+00  1.22e-01  9.47e-02  5.78e-02  4.66e-02  2.43e-02  1.50e+04  1.63e+02 -1.00e+05
2016 03 12  1545   57459  56700   6.41e+00  1.39e-01  1.12e-01  7.46e-02  6.34e-02  4.11e-02  1.55e+04  1.73e+02 -1.00e+05
2016 03 12  1550   57459  57000   7.31e+00  1.59e-01  1.32e-01  9.48e-02  8.36e-02  3.62e-02  1.62e+04  1.82e+02 -1.00e+05
2016 03 12  1555   57459  57300   7.69e+00  1.66e-01  1.39e-01  1.02e-01  9.07e-02  4.15e-02  1.54e+04  1.73e+02 -1.00e+05
2016 03 12  1600   57459  57600   8.46e+00  2.42e-01  1.76e-01  7.96e-02  6.84e-02  4.61e-02  1.53e+04  1.71e+02 -1.00e+05
2016 03 12  1605   57459  57900   7.76e+00  1.60e-01  1.33e-01  6.47e-02  5.35e-02  3.12e-02  1.57e+04  1.74e+02 -1.00e+05
2016 03 12  1610   57459  58200   6.86e+00  1.86e-01  1.59e-01  6.72e-02  5.60e-02  3.37e-02  1.58e+04  1.78e+02 -1.00e+05
2016 03 12  1615   57459  58500   7.52e+00  1.60e-01  1.33e-01  9.51e-02  5.50e-02  2.43e-02  1.54e+04  1.77e+02 -1.00e+05
2016 03 12  1620   57459  58800   6.24e+00  1.98e-01  1.71e-01  1.33e-01  8.24e-02  3.22e-02  1.46e+04  1.65e+02 -1.00e+05
2016 03 12  1625   57459  59100   7.91e+00  2.42e-01  1.75e-01  6.23e-02  4.76e-02  2.43e-02  1.45e+04  1.66e+02 -1.00e+05
2016 03 12  1630   57459  59400   6.45e+00  1.33e-01  1.06e-01  6.89e-02  4.91e-02  2.43e-02  1.46e+04  1.76e+02 -1.00e+05
2016 03 12  1635   57459  59700   6.03e+00  1.34e-01  1.07e-01  6.97e-02  5.85e-02  2.81e-02  1.46e+04  1.77e+02 -1.00e+05
2016 03 12  1640   57459  60000   6.04e+00  3.48e-01  3.21e-01  9.51e-02  5.50e-02  2.43e-02  1.40e+04  1.61e+02 -1.00e+05
2016 03 12  1645   57459  60300   8.88e+00  2.51e-01  1.37e-01  8.45e-02  7.33e-02  5.10e-02  1.42e+04  1.65e+02 -1.00e+05
2016 03 12  1650   57459  60600   5.76e+00  1.96e-01  1.69e-01  1.32e-01  1.21e-01  4.83e-02  1.40e+04  1.69e+02 -1.00e+05
2016 03 12  1655   57459  60900   6.53e+00  1.92e-01  1.26e-01  8.20e-02  7.08e-02  4.85e-02  1.40e+04  1.57e+02 -1.00e+05
2016 03 12  1700   57459  61200   5.08e+00  3.33e-01  3.06e-01  2.67e-01  1.74e-01  5.76e-02  1.40e+04  1.57e+02 -1.00e+05
2016 03 12  1705   57459  61500   4.95e+00  1.70e-01  1.43e-01  6.22e-02  5.10e-02  2.87e-02  1.44e+04  1.57e+02 -1.00e+05
2016 03 12  1710   57459  61800   5.47e+00  1.88e-01  1.61e-01  6.97e-02  5.85e-02  3.62e-02  1.49e+04  1.64e+02 -1.00e+05
2016 03 12  1715   57459  62100   4.91e+00  1.56e-01  1.29e-01  9.19e-02  8.08e-02  5.84e-02  1.48e+04  1.65e+02 -1.00e+05
2016 03 12  1720   57459  62400   5.03e+00  2.19e-01  1.92e-01  9.67e-02  5.32e-02  2.43e-02  1.45e+04  1.55e+02 -1.00e+05
2016 03 12  1725   57459  62700   6.92e+00  2.38e-01  1.22e-01  6.89e-02  4.91e-02  2.43e-02  1.51e+04  1.61e+02 -1.00e+05
2016 03 12  1730   57459  63000   4.42e+00  1.73e-01  1.46e-01  1.09e-01  9.81e-02  7.58e-02  1.51e+04  1.55e+02 -1.00e+05
2016 03 12  1735   57459  63300   4.07e+00  1.77e-01  1.50e-01  8.20e-02  7.08e-02  4.85e-02  1.50e+04  1.52e+02 -1.00e+05
2016 03 12  1740   57459  63600   3.89e+00  1.79e-01  1.52e-01  5.78e-02  4.66e-02  2.43e-02  1.48e+04  1.52e+02 -1.00e+05
2016 03 12  1745   57459  63900   3.55e+00  2.15e-01  1.88e-01  1.51e-01  1.40e-01  5.43e-02  1.44e+04  1.41e+02 -1.00e+05
2016 03 12  1750   57459  64200   3.22e+00  1.54e-01  1.27e-01  9.03e-02  7.91e-02  4.11e-02  1.44e+04  1.42e+02 -1.00e+05
2016 03 12  1755   57459  64500   5.24e+00  2.94e-01  1.80e-01  9.17e-02  7.88e-02  5.60e-02  1.56e+04  1.55e+02 -1.00e+05
2016 03 12  1800   57459  64800   3.83e+00  1.82e-01  1.55e-01  6.55e-02  5.18e-02  2.87e-02  1.56e+04  1.56e+02 -1.00e+05
2016 03 12  1805   57459  65100   3.86e+00  1.92e-01  1.65e-01  7.46e-02  6.34e-02  4.11e-02  1.53e+04  1.50e+02 -1.00e+05
2016 03 12  1810   57459  65400   3.69e+00  1.96e-01  1.69e-01  1.32e-01  1.21e-01  4.83e-02  1.52e+04  1.45e+02 -1.00e+05
2016 03 12  1815   57459  65700   3.88e+00  2.66e-01  2.39e-01  9.69e-02  7.25e-02  4.60e-02  1.47e+04  1.34e+02 -1.00e+05
2016 03 12  1820   57459  66000   3.79e+00  1.66e-01  1.39e-01  9.75e-02  5.38e-02  2.44e-02  1.51e+04  1.44e+02 -1.00e+05
2016 03 12  1825   57459  66300   3.34e+00  2.32e-01  2.05e-01  5.84e-02  4.71e-02  2.44e-02  1.44e+04  1.42e+02 -1.00e+05
2016 03 12  1830   57459  66600   3.97e+00  1.26e-01  9.84e-02  5.84e-02  4.71e-02  2.44e-02  1.59e+04  1.58e+02 -1.00e+05
2016 03 12  1835   57459  66900   3.53e+00  1.56e-01  1.29e-01  8.78e-02  5.37e-02  2.44e-02  1.34e+04  1.28e+02 -1.00e+05
2016 03 12  1840   57459  67200   2.46e+00  2.32e-01  2.05e-01  5.84e-02  4.71e-02  2.44e-02  1.24e+04  1.02e+02 -1.00e+05
2016 03 12  1845   57459  67500   2.21e+00  1.50e-01  1.22e-01  8.25e-02  7.12e-02  4.85e-02  1.27e+04  9.78e+01 -1.00e+05
2016 03 12  1850   57459  67800   3.21e+00  1.72e-01  1.06e-01  5.84e-02  4.71e-02  2.44e-02  1.30e+04  1.06e+02 -1.00e+05
2016 03 12  1855   57459  68100   2.68e+00  1.36e-01  1.08e-01  6.82e-02  4.93e-02  2.44e-02  1.40e+04  1.11e+02 -1.00e+05
2016 03 12  1900   57459  68400   2.70e+00  1.28e-01  1.01e-01  6.12e-02  4.99e-02  2.53e-02  1.43e+04  1.31e+02 -1.00e+05
2016 03 12  1905   57459  68700   3.29e+00  2.61e-01  1.68e-01  8.63e-02  7.50e-02  3.34e-02  1.28e+04  1.02e+02 -1.00e+05
2016 03 12  1910   57459  69000   2.54e+00  2.55e-01  2.27e-01  8.74e-02  7.62e-02  5.35e-02  1.27e+04  9.76e+01 -1.00e+05
2016 03 12  1915   57459  69300   4.49e+00  2.44e-01  1.04e-01  6.16e-02  4.78e-02  2.44e-02  1.31e+04  1.15e+02 -1.00e+05
2016 03 12  1920   57459  69600   1.94e+00  1.63e-01  1.36e-01  5.84e-02  4.71e-02  2.44e-02  1.25e+04  1.03e+02 -1.00e+05
2016 03 12  1925   57459  69900   2.03e+00  1.84e-01  1.57e-01  5.84e-02  4.71e-02  2.44e-02  1.21e+04  9.83e+01 -1.00e+05
2016 03 12  1930   57459  70200   2.24e+00  2.30e-01  1.14e-01  5.84e-02  4.71e-02  2.44e-02  1.18e+04  9.26e+01 -1.00e+05
2016 03 12  1935   57459  70500   1.46e+00  2.32e-01  2.05e-01  5.84e-02  4.71e-02  2.44e-02  1.16e+04  8.71e+01 -1.00e+05
2016 03 12  1940   57459  70800   2.59e+00  2.19e-01  1.04e-01  6.16e-02  4.78e-02  2.44e-02  1.09e+04  7.97e+01 -1.00e+05
2016 03 12  1945   57459  71100   1.59e+00  1.93e-01  1.66e-01  1.26e-01  1.15e-01  5.41e-02  1.05e+04  7.59e+01 -1.00e+05
2016 03 12  1950   57459  71400   3.10e+00  4.34e-01  1.76e-01  5.84e-02  4.71e-02  2.44e-02  1.14e+04  8.86e+01 -1.00e+05
2016 03 12  1955   57459  71700   2.57e+00  2.16e-01  1.01e-01  5.84e-02  4.71e-02  2.44e-02  1.05e+04  8.39e+01 -1.00e+05
2016 03 12  2000   57459  72000   1.47e+00  1.54e-01  1.27e-01  5.84e-02  4.71e-02  2.44e-02  9.66e+03  7.84e+01 -1.00e+05
2016 03 12  2005   57459  72300   1.59e+00  1.53e-01  1.26e-01  8.63e-02  7.50e-02  3.34e-02  9.80e+03  8.27e+01 -1.00e+05
2016 03 12  2010   57459  72600   2.82e+00  2.41e-01  1.01e-01  5.84e-02  4.71e-02  2.44e-02  1.06e+04  9.29e+01 -1.00e+05
2016 03 12  2015   57459  72900   2.70e+00  2.71e-01  1.32e-01  8.99e-02  7.86e-02  5.59e-02  1.00e+04  8.66e+01 -1.00e+05
2016 03 12  2020   57459  73200   1.44e+00  1.62e-01  1.35e-01  9.48e-02  8.35e-02  4.41e-02  9.82e+03  8.63e+01 -1.00e+05
2016 03 12  2025   57459  73500   1.60e+00  1.95e-01  1.67e-01  1.26e-01  9.25e-02  5.32e-02  9.23e+03  8.43e+01 -1.00e+05
2016 03 12  2030   57459  73800   2.46e+00  1.35e-01  1.08e-01  6.75e-02  5.62e-02  2.73e-02  1.08e+04  1.05e+02 -1.00e+05
2016 03 12  2035   57459  74100   2.36e+00  1.67e-01  1.40e-01  9.95e-02  8.82e-02  6.24e-02  1.10e+04  1.01e+02 -1.00e+05
2016 03 12  2040   57459  74400   1.40e+00  1.75e-01  1.48e-01  1.06e-01  5.38e-02  2.44e-02  9.99e+03  9.42e+01 -1.00e+05
2016 03 12  2045   57459  74700   2.97e+00  6.14e-01  2.35e-01  6.51e-02  5.39e-02  3.12e-02  9.26e+03  8.55e+01 -1.00e+05
2016 03 12  2050   57459  75000   1.41e+00  1.67e-01  1.40e-01  9.98e-02  8.85e-02  6.59e-02  8.80e+03  7.36e+01 -1.00e+05
2016 03 12  2055   57459  75300   1.07e+00  1.26e-01  9.84e-02  5.84e-02  4.71e-02  2.44e-02  8.50e+03  7.20e+01 -1.00e+05
2016 03 12  2100   57459  75600   1.05e+00  2.15e-01  1.88e-01  8.00e-02  6.87e-02  4.60e-02  8.38e+03  7.29e+01 -1.00e+05
2016 03 12  2105   57459  75900   1.21e+00  1.26e-01  9.84e-02  5.84e-02  4.71e-02  2.44e-02  8.40e+03  7.08e+01 -1.00e+05
2016 03 12  2110   57459  76200   1.31e+00  1.30e-01  1.03e-01  6.27e-02  5.14e-02  2.87e-02  8.42e+03  7.67e+01 -1.00e+05
2016 03 12  2115   57459  76500   1.26e+00  1.74e-01  1.47e-01  7.01e-02  5.88e-02  3.61e-02  8.02e+03  7.21e+01 -1.00e+05
2016 03 12  2120   57459  76800   2.65e+00  3.91e-01  1.76e-01  9.75e-02  5.38e-02  2.44e-02  7.87e+03  7.01e+01 -1.00e+05
2016 03 12  2125   57459  77100   8.62e-01  1.76e-01  1.49e-01  1.07e-01  5.38e-02  2.44e-02  7.61e+03  6.28e+01 -1.00e+05
2016 03 12  2130   57459  77400   9.49e-01  1.26e-01  9.84e-02  5.84e-02  4.71e-02  2.44e-02  6.99e+03  6.06e+01 -1.00e+05
2016 03 12  2135   57459  77700   9.33e-01  1.82e-01  1.55e-01  1.15e-01  1.03e-01  8.07e-02  6.55e+03  5.34e+01 -1.00e+05
2016 03 12  2140   57459  78000   1.02e+00  2.08e-01  1.44e-01  9.73e-02  8.61e-02  6.34e-02  6.08e+03  5.43e+01 -1.00e+05
2016 03 12  2145   57459  78300   1.36e+00  2.58e-01  1.42e-01  5.84e-02  4.71e-02  2.44e-02  6.09e+03  5.26e+01 -1.00e+05
2016 03 12  2150   57459  78600   1.84e+00  2.50e-01  1.10e-01  6.76e-02  5.63e-02  3.37e-02  5.91e+03  5.20e+01 -1.00e+05
2016 03 12  2155   57459  78900   1.94e+00  3.27e-01  1.00e-01  5.84e-02  4.71e-02  2.44e-02  5.48e+03  5.20e+01 -1.00e+05
2016 03 12  2200   57459  79200   8.73e-01  1.54e-01  1.27e-01  5.84e-02  4.71e-02  2.44e-02  5.44e+03  4.83e+01 -1.00e+05
2016 03 12  2205   57459  79500   1.08e+00  2.27e-01  2.00e-01  1.59e-01  1.35e-01  5.15e-02  5.33e+03  4.47e+01 -1.00e+05
2016 03 12  2210   57459  79800   8.20e-01  1.88e-01  1.61e-01  1.19e-01  7.55e-02  4.60e-02  5.43e+03  4.75e+01 -1.00e+05
2016 03 12  2215   57459  80100   9.36e-01  1.26e-01  9.84e-02  5.84e-02  4.71e-02  2.44e-02  5.28e+03  4.37e+01 -1.00e+05
2016 03 12  2220   57459  80400   1.50e+00  3.38e-01  1.32e-01  8.99e-02  7.86e-02  5.59e-02  5.10e+03  4.49e+01 -1.00e+05
2016 03 12  2225   57459  80700   1.07e+00  1.85e-01  1.58e-01  1.18e-01  1.06e-01  4.34e-02  5.18e+03  4.84e+01 -1.00e+05
2016 03 12  2230   57459  81000   2.80e+00  4.31e-01  1.49e-01  7.75e-02  6.63e-02  4.36e-02  4.61e+03  3.90e+01 -1.00e+05
2016 03 12  2235   57459  81300   1.76e+00  3.82e-01  1.45e-01  7.26e-02  6.13e-02  3.86e-02  4.84e+03  3.88e+01 -1.00e+05
2016 03 12  2240   57459  81600   1.09e+00  3.56e-01  3.29e-01  1.48e-01  9.86e-02  3.74e-02  4.44e+03  3.85e+01 -1.00e+05
2016 03 12  2245   57459  81900   6.77e-01  2.14e-01  1.87e-01  8.63e-02  7.50e-02  3.34e-02  4.51e+03  3.77e+01 -1.00e+05
2016 03 12  2250   57459  82200   1.07e+00  2.88e-01  2.23e-01  7.26e-02  6.13e-02  3.86e-02  4.38e+03  3.87e+01 -1.00e+05
2016 03 12  2255   57459  82500   9.64e-01  1.83e-01  1.56e-01  8.63e-02  7.50e-02  3.34e-02  4.77e+03  3.61e+01 -1.00e+05
2016 03 12  2300   57459  82800   7.51e-01  1.82e-01  1.55e-01  9.49e-02  8.36e-02  6.09e-02  4.10e+03  3.32e+01 -1.00e+05
2016 03 12  2305   57459  83100   1.24e+00  2.98e-01  1.86e-01  1.15e-01  1.03e-01  8.07e-02  3.83e+03  3.04e+01 -1.00e+05
2016 03 12  2310   57459  83400   1.29e+00  2.18e-01  1.03e-01  6.02e-02  4.89e-02  2.62e-02  3.80e+03  3.54e+01 -1.00e+05
2016 03 12  2315   57459  83700   7.32e-01  1.47e-01  1.20e-01  8.00e-02  6.88e-02  3.13e-02  4.30e+03  3.60e+01 -1.00e+05
2016 03 12  2320   57459  84000   2.18e+00  5.89e-01  2.39e-01  7.01e-02  5.88e-02  3.61e-02  3.82e+03  3.33e+01 -1.00e+05
2016 03 12  2325   57459  84300   7.92e-01  1.49e-01  1.22e-01  8.13e-02  5.22e-02  2.44e-02  4.00e+03  3.21e+01 -1.00e+05
2016 03 12  2330   57459  84600   8.65e-01  1.40e-01  1.13e-01  7.26e-02  6.13e-02  3.86e-02  3.92e+03  2.93e+01 -1.00e+05
2016 03 12  2335   57459  84900   6.97e-01  1.44e-01  1.17e-01  7.67e-02  6.03e-02  3.61e-02  3.44e+03  2.84e+01 -1.00e+05
2016 03 12  2340   57459  85200   6.33e-01  2.87e-01  1.74e-01  1.18e-01  8.92e-02  2.57e-02  3.63e+03  2.83e+01 -1.00e+05
2016 03 12  2345   57459  85500   9.57e-01  1.85e-01  1.58e-01  1.02e-01  9.09e-02  6.82e-02  3.58e+03  2.32e+01 -1.00e+05
2016 03 12  2350   57459  85800   1.11e+00  2.10e-01  1.43e-01  5.84e-02  4.71e-02  2.44e-02  3.39e+03  2.65e+01 -1.00e+05
2016 03 12  2355   57459  86100   1.34e+00  3.51e-01  1.35e-01  5.84e-02  4.71e-02  2.44e-02  3.32e+03  2.48e+01 -1.00e+05
