:Data_list: 20160421_Gp_part_5m.txt
:Created: 2016 Apr 22 0011 UTC
# Prepared by the U.S. Dept. of Commerce, NOAA, Space Weather Prediction Center
# Please send comments and suggestions to SWPC.Webmaster@noaa.gov 
# 
# Label: P > 1 = Particles at >1 Mev
# Label: P > 5 = Particles at >5 Mev
# Label: P >10 = Particles at >10 Mev
# Label: P >30 = Particles at >30 Mev
# Label: P >50 = Particles at >50 Mev
# Label: P>100 = Particles at >100 Mev
# Label: E>0.8 = Electrons at >0.8 Mev
# Label: E>2.0 = Electrons at >2.0 Mev
# Label: E>4.0 = Electrons at >4.0 Mev
# Units: Particles = Protons/cm2-s-sr
# Units: Electrons = Electrons/cm2-s-sr
# Source: GOES-13
# Location: W075
# Missing data: -1.00e+05
#
#                      5-minute  GOES-13 Solar Particle and Electron Flux
#
#                 Modified Seconds
# UTC Date  Time   Julian  of the
# YR MO DA  HHMM    Day     Day     P > 1     P > 5     P >10     P >30     P >50     P>100     E>0.8     E>2.0     E>4.0
#-------------------------------------------------------------------------------------------------------------------------
2016 04 21  0000   57499      0   8.93e-01  1.94e-01  1.59e-01  5.93e-02  4.74e-02  2.46e-02  1.39e+03  1.78e+01 -1.00e+05
2016 04 21  0005   57499    300   7.45e-01  1.69e-01  1.34e-01  8.67e-02  7.48e-02  5.20e-02  1.34e+03  1.82e+01 -1.00e+05
2016 04 21  0010   57499    600   1.49e+00  3.87e-01  1.87e-01  5.95e-02  4.76e-02  2.48e-02  1.32e+03  1.53e+01 -1.00e+05
2016 04 21  0015   57499    900   8.55e-01  1.49e-01  1.14e-01  6.69e-02  5.50e-02  3.22e-02  1.29e+03  1.47e+01 -1.00e+05
2016 04 21  0020   57499   1200   1.04e+00  2.71e-01  1.60e-01  1.03e-01  5.43e-02  2.45e-02  1.24e+03  1.64e+01 -1.00e+05
2016 04 21  0025   57499   1500   8.23e-01  1.76e-01  1.44e-01  1.03e-01  9.21e-02  6.92e-02  1.21e+03  1.36e+01 -1.00e+05
2016 04 21  0030   57499   1800   8.77e-01  1.97e-01  1.65e-01  7.61e-02  6.48e-02  4.20e-02  1.17e+03  1.22e+01 -1.00e+05
2016 04 21  0035   57499   2100   1.04e+00  2.21e-01  1.59e-01  1.12e-01  7.10e-02  3.95e-02  1.12e+03  1.25e+01 -1.00e+05
2016 04 21  0040   57499   2400   8.59e-01  1.73e-01  1.41e-01  7.36e-02  6.24e-02  3.95e-02  1.08e+03  1.20e+01 -1.00e+05
2016 04 21  0045   57499   2700   1.05e+00  1.31e-01  9.93e-02  5.87e-02  4.74e-02  2.45e-02  1.04e+03  1.14e+01 -1.00e+05
2016 04 21  0050   57499   3000   1.02e+00  1.66e-01  1.34e-01  9.34e-02  8.22e-02  5.93e-02  1.00e+03  1.22e+01 -1.00e+05
2016 04 21  0055   57499   3300   9.38e-01  1.31e-01  9.93e-02  5.87e-02  4.74e-02  2.45e-02  9.84e+02  1.18e+01 -1.00e+05
2016 04 21  0100   57499   3600   1.36e+00  3.04e-01  2.44e-01  9.84e-02  8.71e-02  6.43e-02  9.60e+02  7.33e+00 -1.00e+05
2016 04 21  0105   57499   3900   1.03e+00  1.64e-01  1.32e-01  9.18e-02  7.99e-02  5.68e-02  9.44e+02  1.10e+01 -1.00e+05
2016 04 21  0110   57499   4200   1.03e+00  2.09e-01  1.77e-01  1.35e-01  8.29e-02  4.83e-02  9.33e+02  6.82e+00 -1.00e+05
2016 04 21  0115   57499   4500   7.89e-01  1.31e-01  9.94e-02  5.88e-02  4.75e-02  2.46e-02  9.17e+02  1.04e+01 -1.00e+05
2016 04 21  0120   57499   4800   1.08e+00  2.49e-01  2.17e-01  6.85e-02  4.96e-02  2.45e-02  9.11e+02  6.24e+00 -1.00e+05
2016 04 21  0125   57499   5100   8.36e-01  1.35e-01  1.03e-01  6.19e-02  4.81e-02  2.45e-02  8.74e+02  9.56e+00 -1.00e+05
2016 04 21  0130   57499   5400   9.30e-01  1.79e-01  1.17e-01  7.12e-02  5.99e-02  3.70e-02  8.55e+02  6.98e+00 -1.00e+05
2016 04 21  0135   57499   5700   1.07e+00  1.71e-01  1.08e-01  6.19e-02  4.81e-02  2.45e-02  8.38e+02  8.82e+00 -1.00e+05
2016 04 21  0140   57499   6000   9.65e-01  1.74e-01  1.42e-01  6.37e-02  5.25e-02  2.96e-02  8.04e+02  5.84e+00 -1.00e+05
2016 04 21  0145   57499   6300   1.09e+00  1.97e-01  1.35e-01  5.87e-02  4.74e-02  2.45e-02  7.88e+02  8.36e+00 -1.00e+05
2016 04 21  0150   57499   6600   1.58e+00  2.79e-01  1.18e-01  7.61e-02  6.48e-02  4.20e-02  7.96e+02  7.60e+00 -1.00e+05
2016 04 21  0155   57499   6900   8.62e-01  1.61e-01  1.29e-01  5.87e-02  4.74e-02  2.45e-02  7.67e+02  7.33e+00 -1.00e+05
2016 04 21  0200   57499   7200   8.96e-01  1.80e-01  1.48e-01  5.87e-02  4.74e-02  2.45e-02  7.50e+02  4.24e+00 -1.00e+05
2016 04 21  0205   57499   7500   9.14e-01  1.31e-01  9.93e-02  5.87e-02  4.74e-02  2.45e-02  7.52e+02  6.36e+00 -1.00e+05
2016 04 21  0210   57499   7800   1.48e+00  2.41e-01  1.03e-01  6.12e-02  5.00e-02  2.71e-02  7.25e+02  8.28e+00 -1.00e+05
2016 04 21  0215   57499   8100   1.11e+00  2.41e-01  1.31e-01  7.61e-02  6.48e-02  4.20e-02  7.04e+02  4.49e+00 -1.00e+05
2016 04 21  0220   57499   8400   1.05e+00  1.61e-01  1.29e-01  5.87e-02  4.74e-02  2.45e-02  6.91e+02  7.32e+00 -1.00e+05
2016 04 21  0225   57499   8700   1.02e+00  1.31e-01  9.93e-02  5.87e-02  4.74e-02  2.45e-02  6.73e+02  8.06e+00 -1.00e+05
2016 04 21  0230   57499   9000   9.83e-01  2.69e-01  2.37e-01  1.94e-01  1.25e-01  5.69e-02  6.81e+02  1.92e+00 -1.00e+05
2016 04 21  0235   57499   9300   1.23e+00  3.23e-01  2.25e-01  9.23e-02  6.83e-02  3.01e-02  6.31e+02  3.76e+00 -1.00e+05
2016 04 21  0240   57499   9600   9.44e-01  1.31e-01  9.93e-02  5.87e-02  4.74e-02  2.45e-02  5.81e+02  2.90e+00 -1.00e+05
2016 04 21  0245   57499   9900   1.00e+00  1.39e-01  1.07e-01  6.62e-02  5.49e-02  3.21e-02  5.57e+02  3.56e+00 -1.00e+05
2016 04 21  0250   57499  10200   8.45e-01  1.52e-01  1.20e-01  7.94e-02  6.06e-02  2.81e-02  5.38e+02  2.70e+00 -1.00e+05
2016 04 21  0255   57499  10500   1.17e+00  2.03e-01  1.71e-01  7.21e-02  5.43e-02  2.96e-02  5.24e+02  1.33e+00 -1.00e+05
2016 04 21  0300   57499  10800   7.12e-01  1.55e-01  1.23e-01  8.16e-02  5.26e-02  2.45e-02  4.77e+02  2.20e+00 -1.00e+05
2016 04 21  0305   57499  11100   6.68e-01  1.71e-01  1.39e-01  7.12e-02  5.99e-02  3.70e-02  4.61e+02  1.33e-01 -1.00e+05
2016 04 21  0310   57499  11400   1.23e+00  3.08e-01  2.77e-01  1.35e-01  9.34e-02  6.18e-02  4.50e+02  1.33e-01 -1.00e+05
2016 04 21  0315   57499  11700   9.74e-01  1.36e-01  1.04e-01  6.34e-02  5.21e-02  2.61e-02  4.28e+02  1.18e+00 -1.00e+05
2016 04 21  0320   57499  12000   7.61e-01  1.84e-01  1.52e-01  1.11e-01  9.76e-02  7.42e-02  4.18e+02  1.33e-01 -1.00e+05
2016 04 21  0325   57499  12300   9.68e-01  1.69e-01  1.37e-01  5.87e-02  4.74e-02  2.45e-02  4.30e+02  2.04e+00 -1.00e+05
2016 04 21  0330   57499  12600   8.50e-01  1.87e-01  1.55e-01  1.13e-01  6.55e-02  3.21e-02  4.22e+02  5.32e-01 -1.00e+05
2016 04 21  0335   57499  12900   1.23e+00  2.16e-01  1.03e-01  6.12e-02  5.00e-02  2.71e-02  4.04e+02  1.14e+00 -1.00e+05
2016 04 21  0340   57499  13200   8.75e-01  1.78e-01  1.46e-01  7.50e-02  5.11e-02  2.45e-02  3.93e+02  1.84e+00 -1.00e+05
2016 04 21  0345   57499  13500   9.18e-01  1.71e-01  1.39e-01  9.84e-02  8.71e-02  6.43e-02  3.46e+02  1.33e-01 -1.00e+05
2016 04 21  0350   57499  13800   8.75e-01  1.31e-01  9.93e-02  5.87e-02  4.74e-02  2.45e-02  5.12e+02  3.42e+00 -1.00e+05
2016 04 21  0355   57499  14100   2.21e+00  4.31e-01  1.67e-01  8.81e-02  5.40e-02  2.45e-02  4.98e+02  2.58e+00 -1.00e+05
2016 04 21  0400   57499  14400   9.84e-01  1.31e-01  9.93e-02  5.87e-02  4.74e-02  2.45e-02  5.71e+02  5.37e+00 -1.00e+05
2016 04 21  0405   57499  14700   2.10e+00  4.22e-01  1.70e-01  1.03e-01  9.21e-02  6.92e-02  5.83e+02  5.64e+00 -1.00e+05
2016 04 21  0410   57499  15000   1.20e+00  2.59e-01  1.50e-01  9.59e-02  8.47e-02  6.18e-02  5.61e+02  1.85e+00 -1.00e+05
2016 04 21  0415   57499  15300   7.53e-01  1.48e-01  1.17e-01  7.57e-02  5.90e-02  3.45e-02  6.10e+02  5.34e+00 -1.00e+05
2016 04 21  0420   57499  15600   9.67e-01  2.76e-01  2.44e-01  1.06e-01  9.46e-02  7.17e-02  6.42e+02  5.34e+00 -1.00e+05
2016 04 21  0425   57499  15900   8.17e-01  2.66e-01  2.34e-01  1.92e-01  1.56e-01  6.55e-02  5.86e+02  2.96e+00 -1.00e+05
2016 04 21  0430   57499  16200   1.89e+00  2.62e-01  1.01e-01  5.87e-02  4.74e-02  2.45e-02  5.89e+02  7.33e+00 -1.00e+05
2016 04 21  0435   57499  16500   7.77e-01  1.88e-01  1.56e-01  6.62e-02  5.49e-02  3.21e-02  5.78e+02  1.28e+00 -1.00e+05
2016 04 21  0440   57499  16800   1.25e+00  1.95e-01  1.34e-01  8.85e-02  7.72e-02  5.44e-02  5.27e+02  4.14e+00 -1.00e+05
2016 04 21  0445   57499  17100   1.39e+00  3.63e-01  2.04e-01  9.57e-02  8.44e-02  3.99e-02  5.46e+02  3.82e+00 -1.00e+05
2016 04 21  0450   57499  17400   1.28e+00  2.97e-01  1.90e-01  1.36e-01  1.17e-01  4.62e-02  5.62e+02  4.50e+00 -1.00e+05
2016 04 21  0455   57499  17700   8.88e-01  2.07e-01  1.75e-01  1.28e-01  1.16e-01  5.18e-02  5.71e+02  3.48e+00 -1.00e+05
2016 04 21  0500   57499  18000   1.03e+00  2.88e-01  2.56e-01  1.23e-01  8.30e-02  4.68e-02  6.42e+02  1.22e+00 -1.00e+05
2016 04 21  0505   57499  18300   9.93e-01  1.59e-01  1.27e-01  8.57e-02  6.69e-02  3.01e-02  6.42e+02  4.62e+00 -1.00e+05
2016 04 21  0510   57499  18600   1.03e+00  2.75e-01  2.13e-01  5.87e-02  4.74e-02  2.45e-02  6.42e+02  5.38e+00 -1.00e+05
2016 04 21  0515   57499  18900   1.70e+00  3.87e-01  2.46e-01  1.05e-01  7.61e-02  3.21e-02  6.43e+02  3.59e+00 -1.00e+05
2016 04 21  0520   57499  19200   1.04e+00  1.79e-01  1.47e-01  1.05e-01  7.13e-02  3.01e-02  6.03e+02  3.90e+00 -1.00e+05
2016 04 21  0525   57499  19500   1.00e+00  2.23e-01  1.91e-01  7.50e-02  5.11e-02  2.45e-02  6.71e+02  3.06e+00 -1.00e+05
2016 04 21  0530   57499  19800   1.11e+00  1.72e-01  1.40e-01  9.82e-02  5.43e-02  2.45e-02  6.68e+02  5.25e+00 -1.00e+05
2016 04 21  0535   57499  20100   1.47e+00  2.93e-01  1.47e-01  8.57e-02  6.69e-02  3.01e-02  6.81e+02  3.72e+00 -1.00e+05
2016 04 21  0540   57499  20400   1.10e+00  2.79e-01  2.34e-01  1.21e-01  9.84e-02  5.84e-02  6.77e+02  1.09e+00 -1.00e+05
2016 04 21  0545   57499  20700   1.07e+00  1.86e-01  1.54e-01  1.13e-01  7.88e-02  4.94e-02  6.76e+02  1.81e+00 -1.00e+05
2016 04 21  0550   57499  21000   8.68e-01  1.56e-01  1.24e-01  8.35e-02  7.23e-02  4.94e-02  6.77e+02  2.68e+00 -1.00e+05
2016 04 21  0555   57499  21300   1.42e+00  2.44e-01  1.31e-01  8.81e-02  5.40e-02  2.45e-02  6.84e+02  5.31e+00 -1.00e+05
2016 04 21  0600   57499  21600   1.16e+00  2.27e-01  1.68e-01  1.02e-01  7.43e-02  4.67e-02  6.64e+02  3.83e-01 -1.00e+05
2016 04 21  0605   57499  21900   7.88e-01  1.63e-01  1.31e-01  9.00e-02  7.76e-02  5.44e-02  6.12e+02  2.43e+00 -1.00e+05
2016 04 21  0610   57499  22200   8.64e-01  1.67e-01  1.05e-01  5.87e-02  4.74e-02  2.45e-02  6.06e+02  5.78e+00 -1.00e+05
2016 04 21  0615   57499  22500   1.48e+00  2.97e-01  1.90e-01  1.36e-01  1.17e-01  4.63e-02  5.15e+02  1.75e+00 -1.00e+05
2016 04 21  0620   57499  22800   8.52e-01  2.19e-01  1.87e-01  1.14e-01  5.99e-02  2.45e-02  5.48e+02  2.81e+00 -1.00e+05
2016 04 21  0625   57499  23100   1.37e+00  2.60e-01  1.49e-01  6.62e-02  5.49e-02  3.21e-02  6.38e+02  2.13e+00 -1.00e+05
2016 04 21  0630   57499  23400   8.96e-01  1.86e-01  1.54e-01  1.13e-01  1.02e-01  7.91e-02  6.07e+02  3.57e+00 -1.00e+05
2016 04 21  0635   57499  23700   8.72e-01  2.65e-01  2.33e-01  9.10e-02  7.97e-02  5.68e-02  6.11e+02  2.81e+00 -1.00e+05
2016 04 21  0640   57499  24000   9.92e-01  1.67e-01  1.05e-01  5.87e-02  4.74e-02  2.45e-02  6.79e+02  6.80e+00 -1.00e+05
2016 04 21  0645   57499  24300   8.70e-01  1.59e-01  1.27e-01  8.64e-02  7.52e-02  4.86e-02  6.26e+02  2.07e+00 -1.00e+05
2016 04 21  0650   57499  24600   8.36e-01  1.67e-01  1.05e-01  5.87e-02  4.74e-02  2.45e-02  6.67e+02  4.71e+00 -1.00e+05
2016 04 21  0655   57499  24900   7.94e-01  1.85e-01  1.53e-01  8.16e-02  5.26e-02  2.45e-02  6.95e+02  7.10e+00 -1.00e+05
2016 04 21  0700   57499  25200   8.49e-01  1.31e-01  9.93e-02  5.87e-02  4.74e-02  2.45e-02  7.06e+02  6.32e+00 -1.00e+05
2016 04 21  0705   57499  25500   7.90e-01  2.17e-01  1.85e-01  9.59e-02  8.47e-02  6.18e-02  6.64e+02  4.96e+00 -1.00e+05
2016 04 21  0710   57499  25800   9.03e-01  2.65e-01  2.33e-01  7.50e-02  5.11e-02  2.45e-02  7.05e+02  6.22e+00 -1.00e+05
2016 04 21  0715   57499  26100   8.28e-01  2.36e-01  2.04e-01  1.64e-01  1.52e-01  5.83e-02  7.28e+02  2.24e+00 -1.00e+05
2016 04 21  0720   57499  26400   8.50e-01  2.00e-01  1.68e-01  1.08e-01  9.70e-02  7.42e-02  7.10e+02  3.56e+00 -1.00e+05
2016 04 21  0725   57499  26700   8.55e-01  2.15e-01  1.83e-01  1.40e-01  7.74e-02  3.01e-02  7.24e+02  2.12e+00 -1.00e+05
2016 04 21  0730   57499  27000   7.80e-01  1.64e-01  1.32e-01  9.10e-02  7.97e-02  5.68e-02  7.64e+02  5.33e+00 -1.00e+05
2016 04 21  0735   57499  27300   1.05e+00  3.53e-01  2.90e-01  9.47e-02  5.55e-02  2.45e-02  7.62e+02  4.64e+00 -1.00e+05
2016 04 21  0740   57499  27600   6.59e-01  1.86e-01  1.54e-01  1.14e-01  1.02e-01  4.22e-02  7.88e+02  2.78e+00 -1.00e+05
2016 04 21  0745   57499  27900   9.06e-01  1.31e-01  9.93e-02  5.87e-02  4.74e-02  2.45e-02  8.12e+02  8.38e+00 -1.00e+05
2016 04 21  0750   57499  28200   8.70e-01  1.31e-01  9.93e-02  5.87e-02  4.74e-02  2.45e-02  8.29e+02  9.23e+00 -1.00e+05
2016 04 21  0755   57499  28500   7.55e-01  1.92e-01  1.60e-01  1.19e-01  9.36e-02  6.67e-02  8.53e+02  7.27e+00 -1.00e+05
2016 04 21  0800   57499  28800   8.46e-01  1.42e-01  1.10e-01  6.97e-02  5.84e-02  2.81e-02  7.99e+02  8.33e+00 -1.00e+05
2016 04 21  0805   57499  29100   6.31e-01  1.31e-01  9.93e-02  5.87e-02  4.74e-02  2.45e-02  8.41e+02  9.70e+00 -1.00e+05
2016 04 21  0810   57499  29400   1.01e+00  1.67e-01  1.05e-01  5.87e-02  4.74e-02  2.45e-02  8.25e+02  5.04e+00 -1.00e+05
2016 04 21  0815   57499  29700   1.06e+00  1.61e-01  1.29e-01  5.87e-02  4.74e-02  2.45e-02  8.42e+02  1.15e+01 -1.00e+05
2016 04 21  0820   57499  30000   1.03e+00  1.31e-01  9.93e-02  5.87e-02  4.74e-02  2.45e-02  8.85e+02  1.23e+01 -1.00e+05
2016 04 21  0825   57499  30300   9.33e-01  2.12e-01  1.80e-01  1.40e-01  1.28e-01  5.39e-02  8.22e+02  9.54e+00 -1.00e+05
2016 04 21  0830   57499  30600   1.56e+00  2.84e-01  1.01e-01  5.87e-02  4.74e-02  2.45e-02  8.88e+02  1.05e+01 -1.00e+05
2016 04 21  0835   57499  30900   1.08e+00  1.81e-01  1.49e-01  6.19e-02  4.81e-02  2.45e-02  9.22e+02  9.38e+00 -1.00e+05
2016 04 21  0840   57499  31200   1.08e+00  2.01e-01  1.38e-01  6.19e-02  4.81e-02  2.45e-02  8.78e+02  8.85e+00 -1.00e+05
2016 04 21  0845   57499  31500   1.56e+00  3.42e-01  1.85e-01  1.01e-01  8.96e-02  6.67e-02  8.90e+02  8.70e+00 -1.00e+05
2016 04 21  0850   57499  31800   9.62e-01  1.31e-01  9.93e-02  5.87e-02  4.74e-02  2.45e-02  9.26e+02  1.27e+01 -1.00e+05
2016 04 21  0855   57499  32100   1.08e+00  1.66e-01  1.34e-01  9.34e-02  8.22e-02  5.93e-02  8.66e+02  9.47e+00 -1.00e+05
2016 04 21  0900   57499  32400   6.53e-01  1.41e-01  1.09e-01  6.85e-02  4.96e-02  2.45e-02  9.11e+02  1.45e+01 -1.00e+05
2016 04 21  0905   57499  32700   1.02e+00  1.94e-01  1.62e-01  9.18e-02  5.88e-02  2.96e-02  9.35e+02  1.08e+01 -1.00e+05
2016 04 21  0910   57499  33000   1.02e+00  1.92e-01  1.60e-01  6.91e-02  5.75e-02  3.45e-02  8.79e+02  8.39e+00 -1.00e+05
2016 04 21  0915   57499  33300   9.69e-01  2.33e-01  2.01e-01  9.36e-02  8.24e-02  5.43e-02  8.83e+02  9.24e+00 -1.00e+05
2016 04 21  0920   57499  33600   9.35e-01  2.00e-01  1.68e-01  1.25e-01  7.09e-02  2.81e-02  8.41e+02  8.64e+00 -1.00e+05
2016 04 21  0925   57499  33900   9.61e-01  1.65e-01  1.33e-01  6.20e-02  4.82e-02  2.46e-02  8.61e+02  1.09e+01 -1.00e+05
2016 04 21  0930   57499  34200   1.61e+00  3.23e-01  1.67e-01  1.03e-01  9.21e-02  6.92e-02  9.62e+02  1.06e+01 -1.00e+05
2016 04 21  0935   57499  34500   8.24e-01  1.68e-01  1.36e-01  9.47e-02  5.55e-02  2.45e-02  9.08e+02  7.89e+00 -1.00e+05
2016 04 21  0940   57499  34800   1.16e+00  2.25e-01  1.14e-01  5.87e-02  4.74e-02  2.45e-02  9.39e+02  1.03e+01 -1.00e+05
2016 04 21  0945   57499  35100   9.46e-01  2.74e-01  2.42e-01  2.00e-01  1.51e-01  5.42e-02  9.95e+02  9.39e+00 -1.00e+05
2016 04 21  0950   57499  35400   1.02e+00  1.75e-01  1.43e-01  1.01e-01  5.70e-02  2.45e-02  1.04e+03  9.12e+00 -1.00e+05
2016 04 21  0955   57499  35700   8.60e-01  1.31e-01  9.93e-02  5.87e-02  4.74e-02  2.45e-02  1.04e+03  1.54e+01 -1.00e+05
2016 04 21  1000   57499  36000   1.02e+00  2.11e-01  1.79e-01  1.10e-01  6.87e-02  3.70e-02  1.23e+03  1.77e+01 -1.00e+05
2016 04 21  1005   57499  36300   1.03e+00  1.55e-01  1.23e-01  8.22e-02  7.09e-02  3.21e-02  1.20e+03  1.79e+01 -1.00e+05
2016 04 21  1010   57499  36600   1.17e+00  2.28e-01  1.68e-01  1.02e-01  7.37e-02  4.59e-02  1.14e+03  1.39e+01 -1.00e+05
2016 04 21  1015   57499  36900   1.96e+00  5.69e-01  2.51e-01  8.35e-02  7.23e-02  4.94e-02  1.21e+03  1.48e+01 -1.00e+05
2016 04 21  1020   57499  37200   1.03e+00  1.35e-01  1.03e-01  6.19e-02  4.81e-02  2.45e-02  1.28e+03  2.26e+01 -1.00e+05
2016 04 21  1025   57499  37500   8.08e-01  1.61e-01  1.29e-01  5.87e-02  4.74e-02  2.45e-02  1.23e+03  2.07e+01 -1.00e+05
2016 04 21  1030   57499  37800   7.84e-01  1.36e-01  1.04e-01  6.38e-02  5.05e-02  2.71e-02  1.32e+03  2.25e+01 -1.00e+05
2016 04 21  1035   57499  38100   8.65e-01  1.61e-01  1.29e-01  5.87e-02  4.74e-02  2.45e-02  1.34e+03  2.71e+01 -1.00e+05
2016 04 21  1040   57499  38400   9.45e-01  1.48e-01  1.16e-01  7.50e-02  5.11e-02  2.45e-02  1.41e+03  2.88e+01 -1.00e+05
2016 04 21  1045   57499  38700   9.79e-01  2.63e-01  2.31e-01  8.85e-02  7.72e-02  5.44e-02  1.46e+03  3.15e+01 -1.00e+05
2016 04 21  1050   57499  39000   1.03e+00  2.29e-01  1.97e-01  9.84e-02  8.71e-02  6.43e-02  1.53e+03  3.85e+01 -1.00e+05
2016 04 21  1055   57499  39300   1.31e+00  1.80e-01  1.48e-01  5.87e-02  4.74e-02  2.45e-02  1.50e+03  4.01e+01 -1.00e+05
2016 04 21  1100   57499  39600   1.37e+00  1.59e-01  1.27e-01  8.60e-02  7.47e-02  5.19e-02  1.57e+03  3.76e+01 -1.00e+05
2016 04 21  1105   57499  39900   1.26e+00  1.31e-01  9.93e-02  5.87e-02  4.74e-02  2.45e-02  1.54e+03  4.87e+01 -1.00e+05
2016 04 21  1110   57499  40200   1.50e+00  2.02e-01  1.70e-01  1.29e-01  9.47e-02  5.45e-02  1.80e+03  5.02e+01 -1.00e+05
2016 04 21  1115   57499  40500   2.20e+00  2.28e-01  1.17e-01  6.19e-02  4.81e-02  2.45e-02  1.81e+03  6.08e+01 -1.00e+05
2016 04 21  1120   57499  40800   1.59e+00  1.72e-01  1.40e-01  9.88e-02  6.98e-02  3.01e-02  1.81e+03  6.33e+01 -1.00e+05
2016 04 21  1125   57499  41100   1.53e+00  1.31e-01  9.93e-02  5.87e-02  4.74e-02  2.45e-02  1.96e+03  6.41e+01 -1.00e+05
2016 04 21  1130   57499  41400   1.41e+00  1.61e-01  1.29e-01  5.87e-02  4.74e-02  2.45e-02  1.98e+03  5.52e+01 -1.00e+05
2016 04 21  1135   57499  41700   1.75e+00  2.70e-01  2.38e-01  8.81e-02  5.40e-02  2.45e-02  1.96e+03  5.74e+01 -1.00e+05
2016 04 21  1140   57499  42000   1.41e+00  1.31e-01  9.93e-02  5.87e-02  4.74e-02  2.45e-02  1.97e+03  6.03e+01 -1.00e+05
2016 04 21  1145   57499  42300   1.34e+00  1.51e-01  1.19e-01  7.86e-02  6.73e-02  4.44e-02  1.90e+03  5.24e+01 -1.00e+05
2016 04 21  1150   57499  42600   1.71e+00  3.07e-01  1.51e-01  8.84e-02  7.71e-02  5.42e-02  1.94e+03  5.31e+01 -1.00e+05
2016 04 21  1155   57499  42900   1.50e+00  1.60e-01  1.29e-01  8.57e-02  6.69e-02  3.01e-02  2.11e+03  5.85e+01 -1.00e+05
2016 04 21  1200   57499  43200   1.27e+00  1.31e-01  9.93e-02  5.87e-02  4.74e-02  2.45e-02  2.12e+03  6.25e+01 -1.00e+05
2016 04 21  1205   57499  43500   2.09e+00  1.87e-01  1.28e-01  8.24e-02  7.11e-02  4.83e-02  2.14e+03  7.18e+01 -1.00e+05
2016 04 21  1210   57499  43800   1.84e+00  1.80e-01  1.49e-01  1.07e-01  6.40e-02  3.21e-02  2.36e+03  7.66e+01 -1.00e+05
2016 04 21  1215   57499  44100   1.81e+00  1.68e-01  1.36e-01  9.47e-02  5.55e-02  2.45e-02  2.26e+03  8.18e+01 -1.00e+05
2016 04 21  1220   57499  44400   1.79e+00  2.67e-01  2.35e-01  9.34e-02  8.22e-02  5.93e-02  2.28e+03  8.24e+01 -1.00e+05
2016 04 21  1225   57499  44700   1.56e+00  1.78e-01  1.46e-01  1.05e-01  7.61e-02  3.21e-02  2.19e+03  7.08e+01 -1.00e+05
2016 04 21  1230   57499  45000   1.64e+00  1.75e-01  1.43e-01  1.01e-01  5.70e-02  2.45e-02  2.26e+03  7.47e+01 -1.00e+05
2016 04 21  1235   57499  45300   1.79e+00  2.05e-01  1.73e-01  1.32e-01  1.21e-01  7.01e-02  2.62e+03  7.83e+01 -1.00e+05
2016 04 21  1240   57499  45600   2.43e+00  3.23e-01  2.60e-01  1.04e-01  5.43e-02  2.45e-02  2.53e+03  9.80e+01 -1.00e+05
2016 04 21  1245   57499  45900   1.89e+00  1.61e-01  1.29e-01  5.87e-02  4.74e-02  2.45e-02  2.67e+03  9.80e+01 -1.00e+05
2016 04 21  1250   57499  46200   2.06e+00  2.24e-01  1.92e-01  8.05e-02  5.81e-02  3.21e-02  2.79e+03  1.10e+02 -1.00e+05
2016 04 21  1255   57499  46500   3.56e+00  2.55e-01  1.44e-01  5.87e-02  4.74e-02  2.45e-02  3.12e+03  1.24e+02 -1.00e+05
2016 04 21  1300   57499  46800   2.21e+00  2.43e-01  2.11e-01  6.19e-02  4.81e-02  2.45e-02  3.01e+03  1.24e+02 -1.00e+05
2016 04 21  1305   57499  47100   2.27e+00  1.31e-01  9.93e-02  5.87e-02  4.74e-02  2.45e-02  3.00e+03  1.30e+02 -1.00e+05
2016 04 21  1310   57499  47400   2.07e+00  1.95e-01  1.64e-01  8.60e-02  7.47e-02  5.19e-02  3.14e+03  1.18e+02 -1.00e+05
2016 04 21  1315   57499  47700   2.33e+00  1.42e-01  1.10e-01  6.91e-02  5.75e-02  3.45e-02  3.08e+03  1.21e+02 -1.00e+05
2016 04 21  1320   57499  48000   2.21e+00  2.39e-01  2.07e-01  5.87e-02  4.74e-02  2.45e-02  3.24e+03  1.21e+02 -1.00e+05
2016 04 21  1325   57499  48300   2.13e+00  1.93e-01  1.61e-01  1.19e-01  7.25e-02  3.95e-02  3.01e+03  1.11e+02 -1.00e+05
2016 04 21  1330   57499  48600   2.01e+00  1.56e-01  1.24e-01  8.35e-02  7.23e-02  4.94e-02  3.00e+03  1.14e+02 -1.00e+05
2016 04 21  1335   57499  48900   2.24e+00  3.77e-01  3.45e-01  1.20e-01  6.70e-02  3.21e-02  2.86e+03  1.06e+02 -1.00e+05
2016 04 21  1340   57499  49200   2.70e+00  3.19e-01  1.62e-01  9.84e-02  8.71e-02  6.43e-02  2.97e+03  1.02e+02 -1.00e+05
2016 04 21  1345   57499  49500   1.62e+00  1.72e-01  1.40e-01  9.82e-02  5.43e-02  2.45e-02  2.99e+03  1.10e+02 -1.00e+05
2016 04 21  1350   57499  49800   2.04e+00  1.31e-01  9.93e-02  5.87e-02  4.74e-02  2.45e-02  3.02e+03  1.18e+02 -1.00e+05
2016 04 21  1355   57499  50100   1.81e+00  1.42e-01  1.10e-01  6.97e-02  5.84e-02  2.81e-02  3.09e+03  1.21e+02 -1.00e+05
2016 04 21  1400   57499  50400   2.08e+00  1.62e-01  1.30e-01  8.81e-02  5.40e-02  2.45e-02  3.16e+03  1.20e+02 -1.00e+05
2016 04 21  1405   57499  50700   2.18e+00  1.87e-01  1.55e-01  1.12e-01  6.32e-02  2.61e-02  3.08e+03  1.23e+02 -1.00e+05
2016 04 21  1410   57499  51000   2.85e+00  2.04e-01  1.43e-01  6.87e-02  5.74e-02  3.45e-02  3.11e+03  1.26e+02 -1.00e+05
2016 04 21  1415   57499  51300   2.37e+00  1.92e-01  1.61e-01  7.12e-02  5.99e-02  3.70e-02  3.17e+03  1.23e+02 -1.00e+05
2016 04 21  1420   57499  51600   2.29e+00  2.18e-01  1.86e-01  1.46e-01  1.35e-01  5.60e-02  3.21e+03  1.27e+02 -1.00e+05
2016 04 21  1425   57499  51900   3.07e+00  2.68e-01  1.60e-01  1.06e-01  9.46e-02  7.17e-02  3.24e+03  1.28e+02 -1.00e+05
2016 04 21  1430   57499  52200   4.35e+00  2.67e-01  1.06e-01  6.37e-02  5.25e-02  2.96e-02  3.39e+03  1.40e+02 -1.00e+05
2016 04 21  1435   57499  52500   2.69e+00  1.80e-01  1.49e-01  5.88e-02  4.75e-02  2.46e-02  3.32e+03  1.39e+02 -1.00e+05
2016 04 21  1440   57499  52800   2.34e+00  2.51e-01  2.19e-01  7.36e-02  6.24e-02  3.95e-02  3.24e+03  1.36e+02 -1.00e+05
2016 04 21  1445   57499  53100   3.73e+00  3.10e-01  1.52e-01  8.85e-02  7.72e-02  5.44e-02  3.42e+03  1.41e+02 -1.00e+05
2016 04 21  1450   57499  53400   3.16e+00  2.88e-01  2.26e-01  7.61e-02  6.48e-02  4.20e-02  3.39e+03  1.34e+02 -1.00e+05
2016 04 21  1455   57499  53700   4.32e+00  2.95e-01  1.35e-01  9.34e-02  8.22e-02  5.93e-02  3.37e+03  1.43e+02 -1.00e+05
2016 04 21  1500   57499  54000   2.24e+00  1.31e-01  9.93e-02  5.87e-02  4.74e-02  2.45e-02  3.57e+03  1.45e+02 -1.00e+05
2016 04 21  1505   57499  54300   3.06e+00  2.02e-01  1.70e-01  1.02e-01  7.27e-02  4.44e-02  3.44e+03  1.49e+02 -1.00e+05
2016 04 21  1510   57499  54600   2.36e+00  1.31e-01  9.93e-02  5.87e-02  4.74e-02  2.45e-02  3.44e+03  1.37e+02 -1.00e+05
2016 04 21  1515   57499  54900   3.26e+00  2.39e-01  2.07e-01  1.66e-01  1.37e-01  6.86e-02  3.78e+03  1.60e+02 -1.00e+05
2016 04 21  1520   57499  55200   3.29e+00  1.67e-01  1.35e-01  6.62e-02  5.49e-02  3.21e-02  4.13e+03  1.72e+02 -1.00e+05
2016 04 21  1525   57499  55500   3.16e+00  1.31e-01  9.93e-02  5.87e-02  4.74e-02  2.45e-02  3.96e+03  1.75e+02 -1.00e+05
2016 04 21  1530   57499  55800   2.60e+00  1.62e-01  1.30e-01  8.81e-02  5.40e-02  2.45e-02  3.82e+03  1.64e+02 -1.00e+05
2016 04 21  1535   57499  56100   4.01e+00  1.36e-01  1.04e-01  6.34e-02  5.21e-02  2.61e-02  4.88e+03  1.98e+02 -1.00e+05
2016 04 21  1540   57499  56400   4.30e+00  1.85e-01  1.53e-01  8.16e-02  5.26e-02  2.45e-02  4.64e+03  2.01e+02 -1.00e+05
2016 04 21  1545   57499  56700   3.51e+00  1.36e-01  1.04e-01  6.34e-02  5.21e-02  2.61e-02  4.21e+03  1.83e+02 -1.00e+05
2016 04 21  1550   57499  57000   3.27e+00  1.48e-01  1.16e-01  7.50e-02  5.11e-02  2.45e-02  4.50e+03  1.89e+02 -1.00e+05
2016 04 21  1555   57499  57300   3.53e+00  1.31e-01  9.93e-02  5.87e-02  4.74e-02  2.45e-02  4.04e+03  1.87e+02 -1.00e+05
2016 04 21  1600   57499  57600   3.62e+00  1.82e-01  1.50e-01  1.08e-01  5.85e-02  2.45e-02  4.25e+03  1.85e+02 -1.00e+05
2016 04 21  1605   57499  57900   2.92e+00  1.31e-01  9.93e-02  5.87e-02  4.74e-02  2.45e-02  3.96e+03  1.69e+02 -1.00e+05
2016 04 21  1610   57499  58200   4.18e+00  2.05e-01  1.46e-01  7.92e-02  6.80e-02  4.30e-02  4.07e+03  1.80e+02 -1.00e+05
2016 04 21  1615   57499  58500   3.29e+00  1.72e-01  1.40e-01  9.82e-02  5.43e-02  2.45e-02  3.84e+03  1.77e+02 -1.00e+05
2016 04 21  1620   57499  58800   3.18e+00  2.39e-01  2.07e-01  5.87e-02  4.74e-02  2.45e-02  3.87e+03  1.71e+02 -1.00e+05
2016 04 21  1625   57499  59100   3.78e+00  1.31e-01  9.93e-02  5.87e-02  4.74e-02  2.45e-02  4.06e+03  1.77e+02 -1.00e+05
2016 04 21  1630   57499  59400   3.67e+00  1.39e-01  1.07e-01  6.62e-02  5.49e-02  3.21e-02  4.12e+03  1.91e+02 -1.00e+05
2016 04 21  1635   57499  59700   4.00e+00  1.31e-01  9.93e-02  5.87e-02  4.74e-02  2.45e-02  4.17e+03  1.87e+02 -1.00e+05
2016 04 21  1640   57499  60000   3.74e+00  1.41e-01  1.09e-01  6.85e-02  4.96e-02  2.45e-02  4.24e+03  1.75e+02 -1.00e+05
2016 04 21  1645   57499  60300   3.73e+00  2.36e-01  2.05e-01  8.22e-02  7.09e-02  3.21e-02  4.23e+03  1.75e+02 -1.00e+05
2016 04 21  1650   57499  60600   7.06e+00  3.03e-01  1.21e-01  7.92e-02  6.80e-02  4.30e-02  4.59e+03  1.85e+02 -1.00e+05
2016 04 21  1655   57499  60900   3.61e+00  2.06e-01  1.74e-01  1.32e-01  8.32e-02  4.94e-02  4.68e+03  1.90e+02 -1.00e+05
2016 04 21  1700   57499  61200   3.64e+00  1.75e-01  1.43e-01  1.01e-01  5.70e-02  2.45e-02  4.49e+03  1.93e+02 -1.00e+05
2016 04 21  1705   57499  61500   4.26e+00  2.96e-01  2.64e-01  8.81e-02  5.40e-02  2.45e-02  4.77e+03  2.04e+02 -1.00e+05
2016 04 21  1710   57499  61800   4.09e+00  1.31e-01  9.93e-02  5.87e-02  4.74e-02  2.45e-02  4.90e+03  1.98e+02 -1.00e+05
2016 04 21  1715   57499  62100   5.77e+00  2.29e-01  1.35e-01  8.27e-02  7.14e-02  3.40e-02  4.83e+03  1.99e+02 -1.00e+05
2016 04 21  1720   57499  62400   3.68e+00  1.31e-01  9.93e-02  5.87e-02  4.74e-02  2.45e-02  5.08e+03  1.94e+02 -1.00e+05
2016 04 21  1725   57499  62700   3.42e+00  1.61e-01  1.29e-01  5.87e-02  4.74e-02  2.45e-02  4.89e+03  2.00e+02 -1.00e+05
2016 04 21  1730   57499  63000   3.59e+00  1.48e-01  1.16e-01  7.50e-02  5.11e-02  2.45e-02  4.97e+03  1.86e+02 -1.00e+05
2016 04 21  1735   57499  63300   3.73e+00  1.61e-01  1.29e-01  5.87e-02  4.74e-02  2.45e-02  4.95e+03  1.98e+02 -1.00e+05
2016 04 21  1740   57499  63600   3.88e+00  1.31e-01  9.93e-02  5.87e-02  4.74e-02  2.45e-02  5.38e+03  2.04e+02 -1.00e+05
2016 04 21  1745   57499  63900   4.60e+00  3.06e-01  2.43e-01  8.82e-02  5.41e-02  2.46e-02  5.40e+03  2.30e+02 -1.00e+05
2016 04 21  1750   57499  64200   6.41e+00  3.26e-01  1.37e-01  5.87e-02  4.74e-02  2.45e-02  5.25e+03  2.13e+02 -1.00e+05
2016 04 21  1755   57499  64500   4.02e+00  1.82e-01  1.50e-01  1.08e-01  5.85e-02  2.45e-02  5.45e+03  2.25e+02 -1.00e+05
2016 04 21  1800   57499  64800   3.67e+00  1.36e-01  1.04e-01  6.34e-02  5.21e-02  2.61e-02  5.76e+03  2.41e+02 -1.00e+05
2016 04 21  1805   57499  65100   3.75e+00  2.56e-01  1.31e-01  8.85e-02  7.72e-02  3.41e-02  4.92e+03  1.64e+02 -1.00e+05
2016 04 21  1810   57499  65400   3.79e+00  1.31e-01  9.93e-02  5.87e-02  4.74e-02  2.45e-02  5.89e+03  2.36e+02 -1.00e+05
2016 04 21  1815   57499  65700   2.74e+00  2.11e-01  1.79e-01  1.07e-01  5.43e-02  2.45e-02  5.19e+03  1.94e+02 -1.00e+05
2016 04 21  1820   57499  66000   3.14e+00  1.61e-01  1.29e-01  5.87e-02  4.74e-02  2.45e-02  5.30e+03  2.12e+02 -1.00e+05
2016 04 21  1825   57499  66300   4.01e+00  2.49e-01  1.41e-01  8.63e-02  5.73e-02  2.61e-02  5.11e+03  1.87e+02 -1.00e+05
2016 04 21  1830   57499  66600   2.61e+00  1.69e-01  1.37e-01  5.87e-02  4.74e-02  2.45e-02  4.60e+03  1.73e+02 -1.00e+05
2016 04 21  1835   57499  66900   4.34e+00  4.03e-01  2.44e-01  7.61e-02  6.48e-02  4.20e-02  4.44e+03  1.64e+02 -1.00e+05
2016 04 21  1840   57499  67200   2.63e+00  1.31e-01  9.93e-02  5.87e-02  4.74e-02  2.45e-02  4.48e+03  1.64e+02 -1.00e+05
2016 04 21  1845   57499  67500   5.08e+00  3.27e-01  1.45e-01  1.03e-01  9.21e-02  6.92e-02  4.50e+03  1.61e+02 -1.00e+05
2016 04 21  1850   57499  67800   2.67e+00  1.80e-01  1.48e-01  1.07e-01  9.60e-02  4.02e-02  4.38e+03  1.55e+02 -1.00e+05
2016 04 21  1855   57499  68100   2.31e+00  1.36e-01  1.04e-01  6.37e-02  5.25e-02  2.96e-02  4.35e+03  1.55e+02 -1.00e+05
2016 04 21  1900   57499  68400   3.02e+00  2.83e-01  2.51e-01  1.10e-01  8.20e-02  5.44e-02  4.38e+03  1.49e+02 -1.00e+05
2016 04 21  1905   57499  68700   2.97e+00  1.31e-01  9.93e-02  5.87e-02  4.74e-02  2.45e-02  4.20e+03  1.48e+02 -1.00e+05
2016 04 21  1910   57499  69000   2.61e+00  1.52e-01  1.20e-01  7.93e-02  6.80e-02  4.51e-02  4.15e+03  1.46e+02 -1.00e+05
2016 04 21  1915   57499  69300   2.47e+00  1.68e-01  1.36e-01  9.47e-02  5.55e-02  2.45e-02  4.16e+03  1.43e+02 -1.00e+05
2016 04 21  1920   57499  69600   2.35e+00  1.31e-01  9.93e-02  5.87e-02  4.74e-02  2.45e-02  4.28e+03  1.40e+02 -1.00e+05
2016 04 21  1925   57499  69900   2.77e+00  1.67e-01  1.05e-01  5.87e-02  4.74e-02  2.45e-02  4.14e+03  1.36e+02 -1.00e+05
2016 04 21  1930   57499  70200   2.12e+00  1.31e-01  9.93e-02  5.87e-02  4.74e-02  2.45e-02  3.79e+03  1.32e+02 -1.00e+05
2016 04 21  1935   57499  70500   2.63e+00  1.78e-01  1.46e-01  1.06e-01  9.46e-02  7.17e-02  3.65e+03  1.14e+02 -1.00e+05
2016 04 21  1940   57499  70800   2.64e+00  1.68e-01  1.36e-01  9.47e-02  5.55e-02  2.45e-02  3.73e+03  1.14e+02 -1.00e+05
2016 04 21  1945   57499  71100   2.93e+00  2.26e-01  1.66e-01  9.84e-02  8.71e-02  6.43e-02  3.67e+03  1.09e+02 -1.00e+05
2016 04 21  1950   57499  71400   2.24e+00  1.93e-01  1.61e-01  1.19e-01  8.03e-02  4.94e-02  3.51e+03  1.01e+02 -1.00e+05
2016 04 21  1955   57499  71700   2.36e+00  2.50e-01  2.18e-01  7.93e-02  6.80e-02  4.51e-02  3.73e+03  1.06e+02 -1.00e+05
2016 04 21  2000   57499  72000   1.86e+00  2.02e-01  1.71e-01  1.30e-01  1.11e-01  4.42e-02  3.22e+03  9.04e+01 -1.00e+05
2016 04 21  2005   57499  72300   1.93e+00  1.73e-01  1.41e-01  9.95e-02  7.59e-02  4.94e-02  3.41e+03  9.00e+01 -1.00e+05
2016 04 21  2010   57499  72600   1.95e+00  2.39e-01  2.07e-01  5.87e-02  4.74e-02  2.45e-02  2.85e+03  8.14e+01 -1.00e+05
2016 04 21  2015   57499  72900   1.57e+00  1.91e-01  1.59e-01  5.87e-02  4.74e-02  2.45e-02  3.08e+03  8.19e+01 -1.00e+05
2016 04 21  2020   57499  73200   1.75e+00  2.39e-01  2.07e-01  5.87e-02  4.74e-02  2.45e-02  2.95e+03  7.89e+01 -1.00e+05
2016 04 21  2025   57499  73500   1.85e+00  2.43e-01  2.11e-01  6.37e-02  5.25e-02  2.96e-02  2.76e+03  7.70e+01 -1.00e+05
2016 04 21  2030   57499  73800   3.36e+00  3.70e-01  1.68e-01  1.26e-01  1.15e-01  4.62e-02  2.76e+03  6.37e+01 -1.00e+05
2016 04 21  2035   57499  74100   2.03e+00  2.14e-01  1.01e-01  5.87e-02  4.74e-02  2.45e-02  2.34e+03  6.17e+01 -1.00e+05
2016 04 21  2040   57499  74400   1.69e+00  1.78e-01  1.46e-01  7.50e-02  5.11e-02  2.45e-02  2.74e+03  7.10e+01 -1.00e+05
2016 04 21  2045   57499  74700   1.89e+00  2.32e-01  2.00e-01  6.97e-02  5.84e-02  2.81e-02  2.81e+03  7.28e+01 -1.00e+05
2016 04 21  2050   57499  75000   1.78e+00  1.69e-01  1.37e-01  6.87e-02  5.74e-02  3.45e-02  2.49e+03  7.43e+01 -1.00e+05
2016 04 21  2055   57499  75300   1.70e+00  2.37e-01  2.05e-01  1.37e-01  8.24e-02  4.69e-02  2.58e+03  6.13e+01 -1.00e+05
2016 04 21  2100   57499  75600   2.29e+00  2.17e-01  1.04e-01  6.19e-02  4.81e-02  2.45e-02  2.33e+03  6.30e+01 -1.00e+05
2016 04 21  2105   57499  75900   1.54e+00  1.64e-01  1.32e-01  9.18e-02  8.05e-02  4.70e-02  2.41e+03  5.96e+01 -1.00e+05
2016 04 21  2110   57499  76200   1.49e+00  1.31e-01  9.93e-02  5.87e-02  4.74e-02  2.45e-02  2.35e+03  6.05e+01 -1.00e+05
2016 04 21  2115   57499  76500   1.46e+00  1.61e-01  1.29e-01  5.87e-02  4.74e-02  2.45e-02  2.18e+03  5.22e+01 -1.00e+05
2016 04 21  2120   57499  76800   1.36e+00  2.07e-01  1.75e-01  1.03e-01  5.43e-02  2.45e-02  2.23e+03  6.14e+01 -1.00e+05
2016 04 21  2125   57499  77100   1.41e+00  1.92e-01  1.60e-01  1.18e-01  7.90e-02  3.21e-02  2.39e+03  5.04e+01 -1.00e+05
2016 04 21  2130   57499  77400   1.30e+00  1.67e-01  1.35e-01  6.62e-02  5.49e-02  3.21e-02  1.90e+03  4.55e+01 -1.00e+05
2016 04 21  2135   57499  77700   2.66e+00  4.56e-01  2.43e-01  5.87e-02  4.74e-02  2.45e-02  2.00e+03  4.69e+01 -1.00e+05
2016 04 21  2140   57499  78000   1.29e+00  1.31e-01  9.93e-02  5.87e-02  4.74e-02  2.45e-02  1.91e+03  5.09e+01 -1.00e+05
2016 04 21  2145   57499  78300   1.27e+00  1.31e-01  9.93e-02  5.87e-02  4.74e-02  2.45e-02  2.01e+03  4.67e+01 -1.00e+05
2016 04 21  2150   57499  78600   1.32e+00  1.41e-01  1.09e-01  6.87e-02  5.74e-02  3.45e-02  1.74e+03  4.17e+01 -1.00e+05
2016 04 21  2155   57499  78900   1.34e+00  1.99e-01  1.67e-01  1.26e-01  1.15e-01  4.62e-02  1.80e+03  3.96e+01 -1.00e+05
2016 04 21  2200   57499  79200   1.06e+00  2.09e-01  1.77e-01  1.36e-01  1.09e-01  4.96e-02  1.81e+03  4.02e+01 -1.00e+05
2016 04 21  2205   57499  79500   9.62e-01  1.49e-01  1.17e-01  7.61e-02  6.48e-02  4.20e-02  1.80e+03  4.43e+01 -1.00e+05
2016 04 21  2210   57499  79800   1.30e+00  1.41e-01  1.09e-01  6.85e-02  4.96e-02  2.45e-02  1.72e+03  4.36e+01 -1.00e+05
2016 04 21  2215   57499  80100   9.50e-01  1.56e-01  1.24e-01  8.28e-02  6.83e-02  4.44e-02  1.70e+03  3.82e+01 -1.00e+05
2016 04 21  2220   57499  80400   8.41e-01  1.63e-01  1.31e-01  9.00e-02  5.64e-02  2.71e-02  1.68e+03  3.63e+01 -1.00e+05
2016 04 21  2225   57499  80700   9.16e-01  1.36e-01  1.04e-01  6.34e-02  5.21e-02  2.61e-02  1.53e+03  3.50e+01 -1.00e+05
2016 04 21  2230   57499  81000   1.33e+00  3.14e-01  1.73e-01  1.12e-01  7.76e-02  3.21e-02  1.48e+03  2.73e+01 -1.00e+05
2016 04 21  2235   57499  81300   9.74e-01  2.67e-01  2.35e-01  9.34e-02  8.22e-02  5.93e-02  1.49e+03  3.06e+01 -1.00e+05
2016 04 21  2240   57499  81600   1.16e+00  3.23e-01  1.67e-01  1.03e-01  9.21e-02  6.92e-02  1.43e+03  3.15e+01 -1.00e+05
2016 04 21  2245   57499  81900   1.07e+00  2.39e-01  2.07e-01  5.87e-02  4.74e-02  2.45e-02  1.49e+03  2.95e+01 -1.00e+05
2016 04 21  2250   57499  82200   9.80e-01  2.39e-01  2.07e-01  5.87e-02  4.74e-02  2.45e-02  1.49e+03  3.50e+01 -1.00e+05
2016 04 21  2255   57499  82500   8.69e-01  1.80e-01  1.48e-01  1.07e-01  9.60e-02  4.02e-02  1.43e+03  3.23e+01 -1.00e+05
2016 04 21  2300   57499  82800   6.19e-01  1.41e-01  1.09e-01  6.85e-02  4.96e-02  2.45e-02  1.44e+03  2.92e+01 -1.00e+05
2016 04 21  2305   57499  83100   7.01e-01  1.99e-01  1.67e-01  1.26e-01  1.15e-01  4.62e-02  1.48e+03  3.01e+01 -1.00e+05
2016 04 21  2310   57499  83400   6.44e-01  1.48e-01  1.17e-01  7.57e-02  5.90e-02  3.45e-02  1.32e+03  2.77e+01 -1.00e+05
2016 04 21  2315   57499  83700   8.36e-01  2.36e-01  2.04e-01  6.34e-02  5.21e-02  2.61e-02  1.31e+03  2.87e+01 -1.00e+05
2016 04 21  2320   57499  84000   6.51e-01  1.55e-01  1.23e-01  8.22e-02  7.09e-02  3.21e-02  1.56e+03  3.07e+01 -1.00e+05
2016 04 21  2325   57499  84300   6.34e-01  1.67e-01  1.35e-01  9.47e-02  8.35e-02  3.61e-02  1.61e+03  3.03e+01 -1.00e+05
2016 04 21  2330   57499  84600   5.90e-01  1.50e-01  1.18e-01  7.59e-02  6.47e-02  3.01e-02  1.31e+03  2.49e+01 -1.00e+05
2016 04 21  2335   57499  84900   5.46e-01  1.31e-01  9.93e-02  5.87e-02  4.74e-02  2.45e-02  1.20e+03  1.93e+01 -1.00e+05
2016 04 21  2340   57499  85200   5.24e-01  1.99e-01  1.67e-01  1.25e-01  7.57e-02  3.01e-02  1.08e+03  1.35e+01 -1.00e+05
2016 04 21  2345   57499  85500   7.90e-01  2.25e-01  1.14e-01  5.87e-02  4.74e-02  2.45e-02  1.08e+03  2.34e+01 -1.00e+05
2016 04 21  2350   57499  85800   6.73e-01  2.43e-01  2.11e-01  6.19e-02  4.81e-02  2.45e-02  1.31e+03  1.84e+01 -1.00e+05
2016 04 21  2355   57499  86100   6.66e-01  1.81e-01  1.49e-01  1.08e-01  9.70e-02  7.42e-02  9.03e+02  1.71e+01 -1.00e+05
