:Data_list: 20160508_Gp_part_5m.txt
:Created: 2016 May 09 0011 UTC
# Prepared by the U.S. Dept. of Commerce, NOAA, Space Weather Prediction Center
# Please send comments and suggestions to SWPC.Webmaster@noaa.gov 
# 
# Label: P > 1 = Particles at >1 Mev
# Label: P > 5 = Particles at >5 Mev
# Label: P >10 = Particles at >10 Mev
# Label: P >30 = Particles at >30 Mev
# Label: P >50 = Particles at >50 Mev
# Label: P>100 = Particles at >100 Mev
# Label: E>0.8 = Electrons at >0.8 Mev
# Label: E>2.0 = Electrons at >2.0 Mev
# Label: E>4.0 = Electrons at >4.0 Mev
# Units: Particles = Protons/cm2-s-sr
# Units: Electrons = Electrons/cm2-s-sr
# Source: GOES-13
# Location: W075
# Missing data: -1.00e+05
#
#                      5-minute  GOES-13 Solar Particle and Electron Flux
#
#                 Modified Seconds
# UTC Date  Time   Julian  of the
# YR MO DA  HHMM    Day     Day     P > 1     P > 5     P >10     P >30     P >50     P>100     E>0.8     E>2.0     E>4.0
#-------------------------------------------------------------------------------------------------------------------------
2016 05 08  0000   57516      0   9.88e-01  1.67e-01  1.39e-01  9.73e-02  8.61e-02  6.33e-02  1.02e+04  2.02e+01 -1.00e+05
2016 05 08  0005   57516    300   9.07e-01  1.28e-01  1.00e-01  5.86e-02  4.75e-02  2.46e-02  9.56e+03  2.21e+01 -1.00e+05
2016 05 08  0010   57516    600   7.78e-01  1.45e-01  1.17e-01  5.86e-02  4.75e-02  2.46e-02  8.49e+03  1.73e+01 -1.00e+05
2016 05 08  0015   57516    900   1.25e+00  2.12e-01  1.03e-01  5.86e-02  4.75e-02  2.46e-02  8.36e+03  1.66e+01 -1.00e+05
2016 05 08  0020   57516   1200   9.16e-01  1.45e-01  1.17e-01  7.58e-02  6.47e-02  3.45e-02  9.04e+03  1.55e+01 -1.00e+05
2016 05 08  0025   57516   1500   9.31e-01  1.60e-01  1.05e-01  5.86e-02  4.75e-02  2.46e-02  8.68e+03  1.68e+01 -1.00e+05
2016 05 08  0030   57516   1800   9.51e-01  1.28e-01  1.00e-01  5.86e-02  4.75e-02  2.46e-02  9.29e+03  2.08e+01 -1.00e+05
2016 05 08  0035   57516   2100   9.86e-01  1.61e-01  1.24e-01  8.09e-02  6.97e-02  3.18e-02  9.63e+03  1.89e+01 -1.00e+05
2016 05 08  0040   57516   2400   1.13e+00  1.76e-01  1.42e-01  9.87e-02  7.92e-02  3.67e-02  1.01e+04  1.78e+01 -1.00e+05
2016 05 08  0045   57516   2700   1.03e+00  1.81e-01  1.53e-01  6.40e-02  4.87e-02  2.46e-02  9.60e+03  1.78e+01 -1.00e+05
2016 05 08  0050   57516   3000   1.12e+00  2.09e-01  1.81e-01  1.01e-01  9.02e-02  4.44e-02  1.02e+04  2.24e+01 -1.00e+05
2016 05 08  0055   57516   3300   2.12e+00  2.38e-01  1.03e-01  5.86e-02  4.75e-02  2.46e-02  9.80e+03  2.73e+01 -1.00e+05
2016 05 08  0100   57516   3600   1.30e+00  1.28e-01  1.00e-01  5.86e-02  4.75e-02  2.46e-02  9.81e+03  2.65e+01 -1.00e+05
2016 05 08  0105   57516   3900   1.09e+00  2.72e-01  2.44e-01  1.01e-01  8.99e-02  3.16e-02  9.48e+03  1.39e+01 -1.00e+05
2016 05 08  0110   57516   4200   7.11e-01  1.28e-01  1.00e-01  5.86e-02  4.75e-02  2.46e-02  9.11e+03  1.67e+01 -1.00e+05
2016 05 08  0115   57516   4500   6.69e-01  1.76e-01  1.48e-01  1.05e-01  5.44e-02  2.46e-02  7.11e+03  6.97e+00 -1.00e+05
2016 05 08  0120   57516   4800   1.07e+00  2.63e-01  1.59e-01  5.86e-02  4.75e-02  2.46e-02  8.02e+03  1.12e+01 -1.00e+05
2016 05 08  0125   57516   5100   7.12e-01  1.60e-01  1.05e-01  5.86e-02  4.75e-02  2.46e-02  6.80e+03  7.48e+00 -1.00e+05
2016 05 08  0130   57516   5400   1.38e+00  2.71e-01  1.36e-01  9.19e-02  6.38e-02  3.60e-02  4.75e+03  1.18e+00 -1.00e+05
2016 05 08  0135   57516   5700   4.67e-01  1.74e-01  1.46e-01  5.86e-02  4.75e-02  2.46e-02  2.44e+03  1.33e-01 -1.00e+05
2016 05 08  0140   57516   6000   5.18e-01  1.68e-01  1.39e-01  9.68e-02  5.61e-02  2.46e-02  1.94e+03  1.33e-01 -1.00e+05
2016 05 08  0145   57516   6300   7.14e-01  1.90e-01  1.60e-01  1.18e-01  1.07e-01  6.49e-02  2.78e+03  1.82e-01 -1.00e+05
2016 05 08  0150   57516   6600   4.32e-01  1.28e-01  1.00e-01  5.86e-02  4.75e-02  2.46e-02  1.65e+03  1.33e-01 -1.00e+05
2016 05 08  0155   57516   6900   7.04e-01  2.00e-01  1.72e-01  1.30e-01  1.10e-01  4.38e-02  4.06e+03  4.21e+00 -1.00e+05
2016 05 08  0200   57516   7200   1.08e+00  2.17e-01  1.14e-01  5.86e-02  4.75e-02  2.46e-02  2.84e+03  9.18e+00 -1.00e+05
2016 05 08  0205   57516   7500   4.70e-01  1.28e-01  1.00e-01  5.86e-02  4.75e-02  2.46e-02  2.25e+03  8.90e+00 -1.00e+05
2016 05 08  0210   57516   7800   5.52e-01  1.61e-01  1.33e-01  9.02e-02  5.46e-02  2.46e-02  4.08e+03  2.18e+01 -1.00e+05
2016 05 08  0215   57516   8100   7.85e-01  1.60e-01  1.05e-01  5.86e-02  4.75e-02  2.46e-02  8.39e+03  4.65e+01 -1.00e+05
2016 05 08  0220   57516   8400   2.42e+01  2.70e-01  1.35e-01  9.02e-02  5.46e-02  2.46e-02  1.34e+04  1.02e+02 -1.00e+05
2016 05 08  0225   57516   8700   5.65e+00  1.50e-01  1.21e-01  7.99e-02  6.88e-02  4.59e-02  1.43e+04  1.14e+02 -1.00e+05
2016 05 08  0230   57516   9000   8.59e+00  1.81e-01  1.53e-01  6.40e-02  4.87e-02  2.46e-02  1.70e+04  1.42e+02 -1.00e+05
2016 05 08  0235   57516   9300   1.90e+01  1.60e-01  1.05e-01  5.86e-02  4.75e-02  2.46e-02  1.90e+04  2.02e+02 -1.00e+05
2016 05 08  0240   57516   9600   2.76e+01  3.03e-01  1.91e-01  1.35e-01  1.19e-01  6.16e-02  1.83e+04  1.79e+02 -1.00e+05
2016 05 08  0245   57516   9900   1.23e+01  2.57e-01  1.54e-01  9.72e-02  5.44e-02  2.46e-02  1.24e+04  1.06e+02 -1.00e+05
2016 05 08  0250   57516  10200   8.68e+00  3.36e-01  1.93e-01  1.34e-01  8.56e-02  5.58e-02  1.39e+04  1.16e+02 -1.00e+05
2016 05 08  0255   57516  10500   5.07e+00  1.28e-01  1.00e-01  5.86e-02  4.75e-02  2.46e-02  1.25e+04  1.19e+02 -1.00e+05
2016 05 08  0300   57516  10800   3.20e+00  1.28e-01  1.00e-01  5.86e-02  4.75e-02  2.46e-02  1.18e+04  1.07e+02 -1.00e+05
2016 05 08  0305   57516  11100   3.79e+00  1.47e-01  1.19e-01  7.71e-02  5.16e-02  2.46e-02  1.34e+04  1.22e+02 -1.00e+05
2016 05 08  0310   57516  11400   3.27e+00  2.23e-01  1.95e-01  5.86e-02  4.75e-02  2.46e-02  1.17e+04  1.07e+02 -1.00e+05
2016 05 08  0315   57516  11700   3.70e+00  1.70e-01  1.42e-01  8.98e-02  7.87e-02  5.58e-02  7.18e+03  7.66e+01 -1.00e+05
2016 05 08  0320   57516  12000   4.49e+00  2.17e-01  1.14e-01  5.86e-02  4.75e-02  2.46e-02  5.84e+03  6.45e+01 -1.00e+05
2016 05 08  0325   57516  12300   2.86e+00  2.23e-01  1.95e-01  5.86e-02  4.75e-02  2.46e-02  6.97e+03  7.40e+01 -1.00e+05
2016 05 08  0330   57516  12600   3.25e+00  2.47e-01  1.39e-01  9.48e-02  8.37e-02  6.08e-02  4.96e+03  3.86e+01 -1.00e+05
2016 05 08  0335   57516  12900   3.45e+00  3.38e-01  1.78e-01  1.35e-01  1.23e-01  6.18e-02  1.94e+03  1.28e+01 -1.00e+05
2016 05 08  0340   57516  13200   1.38e+00  1.50e-01  1.22e-01  8.09e-02  6.97e-02  3.18e-02  2.23e+03  1.37e+01 -1.00e+05
2016 05 08  0345   57516  13500   1.13e+00  1.90e-01  1.62e-01  1.20e-01  1.09e-01  5.04e-02  1.15e+03  6.19e+00 -1.00e+05
2016 05 08  0350   57516  13800   9.26e-01  1.28e-01  1.00e-01  5.86e-02  4.75e-02  2.46e-02  7.22e+02  6.99e+00 -1.00e+05
2016 05 08  0355   57516  14100   7.92e-01  2.29e-01  2.01e-01  6.40e-02  4.87e-02  2.46e-02  3.62e+02  2.21e+00 -1.00e+05
2016 05 08  0400   57516  14400   5.97e-01  1.44e-01  1.16e-01  7.46e-02  6.35e-02  2.97e-02  1.88e+02  3.01e+00 -1.00e+05
2016 05 08  0405   57516  14700   4.60e-01  1.28e-01  1.00e-01  5.86e-02  4.75e-02  2.46e-02  4.71e+01  3.59e-01 -1.00e+05
2016 05 08  0410   57516  15000   4.33e-01  1.60e-01  1.05e-01  5.86e-02  4.75e-02  2.46e-02  8.52e+00  4.78e-01 -1.00e+05
2016 05 08  0415   57516  15300   3.94e-01  2.34e-01  2.06e-01  7.25e-02  6.14e-02  3.85e-02  4.78e+00  1.33e-01 -1.00e+05
2016 05 08  0420   57516  15600   4.75e-01  1.76e-01  1.48e-01  9.43e-02  7.39e-02  4.84e-02  5.57e+00  1.33e-01 -1.00e+05
2016 05 08  0425   57516  15900   5.71e-01  2.23e-01  1.95e-01  5.86e-02  4.75e-02  2.46e-02  3.55e+01  3.99e-01 -1.00e+05
2016 05 08  0430   57516  16200   5.66e-01  1.62e-01  1.34e-01  9.23e-02  8.12e-02  5.83e-02  3.83e+01  1.33e-01 -1.00e+05
2016 05 08  0435   57516  16500   5.64e-01  3.63e-01  1.83e-01  1.38e-01  9.53e-02  6.33e-02  3.47e+00  1.33e-01 -1.00e+05
2016 05 08  0440   57516  16800   9.12e-01  4.19e-01  2.37e-01  7.05e-02  5.02e-02  2.46e-02  1.89e+01  1.33e-01 -1.00e+05
2016 05 08  0445   57516  17100   4.76e-01  2.17e-01  1.14e-01  5.86e-02  4.75e-02  2.46e-02  2.87e+01  1.70e-01 -1.00e+05
2016 05 08  0450   57516  17400   1.57e-01  1.28e-01  1.00e-01  5.86e-02  4.75e-02  2.46e-02  5.34e+01  1.33e-01 -1.00e+05
2016 05 08  0455   57516  17700   1.65e-01  1.37e-01  1.08e-01  6.69e-02  5.24e-02  2.86e-02  1.43e+01  1.33e-01 -1.00e+05
2016 05 08  0500   57516  18000   1.81e-01  1.28e-01  1.00e-01  5.86e-02  4.75e-02  2.46e-02  5.70e+00  1.13e+00 -1.00e+05
2016 05 08  0505   57516  18300   4.38e-01  1.62e-01  1.34e-01  9.23e-02  8.12e-02  5.83e-02  4.97e+00  1.33e-01 -1.00e+05
2016 05 08  0510   57516  18600   1.12e+00  3.68e-01  2.17e-01  5.86e-02  4.75e-02  2.46e-02  2.69e+01  1.33e-01 -1.00e+05
2016 05 08  0515   57516  18900   1.41e+00  1.28e-01  1.00e-01  5.86e-02  4.75e-02  2.46e-02  8.94e+01  3.98e+00 -1.00e+05
2016 05 08  0520   57516  19200   1.70e+00  1.45e-01  1.16e-01  7.50e-02  6.38e-02  4.10e-02  2.33e+02  3.10e+00 -1.00e+05
2016 05 08  0525   57516  19500   6.06e+00  2.37e-01  1.85e-01  1.07e-01  9.60e-02  7.32e-02  4.79e+02  7.12e+00 -1.00e+05
2016 05 08  0530   57516  19800   2.73e+02  1.28e-01  1.00e-01  5.86e-02  4.75e-02  2.46e-02  2.48e+03  5.21e+01 -1.00e+05
2016 05 08  0535   57516  20100   2.86e+02  1.32e-01  1.04e-01  6.26e-02  5.15e-02  2.86e-02  4.42e+03  1.08e+02 -1.00e+05
2016 05 08  0540   57516  20400   1.91e+02  3.80e-01  1.71e-01  5.86e-02  4.75e-02  2.46e-02  3.28e+03  7.98e+01 -1.00e+05
2016 05 08  0545   57516  20700   1.05e+02  2.12e-01  1.03e-01  5.86e-02  4.75e-02  2.46e-02  3.00e+03  5.68e+01 -1.00e+05
2016 05 08  0550   57516  21000   3.17e+01  1.99e-01  1.71e-01  1.29e-01  1.07e-01  5.39e-02  2.10e+03  4.00e+01 -1.00e+05
2016 05 08  0555   57516  21300   3.01e+01  1.28e-01  1.00e-01  5.86e-02  4.75e-02  2.46e-02  1.81e+03  3.61e+01 -1.00e+05
2016 05 08  0600   57516  21600   4.24e+01  1.47e-01  1.19e-01  7.71e-02  5.16e-02  2.46e-02  1.71e+03  4.14e+01 -1.00e+05
2016 05 08  0605   57516  21900   2.06e+01  1.28e-01  1.00e-01  5.86e-02  4.75e-02  2.46e-02  1.90e+03  4.10e+01 -1.00e+05
2016 05 08  0610   57516  22200   1.07e+01  1.97e-01  1.69e-01  9.48e-02  8.37e-02  6.08e-02  2.22e+03  3.60e+01 -1.00e+05
2016 05 08  0615   57516  22500   1.23e+01  2.23e-01  1.95e-01  5.86e-02  4.75e-02  2.46e-02  2.18e+03  2.94e+01 -1.00e+05
2016 05 08  0620   57516  22800   8.26e+00  1.86e-01  1.58e-01  1.15e-01  7.29e-02  4.10e-02  2.04e+03  3.57e+01 -1.00e+05
2016 05 08  0625   57516  23100   1.90e+01  3.44e-01  1.81e-01  1.31e-01  1.07e-01  8.06e-02  3.98e+03  4.72e+01 -1.00e+05
2016 05 08  0630   57516  23400   1.05e+01  2.77e-01  1.42e-01  9.68e-02  5.61e-02  2.46e-02  3.91e+03  4.24e+01 -1.00e+05
2016 05 08  0635   57516  23700   4.03e+00  1.70e-01  1.42e-01  9.99e-02  6.43e-02  2.77e-02  2.83e+03  1.72e+01 -1.00e+05
2016 05 08  0640   57516  24000   2.67e+00  2.17e-01  1.17e-01  6.21e-02  5.09e-02  2.57e-02  7.82e+02  4.14e+00 -1.00e+05
2016 05 08  0645   57516  24300   9.81e-01  1.54e-01  1.26e-01  7.00e-02  5.89e-02  3.60e-02  4.49e+02  2.11e+00 -1.00e+05
2016 05 08  0650   57516  24600   1.29e+00  3.81e-01  2.29e-01  7.05e-02  5.02e-02  2.46e-02  8.09e+01  1.33e-01 -1.00e+05
2016 05 08  0655   57516  24900   1.47e+00  1.57e-01  1.29e-01  8.71e-02  7.60e-02  3.38e-02  5.88e+02  2.47e+00 -1.00e+05
2016 05 08  0700   57516  25200   7.39e-01  1.78e-01  1.50e-01  9.02e-02  5.46e-02  2.46e-02  2.35e+02  1.33e-01 -1.00e+05
2016 05 08  0705   57516  25500   5.50e-01  1.28e-01  1.00e-01  5.86e-02  4.75e-02  2.46e-02  3.55e+01  1.33e-01 -1.00e+05
2016 05 08  0710   57516  25800   1.23e+00  1.60e-01  1.05e-01  5.86e-02  4.75e-02  2.46e-02  1.19e+02  1.92e-01 -1.00e+05
2016 05 08  0715   57516  26100   1.04e+00  4.79e-01  2.40e-01  6.51e-02  5.01e-02  2.61e-02  2.32e+01  1.33e-01 -1.00e+05
2016 05 08  0720   57516  26400   7.79e-01  2.83e-01  1.63e-01  1.05e-01  8.97e-02  3.78e-02  1.17e+01  1.33e-01 -1.00e+05
2016 05 08  0725   57516  26700   5.25e-01  1.34e-01  1.06e-01  6.40e-02  4.87e-02  2.46e-02  2.14e+01  1.33e-01 -1.00e+05
2016 05 08  0730   57516  27000   3.53e-01  1.28e-01  1.00e-01  5.86e-02  4.75e-02  2.46e-02  3.05e+01  1.33e-01 -1.00e+05
2016 05 08  0735   57516  27300   1.75e+00  4.20e-01  1.73e-01  6.01e-02  4.90e-02  2.61e-02  1.31e+02  2.23e-01 -1.00e+05
2016 05 08  0740   57516  27600   9.99e-01  2.23e-01  1.95e-01  1.52e-01  1.14e-01  8.31e-02  1.45e+02  1.33e-01 -1.00e+05
2016 05 08  0745   57516  27900   1.29e+00  2.50e-01  1.15e-01  7.05e-02  5.02e-02  2.46e-02  2.43e+01  1.33e-01 -1.00e+05
2016 05 08  0750   57516  28200   6.01e-01  1.32e-01  1.03e-01  6.21e-02  5.09e-02  2.57e-02  5.64e+00  1.33e-01 -1.00e+05
2016 05 08  0755   57516  28500   1.06e+00  2.77e-01  1.69e-01  1.25e-01  1.14e-01  4.59e-02  2.19e+01  1.33e-01 -1.00e+05
2016 05 08  0800   57516  28800   1.24e+00  1.28e-01  1.00e-01  5.86e-02  4.75e-02  2.46e-02  9.82e+01  1.33e-01 -1.00e+05
2016 05 08  0805   57516  29100   6.79e-01  1.50e-01  1.22e-01  8.00e-02  6.47e-02  2.97e-02  1.81e+01  1.33e-01 -1.00e+05
2016 05 08  0810   57516  29400   7.34e-01  1.78e-01  1.23e-01  7.70e-02  5.85e-02  3.35e-02  1.56e+01  1.33e-01 -1.00e+05
2016 05 08  0815   57516  29700   3.90e-01  2.13e-01  1.84e-01  1.42e-01  1.11e-01  5.58e-02  3.58e+01  1.33e-01 -1.00e+05
2016 05 08  0820   57516  30000   4.26e-01  2.23e-01  1.95e-01  5.86e-02  4.75e-02  2.46e-02  1.32e+01  1.33e-01 -1.00e+05
2016 05 08  0825   57516  30300   6.04e-01  2.30e-01  2.01e-01  8.03e-02  5.99e-02  2.77e-02  7.31e+00  1.33e-01 -1.00e+05
2016 05 08  0830   57516  30600   6.11e-01  1.77e-01  1.23e-01  7.75e-02  6.63e-02  4.34e-02  9.11e+00  1.33e-01 -1.00e+05
2016 05 08  0835   57516  30900   3.43e+00  1.28e-01  1.00e-01  5.86e-02  4.75e-02  2.46e-02  6.69e+01  8.22e-01 -1.00e+05
2016 05 08  0840   57516  31200   3.37e+00  1.45e-01  1.17e-01  5.86e-02  4.75e-02  2.46e-02  3.63e+01  1.33e-01 -1.00e+05
2016 05 08  0845   57516  31500   3.63e+00  2.68e-01  2.15e-01  7.75e-02  6.63e-02  4.34e-02  3.64e+01  1.33e-01 -1.00e+05
2016 05 08  0850   57516  31800   4.01e+00  1.94e-01  1.66e-01  1.10e-01  7.37e-02  4.34e-02  4.70e+01  1.33e-01 -1.00e+05
2016 05 08  0855   57516  32100   4.48e+00  2.58e-01  2.29e-01  1.02e-01  9.11e-02  6.82e-02  7.23e+01  1.33e-01 -1.00e+05
2016 05 08  0900   57516  32400   5.49e+00  1.47e-01  1.19e-01  7.75e-02  6.63e-02  4.34e-02  9.23e+01  1.33e-01 -1.00e+05
2016 05 08  0905   57516  32700   6.60e+00  2.50e-01  1.29e-01  6.40e-02  4.87e-02  2.46e-02  8.45e+01  1.33e-01 -1.00e+05
2016 05 08  0910   57516  33000   1.61e+00  2.27e-01  1.99e-01  1.00e-01  8.88e-02  3.89e-02  2.15e+01  1.33e-01 -1.00e+05
2016 05 08  0915   57516  33300   5.66e-01  2.59e-01  1.49e-01  1.03e-01  5.76e-02  2.46e-02  3.13e+00  1.33e-01 -1.00e+05
2016 05 08  0920   57516  33600   4.12e-01  1.88e-01  1.60e-01  1.18e-01  1.07e-01  4.38e-02  2.76e+00  1.33e-01 -1.00e+05
2016 05 08  0925   57516  33900   3.54e-01  1.74e-01  1.46e-01  5.86e-02  4.75e-02  2.46e-02  3.50e+00  4.40e-01 -1.00e+05
2016 05 08  0930   57516  34200   7.23e-01  2.35e-01  1.32e-01  7.75e-02  6.63e-02  4.34e-02  4.95e+00  1.33e-01 -1.00e+05
2016 05 08  0935   57516  34500   8.41e-01  1.62e-01  1.34e-01  5.86e-02  4.75e-02  2.46e-02  1.11e+01  1.33e-01 -1.00e+05
2016 05 08  0940   57516  34800   8.83e-01  2.23e-01  1.95e-01  5.86e-02  4.75e-02  2.46e-02  3.66e+01  2.05e+00 -1.00e+05
2016 05 08  0945   57516  35100   1.93e+00  2.62e-01  1.62e-01  1.07e-01  9.60e-02  7.32e-02  1.84e+02  1.33e-01 -1.00e+05
2016 05 08  0950   57516  35400   1.06e+00  2.38e-01  2.10e-01  7.75e-02  6.63e-02  4.34e-02  1.69e+02  1.33e-01 -1.00e+05
2016 05 08  0955   57516  35700   9.99e-01  1.58e-01  1.29e-01  7.05e-02  5.02e-02  2.46e-02  2.31e+02  1.33e-01 -1.00e+05
2016 05 08  1000   57516  36000   1.03e+00  2.05e-01  1.76e-01  7.40e-02  5.36e-02  2.57e-02  1.58e+02  1.33e-01 -1.00e+05
2016 05 08  1005   57516  36300   9.06e-01  1.45e-01  1.17e-01  5.86e-02  4.75e-02  2.46e-02  2.29e+02  2.55e-01 -1.00e+05
2016 05 08  1010   57516  36600   1.78e+00  3.99e-01  1.90e-01  6.40e-02  4.87e-02  2.46e-02  2.57e+02  1.33e-01 -1.00e+05
2016 05 08  1015   57516  36900   9.07e-01  1.28e-01  1.00e-01  5.86e-02  4.75e-02  2.46e-02  3.01e+02  1.14e+00 -1.00e+05
2016 05 08  1020   57516  37200   5.19e-01  1.32e-01  1.04e-01  6.26e-02  5.15e-02  2.86e-02  2.29e+02  1.33e-01 -1.00e+05
2016 05 08  1025   57516  37500   9.77e-01  2.42e-01  2.14e-01  8.37e-02  5.31e-02  2.46e-02  2.04e+02  1.35e+00 -1.00e+05
2016 05 08  1030   57516  37800   1.24e+00  1.28e-01  1.00e-01  5.86e-02  4.75e-02  2.46e-02  3.09e+02  2.46e+00 -1.00e+05
2016 05 08  1035   57516  38100   8.21e-01  2.58e-01  1.25e-01  8.10e-02  6.98e-02  4.70e-02  6.25e+01  1.33e-01 -1.00e+05
2016 05 08  1040   57516  38400   1.68e+00  3.05e-01  1.02e-01  5.86e-02  4.75e-02  2.46e-02  1.80e+02  1.33e-01 -1.00e+05
2016 05 08  1045   57516  38700   1.11e+00  1.47e-01  1.19e-01  7.71e-02  5.16e-02  2.46e-02  3.29e+02  2.62e+00 -1.00e+05
2016 05 08  1050   57516  39000   2.02e+00  3.49e-01  1.37e-01  9.34e-02  8.23e-02  3.58e-02  4.58e+02  1.33e-01 -1.00e+05
2016 05 08  1055   57516  39300   1.10e+00  2.14e-01  1.63e-01  1.17e-01  1.06e-01  8.31e-02  6.96e+02  3.30e+00 -1.00e+05
2016 05 08  1100   57516  39600   9.57e+00  1.47e-01  1.19e-01  7.71e-02  5.16e-02  2.46e-02  7.10e+02  2.01e+00 -1.00e+05
2016 05 08  1105   57516  39900   1.08e+01  2.23e-01  1.94e-01  7.71e-02  5.16e-02  2.46e-02  7.81e+02  3.77e+00 -1.00e+05
2016 05 08  1110   57516  40200   1.93e+01  1.28e-01  1.00e-01  5.86e-02  4.75e-02  2.46e-02  7.53e+02  3.04e+00 -1.00e+05
2016 05 08  1115   57516  40500   3.80e+01  1.28e-01  1.00e-01  5.86e-02  4.75e-02  2.46e-02  8.90e+02  3.31e+00 -1.00e+05
2016 05 08  1120   57516  40800   3.53e+01  2.17e-01  1.64e-01  1.16e-01  7.32e-02  4.34e-02  8.50e+02  1.33e-01 -1.00e+05
2016 05 08  1125   57516  41100   2.80e+01  1.62e-01  1.34e-01  5.86e-02  4.75e-02  2.46e-02  1.18e+03  5.66e+00 -1.00e+05
2016 05 08  1130   57516  41400   4.12e+01  1.30e-01  1.01e-01  6.01e-02  4.90e-02  2.61e-02  1.73e+03  7.52e+00 -1.00e+05
2016 05 08  1135   57516  41700   3.20e+01  2.42e-01  2.14e-01  7.71e-02  5.16e-02  2.46e-02  2.42e+03  1.11e+01 -1.00e+05
2016 05 08  1140   57516  42000   4.00e+00  1.50e-01  1.22e-01  8.09e-02  6.97e-02  3.18e-02  8.36e+02  1.84e+00 -1.00e+05
2016 05 08  1145   57516  42300   3.70e+00  1.28e-01  1.00e-01  5.86e-02  4.75e-02  2.46e-02  1.19e+03  4.50e+00 -1.00e+05
2016 05 08  1150   57516  42600   4.64e+00  2.32e-01  2.04e-01  1.62e-01  1.51e-01  5.79e-02  1.49e+03  1.22e+00 -1.00e+05
2016 05 08  1155   57516  42900   4.44e+00  2.33e-01  2.05e-01  1.20e-01  1.08e-01  8.55e-02  1.85e+03  5.04e+00 -1.00e+05
2016 05 08  1200   57516  43200   9.62e+00  3.08e-01  2.08e-01  1.25e-01  1.14e-01  4.59e-02  2.09e+03  5.46e+00 -1.00e+05
2016 05 08  1205   57516  43500   3.51e+00  1.32e-01  1.03e-01  6.21e-02  5.09e-02  2.57e-02  1.23e+03  3.07e+00 -1.00e+05
2016 05 08  1210   57516  43800   2.76e+00  1.50e-01  1.22e-01  8.03e-02  5.99e-02  2.77e-02  5.89e+02  1.33e-01 -1.00e+05
2016 05 08  1215   57516  44100   1.94e+00  1.58e-01  1.30e-01  7.50e-02  6.38e-02  4.10e-02  6.62e+02  1.33e-01 -1.00e+05
2016 05 08  1220   57516  44400   2.09e+00  1.62e-01  1.34e-01  5.86e-02  4.75e-02  2.46e-02  8.91e+02  5.68e-01 -1.00e+05
2016 05 08  1225   57516  44700   4.33e+00  1.28e-01  1.00e-01  5.86e-02  4.75e-02  2.46e-02  1.10e+03  7.94e-01 -1.00e+05
2016 05 08  1230   57516  45000   3.45e+00  3.19e-01  1.38e-01  9.48e-02  8.37e-02  6.08e-02  6.12e+02  1.33e-01 -1.00e+05
2016 05 08  1235   57516  45300   2.96e+00  1.89e-01  1.36e-01  8.98e-02  7.87e-02  5.58e-02  8.74e+02  1.45e+00 -1.00e+05
2016 05 08  1240   57516  45600   7.74e+00  3.20e-01  1.44e-01  9.96e-02  6.91e-02  2.97e-02  1.21e+03  1.96e+00 -1.00e+05
2016 05 08  1245   57516  45900   4.25e+00  1.35e-01  1.07e-01  6.51e-02  5.01e-02  2.61e-02  1.52e+03  4.17e+00 -1.00e+05
2016 05 08  1250   57516  46200   3.60e+00  1.34e-01  1.06e-01  6.40e-02  4.87e-02  2.46e-02  1.66e+03  4.76e+00 -1.00e+05
2016 05 08  1255   57516  46500   3.97e+00  1.61e-01  1.33e-01  9.02e-02  5.46e-02  2.46e-02  2.51e+03  5.67e+00 -1.00e+05
2016 05 08  1300   57516  46800   6.19e+00  1.67e-01  1.39e-01  9.66e-02  6.30e-02  3.35e-02  2.96e+03  8.82e+00 -1.00e+05
2016 05 08  1305   57516  47100   7.43e+00  1.45e-01  1.17e-01  5.86e-02  4.75e-02  2.46e-02  3.31e+03  1.67e+01 -1.00e+05
2016 05 08  1310   57516  47400   6.30e+00  2.23e-01  1.95e-01  5.86e-02  4.75e-02  2.46e-02  3.20e+03  1.50e+01 -1.00e+05
2016 05 08  1315   57516  47700   8.82e+00  1.28e-01  1.00e-01  5.86e-02  4.75e-02  2.46e-02  4.09e+03  1.98e+01 -1.00e+05
2016 05 08  1320   57516  48000   8.26e+00  1.28e-01  1.00e-01  5.86e-02  4.75e-02  2.46e-02  4.57e+03  2.21e+01 -1.00e+05
2016 05 08  1325   57516  48300   8.22e+00  2.13e-01  1.58e-01  1.10e-01  5.90e-02  2.46e-02  4.24e+03  2.16e+01 -1.00e+05
2016 05 08  1330   57516  48600   8.06e+00  1.68e-01  1.39e-01  9.68e-02  5.61e-02  2.46e-02  5.03e+03  2.26e+01 -1.00e+05
2016 05 08  1335   57516  48900   1.08e+01  1.60e-01  1.05e-01  5.86e-02  4.75e-02  2.46e-02  5.19e+03  3.12e+01 -1.00e+05
2016 05 08  1340   57516  49200   2.66e+01  1.60e-01  1.05e-01  5.86e-02  4.75e-02  2.46e-02  5.08e+03  3.21e+01 -1.00e+05
2016 05 08  1345   57516  49500   1.98e+01  1.34e-01  1.06e-01  6.40e-02  4.87e-02  2.46e-02  6.07e+03  3.51e+01 -1.00e+05
2016 05 08  1350   57516  49800   3.25e+01  3.25e-01  2.21e-01  7.05e-02  5.02e-02  2.46e-02  7.04e+03  4.47e+01 -1.00e+05
2016 05 08  1355   57516  50100   3.23e+01  1.72e-01  1.44e-01  1.00e-01  5.44e-02  2.46e-02  6.38e+03  4.06e+01 -1.00e+05
2016 05 08  1400   57516  50400   7.03e+01  4.19e-01  1.72e-01  5.86e-02  4.75e-02  2.46e-02  6.76e+03  4.51e+01 -1.00e+05
2016 05 08  1405   57516  50700   5.00e+01  1.28e-01  1.00e-01  5.86e-02  4.75e-02  2.46e-02  7.40e+03  4.85e+01 -1.00e+05
2016 05 08  1410   57516  51000   9.85e+01  2.45e-01  1.35e-01  9.02e-02  5.46e-02  2.46e-02  9.25e+03  6.65e+01 -1.00e+05
2016 05 08  1415   57516  51300   5.35e+01  1.35e-01  1.06e-01  6.51e-02  5.39e-02  3.11e-02  1.01e+04  7.07e+01 -1.00e+05
2016 05 08  1420   57516  51600   3.23e+01  1.47e-01  1.19e-01  7.75e-02  6.63e-02  4.34e-02  8.18e+03  6.09e+01 -1.00e+05
2016 05 08  1425   57516  51900   2.91e+01  1.28e-01  1.00e-01  5.86e-02  4.75e-02  2.46e-02  8.97e+03  7.21e+01 -1.00e+05
2016 05 08  1430   57516  52200   2.22e+01  1.61e-01  1.33e-01  9.02e-02  5.46e-02  2.46e-02  1.06e+04  8.37e+01 -1.00e+05
2016 05 08  1435   57516  52500   2.87e+01  2.71e-01  1.18e-01  7.46e-02  6.35e-02  2.97e-02  1.11e+04  9.80e+01 -1.00e+05
2016 05 08  1440   57516  52800   1.42e+01  2.69e-01  2.41e-01  1.03e-01  5.76e-02  2.46e-02  1.34e+04  1.19e+02 -1.00e+05
2016 05 08  1445   57516  53100   1.35e+01  1.84e-01  1.55e-01  1.07e-01  9.60e-02  7.32e-02  1.35e+04  1.27e+02 -1.00e+05
2016 05 08  1450   57516  53400   1.50e+01  1.28e-01  1.00e-01  5.86e-02  4.75e-02  2.46e-02  1.51e+04  1.41e+02 -1.00e+05
2016 05 08  1455   57516  53700   1.47e+01  1.54e-01  1.26e-01  8.49e-02  7.37e-02  5.09e-02  1.64e+04  1.52e+02 -1.00e+05
2016 05 08  1500   57516  54000   1.26e+01  1.61e-01  1.33e-01  9.02e-02  5.46e-02  2.46e-02  1.57e+04  1.48e+02 -1.00e+05
2016 05 08  1505   57516  54300   1.34e+01  1.28e-01  1.00e-01  5.86e-02  4.75e-02  2.46e-02  1.58e+04  1.28e+02 -1.00e+05
2016 05 08  1510   57516  54600   2.44e+01  4.04e-01  2.18e-01  5.86e-02  4.75e-02  2.46e-02  1.50e+04  1.21e+02 -1.00e+05
2016 05 08  1515   57516  54900   1.09e+01  2.48e-01  2.20e-01  8.98e-02  7.87e-02  5.58e-02  1.38e+04  1.07e+02 -1.00e+05
2016 05 08  1520   57516  55200   8.72e+00  1.54e-01  1.26e-01  8.37e-02  5.31e-02  2.46e-02  1.64e+04  1.36e+02 -1.00e+05
2016 05 08  1525   57516  55500   6.29e+00  2.40e-01  2.12e-01  7.99e-02  6.88e-02  4.59e-02  1.43e+04  1.15e+02 -1.00e+05
2016 05 08  1530   57516  55800   4.46e+00  1.62e-01  1.34e-01  5.86e-02  4.75e-02  2.46e-02  1.26e+04  8.97e+01 -1.00e+05
2016 05 08  1535   57516  56100   7.67e+00  2.17e-01  1.14e-01  5.86e-02  4.75e-02  2.46e-02  1.29e+04  1.09e+02 -1.00e+05
2016 05 08  1540   57516  56400   4.35e+00  2.16e-01  1.88e-01  8.35e-02  7.24e-02  4.20e-02  1.03e+04  6.78e+01 -1.00e+05
2016 05 08  1545   57516  56700   7.71e+00  1.60e-01  1.05e-01  5.86e-02  4.75e-02  2.46e-02  1.06e+04  7.41e+01 -1.00e+05
2016 05 08  1550   57516  57000   3.82e+00  1.28e-01  1.00e-01  5.86e-02  4.75e-02  2.46e-02  9.95e+03  8.13e+01 -1.00e+05
2016 05 08  1555   57516  57300   2.74e+00  2.36e-01  2.08e-01  7.50e-02  6.38e-02  4.10e-02  9.38e+03  8.70e+01 -1.00e+05
2016 05 08  1600   57516  57600   3.56e+00  2.42e-01  2.14e-01  8.24e-02  7.13e-02  4.84e-02  8.49e+03  6.88e+01 -1.00e+05
2016 05 08  1605   57516  57900   3.24e+00  2.34e-01  1.31e-01  5.86e-02  4.75e-02  2.46e-02  9.00e+03  6.24e+01 -1.00e+05
2016 05 08  1610   57516  58200   2.82e+00  3.43e-01  3.15e-01  1.20e-01  6.87e-02  2.77e-02  8.90e+03  5.72e+01 -1.00e+05
2016 05 08  1615   57516  58500   4.01e+00  2.08e-01  1.53e-01  1.05e-01  5.44e-02  2.46e-02  9.34e+03  7.75e+01 -1.00e+05
2016 05 08  1620   57516  58800   2.12e+00  1.28e-01  1.00e-01  5.86e-02  4.75e-02  2.46e-02  6.01e+03  3.71e+01 -1.00e+05
2016 05 08  1625   57516  59100   2.23e+00  1.74e-01  1.46e-01  1.03e-01  5.76e-02  2.46e-02  3.76e+03  2.17e+01 -1.00e+05
2016 05 08  1630   57516  59400   2.24e+00  2.25e-01  1.49e-01  9.88e-02  8.35e-02  3.58e-02  4.88e+03  2.99e+01 -1.00e+05
2016 05 08  1635   57516  59700   5.88e+00  3.38e-01  1.35e-01  9.02e-02  5.46e-02  2.46e-02  4.75e+03  3.44e+01 -1.00e+05
2016 05 08  1640   57516  60000   8.68e+00  2.55e-01  2.00e-01  5.86e-02  4.75e-02  2.46e-02  6.01e+03  7.40e+01 -1.00e+05
2016 05 08  1645   57516  60300   3.74e+00  1.28e-01  1.00e-01  5.86e-02  4.75e-02  2.46e-02  5.97e+03  6.10e+01 -1.00e+05
2016 05 08  1650   57516  60600   4.84e+00  1.28e-01  1.00e-01  5.86e-02  4.75e-02  2.46e-02  5.19e+03  4.76e+01 -1.00e+05
2016 05 08  1655   57516  60900   4.32e+00  2.51e-01  1.48e-01  5.86e-02  4.75e-02  2.46e-02  5.29e+03  4.55e+01 -1.00e+05
2016 05 08  1700   57516  61200   6.96e+00  3.28e-01  1.06e-01  6.21e-02  5.09e-02  2.57e-02  4.83e+03  4.30e+01 -1.00e+05
2016 05 08  1705   57516  61500   4.39e+00  1.28e-01  1.00e-01  5.86e-02  4.75e-02  2.46e-02  4.46e+03  3.78e+01 -1.00e+05
2016 05 08  1710   57516  61800   7.67e+00  1.72e-01  1.17e-01  7.05e-02  5.02e-02  2.46e-02  5.57e+03  7.60e+01 -1.00e+05
2016 05 08  1715   57516  62100   1.06e+01  3.53e-01  1.72e-01  1.26e-01  7.35e-02  3.85e-02  6.07e+03  9.07e+01 -1.00e+05
2016 05 08  1720   57516  62400   4.05e+00  2.23e-01  1.95e-01  5.86e-02  4.75e-02  2.46e-02  4.41e+03  5.96e+01 -1.00e+05
2016 05 08  1725   57516  62700   4.95e+00  1.28e-01  1.00e-01  5.86e-02  4.75e-02  2.46e-02  3.75e+03  4.46e+01 -1.00e+05
2016 05 08  1730   57516  63000   8.03e+00  2.34e-01  1.31e-01  5.86e-02  4.75e-02  2.46e-02  5.23e+03  8.39e+01 -1.00e+05
2016 05 08  1735   57516  63300   6.98e+00  3.08e-01  2.53e-01  1.11e-01  6.04e-02  2.61e-02  5.33e+03  8.35e+01 -1.00e+05
2016 05 08  1740   57516  63600   5.76e+00  1.45e-01  1.17e-01  5.86e-02  4.75e-02  2.46e-02  5.01e+03  7.48e+01 -1.00e+05
2016 05 08  1745   57516  63900   4.88e+00  1.94e-01  1.66e-01  1.23e-01  8.76e-02  5.14e-02  4.15e+03  6.41e+01 -1.00e+05
2016 05 08  1750   57516  64200   4.20e+00  1.45e-01  1.17e-01  5.86e-02  4.75e-02  2.46e-02  5.03e+03  7.92e+01 -1.00e+05
2016 05 08  1755   57516  64500   6.81e+00  2.56e-01  2.28e-01  9.02e-02  5.46e-02  2.46e-02  8.82e+03  1.55e+02 -1.00e+05
2016 05 08  1800   57516  64800   5.64e+00  1.56e-01  1.27e-01  8.59e-02  7.01e-02  4.59e-02  1.13e+04  1.94e+02 -1.00e+05
2016 05 08  1805   57516  65100   4.20e+00  1.28e-01  1.00e-01  5.86e-02  4.75e-02  2.46e-02  7.58e+03  1.45e+02 -1.00e+05
2016 05 08  1810   57516  65400   3.02e+00  1.28e-01  1.00e-01  5.86e-02  4.75e-02  2.46e-02  5.93e+03  9.26e+01 -1.00e+05
2016 05 08  1815   57516  65700   5.58e+00  2.35e-01  1.32e-01  6.01e-02  4.90e-02  2.61e-02  5.34e+03  7.09e+01 -1.00e+05
2016 05 08  1820   57516  66000   4.63e+00  2.23e-01  1.95e-01  5.86e-02  4.75e-02  2.46e-02  1.16e+04  1.67e+02 -1.00e+05
2016 05 08  1825   57516  66300   2.63e+00  1.65e-01  1.37e-01  6.21e-02  5.09e-02  2.57e-02  6.72e+03  1.04e+02 -1.00e+05
2016 05 08  1830   57516  66600   4.94e+00  2.17e-01  1.14e-01  5.86e-02  4.75e-02  2.46e-02  7.75e+03  1.02e+02 -1.00e+05
2016 05 08  1835   57516  66900   4.39e+00  2.24e-01  1.96e-01  6.01e-02  4.90e-02  2.61e-02  1.22e+04  2.05e+02 -1.00e+05
2016 05 08  1840   57516  67200   6.27e+00  1.28e-01  1.00e-01  5.86e-02  4.75e-02  2.46e-02  1.91e+04  3.27e+02 -1.00e+05
2016 05 08  1845   57516  67500   8.12e+00  1.60e-01  1.05e-01  5.86e-02  4.75e-02  2.46e-02  1.84e+04  3.23e+02 -1.00e+05
2016 05 08  1850   57516  67800   4.81e+00  1.74e-01  1.46e-01  1.05e-01  9.36e-02  7.07e-02  1.49e+04  1.92e+02 -1.00e+05
2016 05 08  1855   57516  68100   3.70e+00  1.58e-01  1.29e-01  7.05e-02  5.02e-02  2.46e-02  1.28e+04  1.69e+02 -1.00e+05
2016 05 08  1900   57516  68400   5.87e+00  2.18e-01  1.12e-01  6.83e-02  5.72e-02  2.77e-02  1.33e+04  1.67e+02 -1.00e+05
2016 05 08  1905   57516  68700   3.05e+00  2.23e-01  1.95e-01  5.86e-02  4.75e-02  2.46e-02  1.48e+04  1.90e+02 -1.00e+05
2016 05 08  1910   57516  69000   2.44e+00  1.70e-01  1.41e-01  1.00e-01  8.88e-02  3.89e-02  1.54e+04  2.00e+02 -1.00e+05
2016 05 08  1915   57516  69300   1.90e+00  2.55e-01  1.54e-01  9.98e-02  8.86e-02  6.57e-02  1.08e+04  8.36e+01 -1.00e+05
2016 05 08  1920   57516  69600   2.10e+00  3.98e-01  2.61e-01  1.99e-01  1.58e-01  7.35e-02  9.99e+03  6.49e+01 -1.00e+05
2016 05 08  1925   57516  69900   1.03e+00  2.28e-01  2.00e-01  1.50e-01  1.04e-01  7.07e-02  7.99e+03  4.38e+01 -1.00e+05
2016 05 08  1930   57516  70200   7.19e-01  2.36e-01  2.07e-01  7.05e-02  5.02e-02  2.46e-02  4.84e+03  2.19e+01 -1.00e+05
2016 05 08  1935   57516  70500   7.53e-01  1.70e-01  1.16e-01  7.05e-02  5.94e-02  3.62e-02  6.96e+03  4.54e+01 -1.00e+05
2016 05 08  1940   57516  70800   5.00e-01  1.34e-01  1.06e-01  6.40e-02  4.87e-02  2.46e-02  6.06e+03  4.20e+01 -1.00e+05
2016 05 08  1945   57516  71100   4.60e-01  1.45e-01  1.17e-01  5.86e-02  4.75e-02  2.46e-02  5.86e+03  4.43e+01 -1.00e+05
2016 05 08  1950   57516  71400   7.43e-01  2.17e-01  1.14e-01  5.86e-02  4.75e-02  2.46e-02  6.39e+03  6.92e+01 -1.00e+05
2016 05 08  1955   57516  71700   6.14e-01  1.54e-01  1.26e-01  8.37e-02  5.31e-02  2.46e-02  6.24e+03  8.75e+01 -1.00e+05
2016 05 08  2000   57516  72000   3.74e+00  3.00e-01  1.20e-01  7.58e-02  6.40e-02  4.10e-02  3.73e+03  2.69e+01 -1.00e+05
2016 05 08  2005   57516  72300   2.17e+00  1.74e-01  1.46e-01  5.86e-02  4.75e-02  2.46e-02  3.11e+03  3.00e+01 -1.00e+05
2016 05 08  2010   57516  72600   8.12e+00  1.28e-01  1.00e-01  5.86e-02  4.75e-02  2.46e-02  5.43e+03  7.56e+01 -1.00e+05
2016 05 08  2015   57516  72900   9.58e+00  1.28e-01  1.00e-01  5.86e-02  4.75e-02  2.46e-02  5.08e+03  1.05e+02 -1.00e+05
2016 05 08  2020   57516  73200   4.14e+00  2.09e-01  1.81e-01  1.38e-01  1.03e-01  7.32e-02  4.85e+03  6.29e+01 -1.00e+05
2016 05 08  2025   57516  73500   3.72e+00  1.94e-01  1.39e-01  5.86e-02  4.75e-02  2.46e-02  3.90e+03  3.84e+01 -1.00e+05
2016 05 08  2030   57516  73800   1.61e+00  3.00e-01  2.72e-01  1.08e-01  8.47e-02  5.83e-02  2.41e+03  1.78e+01 -1.00e+05
2016 05 08  2035   57516  74100   2.48e+00  2.19e-01  1.33e-01  8.09e-02  6.97e-02  3.18e-02  1.60e+03  1.77e+01 -1.00e+05
2016 05 08  2040   57516  74400   1.43e+00  1.62e-01  1.34e-01  5.86e-02  4.75e-02  2.46e-02  1.45e+03  1.06e+01 -1.00e+05
2016 05 08  2045   57516  74700   1.75e+00  3.16e-01  1.82e-01  1.07e-01  9.60e-02  4.46e-02  1.45e+03  6.14e+00 -1.00e+05
2016 05 08  2050   57516  75000   7.97e-01  2.54e-01  1.52e-01  8.41e-02  6.78e-02  4.34e-02  1.18e+03  1.95e+00 -1.00e+05
2016 05 08  2055   57516  75300   2.42e+00  2.12e-01  1.03e-01  5.86e-02  4.75e-02  2.46e-02  6.96e+02  5.52e+00 -1.00e+05
2016 05 08  2100   57516  75600   7.65e+00  3.07e-01  1.26e-01  8.24e-02  7.13e-02  4.84e-02  1.92e+03  1.04e+01 -1.00e+05
2016 05 08  2105   57516  75900   1.07e+01  1.28e-01  1.00e-01  5.86e-02  4.75e-02  2.46e-02  3.34e+03  4.61e+01 -1.00e+05
2016 05 08  2110   57516  76200   8.03e+00  1.50e-01  1.22e-01  8.09e-02  6.97e-02  3.18e-02  4.38e+03  4.79e+01 -1.00e+05
2016 05 08  2115   57516  76500   8.89e+00  1.50e-01  1.21e-01  7.99e-02  6.88e-02  4.59e-02  4.51e+03  6.75e+01 -1.00e+05
2016 05 08  2120   57516  76800   1.33e+01  2.88e-01  1.54e-01  9.28e-02  7.24e-02  3.18e-02  4.46e+03  6.19e+01 -1.00e+05
2016 05 08  2125   57516  77100   9.44e+00  2.06e-01  1.78e-01  1.28e-01  1.17e-01  5.98e-02  2.37e+03  3.19e+01 -1.00e+05
2016 05 08  2130   57516  77400   8.21e+00  1.84e-01  1.56e-01  5.86e-02  4.75e-02  2.46e-02  4.10e+03  7.17e+01 -1.00e+05
2016 05 08  2135   57516  77700   6.34e+00  1.62e-01  1.34e-01  5.86e-02  4.75e-02  2.46e-02  3.02e+03  5.25e+01 -1.00e+05
2016 05 08  2140   57516  78000   8.54e+00  2.61e-01  1.02e-01  5.86e-02  4.75e-02  2.46e-02  3.77e+03  6.33e+01 -1.00e+05
2016 05 08  2145   57516  78300   7.65e+00  2.65e-01  1.29e-01  8.47e-02  5.45e-02  2.61e-02  3.02e+03  4.69e+01 -1.00e+05
2016 05 08  2150   57516  78600   4.07e+00  1.43e-01  1.15e-01  6.21e-02  5.09e-02  2.57e-02  3.03e+03  5.43e+01 -1.00e+05
2016 05 08  2155   57516  78900   5.02e+00  1.75e-01  1.47e-01  1.05e-01  8.97e-02  3.78e-02  4.46e+03  7.79e+01 -1.00e+05
2016 05 08  2200   57516  79200   3.93e+00  1.28e-01  1.00e-01  5.86e-02  4.75e-02  2.46e-02  3.59e+03  6.44e+01 -1.00e+05
2016 05 08  2205   57516  79500   4.21e+00  1.81e-01  1.48e-01  1.06e-01  8.02e-02  3.38e-02  3.73e+03  6.05e+01 -1.00e+05
2016 05 08  2210   57516  79800   3.30e+00  2.15e-01  1.63e-01  1.12e-01  1.01e-01  7.81e-02  3.49e+03  4.47e+01 -1.00e+05
2016 05 08  2215   57516  80100   3.61e+00  1.28e-01  1.00e-01  5.86e-02  4.75e-02  2.46e-02  3.39e+03  5.58e+01 -1.00e+05
2016 05 08  2220   57516  80400   7.00e+00  4.70e-01  2.18e-01  5.86e-02  4.75e-02  2.46e-02  2.98e+03  4.46e+01 -1.00e+05
2016 05 08  2225   57516  80700   3.49e+00  1.64e-01  1.04e-01  5.73e-02  4.62e-02  2.41e-02  1.88e+03  2.12e+01 -1.00e+05
2016 05 08  2230   57516  81000   2.69e+00  1.26e-01  9.86e-02  5.73e-02  4.62e-02  2.41e-02  2.03e+03  2.13e+01 -1.00e+05
2016 05 08  2235   57516  81300   5.58e+00  3.37e-01  1.48e-01  1.05e-01  9.35e-02  3.93e-02  1.92e+03  2.82e+01 -1.00e+05
2016 05 08  2240   57516  81600   5.81e+00  2.61e-01  1.53e-01  9.64e-02  5.50e-02  2.41e-02  2.03e+03  2.91e+01 -1.00e+05
2016 05 08  2245   57516  81900   5.41e+00  1.58e-01  1.30e-01  8.92e-02  7.81e-02  4.66e-02  3.90e+03  4.38e+01 -1.00e+05
2016 05 08  2250   57516  82200   5.32e+00  1.73e-01  1.45e-01  8.33e-02  5.21e-02  2.41e-02  4.87e+03  7.11e+01 -1.00e+05
2016 05 08  2255   57516  82500   8.79e+00  1.49e-01  1.21e-01  8.01e-02  6.90e-02  3.36e-02  9.34e+03  1.27e+02 -1.00e+05
2016 05 08  2300   57516  82800   5.79e+00  1.60e-01  1.32e-01  8.99e-02  5.35e-02  2.41e-02  1.11e+04  1.61e+02 -1.00e+05
2016 05 08  2305   57516  83100   5.10e+00  1.93e-01  1.65e-01  1.23e-01  1.12e-01  4.53e-02  1.12e+04  1.74e+02 -1.00e+05
2016 05 08  2310   57516  83400   7.80e+00  2.61e-01  1.53e-01  9.64e-02  5.50e-02  2.41e-02  1.16e+04  1.67e+02 -1.00e+05
2016 05 08  2315   57516  83700   4.79e+00  1.26e-01  9.86e-02  5.73e-02  4.62e-02  2.41e-02  1.09e+04  1.64e+02 -1.00e+05
2016 05 08  2320   57516  84000   4.53e+00  2.31e-01  1.60e-01  1.11e-01  9.49e-02  3.93e-02  8.96e+03  1.23e+02 -1.00e+05
2016 05 08  2325   57516  84300   3.90e+00  2.14e-01  1.01e-01  5.73e-02  4.62e-02  2.41e-02  1.01e+04  1.43e+02 -1.00e+05
2016 05 08  2330   57516  84600   2.53e+00  2.19e-01  1.91e-01  1.17e-01  1.06e-01  8.42e-02  8.91e+03  1.25e+02 -1.00e+05
2016 05 08  2335   57516  84900   2.02e+00  1.92e-01  1.64e-01  1.23e-01  9.99e-02  5.08e-02  8.53e+03  1.09e+02 -1.00e+05
2016 05 08  2340   57516  85200   1.65e+00  1.26e-01  9.86e-02  5.73e-02  4.62e-02  2.41e-02  6.62e+03  8.98e+01 -1.00e+05
2016 05 08  2345   57516  85500   9.28e-01  1.46e-01  1.19e-01  7.67e-02  5.06e-02  2.41e-02  2.68e+03  3.70e+01 -1.00e+05
2016 05 08  2350   57516  85800   6.07e-01  1.26e-01  9.86e-02  5.73e-02  4.62e-02  2.41e-02  2.05e+02  2.90e-01 -1.00e+05
2016 05 08  2355   57516  86100   5.79e-01  1.99e-01  1.71e-01  1.30e-01  1.19e-01  4.73e-02  4.21e+00  1.33e-01 -1.00e+05
