:Data_list: 20160425_Gs_part_5m.txt
:Created: 2016 Apr 26 0011 UTC
# Prepared by the U.S. Dept. of Commerce, NOAA, Space Weather Prediction Center
# Please send comments and suggestions to SWPC.Webmaster@noaa.gov 
# 
# Label: P > 1 = Particles at >1 Mev
# Label: P > 5 = Particles at >5 Mev
# Label: P >10 = Particles at >10 Mev
# Label: P >30 = Particles at >30 Mev
# Label: P >50 = Particles at >50 Mev
# Label: P>100 = Particles at >100 Mev
# Label: E>0.8 = Electrons at >0.8 Mev
# Label: E>2.0 = Electrons at >2.0 Mev
# Label: E>4.0 = Electrons at >4.0 Mev
# Units: Particles = Protons/cm2-s-sr
# Units: Electrons = Electrons/cm2-s-sr
# Source: GOES-15
# Location: W135
# Missing data: -1.00e+05
#
#                      5-minute  GOES-15 Solar Particle and Electron Flux
#
#                 Modified Seconds
# UTC Date  Time   Julian  of the
# YR MO DA  HHMM    Day     Day     P > 1     P > 5     P >10     P >30     P >50     P>100     E>0.8     E>2.0     E>4.0
#-------------------------------------------------------------------------------------------------------------------------
2016 04 25  0000   57503      0   5.91e+01  2.30e-01  1.03e-01  5.26e-02  4.28e-02  2.16e-02  2.47e+04  1.94e+02 -1.00e+05
2016 04 25  0005   57503    300   3.51e+01  1.30e-01  9.96e-02  5.22e-02  4.27e-02  2.16e-02  2.52e+04  2.01e+02 -1.00e+05
2016 04 25  0010   57503    600   3.51e+01  1.30e-01  9.96e-02  5.22e-02  4.27e-02  2.16e-02  2.46e+04  2.05e+02 -1.00e+05
2016 04 25  0015   57503    900   3.50e+01  1.37e-01  1.07e-01  5.91e-02  4.43e-02  2.16e-02  2.48e+04  1.91e+02 -1.00e+05
2016 04 25  0020   57503   1200   3.17e+01  2.05e-01  1.74e-01  7.14e-02  6.18e-02  4.07e-02  2.48e+04  1.93e+02 -1.00e+05
2016 04 25  0025   57503   1500   4.30e+01  1.79e-01  1.48e-01  5.22e-02  4.27e-02  2.16e-02  2.53e+04  1.86e+02 -1.00e+05
2016 04 25  0030   57503   1800   3.28e+01  1.30e-01  9.96e-02  5.22e-02  4.27e-02  2.16e-02  2.59e+04  1.88e+02 -1.00e+05
2016 04 25  0035   57503   2100   4.15e+01  1.30e-01  9.96e-02  5.22e-02  4.27e-02  2.16e-02  2.61e+04  1.93e+02 -1.00e+05
2016 04 25  0040   57503   2400   4.69e+01  2.29e-01  1.52e-01  9.60e-02  6.39e-02  3.63e-02  2.56e+04  1.85e+02 -1.00e+05
2016 04 25  0045   57503   2700   3.80e+01  1.80e-01  1.49e-01  1.02e-01  9.21e-02  7.09e-02  2.60e+04  1.85e+02 -1.00e+05
2016 04 25  0050   57503   3000   3.64e+01  1.56e-01  1.26e-01  7.83e-02  6.88e-02  3.32e-02  2.48e+04  1.75e+02 -1.00e+05
2016 04 25  0055   57503   3300   3.43e+01  1.98e-01  1.67e-01  1.20e-01  1.10e-01  4.11e-02  2.56e+04  1.80e+02 -1.00e+05
2016 04 25  0100   57503   3600   3.83e+01  2.70e-01  2.40e-01  6.57e-02  4.57e-02  2.16e-02  2.57e+04  1.80e+02 -1.00e+05
2016 04 25  0105   57503   3900   3.32e+01  2.95e-01  2.65e-01  1.02e-01  9.21e-02  7.09e-02  2.49e+04  1.65e+02 -1.00e+05
2016 04 25  0110   57503   4200   3.81e+01  1.70e-01  1.39e-01  9.05e-02  4.94e-02  2.16e-02  2.60e+04  1.64e+02 -1.00e+05
2016 04 25  0115   57503   4500   3.52e+01  1.35e-01  1.04e-01  5.70e-02  4.75e-02  2.64e-02  2.50e+04  1.63e+02 -1.00e+05
2016 04 25  0120   57503   4800   5.85e+01  2.43e-01  1.17e-01  5.22e-02  4.27e-02  2.16e-02  2.60e+04  1.59e+02 -1.00e+05
2016 04 25  0125   57503   5100   3.48e+01  1.82e-01  1.51e-01  1.04e-01  9.43e-02  4.31e-02  2.55e+04  1.54e+02 -1.00e+05
2016 04 25  0130   57503   5400   7.32e+01  2.79e-01  1.03e-01  5.22e-02  4.27e-02  2.16e-02  2.60e+04  1.57e+02 -1.00e+05
2016 04 25  0135   57503   5700   3.87e+01  2.89e-01  2.59e-01  1.60e-01  1.40e-01  5.18e-02  2.56e+04  1.54e+02 -1.00e+05
2016 04 25  0140   57503   6000   3.54e+01  1.45e-01  1.14e-01  6.69e-02  5.74e-02  3.63e-02  2.47e+04  1.35e+02 -1.00e+05
2016 04 25  0145   57503   6300   4.71e+01  2.10e-01  1.35e-01  7.93e-02  6.98e-02  4.87e-02  2.46e+04  1.30e+02 -1.00e+05
2016 04 25  0150   57503   6600   3.33e+01  2.14e-01  1.83e-01  1.36e-01  1.26e-01  7.68e-02  2.44e+04  1.31e+02 -1.00e+05
2016 04 25  0155   57503   6900   4.71e+01  3.04e-01  1.79e-01  1.15e-01  1.05e-01  4.18e-02  2.25e+04  1.28e+02 -1.00e+05
2016 04 25  0200   57503   7200   3.08e+01  1.30e-01  9.96e-02  5.22e-02  4.27e-02  2.16e-02  2.26e+04  1.34e+02 -1.00e+05
2016 04 25  0205   57503   7500   4.60e+01  3.07e-01  2.17e-01  1.59e-01  1.49e-01  5.59e-02  2.33e+04  1.31e+02 -1.00e+05
2016 04 25  0210   57503   7800   3.28e+01  1.30e-01  9.96e-02  5.22e-02  4.27e-02  2.16e-02  2.35e+04  1.20e+02 -1.00e+05
2016 04 25  0215   57503   8100   3.25e+01  1.30e-01  9.96e-02  5.22e-02  4.27e-02  2.16e-02  2.36e+04  1.20e+02 -1.00e+05
2016 04 25  0220   57503   8400   6.54e+01  3.23e-01  1.03e-01  5.22e-02  4.27e-02  2.16e-02  2.23e+04  1.24e+02 -1.00e+05
2016 04 25  0225   57503   8700   2.98e+01  1.94e-01  1.63e-01  7.19e-02  6.23e-02  4.12e-02  2.22e+04  1.15e+02 -1.00e+05
2016 04 25  0230   57503   9000   2.95e+01  1.95e-01  1.64e-01  7.93e-02  6.98e-02  4.87e-02  2.24e+04  1.07e+02 -1.00e+05
2016 04 25  0235   57503   9300   2.92e+01  1.78e-01  1.47e-01  9.85e-02  5.31e-02  2.16e-02  2.20e+04  1.02e+02 -1.00e+05
2016 04 25  0240   57503   9600   2.74e+01  2.13e-01  1.82e-01  8.54e-02  5.02e-02  2.16e-02  2.20e+04  9.76e+01 -1.00e+05
2016 04 25  0245   57503   9900   2.94e+01  1.30e-01  9.96e-02  5.22e-02  4.27e-02  2.16e-02  2.22e+04  1.10e+02 -1.00e+05
2016 04 25  0250   57503  10200   3.45e+01  1.85e-01  1.08e-01  5.22e-02  4.27e-02  2.16e-02  2.20e+04  1.02e+02 -1.00e+05
2016 04 25  0255   57503  10500   2.67e+01  1.75e-01  1.43e-01  9.52e-02  4.89e-02  2.13e-02  2.20e+04  9.83e+01 -1.00e+05
2016 04 25  0300   57503  10800   2.51e+01  2.88e-01  2.57e-01  2.08e-01  1.09e-01  2.16e-02  2.10e+04  9.04e+01 -1.00e+05
2016 04 25  0305   57503  11100   2.37e+01  1.35e-01  1.04e-01  5.73e-02  4.35e-02  2.13e-02  2.03e+04  9.61e+01 -1.00e+05
2016 04 25  0310   57503  11400   2.39e+01  1.47e-01  1.16e-01  6.94e-02  5.97e-02  2.69e-02  2.09e+04  9.15e+01 -1.00e+05
2016 04 25  0315   57503  11700   3.60e+01  2.93e-01  1.73e-01  5.19e-02  4.23e-02  2.13e-02  2.08e+04  9.50e+01 -1.00e+05
2016 04 25  0320   57503  12000   3.28e+01  2.93e-01  1.73e-01  5.19e-02  4.23e-02  2.13e-02  1.99e+04  9.55e+01 -1.00e+05
2016 04 25  0325   57503  12300   2.73e+01  1.76e-01  1.05e-01  5.19e-02  4.23e-02  2.13e-02  1.99e+04  8.60e+01 -1.00e+05
2016 04 25  0330   57503  12600   2.22e+01  1.42e-01  1.11e-01  6.38e-02  4.50e-02  2.13e-02  2.01e+04  8.42e+01 -1.00e+05
2016 04 25  0335   57503  12900   2.12e+01  1.55e-01  1.23e-01  7.69e-02  6.73e-02  4.63e-02  1.94e+04  8.36e+01 -1.00e+05
2016 04 25  0340   57503  13200   3.75e+01  2.76e-01  1.05e-01  5.59e-02  4.63e-02  2.54e-02  1.93e+04  8.27e+01 -1.00e+05
2016 04 25  0345   57503  13500   2.82e+01  3.03e-01  1.98e-01  1.32e-01  1.22e-01  4.71e-02  1.95e+04  8.08e+01 -1.00e+05
2016 04 25  0350   57503  13800   1.84e+01  1.82e-01  1.50e-01  8.36e-02  7.40e-02  3.76e-02  1.88e+04  7.51e+01 -1.00e+05
2016 04 25  0355   57503  14100   1.78e+01  2.03e-01  1.72e-01  1.25e-01  1.06e-01  4.10e-02  1.86e+04  7.89e+01 -1.00e+05
2016 04 25  0400   57503  14400   2.30e+01  3.13e-01  2.42e-01  5.19e-02  4.23e-02  2.13e-02  1.83e+04  7.45e+01 -1.00e+05
2016 04 25  0405   57503  14700   1.57e+01  1.60e-01  1.28e-01  8.19e-02  7.23e-02  3.10e-02  1.81e+04  7.53e+01 -1.00e+05
2016 04 25  0410   57503  15000   1.60e+01  2.67e-01  2.35e-01  5.19e-02  4.23e-02  2.13e-02  1.78e+04  7.19e+01 -1.00e+05
2016 04 25  0415   57503  15300   1.59e+01  1.30e-01  9.83e-02  5.19e-02  4.23e-02  2.13e-02  1.78e+04  7.50e+01 -1.00e+05
2016 04 25  0420   57503  15600   1.39e+01  1.31e-01  9.98e-02  5.35e-02  4.38e-02  2.29e-02  1.73e+04  7.41e+01 -1.00e+05
2016 04 25  0425   57503  15900   1.30e+01  2.03e-01  1.71e-01  1.25e-01  1.15e-01  6.25e-02  1.67e+04  6.98e+01 -1.00e+05
2016 04 25  0430   57503  16200   1.25e+01  1.30e-01  9.83e-02  5.19e-02  4.23e-02  2.13e-02  1.62e+04  7.10e+01 -1.00e+05
2016 04 25  0435   57503  16500   1.83e+01  2.49e-01  1.27e-01  7.69e-02  4.79e-02  2.13e-02  1.57e+04  6.75e+01 -1.00e+05
2016 04 25  0440   57503  16800   1.00e+01  1.30e-01  9.83e-02  5.19e-02  4.23e-02  2.13e-02  1.53e+04  7.12e+01 -1.00e+05
2016 04 25  0445   57503  17100   1.91e+01  2.73e-01  1.01e-01  5.19e-02  4.23e-02  2.13e-02  1.51e+04  6.93e+01 -1.00e+05
2016 04 25  0450   57503  17400   1.06e+01  2.67e-01  2.35e-01  5.19e-02  4.23e-02  2.13e-02  1.56e+04  7.15e+01 -1.00e+05
2016 04 25  0455   57503  17700   9.60e+00  2.46e-01  2.14e-01  7.69e-02  4.79e-02  2.13e-02  1.49e+04  7.11e+01 -1.00e+05
2016 04 25  0500   57503  18000   1.57e+01  3.00e-01  1.63e-01  1.13e-01  7.99e-02  3.39e-02  1.44e+04  6.40e+01 -1.00e+05
2016 04 25  0505   57503  18300   7.61e+00  1.51e-01  1.20e-01  7.33e-02  6.37e-02  4.27e-02  1.38e+04  6.55e+01 -1.00e+05
2016 04 25  0510   57503  18600   1.07e+01  2.23e-01  1.01e-01  5.19e-02  4.23e-02  2.13e-02  1.35e+04  6.33e+01 -1.00e+05
2016 04 25  0515   57503  18900   5.49e+00  1.30e-01  9.83e-02  5.19e-02  4.23e-02  2.13e-02  1.30e+04  6.47e+01 -1.00e+05
2016 04 25  0520   57503  19200   5.18e+00  1.30e-01  9.83e-02  5.19e-02  4.23e-02  2.13e-02  1.23e+04  6.04e+01 -1.00e+05
2016 04 25  0525   57503  19500   4.88e+00  2.67e-01  2.35e-01  5.19e-02  4.23e-02  2.13e-02  1.11e+04  5.40e+01 -1.00e+05
2016 04 25  0530   57503  19800   6.66e+00  2.93e-01  1.73e-01  5.19e-02  4.23e-02  2.13e-02  1.05e+04  5.50e+01 -1.00e+05
2016 04 25  0535   57503  20100   4.26e+00  1.91e-01  1.60e-01  1.14e-01  1.04e-01  4.22e-02  1.05e+04  5.29e+01 -1.00e+05
2016 04 25  0540   57503  20400   4.24e+00  2.15e-01  1.84e-01  8.57e-02  7.60e-02  5.51e-02  1.12e+04  6.43e+01 -1.00e+05
2016 04 25  0545   57503  20700   2.83e+00  1.53e-01  1.22e-01  7.56e-02  6.60e-02  2.89e-02  7.77e+03  3.87e+01 -1.00e+05
2016 04 25  0550   57503  21000   3.50e+00  1.30e-01  9.83e-02  5.19e-02  4.23e-02  2.13e-02  8.20e+03  4.61e+01 -1.00e+05
2016 04 25  0555   57503  21300   4.50e+00  1.82e-01  1.11e-01  5.73e-02  4.35e-02  2.13e-02  9.85e+03  5.95e+01 -1.00e+05
2016 04 25  0600   57503  21600   3.93e+00  1.30e-01  9.83e-02  5.19e-02  4.23e-02  2.13e-02  1.01e+04  5.75e+01 -1.00e+05
2016 04 25  0605   57503  21900   4.66e+00  1.67e-01  1.35e-01  8.76e-02  4.89e-02  2.13e-02  1.12e+04  6.42e+01 -1.00e+05
2016 04 25  0610   57503  22200   4.48e+00  2.25e-01  1.94e-01  9.80e-02  8.84e-02  6.75e-02  1.08e+04  6.50e+01 -1.00e+05
2016 04 25  0615   57503  22500   3.96e+00  2.01e-01  1.70e-01  6.38e-02  4.50e-02  2.13e-02  1.03e+04  5.95e+01 -1.00e+05
2016 04 25  0620   57503  22800   4.09e+00  3.13e-01  2.82e-01  1.00e-01  6.39e-02  3.53e-02  1.04e+04  5.91e+01 -1.00e+05
2016 04 25  0625   57503  23100   3.29e+00  2.15e-01  1.83e-01  1.37e-01  1.27e-01  6.65e-02  9.61e+03  5.13e+01 -1.00e+05
2016 04 25  0630   57503  23400   2.95e+00  1.60e-01  1.29e-01  8.27e-02  7.30e-02  3.39e-02  9.21e+03  5.63e+01 -1.00e+05
2016 04 25  0635   57503  23700   3.15e+00  3.57e-01  3.21e-01  2.72e-01  1.83e-01  5.51e-02  8.82e+03  5.01e+01 -1.00e+05
2016 04 25  0640   57503  24000   5.05e+00  2.76e-01  1.30e-01  8.07e-02  7.11e-02  5.01e-02  8.33e+03  5.30e+01 -1.00e+05
2016 04 25  0645   57503  24300   2.49e+00  1.56e-01  1.25e-01  7.86e-02  6.90e-02  4.80e-02  7.45e+03  4.24e+01 -1.00e+05
2016 04 25  0650   57503  24600   2.17e+00  1.97e-01  1.66e-01  1.20e-01  1.10e-01  4.30e-02  6.31e+03  4.24e+01 -1.00e+05
2016 04 25  0655   57503  24900   3.58e+00  3.17e-01  1.73e-01  8.19e-02  7.23e-02  3.10e-02  5.64e+03  3.77e+01 -1.00e+05
2016 04 25  0700   57503  25200   2.03e+00  1.69e-01  1.38e-01  9.00e-02  5.09e-02  2.13e-02  5.83e+03  3.95e+01 -1.00e+05
2016 04 25  0705   57503  25500   2.94e+00  2.34e-01  1.14e-01  5.19e-02  4.23e-02  2.13e-02  6.34e+03  4.52e+01 -1.00e+05
2016 04 25  0710   57503  25800   2.01e+00  2.72e-01  2.40e-01  5.84e-02  4.88e-02  2.78e-02  6.57e+03  4.44e+01 -1.00e+05
2016 04 25  0715   57503  26100   3.59e+00  3.18e-01  1.48e-01  9.81e-02  7.53e-02  5.02e-02  6.67e+03  4.91e+01 -1.00e+05
2016 04 25  0720   57503  26400   3.44e+00  4.86e-01  2.75e-01  6.34e-02  5.37e-02  3.28e-02  6.72e+03  4.89e+01 -1.00e+05
2016 04 25  0725   57503  26700   2.88e+00  2.88e-01  1.87e-01  1.07e-01  7.31e-02  2.89e-02  6.83e+03  5.00e+01 -1.00e+05
2016 04 25  0730   57503  27000   2.16e+00  2.70e-01  2.38e-01  5.59e-02  4.63e-02  2.54e-02  6.83e+03  5.51e+01 -1.00e+05
2016 04 25  0735   57503  27300   3.12e+00  2.91e-01  1.43e-01  9.29e-02  5.46e-02  2.54e-02  6.85e+03  5.21e+01 -1.00e+05
2016 04 25  0740   57503  27600   2.09e+00  2.39e-01  2.08e-01  9.90e-02  8.93e-02  5.26e-02  6.81e+03  5.12e+01 -1.00e+05
2016 04 25  0745   57503  27900   3.18e+00  3.25e-01  1.73e-01  5.19e-02  4.23e-02  2.13e-02  6.83e+03  5.51e+01 -1.00e+05
2016 04 25  0750   57503  28200   1.73e+00  1.66e-01  1.34e-01  8.81e-02  7.85e-02  5.76e-02  6.26e+03  4.73e+01 -1.00e+05
2016 04 25  0755   57503  28500   1.88e+00  1.57e-01  1.25e-01  7.90e-02  6.94e-02  4.85e-02  5.82e+03  4.60e+01 -1.00e+05
2016 04 25  0800   57503  28800   1.58e+00  1.64e-01  1.32e-01  8.59e-02  7.63e-02  4.68e-02  5.61e+03  4.55e+01 -1.00e+05
2016 04 25  0805   57503  29100   9.18e-01  2.52e-01  2.21e-01  7.68e-02  5.49e-02  3.03e-02  4.71e+03  4.19e+01 -1.00e+05
2016 04 25  0810   57503  29400   8.36e-01  1.56e-01  1.25e-01  7.87e-02  6.91e-02  4.11e-02  4.31e+03  3.50e+01 -1.00e+05
2016 04 25  0815   57503  29700   7.91e-01  1.30e-01  9.83e-02  5.19e-02  4.23e-02  2.13e-02  3.79e+03  3.29e+01 -1.00e+05
2016 04 25  0820   57503  30000   9.08e-01  2.52e-01  2.21e-01  1.24e-01  1.14e-01  5.88e-02  3.90e+03  3.54e+01 -1.00e+05
2016 04 25  0825   57503  30300   8.49e-01  1.30e-01  9.83e-02  5.19e-02  4.23e-02  2.13e-02  3.76e+03  3.51e+01 -1.00e+05
2016 04 25  0830   57503  30600   7.51e-01  1.94e-01  1.63e-01  7.68e-02  6.71e-02  4.62e-02  3.46e+03  3.30e+01 -1.00e+05
2016 04 25  0835   57503  30900   8.74e-01  1.61e-01  1.29e-01  5.19e-02  4.23e-02  2.13e-02  3.72e+03  3.50e+01 -1.00e+05
2016 04 25  0840   57503  31200   9.48e-01  1.35e-01  1.04e-01  5.73e-02  4.35e-02  2.13e-02  3.99e+03  4.17e+01 -1.00e+05
2016 04 25  0845   57503  31500   1.10e+00  2.56e-01  2.25e-01  1.06e-01  8.83e-02  3.98e-02  4.23e+03  4.05e+01 -1.00e+05
2016 04 25  0850   57503  31800   1.54e+00  3.17e-01  2.86e-01  1.09e-01  6.85e-02  4.10e-02  4.26e+03  4.11e+01 -1.00e+05
2016 04 25  0855   57503  32100   1.17e+00  1.61e-01  1.29e-01  8.28e-02  6.96e-02  4.76e-02  4.67e+03  4.75e+01 -1.00e+05
2016 04 25  0900   57503  32400   1.43e+00  2.03e-01  1.71e-01  1.25e-01  1.15e-01  6.43e-02  4.83e+03  5.05e+01 -1.00e+05
2016 04 25  0905   57503  32700   1.42e+00  1.35e-01  1.04e-01  5.73e-02  4.35e-02  2.13e-02  4.82e+03  5.05e+01 -1.00e+05
2016 04 25  0910   57503  33000   1.41e+00  2.87e-01  2.56e-01  7.82e-02  6.86e-02  4.76e-02  4.90e+03  5.03e+01 -1.00e+05
2016 04 25  0915   57503  33300   1.26e+00  1.30e-01  9.83e-02  5.19e-02  4.23e-02  2.13e-02  4.98e+03  4.88e+01 -1.00e+05
2016 04 25  0920   57503  33600   9.87e-01  1.38e-01  1.07e-01  6.02e-02  4.73e-02  2.54e-02  4.95e+03  4.81e+01 -1.00e+05
2016 04 25  0925   57503  33900   9.72e-01  2.03e-01  1.72e-01  5.73e-02  4.35e-02  2.13e-02  4.89e+03  4.95e+01 -1.00e+05
2016 04 25  0930   57503  34200   9.73e-01  1.53e-01  1.22e-01  7.58e-02  6.61e-02  4.52e-02  4.92e+03  4.79e+01 -1.00e+05
2016 04 25  0935   57503  34500   1.18e+00  1.86e-01  1.55e-01  7.82e-02  6.86e-02  4.76e-02  4.72e+03  5.01e+01 -1.00e+05
2016 04 25  0940   57503  34800   6.92e-01  1.53e-01  1.22e-01  7.56e-02  6.60e-02  2.89e-02  4.80e+03  4.70e+01 -1.00e+05
2016 04 25  0945   57503  35100   1.13e+00  2.47e-01  1.77e-01  6.38e-02  4.50e-02  2.13e-02  4.81e+03  5.12e+01 -1.00e+05
2016 04 25  0950   57503  35400   1.02e+00  2.44e-01  2.13e-01  1.17e-01  9.26e-02  6.75e-02  4.61e+03  4.31e+01 -1.00e+05
2016 04 25  0955   57503  35700   7.11e-01  2.11e-01  1.79e-01  8.46e-02  7.50e-02  5.40e-02  4.71e+03  4.79e+01 -1.00e+05
2016 04 25  1000   57503  36000   8.57e-01  1.65e-01  1.34e-01  8.77e-02  7.81e-02  5.71e-02  4.25e+03  4.17e+01 -1.00e+05
2016 04 25  1005   57503  36300   6.52e-01  1.73e-01  1.42e-01  9.56e-02  8.59e-02  6.50e-02  3.96e+03  4.07e+01 -1.00e+05
2016 04 25  1010   57503  36600   1.02e+00  2.20e-01  1.51e-01  9.77e-02  7.49e-02  5.01e-02  3.92e+03  3.84e+01 -1.00e+05
2016 04 25  1015   57503  36900   9.06e-01  1.76e-01  1.05e-01  5.19e-02  4.23e-02  2.13e-02  4.06e+03  4.28e+01 -1.00e+05
2016 04 25  1020   57503  37200   7.49e-01  2.30e-01  1.99e-01  1.52e-01  1.43e-01  8.16e-02  4.31e+03  4.23e+01 -1.00e+05
2016 04 25  1025   57503  37500   9.95e-01  1.51e-01  1.20e-01  7.33e-02  5.02e-02  2.54e-02  4.99e+03  5.06e+01 -1.00e+05
2016 04 25  1030   57503  37800   1.58e+00  1.49e-01  1.17e-01  7.04e-02  4.64e-02  2.13e-02  5.54e+03  5.20e+01 -1.00e+05
2016 04 25  1035   57503  38100   3.78e+00  6.58e-01  3.69e-01  9.08e-02  5.04e-02  2.29e-02  5.93e+03  5.55e+01 -1.00e+05
2016 04 25  1040   57503  38400   1.70e+00  1.89e-01  1.58e-01  6.31e-02  5.35e-02  2.49e-02  6.48e+03  6.14e+01 -1.00e+05
2016 04 25  1045   57503  38700   1.95e+00  2.18e-01  1.86e-01  8.16e-02  5.40e-02  2.78e-02  7.15e+03  6.56e+01 -1.00e+05
2016 04 25  1050   57503  39000   2.43e+00  1.35e-01  1.04e-01  5.73e-02  4.35e-02  2.13e-02  7.71e+03  7.06e+01 -1.00e+05
2016 04 25  1055   57503  39300   2.66e+00  2.36e-01  2.04e-01  1.00e-01  6.03e-02  3.28e-02  8.24e+03  7.03e+01 -1.00e+05
2016 04 25  1100   57503  39600   3.85e+00  2.70e-01  1.51e-01  8.82e-02  5.55e-02  2.78e-02  9.10e+03  8.32e+01 -1.00e+05
2016 04 25  1105   57503  39900   2.97e+00  1.95e-01  1.64e-01  1.17e-01  1.08e-01  4.35e-02  9.53e+03  8.45e+01 -1.00e+05
2016 04 25  1110   57503  40200   2.98e+00  1.30e-01  9.83e-02  5.19e-02  4.23e-02  2.13e-02  1.01e+04  8.62e+01 -1.00e+05
2016 04 25  1115   57503  40500   3.24e+00  2.39e-01  2.08e-01  7.04e-02  4.64e-02  2.13e-02  1.07e+04  9.03e+01 -1.00e+05
2016 04 25  1120   57503  40800   3.23e+00  2.04e-01  1.72e-01  1.25e-01  1.01e-01  3.90e-02  1.13e+04  9.48e+01 -1.00e+05
2016 04 25  1125   57503  41100   3.60e+00  1.79e-01  1.48e-01  7.16e-02  6.19e-02  4.10e-02  1.17e+04  9.34e+01 -1.00e+05
2016 04 25  1130   57503  41400   3.48e+00  1.41e-01  1.10e-01  6.34e-02  5.37e-02  3.28e-02  1.14e+04  9.74e+01 -1.00e+05
2016 04 25  1135   57503  41700   3.94e+00  2.63e-01  2.32e-01  1.85e-01  1.73e-01  8.25e-02  1.16e+04  9.19e+01 -1.00e+05
2016 04 25  1140   57503  42000   5.10e+00  2.40e-01  1.21e-01  5.84e-02  4.88e-02  2.78e-02  1.17e+04  9.65e+01 -1.00e+05
2016 04 25  1145   57503  42300   3.94e+00  2.67e-01  2.35e-01  5.19e-02  4.23e-02  2.13e-02  1.17e+04  1.02e+02 -1.00e+05
2016 04 25  1150   57503  42600   3.32e+00  1.58e-01  1.27e-01  8.00e-02  6.42e-02  3.72e-02  1.17e+04  1.01e+02 -1.00e+05
2016 04 25  1155   57503  42900   5.24e+00  2.35e-01  1.16e-01  5.35e-02  4.38e-02  2.29e-02  1.17e+04  1.05e+02 -1.00e+05
2016 04 25  1200   57503  43200   3.64e+00  2.04e-01  1.73e-01  8.19e-02  7.23e-02  3.10e-02  1.17e+04  1.01e+02 -1.00e+05
2016 04 25  1205   57503  43500   6.05e+00  2.69e-01  1.23e-01  7.33e-02  6.37e-02  4.27e-02  1.17e+04  9.93e+01 -1.00e+05
2016 04 25  1210   57503  43800   7.57e+00  4.72e-01  1.73e-01  5.19e-02  4.23e-02  2.13e-02  1.17e+04  1.00e+02 -1.00e+05
2016 04 25  1215   57503  44100   4.19e+00  1.66e-01  1.35e-01  8.82e-02  7.85e-02  3.30e-02  1.17e+04  1.02e+02 -1.00e+05
2016 04 25  1220   57503  44400   4.12e+00  2.92e-01  2.61e-01  8.28e-02  6.96e-02  4.76e-02  1.22e+04  1.07e+02 -1.00e+05
2016 04 25  1225   57503  44700   3.97e+00  1.31e-01  9.98e-02  5.35e-02  4.38e-02  2.29e-02  1.23e+04  1.01e+02 -1.00e+05
2016 04 25  1230   57503  45000   4.06e+00  1.74e-01  1.43e-01  6.94e-02  5.97e-02  2.69e-02  1.23e+04  1.01e+02 -1.00e+05
2016 04 25  1235   57503  45300   4.08e+00  1.84e-01  1.53e-01  1.06e-01  7.87e-02  5.26e-02  1.25e+04  9.91e+01 -1.00e+05
2016 04 25  1240   57503  45600   4.33e+00  1.78e-01  1.47e-01  9.86e-02  5.54e-02  2.78e-02  1.26e+04  1.09e+02 -1.00e+05
2016 04 25  1245   57503  45900   9.62e+00  8.09e-01  4.10e-01  1.22e-01  8.02e-02  5.26e-02  1.28e+04  1.04e+02 -1.00e+05
2016 04 25  1250   57503  46200   7.14e+00  2.23e-01  1.01e-01  5.19e-02  4.23e-02  2.13e-02  1.30e+04  1.15e+02 -1.00e+05
2016 04 25  1255   57503  46500   4.90e+00  1.89e-01  1.57e-01  5.19e-02  4.23e-02  2.13e-02  1.30e+04  1.20e+02 -1.00e+05
2016 04 25  1300   57503  46800   5.01e+00  1.46e-01  1.15e-01  6.83e-02  5.87e-02  3.77e-02  1.30e+04  1.23e+02 -1.00e+05
2016 04 25  1305   57503  47100   5.11e+00  1.65e-01  1.33e-01  8.67e-02  6.98e-02  3.56e-02  1.36e+04  1.16e+02 -1.00e+05
2016 04 25  1310   57503  47400   5.47e+00  1.91e-01  1.59e-01  9.18e-02  8.21e-02  4.69e-02  1.31e+04  1.20e+02 -1.00e+05
2016 04 25  1315   57503  47700   5.29e+00  1.49e-01  1.17e-01  7.04e-02  4.64e-02  2.13e-02  1.32e+04  1.27e+02 -1.00e+05
2016 04 25  1320   57503  48000   5.89e+00  1.99e-01  1.68e-01  1.21e-01  1.12e-01  4.97e-02  1.37e+04  1.26e+02 -1.00e+05
2016 04 25  1325   57503  48300   5.67e+00  1.30e-01  9.83e-02  5.19e-02  4.23e-02  2.13e-02  1.36e+04  1.24e+02 -1.00e+05
2016 04 25  1330   57503  48600   7.80e+00  2.42e-01  1.71e-01  6.09e-02  5.13e-02  3.03e-02  1.30e+04  1.41e+02 -1.00e+05
2016 04 25  1335   57503  48900   6.03e+00  1.72e-01  1.40e-01  9.37e-02  7.51e-02  3.21e-02  1.35e+04  1.29e+02 -1.00e+05
2016 04 25  1340   57503  49200   6.20e+00  1.30e-01  9.83e-02  5.19e-02  4.23e-02  2.13e-02  1.43e+04  1.38e+02 -1.00e+05
2016 04 25  1345   57503  49500   6.36e+00  1.78e-01  1.47e-01  1.01e-01  9.11e-02  3.70e-02  1.34e+04  1.38e+02 -1.00e+05
2016 04 25  1350   57503  49800   6.45e+00  1.46e-01  1.15e-01  6.83e-02  5.87e-02  3.77e-02  1.33e+04  1.35e+02 -1.00e+05
2016 04 25  1355   57503  50100   6.30e+00  1.99e-01  1.68e-01  1.22e-01  1.12e-01  5.15e-02  1.37e+04  1.39e+02 -1.00e+05
2016 04 25  1400   57503  50400   6.07e+00  1.40e-01  1.09e-01  6.22e-02  4.84e-02  2.29e-02  1.34e+04  1.40e+02 -1.00e+05
2016 04 25  1405   57503  50700   7.36e+00  1.96e-01  1.26e-01  7.33e-02  6.37e-02  4.27e-02  1.32e+04  1.37e+02 -1.00e+05
2016 04 25  1410   57503  51000   6.24e+00  2.11e-01  1.79e-01  1.32e-01  9.45e-02  4.16e-02  1.36e+04  1.47e+02 -1.00e+05
2016 04 25  1415   57503  51300   9.22e+00  2.60e-01  1.64e-01  1.06e-01  9.61e-02  5.65e-02  1.36e+04  1.45e+02 -1.00e+05
2016 04 25  1420   57503  51600   7.09e+00  2.87e-01  2.56e-01  8.29e-02  7.33e-02  5.24e-02  1.39e+04  1.48e+02 -1.00e+05
2016 04 25  1425   57503  51900   1.27e+01  3.96e-01  1.83e-01  6.58e-02  5.62e-02  3.53e-02  1.42e+04  1.55e+02 -1.00e+05
2016 04 25  1430   57503  52200   1.44e+01  5.10e-01  2.08e-01  8.66e-02  7.70e-02  5.60e-02  1.39e+04  1.52e+02 -1.00e+05
2016 04 25  1435   57503  52500   1.33e+01  4.21e-01  2.06e-01  8.35e-02  4.94e-02  2.13e-02  1.42e+04  1.59e+02 -1.00e+05
2016 04 25  1440   57503  52800   9.05e+00  2.60e-01  1.92e-01  1.37e-01  8.76e-02  6.00e-02  1.43e+04  1.53e+02 -1.00e+05
2016 04 25  1445   57503  53100   1.08e+01  3.89e-01  2.69e-01  9.00e-02  5.09e-02  2.13e-02  1.43e+04  1.64e+02 -1.00e+05
2016 04 25  1450   57503  53400   7.18e+00  1.62e-01  1.31e-01  8.46e-02  7.20e-02  5.01e-02  1.43e+04  1.67e+02 -1.00e+05
2016 04 25  1455   57503  53700   9.79e+00  3.13e-01  2.42e-01  5.19e-02  4.23e-02  2.13e-02  1.43e+04  1.69e+02 -1.00e+05
2016 04 25  1500   57503  54000   9.32e+00  2.54e-01  1.85e-01  7.82e-02  6.86e-02  4.76e-02  1.45e+04  1.78e+02 -1.00e+05
2016 04 25  1505   57503  54300   7.73e+00  2.67e-01  2.35e-01  5.19e-02  4.23e-02  2.13e-02  1.43e+04  1.70e+02 -1.00e+05
2016 04 25  1510   57503  54600   7.18e+00  1.48e-01  1.17e-01  7.03e-02  5.34e-02  3.03e-02  1.43e+04  1.64e+02 -1.00e+05
2016 04 25  1515   57503  54900   7.71e+00  2.15e-01  1.84e-01  1.36e-01  8.93e-02  5.76e-02  1.47e+04  1.72e+02 -1.00e+05
2016 04 25  1520   57503  55200   8.11e+00  1.87e-01  1.56e-01  1.10e-01  1.00e-01  4.93e-02  1.50e+04  1.64e+02 -1.00e+05
2016 04 25  1525   57503  55500   8.06e+00  2.28e-01  1.96e-01  8.93e-02  4.89e-02  2.13e-02  1.47e+04  1.75e+02 -1.00e+05
2016 04 25  1530   57503  55800   8.13e+00  2.09e-01  1.78e-01  7.82e-02  6.86e-02  4.76e-02  1.49e+04  1.87e+02 -1.00e+05
2016 04 25  1535   57503  56100   1.24e+01  3.25e-01  1.73e-01  5.19e-02  4.23e-02  2.13e-02  1.50e+04  1.82e+02 -1.00e+05
2016 04 25  1540   57503  56400   8.33e+00  2.03e-01  1.72e-01  9.56e-02  8.59e-02  6.50e-02  1.48e+04  1.84e+02 -1.00e+05
2016 04 25  1545   57503  56700   7.97e+00  1.79e-01  1.47e-01  1.01e-01  9.11e-02  3.70e-02  1.47e+04  1.78e+02 -1.00e+05
2016 04 25  1550   57503  57000   9.67e+00  2.07e-01  1.38e-01  8.46e-02  7.20e-02  5.01e-02  1.50e+04  1.83e+02 -1.00e+05
2016 04 25  1555   57503  57300   8.23e+00  1.56e-01  1.25e-01  7.82e-02  6.86e-02  4.76e-02  1.50e+04  1.86e+02 -1.00e+05
2016 04 25  1600   57503  57600   8.32e+00  2.02e-01  1.70e-01  6.83e-02  5.87e-02  3.77e-02  1.50e+04  1.75e+02 -1.00e+05
2016 04 25  1605   57503  57900   8.82e+00  1.82e-01  1.50e-01  6.31e-02  5.35e-02  2.49e-02  1.50e+04  1.85e+02 -1.00e+05
2016 04 25  1610   57503  58200   8.63e+00  2.72e-01  2.41e-01  5.73e-02  4.35e-02  2.13e-02  1.51e+04  1.93e+02 -1.00e+05
2016 04 25  1615   57503  58500   1.33e+01  4.75e-01  3.03e-01  1.00e-01  8.50e-02  6.25e-02  1.52e+04  1.81e+02 -1.00e+05
2016 04 25  1620   57503  58800   1.29e+01  3.84e-01  2.66e-01  7.08e-02  6.12e-02  4.02e-02  1.56e+04  1.90e+02 -1.00e+05
2016 04 25  1625   57503  59100   1.35e+01  2.78e-01  1.58e-01  1.08e-01  8.52e-02  6.05e-02  1.55e+04  1.83e+02 -1.00e+05
2016 04 25  1630   57503  59400   9.09e+00  1.56e-01  1.25e-01  7.82e-02  6.86e-02  4.76e-02  1.56e+04  2.05e+02 -1.00e+05
2016 04 25  1635   57503  59700   1.24e+01  2.55e-01  1.87e-01  1.33e-01  9.24e-02  6.25e-02  1.63e+04  1.97e+02 -1.00e+05
2016 04 25  1640   57503  60000   1.11e+01  2.05e-01  1.74e-01  7.33e-02  6.37e-02  4.27e-02  1.63e+04  2.02e+02 -1.00e+05
2016 04 25  1645   57503  60300   1.10e+01  2.14e-01  1.83e-01  7.69e-02  4.79e-02  2.13e-02  1.69e+04  2.00e+02 -1.00e+05
2016 04 25  1650   57503  60600   1.18e+01  1.42e-01  1.11e-01  6.38e-02  4.50e-02  2.13e-02  1.72e+04  2.15e+02 -1.00e+05
2016 04 25  1655   57503  60900   1.97e+01  3.25e-01  1.73e-01  5.19e-02  4.23e-02  2.13e-02  1.77e+04  2.22e+02 -1.00e+05
2016 04 25  1700   57503  61200   1.18e+01  1.78e-01  1.47e-01  7.15e-02  6.19e-02  3.54e-02  1.78e+04  2.19e+02 -1.00e+05
2016 04 25  1705   57503  61500   1.20e+01  1.66e-01  1.34e-01  8.82e-02  7.85e-02  3.30e-02  1.76e+04  2.22e+02 -1.00e+05
2016 04 25  1710   57503  61800   1.23e+01  1.30e-01  9.83e-02  5.19e-02  4.23e-02  2.13e-02  1.78e+04  2.25e+02 -1.00e+05
2016 04 25  1715   57503  62100   1.25e+01  1.30e-01  9.83e-02  5.19e-02  4.23e-02  2.13e-02  1.78e+04  2.28e+02 -1.00e+05
2016 04 25  1720   57503  62400   1.29e+01  2.97e-01  2.66e-01  9.06e-02  8.10e-02  6.00e-02  1.80e+04  2.45e+02 -1.00e+05
2016 04 25  1725   57503  62700   1.29e+01  1.89e-01  1.58e-01  7.08e-02  6.12e-02  4.02e-02  1.78e+04  2.33e+02 -1.00e+05
2016 04 25  1730   57503  63000   1.30e+01  1.46e-01  1.15e-01  6.83e-02  5.87e-02  3.77e-02  1.86e+04  2.43e+02 -1.00e+05
2016 04 25  1735   57503  63300   1.39e+01  2.34e-01  2.03e-01  9.52e-02  4.89e-02  2.13e-02  1.88e+04  2.45e+02 -1.00e+05
2016 04 25  1740   57503  63600   2.99e+01  5.23e-01  1.73e-01  5.19e-02  4.23e-02  2.13e-02  1.88e+04  2.47e+02 -1.00e+05
2016 04 25  1745   57503  63900   1.40e+01  2.10e-01  1.78e-01  1.32e-01  1.22e-01  4.71e-02  1.88e+04  2.42e+02 -1.00e+05
2016 04 25  1750   57503  64200   1.44e+01  2.01e-01  1.70e-01  8.32e-02  7.36e-02  5.26e-02  1.90e+04  2.57e+02 -1.00e+05
2016 04 25  1755   57503  64500   2.41e+01  4.90e-01  3.04e-01  1.14e-01  8.04e-02  5.23e-02  1.94e+04  2.47e+02 -1.00e+05
2016 04 25  1800   57503  64800   1.43e+01  1.93e-01  1.62e-01  1.14e-01  8.25e-02  5.51e-02  1.91e+04  2.62e+02 -1.00e+05
2016 04 25  1805   57503  65100   1.50e+01  1.80e-01  1.49e-01  1.02e-01  9.28e-02  4.36e-02  1.90e+04  2.63e+02 -1.00e+05
2016 04 25  1810   57503  65400   1.49e+01  1.30e-01  9.83e-02  5.19e-02  4.23e-02  2.13e-02  1.93e+04  2.55e+02 -1.00e+05
2016 04 25  1815   57503  65700   1.58e+01  1.60e-01  1.28e-01  8.19e-02  7.23e-02  3.10e-02  1.96e+04  2.59e+02 -1.00e+05
2016 04 25  1820   57503  66000   2.32e+01  3.81e-01  2.62e-01  6.58e-02  5.62e-02  3.53e-02  1.95e+04  2.60e+02 -1.00e+05
2016 04 25  1825   57503  66300   2.31e+01  2.79e-01  1.62e-01  9.95e-02  7.72e-02  5.26e-02  1.98e+04  2.58e+02 -1.00e+05
2016 04 25  1830   57503  66600   1.48e+01  1.30e-01  9.83e-02  5.19e-02  4.23e-02  2.13e-02  1.91e+04  2.58e+02 -1.00e+05
2016 04 25  1835   57503  66900   1.47e+01  1.30e-01  9.83e-02  5.19e-02  4.23e-02  2.13e-02  1.95e+04  2.57e+02 -1.00e+05
2016 04 25  1840   57503  67200   1.77e+01  1.63e-01  1.14e-01  6.47e-02  5.50e-02  2.54e-02  1.91e+04  2.60e+02 -1.00e+05
2016 04 25  1845   57503  67500   1.55e+01  1.54e-01  1.23e-01  7.64e-02  6.68e-02  3.19e-02  1.98e+04  2.58e+02 -1.00e+05
2016 04 25  1850   57503  67800   1.59e+01  1.30e-01  9.83e-02  5.19e-02  4.23e-02  2.13e-02  1.98e+04  2.57e+02 -1.00e+05
2016 04 25  1855   57503  68100   1.64e+01  1.60e-01  1.28e-01  8.19e-02  7.23e-02  3.10e-02  1.98e+04  2.64e+02 -1.00e+05
2016 04 25  1900   57503  68400   1.53e+01  1.31e-01  9.98e-02  5.35e-02  4.38e-02  2.29e-02  1.98e+04  2.57e+02 -1.00e+05
2016 04 25  1905   57503  68700   1.53e+01  1.98e-01  1.67e-01  1.19e-01  8.17e-02  5.26e-02  1.98e+04  2.55e+02 -1.00e+05
2016 04 25  1910   57503  69000   1.94e+01  2.03e-01  1.40e-01  8.74e-02  7.77e-02  5.23e-02  1.97e+04  2.63e+02 -1.00e+05
2016 04 25  1915   57503  69300   1.62e+01  2.41e-01  2.09e-01  1.62e-01  1.36e-01  5.76e-02  1.98e+04  2.60e+02 -1.00e+05
2016 04 25  1920   57503  69600   1.62e+01  1.80e-01  1.49e-01  5.19e-02  4.23e-02  2.13e-02  1.98e+04  2.65e+02 -1.00e+05
2016 04 25  1925   57503  69900   1.61e+01  3.10e-01  2.78e-01  1.26e-01  9.67e-02  3.70e-02  1.98e+04  2.58e+02 -1.00e+05
2016 04 25  1930   57503  70200   2.83e+01  2.67e-01  1.20e-01  7.08e-02  6.12e-02  4.02e-02  2.04e+04  2.68e+02 -1.00e+05
2016 04 25  1935   57503  70500   1.73e+01  1.30e-01  9.83e-02  5.19e-02  4.23e-02  2.13e-02  2.06e+04  2.67e+02 -1.00e+05
2016 04 25  1940   57503  70800   2.49e+01  2.93e-01  1.43e-01  7.56e-02  6.60e-02  2.89e-02  2.03e+04  2.61e+02 -1.00e+05
2016 04 25  1945   57503  71100   2.29e+01  1.98e-01  1.29e-01  7.58e-02  6.61e-02  4.52e-02  2.11e+04  2.82e+02 -1.00e+05
2016 04 25  1950   57503  71400   1.75e+01  1.49e-01  1.17e-01  7.11e-02  6.14e-02  3.36e-02  2.07e+04  2.82e+02 -1.00e+05
2016 04 25  1955   57503  71700   1.80e+01  1.77e-01  1.45e-01  6.83e-02  5.87e-02  3.77e-02  2.19e+04  2.86e+02 -1.00e+05
2016 04 25  2000   57503  72000   3.22e+01  2.49e-01  1.01e-01  5.19e-02  4.23e-02  2.13e-02  2.08e+04  2.88e+02 -1.00e+05
2016 04 25  2005   57503  72300   3.36e+01  2.49e-01  1.01e-01  5.19e-02  4.23e-02  2.13e-02  2.19e+04  2.89e+02 -1.00e+05
2016 04 25  2010   57503  72600   2.93e+01  2.37e-01  1.18e-01  5.59e-02  4.63e-02  2.54e-02  2.20e+04  2.97e+02 -1.00e+05
2016 04 25  2015   57503  72900   2.77e+01  3.89e-01  2.72e-01  7.82e-02  6.86e-02  4.76e-02  2.20e+04  2.92e+02 -1.00e+05
2016 04 25  2020   57503  73200   1.92e+01  2.09e-01  1.78e-01  7.82e-02  6.86e-02  4.76e-02  2.18e+04  2.88e+02 -1.00e+05
2016 04 25  2025   57503  73500   3.22e+01  2.59e-01  1.19e-01  6.94e-02  5.97e-02  2.69e-02  2.11e+04  2.87e+02 -1.00e+05
2016 04 25  2030   57503  73800   2.03e+01  1.94e-01  1.63e-01  5.73e-02  4.35e-02  2.13e-02  2.20e+04  2.97e+02 -1.00e+05
2016 04 25  2035   57503  74100   2.52e+01  2.17e-01  1.47e-01  5.19e-02  4.23e-02  2.13e-02  2.19e+04  2.95e+02 -1.00e+05
2016 04 25  2040   57503  74400   2.43e+01  2.13e-01  1.42e-01  8.76e-02  4.89e-02  2.13e-02  2.20e+04  2.89e+02 -1.00e+05
2016 04 25  2045   57503  74700   2.37e+01  2.03e-01  1.34e-01  8.07e-02  7.11e-02  5.01e-02  2.19e+04  2.85e+02 -1.00e+05
2016 04 25  2050   57503  75000   1.91e+01  2.22e-01  1.91e-01  7.82e-02  6.86e-02  4.76e-02  2.17e+04  2.93e+02 -1.00e+05
2016 04 25  2055   57503  75300   1.96e+01  1.55e-01  1.24e-01  7.69e-02  4.79e-02  2.13e-02  2.20e+04  2.89e+02 -1.00e+05
2016 04 25  2100   57503  75600   1.99e+01  2.29e-01  1.97e-01  6.38e-02  4.50e-02  2.13e-02  2.20e+04  2.95e+02 -1.00e+05
2016 04 25  2105   57503  75900   2.97e+01  2.92e-01  1.38e-01  6.94e-02  5.97e-02  2.69e-02  2.19e+04  2.89e+02 -1.00e+05
2016 04 25  2110   57503  76200   1.92e+01  1.97e-01  1.66e-01  9.27e-02  8.31e-02  5.06e-02  2.19e+04  2.78e+02 -1.00e+05
2016 04 25  2115   57503  76500   2.77e+01  2.34e-01  1.14e-01  5.19e-02  4.23e-02  2.13e-02  2.19e+04  2.87e+02 -1.00e+05
2016 04 25  2120   57503  76800   1.90e+01  2.06e-01  1.75e-01  1.28e-01  1.12e-01  6.78e-02  2.17e+04  2.87e+02 -1.00e+05
2016 04 25  2125   57503  77100   2.37e+01  1.86e-01  1.15e-01  6.20e-02  4.96e-02  2.78e-02  2.20e+04  2.95e+02 -1.00e+05
2016 04 25  2130   57503  77400   1.91e+01  1.98e-01  1.66e-01  6.34e-02  5.37e-02  3.28e-02  2.20e+04  2.78e+02 -1.00e+05
2016 04 25  2135   57503  77700   2.70e+01  2.53e-01  1.35e-01  7.33e-02  6.37e-02  4.27e-02  2.19e+04  2.88e+02 -1.00e+05
2016 04 25  2140   57503  78000   1.76e+01  2.03e-01  1.72e-01  1.26e-01  1.16e-01  4.51e-02  2.08e+04  2.71e+02 -1.00e+05
2016 04 25  2145   57503  78300   1.75e+01  2.67e-01  2.35e-01  5.19e-02  4.23e-02  2.13e-02  2.08e+04  2.71e+02 -1.00e+05
2016 04 25  2150   57503  78600   1.70e+01  1.31e-01  9.98e-02  5.35e-02  4.38e-02  2.29e-02  2.08e+04  2.65e+02 -1.00e+05
2016 04 25  2155   57503  78900   1.68e+01  1.53e-01  1.22e-01  7.58e-02  6.61e-02  4.52e-02  2.08e+04  2.65e+02 -1.00e+05
2016 04 25  2200   57503  79200   1.88e+01  1.51e-01  1.20e-01  7.33e-02  6.37e-02  4.27e-02  2.18e+04  2.85e+02 -1.00e+05
2016 04 25  2205   57503  79500   1.80e+01  1.31e-01  9.98e-02  5.35e-02  4.38e-02  2.29e-02  2.10e+04  2.76e+02 -1.00e+05
2016 04 25  2210   57503  79800   1.79e+01  1.49e-01  1.17e-01  7.04e-02  4.64e-02  2.13e-02  2.17e+04  2.74e+02 -1.00e+05
2016 04 25  2215   57503  80100   1.76e+01  1.89e-01  1.57e-01  5.19e-02  4.23e-02  2.13e-02  2.08e+04  2.69e+02 -1.00e+05
2016 04 25  2220   57503  80400   2.92e+01  4.64e-01  2.22e-01  6.22e-02  4.84e-02  2.29e-02  2.08e+04  2.67e+02 -1.00e+05
2016 04 25  2225   57503  80700   1.68e+01  1.71e-01  1.39e-01  5.19e-02  4.23e-02  2.13e-02  2.08e+04  2.65e+02 -1.00e+05
2016 04 25  2230   57503  81000   1.97e+01  2.47e-01  1.90e-01  7.47e-02  6.09e-02  2.69e-02  2.07e+04  2.65e+02 -1.00e+05
2016 04 25  2235   57503  81300   2.33e+01  2.93e-01  1.73e-01  5.19e-02  4.23e-02  2.13e-02  2.05e+04  2.56e+02 -1.00e+05
2016 04 25  2240   57503  81600   1.58e+01  1.82e-01  1.50e-01  5.35e-02  4.38e-02  2.29e-02  1.98e+04  2.50e+02 -1.00e+05
2016 04 25  2245   57503  81900   1.50e+01  1.30e-01  9.83e-02  5.19e-02  4.23e-02  2.13e-02  1.98e+04  2.50e+02 -1.00e+05
2016 04 25  2250   57503  82200   1.47e+01  1.92e-01  1.60e-01  1.14e-01  1.04e-01  6.58e-02  1.98e+04  2.48e+02 -1.00e+05
2016 04 25  2255   57503  82500   2.30e+01  2.57e-01  1.36e-01  8.64e-02  7.43e-02  5.26e-02  1.98e+04  2.43e+02 -1.00e+05
2016 04 25  2300   57503  82800   2.85e+01  3.60e-01  1.45e-01  9.56e-02  8.59e-02  6.50e-02  1.98e+04  2.37e+02 -1.00e+05
2016 04 25  2305   57503  83100   1.43e+01  1.36e-01  1.05e-01  5.84e-02  4.88e-02  2.78e-02  1.98e+04  2.39e+02 -1.00e+05
2016 04 25  2310   57503  83400   1.75e+01  1.84e-01  1.14e-01  6.09e-02  5.13e-02  3.03e-02  1.98e+04  2.44e+02 -1.00e+05
2016 04 25  2315   57503  83700   1.41e+01  1.55e-01  1.24e-01  7.69e-02  4.79e-02  2.13e-02  1.98e+04  2.45e+02 -1.00e+05
2016 04 25  2320   57503  84000   2.09e+01  2.65e-01  1.45e-01  5.19e-02  4.23e-02  2.13e-02  1.98e+04  2.44e+02 -1.00e+05
2016 04 25  2325   57503  84300   1.40e+01  1.30e-01  9.83e-02  5.19e-02  4.23e-02  2.13e-02  1.98e+04  2.39e+02 -1.00e+05
2016 04 25  2330   57503  84600   1.74e+01  2.04e-01  1.34e-01  8.10e-02  6.73e-02  4.52e-02  1.98e+04  2.35e+02 -1.00e+05
2016 04 25  2335   57503  84900   2.50e+01  3.09e-01  1.39e-01  8.88e-02  6.33e-02  3.77e-02  1.96e+04  2.33e+02 -1.00e+05
2016 04 25  2340   57503  85200   1.67e+01  4.43e-01  3.72e-01  9.77e-02  4.89e-02  2.13e-02  1.92e+04  2.31e+02 -1.00e+05
2016 04 25  2345   57503  85500   2.29e+01  3.43e-01  1.71e-01  1.22e-01  1.12e-01  5.15e-02  1.89e+04  2.21e+02 -1.00e+05
2016 04 25  2350   57503  85800   1.25e+01  1.54e-01  1.22e-01  7.59e-02  6.63e-02  3.01e-02  1.88e+04  2.27e+02 -1.00e+05
2016 04 25  2355   57503  86100   1.20e+01  1.30e-01  9.83e-02  5.19e-02  4.23e-02  2.13e-02  1.88e+04  2.25e+02 -1.00e+05
