:Data_list: 20160522_Gp_part_5m.txt
:Created: 2016 May 23 0011 UTC
# Prepared by the U.S. Dept. of Commerce, NOAA, Space Weather Prediction Center
# Please send comments and suggestions to SWPC.Webmaster@noaa.gov 
# 
# Label: P > 1 = Particles at >1 Mev
# Label: P > 5 = Particles at >5 Mev
# Label: P >10 = Particles at >10 Mev
# Label: P >30 = Particles at >30 Mev
# Label: P >50 = Particles at >50 Mev
# Label: P>100 = Particles at >100 Mev
# Label: E>0.8 = Electrons at >0.8 Mev
# Label: E>2.0 = Electrons at >2.0 Mev
# Label: E>4.0 = Electrons at >4.0 Mev
# Units: Particles = Protons/cm2-s-sr
# Units: Electrons = Electrons/cm2-s-sr
# Source: GOES-13
# Location: W075
# Missing data: -1.00e+05
#
#                      5-minute  GOES-13 Solar Particle and Electron Flux
#
#                 Modified Seconds
# UTC Date  Time   Julian  of the
# YR MO DA  HHMM    Day     Day     P > 1     P > 5     P >10     P >30     P >50     P>100     E>0.8     E>2.0     E>4.0
#-------------------------------------------------------------------------------------------------------------------------
2016 05 22  0000   57530      0   2.23e+00  2.62e-01  1.18e-01  5.71e-02  4.60e-02  2.38e-02  6.56e+03  9.42e+01 -1.00e+05
2016 05 22  0005   57530    300   1.68e+00  1.64e-01  1.35e-01  5.71e-02  4.60e-02  2.38e-02  6.50e+03  9.56e+01 -1.00e+05
2016 05 22  0010   57530    600   1.67e+00  1.31e-01  1.02e-01  6.17e-02  5.06e-02  2.85e-02  6.41e+03  8.26e+01 -1.00e+05
2016 05 22  0015   57530    900   1.91e+00  3.51e-01  3.22e-01  1.54e-01  1.08e-01  7.55e-02  6.17e+03  7.96e+01 -1.00e+05
2016 05 22  0020   57530   1200   1.80e+00  1.71e-01  1.42e-01  7.16e-02  6.05e-02  3.84e-02  6.16e+03  8.15e+01 -1.00e+05
2016 05 22  0025   57530   1500   1.89e+00  1.41e-01  1.12e-01  7.16e-02  6.05e-02  3.84e-02  6.15e+03  8.49e+01 -1.00e+05
2016 05 22  0030   57530   1800   2.28e+00  1.67e-01  1.22e-01  7.90e-02  6.80e-02  4.58e-02  6.09e+03  7.62e+01 -1.00e+05
2016 05 22  0035   57530   2100   2.05e+00  1.26e-01  9.72e-02  5.73e-02  4.61e-02  2.38e-02  6.09e+03  7.76e+01 -1.00e+05
2016 05 22  0040   57530   2400   2.93e+00  2.91e-01  1.49e-01  8.89e-02  7.79e-02  5.57e-02  6.07e+03  7.45e+01 -1.00e+05
2016 05 22  0045   57530   2700   1.91e+00  1.84e-01  1.55e-01  8.89e-02  7.79e-02  5.57e-02  5.98e+03  7.46e+01 -1.00e+05
2016 05 22  0050   57530   3000   1.80e+00  2.04e-01  1.75e-01  1.01e-01  5.97e-02  3.09e-02  6.02e+03  7.40e+01 -1.00e+05
2016 05 22  0055   57530   3300   1.96e+00  2.18e-01  1.23e-01  7.04e-02  4.90e-02  2.38e-02  5.83e+03  7.73e+01 -1.00e+05
2016 05 22  0100   57530   3600   1.68e+00  1.47e-01  1.18e-01  7.83e-02  6.72e-02  3.07e-02  5.82e+03  7.10e+01 -1.00e+05
2016 05 22  0105   57530   3900   1.88e+00  2.25e-01  1.31e-01  7.90e-02  6.80e-02  4.58e-02  5.57e+03  6.66e+01 -1.00e+05
2016 05 22  0110   57530   4200   1.58e+00  1.26e-01  9.70e-02  5.71e-02  4.60e-02  2.38e-02  5.49e+03  7.02e+01 -1.00e+05
2016 05 22  0115   57530   4500   1.27e+00  1.26e-01  9.72e-02  5.73e-02  4.61e-02  2.38e-02  5.48e+03  6.77e+01 -1.00e+05
2016 05 22  0120   57530   4800   1.29e+00  1.73e-01  1.44e-01  1.03e-01  7.54e-02  4.32e-02  5.36e+03  6.20e+01 -1.00e+05
2016 05 22  0125   57530   5100   1.68e+00  3.00e-01  2.71e-01  1.29e-01  9.64e-02  6.81e-02  5.38e+03  6.19e+01 -1.00e+05
2016 05 22  0130   57530   5400   1.86e+00  2.09e-01  1.80e-01  7.97e-02  6.81e-02  4.58e-02  5.48e+03  6.28e+01 -1.00e+05
2016 05 22  0135   57530   5700   2.68e+00  2.65e-01  1.20e-01  7.83e-02  6.72e-02  3.07e-02  5.49e+03  7.19e+01 -1.00e+05
2016 05 22  0140   57530   6000   2.29e+00  2.81e-01  1.47e-01  8.83e-02  7.72e-02  4.71e-02  5.34e+03  6.22e+01 -1.00e+05
2016 05 22  0145   57530   6300   1.49e+00  1.91e-01  1.47e-01  1.04e-01  8.50e-02  6.07e-02  5.31e+03  5.96e+01 -1.00e+05
2016 05 22  0150   57530   6600   1.55e+00  1.86e-01  1.57e-01  9.14e-02  8.03e-02  5.82e-02  5.20e+03  6.61e+01 -1.00e+05
2016 05 22  0155   57530   6900   1.50e+00  1.86e-01  1.57e-01  8.35e-02  5.20e-02  2.38e-02  4.91e+03  5.91e+01 -1.00e+05
2016 05 22  0200   57530   7200   1.27e+00  1.66e-01  1.37e-01  9.71e-02  8.60e-02  3.67e-02  4.76e+03  5.71e+01 -1.00e+05
2016 05 22  0205   57530   7500   2.62e+00  3.77e-01  1.84e-01  1.17e-01  6.43e-02  2.66e-02  4.67e+03  5.28e+01 -1.00e+05
2016 05 22  0210   57530   7800   1.30e+00  1.43e-01  1.14e-01  7.41e-02  6.30e-02  4.08e-02  4.67e+03  5.68e+01 -1.00e+05
2016 05 22  0215   57530   8100   1.42e+00  1.26e-01  9.70e-02  5.71e-02  4.60e-02  2.38e-02  4.46e+03  5.26e+01 -1.00e+05
2016 05 22  0220   57530   8400   1.07e+00  1.26e-01  9.70e-02  5.71e-02  4.60e-02  2.38e-02  4.37e+03  5.05e+01 -1.00e+05
2016 05 22  0225   57530   8700   1.43e+00  1.50e-01  1.21e-01  8.15e-02  7.04e-02  4.83e-02  4.45e+03  5.19e+01 -1.00e+05
2016 05 22  0230   57530   9000   1.26e+00  1.67e-01  1.38e-01  6.66e-02  5.56e-02  3.34e-02  4.47e+03  5.40e+01 -1.00e+05
2016 05 22  0235   57530   9300   1.41e+00  1.73e-01  1.44e-01  1.04e-01  9.27e-02  7.06e-02  4.50e+03  5.16e+01 -1.00e+05
2016 05 22  0240   57530   9600   9.82e-01  1.68e-01  1.39e-01  9.88e-02  8.78e-02  6.56e-02  4.51e+03  5.28e+01 -1.00e+05
2016 05 22  0245   57530   9900   1.33e+00  2.93e-01  1.40e-01  5.99e-02  4.88e-02  2.62e-02  4.45e+03  4.94e+01 -1.00e+05
2016 05 22  0250   57530  10200   1.09e+00  2.90e-01  2.61e-01  9.74e-02  8.61e-02  3.67e-02  4.21e+03  4.97e+01 -1.00e+05
2016 05 22  0255   57530  10500   1.70e+00  3.25e-01  1.85e-01  1.24e-01  1.05e-01  8.05e-02  3.89e+03  4.56e+01 -1.00e+05
2016 05 22  0300   57530  10800   1.63e+00  3.41e-01  2.09e-01  9.08e-02  7.15e-02  3.77e-02  3.53e+03  4.23e+01 -1.00e+05
2016 05 22  0305   57530  11100   1.35e+00  3.74e-01  3.27e-01  9.66e-02  5.49e-02  2.38e-02  3.72e+03  4.07e+01 -1.00e+05
2016 05 22  0310   57530  11400   1.51e+00  3.66e-01  1.95e-01  9.71e-02  8.60e-02  3.67e-02  3.74e+03  3.98e+01 -1.00e+05
2016 05 22  0315   57530  11700   8.91e-01  1.85e-01  1.56e-01  1.16e-01  1.05e-01  4.27e-02  3.45e+03  3.91e+01 -1.00e+05
2016 05 22  0320   57530  12000   1.37e+00  3.52e-01  2.39e-01  1.84e-01  1.64e-01  7.56e-02  3.23e+03  3.41e+01 -1.00e+05
2016 05 22  0325   57530  12300   8.32e-01  1.86e-01  1.57e-01  5.73e-02  4.61e-02  2.38e-02  3.31e+03  3.73e+01 -1.00e+05
2016 05 22  0330   57530  12600   6.78e-01  1.33e-01  1.04e-01  6.39e-02  4.75e-02  2.38e-02  3.46e+03  4.20e+01 -1.00e+05
2016 05 22  0335   57530  12900   8.02e-01  1.56e-01  1.10e-01  6.66e-02  5.56e-02  3.34e-02  3.56e+03  4.01e+01 -1.00e+05
2016 05 22  0340   57530  13200   9.21e-01  2.08e-01  1.79e-01  1.38e-01  1.19e-01  4.02e-02  3.67e+03  4.02e+01 -1.00e+05
2016 05 22  0345   57530  13500   1.19e+00  2.73e-01  1.30e-01  6.91e-02  5.81e-02  3.59e-02  3.50e+03  4.04e+01 -1.00e+05
2016 05 22  0350   57530  13800   1.14e+00  4.53e-01  2.74e-01  1.11e-01  1.00e-01  7.80e-02  2.13e+03  1.83e+01 -1.00e+05
2016 05 22  0355   57530  14100   9.35e-01  3.02e-01  1.58e-01  6.39e-02  4.75e-02  2.38e-02  1.86e+03  1.46e+01 -1.00e+05
2016 05 22  0400   57530  14400   5.38e-01  1.77e-01  1.48e-01  9.85e-02  6.69e-02  2.86e-02  1.18e+03  5.66e+00 -1.00e+05
2016 05 22  0405   57530  14700   4.26e-01  1.59e-01  1.30e-01  5.71e-02  4.60e-02  2.38e-02  6.29e+02  6.94e+00 -1.00e+05
2016 05 22  0410   57530  15000   6.26e-01  2.34e-01  1.40e-01  8.89e-02  7.79e-02  5.57e-02  5.53e+02  2.45e+00 -1.00e+05
2016 05 22  0415   57530  15300   4.37e-01  1.33e-01  1.04e-01  6.39e-02  4.75e-02  2.38e-02  3.72e+02  2.70e+00 -1.00e+05
2016 05 22  0420   57530  15600   5.12e-01  1.92e-01  1.63e-01  9.25e-02  5.59e-02  2.46e-02  3.11e+02  7.92e-01 -1.00e+05
2016 05 22  0425   57530  15900   5.15e-01  1.67e-01  1.27e-01  6.60e-02  5.47e-02  2.66e-02  3.55e+02  4.63e+00 -1.00e+05
2016 05 22  0430   57530  16200   6.16e-01  1.47e-01  1.00e-01  5.71e-02  4.60e-02  2.38e-02  1.50e+02  2.41e+00 -1.00e+05
2016 05 22  0435   57530  16500   3.77e-01  1.99e-01  1.70e-01  8.15e-02  7.04e-02  4.83e-02  1.89e+02  1.27e+00 -1.00e+05
2016 05 22  0440   57530  16800   5.90e-01  2.61e-01  2.32e-01  1.92e-01  1.81e-01  9.40e-02  2.54e+02  3.09e-01 -1.00e+05
2016 05 22  0445   57530  17100   4.05e-01  1.42e-01  1.13e-01  7.28e-02  5.14e-02  2.46e-02  7.75e+01  1.33e-01 -1.00e+05
2016 05 22  0450   57530  17400   5.54e-01  2.22e-01  1.93e-01  1.54e-01  1.42e-01  5.48e-02  1.79e+02  2.16e+00 -1.00e+05
2016 05 22  0455   57530  17700   4.78e-01  1.28e-01  9.94e-02  5.95e-02  4.84e-02  2.46e-02  6.36e+01  1.33e-01 -1.00e+05
2016 05 22  0500   57530  18000   5.95e-01  1.80e-01  1.51e-01  7.70e-02  5.05e-02  2.38e-02  6.33e+01  1.33e-01 -1.00e+05
2016 05 22  0505   57530  18300   5.53e-01  1.89e-01  1.60e-01  1.20e-01  1.09e-01  5.90e-02  6.10e+02  8.42e+00 -1.00e+05
2016 05 22  0510   57530  18600   5.01e-01  1.59e-01  1.30e-01  5.71e-02  4.60e-02  2.38e-02  9.62e+02  1.64e+01 -1.00e+05
2016 05 22  0515   57530  18900   6.44e-01  1.28e-01  9.91e-02  5.92e-02  4.81e-02  2.60e-02  1.17e+03  2.44e+01 -1.00e+05
2016 05 22  0520   57530  19200   5.86e-01  1.60e-01  1.31e-01  9.08e-02  7.98e-02  3.47e-02  1.26e+03  2.30e+01 -1.00e+05
2016 05 22  0525   57530  19500   8.23e-01  2.38e-01  1.42e-01  5.71e-02  4.60e-02  2.38e-02  1.41e+03  2.85e+01 -1.00e+05
2016 05 22  0530   57530  19800   8.16e-01  2.04e-01  1.09e-01  5.71e-02  4.60e-02  2.38e-02  1.49e+03  2.84e+01 -1.00e+05
2016 05 22  0535   57530  20100   7.59e-01  1.80e-01  1.33e-01  5.71e-02  4.60e-02  2.38e-02  1.44e+03  2.41e+01 -1.00e+05
2016 05 22  0540   57530  20400   5.80e-01  1.56e-01  1.10e-01  6.66e-02  5.56e-02  3.34e-02  1.47e+03  2.46e+01 -1.00e+05
2016 05 22  0545   57530  20700   7.49e-01  1.94e-01  1.65e-01  5.71e-02  4.60e-02  2.38e-02  1.49e+03  2.52e+01 -1.00e+05
2016 05 22  0550   57530  21000   6.86e-01  2.06e-01  1.33e-01  8.46e-02  7.35e-02  3.27e-02  1.97e+03  3.67e+01 -1.00e+05
2016 05 22  0555   57530  21300   5.87e-01  1.26e-01  9.70e-02  5.71e-02  4.60e-02  2.38e-02  2.14e+03  4.61e+01 -1.00e+05
2016 05 22  0600   57530  21600   7.58e-01  1.67e-01  1.38e-01  9.76e-02  8.13e-02  3.47e-02  2.25e+03  4.27e+01 -1.00e+05
2016 05 22  0605   57530  21900   1.41e+00  2.52e-01  9.92e-02  5.73e-02  4.61e-02  2.38e-02  2.07e+03  3.26e+01 -1.00e+05
2016 05 22  0610   57530  22200   1.28e+00  2.75e-01  9.88e-02  5.71e-02  4.60e-02  2.38e-02  1.97e+03  3.62e+01 -1.00e+05
2016 05 22  0615   57530  22500   9.17e-01  2.35e-01  2.06e-01  1.66e-01  1.55e-01  5.89e-02  2.09e+03  3.27e+01 -1.00e+05
2016 05 22  0620   57530  22800   1.06e+00  2.52e-01  9.89e-02  5.71e-02  4.60e-02  2.38e-02  2.18e+03  3.98e+01 -1.00e+05
2016 05 22  0625   57530  23100   7.84e-01  1.54e-01  1.25e-01  8.51e-02  6.88e-02  3.07e-02  2.13e+03  3.35e+01 -1.00e+05
2016 05 22  0630   57530  23400   8.94e-01  1.88e-01  1.44e-01  1.01e-01  9.02e-02  6.81e-02  2.06e+03  3.44e+01 -1.00e+05
2016 05 22  0635   57530  23700   9.95e-01  1.72e-01  1.27e-01  8.40e-02  7.29e-02  5.07e-02  2.35e+03  4.16e+01 -1.00e+05
2016 05 22  0640   57530  24000   1.10e+00  2.96e-01  1.54e-01  9.39e-02  8.28e-02  6.07e-02  2.49e+03  4.68e+01 -1.00e+05
2016 05 22  0645   57530  24300   7.32e-01  3.63e-01  3.34e-01  1.68e-01  1.57e-01  7.54e-02  2.47e+03  4.26e+01 -1.00e+05
2016 05 22  0650   57530  24600   1.42e+00  3.21e-01  2.27e-01  6.76e-02  5.65e-02  3.37e-02  2.69e+03  4.98e+01 -1.00e+05
2016 05 22  0655   57530  24900   9.58e-01  3.63e-01  2.40e-01  1.20e-01  9.69e-02  5.61e-02  2.51e+03  3.75e+01 -1.00e+05
2016 05 22  0700   57530  25200   1.41e+00  2.52e-01  9.89e-02  5.71e-02  4.60e-02  2.38e-02  2.39e+03  4.67e+01 -1.00e+05
2016 05 22  0705   57530  25500   9.95e-01  2.50e-01  1.84e-01  1.37e-01  1.26e-01  8.13e-02  2.63e+03  4.48e+01 -1.00e+05
2016 05 22  0710   57530  25800   7.52e-01  1.67e-01  1.38e-01  9.66e-02  5.49e-02  2.38e-02  2.45e+03  4.14e+01 -1.00e+05
2016 05 22  0715   57530  26100   6.75e-01  1.59e-01  1.30e-01  5.71e-02  4.60e-02  2.38e-02  2.81e+03  5.34e+01 -1.00e+05
2016 05 22  0720   57530  26400   9.21e-01  1.48e-01  1.19e-01  7.88e-02  6.25e-02  2.86e-02  3.00e+03  5.10e+01 -1.00e+05
2016 05 22  0725   57530  26700   1.44e+00  4.24e-01  2.44e-01  8.06e-02  6.96e-02  4.74e-02  3.03e+03  5.93e+01 -1.00e+05
2016 05 22  0730   57530  27000   7.99e-01  1.26e-01  9.70e-02  5.71e-02  4.60e-02  2.38e-02  3.07e+03  6.19e+01 -1.00e+05
2016 05 22  0735   57530  27300   6.94e-01  1.26e-01  9.70e-02  5.71e-02  4.60e-02  2.38e-02  2.74e+03  5.65e+01 -1.00e+05
2016 05 22  0740   57530  27600   8.52e-01  2.29e-01  2.00e-01  1.60e-01  1.49e-01  5.68e-02  3.03e+03  5.94e+01 -1.00e+05
2016 05 22  0745   57530  27900   7.30e-01  1.71e-01  1.42e-01  1.02e-01  8.27e-02  5.82e-02  3.32e+03  7.17e+01 -1.00e+05
2016 05 22  0750   57530  28200   1.48e+00  2.76e-01  1.84e-01  1.11e-01  1.00e-01  7.80e-02  3.42e+03  8.10e+01 -1.00e+05
2016 05 22  0755   57530  28500   1.09e+00  2.39e-01  2.10e-01  5.92e-02  4.81e-02  2.60e-02  3.28e+03  7.69e+01 -1.00e+05
2016 05 22  0800   57530  28800   8.06e-01  1.54e-01  1.25e-01  8.51e-02  7.41e-02  5.19e-02  2.84e+03  5.51e+01 -1.00e+05
2016 05 22  0805   57530  29100   1.47e+00  2.93e-01  1.39e-01  5.71e-02  4.60e-02  2.38e-02  2.56e+03  5.82e+01 -1.00e+05
2016 05 22  0810   57530  29400   1.08e+00  2.66e-01  1.13e-01  7.04e-02  4.90e-02  2.38e-02  2.44e+03  4.59e+01 -1.00e+05
2016 05 22  0815   57530  29700   6.98e-01  2.54e-01  1.59e-01  5.73e-02  4.61e-02  2.38e-02  2.32e+03  4.46e+01 -1.00e+05
2016 05 22  0820   57530  30000   1.29e+00  2.66e-01  1.22e-01  6.17e-02  5.06e-02  2.85e-02  1.95e+03  3.66e+01 -1.00e+05
2016 05 22  0825   57530  30300   6.63e-01  1.26e-01  9.72e-02  5.73e-02  4.61e-02  2.38e-02  1.59e+03  2.91e+01 -1.00e+05
2016 05 22  0830   57530  30600   7.37e-01  2.29e-01  1.84e-01  9.34e-02  7.89e-02  5.57e-02  1.33e+03  2.32e+01 -1.00e+05
2016 05 22  0835   57530  30900   6.36e-01  1.60e-01  1.31e-01  9.01e-02  5.34e-02  2.38e-02  1.93e+03  4.19e+01 -1.00e+05
2016 05 22  0840   57530  31200   5.83e-01  1.48e-01  1.19e-01  7.90e-02  6.80e-02  4.58e-02  2.42e+03  5.70e+01 -1.00e+05
2016 05 22  0845   57530  31500   1.12e+00  3.52e-01  2.09e-01  1.15e-01  6.45e-02  3.09e-02  3.00e+03  7.66e+01 -1.00e+05
2016 05 22  0850   57530  31800   7.42e-01  2.07e-01  1.43e-01  9.71e-02  8.60e-02  3.67e-02  3.35e+03  8.51e+01 -1.00e+05
2016 05 22  0855   57530  32100   7.94e-01  1.60e-01  1.31e-01  9.11e-02  7.98e-02  3.47e-02  3.55e+03  9.04e+01 -1.00e+05
2016 05 22  0900   57530  32400   1.19e+00  2.11e-01  1.16e-01  6.39e-02  4.75e-02  2.38e-02  3.30e+03  7.62e+01 -1.00e+05
2016 05 22  0905   57530  32700   8.43e-01  1.54e-01  1.24e-01  8.46e-02  7.35e-02  3.27e-02  2.94e+03  6.98e+01 -1.00e+05
2016 05 22  0910   57530  33000   1.77e+00  2.75e-01  9.88e-02  5.71e-02  4.60e-02  2.38e-02  3.19e+03  7.01e+01 -1.00e+05
2016 05 22  0915   57530  33300   1.78e+00  3.50e-01  1.33e-01  9.14e-02  8.03e-02  5.82e-02  3.29e+03  7.66e+01 -1.00e+05
2016 05 22  0920   57530  33600   9.87e-01  2.10e-01  1.81e-01  1.35e-01  9.33e-02  5.28e-02  3.32e+03  7.22e+01 -1.00e+05
2016 05 22  0925   57530  33900   9.25e-01  1.81e-01  1.52e-01  1.12e-01  1.01e-01  3.60e-02  3.42e+03  7.13e+01 -1.00e+05
2016 05 22  0930   57530  34200   1.40e+00  3.03e-01  1.61e-01  1.01e-01  9.02e-02  6.81e-02  3.55e+03  7.88e+01 -1.00e+05
2016 05 22  0935   57530  34500   6.86e-01  1.64e-01  1.35e-01  8.54e-02  6.40e-02  2.86e-02  3.67e+03  7.95e+01 -1.00e+05
2016 05 22  0940   57530  34800   8.26e-01  1.63e-01  1.34e-01  9.45e-02  8.35e-02  4.91e-02  3.83e+03  7.83e+01 -1.00e+05
2016 05 22  0945   57530  35100   1.23e+00  2.83e-01  1.31e-01  8.89e-02  7.79e-02  5.57e-02  4.01e+03  9.59e+01 -1.00e+05
2016 05 22  0950   57530  35400   1.50e+00  1.79e-01  1.50e-01  1.10e-01  9.86e-02  4.07e-02  4.07e+03  9.19e+01 -1.00e+05
2016 05 22  0955   57530  35700   2.65e+00  1.53e-01  1.24e-01  8.36e-02  7.26e-02  5.04e-02  4.27e+03  9.17e+01 -1.00e+05
2016 05 22  1000   57530  36000   2.79e+00  2.37e-01  2.08e-01  5.71e-02  4.60e-02  2.38e-02  4.38e+03  9.78e+01 -1.00e+05
2016 05 22  1005   57530  36300   2.71e+00  1.58e-01  1.29e-01  8.89e-02  7.79e-02  5.57e-02  4.79e+03  1.07e+02 -1.00e+05
2016 05 22  1010   57530  36600   2.91e+00  2.26e-01  1.79e-01  1.01e-01  5.26e-02  2.38e-02  5.13e+03  1.10e+02 -1.00e+05
2016 05 22  1015   57530  36900   3.88e+00  2.58e-01  1.39e-01  9.66e-02  8.28e-02  4.36e-02  5.45e+03  1.09e+02 -1.00e+05
2016 05 22  1020   57530  37200   2.01e+00  1.26e-01  9.70e-02  5.71e-02  4.60e-02  2.38e-02  5.76e+03  1.24e+02 -1.00e+05
2016 05 22  1025   57530  37500   2.73e+00  2.18e-01  1.23e-01  7.16e-02  6.05e-02  3.84e-02  6.54e+03  1.30e+02 -1.00e+05
2016 05 22  1030   57530  37800   3.23e+00  3.90e-01  2.48e-01  8.15e-02  7.04e-02  4.83e-02  6.80e+03  1.44e+02 -1.00e+05
2016 05 22  1035   57530  38100   1.85e+00  1.65e-01  1.36e-01  6.42e-02  5.31e-02  3.09e-02  7.61e+03  1.48e+02 -1.00e+05
2016 05 22  1040   57530  38400   1.66e+00  1.78e-01  1.49e-01  1.09e-01  9.77e-02  7.55e-02  7.68e+03  1.45e+02 -1.00e+05
2016 05 22  1045   57530  38700   2.91e+00  3.21e-01  1.39e-01  5.71e-02  4.60e-02  2.38e-02  7.60e+03  1.46e+02 -1.00e+05
2016 05 22  1050   57530  39000   1.73e+00  1.68e-01  1.21e-01  7.70e-02  5.05e-02  2.38e-02  8.65e+03  1.61e+02 -1.00e+05
2016 05 22  1055   57530  39300   1.77e+00  2.05e-01  1.76e-01  1.36e-01  1.14e-01  4.48e-02  9.20e+03  1.68e+02 -1.00e+05
2016 05 22  1100   57530  39600   1.35e+00  1.36e-01  1.07e-01  6.66e-02  5.56e-02  3.34e-02  9.65e+03  1.81e+02 -1.00e+05
2016 05 22  1105   57530  39900   1.67e+00  3.16e-01  2.20e-01  5.73e-02  4.61e-02  2.38e-02  9.37e+03  1.59e+02 -1.00e+05
2016 05 22  1110   57530  40200   2.05e+00  4.38e-01  2.62e-01  1.05e-01  9.44e-02  6.94e-02  8.81e+03  1.43e+02 -1.00e+05
2016 05 22  1115   57530  40500   2.78e+00  5.59e-01  2.75e-01  9.66e-02  5.49e-02  2.38e-02  8.93e+03  1.52e+02 -1.00e+05
2016 05 22  1120   57530  40800   1.27e+00  1.26e-01  9.70e-02  5.71e-02  4.60e-02  2.38e-02  8.62e+03  1.47e+02 -1.00e+05
2016 05 22  1125   57530  41100   1.47e+00  1.26e-01  9.70e-02  5.71e-02  4.60e-02  2.38e-02  9.56e+03  1.58e+02 -1.00e+05
2016 05 22  1130   57530  41400   1.66e+00  3.16e-01  2.20e-01  5.71e-02  4.60e-02  2.38e-02  9.41e+03  1.61e+02 -1.00e+05
2016 05 22  1135   57530  41700   1.26e+00  1.26e-01  9.70e-02  5.71e-02  4.60e-02  2.38e-02  1.01e+04  1.68e+02 -1.00e+05
2016 05 22  1140   57530  42000   1.33e+00  1.26e-01  9.70e-02  5.71e-02  4.60e-02  2.38e-02  1.04e+04  1.76e+02 -1.00e+05
2016 05 22  1145   57530  42300   1.08e+00  1.26e-01  9.70e-02  5.71e-02  4.60e-02  2.38e-02  1.13e+04  2.06e+02 -1.00e+05
2016 05 22  1150   57530  42600   1.82e+00  1.47e-01  1.00e-01  5.71e-02  4.60e-02  2.38e-02  1.27e+04  2.44e+02 -1.00e+05
2016 05 22  1155   57530  42900   3.08e+00  2.75e-01  1.32e-01  7.16e-02  6.05e-02  3.84e-02  1.33e+04  2.60e+02 -1.00e+05
2016 05 22  1200   57530  43200   1.88e+00  1.26e-01  9.70e-02  5.71e-02  4.60e-02  2.38e-02  1.39e+04  2.86e+02 -1.00e+05
2016 05 22  1205   57530  43500   1.69e+00  1.28e-01  9.94e-02  5.95e-02  4.84e-02  2.46e-02  1.44e+04  3.03e+02 -1.00e+05
2016 05 22  1210   57530  43800   1.81e+00  2.19e-01  1.90e-01  1.49e-01  1.07e-01  4.07e-02  1.49e+04  3.09e+02 -1.00e+05
2016 05 22  1215   57530  44100   2.35e+00  2.31e-01  1.57e-01  1.09e-01  9.12e-02  4.93e-02  1.50e+04  3.12e+02 -1.00e+05
2016 05 22  1220   57530  44400   3.90e+00  3.16e-01  1.19e-01  7.70e-02  5.05e-02  2.38e-02  1.51e+04  3.21e+02 -1.00e+05
2016 05 22  1225   57530  44700   2.79e+00  4.74e-01  2.91e-01  1.19e-01  7.45e-02  4.58e-02  1.52e+04  3.26e+02 -1.00e+05
2016 05 22  1230   57530  45000   2.24e+00  2.57e-01  1.63e-01  8.40e-02  7.29e-02  5.07e-02  1.49e+04  3.09e+02 -1.00e+05
2016 05 22  1235   57530  45300   1.31e+00  1.26e-01  9.70e-02  5.71e-02  4.60e-02  2.38e-02  1.42e+04  2.99e+02 -1.00e+05
2016 05 22  1240   57530  45600   3.50e+00  2.81e-01  1.08e-01  6.62e-02  5.51e-02  2.82e-02  1.58e+04  3.07e+02 -1.00e+05
2016 05 22  1245   57530  45900   1.57e+00  1.37e-01  1.07e-01  6.76e-02  5.65e-02  3.37e-02  1.57e+04  3.18e+02 -1.00e+05
2016 05 22  1250   57530  46200   1.86e+00  1.69e-01  1.24e-01  8.15e-02  7.04e-02  4.83e-02  1.63e+04  3.15e+02 -1.00e+05
2016 05 22  1255   57530  46500   3.76e+00  3.23e-01  1.06e-01  6.42e-02  5.31e-02  3.09e-02  1.60e+04  3.06e+02 -1.00e+05
2016 05 22  1300   57530  46800   2.50e+00  3.04e-01  1.68e-01  7.34e-02  6.23e-02  3.39e-02  1.59e+04  2.97e+02 -1.00e+05
2016 05 22  1305   57530  47100   1.77e+00  1.85e-01  1.56e-01  1.16e-01  1.05e-01  4.27e-02  1.65e+04  3.20e+02 -1.00e+05
2016 05 22  1310   57530  47400   1.87e+00  2.63e-01  2.34e-01  1.35e-01  1.24e-01  7.22e-02  1.61e+04  2.95e+02 -1.00e+05
2016 05 22  1315   57530  47700   1.68e+00  1.89e-01  1.60e-01  7.16e-02  6.05e-02  3.84e-02  1.65e+04  3.06e+02 -1.00e+05
2016 05 22  1320   57530  48000   1.57e+00  1.60e-01  1.31e-01  9.14e-02  8.03e-02  5.82e-02  1.63e+04  2.97e+02 -1.00e+05
2016 05 22  1325   57530  48300   1.79e+00  1.53e-01  1.24e-01  8.40e-02  7.29e-02  5.07e-02  1.63e+04  3.00e+02 -1.00e+05
2016 05 22  1330   57530  48600   2.64e+00  2.18e-01  1.23e-01  7.04e-02  4.90e-02  2.38e-02  1.74e+04  3.16e+02 -1.00e+05
2016 05 22  1335   57530  48900   1.89e+00  2.76e-01  2.47e-01  1.06e-01  9.52e-02  7.30e-02  1.80e+04  3.21e+02 -1.00e+05
2016 05 22  1340   57530  49200   2.87e+00  3.13e-01  1.91e-01  1.47e-01  1.02e-01  5.84e-02  1.78e+04  3.14e+02 -1.00e+05
2016 05 22  1345   57530  49500   1.67e+00  1.26e-01  9.70e-02  5.71e-02  4.60e-02  2.38e-02  1.78e+04  3.09e+02 -1.00e+05
2016 05 22  1350   57530  49800   1.69e+00  1.67e-01  1.38e-01  9.65e-02  5.26e-02  2.38e-02  1.82e+04  3.03e+02 -1.00e+05
2016 05 22  1355   57530  50100   1.83e+00  1.29e-01  9.98e-02  5.99e-02  4.88e-02  2.62e-02  1.94e+04  3.24e+02 -1.00e+05
2016 05 22  1400   57530  50400   1.63e+00  1.26e-01  9.72e-02  5.73e-02  4.61e-02  2.38e-02  1.86e+04  3.13e+02 -1.00e+05
2016 05 22  1405   57530  50700   2.20e+00  2.21e-01  1.32e-01  8.15e-02  7.05e-02  4.32e-02  1.87e+04  2.93e+02 -1.00e+05
2016 05 22  1410   57530  51000   2.83e+00  3.22e-01  2.28e-01  6.66e-02  5.56e-02  3.34e-02  1.94e+04  3.01e+02 -1.00e+05
2016 05 22  1415   57530  51300   2.29e+00  2.13e-01  1.84e-01  1.11e-01  9.99e-02  4.60e-02  2.01e+04  2.92e+02 -1.00e+05
2016 05 22  1420   57530  51600   2.16e+00  2.36e-01  2.07e-01  5.95e-02  4.84e-02  2.46e-02  1.87e+04  2.70e+02 -1.00e+05
2016 05 22  1425   57530  51900   5.19e+00  3.86e-01  1.10e-01  6.91e-02  5.81e-02  3.59e-02  1.94e+04  2.81e+02 -1.00e+05
2016 05 22  1430   57530  52200   2.95e+00  3.16e-01  2.20e-01  5.71e-02  4.60e-02  2.38e-02  1.88e+04  2.67e+02 -1.00e+05
2016 05 22  1435   57530  52500   2.32e+00  1.41e-01  1.12e-01  7.16e-02  6.05e-02  3.84e-02  1.98e+04  2.85e+02 -1.00e+05
2016 05 22  1440   57530  52800   2.19e+00  2.04e-01  1.75e-01  1.35e-01  1.19e-01  4.68e-02  2.03e+04  2.96e+02 -1.00e+05
2016 05 22  1445   57530  53100   2.38e+00  1.60e-01  1.31e-01  9.01e-02  5.34e-02  2.38e-02  2.07e+04  2.92e+02 -1.00e+05
2016 05 22  1450   57530  53400   4.08e+00  4.19e-01  1.78e-01  1.12e-01  6.51e-02  2.66e-02  2.12e+04  2.92e+02 -1.00e+05
2016 05 22  1455   57530  53700   2.02e+00  1.26e-01  9.70e-02  5.71e-02  4.60e-02  2.38e-02  2.22e+04  3.16e+02 -1.00e+05
2016 05 22  1500   57530  54000   2.34e+00  1.60e-01  1.31e-01  9.01e-02  5.34e-02  2.38e-02  2.33e+04  3.46e+02 -1.00e+05
2016 05 22  1505   57530  54300   4.85e+00  4.72e-01  1.94e-01  7.65e-02  6.55e-02  4.33e-02  2.46e+04  3.52e+02 -1.00e+05
2016 05 22  1510   57530  54600   2.98e+00  2.04e-01  1.09e-01  5.71e-02  4.60e-02  2.38e-02  2.33e+04  3.56e+02 -1.00e+05
2016 05 22  1515   57530  54900   2.96e+00  3.37e-01  3.08e-01  1.68e-01  1.57e-01  6.59e-02  2.46e+04  3.69e+02 -1.00e+05
2016 05 22  1520   57530  55200   2.71e+00  1.74e-01  1.45e-01  1.03e-01  5.64e-02  2.38e-02  2.56e+04  3.84e+02 -1.00e+05
2016 05 22  1525   57530  55500   2.66e+00  1.53e-01  1.24e-01  8.35e-02  5.20e-02  2.38e-02  2.52e+04  3.66e+02 -1.00e+05
2016 05 22  1530   57530  55800   2.64e+00  3.24e-01  2.95e-01  1.17e-01  7.56e-02  4.46e-02  2.53e+04  3.80e+02 -1.00e+05
2016 05 22  1535   57530  56100   2.68e+00  2.76e-01  2.30e-01  7.73e-02  5.80e-02  3.34e-02  2.44e+04  3.61e+02 -1.00e+05
2016 05 22  1540   57530  56400   2.22e+00  1.59e-01  1.30e-01  9.01e-02  7.91e-02  5.44e-02  2.47e+04  3.61e+02 -1.00e+05
2016 05 22  1545   57530  56700   2.37e+00  1.26e-01  9.70e-02  5.71e-02  4.60e-02  2.38e-02  2.60e+04  3.84e+02 -1.00e+05
2016 05 22  1550   57530  57000   2.54e+00  1.80e-01  1.51e-01  7.70e-02  5.05e-02  2.38e-02  2.53e+04  3.68e+02 -1.00e+05
2016 05 22  1555   57530  57300   3.85e+00  2.84e-01  1.54e-01  1.11e-01  6.46e-02  3.59e-02  2.46e+04  3.72e+02 -1.00e+05
2016 05 22  1600   57530  57600   2.40e+00  1.47e-01  1.18e-01  7.70e-02  5.05e-02  2.38e-02  2.51e+04  3.88e+02 -1.00e+05
2016 05 22  1605   57530  57900   4.34e+00  4.06e-01  2.17e-01  1.74e-01  1.37e-01  5.08e-02  2.60e+04  4.06e+02 -1.00e+05
2016 05 22  1610   57530  58200   2.93e+00  2.45e-01  2.05e-01  6.58e-02  5.47e-02  2.66e-02  2.60e+04  4.02e+02 -1.00e+05
2016 05 22  1615   57530  58500   3.53e+00  2.62e-01  1.25e-01  6.58e-02  5.47e-02  2.66e-02  2.60e+04  4.11e+02 -1.00e+05
2016 05 22  1620   57530  58800   2.37e+00  1.83e-01  1.54e-01  1.14e-01  1.03e-01  6.03e-02  2.60e+04  3.90e+02 -1.00e+05
2016 05 22  1625   57530  59100   2.11e+00  1.48e-01  1.19e-01  7.90e-02  6.80e-02  4.58e-02  2.59e+04  4.12e+02 -1.00e+05
2016 05 22  1630   57530  59400   2.71e+00  2.07e-01  1.43e-01  9.71e-02  8.60e-02  3.67e-02  2.58e+04  4.00e+02 -1.00e+05
2016 05 22  1635   57530  59700   1.89e+00  1.62e-01  1.33e-01  9.31e-02  8.21e-02  4.36e-02  2.59e+04  4.09e+02 -1.00e+05
2016 05 22  1640   57530  60000   2.86e+00  3.45e-01  2.77e-01  9.84e-02  8.74e-02  4.19e-02  2.57e+04  4.18e+02 -1.00e+05
2016 05 22  1645   57530  60300   1.96e+00  1.45e-01  1.16e-01  7.65e-02  6.55e-02  4.33e-02  2.60e+04  4.21e+02 -1.00e+05
2016 05 22  1650   57530  60600   2.19e+00  1.47e-01  1.18e-01  7.83e-02  6.72e-02  3.07e-02  2.60e+04  4.15e+02 -1.00e+05
2016 05 22  1655   57530  60900   3.16e+00  2.70e-01  1.40e-01  9.65e-02  5.26e-02  2.38e-02  2.60e+04  4.18e+02 -1.00e+05
2016 05 22  1700   57530  61200   3.69e+00  3.35e-01  1.53e-01  7.04e-02  4.90e-02  2.38e-02  2.60e+04  4.09e+02 -1.00e+05
2016 05 22  1705   57530  61500   2.03e+00  1.69e-01  1.40e-01  6.91e-02  5.81e-02  3.59e-02  2.61e+04  4.30e+02 -1.00e+05
2016 05 22  1710   57530  61800   2.28e+00  2.08e-01  1.79e-01  1.18e-01  1.04e-01  8.05e-02  2.60e+04  4.14e+02 -1.00e+05
2016 05 22  1715   57530  62100   1.85e+00  1.48e-01  1.08e-01  6.58e-02  5.47e-02  2.66e-02  2.59e+04  4.01e+02 -1.00e+05
2016 05 22  1720   57530  62400   2.06e+00  2.00e-01  1.71e-01  1.30e-01  9.83e-02  3.87e-02  2.59e+04  4.03e+02 -1.00e+05
2016 05 22  1725   57530  62700   2.12e+00  1.83e-01  1.54e-01  1.14e-01  1.03e-01  8.05e-02  2.60e+04  3.96e+02 -1.00e+05
2016 05 22  1730   57530  63000   1.87e+00  1.26e-01  9.70e-02  5.71e-02  4.60e-02  2.38e-02  2.60e+04  4.12e+02 -1.00e+05
2016 05 22  1735   57530  63300   2.74e+00  2.13e-01  1.18e-01  6.66e-02  5.56e-02  3.34e-02  2.59e+04  4.11e+02 -1.00e+05
2016 05 22  1740   57530  63600   3.83e+00  3.48e-01  2.01e-01  1.59e-01  1.48e-01  7.47e-02  2.60e+04  4.03e+02 -1.00e+05
2016 05 22  1745   57530  63900   3.27e+00  2.83e-01  1.42e-01  8.15e-02  7.05e-02  4.83e-02  2.60e+04  4.06e+02 -1.00e+05
2016 05 22  1750   57530  64200   1.91e+00  1.60e-01  1.31e-01  9.14e-02  8.03e-02  5.82e-02  2.60e+04  3.99e+02 -1.00e+05
2016 05 22  1755   57530  64500   2.34e+00  1.81e-01  1.34e-01  9.01e-02  5.34e-02  2.38e-02  2.60e+04  4.01e+02 -1.00e+05
2016 05 22  1800   57530  64800   1.88e+00  1.33e-01  1.04e-01  6.39e-02  4.75e-02  2.38e-02  2.60e+04  4.05e+02 -1.00e+05
2016 05 22  1805   57530  65100   1.98e+00  1.63e-01  1.34e-01  9.41e-02  8.30e-02  4.73e-02  2.59e+04  3.95e+02 -1.00e+05
2016 05 22  1810   57530  65400   2.31e+00  2.20e-01  1.26e-01  7.41e-02  6.30e-02  4.08e-02  2.58e+04  3.88e+02 -1.00e+05
2016 05 22  1815   57530  65700   3.07e+00  2.29e-01  9.90e-02  5.71e-02  4.60e-02  2.38e-02  2.60e+04  3.99e+02 -1.00e+05
2016 05 22  1820   57530  66000   3.06e+00  4.95e-01  2.74e-01  9.66e-02  5.49e-02  2.38e-02  2.60e+04  3.91e+02 -1.00e+05
2016 05 22  1825   57530  66300   2.03e+00  1.58e-01  1.29e-01  8.89e-02  7.79e-02  5.57e-02  2.60e+04  3.88e+02 -1.00e+05
2016 05 22  1830   57530  66600   2.33e+00  2.72e-01  1.79e-01  5.95e-02  4.84e-02  2.46e-02  2.59e+04  3.65e+02 -1.00e+05
2016 05 22  1835   57530  66900   2.85e+00  3.40e-01  1.96e-01  5.73e-02  4.61e-02  2.38e-02  2.60e+04  3.79e+02 -1.00e+05
2016 05 22  1840   57530  67200   1.53e+00  1.26e-01  9.70e-02  5.71e-02  4.60e-02  2.38e-02  2.59e+04  3.67e+02 -1.00e+05
2016 05 22  1845   57530  67500   1.66e+00  1.87e-01  1.58e-01  8.15e-02  7.04e-02  4.83e-02  2.51e+04  3.72e+02 -1.00e+05
2016 05 22  1850   57530  67800   2.44e+00  2.59e-01  1.64e-01  1.10e-01  5.97e-02  3.09e-02  2.54e+04  3.65e+02 -1.00e+05
2016 05 22  1855   57530  68100   1.57e+00  2.49e-01  2.20e-01  1.79e-01  1.58e-01  5.89e-02  2.47e+04  3.65e+02 -1.00e+05
2016 05 22  1900   57530  68400   3.88e+00  5.64e-01  2.54e-01  8.40e-02  7.29e-02  5.07e-02  2.52e+04  3.65e+02 -1.00e+05
2016 05 22  1905   57530  68700   1.80e+00  2.67e-01  2.38e-01  9.34e-02  7.89e-02  5.57e-02  2.47e+04  3.77e+02 -1.00e+05
2016 05 22  1910   57530  69000   1.56e+00  1.26e-01  9.70e-02  5.71e-02  4.60e-02  2.38e-02  2.46e+04  3.60e+02 -1.00e+05
2016 05 22  1915   57530  69300   2.03e+00  2.38e-01  1.42e-01  5.71e-02  4.60e-02  2.38e-02  2.46e+04  3.50e+02 -1.00e+05
2016 05 22  1920   57530  69600   1.52e+00  1.47e-01  1.00e-01  5.71e-02  4.60e-02  2.38e-02  2.45e+04  3.42e+02 -1.00e+05
2016 05 22  1925   57530  69900   1.53e+00  1.70e-01  1.41e-01  1.01e-01  9.02e-02  6.81e-02  2.42e+04  3.37e+02 -1.00e+05
2016 05 22  1930   57530  70200   1.82e+00  2.36e-01  1.48e-01  9.73e-02  8.63e-02  6.01e-02  2.37e+04  3.30e+02 -1.00e+05
2016 05 22  1935   57530  70500   2.07e+00  3.45e-01  2.53e-01  9.88e-02  8.78e-02  6.56e-02  2.33e+04  3.21e+02 -1.00e+05
2016 05 22  1940   57530  70800   1.41e+00  1.70e-01  1.41e-01  6.58e-02  5.47e-02  2.66e-02  2.33e+04  3.08e+02 -1.00e+05
2016 05 22  1945   57530  71100   1.27e+00  1.29e-01  9.97e-02  5.97e-02  4.85e-02  2.46e-02  2.33e+04  3.26e+02 -1.00e+05
2016 05 22  1950   57530  71400   1.42e+00  1.26e-01  9.70e-02  5.71e-02  4.60e-02  2.38e-02  2.33e+04  3.07e+02 -1.00e+05
2016 05 22  1955   57530  71700   1.43e+00  1.26e-01  9.70e-02  5.71e-02  4.60e-02  2.38e-02  2.33e+04  3.03e+02 -1.00e+05
2016 05 22  2000   57530  72000   1.35e+00  1.48e-01  1.18e-01  7.83e-02  6.72e-02  3.07e-02  2.33e+04  3.03e+02 -1.00e+05
2016 05 22  2005   57530  72300   1.30e+00  1.64e-01  1.35e-01  5.71e-02  4.60e-02  2.38e-02  2.33e+04  2.99e+02 -1.00e+05
2016 05 22  2010   57530  72600   1.85e+00  1.96e-01  1.49e-01  5.71e-02  4.60e-02  2.38e-02  2.31e+04  2.94e+02 -1.00e+05
2016 05 22  2015   57530  72900   1.77e+00  1.84e-01  1.55e-01  1.15e-01  1.03e-01  5.51e-02  2.33e+04  2.82e+02 -1.00e+05
2016 05 22  2020   57530  73200   2.18e+00  1.47e-01  1.00e-01  5.71e-02  4.60e-02  2.38e-02  2.33e+04  2.91e+02 -1.00e+05
2016 05 22  2025   57530  73500   2.70e+00  2.56e-01  1.26e-01  8.35e-02  5.20e-02  2.38e-02  2.33e+04  2.95e+02 -1.00e+05
2016 05 22  2030   57530  73800   2.06e+00  3.16e-01  2.20e-01  5.71e-02  4.60e-02  2.38e-02  2.33e+04  2.92e+02 -1.00e+05
2016 05 22  2035   57530  74100   1.57e+00  2.13e-01  1.84e-01  1.43e-01  1.01e-01  3.87e-02  2.29e+04  2.78e+02 -1.00e+05
2016 05 22  2040   57530  74400   2.44e+00  2.18e-01  1.23e-01  7.04e-02  4.90e-02  2.38e-02  2.20e+04  2.87e+02 -1.00e+05
2016 05 22  2045   57530  74700   1.46e+00  1.26e-01  9.70e-02  5.71e-02  4.60e-02  2.38e-02  2.20e+04  2.89e+02 -1.00e+05
2016 05 22  2050   57530  75000   1.54e+00  2.07e-01  1.78e-01  1.03e-01  5.64e-02  2.38e-02  2.20e+04  2.81e+02 -1.00e+05
2016 05 22  2055   57530  75300   1.12e+00  1.88e-01  1.59e-01  6.72e-02  5.19e-02  2.85e-02  2.20e+04  2.77e+02 -1.00e+05
2016 05 22  2100   57530  75600   2.04e+00  2.86e-01  2.17e-01  1.15e-01  9.75e-02  5.13e-02  2.20e+04  2.70e+02 -1.00e+05
2016 05 22  2105   57530  75900   1.70e+00  1.56e-01  1.10e-01  6.66e-02  5.56e-02  3.34e-02  2.20e+04  2.81e+02 -1.00e+05
2016 05 22  2110   57530  76200   2.43e+00  2.62e-01  1.18e-01  5.71e-02  4.60e-02  2.38e-02  2.20e+04  2.70e+02 -1.00e+05
2016 05 22  2115   57530  76500   1.86e+00  1.26e-01  9.70e-02  5.71e-02  4.60e-02  2.38e-02  2.20e+04  2.70e+02 -1.00e+05
2016 05 22  2120   57530  76800   2.54e+00  3.00e-01  1.57e-01  9.58e-02  6.79e-02  4.08e-02  2.20e+04  2.69e+02 -1.00e+05
2016 05 22  2125   57530  77100   2.52e+00  2.23e-01  1.37e-01  7.29e-02  6.18e-02  3.21e-02  2.20e+04  2.67e+02 -1.00e+05
2016 05 22  2130   57530  77400   1.72e+00  1.71e-01  1.42e-01  7.16e-02  6.05e-02  3.84e-02  2.20e+04  2.68e+02 -1.00e+05
2016 05 22  2135   57530  77700   1.60e+00  1.26e-01  9.70e-02  5.71e-02  4.60e-02  2.38e-02  2.20e+04  2.74e+02 -1.00e+05
2016 05 22  2140   57530  78000   2.05e+00  2.30e-01  1.26e-01  8.39e-02  5.88e-02  2.70e-02  2.20e+04  2.63e+02 -1.00e+05
2016 05 22  2145   57530  78300   1.63e+00  4.54e-01  4.25e-01  1.23e-01  6.43e-02  2.70e-02  2.20e+04  2.60e+02 -1.00e+05
2016 05 22  2150   57530  78600   2.20e+00  2.52e-01  1.50e-01  5.85e-02  4.73e-02  2.46e-02  2.20e+04  2.58e+02 -1.00e+05
2016 05 22  2155   57530  78900   3.16e+00  2.78e-01  9.96e-02  5.85e-02  4.73e-02  2.46e-02  2.20e+04  2.53e+02 -1.00e+05
2016 05 22  2200   57530  79200   2.74e+00  2.73e-01  1.44e-01  5.85e-02  4.73e-02  2.46e-02  2.20e+04  2.55e+02 -1.00e+05
2016 05 22  2205   57530  79500   1.79e+00  1.27e-01  9.90e-02  5.97e-02  4.85e-02  2.50e-02  2.19e+04  2.35e+02 -1.00e+05
2016 05 22  2210   57530  79800   2.77e+00  2.07e-01  9.99e-02  5.85e-02  4.73e-02  2.46e-02  2.20e+04  2.49e+02 -1.00e+05
2016 05 22  2215   57530  80100   2.44e+00  2.59e-01  1.68e-01  1.16e-01  7.10e-02  2.90e-02  2.13e+04  2.43e+02 -1.00e+05
2016 05 22  2220   57530  80400   1.57e+00  1.88e-01  1.59e-01  1.20e-01  1.09e-01  5.83e-02  2.18e+04  2.45e+02 -1.00e+05
2016 05 22  2225   57530  80700   1.48e+00  1.54e-01  1.26e-01  8.64e-02  7.53e-02  5.25e-02  2.09e+04  2.41e+02 -1.00e+05
2016 05 22  2230   57530  81000   3.01e+00  2.59e-01  1.03e-01  6.17e-02  5.05e-02  2.78e-02  2.08e+04  2.40e+02 -1.00e+05
2016 05 22  2235   57530  81300   1.79e+00  2.43e-01  2.15e-01  8.36e-02  6.36e-02  2.90e-02  2.08e+04  2.29e+02 -1.00e+05
2016 05 22  2240   57530  81600   1.90e+00  1.69e-01  1.41e-01  1.01e-01  9.01e-02  6.74e-02  2.08e+04  2.27e+02 -1.00e+05
2016 05 22  2245   57530  81900   1.89e+00  1.90e-01  1.62e-01  1.22e-01  9.17e-02  3.71e-02  2.08e+04  2.27e+02 -1.00e+05
2016 05 22  2250   57530  82200   1.77e+00  1.26e-01  9.78e-02  5.85e-02  4.73e-02  2.46e-02  2.08e+04  2.25e+02 -1.00e+05
2016 05 22  2255   57530  82500   1.46e+00  1.84e-01  1.55e-01  1.16e-01  1.05e-01  4.31e-02  2.08e+04  2.30e+02 -1.00e+05
2016 05 22  2300   57530  82800   2.29e+00  2.13e-01  1.11e-01  5.85e-02  4.73e-02  2.46e-02  2.08e+04  2.27e+02 -1.00e+05
2016 05 22  2305   57530  83100   1.85e+00  2.80e-01  2.52e-01  1.01e-01  6.89e-02  4.02e-02  2.08e+04  2.21e+02 -1.00e+05
2016 05 22  2310   57530  83400   2.22e+00  1.92e-01  1.38e-01  5.85e-02  4.73e-02  2.46e-02  2.08e+04  2.15e+02 -1.00e+05
2016 05 22  2315   57530  83700   1.67e+00  1.76e-01  1.48e-01  1.09e-01  9.76e-02  7.48e-02  2.08e+04  2.10e+02 -1.00e+05
2016 05 22  2320   57530  84000   1.60e+00  2.15e-01  1.86e-01  1.09e-01  5.87e-02  2.46e-02  2.03e+04  2.03e+02 -1.00e+05
2016 05 22  2325   57530  84300   2.45e+00  2.31e-01  1.29e-01  7.63e-02  5.13e-02  2.46e-02  1.98e+04  2.03e+02 -1.00e+05
2016 05 22  2330   57530  84600   1.79e+00  1.76e-01  1.48e-01  1.08e-01  7.82e-02  5.01e-02  2.01e+04  2.07e+02 -1.00e+05
2016 05 22  2335   57530  84900   1.69e+00  1.51e-01  1.23e-01  8.29e-02  5.28e-02  2.46e-02  1.98e+04  2.06e+02 -1.00e+05
2016 05 22  2340   57530  85200   1.89e+00  1.50e-01  1.21e-01  7.85e-02  6.74e-02  3.10e-02  1.98e+04  2.03e+02 -1.00e+05
2016 05 22  2345   57530  85500   1.88e+00  1.65e-01  1.37e-01  9.73e-02  8.62e-02  3.71e-02  1.98e+04  1.96e+02 -1.00e+05
2016 05 22  2350   57530  85800   1.86e+00  1.45e-01  1.16e-01  7.63e-02  5.13e-02  2.46e-02  1.92e+04  1.87e+02 -1.00e+05
2016 05 22  2355   57530  86100   1.35e+00  1.96e-01  1.67e-01  1.27e-01  1.08e-01  4.31e-02  1.88e+04  1.93e+02 -1.00e+05
