:Data_list: 20160226_Gs_part_5m.txt
:Created: 2016 Feb 27 0011 UTC
# Prepared by the U.S. Dept. of Commerce, NOAA, Space Weather Prediction Center
# Please send comments and suggestions to SWPC.Webmaster@noaa.gov 
# 
# Label: P > 1 = Particles at >1 Mev
# Label: P > 5 = Particles at >5 Mev
# Label: P >10 = Particles at >10 Mev
# Label: P >30 = Particles at >30 Mev
# Label: P >50 = Particles at >50 Mev
# Label: P>100 = Particles at >100 Mev
# Label: E>0.8 = Electrons at >0.8 Mev
# Label: E>2.0 = Electrons at >2.0 Mev
# Label: E>4.0 = Electrons at >4.0 Mev
# Units: Particles = Protons/cm2-s-sr
# Units: Electrons = Electrons/cm2-s-sr
# Source: GOES-15
# Location: W135
# Missing data: -1.00e+05
#
#                      5-minute  GOES-15 Solar Particle and Electron Flux
#
#                 Modified Seconds
# UTC Date  Time   Julian  of the
# YR MO DA  HHMM    Day     Day     P > 1     P > 5     P >10     P >30     P >50     P>100     E>0.8     E>2.0     E>4.0
#-------------------------------------------------------------------------------------------------------------------------
2016 02 26  0000   57444      0   1.27e+01  2.58e-01  2.16e-01  1.62e-01  1.19e-01  5.55e-02  2.95e+04  1.78e+03 -1.00e+05
2016 02 26  0005   57444    300   1.86e+01  2.56e-01  1.26e-01  7.01e-02  4.85e-02  2.33e-02  2.81e+04  1.74e+03 -1.00e+05
2016 02 26  0010   57444    600   1.10e+01  1.52e-01  1.21e-01  5.65e-02  4.54e-02  2.33e-02  2.69e+04  1.69e+03 -1.00e+05
2016 02 26  0015   57444    900   1.14e+01  1.38e-01  1.07e-01  5.65e-02  4.54e-02  2.33e-02  2.65e+04  1.69e+03 -1.00e+05
2016 02 26  0020   57444   1200   2.34e+01  4.42e-01  2.15e-01  1.57e-01  1.12e-01  8.02e-02  2.69e+04  1.69e+03 -1.00e+05
2016 02 26  0025   57444   1500   1.61e+01  2.00e-01  1.21e-01  6.13e-02  5.03e-02  2.82e-02  2.69e+04  1.80e+03 -1.00e+05
2016 02 26  0030   57444   1800   1.25e+01  1.56e-01  1.26e-01  7.42e-02  5.26e-02  2.46e-02  2.63e+04  1.74e+03 -1.00e+05
2016 02 26  0035   57444   2100   1.22e+01  1.38e-01  1.08e-01  5.70e-02  4.55e-02  2.33e-02  2.46e+04  1.70e+03 -1.00e+05
2016 02 26  0040   57444   2400   1.10e+01  2.11e-01  1.81e-01  8.57e-02  7.47e-02  3.27e-02  2.36e+04  1.64e+03 -1.00e+05
2016 02 26  0045   57444   2700   1.02e+01  1.50e-01  1.20e-01  6.88e-02  5.77e-02  3.56e-02  2.18e+04  1.53e+03 -1.00e+05
2016 02 26  0050   57444   3000   9.13e+00  2.08e-01  1.78e-01  1.26e-01  8.36e-02  3.27e-02  2.07e+04  1.42e+03 -1.00e+05
2016 02 26  0055   57444   3300   8.04e+00  1.48e-01  1.17e-01  6.63e-02  5.52e-02  3.31e-02  1.92e+04  1.27e+03 -1.00e+05
2016 02 26  0100   57444   3600   6.94e+00  1.53e-01  1.22e-01  7.12e-02  6.02e-02  3.81e-02  1.77e+04  1.13e+03 -1.00e+05
2016 02 26  0105   57444   3900   1.10e+01  2.76e-01  1.50e-01  8.12e-02  7.01e-02  4.80e-02  1.51e+04  9.12e+02 -1.00e+05
2016 02 26  0110   57444   4200   5.94e+00  1.89e-01  1.58e-01  1.07e-01  9.61e-02  7.15e-02  1.44e+04  8.17e+02 -1.00e+05
2016 02 26  0115   57444   4500   6.24e+00  1.88e-01  1.58e-01  1.06e-01  7.44e-02  3.07e-02  1.36e+04  7.85e+02 -1.00e+05
2016 02 26  0120   57444   4800   6.16e+00  1.86e-01  1.56e-01  8.97e-02  5.29e-02  2.33e-02  1.44e+04  8.31e+02 -1.00e+05
2016 02 26  0125   57444   5100   5.96e+00  1.38e-01  1.08e-01  5.65e-02  4.54e-02  2.33e-02  1.44e+04  8.58e+02 -1.00e+05
2016 02 26  0130   57444   5400   6.35e+00  1.38e-01  1.07e-01  5.65e-02  4.54e-02  2.33e-02  1.46e+04  8.30e+02 -1.00e+05
2016 02 26  0135   57444   5700   5.79e+00  3.15e-01  2.85e-01  6.35e-02  4.70e-02  2.33e-02  1.41e+04  8.02e+02 -1.00e+05
2016 02 26  0140   57444   6000   6.15e+00  1.48e-01  1.18e-01  6.69e-02  5.58e-02  2.66e-02  1.40e+04  7.72e+02 -1.00e+05
2016 02 26  0145   57444   6300   6.12e+00  1.59e-01  1.29e-01  6.35e-02  4.70e-02  2.33e-02  1.31e+04  7.26e+02 -1.00e+05
2016 02 26  0150   57444   6600   7.31e+00  1.85e-01  1.55e-01  5.65e-02  4.54e-02  2.33e-02  1.27e+04  6.95e+02 -1.00e+05
2016 02 26  0155   57444   6900   1.07e+01  2.83e-01  1.53e-01  9.58e-02  5.20e-02  2.33e-02  1.30e+04  6.50e+02 -1.00e+05
2016 02 26  0200   57444   7200   5.15e+00  1.38e-01  1.07e-01  5.65e-02  4.54e-02  2.33e-02  1.29e+04  5.99e+02 -1.00e+05
2016 02 26  0205   57444   7500   7.58e+00  2.71e-01  1.45e-01  7.62e-02  6.51e-02  4.30e-02  1.25e+04  5.63e+02 -1.00e+05
2016 02 26  0210   57444   7800   9.17e+00  2.96e-01  1.28e-01  5.65e-02  4.54e-02  2.33e-02  1.23e+04  5.47e+02 -1.00e+05
2016 02 26  0215   57444   8100   4.97e+00  1.38e-01  1.07e-01  5.65e-02  4.54e-02  2.33e-02  1.20e+04  5.19e+02 -1.00e+05
2016 02 26  0220   57444   8400   4.37e+00  1.48e-01  1.17e-01  6.63e-02  5.52e-02  3.31e-02  1.16e+04  4.95e+02 -1.00e+05
2016 02 26  0225   57444   8700   4.29e+00  1.38e-01  1.07e-01  5.65e-02  4.54e-02  2.33e-02  1.10e+04  4.55e+02 -1.00e+05
2016 02 26  0230   57444   9000   4.21e+00  2.33e-01  2.03e-01  1.51e-01  1.09e-01  4.07e-02  1.04e+04  4.16e+02 -1.00e+05
2016 02 26  0235   57444   9300   4.42e+00  1.70e-01  1.40e-01  8.86e-02  7.75e-02  5.54e-02  9.86e+03  3.85e+02 -1.00e+05
2016 02 26  0240   57444   9600   5.29e+00  2.37e-01  1.57e-01  9.63e-02  5.44e-02  2.33e-02  9.29e+03  3.27e+02 -1.00e+05
2016 02 26  0245   57444   9900   4.15e+00  2.61e-01  2.30e-01  9.60e-02  8.50e-02  6.29e-02  8.63e+03  3.01e+02 -1.00e+05
2016 02 26  0250   57444  10200   3.79e+00  1.52e-01  1.21e-01  5.65e-02  4.54e-02  2.33e-02  8.84e+03  3.02e+02 -1.00e+05
2016 02 26  0255   57444  10500   2.53e+00  1.38e-01  1.07e-01  5.65e-02  4.54e-02  2.33e-02  7.75e+03  2.69e+02 -1.00e+05
2016 02 26  0300   57444  10800   4.30e+00  6.56e-01  3.21e-01  6.13e-02  5.03e-02  2.82e-02  6.17e+03  1.92e+02 -1.00e+05
2016 02 26  0305   57444  11100   1.91e+00  1.38e-01  1.08e-01  5.65e-02  4.54e-02  2.33e-02  4.83e+03  1.45e+02 -1.00e+05
2016 02 26  0310   57444  11400   1.87e+00  1.38e-01  1.07e-01  5.65e-02  4.54e-02  2.33e-02  4.68e+03  1.30e+02 -1.00e+05
2016 02 26  0315   57444  11700   1.79e+00  1.93e-01  1.62e-01  1.09e-01  5.73e-02  2.33e-02  4.41e+03  1.25e+02 -1.00e+05
2016 02 26  0320   57444  12000   1.71e+00  1.95e-01  1.65e-01  1.13e-01  7.14e-02  3.04e-02  3.94e+03  1.09e+02 -1.00e+05
2016 02 26  0325   57444  12300   2.19e+00  1.87e-01  1.57e-01  1.06e-01  9.49e-02  7.28e-02  3.91e+03  1.08e+02 -1.00e+05
2016 02 26  0330   57444  12600   2.72e+00  2.18e-01  1.88e-01  1.37e-01  1.20e-01  4.68e-02  4.68e+03  1.36e+02 -1.00e+05
2016 02 26  0335   57444  12900   4.19e+00  3.99e-01  2.72e-01  1.18e-01  8.22e-02  5.29e-02  5.26e+03  1.50e+02 -1.00e+05
2016 02 26  0340   57444  13200   2.81e+00  1.97e-01  1.67e-01  1.16e-01  1.05e-01  6.08e-02  5.91e+03  1.71e+02 -1.00e+05
2016 02 26  0345   57444  13500   3.82e+00  2.37e-01  1.57e-01  9.63e-02  5.44e-02  2.33e-02  5.73e+03  1.72e+02 -1.00e+05
2016 02 26  0350   57444  13800   3.00e+00  2.34e-01  2.03e-01  6.13e-02  5.03e-02  2.82e-02  5.91e+03  1.63e+02 -1.00e+05
2016 02 26  0355   57444  14100   3.37e+00  3.08e-01  2.77e-01  5.65e-02  4.54e-02  2.33e-02  6.27e+03  1.67e+02 -1.00e+05
2016 02 26  0400   57444  14400   3.27e+00  1.46e-01  1.15e-01  6.35e-02  4.70e-02  2.33e-02  6.45e+03  1.67e+02 -1.00e+05
2016 02 26  0405   57444  14700   3.28e+00  1.59e-01  1.28e-01  7.66e-02  4.99e-02  2.33e-02  6.61e+03  1.79e+02 -1.00e+05
2016 02 26  0410   57444  15000   3.39e+00  1.45e-01  1.15e-01  6.35e-02  4.70e-02  2.33e-02  6.95e+03  1.83e+02 -1.00e+05
2016 02 26  0415   57444  15300   3.41e+00  2.29e-01  1.98e-01  1.46e-01  1.11e-01  7.90e-02  6.58e+03  1.68e+02 -1.00e+05
2016 02 26  0420   57444  15600   3.11e+00  1.38e-01  1.07e-01  5.65e-02  4.54e-02  2.33e-02  6.79e+03  1.63e+02 -1.00e+05
2016 02 26  0425   57444  15900   5.34e+00  2.68e-01  1.12e-01  5.65e-02  4.54e-02  2.33e-02  6.18e+03  1.51e+02 -1.00e+05
2016 02 26  0430   57444  16200   3.01e+00  1.92e-01  1.62e-01  1.11e-01  9.98e-02  7.77e-02  6.78e+03  1.48e+02 -1.00e+05
2016 02 26  0435   57444  16500   2.99e+00  2.38e-01  2.07e-01  6.35e-02  4.70e-02  2.33e-02  6.83e+03  1.47e+02 -1.00e+05
2016 02 26  0440   57444  16800   2.74e+00  2.30e-01  1.99e-01  5.65e-02  4.54e-02  2.33e-02  6.95e+03  1.56e+02 -1.00e+05
2016 02 26  0445   57444  17100   2.19e+00  1.38e-01  1.07e-01  5.65e-02  4.54e-02  2.33e-02  7.24e+03  1.59e+02 -1.00e+05
2016 02 26  0450   57444  17400   1.74e+00  2.65e-01  2.34e-01  1.01e-01  8.99e-02  6.78e-02  6.42e+03  1.38e+02 -1.00e+05
2016 02 26  0455   57444  17700   1.47e+00  1.52e-01  1.22e-01  7.01e-02  4.85e-02  2.33e-02  6.10e+03  1.33e+02 -1.00e+05
2016 02 26  0500   57444  18000   2.17e+00  4.00e-01  1.94e-01  5.65e-02  4.54e-02  2.33e-02  5.72e+03  1.18e+02 -1.00e+05
2016 02 26  0505   57444  18300   1.04e+00  1.58e-01  1.27e-01  7.62e-02  6.51e-02  4.30e-02  5.93e+03  1.15e+02 -1.00e+05
2016 02 26  0510   57444  18600   9.08e-01  1.99e-01  1.69e-01  1.18e-01  1.06e-01  4.45e-02  5.72e+03  1.10e+02 -1.00e+05
2016 02 26  0515   57444  18900   9.63e-01  2.15e-01  1.85e-01  1.32e-01  8.03e-02  3.07e-02  5.42e+03  9.99e+01 -1.00e+05
2016 02 26  0520   57444  19200   7.09e-01  1.38e-01  1.07e-01  5.65e-02  4.54e-02  2.33e-02  4.90e+03  9.58e+01 -1.00e+05
2016 02 26  0525   57444  19500   1.02e+00  1.73e-01  1.43e-01  9.20e-02  8.09e-02  3.47e-02  4.54e+03  8.36e+01 -1.00e+05
2016 02 26  0530   57444  19800   1.03e+00  1.73e-01  1.42e-01  8.97e-02  5.29e-02  2.33e-02  4.17e+03  7.43e+01 -1.00e+05
2016 02 26  0535   57444  20100   9.89e-01  1.60e-01  1.30e-01  7.87e-02  6.59e-02  4.14e-02  4.30e+03  8.14e+01 -1.00e+05
2016 02 26  0540   57444  20400   1.03e+00  1.52e-01  1.22e-01  7.01e-02  4.85e-02  2.33e-02  5.00e+03  9.31e+01 -1.00e+05
2016 02 26  0545   57444  20700   8.84e-01  1.41e-01  1.10e-01  5.89e-02  4.78e-02  2.57e-02  4.36e+03  8.33e+01 -1.00e+05
2016 02 26  0550   57444  21000   8.29e-01  1.83e-01  1.53e-01  1.01e-01  7.46e-02  4.80e-02  4.08e+03  7.61e+01 -1.00e+05
2016 02 26  0555   57444  21300   8.40e-01  1.38e-01  1.08e-01  5.70e-02  4.55e-02  2.33e-02  4.36e+03  8.65e+01 -1.00e+05
2016 02 26  0600   57444  21600   1.24e+00  3.17e-01  1.53e-01  9.82e-02  8.72e-02  3.67e-02  4.45e+03  8.88e+01 -1.00e+05
2016 02 26  0605   57444  21900   1.60e+00  3.92e-01  1.95e-01  1.37e-01  7.44e-02  2.87e-02  4.54e+03  8.94e+01 -1.00e+05
2016 02 26  0610   57444  22200   6.95e-01  1.43e-01  1.12e-01  6.13e-02  5.03e-02  2.82e-02  4.17e+03  8.24e+01 -1.00e+05
2016 02 26  0615   57444  22500   5.13e-01  1.38e-01  1.08e-01  5.65e-02  4.54e-02  2.33e-02  4.06e+03  7.93e+01 -1.00e+05
2016 02 26  0620   57444  22800   7.77e-01  1.38e-01  1.07e-01  5.65e-02  4.54e-02  2.33e-02  3.66e+03  7.50e+01 -1.00e+05
2016 02 26  0625   57444  23100   7.48e-01  1.50e-01  1.20e-01  6.88e-02  5.77e-02  3.56e-02  3.98e+03  7.76e+01 -1.00e+05
2016 02 26  0630   57444  23400   6.47e-01  1.42e-01  1.12e-01  6.06e-02  4.96e-02  2.46e-02  3.82e+03  7.69e+01 -1.00e+05
2016 02 26  0635   57444  23700   1.31e+00  3.16e-01  1.11e-01  5.65e-02  4.54e-02  2.33e-02  3.84e+03  8.18e+01 -1.00e+05
2016 02 26  0640   57444  24000   1.07e+00  2.56e-01  1.26e-01  7.01e-02  4.85e-02  2.33e-02  3.98e+03  7.88e+01 -1.00e+05
2016 02 26  0645   57444  24300   7.44e-01  1.38e-01  1.07e-01  5.65e-02  4.54e-02  2.33e-02  3.79e+03  8.29e+01 -1.00e+05
2016 02 26  0650   57444  24600   9.59e-01  2.69e-01  1.39e-01  8.32e-02  5.14e-02  2.33e-02  4.01e+03  8.14e+01 -1.00e+05
2016 02 26  0655   57444  24900   6.24e-01  2.24e-01  1.45e-01  7.62e-02  6.51e-02  4.30e-02  4.00e+03  7.75e+01 -1.00e+05
2016 02 26  0700   57444  25200   5.42e-01  1.39e-01  1.08e-01  5.70e-02  4.55e-02  2.33e-02  4.14e+03  8.51e+01 -1.00e+05
2016 02 26  0705   57444  25500   1.21e+00  2.68e-01  1.12e-01  5.65e-02  4.54e-02  2.33e-02  3.98e+03  7.91e+01 -1.00e+05
2016 02 26  0710   57444  25800   8.74e-01  1.96e-01  1.16e-01  5.65e-02  4.54e-02  2.33e-02  4.02e+03  8.32e+01 -1.00e+05
2016 02 26  0715   57444  26100   8.02e-01  2.11e-01  1.80e-01  1.29e-01  1.18e-01  9.60e-02  3.89e+03  7.92e+01 -1.00e+05
2016 02 26  0720   57444  26400   4.49e-01  1.59e-01  1.29e-01  6.35e-02  4.70e-02  2.33e-02  3.78e+03  7.84e+01 -1.00e+05
2016 02 26  0725   57444  26700   7.85e-01  2.53e-01  1.25e-01  5.65e-02  4.54e-02  2.33e-02  3.59e+03  7.32e+01 -1.00e+05
2016 02 26  0730   57444  27000   6.41e-01  1.38e-01  1.07e-01  5.65e-02  4.54e-02  2.33e-02  3.70e+03  7.68e+01 -1.00e+05
2016 02 26  0735   57444  27300   5.20e-01  1.42e-01  1.12e-01  6.06e-02  4.96e-02  2.46e-02  3.67e+03  7.61e+01 -1.00e+05
2016 02 26  0740   57444  27600   8.87e-01  1.38e-01  1.07e-01  5.65e-02  4.54e-02  2.33e-02  3.80e+03  8.01e+01 -1.00e+05
2016 02 26  0745   57444  27900   5.90e-01  1.85e-01  1.54e-01  1.03e-01  9.24e-02  7.03e-02  4.08e+03  8.07e+01 -1.00e+05
2016 02 26  0750   57444  28200   1.35e+00  3.60e-01  1.11e-01  5.65e-02  4.54e-02  2.33e-02  4.07e+03  9.20e+01 -1.00e+05
2016 02 26  0755   57444  28500   6.65e-01  2.63e-01  2.32e-01  9.45e-02  7.31e-02  4.80e-02  4.23e+03  9.29e+01 -1.00e+05
2016 02 26  0800   57444  28800   6.38e-01  1.85e-01  1.55e-01  5.65e-02  4.54e-02  2.33e-02  4.14e+03  8.60e+01 -1.00e+05
2016 02 26  0805   57444  29100   6.32e-01  1.38e-01  1.07e-01  5.65e-02  4.54e-02  2.33e-02  4.07e+03  8.75e+01 -1.00e+05
2016 02 26  0810   57444  29400   9.60e-01  1.63e-01  1.32e-01  8.14e-02  7.01e-02  4.80e-02  4.08e+03  8.48e+01 -1.00e+05
2016 02 26  0815   57444  29700   6.32e-01  1.48e-01  1.17e-01  6.63e-02  5.52e-02  3.31e-02  4.06e+03  8.76e+01 -1.00e+05
2016 02 26  0820   57444  30000   8.79e-01  1.59e-01  1.29e-01  6.35e-02  4.70e-02  2.33e-02  3.89e+03  8.22e+01 -1.00e+05
2016 02 26  0825   57444  30300   6.34e-01  1.38e-01  1.07e-01  5.65e-02  4.54e-02  2.33e-02  4.24e+03  9.44e+01 -1.00e+05
2016 02 26  0830   57444  30600   7.86e-01  1.73e-01  1.43e-01  8.36e-02  7.26e-02  5.05e-02  4.06e+03  9.02e+01 -1.00e+05
2016 02 26  0835   57444  30900   1.66e+00  2.92e-01  1.12e-01  5.65e-02  4.54e-02  2.33e-02  4.41e+03  9.98e+01 -1.00e+05
2016 02 26  0840   57444  31200   8.74e-01  1.38e-01  1.07e-01  5.65e-02  4.54e-02  2.33e-02  4.39e+03  1.03e+02 -1.00e+05
2016 02 26  0845   57444  31500   7.60e-01  1.38e-01  1.08e-01  5.65e-02  4.54e-02  2.33e-02  4.43e+03  1.03e+02 -1.00e+05
2016 02 26  0850   57444  31800   1.83e+00  4.20e-01  1.88e-01  1.27e-01  9.38e-02  6.53e-02  4.45e+03  1.08e+02 -1.00e+05
2016 02 26  0855   57444  32100   1.42e+00  2.54e-01  1.26e-01  5.70e-02  4.55e-02  2.33e-02  4.50e+03  1.01e+02 -1.00e+05
2016 02 26  0900   57444  32400   9.23e-01  1.61e-01  1.31e-01  7.99e-02  6.88e-02  3.25e-02  4.45e+03  1.03e+02 -1.00e+05
2016 02 26  0905   57444  32700   9.39e-01  1.81e-01  1.51e-01  9.94e-02  8.29e-02  2.43e-02  4.52e+03  1.00e+02 -1.00e+05
2016 02 26  0910   57444  33000   8.40e-01  1.70e-01  1.39e-01  8.80e-02  7.69e-02  4.81e-02  4.60e+03  1.07e+02 -1.00e+05
2016 02 26  0915   57444  33300   1.55e+00  4.30e-01  3.02e-01  6.35e-02  4.70e-02  2.33e-02  4.80e+03  1.11e+02 -1.00e+05
2016 02 26  0920   57444  33600   1.07e+00  1.38e-01  1.07e-01  5.65e-02  4.54e-02  2.33e-02  4.98e+03  1.21e+02 -1.00e+05
2016 02 26  0925   57444  33900   9.49e-01  1.38e-01  1.07e-01  5.65e-02  4.54e-02  2.33e-02  5.07e+03  1.21e+02 -1.00e+05
2016 02 26  0930   57444  34200   1.58e+00  2.47e-01  1.17e-01  6.13e-02  5.03e-02  2.82e-02  5.38e+03  1.26e+02 -1.00e+05
2016 02 26  0935   57444  34500   1.15e+00  1.75e-01  1.44e-01  5.65e-02  4.54e-02  2.33e-02  5.49e+03  1.33e+02 -1.00e+05
2016 02 26  0940   57444  34800   1.52e+00  3.41e-01  2.70e-01  1.00e-01  6.33e-02  2.66e-02  5.49e+03  1.35e+02 -1.00e+05
2016 02 26  0945   57444  35100   1.15e+00  3.39e-01  3.08e-01  9.60e-02  8.50e-02  6.29e-02  5.50e+03  1.39e+02 -1.00e+05
2016 02 26  0950   57444  35400   1.13e+00  1.59e-01  1.28e-01  7.66e-02  4.99e-02  2.33e-02  5.47e+03  1.39e+02 -1.00e+05
2016 02 26  0955   57444  35700   1.28e+00  1.43e-01  1.12e-01  6.13e-02  5.03e-02  2.82e-02  5.39e+03  1.30e+02 -1.00e+05
2016 02 26  1000   57444  36000   1.42e+00  2.14e-01  1.84e-01  1.31e-01  7.43e-02  2.87e-02  5.28e+03  1.27e+02 -1.00e+05
2016 02 26  1005   57444  36300   1.70e+00  2.23e-01  1.46e-01  8.61e-02  7.51e-02  5.29e-02  5.12e+03  1.24e+02 -1.00e+05
2016 02 26  1010   57444  36600   1.32e+00  1.38e-01  1.08e-01  5.70e-02  4.55e-02  2.33e-02  4.94e+03  1.23e+02 -1.00e+05
2016 02 26  1015   57444  36900   2.99e+00  5.81e-01  2.23e-01  5.65e-02  4.54e-02  2.33e-02  5.19e+03  1.34e+02 -1.00e+05
2016 02 26  1020   57444  37200   1.39e+00  1.99e-01  1.68e-01  1.17e-01  1.06e-01  4.28e-02  5.19e+03  1.32e+02 -1.00e+05
2016 02 26  1025   57444  37500   1.68e+00  2.62e-01  2.32e-01  1.78e-01  1.07e-01  3.67e-02  5.38e+03  1.41e+02 -1.00e+05
2016 02 26  1030   57444  37800   2.03e+00  2.90e-01  1.64e-01  9.60e-02  8.50e-02  6.29e-02  5.50e+03  1.38e+02 -1.00e+05
2016 02 26  1035   57444  38100   1.61e+00  2.53e-01  1.25e-01  5.65e-02  4.54e-02  2.33e-02  5.51e+03  1.46e+02 -1.00e+05
2016 02 26  1040   57444  38400   1.31e+00  1.73e-01  1.43e-01  8.36e-02  7.26e-02  5.05e-02  5.49e+03  1.37e+02 -1.00e+05
2016 02 26  1045   57444  38700   1.58e+00  1.63e-01  1.32e-01  8.12e-02  7.01e-02  4.80e-02  5.65e+03  1.47e+02 -1.00e+05
2016 02 26  1050   57444  39000   1.46e+00  1.42e-01  1.12e-01  6.06e-02  4.96e-02  2.46e-02  5.79e+03  1.53e+02 -1.00e+05
2016 02 26  1055   57444  39300   1.45e+00  1.72e-01  1.42e-01  8.97e-02  5.29e-02  2.33e-02  5.54e+03  1.51e+02 -1.00e+05
2016 02 26  1100   57444  39600   1.63e+00  1.38e-01  1.07e-01  5.65e-02  4.54e-02  2.33e-02  5.59e+03  1.45e+02 -1.00e+05
2016 02 26  1105   57444  39900   1.60e+00  1.38e-01  1.07e-01  5.65e-02  4.54e-02  2.33e-02  5.50e+03  1.46e+02 -1.00e+05
2016 02 26  1110   57444  40200   2.42e+00  2.53e-01  1.25e-01  5.65e-02  4.54e-02  2.33e-02  5.52e+03  1.48e+02 -1.00e+05
2016 02 26  1115   57444  40500   1.68e+00  1.88e-01  1.58e-01  1.06e-01  9.54e-02  5.87e-02  5.47e+03  1.33e+02 -1.00e+05
2016 02 26  1120   57444  40800   1.56e+00  1.38e-01  1.07e-01  5.65e-02  4.54e-02  2.33e-02  5.25e+03  1.33e+02 -1.00e+05
2016 02 26  1125   57444  41100   1.42e+00  1.66e-01  1.35e-01  7.01e-02  4.85e-02  2.33e-02  5.29e+03  1.29e+02 -1.00e+05
2016 02 26  1130   57444  41400   1.42e+00  1.60e-01  1.30e-01  7.89e-02  6.78e-02  4.57e-02  5.53e+03  1.50e+02 -1.00e+05
2016 02 26  1135   57444  41700   3.08e+00  3.36e-01  1.32e-01  7.66e-02  4.99e-02  2.33e-02  5.70e+03  1.46e+02 -1.00e+05
2016 02 26  1140   57444  42000   1.65e+00  1.50e-01  1.20e-01  6.88e-02  5.77e-02  3.56e-02  5.63e+03  1.45e+02 -1.00e+05
2016 02 26  1145   57444  42300   1.61e+00  2.83e-01  2.40e-01  1.85e-01  1.15e-01  4.05e-02  5.72e+03  1.53e+02 -1.00e+05
2016 02 26  1150   57444  42600   1.92e+00  1.96e-01  1.16e-01  5.65e-02  4.54e-02  2.33e-02  5.80e+03  1.55e+02 -1.00e+05
2016 02 26  1155   57444  42900   2.64e+00  2.92e-01  1.12e-01  5.65e-02  4.54e-02  2.33e-02  5.74e+03  1.59e+02 -1.00e+05
2016 02 26  1200   57444  43200   1.69e+00  2.74e-01  1.46e-01  7.66e-02  4.99e-02  2.33e-02  5.73e+03  1.47e+02 -1.00e+05
2016 02 26  1205   57444  43500   1.31e+00  1.65e-01  1.35e-01  8.32e-02  5.14e-02  2.33e-02  6.14e+03  1.55e+02 -1.00e+05
2016 02 26  1210   57444  43800   2.22e+00  2.53e-01  1.25e-01  5.65e-02  4.54e-02  2.33e-02  5.97e+03  1.63e+02 -1.00e+05
2016 02 26  1215   57444  44100   1.59e+00  1.45e-01  1.15e-01  6.35e-02  4.70e-02  2.33e-02  6.34e+03  1.93e+02 -1.00e+05
2016 02 26  1220   57444  44400   1.70e+00  1.55e-01  1.24e-01  7.32e-02  6.21e-02  2.87e-02  6.64e+03  2.36e+02 -1.00e+05
2016 02 26  1225   57444  44700   3.43e+00  2.96e-01  1.28e-01  5.65e-02  4.54e-02  2.33e-02  7.13e+03  2.74e+02 -1.00e+05
2016 02 26  1230   57444  45000   2.76e+00  1.96e-01  1.16e-01  5.65e-02  4.54e-02  2.33e-02  7.39e+03  3.01e+02 -1.00e+05
2016 02 26  1235   57444  45300   2.50e+00  2.53e-01  2.23e-01  8.61e-02  7.51e-02  5.29e-02  7.53e+03  3.04e+02 -1.00e+05
2016 02 26  1240   57444  45600   2.48e+00  1.89e-01  1.58e-01  1.03e-01  9.24e-02  7.03e-02  7.49e+03  2.91e+02 -1.00e+05
2016 02 26  1245   57444  45900   2.80e+00  2.56e-01  1.95e-01  1.37e-01  9.36e-02  4.75e-02  7.31e+03  2.85e+02 -1.00e+05
2016 02 26  1250   57444  46200   2.31e+00  2.32e-01  2.01e-01  5.89e-02  4.78e-02  2.57e-02  7.22e+03  2.93e+02 -1.00e+05
2016 02 26  1255   57444  46500   2.33e+00  1.55e-01  1.25e-01  7.37e-02  6.27e-02  4.06e-02  7.33e+03  2.97e+02 -1.00e+05
2016 02 26  1300   57444  46800   3.39e+00  2.74e-01  1.46e-01  6.35e-02  4.70e-02  2.33e-02  7.40e+03  2.99e+02 -1.00e+05
2016 02 26  1305   57444  47100   3.58e+00  2.54e-01  1.34e-01  6.69e-02  5.58e-02  2.66e-02  7.15e+03  2.94e+02 -1.00e+05
2016 02 26  1310   57444  47400   2.49e+00  2.00e-01  1.69e-01  1.03e-01  5.58e-02  2.33e-02  7.26e+03  3.01e+02 -1.00e+05
2016 02 26  1315   57444  47700   2.28e+00  1.59e-01  1.28e-01  7.66e-02  4.99e-02  2.33e-02  7.51e+03  3.09e+02 -1.00e+05
2016 02 26  1320   57444  48000   2.51e+00  1.59e-01  1.29e-01  6.35e-02  4.70e-02  2.33e-02  7.20e+03  3.01e+02 -1.00e+05
2016 02 26  1325   57444  48300   2.69e+00  1.52e-01  1.22e-01  7.01e-02  4.85e-02  2.33e-02  7.83e+03  3.18e+02 -1.00e+05
2016 02 26  1330   57444  48600   3.00e+00  1.38e-01  1.07e-01  5.65e-02  4.54e-02  2.33e-02  7.82e+03  3.19e+02 -1.00e+05
2016 02 26  1335   57444  48900   2.98e+00  1.75e-01  1.44e-01  9.34e-02  8.23e-02  4.01e-02  7.97e+03  3.31e+02 -1.00e+05
2016 02 26  1340   57444  49200   3.10e+00  2.38e-01  2.07e-01  6.63e-02  5.52e-02  3.31e-02  7.81e+03  3.28e+02 -1.00e+05
2016 02 26  1345   57444  49500   5.83e+00  2.99e-01  1.44e-01  8.86e-02  7.75e-02  5.54e-02  7.78e+03  3.27e+02 -1.00e+05
2016 02 26  1350   57444  49800   3.10e+00  1.45e-01  1.15e-01  6.38e-02  5.28e-02  3.07e-02  7.59e+03  3.21e+02 -1.00e+05
2016 02 26  1355   57444  50100   5.14e+00  3.08e-01  1.80e-01  9.63e-02  5.44e-02  2.33e-02  7.79e+03  3.30e+02 -1.00e+05
2016 02 26  1400   57444  50400   3.65e+00  1.38e-01  1.07e-01  5.65e-02  4.54e-02  2.33e-02  7.84e+03  3.39e+02 -1.00e+05
2016 02 26  1405   57444  50700   3.76e+00  3.08e-01  2.77e-01  5.65e-02  4.54e-02  2.33e-02  8.01e+03  3.48e+02 -1.00e+05
2016 02 26  1410   57444  51000   6.28e+00  3.05e-01  1.50e-01  9.51e-02  8.09e-02  5.79e-02  8.55e+03  3.66e+02 -1.00e+05
2016 02 26  1415   57444  51300   3.58e+00  2.03e-01  1.73e-01  5.65e-02  4.54e-02  2.33e-02  8.21e+03  3.53e+02 -1.00e+05
2016 02 26  1420   57444  51600   3.64e+00  1.52e-01  1.22e-01  7.01e-02  4.85e-02  2.33e-02  8.71e+03  3.70e+02 -1.00e+05
2016 02 26  1425   57444  51900   3.95e+00  1.84e-01  1.54e-01  6.63e-02  5.52e-02  3.31e-02  8.90e+03  3.82e+02 -1.00e+05
2016 02 26  1430   57444  52200   6.26e+00  2.68e-01  1.29e-01  5.65e-02  4.54e-02  2.33e-02  9.43e+03  3.99e+02 -1.00e+05
2016 02 26  1435   57444  52500   3.84e+00  1.52e-01  1.21e-01  5.65e-02  4.54e-02  2.33e-02  9.38e+03  4.06e+02 -1.00e+05
2016 02 26  1440   57444  52800   4.06e+00  1.55e-01  1.24e-01  7.32e-02  6.21e-02  2.87e-02  9.86e+03  4.13e+02 -1.00e+05
2016 02 26  1445   57444  53100   3.91e+00  1.38e-01  1.07e-01  5.65e-02  4.54e-02  2.33e-02  1.02e+04  4.29e+02 -1.00e+05
2016 02 26  1450   57444  53400   4.53e+00  1.71e-01  1.40e-01  8.85e-02  5.83e-02  3.07e-02  1.01e+04  4.28e+02 -1.00e+05
2016 02 26  1455   57444  53700   4.55e+00  1.73e-01  1.42e-01  8.97e-02  5.29e-02  2.33e-02  1.07e+04  4.47e+02 -1.00e+05
2016 02 26  1500   57444  54000   4.76e+00  1.53e-01  1.22e-01  7.12e-02  6.02e-02  3.81e-02  1.04e+04  4.54e+02 -1.00e+05
2016 02 26  1505   57444  54300   4.94e+00  1.69e-01  1.39e-01  8.73e-02  6.38e-02  3.81e-02  1.09e+04  4.56e+02 -1.00e+05
2016 02 26  1510   57444  54600   5.09e+00  1.85e-01  1.55e-01  1.02e-01  5.69e-02  2.82e-02  1.13e+04  4.74e+02 -1.00e+05
2016 02 26  1515   57444  54900   5.02e+00  1.67e-01  1.37e-01  8.57e-02  7.47e-02  3.27e-02  1.12e+04  4.90e+02 -1.00e+05
2016 02 26  1520   57444  55200   5.39e+00  2.02e-01  1.71e-01  1.19e-01  7.67e-02  4.55e-02  1.11e+04  4.83e+02 -1.00e+05
2016 02 26  1525   57444  55500   5.33e+00  1.50e-01  1.19e-01  6.11e-02  4.97e-02  2.46e-02  1.12e+04  4.96e+02 -1.00e+05
2016 02 26  1530   57444  55800   5.66e+00  2.00e-01  1.69e-01  1.03e-01  5.58e-02  2.33e-02  1.16e+04  4.90e+02 -1.00e+05
2016 02 26  1535   57444  56100   5.71e+00  1.52e-01  1.21e-01  5.65e-02  4.54e-02  2.33e-02  1.14e+04  5.02e+02 -1.00e+05
2016 02 26  1540   57444  56400   1.15e+01  3.22e-01  1.28e-01  5.65e-02  4.54e-02  2.33e-02  1.18e+04  5.09e+02 -1.00e+05
2016 02 26  1545   57444  56700   6.24e+00  2.02e-01  1.71e-01  6.35e-02  4.70e-02  2.33e-02  1.17e+04  5.23e+02 -1.00e+05
2016 02 26  1550   57444  57000   6.43e+00  1.38e-01  1.07e-01  5.65e-02  4.54e-02  2.33e-02  1.19e+04  5.41e+02 -1.00e+05
2016 02 26  1555   57444  57300   6.52e+00  2.53e-01  2.22e-01  1.71e-01  1.60e-01  7.53e-02  1.23e+04  5.32e+02 -1.00e+05
2016 02 26  1600   57444  57600   6.70e+00  1.62e-01  1.32e-01  7.99e-02  5.07e-02  2.33e-02  1.23e+04  5.45e+02 -1.00e+05
2016 02 26  1605   57444  57900   7.10e+00  2.30e-01  1.99e-01  5.65e-02  4.54e-02  2.33e-02  1.24e+04  5.58e+02 -1.00e+05
2016 02 26  1610   57444  58200   9.01e+00  2.08e-01  1.34e-01  7.55e-02  6.45e-02  3.78e-02  1.26e+04  5.71e+02 -1.00e+05
2016 02 26  1615   57444  58500   1.08e+01  3.27e-01  1.85e-01  1.14e-01  1.03e-01  5.17e-02  1.27e+04  5.95e+02 -1.00e+05
2016 02 26  1620   57444  58800   7.26e+00  1.60e-01  1.30e-01  7.87e-02  6.76e-02  4.55e-02  1.27e+04  5.81e+02 -1.00e+05
2016 02 26  1625   57444  59100   7.25e+00  2.30e-01  1.99e-01  5.65e-02  4.54e-02  2.33e-02  1.26e+04  5.77e+02 -1.00e+05
2016 02 26  1630   57444  59400   7.31e+00  1.38e-01  1.07e-01  5.65e-02  4.54e-02  2.33e-02  1.31e+04  5.82e+02 -1.00e+05
2016 02 26  1635   57444  59700   8.93e+00  3.30e-01  2.68e-01  7.94e-02  6.84e-02  3.07e-02  1.25e+04  5.78e+02 -1.00e+05
2016 02 26  1640   57444  60000   7.87e+00  3.06e-01  2.76e-01  1.12e-01  8.55e-02  3.47e-02  1.34e+04  6.15e+02 -1.00e+05
2016 02 26  1645   57444  60300   7.97e+00  1.87e-01  1.57e-01  1.06e-01  9.49e-02  7.28e-02  1.42e+04  6.55e+02 -1.00e+05
2016 02 26  1650   57444  60600   8.17e+00  1.50e-01  1.20e-01  6.88e-02  5.77e-02  3.56e-02  1.37e+04  6.66e+02 -1.00e+05
2016 02 26  1655   57444  60900   8.62e+00  1.66e-01  1.35e-01  8.42e-02  7.31e-02  5.10e-02  1.38e+04  6.57e+02 -1.00e+05
2016 02 26  1700   57444  61200   8.59e+00  1.53e-01  1.22e-01  7.12e-02  6.02e-02  3.81e-02  1.41e+04  6.72e+02 -1.00e+05
2016 02 26  1705   57444  61500   1.14e+01  2.37e-01  1.57e-01  9.63e-02  5.44e-02  2.33e-02  1.39e+04  6.72e+02 -1.00e+05
2016 02 26  1710   57444  61800   2.01e+01  4.28e-01  1.39e-01  8.32e-02  5.14e-02  2.33e-02  1.43e+04  6.65e+02 -1.00e+05
2016 02 26  1715   57444  62100   8.99e+00  1.66e-01  1.35e-01  8.37e-02  5.92e-02  3.31e-02  1.37e+04  6.76e+02 -1.00e+05
2016 02 26  1720   57444  62400   1.77e+01  3.92e-01  1.88e-01  1.33e-01  1.22e-01  5.96e-02  1.46e+04  6.86e+02 -1.00e+05
2016 02 26  1725   57444  62700   9.16e+00  1.38e-01  1.07e-01  5.65e-02  4.54e-02  2.33e-02  1.41e+04  7.04e+02 -1.00e+05
2016 02 26  1730   57444  63000   9.23e+00  1.42e-01  1.12e-01  6.06e-02  4.96e-02  2.46e-02  1.43e+04  6.93e+02 -1.00e+05
2016 02 26  1735   57444  63300   8.20e+00  1.38e-01  1.07e-01  5.65e-02  4.54e-02  2.33e-02  1.43e+04  6.97e+02 -1.00e+05
2016 02 26  1740   57444  63600   9.37e+00  1.62e-01  1.31e-01  8.04e-02  6.93e-02  3.43e-02  1.42e+04  6.88e+02 -1.00e+05
2016 02 26  1745   57444  63900   1.04e+01  2.13e-01  1.82e-01  1.30e-01  9.21e-02  4.75e-02  1.46e+04  6.97e+02 -1.00e+05
2016 02 26  1750   57444  64200   9.87e+00  1.38e-01  1.07e-01  5.65e-02  4.54e-02  2.33e-02  1.37e+04  6.99e+02 -1.00e+05
2016 02 26  1755   57444  64500   1.08e+01  2.24e-01  1.93e-01  1.41e-01  9.12e-02  5.79e-02  1.47e+04  7.40e+02 -1.00e+05
2016 02 26  1800   57444  64800   1.02e+01  1.75e-01  1.44e-01  5.65e-02  4.54e-02  2.33e-02  1.46e+04  7.64e+02 -1.00e+05
2016 02 26  1805   57444  65100   1.08e+01  1.99e-01  1.69e-01  6.13e-02  5.03e-02  2.82e-02  1.59e+04  8.12e+02 -1.00e+05
2016 02 26  1810   57444  65400   1.14e+01  2.26e-01  1.95e-01  9.85e-02  8.74e-02  6.53e-02  1.63e+04  8.62e+02 -1.00e+05
2016 02 26  1815   57444  65700   1.22e+01  2.11e-01  1.80e-01  1.28e-01  9.61e-02  6.78e-02  1.75e+04  9.03e+02 -1.00e+05
2016 02 26  1820   57444  66000   1.86e+01  2.61e-01  1.32e-01  6.35e-02  4.70e-02  2.33e-02  1.68e+04  9.16e+02 -1.00e+05
2016 02 26  1825   57444  66300   1.25e+01  1.52e-01  1.21e-01  5.65e-02  4.54e-02  2.33e-02  1.75e+04  9.75e+02 -1.00e+05
2016 02 26  1830   57444  66600   1.24e+01  3.16e-01  2.85e-01  6.63e-02  5.52e-02  3.31e-02  1.78e+04  9.89e+02 -1.00e+05
2016 02 26  1835   57444  66900   1.29e+01  1.45e-01  1.15e-01  6.38e-02  5.28e-02  3.07e-02  1.82e+04  1.04e+03 -1.00e+05
2016 02 26  1840   57444  67200   1.93e+01  2.69e-01  1.42e-01  7.37e-02  6.27e-02  4.06e-02  1.88e+04  1.06e+03 -1.00e+05
2016 02 26  1845   57444  67500   1.33e+01  1.38e-01  1.08e-01  5.65e-02  4.54e-02  2.33e-02  1.90e+04  1.09e+03 -1.00e+05
2016 02 26  1850   57444  67800   1.25e+01  1.52e-01  1.21e-01  5.65e-02  4.54e-02  2.33e-02  1.88e+04  1.06e+03 -1.00e+05
2016 02 26  1855   57444  68100   2.04e+01  2.87e-01  1.59e-01  1.03e-01  9.24e-02  7.03e-02  1.87e+04  1.04e+03 -1.00e+05
2016 02 26  1900   57444  68400   2.20e+01  2.49e-01  1.19e-01  6.35e-02  4.70e-02  2.33e-02  1.89e+04  1.08e+03 -1.00e+05
2016 02 26  1905   57444  68700   1.33e+01  1.85e-01  1.54e-01  1.01e-01  5.20e-02  2.33e-02  1.77e+04  1.00e+03 -1.00e+05
2016 02 26  1910   57444  69000   1.26e+01  1.59e-01  1.29e-01  6.35e-02  4.70e-02  2.33e-02  1.81e+04  1.03e+03 -1.00e+05
2016 02 26  1915   57444  69300   1.92e+01  2.55e-01  1.45e-01  7.94e-02  6.84e-02  3.07e-02  1.88e+04  1.06e+03 -1.00e+05
2016 02 26  1920   57444  69600   1.41e+01  3.16e-01  2.86e-01  1.12e-01  8.07e-02  3.27e-02  1.88e+04  1.09e+03 -1.00e+05
2016 02 26  1925   57444  69900   1.27e+01  1.99e-01  1.68e-01  1.17e-01  8.77e-02  6.04e-02  1.91e+04  1.09e+03 -1.00e+05
2016 02 26  1930   57444  70200   1.36e+01  2.30e-01  1.99e-01  5.65e-02  4.54e-02  2.33e-02  1.96e+04  1.13e+03 -1.00e+05
2016 02 26  1935   57444  70500   1.35e+01  1.61e-01  1.30e-01  7.94e-02  6.84e-02  3.07e-02  1.95e+04  1.11e+03 -1.00e+05
2016 02 26  1940   57444  70800   2.21e+01  2.85e-01  1.50e-01  8.61e-02  7.51e-02  5.29e-02  1.83e+04  1.07e+03 -1.00e+05
2016 02 26  1945   57444  71100   2.07e+01  2.67e-01  1.39e-01  5.65e-02  4.54e-02  2.33e-02  1.87e+04  1.08e+03 -1.00e+05
2016 02 26  1950   57444  71400   1.71e+01  2.10e-01  1.30e-01  5.65e-02  4.54e-02  2.33e-02  1.80e+04  1.04e+03 -1.00e+05
2016 02 26  1955   57444  71700   2.14e+01  3.36e-01  1.89e-01  1.32e-01  8.03e-02  3.07e-02  1.85e+04  1.04e+03 -1.00e+05
2016 02 26  2000   57444  72000   1.36e+01  2.30e-01  1.99e-01  1.48e-01  1.37e-01  5.28e-02  1.86e+04  1.10e+03 -1.00e+05
2016 02 26  2005   57444  72300   1.42e+01  1.73e-01  1.42e-01  8.97e-02  5.29e-02  2.33e-02  1.90e+04  1.11e+03 -1.00e+05
2016 02 26  2010   57444  72600   1.36e+01  1.72e-01  1.42e-01  8.97e-02  5.29e-02  2.33e-02  1.95e+04  1.17e+03 -1.00e+05
2016 02 26  2015   57444  72900   1.42e+01  1.49e-01  1.18e-01  6.70e-02  5.16e-02  2.82e-02  1.99e+04  1.19e+03 -1.00e+05
2016 02 26  2020   57444  73200   1.43e+01  1.90e-01  1.59e-01  1.08e-01  9.73e-02  7.52e-02  1.99e+04  1.20e+03 -1.00e+05
2016 02 26  2025   57444  73500   1.45e+01  3.21e-01  2.91e-01  7.37e-02  6.27e-02  4.06e-02  2.00e+04  1.20e+03 -1.00e+05
2016 02 26  2030   57444  73800   1.39e+01  1.48e-01  1.18e-01  6.69e-02  5.58e-02  2.66e-02  2.02e+04  1.22e+03 -1.00e+05
2016 02 26  2035   57444  74100   2.18e+01  2.74e-01  1.46e-01  6.35e-02  4.70e-02  2.33e-02  1.99e+04  1.20e+03 -1.00e+05
2016 02 26  2040   57444  74400   1.37e+01  1.38e-01  1.07e-01  5.65e-02  4.54e-02  2.33e-02  1.98e+04  1.18e+03 -1.00e+05
2016 02 26  2045   57444  74700   1.37e+01  1.97e-01  1.67e-01  1.14e-01  7.20e-02  4.33e-02  1.98e+04  1.12e+03 -1.00e+05
2016 02 26  2050   57444  75000   1.75e+01  1.96e-01  1.16e-01  5.65e-02  4.54e-02  2.33e-02  1.97e+04  1.15e+03 -1.00e+05
2016 02 26  2055   57444  75300   1.38e+01  3.39e-01  3.08e-01  9.60e-02  8.50e-02  6.29e-02  1.98e+04  1.14e+03 -1.00e+05
2016 02 26  2100   57444  75600   1.39e+01  1.82e-01  1.52e-01  1.01e-01  8.99e-02  6.78e-02  1.98e+04  1.15e+03 -1.00e+05
2016 02 26  2105   57444  75900   1.71e+01  3.80e-01  3.00e-01  7.01e-02  4.85e-02  2.33e-02  1.89e+04  1.12e+03 -1.00e+05
2016 02 26  2110   57444  76200   1.38e+01  1.88e-01  1.57e-01  1.05e-01  6.59e-02  3.56e-02  1.88e+04  1.09e+03 -1.00e+05
2016 02 26  2115   57444  76500   1.39e+01  2.51e-01  2.21e-01  8.36e-02  7.26e-02  5.05e-02  1.88e+04  1.10e+03 -1.00e+05
2016 02 26  2120   57444  76800   1.48e+01  1.38e-01  1.07e-01  5.65e-02  4.54e-02  2.33e-02  1.88e+04  1.07e+03 -1.00e+05
2016 02 26  2125   57444  77100   1.94e+01  2.74e-01  1.77e-01  1.15e-01  1.03e-01  5.54e-02  1.82e+04  1.07e+03 -1.00e+05
2016 02 26  2130   57444  77400   1.32e+01  2.37e-01  2.07e-01  7.01e-02  4.85e-02  2.33e-02  1.78e+04  1.04e+03 -1.00e+05
2016 02 26  2135   57444  77700   1.22e+01  1.91e-01  1.61e-01  1.10e-01  9.86e-02  5.88e-02  1.72e+04  9.82e+02 -1.00e+05
2016 02 26  2140   57444  78000   2.41e+01  3.17e-01  1.53e-01  9.82e-02  8.72e-02  3.67e-02  1.70e+04  9.68e+02 -1.00e+05
2016 02 26  2145   57444  78300   1.29e+01  1.80e-01  1.50e-01  1.03e-01  5.55e-02  2.32e-02  1.69e+04  9.63e+02 -1.00e+05
2016 02 26  2150   57444  78600   1.41e+01  2.42e-01  2.00e-01  9.73e-02  6.94e-02  4.28e-02  1.67e+04  9.37e+02 -1.00e+05
2016 02 26  2155   57444  78900   1.24e+01  1.31e-01  1.02e-01  5.59e-02  4.49e-02  2.32e-02  1.63e+04  9.24e+02 -1.00e+05
2016 02 26  2200   57444  79200   1.26e+01  2.62e-01  2.33e-01  6.39e-02  5.28e-02  2.58e-02  1.63e+04  9.25e+02 -1.00e+05
2016 02 26  2205   57444  79500   1.26e+01  2.31e-01  2.01e-01  1.55e-01  1.44e-01  6.84e-02  1.58e+04  8.78e+02 -1.00e+05
2016 02 26  2210   57444  79800   1.34e+01  1.48e-01  1.04e-01  5.59e-02  4.49e-02  2.32e-02  1.57e+04  8.75e+02 -1.00e+05
2016 02 26  2215   57444  80100   1.23e+01  1.31e-01  1.02e-01  5.59e-02  4.49e-02  2.32e-02  1.57e+04  8.66e+02 -1.00e+05
2016 02 26  2220   57444  80400   1.28e+01  2.05e-01  1.76e-01  1.28e-01  8.07e-02  5.27e-02  1.55e+04  8.86e+02 -1.00e+05
2016 02 26  2225   57444  80700   1.24e+01  1.31e-01  1.02e-01  5.59e-02  4.49e-02  2.32e-02  1.56e+04  8.76e+02 -1.00e+05
2016 02 26  2230   57444  81000   1.24e+01  2.62e-01  2.33e-01  6.39e-02  5.28e-02  2.58e-02  1.50e+04  8.42e+02 -1.00e+05
2016 02 26  2235   57444  81300   2.36e+01  4.97e-01  2.63e-01  1.74e-01  1.21e-01  4.39e-02  1.51e+04  8.22e+02 -1.00e+05
2016 02 26  2240   57444  81600   1.20e+01  1.46e-01  1.16e-01  7.01e-02  5.91e-02  2.78e-02  1.50e+04  8.22e+02 -1.00e+05
2016 02 26  2245   57444  81900   2.12e+01  3.02e-01  1.44e-01  9.31e-02  5.13e-02  2.32e-02  1.50e+04  8.20e+02 -1.00e+05
2016 02 26  2250   57444  82200   1.15e+01  2.38e-01  2.08e-01  1.61e-01  1.14e-01  4.19e-02  1.46e+04  8.00e+02 -1.00e+05
2016 02 26  2255   57444  82500   1.31e+01  3.03e-01  2.57e-01  2.06e-01  1.27e-01  4.19e-02  1.49e+04  8.20e+02 -1.00e+05
2016 02 26  2300   57444  82800   1.11e+01  1.92e-01  1.63e-01  1.16e-01  8.40e-02  3.38e-02  1.48e+04  8.01e+02 -1.00e+05
2016 02 26  2305   57444  83100   2.09e+01  2.63e-01  1.05e-01  5.59e-02  4.49e-02  2.32e-02  1.43e+04  7.58e+02 -1.00e+05
2016 02 26  2310   57444  83400   1.11e+01  1.52e-01  1.22e-01  7.64e-02  6.54e-02  2.98e-02  1.43e+04  7.77e+02 -1.00e+05
2016 02 26  2315   57444  83700   1.16e+01  1.94e-01  1.65e-01  1.18e-01  8.16e-02  5.27e-02  1.42e+04  7.51e+02 -1.00e+05
2016 02 26  2320   57444  84000   1.13e+01  1.80e-01  1.50e-01  1.03e-01  5.55e-02  2.32e-02  1.37e+04  7.40e+02 -1.00e+05
2016 02 26  2325   57444  84300   1.12e+01  1.68e-01  1.38e-01  5.59e-02  4.49e-02  2.32e-02  1.41e+04  7.35e+02 -1.00e+05
2016 02 26  2330   57444  84600   1.18e+01  1.70e-01  1.27e-01  7.88e-02  5.95e-02  3.53e-02  1.36e+04  7.11e+02 -1.00e+05
2016 02 26  2335   57444  84900   1.19e+01  3.23e-01  2.80e-01  9.67e-02  6.16e-02  3.29e-02  1.34e+04  6.96e+02 -1.00e+05
2016 02 26  2340   57444  85200   1.04e+01  1.31e-01  1.02e-01  5.59e-02  4.49e-02  2.32e-02  1.30e+04  6.88e+02 -1.00e+05
2016 02 26  2345   57444  85500   1.45e+01  2.47e-01  1.55e-01  9.62e-02  5.40e-02  2.32e-02  1.30e+04  6.60e+02 -1.00e+05
2016 02 26  2350   57444  85800   1.03e+01  1.78e-01  1.49e-01  5.59e-02  4.49e-02  2.32e-02  1.30e+04  6.54e+02 -1.00e+05
2016 02 26  2355   57444  86100   1.02e+01  2.75e-01  2.46e-01  6.35e-02  4.66e-02  2.32e-02  1.29e+04  6.58e+02 -1.00e+05
