:Data_list: 20160720_Gs_part_5m.txt
:Created: 2016 Jul 21 0011 UTC
# Prepared by the U.S. Dept. of Commerce, NOAA, Space Weather Prediction Center
# Please send comments and suggestions to SWPC.Webmaster@noaa.gov 
# 
# Label: P > 1 = Particles at >1 Mev
# Label: P > 5 = Particles at >5 Mev
# Label: P >10 = Particles at >10 Mev
# Label: P >30 = Particles at >30 Mev
# Label: P >50 = Particles at >50 Mev
# Label: P>100 = Particles at >100 Mev
# Label: E>0.8 = Electrons at >0.8 Mev
# Label: E>2.0 = Electrons at >2.0 Mev
# Label: E>4.0 = Electrons at >4.0 Mev
# Units: Particles = Protons/cm2-s-sr
# Units: Electrons = Electrons/cm2-s-sr
# Source: GOES-15
# Location: W135
# Missing data: -1.00e+05
#
#                      5-minute  GOES-15 Solar Particle and Electron Flux
#
#                 Modified Seconds
# UTC Date  Time   Julian  of the
# YR MO DA  HHMM    Day     Day     P > 1     P > 5     P >10     P >30     P >50     P>100     E>0.8     E>2.0     E>4.0
#-------------------------------------------------------------------------------------------------------------------------
2016 07 20  0000   57589      0   8.47e+01  2.95e-01  2.63e-01  9.84e-02  5.77e-02  2.37e-02  8.25e+04  8.56e+03 -1.00e+05
2016 07 20  0005   57589    300   7.06e+01  3.83e-01  3.52e-01  1.57e-01  9.11e-02  3.18e-02  5.05e+04  5.48e+03 -1.00e+05
2016 07 20  0010   57589    600   8.15e+01  3.10e-01  1.74e-01  1.06e-01  8.41e-02  3.38e-02  5.93e+04  4.65e+03 -1.00e+05
2016 07 20  0015   57589    900   5.06e+01  2.11e-01  1.79e-01  1.29e-01  8.65e-02  5.82e-02  6.64e+04  5.22e+03 -1.00e+05
2016 07 20  0020   57589   1200   4.26e+01  1.88e-01  1.57e-01  6.91e-02  4.69e-02  2.18e-02  5.92e+04  4.59e+03 -1.00e+05
2016 07 20  0025   57589   1500   3.20e+01  1.54e-01  1.23e-01  7.45e-02  6.60e-02  4.49e-02  2.58e+04  1.56e+03 -1.00e+05
2016 07 20  0030   57589   1800   5.24e+01  2.15e-01  1.64e-01  8.46e-02  7.61e-02  4.04e-02  2.06e+04  1.17e+03 -1.00e+05
2016 07 20  0035   57589   2100   7.13e+01  3.26e-01  2.61e-01  1.00e-01  9.17e-02  7.06e-02  2.19e+04  1.53e+03 -1.00e+05
2016 07 20  0040   57589   2400   4.15e+01  1.31e-01  9.99e-02  5.14e-02  4.29e-02  2.18e-02  5.53e+03  1.64e+02 -1.00e+05
2016 07 20  0045   57589   2700   4.07e+01  1.31e-01  9.99e-02  5.14e-02  4.29e-02  2.18e-02  6.47e+03  2.02e+02 -1.00e+05
2016 07 20  0050   57589   3000   6.77e+01  3.61e-01  2.44e-01  6.26e-02  4.54e-02  2.18e-02  5.80e+03  2.83e+02 -1.00e+05
2016 07 20  0055   57589   3300   4.55e+01  1.31e-01  9.99e-02  5.14e-02  4.29e-02  2.18e-02  1.69e+03  5.46e+01 -1.00e+05
2016 07 20  0100   57589   3600   4.71e+01  2.11e-01  1.79e-01  1.00e-01  9.17e-02  7.06e-02  5.88e+02  4.35e+01 -1.00e+05
2016 07 20  0105   57589   3900   6.69e+01  1.54e-01  1.22e-01  5.14e-02  4.29e-02  2.18e-02  6.86e+03  2.31e+02 -1.00e+05
2016 07 20  0110   57589   4200   8.36e+01  2.97e-01  2.66e-01  2.15e-01  1.32e-01  5.23e-02  2.78e+04  1.60e+03 -1.00e+05
2016 07 20  0115   57589   4500   1.26e+02  4.13e-01  2.43e-01  5.14e-02  4.29e-02  2.18e-02  3.05e+04  1.80e+03 -1.00e+05
2016 07 20  0120   57589   4800   5.34e+01  2.03e-01  1.72e-01  1.23e-01  1.06e-01  5.76e-02  2.90e+04  7.99e+02 -1.00e+05
2016 07 20  0125   57589   5100   2.04e+01  2.26e-01  1.03e-01  5.14e-02  4.29e-02  2.18e-02  3.36e+03  3.00e+01 -1.00e+05
2016 07 20  0130   57589   5400   1.02e+01  2.05e-01  1.74e-01  1.20e-01  1.11e-01  4.39e-02  3.76e+03  1.67e+01 -1.00e+05
2016 07 20  0135   57589   5700   7.36e+00  1.31e-01  9.99e-02  5.14e-02  4.29e-02  2.18e-02  2.32e+03  1.26e+01 -1.00e+05
2016 07 20  0140   57589   6000   1.27e+01  1.36e-01  1.04e-01  5.56e-02  4.71e-02  2.60e-02  7.75e+02  1.16e+01 -1.00e+05
2016 07 20  0145   57589   6300   2.01e+01  1.56e-01  1.25e-01  7.61e-02  6.76e-02  2.98e-02  1.08e+03  1.33e+01 -1.00e+05
2016 07 20  0150   57589   6600   1.99e+01  2.16e-01  1.84e-01  9.90e-02  6.45e-02  3.59e-02  1.64e+03  1.58e+01 -1.00e+05
2016 07 20  0155   57589   6900   2.03e+01  4.50e-01  2.44e-01  5.14e-02  4.29e-02  2.18e-02  1.71e+03  2.63e+01 -1.00e+05
2016 07 20  0200   57589   7200   1.95e+01  2.32e-01  1.15e-01  5.14e-02  4.29e-02  2.18e-02  2.32e+03  4.15e+01 -1.00e+05
2016 07 20  0205   57589   7500   2.19e+01  4.58e-01  1.40e-01  8.81e-02  5.57e-02  2.37e-02  3.18e+03  4.81e+01 -1.00e+05
2016 07 20  0210   57589   7800   9.36e+00  2.32e-01  1.15e-01  5.14e-02  4.29e-02  2.18e-02  3.15e+03  4.05e+01 -1.00e+05
2016 07 20  0215   57589   8100   6.89e+00  1.37e-01  1.06e-01  5.73e-02  4.88e-02  2.37e-02  2.77e+03  3.56e+01 -1.00e+05
2016 07 20  0220   57589   8400   9.06e+00  3.43e-01  1.48e-01  9.48e-02  5.67e-02  2.85e-02  3.02e+03  2.43e+01 -1.00e+05
2016 07 20  0225   57589   8700   8.37e+00  3.23e-01  1.52e-01  1.00e-01  9.17e-02  7.06e-02  1.94e+03  1.72e+01 -1.00e+05
2016 07 20  0230   57589   9000   7.93e+00  2.51e-01  1.03e-01  5.14e-02  4.29e-02  2.18e-02  1.70e+03  1.51e+01 -1.00e+05
2016 07 20  0235   57589   9300   6.12e+00  2.51e-01  1.03e-01  5.14e-02  4.29e-02  2.18e-02  1.27e+03  9.27e+00 -1.00e+05
2016 07 20  0240   57589   9600   3.73e+00  3.11e-01  1.96e-01  1.00e-01  8.02e-02  5.57e-02  1.07e+03  6.58e-01 -1.00e+05
2016 07 20  0245   57589   9900   1.71e+00  1.63e-01  1.32e-01  5.14e-02  4.29e-02  2.18e-02  4.10e+02  1.66e+00 -1.00e+05
2016 07 20  0250   57589  10200   5.58e+00  3.67e-01  1.09e-01  5.73e-02  4.88e-02  2.37e-02  3.26e+02  2.76e+00 -1.00e+05
2016 07 20  0255   57589  10500   2.44e+00  1.31e-01  9.99e-02  5.14e-02  4.29e-02  2.18e-02  3.45e+02  2.32e+00 -1.00e+05
2016 07 20  0300   57589  10800   2.39e+00  1.58e-01  1.26e-01  5.56e-02  4.71e-02  2.60e-02  3.92e+02  4.11e+00 -1.00e+05
2016 07 20  0305   57589  11100   2.26e+00  1.81e-01  1.13e-01  5.81e-02  4.96e-02  2.85e-02  3.52e+02  5.62e+00 -1.00e+05
2016 07 20  0310   57589  11400   2.04e+00  2.54e-01  1.65e-01  7.88e-02  7.00e-02  3.07e-02  3.23e+02  2.10e+00 -1.00e+05
2016 07 20  0315   57589  11700   1.87e+00  2.22e-01  1.90e-01  1.40e-01  1.27e-01  4.88e-02  5.86e+02  6.88e+00 -1.00e+05
2016 07 20  0320   57589  12000   2.95e+00  1.69e-01  1.08e-01  5.28e-02  4.39e-02  2.23e-02  1.03e+03  1.39e+01 -1.00e+05
2016 07 20  0325   57589  12300   2.48e+00  1.87e-01  1.28e-01  7.40e-02  6.51e-02  4.35e-02  8.85e+02  7.69e+00 -1.00e+05
2016 07 20  0330   57589  12600   1.78e+00  1.60e-01  1.28e-01  7.73e-02  4.95e-02  2.23e-02  5.43e+02  5.55e-01 -1.00e+05
2016 07 20  0335   57589  12900   3.23e+00  2.26e-01  1.16e-01  5.28e-02  4.39e-02  2.23e-02  2.08e+02  1.33e-01 -1.00e+05
2016 07 20  0340   57589  13200   2.52e+00  1.94e-01  1.62e-01  1.13e-01  1.04e-01  5.03e-02  2.99e+02  1.33e-01 -1.00e+05
2016 07 20  0345   57589  13500   4.11e+00  1.69e-01  1.08e-01  5.28e-02  4.39e-02  2.23e-02  5.92e+02  1.33e-01 -1.00e+05
2016 07 20  0350   57589  13800   4.18e+00  1.34e-01  1.02e-01  5.28e-02  4.39e-02  2.23e-02  5.46e+02  1.30e+00 -1.00e+05
2016 07 20  0355   57589  14100   8.29e+00  2.81e-01  1.11e-01  5.83e-02  4.95e-02  2.78e-02  5.76e+02  1.33e-01 -1.00e+05
2016 07 20  0400   57589  14400   5.23e+00  1.34e-01  1.02e-01  5.28e-02  4.39e-02  2.23e-02  1.33e+03  9.64e+00 -1.00e+05
2016 07 20  0405   57589  14700   1.16e+01  2.30e-01  1.65e-01  1.10e-01  1.01e-01  4.07e-02  2.52e+03  2.29e+01 -1.00e+05
2016 07 20  0410   57589  15000   1.41e+01  3.51e-01  1.96e-01  1.05e-01  9.65e-02  7.49e-02  3.15e+03  2.68e+01 -1.00e+05
2016 07 20  0415   57589  15300   9.96e+00  1.48e-01  1.16e-01  6.63e-02  5.74e-02  2.66e-02  3.19e+03  2.57e+01 -1.00e+05
2016 07 20  0420   57589  15600   1.29e+01  1.94e-01  1.33e-01  7.73e-02  4.95e-02  2.23e-02  2.12e+03  1.55e+01 -1.00e+05
2016 07 20  0425   57589  15900   9.42e+00  1.46e-01  1.14e-01  6.42e-02  4.65e-02  2.23e-02  2.38e+03  1.75e+01 -1.00e+05
2016 07 20  0430   57589  16200   8.71e+00  1.47e-01  1.15e-01  6.58e-02  5.69e-02  3.53e-02  2.35e+03  1.93e+01 -1.00e+05
2016 07 20  0435   57589  16500   7.50e+00  1.52e-01  1.20e-01  7.07e-02  6.19e-02  4.02e-02  2.27e+03  1.32e+01 -1.00e+05
2016 07 20  0440   57589  16800   6.10e+00  1.34e-01  1.02e-01  5.28e-02  4.39e-02  2.23e-02  1.98e+03  1.14e+01 -1.00e+05
2016 07 20  0445   57589  17100   5.93e+00  1.65e-01  1.33e-01  8.31e-02  7.42e-02  5.26e-02  1.85e+03  6.16e+00 -1.00e+05
2016 07 20  0450   57589  17400   4.61e+00  1.34e-01  1.02e-01  5.28e-02  4.39e-02  2.23e-02  1.75e+03  5.51e+00 -1.00e+05
2016 07 20  0455   57589  17700   3.94e+00  1.34e-01  1.02e-01  5.28e-02  4.39e-02  2.23e-02  1.72e+03  6.20e+00 -1.00e+05
2016 07 20  0500   57589  18000   3.81e+00  1.71e-01  1.30e-01  7.88e-02  7.00e-02  3.07e-02  1.58e+03  5.41e+00 -1.00e+05
2016 07 20  0505   57589  18300   3.00e+00  1.70e-01  1.38e-01  8.81e-02  7.92e-02  5.76e-02  1.44e+03  5.91e+00 -1.00e+05
2016 07 20  0510   57589  18600   2.61e+00  1.34e-01  1.02e-01  5.28e-02  4.39e-02  2.23e-02  1.08e+03  2.38e+00 -1.00e+05
2016 07 20  0515   57589  18900   2.15e+00  1.34e-01  1.02e-01  5.28e-02  4.39e-02  2.23e-02  7.49e+02  4.71e+00 -1.00e+05
2016 07 20  0520   57589  19200   1.59e+00  1.34e-01  1.02e-01  5.28e-02  4.39e-02  2.23e-02  4.62e+02  2.50e+00 -1.00e+05
2016 07 20  0525   57589  19500   1.95e+00  2.42e-01  2.10e-01  5.28e-02  4.39e-02  2.23e-02  3.81e+02  2.03e+00 -1.00e+05
2016 07 20  0530   57589  19800   9.08e-01  1.74e-01  1.42e-01  6.52e-02  5.49e-02  3.28e-02  2.13e+02  1.33e-01 -1.00e+05
2016 07 20  0535   57589  20100   5.89e-01  1.42e-01  1.09e-01  6.00e-02  5.12e-02  2.46e-02  1.46e+02  1.33e-01 -1.00e+05
2016 07 20  0540   57589  20400   5.82e-01  1.64e-01  1.32e-01  5.28e-02  4.39e-02  2.23e-02  5.35e+01  5.87e-01 -1.00e+05
2016 07 20  0545   57589  20700   4.14e-01  1.34e-01  1.02e-01  5.28e-02  4.39e-02  2.23e-02  1.43e+01  3.38e-01 -1.00e+05
2016 07 20  0550   57589  21000   5.46e-01  1.46e-01  1.14e-01  6.42e-02  4.65e-02  2.23e-02  6.28e+00  1.33e-01 -1.00e+05
2016 07 20  0555   57589  21300   5.37e-01  2.64e-01  2.32e-01  8.06e-02  7.18e-02  5.01e-02  3.67e+00  1.33e-01 -1.00e+05
2016 07 20  0600   57589  21600   4.60e-01  1.79e-01  1.47e-01  9.70e-02  6.93e-02  2.91e-02  5.72e+00  1.33e-01 -1.00e+05
2016 07 20  0605   57589  21900   4.61e-01  1.64e-01  1.32e-01  5.28e-02  4.39e-02  2.23e-02  1.90e+01  1.33e-01 -1.00e+05
2016 07 20  0610   57589  22200   4.73e-01  2.56e-01  1.46e-01  5.28e-02  4.39e-02  2.23e-02  2.38e+01  7.61e-01 -1.00e+05
2016 07 20  0615   57589  22500   3.88e-01  1.69e-01  1.08e-01  5.28e-02  4.39e-02  2.23e-02  3.41e+00  3.90e-01 -1.00e+05
2016 07 20  0620   57589  22800   7.78e-01  2.76e-01  1.06e-01  5.28e-02  4.39e-02  2.23e-02  4.29e+00  1.33e-01 -1.00e+05
2016 07 20  0625   57589  23100   6.08e-01  1.57e-01  1.25e-01  7.53e-02  6.10e-02  3.77e-02  4.73e+00  1.33e-01 -1.00e+05
2016 07 20  0630   57589  23400   6.29e-01  2.42e-01  2.10e-01  5.28e-02  4.39e-02  2.23e-02  5.63e+00  1.90e+00 -1.00e+05
2016 07 20  0635   57589  23700   3.82e-01  1.52e-01  1.20e-01  7.07e-02  6.19e-02  4.02e-02  1.00e+01  1.33e-01 -1.00e+05
2016 07 20  0640   57589  24000   6.04e-01  1.78e-01  1.46e-01  7.07e-02  6.19e-02  4.02e-02  8.38e+00  1.33e-01 -1.00e+05
2016 07 20  0645   57589  24300   4.90e-01  2.67e-01  2.35e-01  7.73e-02  4.95e-02  2.23e-02  3.79e+00  1.33e-01 -1.00e+05
2016 07 20  0650   57589  24600   5.65e-01  2.77e-01  2.45e-01  9.04e-02  5.24e-02  2.23e-02  3.30e+00  4.89e-01 -1.00e+05
2016 07 20  0655   57589  24900   3.00e-01  1.34e-01  1.02e-01  5.28e-02  4.39e-02  2.23e-02  3.41e+00  1.58e+00 -1.00e+05
2016 07 20  0700   57589  25200   4.61e-01  1.91e-01  1.59e-01  1.09e-01  7.62e-02  4.76e-02  3.35e+00  1.33e-01 -1.00e+05
2016 07 20  0705   57589  25500   3.42e-01  1.42e-01  1.10e-01  6.08e-02  5.19e-02  3.03e-02  1.74e+01  6.60e-01 -1.00e+05
2016 07 20  0710   57589  25800   3.58e-01  1.34e-01  1.02e-01  5.28e-02  4.39e-02  2.23e-02  9.32e+00  2.41e+00 -1.00e+05
2016 07 20  0715   57589  26100   6.61e-01  2.45e-01  1.35e-01  7.08e-02  4.80e-02  2.23e-02  2.08e+01  1.66e-01 -1.00e+05
2016 07 20  0720   57589  26400   8.93e-01  3.26e-01  1.33e-01  8.06e-02  7.18e-02  5.01e-02  4.96e+01  7.67e-01 -1.00e+05
2016 07 20  0725   57589  26700   1.28e+00  1.34e-01  1.02e-01  5.28e-02  4.39e-02  2.23e-02  1.16e+02  3.42e+00 -1.00e+05
2016 07 20  0730   57589  27000   2.46e+00  2.42e-01  2.10e-01  5.28e-02  4.39e-02  2.23e-02  3.39e+02  7.74e+00 -1.00e+05
2016 07 20  0735   57589  27300   4.01e+00  1.54e-01  1.22e-01  7.26e-02  6.37e-02  2.87e-02  5.98e+02  1.03e+01 -1.00e+05
2016 07 20  0740   57589  27600   3.58e+00  1.64e-01  1.31e-01  8.13e-02  5.46e-02  2.78e-02  6.88e+02  1.00e+01 -1.00e+05
2016 07 20  0745   57589  27900   4.01e+00  1.34e-01  1.02e-01  5.28e-02  4.39e-02  2.23e-02  7.66e+02  1.19e+01 -1.00e+05
2016 07 20  0750   57589  28200   4.81e+00  1.70e-01  1.24e-01  7.26e-02  6.37e-02  2.87e-02  6.25e+02  1.10e+01 -1.00e+05
2016 07 20  0755   57589  28500   4.88e+00  1.69e-01  1.37e-01  5.76e-02  4.50e-02  2.23e-02  6.05e+02  1.21e+01 -1.00e+05
2016 07 20  0800   57589  28800   6.82e+00  1.66e-01  1.34e-01  8.39e-02  5.09e-02  2.23e-02  6.13e+02  1.10e+01 -1.00e+05
2016 07 20  0805   57589  29100   1.09e+01  1.99e-01  1.38e-01  5.34e-02  4.45e-02  2.29e-02  6.28e+02  1.14e+01 -1.00e+05
2016 07 20  0810   57589  29400   1.44e+01  3.17e-01  1.35e-01  6.00e-02  5.12e-02  2.46e-02  5.81e+02  7.55e+00 -1.00e+05
2016 07 20  0815   57589  29700   8.34e+00  1.81e-01  1.48e-01  9.72e-02  5.12e-02  2.23e-02  6.70e+02  9.88e+00 -1.00e+05
2016 07 20  0820   57589  30000   9.52e+00  1.74e-01  1.42e-01  9.24e-02  6.99e-02  4.43e-02  6.96e+02  7.83e+00 -1.00e+05
2016 07 20  0825   57589  30300   1.32e+01  3.34e-01  2.24e-01  5.28e-02  4.39e-02  2.23e-02  6.63e+02  1.15e+01 -1.00e+05
2016 07 20  0830   57589  30600   9.53e+00  1.80e-01  1.48e-01  9.81e-02  8.92e-02  6.08e-02  6.15e+02  8.33e+00 -1.00e+05
2016 07 20  0835   57589  30900   1.60e+01  2.51e-01  1.06e-01  5.28e-02  4.39e-02  2.23e-02  6.79e+02  8.95e+00 -1.00e+05
2016 07 20  0840   57589  31200   9.09e+00  1.53e-01  1.21e-01  7.08e-02  4.80e-02  2.23e-02  7.07e+02  9.99e+00 -1.00e+05
2016 07 20  0845   57589  31500   9.75e+00  1.87e-01  1.26e-01  7.08e-02  4.80e-02  2.23e-02  6.62e+02  1.07e+01 -1.00e+05
2016 07 20  0850   57589  31800   1.12e+01  3.03e-01  1.44e-01  7.12e-02  4.85e-02  2.29e-02  6.24e+02  1.00e+01 -1.00e+05
2016 07 20  0855   57589  32100   5.93e+00  1.78e-01  1.46e-01  9.56e-02  7.32e-02  4.76e-02  5.98e+02  7.76e+00 -1.00e+05
2016 07 20  0900   57589  32400   5.90e+00  1.66e-01  1.34e-01  8.39e-02  5.09e-02  2.23e-02  5.76e+02  1.07e+01 -1.00e+05
2016 07 20  0905   57589  32700   6.19e+00  1.69e-01  1.08e-01  5.28e-02  4.39e-02  2.23e-02  6.20e+02  1.26e+01 -1.00e+05
2016 07 20  0910   57589  33000   5.78e+00  1.46e-01  1.14e-01  6.42e-02  4.65e-02  2.23e-02  6.09e+02  1.12e+01 -1.00e+05
2016 07 20  0915   57589  33300   8.16e+00  3.21e-01  1.88e-01  8.51e-02  7.62e-02  3.27e-02  5.80e+02  8.00e+00 -1.00e+05
2016 07 20  0920   57589  33600   4.88e+00  2.22e-01  1.90e-01  1.40e-01  1.27e-01  4.88e-02  5.72e+02  7.24e+00 -1.00e+05
2016 07 20  0925   57589  33900   4.88e+00  1.39e-01  1.07e-01  5.76e-02  4.50e-02  2.23e-02  5.35e+02  7.63e+00 -1.00e+05
2016 07 20  0930   57589  34200   5.48e+00  2.74e-01  1.66e-01  1.02e-01  7.47e-02  4.76e-02  5.09e+02  4.51e+00 -1.00e+05
2016 07 20  0935   57589  34500   4.83e+00  2.77e-01  2.15e-01  5.28e-02  4.39e-02  2.23e-02  5.37e+02  7.88e+00 -1.00e+05
2016 07 20  0940   57589  34800   3.22e+00  1.53e-01  1.21e-01  7.14e-02  5.37e-02  2.46e-02  4.84e+02  6.05e+00 -1.00e+05
2016 07 20  0945   57589  35100   3.15e+00  1.57e-01  1.25e-01  7.57e-02  6.68e-02  4.52e-02  5.09e+02  9.53e+00 -1.00e+05
2016 07 20  0950   57589  35400   2.67e+00  2.09e-01  1.77e-01  9.57e-02  5.12e-02  2.23e-02  4.89e+02  9.63e+00 -1.00e+05
2016 07 20  0955   57589  35700   4.82e+00  3.13e-01  1.24e-01  7.11e-02  5.86e-02  2.71e-02  5.10e+02  4.89e+00 -1.00e+05
2016 07 20  1000   57589  36000   2.88e+00  1.96e-01  1.64e-01  8.39e-02  5.09e-02  2.23e-02  5.30e+02  7.61e+00 -1.00e+05
2016 07 20  1005   57589  36300   4.24e+00  2.84e-01  1.25e-01  5.28e-02  4.39e-02  2.23e-02  5.08e+02  7.03e+00 -1.00e+05
2016 07 20  1010   57589  36600   5.08e+00  4.79e-01  2.84e-01  1.05e-01  7.15e-02  4.27e-02  5.22e+02  6.52e+00 -1.00e+05
2016 07 20  1015   57589  36900   2.71e+00  1.75e-01  1.43e-01  5.28e-02  4.39e-02  2.23e-02  5.51e+02  7.58e+00 -1.00e+05
2016 07 20  1020   57589  37200   2.85e+00  1.63e-01  1.31e-01  8.17e-02  7.29e-02  5.13e-02  5.88e+02  4.26e+00 -1.00e+05
2016 07 20  1025   57589  37500   2.94e+00  1.59e-01  1.26e-01  7.65e-02  5.55e-02  3.03e-02  5.50e+02  5.25e+00 -1.00e+05
2016 07 20  1030   57589  37800   2.31e+00  1.84e-01  1.52e-01  1.02e-01  8.99e-02  3.67e-02  5.47e+02  7.17e+00 -1.00e+05
2016 07 20  1035   57589  38100   2.71e+00  1.73e-01  1.41e-01  9.05e-02  5.12e-02  2.23e-02  5.58e+02  7.41e+00 -1.00e+05
2016 07 20  1040   57589  38400   2.20e+00  2.10e-01  1.78e-01  1.28e-01  1.02e-01  4.46e-02  6.04e+02  5.38e+00 -1.00e+05
2016 07 20  1045   57589  38700   3.06e+00  3.05e-01  1.80e-01  1.14e-01  1.05e-01  5.58e-02  6.02e+02  3.86e+00 -1.00e+05
2016 07 20  1050   57589  39000   3.23e+00  3.47e-01  1.88e-01  8.61e-02  5.38e-02  2.54e-02  6.10e+02  7.91e+00 -1.00e+05
2016 07 20  1055   57589  39300   2.27e+00  1.60e-01  1.28e-01  7.73e-02  4.95e-02  2.23e-02  6.33e+02  1.24e+01 -1.00e+05
2016 07 20  1100   57589  39600   1.90e+00  1.97e-01  1.65e-01  1.14e-01  6.91e-02  4.02e-02  6.45e+02  8.98e+00 -1.00e+05
2016 07 20  1105   57589  39900   1.96e+00  1.35e-01  1.03e-01  5.39e-02  4.50e-02  2.30e-02  6.28e+02  6.68e+00 -1.00e+05
2016 07 20  1110   57589  40200   2.03e+00  2.99e-01  2.67e-01  2.15e-01  1.16e-01  2.25e-02  6.46e+02  3.88e+00 -1.00e+05
2016 07 20  1115   57589  40500   1.49e+00  1.35e-01  1.03e-01  5.38e-02  4.49e-02  2.26e-02  6.37e+02  9.04e+00 -1.00e+05
2016 07 20  1120   57589  40800   2.04e+00  4.35e-01  4.03e-01  1.26e-01  7.41e-02  4.52e-02  6.57e+02  5.46e+00 -1.00e+05
2016 07 20  1125   57589  41100   3.15e+00  3.63e-01  1.42e-01  5.28e-02  4.39e-02  2.23e-02  6.73e+02  1.38e+01 -1.00e+05
2016 07 20  1130   57589  41400   1.59e+00  1.67e-01  1.35e-01  8.55e-02  6.71e-02  4.27e-02  6.93e+02  7.21e+00 -1.00e+05
2016 07 20  1135   57589  41700   1.94e+00  1.34e-01  1.02e-01  5.28e-02  4.39e-02  2.23e-02  7.24e+02  1.13e+01 -1.00e+05
2016 07 20  1140   57589  42000   1.94e+00  3.41e-01  3.09e-01  1.09e-01  6.91e-02  4.02e-02  7.26e+02  3.78e+00 -1.00e+05
2016 07 20  1145   57589  42300   2.05e+00  2.55e-01  2.23e-01  1.10e-01  1.01e-01  4.07e-02  7.24e+02  1.05e+01 -1.00e+05
2016 07 20  1150   57589  42600   2.17e+00  1.69e-01  1.36e-01  8.61e-02  5.38e-02  2.54e-02  7.36e+02  8.15e+00 -1.00e+05
2016 07 20  1155   57589  42900   1.78e+00  1.72e-01  1.40e-01  9.05e-02  8.17e-02  6.00e-02  7.72e+02  7.93e+00 -1.00e+05
2016 07 20  1200   57589  43200   2.84e+00  2.31e-01  1.21e-01  5.76e-02  4.50e-02  2.23e-02  7.74e+02  1.41e+01 -1.00e+05
2016 07 20  1205   57589  43500   2.19e+00  2.12e-01  1.80e-01  9.86e-02  5.12e-02  2.23e-02  7.63e+02  8.62e+00 -1.00e+05
2016 07 20  1210   57589  43800   2.17e+00  1.99e-01  1.67e-01  1.16e-01  7.84e-02  3.07e-02  7.79e+02  1.18e+01 -1.00e+05
2016 07 20  1215   57589  44100   2.13e+00  1.81e-01  1.49e-01  9.89e-02  7.07e-02  4.35e-02  7.79e+02  5.45e+00 -1.00e+05
2016 07 20  1220   57589  44400   3.51e+00  3.48e-01  2.44e-01  8.45e-02  5.67e-02  2.46e-02  8.13e+02  1.01e+01 -1.00e+05
2016 07 20  1225   57589  44700   4.44e+00  2.81e-01  1.11e-01  5.83e-02  4.95e-02  2.78e-02  7.90e+02  1.08e+01 -1.00e+05
2016 07 20  1230   57589  45000   3.19e+00  1.69e-01  1.08e-01  5.28e-02  4.39e-02  2.23e-02  8.20e+02  1.10e+01 -1.00e+05
2016 07 20  1235   57589  45300   2.45e+00  1.96e-01  1.64e-01  8.39e-02  5.09e-02  2.23e-02  7.87e+02  6.73e+00 -1.00e+05
2016 07 20  1240   57589  45600   3.02e+00  2.66e-01  1.56e-01  5.98e-02  4.79e-02  2.54e-02  7.82e+02  1.00e+01 -1.00e+05
2016 07 20  1245   57589  45900   2.85e+00  1.98e-01  1.66e-01  8.56e-02  7.67e-02  5.51e-02  7.87e+02  1.07e+01 -1.00e+05
2016 07 20  1250   57589  46200   3.96e+00  3.23e-01  1.54e-01  1.01e-01  8.02e-02  5.51e-02  7.69e+02  9.80e+00 -1.00e+05
2016 07 20  1255   57589  46500   4.13e+00  1.82e-01  1.49e-01  9.98e-02  8.57e-02  6.25e-02  7.70e+02  8.72e+00 -1.00e+05
2016 07 20  1300   57589  46800   3.77e+00  3.05e-01  2.73e-01  1.34e-01  1.03e-01  4.46e-02  7.27e+02  1.02e+01 -1.00e+05
2016 07 20  1305   57589  47100   4.50e+00  5.36e-01  3.78e-01  9.92e-02  5.67e-02  2.78e-02  8.14e+02  9.96e+00 -1.00e+05
2016 07 20  1310   57589  47400   2.73e+00  2.39e-01  2.07e-01  8.31e-02  5.70e-02  3.03e-02  8.11e+02  1.13e+01 -1.00e+05
2016 07 20  1315   57589  47700   2.95e+00  1.80e-01  1.47e-01  9.62e-02  5.18e-02  2.29e-02  7.99e+02  1.20e+01 -1.00e+05
2016 07 20  1320   57589  48000   2.49e+00  1.34e-01  1.02e-01  5.28e-02  4.39e-02  2.23e-02  7.40e+02  1.32e+01 -1.00e+05
2016 07 20  1325   57589  48300   2.27e+00  1.47e-01  1.15e-01  6.58e-02  5.69e-02  3.53e-02  7.57e+02  1.20e+01 -1.00e+05
2016 07 20  1330   57589  48600   2.44e+00  1.34e-01  1.02e-01  5.28e-02  4.39e-02  2.23e-02  8.09e+02  1.22e+01 -1.00e+05
2016 07 20  1335   57589  48900   4.82e+00  4.22e-01  1.87e-01  5.28e-02  4.39e-02  2.23e-02  8.11e+02  1.36e+01 -1.00e+05
2016 07 20  1340   57589  49200   3.35e+00  2.96e-01  2.64e-01  9.14e-02  8.25e-02  3.47e-02  9.20e+02  1.11e+01 -1.00e+05
2016 07 20  1345   57589  49500   3.38e+00  1.42e-01  1.09e-01  5.98e-02  4.79e-02  2.54e-02  9.32e+02  1.33e+01 -1.00e+05
2016 07 20  1350   57589  49800   4.03e+00  1.42e-01  1.09e-01  6.00e-02  5.12e-02  2.46e-02  8.89e+02  1.27e+01 -1.00e+05
2016 07 20  1355   57589  50100   5.44e+00  2.89e-01  1.30e-01  5.76e-02  4.50e-02  2.23e-02  9.44e+02  1.21e+01 -1.00e+05
2016 07 20  1400   57589  50400   3.48e+00  3.04e-01  2.72e-01  7.88e-02  7.00e-02  3.07e-02  9.70e+02  1.55e+01 -1.00e+05
2016 07 20  1405   57589  50700   4.21e+00  2.64e-01  2.32e-01  1.39e-01  1.12e-01  5.95e-02  9.77e+02  1.13e+01 -1.00e+05
2016 07 20  1410   57589  51000   6.53e+00  3.32e-01  1.73e-01  7.08e-02  4.80e-02  2.23e-02  9.87e+02  1.31e+01 -1.00e+05
2016 07 20  1415   57589  51300   5.33e+00  1.60e-01  1.28e-01  7.73e-02  4.95e-02  2.23e-02  1.07e+03  1.67e+01 -1.00e+05
2016 07 20  1420   57589  51600   5.56e+00  1.69e-01  1.08e-01  5.34e-02  4.45e-02  2.29e-02  1.01e+03  1.60e+01 -1.00e+05
2016 07 20  1425   57589  51900   4.69e+00  1.34e-01  1.02e-01  5.28e-02  4.39e-02  2.23e-02  9.94e+02  1.75e+01 -1.00e+05
2016 07 20  1430   57589  52200   6.11e+00  2.14e-01  1.53e-01  9.70e-02  5.39e-02  2.23e-02  1.00e+03  1.67e+01 -1.00e+05
2016 07 20  1435   57589  52500   4.86e+00  1.68e-01  1.36e-01  8.62e-02  7.73e-02  3.68e-02  1.06e+03  1.54e+01 -1.00e+05
2016 07 20  1440   57589  52800   7.86e+00  3.38e-01  2.28e-01  5.83e-02  4.95e-02  2.78e-02  1.05e+03  1.80e+01 -1.00e+05
2016 07 20  1445   57589  53100   7.86e+00  2.84e-01  1.25e-01  5.28e-02  4.39e-02  2.23e-02  1.06e+03  1.69e+01 -1.00e+05
2016 07 20  1450   57589  53400   6.65e+00  2.92e-01  1.84e-01  9.05e-02  8.17e-02  6.00e-02  1.13e+03  1.29e+01 -1.00e+05
2016 07 20  1455   57589  53700   5.26e+00  1.60e-01  1.28e-01  7.73e-02  4.95e-02  2.23e-02  1.16e+03  1.68e+01 -1.00e+05
2016 07 20  1500   57589  54000   5.06e+00  1.99e-01  1.67e-01  1.16e-01  7.21e-02  4.02e-02  1.17e+03  1.66e+01 -1.00e+05
2016 07 20  1505   57589  54300   5.40e+00  1.96e-01  1.64e-01  5.76e-02  4.50e-02  2.23e-02  1.31e+03  2.14e+01 -1.00e+05
2016 07 20  1510   57589  54600   5.59e+00  1.84e-01  1.52e-01  1.02e-01  7.95e-02  2.25e-02  1.25e+03  1.64e+01 -1.00e+05
2016 07 20  1515   57589  54900   9.21e+00  2.51e-01  1.06e-01  5.28e-02  4.39e-02  2.23e-02  1.26e+03  2.09e+01 -1.00e+05
2016 07 20  1520   57589  55200   5.01e+00  2.65e-01  2.33e-01  8.07e-02  6.79e-02  4.52e-02  1.39e+03  1.58e+01 -1.00e+05
2016 07 20  1525   57589  55500   1.30e+01  4.13e-01  1.77e-01  1.00e-01  9.16e-02  6.99e-02  1.40e+03  1.96e+01 -1.00e+05
2016 07 20  1530   57589  55800   9.19e+00  3.07e-01  1.42e-01  5.28e-02  4.39e-02  2.23e-02  1.41e+03  1.90e+01 -1.00e+05
2016 07 20  1535   57589  56100   6.29e+00  2.54e-01  2.22e-01  6.82e-02  5.94e-02  3.77e-02  1.44e+03  1.43e+01 -1.00e+05
2016 07 20  1540   57589  56400   6.34e+00  1.50e-01  1.18e-01  6.82e-02  5.94e-02  3.77e-02  1.50e+03  1.72e+01 -1.00e+05
2016 07 20  1545   57589  56700   7.47e+00  1.92e-01  1.60e-01  8.79e-02  7.72e-02  5.51e-02  1.50e+03  1.44e+01 -1.00e+05
2016 07 20  1550   57589  57000   1.17e+01  3.13e-01  1.55e-01  5.28e-02  4.39e-02  2.23e-02  1.57e+03  1.90e+01 -1.00e+05
2016 07 20  1555   57589  57300   1.26e+01  3.28e-01  1.72e-01  1.00e-01  9.16e-02  6.99e-02  1.56e+03  1.83e+01 -1.00e+05
2016 07 20  1600   57589  57600   8.07e+00  3.34e-01  3.02e-01  8.98e-02  6.88e-02  3.46e-02  1.58e+03  1.63e+01 -1.00e+05
2016 07 20  1605   57589  57900   8.09e+00  2.69e-01  2.36e-01  7.83e-02  5.78e-02  3.28e-02  1.64e+03  1.34e+01 -1.00e+05
2016 07 20  1610   57589  58200   7.97e+00  2.05e-01  1.73e-01  1.23e-01  9.47e-02  6.75e-02  1.58e+03  1.53e+01 -1.00e+05
2016 07 20  1615   57589  58500   1.08e+01  3.09e-01  2.48e-01  8.78e-02  5.61e-02  2.78e-02  1.61e+03  1.51e+01 -1.00e+05
2016 07 20  1620   57589  58800   8.75e+00  2.88e-01  2.55e-01  9.70e-02  5.39e-02  2.23e-02  1.64e+03  1.75e+01 -1.00e+05
2016 07 20  1625   57589  59100   8.64e+00  2.42e-01  2.10e-01  5.28e-02  4.39e-02  2.23e-02  1.80e+03  1.94e+01 -1.00e+05
2016 07 20  1630   57589  59400   9.00e+00  1.34e-01  1.02e-01  5.28e-02  4.39e-02  2.23e-02  1.73e+03  2.39e+01 -1.00e+05
2016 07 20  1635   57589  59700   1.06e+01  2.33e-01  2.01e-01  7.83e-02  5.78e-02  3.28e-02  1.63e+03  1.80e+01 -1.00e+05
2016 07 20  1640   57589  60000   1.63e+01  3.12e-01  1.55e-01  8.25e-02  7.03e-02  4.76e-02  1.77e+03  1.86e+01 -1.00e+05
2016 07 20  1645   57589  60300   1.07e+01  1.66e-01  1.34e-01  8.39e-02  5.09e-02  2.23e-02  1.79e+03  2.49e+01 -1.00e+05
2016 07 20  1650   57589  60600   1.06e+01  1.39e-01  1.07e-01  5.76e-02  4.50e-02  2.23e-02  1.82e+03  2.17e+01 -1.00e+05
2016 07 20  1655   57589  60900   1.12e+01  1.99e-01  1.67e-01  1.16e-01  8.32e-02  3.27e-02  1.79e+03  1.92e+01 -1.00e+05
2016 07 20  1700   57589  61200   1.29e+01  1.69e-01  1.08e-01  5.28e-02  4.39e-02  2.23e-02  1.80e+03  2.34e+01 -1.00e+05
2016 07 20  1705   57589  61500   1.15e+01  1.46e-01  1.14e-01  6.42e-02  4.65e-02  2.23e-02  1.86e+03  2.02e+01 -1.00e+05
2016 07 20  1710   57589  61800   1.15e+01  1.34e-01  1.02e-01  5.28e-02  4.39e-02  2.23e-02  1.88e+03  2.32e+01 -1.00e+05
2016 07 20  1715   57589  62100   1.31e+01  2.34e-01  1.84e-01  1.28e-01  6.94e-02  2.66e-02  1.81e+03  2.15e+01 -1.00e+05
2016 07 20  1720   57589  62400   1.14e+01  1.34e-01  1.02e-01  5.28e-02  4.39e-02  2.23e-02  1.89e+03  2.28e+01 -1.00e+05
2016 07 20  1725   57589  62700   1.09e+01  1.34e-01  1.02e-01  5.28e-02  4.39e-02  2.23e-02  1.90e+03  2.28e+01 -1.00e+05
2016 07 20  1730   57589  63000   1.03e+01  2.03e-01  1.71e-01  9.04e-02  5.24e-02  2.23e-02  1.89e+03  2.09e+01 -1.00e+05
2016 07 20  1735   57589  63300   1.48e+01  2.45e-01  1.35e-01  7.08e-02  4.80e-02  2.23e-02  1.86e+03  1.82e+01 -1.00e+05
2016 07 20  1740   57589  63600   1.09e+01  1.85e-01  1.53e-01  7.24e-02  6.35e-02  4.19e-02  1.93e+03  2.05e+01 -1.00e+05
2016 07 20  1745   57589  63900   1.15e+01  2.42e-01  2.10e-01  5.28e-02  4.39e-02  2.23e-02  2.04e+03  2.01e+01 -1.00e+05
2016 07 20  1750   57589  64200   2.46e+01  3.45e-01  1.51e-01  9.70e-02  5.39e-02  2.23e-02  1.93e+03  2.04e+01 -1.00e+05
2016 07 20  1755   57589  64500   1.22e+01  2.66e-01  2.34e-01  8.31e-02  7.42e-02  5.26e-02  1.91e+03  2.09e+01 -1.00e+05
2016 07 20  1800   57589  64800   1.26e+01  1.75e-01  1.43e-01  9.24e-02  5.12e-02  2.23e-02  1.96e+03  1.99e+01 -1.00e+05
2016 07 20  1805   57589  65100   1.01e+01  1.64e-01  1.32e-01  5.28e-02  4.39e-02  2.23e-02  1.86e+03  1.85e+01 -1.00e+05
2016 07 20  1810   57589  65400   9.53e+00  1.81e-01  1.48e-01  9.72e-02  5.12e-02  2.23e-02  1.86e+03  1.82e+01 -1.00e+05
2016 07 20  1815   57589  65700   9.02e+00  1.72e-01  1.40e-01  9.05e-02  8.17e-02  6.00e-02  1.92e+03  2.06e+01 -1.00e+05
2016 07 20  1820   57589  66000   1.04e+01  3.03e-01  2.44e-01  9.05e-02  8.17e-02  6.00e-02  1.84e+03  1.66e+01 -1.00e+05
2016 07 20  1825   57589  66300   8.63e+00  1.34e-01  1.02e-01  5.28e-02  4.39e-02  2.23e-02  1.84e+03  1.80e+01 -1.00e+05
2016 07 20  1830   57589  66600   6.71e+00  1.50e-01  1.18e-01  6.82e-02  5.94e-02  3.77e-02  1.76e+03  1.54e+01 -1.00e+05
2016 07 20  1835   57589  66900   6.35e+00  1.45e-01  1.13e-01  6.33e-02  5.44e-02  3.28e-02  1.69e+03  1.53e+01 -1.00e+05
2016 07 20  1840   57589  67200   1.15e+01  3.46e-01  1.44e-01  9.14e-02  8.25e-02  3.47e-02  1.69e+03  1.47e+01 -1.00e+05
2016 07 20  1845   57589  67500   7.42e+00  1.69e-01  1.14e-01  6.00e-02  5.12e-02  2.46e-02  1.67e+03  1.56e+01 -1.00e+05
2016 07 20  1850   57589  67800   1.41e+01  3.22e-01  1.05e-01  5.28e-02  4.39e-02  2.23e-02  1.74e+03  1.59e+01 -1.00e+05
2016 07 20  1855   57589  68100   8.02e+00  1.92e-01  1.60e-01  1.10e-01  1.01e-01  4.07e-02  1.80e+03  1.77e+01 -1.00e+05
2016 07 20  1900   57589  68400   7.34e+00  1.95e-01  1.63e-01  9.30e-02  8.41e-02  6.25e-02  1.75e+03  1.39e+01 -1.00e+05
2016 07 20  1905   57589  68700   5.46e+00  1.47e-01  1.15e-01  6.58e-02  5.69e-02  3.53e-02  1.55e+03  1.32e+01 -1.00e+05
2016 07 20  1910   57589  69000   4.62e+00  1.91e-01  1.59e-01  1.09e-01  1.00e-01  5.93e-02  1.57e+03  1.25e+01 -1.00e+05
2016 07 20  1915   57589  69300   4.79e+00  1.73e-01  1.41e-01  9.05e-02  5.12e-02  2.23e-02  1.52e+03  1.36e+01 -1.00e+05
2016 07 20  1920   57589  69600   6.63e+00  2.53e-01  1.44e-01  8.01e-02  6.01e-02  3.53e-02  1.52e+03  1.09e+01 -1.00e+05
2016 07 20  1925   57589  69900   6.44e+00  2.27e-01  1.23e-01  6.00e-02  5.12e-02  2.46e-02  1.53e+03  1.23e+01 -1.00e+05
2016 07 20  1930   57589  70200   6.48e+00  2.60e-01  1.53e-01  8.97e-02  7.95e-02  5.76e-02  1.51e+03  1.39e+01 -1.00e+05
2016 07 20  1935   57589  70500   4.83e+00  1.42e-01  1.09e-01  6.00e-02  5.12e-02  2.46e-02  1.51e+03  1.37e+01 -1.00e+05
2016 07 20  1940   57589  70800   5.47e+00  1.74e-01  1.42e-01  6.58e-02  5.69e-02  3.53e-02  1.54e+03  1.44e+01 -1.00e+05
2016 07 20  1945   57589  71100   6.27e+00  1.66e-01  1.34e-01  8.39e-02  5.09e-02  2.23e-02  1.62e+03  1.39e+01 -1.00e+05
2016 07 20  1950   57589  71400   8.34e+00  2.03e-01  1.41e-01  5.83e-02  4.95e-02  2.78e-02  1.64e+03  1.75e+01 -1.00e+05
2016 07 20  1955   57589  71700   1.29e+01  6.31e-01  2.79e-01  7.73e-02  4.95e-02  2.23e-02  1.60e+03  1.20e+01 -1.00e+05
2016 07 20  2000   57589  72000   7.25e+00  1.75e-01  1.42e-01  9.30e-02  8.41e-02  6.25e-02  1.69e+03  1.47e+01 -1.00e+05
2016 07 20  2005   57589  72300   8.04e+00  1.84e-01  1.52e-01  5.28e-02  4.39e-02  2.23e-02  1.74e+03  2.04e+01 -1.00e+05
2016 07 20  2010   57589  72600   8.72e+00  1.60e-01  1.27e-01  7.77e-02  6.00e-02  2.66e-02  1.69e+03  1.61e+01 -1.00e+05
2016 07 20  2015   57589  72900   7.75e+00  1.34e-01  1.02e-01  5.28e-02  4.39e-02  2.23e-02  1.71e+03  1.53e+01 -1.00e+05
2016 07 20  2020   57589  73200   9.24e+00  1.61e-01  1.28e-01  7.83e-02  5.04e-02  2.26e-02  1.72e+03  1.49e+01 -1.00e+05
2016 07 20  2025   57589  73500   8.13e+00  4.14e-01  3.82e-01  9.70e-02  5.39e-02  2.23e-02  1.72e+03  1.72e+01 -1.00e+05
2016 07 20  2030   57589  73800   8.98e+00  1.35e-01  1.03e-01  5.38e-02  4.49e-02  2.26e-02  1.65e+03  1.68e+01 -1.00e+05
2016 07 20  2035   57589  74100   1.18e+01  2.26e-01  1.16e-01  5.28e-02  4.39e-02  2.23e-02  1.74e+03  1.85e+01 -1.00e+05
2016 07 20  2040   57589  74400   9.19e+00  1.34e-01  1.02e-01  5.28e-02  4.39e-02  2.23e-02  1.73e+03  1.66e+01 -1.00e+05
2016 07 20  2045   57589  74700   9.00e+00  1.76e-01  1.40e-01  8.99e-02  7.73e-02  3.27e-02  1.70e+03  1.56e+01 -1.00e+05
2016 07 20  2050   57589  75000   9.52e+00  1.72e-01  1.40e-01  8.99e-02  7.73e-02  3.27e-02  1.77e+03  1.60e+01 -1.00e+05
2016 07 20  2055   57589  75300   1.11e+01  1.69e-01  1.08e-01  5.28e-02  4.39e-02  2.23e-02  1.78e+03  2.35e+01 -1.00e+05
2016 07 20  2100   57589  75600   1.67e+01  2.76e-01  1.06e-01  5.28e-02  4.39e-02  2.23e-02  1.74e+03  1.51e+01 -1.00e+05
2016 07 20  2105   57589  75900   7.68e+00  2.03e-01  1.71e-01  9.04e-02  5.24e-02  2.23e-02  1.64e+03  1.72e+01 -1.00e+05
2016 07 20  2110   57589  76200   1.17e+01  2.65e-01  1.55e-01  9.04e-02  5.24e-02  2.23e-02  1.68e+03  1.57e+01 -1.00e+05
2016 07 20  2115   57589  76500   7.48e+00  1.93e-01  1.61e-01  1.10e-01  6.74e-02  2.66e-02  1.69e+03  1.28e+01 -1.00e+05
2016 07 20  2120   57589  76800   7.78e+00  1.89e-01  1.57e-01  1.07e-01  9.43e-02  5.36e-02  1.63e+03  1.35e+01 -1.00e+05
2016 07 20  2125   57589  77100   9.07e+00  1.83e-01  1.21e-01  6.64e-02  4.94e-02  2.54e-02  1.64e+03  1.50e+01 -1.00e+05
2016 07 20  2130   57589  77400   9.33e+00  1.34e-01  1.02e-01  5.28e-02  4.39e-02  2.23e-02  1.70e+03  1.51e+01 -1.00e+05
2016 07 20  2135   57589  77700   9.81e+00  1.69e-01  1.08e-01  5.28e-02  4.39e-02  2.23e-02  1.72e+03  1.76e+01 -1.00e+05
2016 07 20  2140   57589  78000   1.31e+01  2.26e-01  1.16e-01  5.28e-02  4.39e-02  2.23e-02  1.69e+03  1.88e+01 -1.00e+05
2016 07 20  2145   57589  78300   7.94e+00  1.34e-01  1.02e-01  5.28e-02  4.39e-02  2.23e-02  1.72e+03  1.63e+01 -1.00e+05
2016 07 20  2150   57589  78600   9.33e+00  1.53e-01  1.21e-01  7.08e-02  4.80e-02  2.23e-02  1.70e+03  1.76e+01 -1.00e+05
2016 07 20  2155   57589  78900   1.60e+01  3.40e-01  1.47e-01  9.24e-02  5.12e-02  2.23e-02  1.73e+03  1.66e+01 -1.00e+05
2016 07 20  2200   57589  79200   8.67e+00  2.18e-01  1.86e-01  7.12e-02  4.85e-02  2.29e-02  1.71e+03  1.36e+01 -1.00e+05
2016 07 20  2205   57589  79500   8.58e+00  3.44e-01  3.12e-01  1.09e-01  7.80e-02  3.66e-02  1.71e+03  1.21e+01 -1.00e+05
2016 07 20  2210   57589  79800   9.08e+00  1.35e-01  1.03e-01  5.33e-02  4.40e-02  2.23e-02  1.70e+03  1.47e+01 -1.00e+05
2016 07 20  2215   57589  80100   1.95e+01  5.40e-01  2.44e-01  1.91e-01  1.56e-01  8.02e-02  1.66e+03  1.38e+01 -1.00e+05
2016 07 20  2220   57589  80400   8.43e+00  1.85e-01  1.53e-01  1.02e-01  6.94e-02  4.08e-02  1.67e+03  1.29e+01 -1.00e+05
2016 07 20  2225   57589  80700   1.22e+01  2.73e-01  1.48e-01  9.32e-02  5.12e-02  2.23e-02  1.64e+03  1.36e+01 -1.00e+05
2016 07 20  2230   57589  81000   9.27e+00  2.09e-01  1.49e-01  7.32e-02  6.43e-02  4.27e-02  1.61e+03  1.45e+01 -1.00e+05
2016 07 20  2235   57589  81300   6.62e+00  1.34e-01  1.02e-01  5.28e-02  4.39e-02  2.23e-02  1.56e+03  1.71e+01 -1.00e+05
2016 07 20  2240   57589  81600   9.39e+00  3.20e-01  2.17e-01  1.54e-01  1.21e-01  4.48e-02  1.54e+03  1.03e+01 -1.00e+05
2016 07 20  2245   57589  81900   1.05e+01  2.83e-01  1.13e-01  5.98e-02  4.79e-02  2.54e-02  1.51e+03  1.43e+01 -1.00e+05
2016 07 20  2250   57589  82200   1.16e+01  2.95e-01  1.38e-01  8.51e-02  7.62e-02  3.27e-02  1.55e+03  1.11e+01 -1.00e+05
2016 07 20  2255   57589  82500   7.79e+00  1.74e-01  1.13e-01  5.76e-02  4.50e-02  2.23e-02  1.54e+03  1.46e+01 -1.00e+05
2016 07 20  2300   57589  82800   9.21e+00  2.62e-01  1.92e-01  1.35e-01  1.02e-01  3.87e-02  1.54e+03  1.24e+01 -1.00e+05
2016 07 20  2305   57589  83100   6.78e+00  1.77e-01  1.45e-01  9.50e-02  6.54e-02  3.77e-02  1.54e+03  6.41e+00 -1.00e+05
2016 07 20  2310   57589  83400   6.39e+00  1.78e-01  1.46e-01  9.62e-02  8.10e-02  5.76e-02  1.49e+03  1.37e+01 -1.00e+05
2016 07 20  2315   57589  83700   6.56e+00  1.89e-01  1.57e-01  7.73e-02  4.95e-02  2.23e-02  1.52e+03  1.49e+01 -1.00e+05
2016 07 20  2320   57589  84000   6.77e+00  1.64e-01  1.32e-01  5.28e-02  4.39e-02  2.23e-02  1.50e+03  1.45e+01 -1.00e+05
2016 07 20  2325   57589  84300  -1.00e+05 -1.00e+05 -1.00e+05 -1.00e+05 -1.00e+05 -1.00e+05 -1.00e+05 -1.00e+05 -1.00e+05
2016 07 20  2330   57589  84600  -1.00e+05 -1.00e+05 -1.00e+05 -1.00e+05 -1.00e+05 -1.00e+05 -1.00e+05 -1.00e+05 -1.00e+05
2016 07 20  2335   57589  84900   9.62e+00  2.26e-01  1.16e-01  5.28e-02  4.39e-02  2.23e-02  1.47e+03  1.35e+01 -1.00e+05
2016 07 20  2340   57589  85200   6.79e+00  1.34e-01  1.02e-01  5.28e-02  4.39e-02  2.23e-02  1.47e+03  1.33e+01 -1.00e+05
2016 07 20  2345   57589  85500   6.59e+00  1.66e-01  1.34e-01  8.39e-02  5.09e-02  2.23e-02  1.47e+03  1.37e+01 -1.00e+05
2016 07 20  2350   57589  85800   6.79e+00  1.73e-01  1.41e-01  9.05e-02  5.12e-02  2.23e-02  1.45e+03  1.22e+01 -1.00e+05
2016 07 20  2355   57589  86100   6.74e+00  1.64e-01  1.32e-01  5.28e-02  4.39e-02  2.23e-02  1.46e+03  9.59e+00 -1.00e+05
