:Data_list: 20160224_Gs_part_5m.txt
:Created: 2016 Feb 25 0011 UTC
# Prepared by the U.S. Dept. of Commerce, NOAA, Space Weather Prediction Center
# Please send comments and suggestions to SWPC.Webmaster@noaa.gov 
# 
# Label: P > 1 = Particles at >1 Mev
# Label: P > 5 = Particles at >5 Mev
# Label: P >10 = Particles at >10 Mev
# Label: P >30 = Particles at >30 Mev
# Label: P >50 = Particles at >50 Mev
# Label: P>100 = Particles at >100 Mev
# Label: E>0.8 = Electrons at >0.8 Mev
# Label: E>2.0 = Electrons at >2.0 Mev
# Label: E>4.0 = Electrons at >4.0 Mev
# Units: Particles = Protons/cm2-s-sr
# Units: Electrons = Electrons/cm2-s-sr
# Source: GOES-15
# Location: W135
# Missing data: -1.00e+05
#
#                      5-minute  GOES-15 Solar Particle and Electron Flux
#
#                 Modified Seconds
# UTC Date  Time   Julian  of the
# YR MO DA  HHMM    Day     Day     P > 1     P > 5     P >10     P >30     P >50     P>100     E>0.8     E>2.0     E>4.0
#-------------------------------------------------------------------------------------------------------------------------
2016 02 24  0000   57442      0   8.21e+00  2.07e-01  1.79e-01  9.81e-02  8.72e-02  6.59e-02  4.01e+04  2.32e+03 -1.00e+05
2016 02 24  0005   57442    300   7.52e+00  1.42e-01  1.14e-01  6.84e-02  5.75e-02  3.62e-02  3.94e+04  2.11e+03 -1.00e+05
2016 02 24  0010   57442    600   8.94e+00  1.29e-01  1.01e-01  5.50e-02  4.41e-02  2.28e-02  3.67e+04  2.05e+03 -1.00e+05
2016 02 24  0015   57442    900   9.81e+00  1.45e-01  1.17e-01  7.08e-02  4.76e-02  2.28e-02  3.59e+04  2.03e+03 -1.00e+05
2016 02 24  0020   57442   1200   8.75e+00  1.29e-01  1.01e-01  5.50e-02  4.41e-02  2.28e-02  3.62e+04  2.04e+03 -1.00e+05
2016 02 24  0025   57442   1500   9.08e+00  1.90e-01  1.62e-01  5.50e-02  4.41e-02  2.28e-02  3.64e+04  2.07e+03 -1.00e+05
2016 02 24  0030   57442   1800   1.36e+01  4.70e-01  3.39e-01  2.73e-01  1.68e-01  4.52e-02  3.66e+04  2.05e+03 -1.00e+05
2016 02 24  0035   57442   2100   8.68e+00  2.68e-01  2.40e-01  5.50e-02  4.41e-02  2.28e-02  3.61e+04  2.01e+03 -1.00e+05
2016 02 24  0040   57442   2400   8.80e+00  1.86e-01  1.57e-01  1.12e-01  1.01e-01  4.84e-02  3.56e+04  1.91e+03 -1.00e+05
2016 02 24  0045   57442   2700   9.42e+00  1.77e-01  1.22e-01  7.08e-02  4.76e-02  2.28e-02  3.37e+04  1.77e+03 -1.00e+05
2016 02 24  0050   57442   3000   7.96e+00  1.65e-01  1.37e-01  5.50e-02  4.41e-02  2.28e-02  3.32e+04  1.71e+03 -1.00e+05
2016 02 24  0055   57442   3300   7.72e+00  2.07e-01  1.78e-01  7.39e-02  5.87e-02  3.62e-02  3.15e+04  1.61e+03 -1.00e+05
2016 02 24  0100   57442   3600   7.12e+00  1.65e-01  1.36e-01  9.07e-02  7.98e-02  5.85e-02  3.04e+04  1.45e+03 -1.00e+05
2016 02 24  0105   57442   3900   9.85e+00  2.18e-01  1.14e-01  5.50e-02  4.41e-02  2.28e-02  2.87e+04  1.35e+03 -1.00e+05
2016 02 24  0110   57442   4200   5.59e+00  1.29e-01  1.01e-01  5.50e-02  4.41e-02  2.28e-02  2.62e+04  1.15e+03 -1.00e+05
2016 02 24  0115   57442   4500   5.45e+00  1.53e-01  1.24e-01  7.81e-02  5.01e-02  2.38e-02  2.37e+04  9.66e+02 -1.00e+05
2016 02 24  0120   57442   4800   6.32e+00  2.54e-01  1.54e-01  5.95e-02  4.86e-02  2.42e-02  2.13e+04  7.94e+02 -1.00e+05
2016 02 24  0125   57442   5100   3.81e+00  2.34e-01  2.06e-01  1.10e-01  9.87e-02  4.03e-02  1.91e+04  6.69e+02 -1.00e+05
2016 02 24  0130   57442   5400   7.53e+00  4.25e-01  1.62e-01  7.21e-02  6.11e-02  2.83e-02  1.85e+04  6.08e+02 -1.00e+05
2016 02 24  0135   57442   5700   3.29e+00  1.40e-01  1.11e-01  6.58e-02  5.49e-02  2.62e-02  1.76e+04  6.00e+02 -1.00e+05
2016 02 24  0140   57442   6000   3.36e+00  1.29e-01  1.01e-01  5.50e-02  4.41e-02  2.28e-02  1.80e+04  5.78e+02 -1.00e+05
2016 02 24  0145   57442   6300   6.85e+00  3.09e-01  1.48e-01  9.86e-02  7.54e-02  4.75e-02  1.65e+04  5.48e+02 -1.00e+05
2016 02 24  0150   57442   6600   5.31e+00  3.81e-01  2.77e-01  7.74e-02  4.91e-02  2.28e-02  1.47e+04  4.89e+02 -1.00e+05
2016 02 24  0155   57442   6900   3.19e+00  2.26e-01  1.98e-01  1.01e-01  8.97e-02  6.84e-02  1.41e+04  4.57e+02 -1.00e+05
2016 02 24  0200   57442   7200   5.65e+00  2.17e-01  1.04e-01  5.50e-02  4.41e-02  2.28e-02  1.27e+04  4.36e+02 -1.00e+05
2016 02 24  0205   57442   7500   3.87e+00  2.23e-01  1.48e-01  9.09e-02  7.99e-02  3.43e-02  1.15e+04  3.86e+02 -1.00e+05
2016 02 24  0210   57442   7800   4.16e+00  2.43e-01  1.04e-01  5.50e-02  4.41e-02  2.28e-02  1.03e+04  3.40e+02 -1.00e+05
2016 02 24  0215   57442   8100   2.63e+00  1.62e-01  1.06e-01  5.60e-02  4.51e-02  2.38e-02  9.30e+03  3.11e+02 -1.00e+05
2016 02 24  0220   57442   8400   1.91e+00  1.29e-01  1.01e-01  5.50e-02  4.41e-02  2.28e-02  8.15e+03  2.65e+02 -1.00e+05
2016 02 24  0225   57442   8700   3.03e+00  2.43e-01  1.04e-01  5.50e-02  4.41e-02  2.28e-02  7.41e+03  2.38e+02 -1.00e+05
2016 02 24  0230   57442   9000   1.64e+00  2.38e-01  2.10e-01  1.64e-01  1.30e-01  4.84e-02  6.81e+03  2.13e+02 -1.00e+05
2016 02 24  0235   57442   9300   2.15e+00  2.28e-01  1.25e-01  6.60e-02  5.50e-02  3.37e-02  6.36e+03  1.99e+02 -1.00e+05
2016 02 24  0240   57442   9600   2.80e+00  4.88e-01  2.62e-01  6.58e-02  5.49e-02  2.62e-02  6.39e+03  1.85e+02 -1.00e+05
2016 02 24  0245   57442   9900   1.11e+00  1.76e-01  1.48e-01  5.50e-02  4.41e-02  2.28e-02  5.88e+03  1.61e+02 -1.00e+05
2016 02 24  0250   57442  10200   1.15e+00  1.99e-01  1.50e-01  6.65e-02  5.55e-02  2.88e-02  5.23e+03  1.30e+02 -1.00e+05
2016 02 24  0255   57442  10500   9.88e-01  1.52e-01  1.24e-01  7.74e-02  4.91e-02  2.28e-02  5.12e+03  1.22e+02 -1.00e+05
2016 02 24  0300   57442  10800   1.80e+00  2.97e-01  1.15e-01  6.58e-02  5.49e-02  2.62e-02  4.89e+03  1.04e+02 -1.00e+05
2016 02 24  0305   57442  11100   9.98e-01  1.32e-01  1.03e-01  5.77e-02  4.47e-02  2.28e-02  4.70e+03  1.05e+02 -1.00e+05
2016 02 24  0310   57442  11400   1.51e+00  2.49e-01  1.10e-01  6.10e-02  5.01e-02  2.88e-02  4.68e+03  1.01e+02 -1.00e+05
2016 02 24  0315   57442  11700   2.15e+00  3.01e-01  1.14e-01  6.50e-02  4.71e-02  2.38e-02  4.71e+03  9.55e+01 -1.00e+05
2016 02 24  0320   57442  12000   1.03e+00  1.71e-01  1.43e-01  9.71e-02  8.62e-02  3.63e-02  4.74e+03  1.03e+02 -1.00e+05
2016 02 24  0325   57442  12300   2.45e+00  3.32e-01  1.70e-01  1.20e-01  9.80e-02  7.33e-02  4.48e+03  8.61e+01 -1.00e+05
2016 02 24  0330   57442  12600   9.19e-01  2.64e-01  2.36e-01  1.08e-01  8.17e-02  5.60e-02  4.77e+03  8.65e+01 -1.00e+05
2016 02 24  0335   57442  12900   1.36e+00  2.84e-01  1.80e-01  5.50e-02  4.41e-02  2.28e-02  4.55e+03  8.09e+01 -1.00e+05
2016 02 24  0340   57442  13200   1.03e+00  2.30e-01  2.01e-01  1.56e-01  1.45e-01  6.25e-02  4.19e+03  7.27e+01 -1.00e+05
2016 02 24  0345   57442  13500   1.29e+00  2.52e-01  1.97e-01  8.39e-02  5.06e-02  2.28e-02  3.97e+03  7.14e+01 -1.00e+05
2016 02 24  0350   57442  13800   8.25e-01  1.29e-01  1.01e-01  5.50e-02  4.41e-02  2.28e-02  3.90e+03  7.18e+01 -1.00e+05
2016 02 24  0355   57442  14100   1.12e+00  2.87e-01  2.58e-01  7.83e-02  6.74e-02  4.61e-02  4.09e+03  7.30e+01 -1.00e+05
2016 02 24  0400   57442  14400   7.79e-01  1.84e-01  1.55e-01  1.10e-01  9.87e-02  4.03e-02  4.25e+03  7.82e+01 -1.00e+05
2016 02 24  0405   57442  14700   1.04e+00  2.80e-01  1.81e-01  1.22e-01  1.11e-01  4.44e-02  4.18e+03  7.62e+01 -1.00e+05
2016 02 24  0410   57442  15000   7.00e-01  1.29e-01  1.01e-01  5.50e-02  4.41e-02  2.28e-02  3.86e+03  6.99e+01 -1.00e+05
2016 02 24  0415   57442  15300   6.30e-01  1.29e-01  1.01e-01  5.50e-02  4.41e-02  2.28e-02  3.88e+03  7.47e+01 -1.00e+05
2016 02 24  0420   57442  15600   1.51e+00  2.91e-01  1.04e-01  5.50e-02  4.41e-02  2.28e-02  3.88e+03  6.81e+01 -1.00e+05
2016 02 24  0425   57442  15900   1.09e+00  2.17e-01  1.04e-01  5.50e-02  4.41e-02  2.28e-02  3.88e+03  6.75e+01 -1.00e+05
2016 02 24  0430   57442  16200   6.04e-01  1.29e-01  1.01e-01  5.50e-02  4.41e-02  2.28e-02  3.96e+03  6.81e+01 -1.00e+05
2016 02 24  0435   57442  16500   1.70e+00  3.40e-01  1.10e-01  6.10e-02  5.01e-02  2.88e-02  3.77e+03  6.28e+01 -1.00e+05
2016 02 24  0440   57442  16800   1.09e+00  3.23e-01  1.87e-01  7.90e-02  6.81e-02  3.29e-02  3.91e+03  6.25e+01 -1.00e+05
2016 02 24  0445   57442  17100   1.71e+00  5.39e-01  2.79e-01  8.39e-02  5.06e-02  2.28e-02  3.63e+03  6.27e+01 -1.00e+05
2016 02 24  0450   57442  17400   7.70e-01  1.85e-01  1.31e-01  8.05e-02  6.02e-02  3.62e-02  3.65e+03  6.01e+01 -1.00e+05
2016 02 24  0455   57442  17700   1.43e+00  3.08e-01  1.71e-01  1.22e-01  1.11e-01  4.44e-02  3.40e+03  5.90e+01 -1.00e+05
2016 02 24  0500   57442  18000   7.94e-01  1.90e-01  1.62e-01  5.50e-02  4.41e-02  2.28e-02  3.35e+03  5.90e+01 -1.00e+05
2016 02 24  0505   57442  18300   5.29e-01  1.57e-01  1.29e-01  8.33e-02  7.24e-02  5.10e-02  3.84e+03  5.99e+01 -1.00e+05
2016 02 24  0510   57442  18600   7.79e-01  1.29e-01  1.01e-01  5.50e-02  4.41e-02  2.28e-02  3.26e+03  5.64e+01 -1.00e+05
2016 02 24  0515   57442  18900   7.77e-01  1.59e-01  1.30e-01  8.39e-02  5.06e-02  2.28e-02  3.55e+03  5.45e+01 -1.00e+05
2016 02 24  0520   57442  19200   5.75e-01  1.90e-01  1.62e-01  5.50e-02  4.41e-02  2.28e-02  3.35e+03  5.20e+01 -1.00e+05
2016 02 24  0525   57442  19500   5.99e-01  1.52e-01  1.24e-01  7.83e-02  6.74e-02  4.61e-02  3.58e+03  5.86e+01 -1.00e+05
2016 02 24  0530   57442  19800   8.82e-01  2.68e-01  1.64e-01  1.04e-01  6.12e-02  3.37e-02  3.69e+03  5.36e+01 -1.00e+05
2016 02 24  0535   57442  20100   9.23e-01  2.19e-01  1.23e-01  6.58e-02  5.49e-02  2.62e-02  3.86e+03  6.16e+01 -1.00e+05
2016 02 24  0540   57442  20400   1.11e+00  3.88e-01  2.50e-01  1.83e-01  1.35e-01  4.84e-02  3.75e+03  5.74e+01 -1.00e+05
2016 02 24  0545   57442  20700   6.88e-01  1.61e-01  1.05e-01  5.50e-02  4.41e-02  2.28e-02  3.68e+03  5.86e+01 -1.00e+05
2016 02 24  0550   57442  21000   6.07e-01  3.04e-01  2.76e-01  9.60e-02  7.33e-02  4.86e-02  3.89e+03  5.54e+01 -1.00e+05
2016 02 24  0555   57442  21300   8.62e-01  2.75e-01  2.47e-01  6.35e-02  5.25e-02  3.12e-02  4.02e+03  6.21e+01 -1.00e+05
2016 02 24  0600   57442  21600   6.78e-01  1.38e-01  1.10e-01  6.43e-02  4.62e-02  2.28e-02  4.18e+03  6.73e+01 -1.00e+05
2016 02 24  0605   57442  21900   5.40e-01  1.50e-01  1.21e-01  7.59e-02  6.49e-02  4.36e-02  4.42e+03  7.16e+01 -1.00e+05
2016 02 24  0610   57442  22200   8.42e-01  3.11e-01  2.57e-01  7.09e-02  6.00e-02  3.87e-02  4.45e+03  7.64e+01 -1.00e+05
2016 02 24  0615   57442  22500   8.69e-01  2.62e-01  1.25e-01  7.53e-02  5.21e-02  2.42e-02  4.35e+03  7.48e+01 -1.00e+05
2016 02 24  0620   57442  22800   5.21e-01  1.29e-01  1.01e-01  5.50e-02  4.41e-02  2.28e-02  3.68e+03  6.55e+01 -1.00e+05
2016 02 24  0625   57442  23100   4.85e-01  1.29e-01  1.01e-01  5.50e-02  4.41e-02  2.28e-02  3.52e+03  6.09e+01 -1.00e+05
2016 02 24  0630   57442  23400   9.07e-01  2.77e-01  1.38e-01  7.21e-02  6.11e-02  2.83e-02  3.52e+03  6.49e+01 -1.00e+05
2016 02 24  0635   57442  23700   5.57e-01  1.90e-01  1.62e-01  5.50e-02  4.41e-02  2.28e-02  3.31e+03  6.20e+01 -1.00e+05
2016 02 24  0640   57442  24000   8.31e-01  2.68e-01  2.40e-01  5.50e-02  4.41e-02  2.28e-02  3.21e+03  6.09e+01 -1.00e+05
2016 02 24  0645   57442  24300   9.94e-01  2.18e-01  1.14e-01  5.50e-02  4.41e-02  2.28e-02  3.40e+03  6.90e+01 -1.00e+05
2016 02 24  0650   57442  24600   9.91e-01  2.73e-01  1.34e-01  8.39e-02  5.06e-02  2.28e-02  3.79e+03  7.43e+01 -1.00e+05
2016 02 24  0655   57442  24900   6.14e-01  1.88e-01  1.59e-01  5.95e-02  4.86e-02  2.42e-02  3.85e+03  8.24e+01 -1.00e+05
2016 02 24  0700   57442  25200   8.46e-01  2.49e-01  1.64e-01  1.07e-01  7.39e-02  3.03e-02  3.61e+03  7.77e+01 -1.00e+05
2016 02 24  0705   57442  25500   5.90e-01  1.46e-01  1.18e-01  7.21e-02  6.11e-02  2.83e-02  3.92e+03  8.44e+01 -1.00e+05
2016 02 24  0710   57442  25800   7.16e-01  3.49e-01  3.20e-01  1.15e-01  6.47e-02  2.62e-02  3.86e+03  7.75e+01 -1.00e+05
2016 02 24  0715   57442  26100   6.79e-01  2.30e-01  2.02e-01  8.11e-02  6.80e-02  4.61e-02  3.83e+03  8.19e+01 -1.00e+05
2016 02 24  0720   57442  26400   7.64e-01  2.02e-01  1.74e-01  8.22e-02  7.13e-02  5.00e-02  3.76e+03  7.84e+01 -1.00e+05
2016 02 24  0725   57442  26700   7.40e-01  1.45e-01  1.16e-01  7.09e-02  6.00e-02  3.87e-02  4.22e+03  9.29e+01 -1.00e+05
2016 02 24  0730   57442  27000   9.97e-01  2.73e-01  1.10e-01  6.10e-02  5.01e-02  2.88e-02  4.87e+03  1.13e+02 -1.00e+05
2016 02 24  0735   57442  27300   7.86e-01  3.01e-01  2.00e-01  8.58e-02  7.48e-02  5.35e-02  4.90e+03  1.21e+02 -1.00e+05
2016 02 24  0740   57442  27600   6.19e-01  1.46e-01  1.18e-01  7.21e-02  6.11e-02  2.83e-02  4.81e+03  1.28e+02 -1.00e+05
2016 02 24  0745   57442  27900   7.93e-01  1.40e-01  1.11e-01  6.58e-02  5.49e-02  2.62e-02  5.19e+03  1.44e+02 -1.00e+05
2016 02 24  0750   57442  28200   1.18e+00  2.48e-01  1.44e-01  8.39e-02  5.06e-02  2.28e-02  5.60e+03  1.65e+02 -1.00e+05
2016 02 24  0755   57442  28500   7.43e-01  1.82e-01  1.53e-01  1.07e-01  7.43e-02  3.29e-02  5.60e+03  1.66e+02 -1.00e+05
2016 02 24  0800   57442  28800   6.75e-01  2.17e-01  1.88e-01  8.82e-02  7.73e-02  5.60e-02  5.52e+03  1.55e+02 -1.00e+05
2016 02 24  0805   57442  29100   1.34e+00  2.90e-01  1.27e-01  7.83e-02  6.74e-02  4.61e-02  5.49e+03  1.55e+02 -1.00e+05
2016 02 24  0810   57442  29400   5.72e-01  1.57e-01  1.28e-01  8.23e-02  6.25e-02  3.87e-02  5.48e+03  1.43e+02 -1.00e+05
2016 02 24  0815   57442  29700   7.94e-01  1.90e-01  1.62e-01  5.50e-02  4.41e-02  2.28e-02  4.42e+03  1.08e+02 -1.00e+05
2016 02 24  0820   57442  30000   6.73e-01  2.11e-01  1.59e-01  1.08e-01  5.95e-02  2.42e-02  5.18e+03  1.33e+02 -1.00e+05
2016 02 24  0825   57442  30300   7.52e-01  1.88e-01  1.60e-01  1.13e-01  8.02e-02  3.23e-02  5.18e+03  1.35e+02 -1.00e+05
2016 02 24  0830   57442  30600   7.41e-01  2.09e-01  1.81e-01  1.33e-01  7.98e-02  3.03e-02  4.87e+03  1.24e+02 -1.00e+05
2016 02 24  0835   57442  30900   1.66e+00  3.61e-01  1.78e-01  1.29e-01  1.18e-01  4.90e-02  4.94e+03  1.28e+02 -1.00e+05
2016 02 24  0840   57442  31200   7.79e-01  2.07e-01  1.79e-01  1.32e-01  9.90e-02  3.83e-02  4.85e+03  1.24e+02 -1.00e+05
2016 02 24  0845   57442  31500   9.25e-01  2.77e-01  1.13e-01  6.43e-02  4.62e-02  2.28e-02  5.24e+03  1.39e+02 -1.00e+05
2016 02 24  0850   57442  31800   1.82e+00  6.05e-01  3.28e-01  2.77e-01  1.85e-01  5.64e-02  5.78e+03  1.57e+02 -1.00e+05
2016 02 24  0855   57442  32100   6.14e-01  1.29e-01  1.01e-01  5.50e-02  4.41e-02  2.28e-02  6.03e+03  1.67e+02 -1.00e+05
2016 02 24  0900   57442  32400   6.83e-01  1.82e-01  1.54e-01  1.08e-01  9.71e-02  7.58e-02  6.32e+03  1.75e+02 -1.00e+05
2016 02 24  0905   57442  32700   9.01e-01  2.30e-01  1.96e-01  1.49e-01  1.38e-01  5.68e-02  6.58e+03  1.84e+02 -1.00e+05
2016 02 24  0910   57442  33000   9.00e-01  2.19e-01  1.23e-01  6.58e-02  5.49e-02  2.62e-02  6.33e+03  1.77e+02 -1.00e+05
2016 02 24  0915   57442  33300   1.37e+00  4.12e-01  1.93e-01  5.77e-02  4.47e-02  2.28e-02  6.31e+03  1.87e+02 -1.00e+05
2016 02 24  0920   57442  33600   8.30e-01  1.59e-01  1.30e-01  8.39e-02  5.06e-02  2.28e-02  5.88e+03  1.71e+02 -1.00e+05
2016 02 24  0925   57442  33900   1.08e+00  2.48e-01  1.44e-01  8.39e-02  5.06e-02  2.28e-02  5.94e+03  1.75e+02 -1.00e+05
2016 02 24  0930   57442  34200   6.24e-01  2.21e-01  1.93e-01  1.47e-01  1.36e-01  5.24e-02  5.84e+03  1.72e+02 -1.00e+05
2016 02 24  0935   57442  34500   7.39e-01  2.68e-01  2.40e-01  5.50e-02  4.41e-02  2.28e-02  5.26e+03  1.47e+02 -1.00e+05
2016 02 24  0940   57442  34800   6.97e-01  1.79e-01  1.51e-01  1.06e-01  9.46e-02  7.33e-02  5.12e+03  1.39e+02 -1.00e+05
2016 02 24  0945   57442  35100   9.47e-01  1.43e-01  1.15e-01  6.88e-02  5.07e-02  2.42e-02  4.68e+03  1.24e+02 -1.00e+05
2016 02 24  0950   57442  35400   1.18e+00  2.25e-01  1.12e-01  6.35e-02  5.25e-02  3.12e-02  4.02e+03  1.05e+02 -1.00e+05
2016 02 24  0955   57442  35700   7.72e-01  1.52e-01  1.24e-01  7.83e-02  6.74e-02  3.03e-02  4.23e+03  1.08e+02 -1.00e+05
2016 02 24  1000   57442  36000   8.59e-01  1.39e-01  1.11e-01  6.50e-02  4.71e-02  2.38e-02  4.06e+03  1.09e+02 -1.00e+05
2016 02 24  1005   57442  36300   1.29e+00  2.17e-01  1.04e-01  5.50e-02  4.41e-02  2.28e-02  4.16e+03  1.05e+02 -1.00e+05
2016 02 24  1010   57442  36600   6.11e-01  1.56e-01  1.28e-01  8.16e-02  5.84e-02  2.62e-02  4.40e+03  1.12e+02 -1.00e+05
2016 02 24  1015   57442  36900   5.58e-01  1.71e-01  1.43e-01  9.71e-02  8.62e-02  3.63e-02  4.35e+03  1.12e+02 -1.00e+05
2016 02 24  1020   57442  37200   9.78e-01  3.64e-01  1.88e-01  6.43e-02  4.62e-02  2.28e-02  4.27e+03  1.08e+02 -1.00e+05
2016 02 24  1025   57442  37500   1.04e+00  2.80e-01  1.86e-01  1.28e-01  1.18e-01  4.64e-02  4.57e+03  1.22e+02 -1.00e+05
2016 02 24  1030   57442  37800   1.38e+00  2.93e-01  1.08e-01  5.95e-02  4.86e-02  2.42e-02  4.40e+03  1.20e+02 -1.00e+05
2016 02 24  1035   57442  38100   1.03e+00  2.35e-01  1.32e-01  7.34e-02  6.25e-02  4.11e-02  4.42e+03  1.19e+02 -1.00e+05
2016 02 24  1040   57442  38400   1.47e+00  2.97e-01  1.59e-01  1.11e-01  9.96e-02  7.83e-02  4.44e+03  1.18e+02 -1.00e+05
2016 02 24  1045   57442  38700   8.75e-01  1.71e-01  1.43e-01  9.71e-02  8.62e-02  3.63e-02  4.39e+03  1.16e+02 -1.00e+05
2016 02 24  1050   57442  39000   8.78e-01  2.16e-01  1.62e-01  1.10e-01  7.08e-02  4.11e-02  4.27e+03  1.14e+02 -1.00e+05
2016 02 24  1055   57442  39300   8.16e-01  1.81e-01  1.53e-01  1.07e-01  8.35e-02  3.43e-02  4.43e+03  1.19e+02 -1.00e+05
2016 02 24  1100   57442  39600   9.89e-01  2.23e-01  1.15e-01  6.58e-02  5.49e-02  2.62e-02  4.26e+03  1.17e+02 -1.00e+05
2016 02 24  1105   57442  39900   1.31e+00  4.62e-01  3.67e-01  1.17e-01  6.48e-02  2.62e-02  4.54e+03  1.23e+02 -1.00e+05
2016 02 24  1110   57442  40200   6.28e-01  2.26e-01  1.98e-01  1.51e-01  1.13e-01  4.24e-02  4.45e+03  1.21e+02 -1.00e+05
2016 02 24  1115   57442  40500   7.96e-01  1.37e-01  1.09e-01  6.35e-02  5.25e-02  3.12e-02  4.69e+03  1.30e+02 -1.00e+05
2016 02 24  1120   57442  40800   1.00e+00  1.88e-01  1.60e-01  1.14e-01  1.03e-01  5.76e-02  4.84e+03  1.34e+02 -1.00e+05
2016 02 24  1125   57442  41100   5.95e-01  1.29e-01  1.01e-01  5.50e-02  4.41e-02  2.28e-02  4.75e+03  1.30e+02 -1.00e+05
2016 02 24  1130   57442  41400   1.54e+00  3.55e-01  1.93e-01  1.42e-01  9.14e-02  5.85e-02  4.67e+03  1.23e+02 -1.00e+05
2016 02 24  1135   57442  41700   5.51e-01  1.79e-01  1.51e-01  1.05e-01  8.19e-02  2.41e-02  4.61e+03  1.25e+02 -1.00e+05
2016 02 24  1140   57442  42000   6.24e-01  1.32e-01  1.03e-01  5.77e-02  4.47e-02  2.28e-02  4.89e+03  1.35e+02 -1.00e+05
2016 02 24  1145   57442  42300   8.54e-01  2.27e-01  1.98e-01  1.52e-01  1.08e-01  4.11e-02  4.93e+03  1.34e+02 -1.00e+05
2016 02 24  1150   57442  42600   1.14e+00  2.68e-01  1.64e-01  1.04e-01  5.50e-02  2.28e-02  4.93e+03  1.38e+02 -1.00e+05
2016 02 24  1155   57442  42900   7.73e-01  1.58e-01  1.30e-01  8.46e-02  7.37e-02  3.23e-02  4.96e+03  1.40e+02 -1.00e+05
2016 02 24  1200   57442  43200   1.02e+00  1.69e-01  1.22e-01  7.37e-02  6.27e-02  3.45e-02  4.91e+03  1.36e+02 -1.00e+05
2016 02 24  1205   57442  43500   1.03e+00  2.83e-01  2.55e-01  7.34e-02  6.25e-02  4.11e-02  4.75e+03  1.37e+02 -1.00e+05
2016 02 24  1210   57442  43800   8.70e-01  2.22e-01  1.69e-01  8.33e-02  7.24e-02  5.10e-02  4.96e+03  1.40e+02 -1.00e+05
2016 02 24  1215   57442  44100   7.58e-01  1.66e-01  1.11e-01  6.10e-02  5.01e-02  2.88e-02  4.60e+03  1.35e+02 -1.00e+05
2016 02 24  1220   57442  44400   1.65e+00  5.57e-01  2.60e-01  7.74e-02  4.91e-02  2.28e-02  4.76e+03  1.33e+02 -1.00e+05
2016 02 24  1225   57442  44700   8.63e-01  3.39e-01  2.85e-01  9.90e-02  7.01e-02  4.36e-02  5.06e+03  1.42e+02 -1.00e+05
2016 02 24  1230   57442  45000   8.74e-01  1.77e-01  1.24e-01  7.34e-02  6.25e-02  4.11e-02  5.19e+03  1.47e+02 -1.00e+05
2016 02 24  1235   57442  45300   7.16e-01  1.61e-01  1.33e-01  8.71e-02  7.62e-02  4.22e-02  5.19e+03  1.53e+02 -1.00e+05
2016 02 24  1240   57442  45600   6.72e-01  1.60e-01  1.31e-01  8.52e-02  5.94e-02  3.37e-02  5.21e+03  1.65e+02 -1.00e+05
2016 02 24  1245   57442  45900   9.78e-01  1.96e-01  1.67e-01  1.22e-01  1.04e-01  7.39e-02  5.64e+03  1.95e+02 -1.00e+05
2016 02 24  1250   57442  46200   8.61e-01  2.68e-01  2.40e-01  5.50e-02  4.41e-02  2.28e-02  6.82e+03  2.52e+02 -1.00e+05
2016 02 24  1255   57442  46500   7.48e-01  1.29e-01  1.01e-01  5.50e-02  4.41e-02  2.28e-02  6.85e+03  2.46e+02 -1.00e+05
2016 02 24  1300   57442  46800   7.85e-01  1.52e-01  1.23e-01  7.79e-02  6.69e-02  4.56e-02  6.72e+03  2.45e+02 -1.00e+05
2016 02 24  1305   57442  47100   9.32e-01  1.76e-01  1.47e-01  5.77e-02  4.47e-02  2.28e-02  6.63e+03  2.38e+02 -1.00e+05
2016 02 24  1310   57442  47400   1.58e+00  3.20e-01  1.66e-01  1.17e-01  1.06e-01  7.04e-02  6.74e+03  2.60e+02 -1.00e+05
2016 02 24  1315   57442  47700   1.64e+00  2.23e-01  1.82e-01  1.35e-01  1.24e-01  4.84e-02  7.13e+03  2.91e+02 -1.00e+05
2016 02 24  1320   57442  48000   1.59e+00  1.61e-01  1.09e-01  5.95e-02  4.86e-02  2.42e-02  8.23e+03  3.56e+02 -1.00e+05
2016 02 24  1325   57442  48300   2.38e+00  2.83e-01  1.80e-01  1.20e-01  6.91e-02  3.62e-02  8.91e+03  4.12e+02 -1.00e+05
2016 02 24  1330   57442  48600   1.75e+00  2.07e-01  1.78e-01  7.39e-02  5.87e-02  3.62e-02  9.42e+03  4.62e+02 -1.00e+05
2016 02 24  1335   57442  48900   1.96e+00  2.34e-01  2.05e-01  9.70e-02  5.35e-02  2.28e-02  9.41e+03  4.74e+02 -1.00e+05
2016 02 24  1340   57442  49200   3.61e+00  4.09e-01  2.14e-01  1.16e-01  1.05e-01  4.24e-02  9.03e+03  4.59e+02 -1.00e+05
2016 02 24  1345   57442  49500   3.93e+00  4.98e-01  2.39e-01  7.08e-02  4.76e-02  2.28e-02  9.25e+03  4.71e+02 -1.00e+05
2016 02 24  1350   57442  49800   3.46e+00  3.38e-01  1.93e-01  1.14e-01  7.54e-02  3.03e-02  9.41e+03  4.76e+02 -1.00e+05
2016 02 24  1355   57442  50100   3.74e+00  3.71e-01  2.02e-01  1.52e-01  1.03e-01  3.83e-02  9.43e+03  4.76e+02 -1.00e+05
2016 02 24  1400   57442  50400   1.94e+00  1.74e-01  1.45e-01  9.90e-02  7.01e-02  4.36e-02  9.49e+03  4.94e+02 -1.00e+05
2016 02 24  1405   57442  50700   2.25e+00  2.26e-01  1.71e-01  5.50e-02  4.41e-02  2.28e-02  9.86e+03  4.92e+02 -1.00e+05
2016 02 24  1410   57442  51000   2.93e+00  2.41e-01  1.37e-01  7.74e-02  4.91e-02  2.28e-02  9.74e+03  5.00e+02 -1.00e+05
2016 02 24  1415   57442  51300   1.95e+00  1.72e-01  1.44e-01  9.83e-02  8.47e-02  4.97e-02  9.58e+03  5.07e+02 -1.00e+05
2016 02 24  1420   57442  51600   2.31e+00  2.18e-01  1.64e-01  7.83e-02  6.74e-02  4.61e-02  9.94e+03  5.24e+02 -1.00e+05
2016 02 24  1425   57442  51900   3.09e+00  4.59e-01  2.48e-01  5.50e-02  4.41e-02  2.28e-02  9.94e+03  5.18e+02 -1.00e+05
2016 02 24  1430   57442  52200   1.89e+00  1.29e-01  1.01e-01  5.50e-02  4.41e-02  2.28e-02  9.92e+03  5.31e+02 -1.00e+05
2016 02 24  1435   57442  52500   2.02e+00  1.97e-01  1.69e-01  1.23e-01  1.12e-01  4.88e-02  9.91e+03  5.19e+02 -1.00e+05
2016 02 24  1440   57442  52800   2.53e+00  2.19e-01  1.34e-01  7.83e-02  6.74e-02  3.03e-02  9.93e+03  5.39e+02 -1.00e+05
2016 02 24  1445   57442  53100   2.12e+00  1.63e-01  1.35e-01  8.95e-02  7.86e-02  5.14e-02  1.01e+04  5.35e+02 -1.00e+05
2016 02 24  1450   57442  53400   1.99e+00  1.90e-01  1.62e-01  5.50e-02  4.41e-02  2.28e-02  1.04e+04  5.73e+02 -1.00e+05
2016 02 24  1455   57442  53700   2.08e+00  1.65e-01  1.37e-01  9.05e-02  5.21e-02  2.28e-02  1.04e+04  5.68e+02 -1.00e+05
2016 02 24  1500   57442  54000   1.96e+00  1.29e-01  1.01e-01  5.50e-02  4.41e-02  2.28e-02  1.03e+04  5.74e+02 -1.00e+05
2016 02 24  1505   57442  54300   4.17e+00  3.83e-01  1.88e-01  8.23e-02  7.14e-02  4.57e-02  1.07e+04  5.90e+02 -1.00e+05
2016 02 24  1510   57442  54600   4.18e+00  2.46e-01  1.07e-01  5.77e-02  4.47e-02  2.28e-02  1.07e+04  6.05e+02 -1.00e+05
2016 02 24  1515   57442  54900   2.51e+00  2.33e-01  2.04e-01  1.28e-01  1.18e-01  4.64e-02  1.11e+04  6.39e+02 -1.00e+05
2016 02 24  1520   57442  55200   2.72e+00  2.18e-01  1.65e-01  1.15e-01  9.10e-02  6.59e-02  1.12e+04  6.41e+02 -1.00e+05
2016 02 24  1525   57442  55500   3.02e+00  1.98e-01  1.57e-01  1.08e-01  6.91e-02  2.83e-02  1.16e+04  6.65e+02 -1.00e+05
2016 02 24  1530   57442  55800   3.57e+00  2.62e-01  2.11e-01  9.26e-02  8.17e-02  2.41e-02  1.17e+04  6.66e+02 -1.00e+05
2016 02 24  1535   57442  56100   4.30e+00  2.18e-01  1.14e-01  5.50e-02  4.41e-02  2.28e-02  1.27e+04  7.43e+02 -1.00e+05
2016 02 24  1540   57442  56400   2.94e+00  2.15e-01  1.87e-01  1.27e-01  8.31e-02  3.23e-02  1.29e+04  7.52e+02 -1.00e+05
2016 02 24  1545   57442  56700   3.35e+00  2.09e-01  1.80e-01  7.83e-02  6.74e-02  4.61e-02  1.30e+04  7.79e+02 -1.00e+05
2016 02 24  1550   57442  57000   5.28e+00  2.55e-01  1.54e-01  9.57e-02  8.47e-02  6.34e-02  1.35e+04  7.98e+02 -1.00e+05
2016 02 24  1555   57442  57300   4.20e+00  2.93e-01  2.42e-01  5.95e-02  4.86e-02  2.42e-02  1.36e+04  8.17e+02 -1.00e+05
2016 02 24  1600   57442  57600   3.56e+00  1.76e-01  1.48e-01  5.50e-02  4.41e-02  2.28e-02  1.37e+04  8.48e+02 -1.00e+05
2016 02 24  1605   57442  57900   3.84e+00  2.06e-01  1.78e-01  1.32e-01  1.21e-01  6.00e-02  1.49e+04  9.24e+02 -1.00e+05
2016 02 24  1610   57442  58200   4.36e+00  2.34e-01  2.05e-01  1.14e-01  6.58e-02  2.62e-02  1.50e+04  9.33e+02 -1.00e+05
2016 02 24  1615   57442  58500   5.13e+00  2.32e-01  1.76e-01  6.43e-02  4.62e-02  2.28e-02  1.51e+04  9.63e+02 -1.00e+05
2016 02 24  1620   57442  58800   7.71e+00  4.90e-01  2.88e-01  7.08e-02  4.76e-02  2.28e-02  1.63e+04  1.00e+03 -1.00e+05
2016 02 24  1625   57442  59100   4.85e+00  1.81e-01  1.48e-01  1.01e-01  9.02e-02  5.17e-02  1.62e+04  1.01e+03 -1.00e+05
2016 02 24  1630   57442  59400   7.25e+00  2.98e-01  1.96e-01  8.08e-02  6.99e-02  4.86e-02  1.65e+04  1.04e+03 -1.00e+05
2016 02 24  1635   57442  59700   7.86e+00  3.32e-01  2.01e-01  1.36e-01  1.04e-01  5.92e-02  1.68e+04  1.05e+03 -1.00e+05
2016 02 24  1640   57442  60000   5.85e+00  1.61e-01  1.05e-01  5.50e-02  4.41e-02  2.28e-02  1.73e+04  1.11e+03 -1.00e+05
2016 02 24  1645   57442  60300   4.97e+00  1.42e-01  1.14e-01  6.84e-02  5.75e-02  3.62e-02  1.80e+04  1.15e+03 -1.00e+05
2016 02 24  1650   57442  60600   5.10e+00  1.46e-01  1.18e-01  7.21e-02  6.11e-02  2.83e-02  1.83e+04  1.14e+03 -1.00e+05
2016 02 24  1655   57442  60900   5.15e+00  1.45e-01  1.16e-01  7.09e-02  6.00e-02  3.87e-02  1.88e+04  1.17e+03 -1.00e+05
2016 02 24  1700   57442  61200   1.02e+01  3.10e-01  1.47e-01  9.84e-02  8.34e-02  6.10e-02  1.90e+04  1.18e+03 -1.00e+05
2016 02 24  1705   57442  61500   5.73e+00  1.29e-01  1.01e-01  5.50e-02  4.41e-02  2.28e-02  1.92e+04  1.23e+03 -1.00e+05
2016 02 24  1710   57442  61800   5.56e+00  1.30e-01  1.02e-01  5.60e-02  4.51e-02  2.38e-02  2.04e+04  1.25e+03 -1.00e+05
2016 02 24  1715   57442  62100   5.89e+00  2.22e-01  1.93e-01  1.48e-01  1.37e-01  5.50e-02  2.07e+04  1.30e+03 -1.00e+05
2016 02 24  1720   57442  62400   1.12e+01  2.78e-01  1.21e-01  7.23e-02  6.13e-02  2.90e-02  2.10e+04  1.31e+03 -1.00e+05
2016 02 24  1725   57442  62700   1.01e+01  2.61e-01  1.50e-01  1.01e-01  8.97e-02  6.84e-02  2.20e+04  1.34e+03 -1.00e+05
2016 02 24  1730   57442  63000   9.61e+00  2.43e-01  1.40e-01  7.99e-02  5.24e-02  2.63e-02  2.20e+04  1.37e+03 -1.00e+05
2016 02 24  1735   57442  63300   9.24e+00  2.40e-01  1.39e-01  8.01e-02  6.92e-02  4.79e-02  2.21e+04  1.39e+03 -1.00e+05
2016 02 24  1740   57442  63600   7.12e+00  1.29e-01  1.01e-01  5.50e-02  4.41e-02  2.28e-02  2.28e+04  1.41e+03 -1.00e+05
2016 02 24  1745   57442  63900   1.19e+01  3.21e-01  1.78e-01  5.50e-02  4.41e-02  2.28e-02  2.27e+04  1.43e+03 -1.00e+05
2016 02 24  1750   57442  64200   8.41e+00  2.25e-01  1.70e-01  5.77e-02  4.47e-02  2.28e-02  2.26e+04  1.42e+03 -1.00e+05
2016 02 24  1755   57442  64500   8.63e+00  1.75e-01  1.21e-01  7.09e-02  6.00e-02  3.87e-02  2.28e+04  1.43e+03 -1.00e+05
2016 02 24  1800   57442  64800   7.44e+00  1.67e-01  1.39e-01  9.32e-02  8.23e-02  6.10e-02  2.30e+04  1.46e+03 -1.00e+05
2016 02 24  1805   57442  65100   8.25e+00  1.62e-01  1.34e-01  8.82e-02  7.73e-02  5.60e-02  2.30e+04  1.45e+03 -1.00e+05
2016 02 24  1810   57442  65400   7.74e+00  2.00e-01  1.72e-01  6.43e-02  4.62e-02  2.28e-02  2.16e+04  1.38e+03 -1.00e+05
2016 02 24  1815   57442  65700   1.06e+01  2.74e-01  2.20e-01  1.12e-01  7.31e-02  4.36e-02  2.19e+04  1.38e+03 -1.00e+05
2016 02 24  1820   57442  66000   1.79e+01  3.35e-01  1.05e-01  5.60e-02  4.51e-02  2.38e-02  2.09e+04  1.31e+03 -1.00e+05
2016 02 24  1825   57442  66300   8.13e+00  1.66e-01  1.37e-01  9.17e-02  7.85e-02  5.65e-02  2.08e+04  1.29e+03 -1.00e+05
2016 02 24  1830   57442  66600   8.43e+00  1.72e-01  1.44e-01  9.70e-02  5.35e-02  2.28e-02  2.08e+04  1.32e+03 -1.00e+05
2016 02 24  1835   57442  66900   8.63e+00  1.50e-01  1.21e-01  7.53e-02  5.21e-02  2.42e-02  2.16e+04  1.33e+03 -1.00e+05
2016 02 24  1840   57442  67200   1.40e+01  2.30e-01  1.17e-01  6.84e-02  5.75e-02  3.62e-02  2.08e+04  1.33e+03 -1.00e+05
2016 02 24  1845   57442  67500   8.73e+00  1.78e-01  1.49e-01  1.04e-01  9.04e-02  6.84e-02  2.13e+04  1.34e+03 -1.00e+05
2016 02 24  1850   57442  67800   9.28e+00  2.73e-01  2.44e-01  1.00e-01  8.20e-02  3.43e-02  2.20e+04  1.38e+03 -1.00e+05
2016 02 24  1855   57442  68100   9.08e+00  1.33e-01  1.05e-01  5.95e-02  4.86e-02  2.42e-02  2.20e+04  1.43e+03 -1.00e+05
2016 02 24  1900   57442  68400   1.67e+01  2.97e-01  1.74e-01  1.25e-01  9.92e-02  4.82e-02  2.21e+04  1.47e+03 -1.00e+05
2016 02 24  1905   57442  68700   9.87e+00  1.52e-01  1.24e-01  7.74e-02  4.91e-02  2.28e-02  2.30e+04  1.49e+03 -1.00e+05
2016 02 24  1910   57442  69000   9.79e+00  2.72e-01  2.44e-01  7.41e-02  6.32e-02  3.63e-02  2.29e+04  1.56e+03 -1.00e+05
2016 02 24  1915   57442  69300   1.77e+01  2.80e-01  1.42e-01  9.32e-02  8.23e-02  6.10e-02  2.46e+04  1.58e+03 -1.00e+05
2016 02 24  1920   57442  69600   1.07e+01  2.42e-01  2.14e-01  1.11e-01  9.99e-02  4.48e-02  2.49e+04  1.65e+03 -1.00e+05
2016 02 24  1925   57442  69900   1.81e+01  4.50e-01  2.87e-01  7.08e-02  4.76e-02  2.28e-02  2.58e+04  1.78e+03 -1.00e+05
2016 02 24  1930   57442  70200   1.16e+01  1.29e-01  1.01e-01  5.50e-02  4.41e-02  2.28e-02  2.78e+04  1.88e+03 -1.00e+05
2016 02 24  1935   57442  70500   1.14e+01  1.90e-01  1.61e-01  1.16e-01  1.05e-01  4.24e-02  2.79e+04  2.01e+03 -1.00e+05
2016 02 24  1940   57442  70800   1.82e+01  2.21e-01  1.17e-01  5.77e-02  4.47e-02  2.28e-02  3.00e+04  2.18e+03 -1.00e+05
2016 02 24  1945   57442  71100   1.34e+01  1.47e-01  1.19e-01  7.34e-02  6.25e-02  4.11e-02  3.10e+04  2.26e+03 -1.00e+05
2016 02 24  1950   57442  71400   1.54e+01  2.15e-01  1.64e-01  5.95e-02  4.86e-02  2.42e-02  3.00e+04  2.22e+03 -1.00e+05
2016 02 24  1955   57442  71700   1.26e+01  1.90e-01  1.62e-01  1.15e-01  6.10e-02  2.42e-02  3.00e+04  2.21e+03 -1.00e+05
2016 02 24  2000   57442  72000   1.90e+01  3.16e-01  1.87e-01  8.73e-02  7.43e-02  3.23e-02  2.95e+04  2.12e+03 -1.00e+05
2016 02 24  2005   57442  72300   1.25e+01  2.00e-01  1.72e-01  8.09e-02  7.00e-02  4.87e-02  2.87e+04  2.05e+03 -1.00e+05
2016 02 24  2010   57442  72600   1.98e+01  2.78e-01  1.65e-01  1.16e-01  1.05e-01  4.24e-02  2.86e+04  2.02e+03 -1.00e+05
2016 02 24  2015   57442  72900   1.28e+01  1.78e-01  1.49e-01  1.04e-01  9.30e-02  6.27e-02  2.97e+04  2.02e+03 -1.00e+05
2016 02 24  2020   57442  73200   1.22e+01  1.90e-01  1.62e-01  5.50e-02  4.41e-02  2.28e-02  2.94e+04  2.06e+03 -1.00e+05
2016 02 24  2025   57442  73500   1.25e+01  1.55e-01  1.27e-01  8.15e-02  7.05e-02  4.57e-02  3.02e+04  2.09e+03 -1.00e+05
2016 02 24  2030   57442  73800   1.26e+01  1.96e-01  1.67e-01  8.81e-02  7.72e-02  4.59e-02  3.09e+04  2.13e+03 -1.00e+05
2016 02 24  2035   57442  74100   2.24e+01  4.93e-01  2.94e-01  8.47e-02  7.27e-02  5.10e-02  3.13e+04  2.18e+03 -1.00e+05
2016 02 24  2040   57442  74400   1.20e+01  1.35e-01  1.07e-01  6.10e-02  5.01e-02  2.88e-02  3.13e+04  2.17e+03 -1.00e+05
2016 02 24  2045   57442  74700   2.04e+01  4.95e-01  2.45e-01  1.23e-01  1.12e-01  9.05e-02  3.13e+04  2.13e+03 -1.00e+05
2016 02 24  2050   57442  75000   2.28e+01  6.98e-01  3.30e-01  1.10e-01  5.65e-02  2.28e-02  3.13e+04  2.08e+03 -1.00e+05
2016 02 24  2055   57442  75300   1.01e+01  2.13e-01  1.85e-01  7.74e-02  4.91e-02  2.28e-02  3.13e+04  2.08e+03 -1.00e+05
2016 02 24  2100   57442  75600   9.68e+00  1.74e-01  1.45e-01  9.97e-02  8.88e-02  4.62e-02  3.07e+04  2.04e+03 -1.00e+05
2016 02 24  2105   57442  75900   9.52e+00  1.34e-01  1.06e-01  6.02e-02  4.93e-02  2.68e-02  2.98e+04  1.96e+03 -1.00e+05
2016 02 24  2110   57442  76200   1.26e+01  2.92e-01  1.92e-01  8.13e-02  7.04e-02  4.91e-02  2.83e+04  1.80e+03 -1.00e+05
2016 02 24  2115   57442  76500   8.73e+00  1.62e-01  1.34e-01  8.82e-02  7.73e-02  5.60e-02  2.73e+04  1.68e+03 -1.00e+05
2016 02 24  2120   57442  76800   8.76e+00  1.76e-01  1.48e-01  5.50e-02  4.41e-02  2.28e-02  2.67e+04  1.63e+03 -1.00e+05
2016 02 24  2125   57442  77100   1.22e+01  2.89e-01  1.85e-01  6.43e-02  4.62e-02  2.28e-02  2.73e+04  1.67e+03 -1.00e+05
2016 02 24  2130   57442  77400   1.49e+01  3.37e-01  1.95e-01  1.45e-01  1.07e-01  4.03e-02  2.70e+04  1.64e+03 -1.00e+05
2016 02 24  2135   57442  77700   1.52e+01  3.32e-01  2.01e-01  1.53e-01  9.80e-02  6.36e-02  2.63e+04  1.61e+03 -1.00e+05
2016 02 24  2140   57442  78000   1.48e+01  2.90e-01  1.36e-01  8.99e-02  7.89e-02  5.32e-02  2.63e+04  1.60e+03 -1.00e+05
2016 02 24  2145   57442  78300   1.53e+01  4.92e-01  3.12e-01  1.12e-01  8.20e-02  4.40e-02  2.63e+04  1.57e+03 -1.00e+05
2016 02 24  2150   57442  78600   8.61e+00  1.51e-01  1.21e-01  7.76e-02  6.38e-02  4.14e-02  2.60e+04  1.60e+03 -1.00e+05
2016 02 24  2155   57442  78900   1.35e+01  3.33e-01  1.91e-01  7.64e-02  6.54e-02  4.38e-02  2.60e+04  1.55e+03 -1.00e+05
2016 02 24  2200   57442  79200   1.25e+01  2.06e-01  1.14e-01  5.94e-02  4.85e-02  2.43e-02  2.60e+04  1.59e+03 -1.00e+05
2016 02 24  2205   57442  79500   8.58e+00  2.30e-01  2.00e-01  8.38e-02  7.29e-02  5.13e-02  2.60e+04  1.57e+03 -1.00e+05
2016 02 24  2210   57442  79800   1.23e+01  2.39e-01  1.45e-01  8.89e-02  6.44e-02  3.89e-02  2.60e+04  1.57e+03 -1.00e+05
2016 02 24  2215   57442  80100   9.77e+00  1.48e-01  1.02e-01  5.56e-02  4.46e-02  2.30e-02  2.60e+04  1.56e+03 -1.00e+05
2016 02 24  2220   57442  80400   1.23e+01  3.45e-01  2.52e-01  1.23e-01  8.17e-02  5.37e-02  2.57e+04  1.52e+03 -1.00e+05
2016 02 24  2225   57442  80700   1.13e+01  2.08e-01  1.47e-01  9.70e-02  8.61e-02  3.63e-02  2.57e+04  1.50e+03 -1.00e+05
2016 02 24  2230   57442  81000   1.55e+01  5.05e-01  2.54e-01  5.56e-02  4.46e-02  2.30e-02  2.52e+04  1.49e+03 -1.00e+05
2016 02 24  2235   57442  81300   9.09e+00  1.45e-01  1.16e-01  7.09e-02  4.81e-02  2.30e-02  2.47e+04  1.45e+03 -1.00e+05
2016 02 24  2240   57442  81600   1.25e+01  3.74e-01  2.79e-01  2.21e-01  1.28e-01  3.32e-02  2.46e+04  1.41e+03 -1.00e+05
2016 02 24  2245   57442  81900   1.66e+01  6.84e-01  3.89e-01  1.32e-01  9.87e-02  3.83e-02  2.45e+04  1.41e+03 -1.00e+05
2016 02 24  2250   57442  82200   8.85e+00  1.28e-01  9.92e-02  5.56e-02  4.46e-02  2.30e-02  2.43e+04  1.39e+03 -1.00e+05
2016 02 24  2255   57442  82500   8.78e+00  2.06e-01  1.77e-01  9.36e-02  8.27e-02  6.11e-02  2.45e+04  1.41e+03 -1.00e+05
2016 02 24  2300   57442  82800   8.19e+00  1.29e-01  1.00e-01  5.56e-02  4.46e-02  2.30e-02  2.46e+04  1.43e+03 -1.00e+05
2016 02 24  2305   57442  83100   9.30e+00  2.34e-01  1.88e-01  5.56e-02  4.46e-02  2.30e-02  2.50e+04  1.41e+03 -1.00e+05
2016 02 24  2310   57442  83400   7.32e+00  1.58e-01  1.28e-01  5.56e-02  4.46e-02  2.30e-02  2.51e+04  1.42e+03 -1.00e+05
2016 02 24  2315   57442  83700   7.52e+00  1.71e-01  1.42e-01  9.87e-02  8.77e-02  6.61e-02  2.53e+04  1.42e+03 -1.00e+05
2016 02 24  2320   57442  84000   7.38e+00  1.69e-01  1.40e-01  5.56e-02  4.46e-02  2.30e-02  2.46e+04  1.42e+03 -1.00e+05
2016 02 24  2325   57442  84300   1.33e+01  2.59e-01  1.02e-01  5.56e-02  4.46e-02  2.30e-02  2.46e+04  1.37e+03 -1.00e+05
2016 02 24  2330   57442  84600   7.00e+00  2.25e-01  1.96e-01  6.44e-02  4.66e-02  2.30e-02  2.45e+04  1.34e+03 -1.00e+05
2016 02 24  2335   57442  84900   7.55e+00  2.05e-01  1.75e-01  7.14e-02  6.05e-02  3.89e-02  2.34e+04  1.29e+03 -1.00e+05
2016 02 24  2340   57442  85200   6.93e+00  1.90e-01  1.61e-01  6.65e-02  5.55e-02  3.39e-02  2.33e+04  1.28e+03 -1.00e+05
2016 02 24  2345   57442  85500   7.30e+00  2.01e-01  1.72e-01  6.57e-02  5.47e-02  2.63e-02  2.33e+04  1.26e+03 -1.00e+05
2016 02 24  2350   57442  85800   7.09e+00  1.83e-01  1.53e-01  1.09e-01  6.88e-02  3.89e-02  2.33e+04  1.25e+03 -1.00e+05
2016 02 24  2355   57442  86100   7.31e+00  1.28e-01  9.92e-02  5.56e-02  4.46e-02  2.30e-02  2.40e+04  1.30e+03 -1.00e+05
