:Data_list: 20160805_Gp_part_5m.txt
:Created: 2016 Aug 06 0011 UTC
# Prepared by the U.S. Dept. of Commerce, NOAA, Space Weather Prediction Center
# Please send comments and suggestions to SWPC.Webmaster@noaa.gov 
# 
# Label: P > 1 = Particles at >1 Mev
# Label: P > 5 = Particles at >5 Mev
# Label: P >10 = Particles at >10 Mev
# Label: P >30 = Particles at >30 Mev
# Label: P >50 = Particles at >50 Mev
# Label: P>100 = Particles at >100 Mev
# Label: E>0.8 = Electrons at >0.8 Mev
# Label: E>2.0 = Electrons at >2.0 Mev
# Label: E>4.0 = Electrons at >4.0 Mev
# Units: Particles = Protons/cm2-s-sr
# Units: Electrons = Electrons/cm2-s-sr
# Source: GOES-13
# Location: W075
# Missing data: -1.00e+05
#
#                      5-minute  GOES-13 Solar Particle and Electron Flux
#
#                 Modified Seconds
# UTC Date  Time   Julian  of the
# YR MO DA  HHMM    Day     Day     P > 1     P > 5     P >10     P >30     P >50     P>100     E>0.8     E>2.0     E>4.0
#-------------------------------------------------------------------------------------------------------------------------
2016 08 05  0000   57605      0   2.27e+01  2.88e-01  1.61e-01  1.02e-01  8.98e-02  6.61e-02  3.31e+04  7.87e+02 -1.00e+05
2016 08 05  0005   57605    300   2.01e+01  2.54e-01  1.59e-01  1.05e-01  9.32e-02  3.97e-02  3.24e+04  8.15e+02 -1.00e+05
2016 08 05  0010   57605    600   2.17e+01  2.62e-01  1.32e-01  7.25e-02  5.64e-02  3.14e-02  3.31e+04  8.30e+02 -1.00e+05
2016 08 05  0015   57605    900   1.43e+01  2.65e-01  2.35e-01  1.24e-01  1.12e-01  4.58e-02  3.39e+04  8.63e+02 -1.00e+05
2016 08 05  0020   57605   1200   1.80e+01  2.28e-01  1.50e-01  9.91e-02  8.73e-02  6.36e-02  3.26e+04  8.16e+02 -1.00e+05
2016 08 05  0025   57605   1500   2.39e+01  2.89e-01  1.24e-01  8.01e-02  6.83e-02  3.23e-02  3.09e+04  8.15e+02 -1.00e+05
2016 08 05  0030   57605   1800   1.36e+01  2.36e-01  2.06e-01  1.63e-01  1.26e-01  5.02e-02  3.04e+04  7.55e+02 -1.00e+05
2016 08 05  0035   57605   2100   2.15e+01  2.70e-01  1.46e-01  1.01e-01  5.83e-02  2.57e-02  2.96e+04  7.39e+02 -1.00e+05
2016 08 05  0040   57605   2400   1.67e+01  1.93e-01  1.12e-01  6.11e-02  4.93e-02  2.57e-02  2.92e+04  7.21e+02 -1.00e+05
2016 08 05  0045   57605   2700   1.23e+01  1.71e-01  1.39e-01  9.64e-02  8.44e-02  6.04e-02  2.89e+04  7.27e+02 -1.00e+05
2016 08 05  0050   57605   3000   1.13e+01  1.46e-01  1.15e-01  7.22e-02  6.02e-02  2.93e-02  2.80e+04  6.87e+02 -1.00e+05
2016 08 05  0055   57605   3300   1.42e+01  3.55e-01  3.02e-01  1.15e-01  7.50e-02  3.29e-02  2.75e+04  6.60e+02 -1.00e+05
2016 08 05  0100   57605   3600   1.20e+01  2.28e-01  1.96e-01  1.54e-01  1.42e-01  5.55e-02  2.66e+04  6.63e+02 -1.00e+05
2016 08 05  0105   57605   3900   1.39e+01  1.76e-01  1.35e-01  9.10e-02  7.90e-02  3.53e-02  2.48e+04  6.29e+02 -1.00e+05
2016 08 05  0110   57605   4200   1.07e+01  2.34e-01  2.02e-01  1.14e-01  1.02e-01  7.77e-02  2.34e+04  5.57e+02 -1.00e+05
2016 08 05  0115   57605   4500   1.09e+01  1.53e-01  1.22e-01  7.91e-02  6.71e-02  4.30e-02  2.30e+04  5.53e+02 -1.00e+05
2016 08 05  0120   57605   4800   8.45e+00  2.24e-01  1.93e-01  6.21e-02  5.01e-02  2.61e-02  2.29e+04  5.69e+02 -1.00e+05
2016 08 05  0125   57605   5100   8.05e+00  1.61e-01  1.29e-01  7.78e-02  5.91e-02  3.31e-02  2.33e+04  5.48e+02 -1.00e+05
2016 08 05  0130   57605   5400   8.35e+00  2.42e-01  1.81e-01  9.89e-02  8.69e-02  6.28e-02  2.19e+04  5.08e+02 -1.00e+05
2016 08 05  0135   57605   5700   6.55e+00  2.15e-01  1.83e-01  1.41e-01  1.29e-01  7.30e-02  2.12e+04  4.91e+02 -1.00e+05
2016 08 05  0140   57605   6000   6.42e+00  2.24e-01  1.93e-01  6.21e-02  5.01e-02  2.61e-02  1.97e+04  4.62e+02 -1.00e+05
2016 08 05  0145   57605   6300   8.88e+00  2.17e-01  1.57e-01  1.09e-01  9.68e-02  7.27e-02  1.87e+04  4.17e+02 -1.00e+05
2016 08 05  0150   57605   6600   6.71e+00  1.84e-01  1.52e-01  6.21e-02  5.01e-02  2.61e-02  1.73e+04  3.74e+02 -1.00e+05
2016 08 05  0155   57605   6900   7.26e+00  2.22e-01  1.90e-01  1.47e-01  1.35e-01  5.35e-02  1.66e+04  3.56e+02 -1.00e+05
2016 08 05  0200   57605   7200   8.01e+00  2.24e-01  1.93e-01  6.21e-02  5.01e-02  2.61e-02  1.70e+04  3.52e+02 -1.00e+05
2016 08 05  0205   57605   7500   1.14e+01  2.32e-01  1.19e-01  6.21e-02  5.01e-02  2.61e-02  1.60e+04  3.39e+02 -1.00e+05
2016 08 05  0210   57605   7800   1.22e+01  2.64e-01  1.49e-01  1.03e-01  5.73e-02  2.61e-02  1.53e+04  3.04e+02 -1.00e+05
2016 08 05  0215   57605   8100   1.23e+01  2.47e-01  1.07e-01  6.21e-02  5.01e-02  2.61e-02  1.49e+04  3.22e+02 -1.00e+05
2016 08 05  0220   57605   8400   7.07e+00  1.68e-01  1.36e-01  9.24e-02  5.70e-02  2.61e-02  1.50e+04  3.14e+02 -1.00e+05
2016 08 05  0225   57605   8700   6.73e+00  1.78e-01  1.46e-01  1.04e-01  9.15e-02  3.94e-02  1.61e+04  3.47e+02 -1.00e+05
2016 08 05  0230   57605   9000   6.39e+00  2.32e-01  2.00e-01  1.58e-01  1.43e-01  5.55e-02  1.67e+04  3.41e+02 -1.00e+05
2016 08 05  0235   57605   9300   6.57e+00  1.61e-01  1.29e-01  8.59e-02  5.55e-02  2.61e-02  1.51e+04  3.09e+02 -1.00e+05
2016 08 05  0240   57605   9600   5.92e+00  1.90e-01  1.59e-01  1.16e-01  1.04e-01  8.02e-02  1.29e+04  2.77e+02 -1.00e+05
2016 08 05  0245   57605   9900   6.42e+00  1.74e-01  1.10e-01  6.21e-02  5.01e-02  2.61e-02  1.21e+04  2.57e+02 -1.00e+05
2016 08 05  0250   57605  10200   8.12e+00  3.30e-01  1.72e-01  1.06e-01  9.43e-02  7.03e-02  1.32e+04  2.59e+02 -1.00e+05
2016 08 05  0255   57605  10500   8.31e+00  2.68e-01  1.29e-01  8.44e-02  7.24e-02  4.83e-02  1.18e+04  2.27e+02 -1.00e+05
2016 08 05  0300   57605  10800   4.64e+00  1.43e-01  1.12e-01  6.92e-02  5.72e-02  3.31e-02  1.02e+04  2.02e+02 -1.00e+05
2016 08 05  0305   57605  11100   8.48e+00  5.95e-01  2.31e-01  6.59e-02  5.39e-02  2.73e-02  1.06e+04  2.07e+02 -1.00e+05
2016 08 05  0310   57605  11400   4.20e+00  1.78e-01  1.46e-01  1.04e-01  9.15e-02  3.94e-02  1.22e+04  2.30e+02 -1.00e+05
2016 08 05  0315   57605  11700   3.85e+00  1.36e-01  1.05e-01  6.21e-02  5.01e-02  2.61e-02  1.06e+04  2.19e+02 -1.00e+05
2016 08 05  0320   57605  12000   4.24e+00  1.95e-01  1.32e-01  8.40e-02  7.21e-02  4.80e-02  1.05e+04  2.18e+02 -1.00e+05
2016 08 05  0325   57605  12300   3.67e+00  2.22e-01  1.90e-01  8.32e-02  6.61e-02  4.05e-02  1.08e+04  2.05e+02 -1.00e+05
2016 08 05  0330   57605  12600   3.57e+00  1.82e-01  1.50e-01  1.08e-01  9.25e-02  3.94e-02  1.06e+04  2.00e+02 -1.00e+05
2016 08 05  0335   57605  12900   6.84e+00  2.98e-01  1.61e-01  1.16e-01  7.00e-02  2.93e-02  1.05e+04  1.98e+02 -1.00e+05
2016 08 05  0340   57605  13200   8.03e+00  3.37e-01  1.10e-01  6.59e-02  5.39e-02  2.73e-02  1.06e+04  1.95e+02 -1.00e+05
2016 08 05  0345   57605  13500   4.00e+00  1.36e-01  1.05e-01  6.21e-02  5.01e-02  2.61e-02  1.10e+04  2.11e+02 -1.00e+05
2016 08 05  0350   57605  13800   3.63e+00  2.68e-01  2.37e-01  1.25e-01  9.65e-02  6.27e-02  1.07e+04  2.05e+02 -1.00e+05
2016 08 05  0355   57605  14100   3.82e+00  2.19e-01  1.55e-01  1.06e-01  5.99e-02  2.61e-02  1.06e+04  2.03e+02 -1.00e+05
2016 08 05  0400   57605  14400   4.28e+00  1.99e-01  1.35e-01  8.59e-02  5.55e-02  2.61e-02  1.06e+04  1.81e+02 -1.00e+05
2016 08 05  0405   57605  14700   5.86e+00  3.32e-01  1.27e-01  8.28e-02  6.26e-02  2.93e-02  1.11e+04  2.02e+02 -1.00e+05
2016 08 05  0410   57605  15000   2.86e+00  3.43e-01  2.04e-01  9.10e-02  7.90e-02  3.53e-02  3.61e+03  6.34e+01 -1.00e+05
2016 08 05  0415   57605  15300   1.56e+00  1.95e-01  1.63e-01  1.21e-01  1.09e-01  6.14e-02  8.12e+02  8.65e+00 -1.00e+05
2016 08 05  0420   57605  15600   1.98e+00  1.72e-01  1.40e-01  6.21e-02  5.01e-02  2.61e-02  1.78e+03  2.45e+01 -1.00e+05
2016 08 05  0425   57605  15900   3.20e+00  3.18e-01  1.56e-01  1.11e-01  9.93e-02  7.52e-02  2.11e+03  2.51e+01 -1.00e+05
2016 08 05  0430   57605  16200   3.49e+00  5.79e-01  3.06e-01  8.12e-02  6.92e-02  4.20e-02  1.57e+03  1.77e+01 -1.00e+05
2016 08 05  0435   57605  16500   1.81e+00  1.94e-01  1.63e-01  6.21e-02  5.01e-02  2.61e-02  1.21e+03  1.60e+01 -1.00e+05
2016 08 05  0440   57605  16800   2.56e+00  4.25e-01  2.35e-01  8.62e-02  6.29e-02  3.56e-02  9.67e+02  1.05e+01 -1.00e+05
2016 08 05  0445   57605  17100   1.54e+00  1.68e-01  1.36e-01  9.24e-02  5.70e-02  2.61e-02  2.39e+02  1.71e+00 -1.00e+05
2016 08 05  0450   57605  17400   1.39e+00  2.22e-01  1.90e-01  1.47e-01  1.35e-01  5.35e-02  1.40e+02  1.33e-01 -1.00e+05
2016 08 05  0455   57605  17700   1.41e+00  1.49e-01  1.17e-01  7.45e-02  6.25e-02  3.82e-02  7.60e+01  1.33e-01 -1.00e+05
2016 08 05  0500   57605  18000   1.98e+00  2.84e-01  1.75e-01  1.18e-01  9.69e-02  7.03e-02  5.22e+01  1.33e-01 -1.00e+05
2016 08 05  0505   57605  18300   1.57e+00  2.77e-01  2.45e-01  1.04e-01  9.15e-02  3.94e-02  2.88e+01  1.71e-01 -1.00e+05
2016 08 05  0510   57605  18600   2.51e+00  2.68e-01  1.19e-01  6.21e-02  5.01e-02  2.61e-02  2.51e+02  5.47e+00 -1.00e+05
2016 08 05  0515   57605  18900   1.48e+00  1.36e-01  1.05e-01  6.21e-02  5.01e-02  2.61e-02  1.10e+03  2.63e+01 -1.00e+05
2016 08 05  0520   57605  19200   1.65e+00  1.36e-01  1.05e-01  6.21e-02  5.01e-02  2.61e-02  5.63e+03  1.45e+02 -1.00e+05
2016 08 05  0525   57605  19500   2.39e+00  4.32e-01  3.68e-01  1.03e-01  5.73e-02  2.61e-02  6.52e+03  1.68e+02 -1.00e+05
2016 08 05  0530   57605  19800   4.17e+00  3.40e-01  1.19e-01  6.21e-02  5.01e-02  2.61e-02  9.31e+03  2.09e+02 -1.00e+05
2016 08 05  0535   57605  20100   2.00e+00  2.10e-01  1.78e-01  1.01e-01  8.94e-02  6.53e-02  8.25e+03  1.88e+02 -1.00e+05
2016 08 05  0540   57605  20400   1.60e+01  3.15e-01  1.71e-01  1.09e-01  9.66e-02  5.92e-02  9.58e+03  2.21e+02 -1.00e+05
2016 08 05  0545   57605  20700   2.79e+01  2.13e-01  1.81e-01  1.31e-01  7.88e-02  4.30e-02  1.65e+04  4.70e+02 -1.00e+05
2016 08 05  0550   57605  21000   5.00e+01  2.01e-01  1.69e-01  1.26e-01  9.29e-02  6.28e-02  2.31e+04  8.71e+02 -1.00e+05
2016 08 05  0555   57605  21300   3.34e+01  1.74e-01  1.43e-01  9.90e-02  5.84e-02  2.61e-02  2.66e+04  1.20e+03 -1.00e+05
2016 08 05  0600   57605  21600   4.58e+01  1.95e-01  1.63e-01  1.10e-01  9.78e-02  4.14e-02  2.39e+04  9.24e+02 -1.00e+05
2016 08 05  0605   57605  21900   3.62e+01  1.36e-01  1.05e-01  6.21e-02  5.01e-02  2.61e-02  2.26e+04  9.02e+02 -1.00e+05
2016 08 05  0610   57605  22200   4.83e+01  1.38e-01  1.07e-01  6.42e-02  5.22e-02  2.82e-02  2.73e+04  1.10e+03 -1.00e+05
2016 08 05  0615   57605  22500   3.43e+01  3.00e-01  2.68e-01  9.33e-02  8.13e-02  4.42e-02  2.66e+04  1.05e+03 -1.00e+05
2016 08 05  0620   57605  22800   9.54e+00  1.43e-01  1.12e-01  6.92e-02  5.72e-02  3.31e-02  2.22e+04  7.92e+02 -1.00e+05
2016 08 05  0625   57605  23100   1.17e+01  4.62e-01  2.87e-01  9.90e-02  5.84e-02  2.61e-02  1.92e+04  6.18e+02 -1.00e+05
2016 08 05  0630   57605  23400   9.53e+00  2.36e-01  1.23e-01  6.62e-02  5.11e-02  2.61e-02  1.88e+04  6.42e+02 -1.00e+05
2016 08 05  0635   57605  23700   8.48e+00  1.36e-01  1.05e-01  6.21e-02  5.01e-02  2.61e-02  2.48e+04  9.83e+02 -1.00e+05
2016 08 05  0640   57605  24000   1.45e+01  2.81e-01  1.17e-01  7.28e-02  5.25e-02  2.61e-02  2.40e+04  9.69e+02 -1.00e+05
2016 08 05  0645   57605  24300   1.10e+01  1.85e-01  1.21e-01  7.28e-02  5.25e-02  2.61e-02  2.22e+04  8.63e+02 -1.00e+05
2016 08 05  0650   57605  24600   1.83e+01  3.02e-01  1.90e-01  7.96e-02  6.15e-02  3.56e-02  2.64e+04  1.04e+03 -1.00e+05
2016 08 05  0655   57605  24900   2.13e+01  2.47e-01  1.07e-01  6.21e-02  5.01e-02  2.61e-02  2.60e+04  9.83e+02 -1.00e+05
2016 08 05  0700   57605  25200   1.09e+01  1.36e-01  1.05e-01  6.21e-02  5.01e-02  2.61e-02  2.27e+04  8.69e+02 -1.00e+05
2016 08 05  0705   57605  25500   1.13e+01  1.46e-01  1.15e-01  6.21e-02  5.01e-02  2.61e-02  2.31e+04  7.88e+02 -1.00e+05
2016 08 05  0710   57605  25800   2.31e+01  2.65e-01  1.24e-01  7.93e-02  5.40e-02  2.61e-02  2.38e+04  7.70e+02 -1.00e+05
2016 08 05  0715   57605  26100   1.46e+01  2.41e-01  1.29e-01  7.17e-02  5.97e-02  3.56e-02  2.15e+04  6.17e+02 -1.00e+05
2016 08 05  0720   57605  26400   9.95e+00  1.79e-01  1.18e-01  6.59e-02  5.39e-02  2.73e-02  1.93e+04  5.10e+02 -1.00e+05
2016 08 05  0725   57605  26700   6.82e+00  1.53e-01  1.21e-01  7.85e-02  6.65e-02  3.13e-02  2.14e+04  4.98e+02 -1.00e+05
2016 08 05  0730   57605  27000   6.30e+00  1.64e-01  1.32e-01  8.40e-02  7.21e-02  4.80e-02  2.07e+04  5.20e+02 -1.00e+05
2016 08 05  0735   57605  27300   1.04e+01  3.29e-01  1.48e-01  1.03e-01  9.13e-02  6.09e-02  2.12e+04  5.71e+02 -1.00e+05
2016 08 05  0740   57605  27600   5.90e+00  3.29e-01  2.98e-01  1.48e-01  1.07e-01  7.52e-02  1.97e+04  4.26e+02 -1.00e+05
2016 08 05  0745   57605  27900   9.77e+00  3.30e-01  1.72e-01  1.06e-01  9.43e-02  7.03e-02  1.62e+04  3.05e+02 -1.00e+05
2016 08 05  0750   57605  28200   6.87e+00  2.68e-01  2.24e-01  1.78e-01  1.42e-01  5.35e-02  1.54e+04  2.59e+02 -1.00e+05
2016 08 05  0755   57605  28500   6.41e+00  1.73e-01  1.41e-01  9.89e-02  8.69e-02  6.28e-02  1.50e+04  2.29e+02 -1.00e+05
2016 08 05  0800   57605  28800   5.24e+00  1.84e-01  1.52e-01  1.10e-01  9.78e-02  4.14e-02  1.08e+04  1.45e+02 -1.00e+05
2016 08 05  0805   57605  29100   3.91e+00  2.90e-01  2.30e-01  1.29e-01  1.17e-01  4.74e-02  6.36e+03  8.10e+01 -1.00e+05
2016 08 05  0810   57605  29400   2.32e+00  1.74e-01  1.43e-01  9.90e-02  5.84e-02  2.61e-02  2.60e+03  3.36e+01 -1.00e+05
2016 08 05  0815   57605  29700   1.93e+00  1.89e-01  1.57e-01  1.14e-01  9.42e-02  2.77e-02  1.83e+03  1.91e+01 -1.00e+05
2016 08 05  0820   57605  30000   2.38e+00  2.22e-01  1.07e-01  6.21e-02  5.01e-02  2.61e-02  1.87e+03  2.08e+01 -1.00e+05
2016 08 05  0825   57605  30300   1.78e+00  2.16e-01  1.84e-01  1.41e-01  9.50e-02  3.74e-02  2.04e+03  2.79e+01 -1.00e+05
2016 08 05  0830   57605  30600   2.47e+00  2.67e-01  2.05e-01  1.56e-01  1.00e-01  2.76e-02  2.05e+03  2.19e+01 -1.00e+05
2016 08 05  0835   57605  30900   1.81e+00  1.46e-01  1.15e-01  6.21e-02  5.01e-02  2.61e-02  2.34e+03  3.61e+01 -1.00e+05
2016 08 05  0840   57605  31200   3.85e+00  3.25e-01  1.23e-01  7.85e-02  6.65e-02  3.13e-02  3.80e+03  5.60e+01 -1.00e+05
2016 08 05  0845   57605  31500   2.78e+00  2.47e-01  1.26e-01  7.17e-02  5.97e-02  3.56e-02  1.58e+03  2.10e+01 -1.00e+05
2016 08 05  0850   57605  31800   2.86e+00  4.74e-01  2.02e-01  6.21e-02  5.01e-02  2.61e-02  2.81e+03  3.73e+01 -1.00e+05
2016 08 05  0855   57605  32100   1.53e+00  2.18e-01  1.86e-01  6.67e-02  5.47e-02  3.06e-02  3.79e+03  7.40e+01 -1.00e+05
2016 08 05  0900   57605  32400   1.43e+00  1.36e-01  1.05e-01  6.21e-02  5.01e-02  2.61e-02  1.86e+03  5.14e+01 -1.00e+05
2016 08 05  0905   57605  32700   1.51e+00  1.36e-01  1.05e-01  6.21e-02  5.01e-02  2.61e-02  2.96e+03  5.10e+01 -1.00e+05
2016 08 05  0910   57605  33000   2.08e+00  1.78e-01  1.46e-01  1.04e-01  9.15e-02  3.94e-02  4.23e+03  8.68e+01 -1.00e+05
2016 08 05  0915   57605  33300   5.25e+00  3.24e-01  2.12e-01  6.62e-02  5.11e-02  2.61e-02  3.72e+03  8.99e+01 -1.00e+05
2016 08 05  0920   57605  33600   9.61e+00  2.03e-01  1.71e-01  1.29e-01  1.11e-01  8.51e-02  4.30e+03  1.13e+02 -1.00e+05
2016 08 05  0925   57605  33900   1.96e+01  1.94e-01  1.63e-01  6.21e-02  5.01e-02  2.61e-02  6.37e+03  1.68e+02 -1.00e+05
2016 08 05  0930   57605  34200   8.17e+01  5.37e-01  2.31e-01  9.15e-02  7.95e-02  5.54e-02  1.06e+04  3.34e+02 -1.00e+05
2016 08 05  0935   57605  34500   1.34e+02  4.04e-01  1.18e-01  6.21e-02  5.01e-02  2.61e-02  1.15e+04  3.84e+02 -1.00e+05
2016 08 05  0940   57605  34800   2.74e+01  1.60e-01  1.28e-01  8.56e-02  7.36e-02  3.67e-02  9.79e+03  3.45e+02 -1.00e+05
2016 08 05  0945   57605  35100   2.99e+01  3.56e-01  2.48e-01  1.19e-01  9.61e-02  6.89e-02  1.04e+04  3.57e+02 -1.00e+05
2016 08 05  0950   57605  35400   3.30e+01  1.54e-01  1.22e-01  7.93e-02  5.40e-02  2.61e-02  1.39e+04  4.86e+02 -1.00e+05
2016 08 05  0955   57605  35700   6.28e+01  4.14e-01  2.83e-01  2.21e-01  1.74e-01  7.22e-02  1.57e+04  5.61e+02 -1.00e+05
2016 08 05  1000   57605  36000   4.61e+01  1.98e-01  1.66e-01  1.23e-01  7.50e-02  4.05e-02  1.64e+04  5.50e+02 -1.00e+05
2016 08 05  1005   57605  36300   6.81e+01  3.63e-01  1.78e-01  1.33e-01  1.02e-01  7.27e-02  2.08e+04  6.75e+02 -1.00e+05
2016 08 05  1010   57605  36600   1.84e+01  2.47e-01  2.15e-01  8.59e-02  5.55e-02  2.61e-02  2.30e+04  8.22e+02 -1.00e+05
2016 08 05  1015   57605  36900   1.45e+01  1.36e-01  1.05e-01  6.21e-02  5.01e-02  2.61e-02  2.35e+04  8.26e+02 -1.00e+05
2016 08 05  1020   57605  37200   1.59e+01  2.07e-01  1.61e-01  1.16e-01  1.04e-01  6.67e-02  2.31e+04  8.39e+02 -1.00e+05
2016 08 05  1025   57605  37500   1.54e+01  1.54e-01  1.22e-01  7.93e-02  5.40e-02  2.61e-02  2.49e+04  9.43e+02 -1.00e+05
2016 08 05  1030   57605  37800   3.24e+01  2.33e-01  1.19e-01  7.41e-02  6.21e-02  3.81e-02  2.60e+04  1.02e+03 -1.00e+05
2016 08 05  1035   57605  38100   2.55e+01  2.17e-01  1.85e-01  1.09e-01  9.68e-02  7.27e-02  2.76e+04  1.08e+03 -1.00e+05
2016 08 05  1040   57605  38400   2.16e+01  1.40e-01  1.08e-01  6.59e-02  5.39e-02  2.73e-02  2.49e+04  1.06e+03 -1.00e+05
2016 08 05  1045   57605  38700   3.41e+01  2.73e-01  1.33e-01  8.90e-02  7.70e-02  5.29e-02  2.62e+04  1.02e+03 -1.00e+05
2016 08 05  1050   57605  39000   2.47e+01  1.64e-01  1.32e-01  8.93e-02  7.74e-02  5.14e-02  2.72e+04  1.10e+03 -1.00e+05
2016 08 05  1055   57605  39300   2.69e+01  1.36e-01  1.05e-01  6.21e-02  5.01e-02  2.61e-02  2.95e+04  1.21e+03 -1.00e+05
2016 08 05  1100   57605  39600   2.20e+01  2.00e-01  1.68e-01  1.24e-01  7.73e-02  4.30e-02  3.00e+04  1.23e+03 -1.00e+05
2016 08 05  1105   57605  39900   1.81e+01  1.73e-01  1.41e-01  9.86e-02  8.66e-02  4.26e-02  3.22e+04  1.47e+03 -1.00e+05
2016 08 05  1110   57605  40200   2.32e+01  2.34e-01  1.49e-01  9.73e-02  8.53e-02  3.74e-02  3.55e+04  1.59e+03 -1.00e+05
2016 08 05  1115   57605  40500   2.24e+01  1.93e-01  1.61e-01  1.19e-01  1.07e-01  5.41e-02  3.94e+04  1.82e+03 -1.00e+05
2016 08 05  1120   57605  40800   1.61e+01  1.46e-01  1.15e-01  6.21e-02  5.01e-02  2.61e-02  3.69e+04  1.68e+03 -1.00e+05
2016 08 05  1125   57605  41100   1.51e+01  3.00e-01  1.87e-01  6.21e-02  5.01e-02  2.61e-02  3.62e+04  1.54e+03 -1.00e+05
2016 08 05  1130   57605  41400   1.81e+01  2.70e-01  1.38e-01  9.33e-02  8.13e-02  4.42e-02  3.66e+04  1.58e+03 -1.00e+05
2016 08 05  1135   57605  41700   1.10e+01  1.68e-01  1.36e-01  9.24e-02  5.70e-02  2.61e-02  3.59e+04  1.57e+03 -1.00e+05
2016 08 05  1140   57605  42000   9.57e+00  1.74e-01  1.43e-01  9.90e-02  5.84e-02  2.61e-02  3.80e+04  1.67e+03 -1.00e+05
2016 08 05  1145   57605  42300   1.68e+01  2.33e-01  1.18e-01  7.28e-02  5.25e-02  2.61e-02  3.58e+04  1.46e+03 -1.00e+05
2016 08 05  1150   57605  42600   1.77e+01  1.74e-01  1.10e-01  6.21e-02  5.01e-02  2.61e-02  3.68e+04  1.58e+03 -1.00e+05
2016 08 05  1155   57605  42900   1.52e+01  2.36e-01  1.21e-01  7.66e-02  6.46e-02  4.05e-02  3.32e+04  1.48e+03 -1.00e+05
2016 08 05  1200   57605  43200   1.16e+01  2.51e-01  2.20e-01  8.92e-02  5.98e-02  3.06e-02  4.09e+04  1.69e+03 -1.00e+05
2016 08 05  1205   57605  43500   1.42e+01  1.41e-01  1.09e-01  6.67e-02  5.47e-02  3.06e-02  3.73e+04  1.70e+03 -1.00e+05
2016 08 05  1210   57605  43800   1.67e+01  3.36e-01  3.04e-01  1.41e-01  9.03e-02  3.53e-02  4.07e+04  1.83e+03 -1.00e+05
2016 08 05  1215   57605  44100   4.01e+01  3.21e-01  1.16e-01  7.22e-02  6.02e-02  2.93e-02  4.26e+04  1.92e+03 -1.00e+05
2016 08 05  1220   57605  44400   1.58e+01  1.89e-01  1.57e-01  1.14e-01  9.39e-02  3.94e-02  3.89e+04  1.79e+03 -1.00e+05
2016 08 05  1225   57605  44700   1.50e+01  1.79e-01  1.48e-01  9.81e-02  7.14e-02  4.30e-02  4.00e+04  1.74e+03 -1.00e+05
2016 08 05  1230   57605  45000   1.36e+01  2.22e-01  1.90e-01  1.47e-01  1.35e-01  5.35e-02  3.91e+04  1.71e+03 -1.00e+05
2016 08 05  1235   57605  45300   2.09e+01  3.22e-01  1.59e-01  1.12e-01  5.94e-02  2.82e-02  4.04e+04  1.72e+03 -1.00e+05
2016 08 05  1240   57605  45600   1.14e+01  1.71e-01  1.39e-01  9.64e-02  8.44e-02  6.04e-02  4.11e+04  1.76e+03 -1.00e+05
2016 08 05  1245   57605  45900   1.22e+01  1.78e-01  1.46e-01  1.04e-01  9.15e-02  3.94e-02  4.40e+04  1.98e+03 -1.00e+05
2016 08 05  1250   57605  46200   1.60e+01  1.90e-01  1.27e-01  7.91e-02  6.71e-02  4.30e-02  4.30e+04  1.92e+03 -1.00e+05
2016 08 05  1255   57605  46500   1.64e+01  2.15e-01  1.83e-01  8.40e-02  7.20e-02  4.79e-02  4.18e+04  1.82e+03 -1.00e+05
2016 08 05  1300   57605  46800   2.22e+01  2.10e-01  1.46e-01  6.21e-02  5.01e-02  2.61e-02  4.25e+04  1.88e+03 -1.00e+05
2016 08 05  1305   57605  47100   3.61e+01  2.66e-01  1.43e-01  8.59e-02  5.55e-02  2.61e-02  4.57e+04  2.03e+03 -1.00e+05
2016 08 05  1310   57605  47400   3.40e+01  1.36e-01  1.05e-01  6.21e-02  5.01e-02  2.61e-02  4.66e+04  2.15e+03 -1.00e+05
2016 08 05  1315   57605  47700   5.77e+01  1.71e-01  1.40e-01  9.73e-02  8.53e-02  3.74e-02  4.40e+04  1.88e+03 -1.00e+05
2016 08 05  1320   57605  48000   5.98e+01  1.36e-01  1.05e-01  6.21e-02  5.01e-02  2.61e-02  4.49e+04  1.89e+03 -1.00e+05
2016 08 05  1325   57605  48300   4.19e+01  1.36e-01  1.05e-01  6.21e-02  5.01e-02  2.61e-02  4.55e+04  1.87e+03 -1.00e+05
2016 08 05  1330   57605  48600   2.61e+01  1.36e-01  1.05e-01  6.21e-02  5.01e-02  2.61e-02  4.22e+04  1.74e+03 -1.00e+05
2016 08 05  1335   57605  48900   2.12e+01  2.45e-01  2.13e-01  1.54e-01  1.42e-01  5.55e-02  4.89e+04  2.11e+03 -1.00e+05
2016 08 05  1340   57605  49200   1.63e+01  2.70e-01  2.39e-01  1.14e-01  8.45e-02  5.54e-02  5.17e+04  2.33e+03 -1.00e+05
2016 08 05  1345   57605  49500   1.43e+01  1.72e-01  1.40e-01  6.21e-02  5.01e-02  2.61e-02  5.39e+04  2.50e+03 -1.00e+05
2016 08 05  1350   57605  49800   1.13e+01  1.76e-01  1.45e-01  6.68e-02  5.48e-02  3.07e-02  5.22e+04  2.43e+03 -1.00e+05
2016 08 05  1355   57605  50100   1.02e+01  1.41e-01  1.09e-01  6.67e-02  5.47e-02  3.06e-02  5.38e+04  2.52e+03 -1.00e+05
2016 08 05  1400   57605  50400   1.50e+01  3.88e-01  1.99e-01  6.21e-02  5.01e-02  2.61e-02  5.52e+04  2.68e+03 -1.00e+05
2016 08 05  1405   57605  50700   1.67e+01  2.75e-01  1.11e-01  6.62e-02  5.11e-02  2.61e-02  5.69e+04  2.89e+03 -1.00e+05
2016 08 05  1410   57605  51000   8.34e+00  1.81e-01  1.49e-01  1.06e-01  5.99e-02  2.61e-02  5.76e+04  2.89e+03 -1.00e+05
2016 08 05  1415   57605  51300   1.01e+01  2.07e-01  1.56e-01  1.09e-01  7.33e-02  3.13e-02  6.07e+04  3.29e+03 -1.00e+05
2016 08 05  1420   57605  51600   1.27e+01  2.33e-01  1.33e-01  7.85e-02  6.65e-02  3.13e-02  6.35e+04  3.51e+03 -1.00e+05
2016 08 05  1425   57605  51900   1.21e+01  1.74e-01  1.10e-01  6.21e-02  5.01e-02  2.61e-02  6.30e+04  3.58e+03 -1.00e+05
2016 08 05  1430   57605  52200   1.43e+01  2.80e-01  1.75e-01  1.20e-01  1.08e-01  7.96e-02  6.82e+04  4.13e+03 -1.00e+05
2016 08 05  1435   57605  52500   1.20e+01  1.75e-01  1.14e-01  6.59e-02  5.39e-02  2.73e-02  7.14e+04  4.43e+03 -1.00e+05
2016 08 05  1440   57605  52800   1.63e+01  3.06e-01  1.66e-01  1.20e-01  7.43e-02  4.30e-02  7.13e+04  4.60e+03 -1.00e+05
2016 08 05  1445   57605  53100   1.84e+01  2.92e-01  1.42e-01  9.73e-02  8.53e-02  3.74e-02  7.48e+04  4.80e+03 -1.00e+05
2016 08 05  1450   57605  53400   1.08e+01  1.75e-01  1.19e-01  7.22e-02  6.02e-02  2.93e-02  7.27e+04  4.71e+03 -1.00e+05
2016 08 05  1455   57605  53700   8.24e+00  1.76e-01  1.44e-01  1.01e-01  8.94e-02  6.53e-02  7.21e+04  4.56e+03 -1.00e+05
2016 08 05  1500   57605  54000   7.02e+00  1.36e-01  1.05e-01  6.21e-02  5.01e-02  2.61e-02  6.89e+04  4.26e+03 -1.00e+05
2016 08 05  1505   57605  54300   8.54e+00  1.44e-01  1.12e-01  6.59e-02  5.39e-02  2.73e-02  6.87e+04  4.09e+03 -1.00e+05
2016 08 05  1510   57605  54600   1.08e+01  1.74e-01  1.10e-01  6.21e-02  5.01e-02  2.61e-02  6.62e+04  3.82e+03 -1.00e+05
2016 08 05  1515   57605  54900   8.49e+00  1.78e-01  1.46e-01  1.04e-01  9.19e-02  6.78e-02  6.81e+04  3.97e+03 -1.00e+05
2016 08 05  1520   57605  55200   9.05e+00  1.36e-01  1.05e-01  6.21e-02  5.01e-02  2.61e-02  6.99e+04  4.10e+03 -1.00e+05
2016 08 05  1525   57605  55500   7.58e+00  1.53e-01  1.21e-01  7.85e-02  6.65e-02  3.13e-02  7.19e+04  4.22e+03 -1.00e+05
2016 08 05  1530   57605  55800   8.60e+00  1.41e-01  1.09e-01  6.62e-02  5.11e-02  2.61e-02  6.95e+04  4.09e+03 -1.00e+05
2016 08 05  1535   57605  56100   1.12e+01  2.32e-01  1.19e-01  6.21e-02  5.01e-02  2.61e-02  7.13e+04  4.16e+03 -1.00e+05
2016 08 05  1540   57605  56400   8.59e+00  1.94e-01  1.63e-01  6.21e-02  5.01e-02  2.61e-02  7.25e+04  4.29e+03 -1.00e+05
2016 08 05  1545   57605  56700   1.15e+01  1.74e-01  1.10e-01  6.21e-02  5.01e-02  2.61e-02  7.52e+04  4.60e+03 -1.00e+05
2016 08 05  1550   57605  57000   8.33e+00  1.36e-01  1.05e-01  6.21e-02  5.01e-02  2.61e-02  7.44e+04  4.53e+03 -1.00e+05
2016 08 05  1555   57605  57300   8.83e+00  2.24e-01  1.93e-01  6.21e-02  5.01e-02  2.61e-02  7.45e+04  4.52e+03 -1.00e+05
2016 08 05  1600   57605  57600   1.01e+01  1.63e-01  1.32e-01  8.90e-02  7.70e-02  5.29e-02  7.90e+04  4.96e+03 -1.00e+05
2016 08 05  1605   57605  57900   8.16e+00  1.36e-01  1.05e-01  6.21e-02  5.01e-02  2.61e-02  7.43e+04  4.49e+03 -1.00e+05
2016 08 05  1610   57605  58200   7.89e+00  1.44e-01  1.12e-01  6.95e-02  5.53e-02  3.06e-02  7.13e+04  4.14e+03 -1.00e+05
2016 08 05  1615   57605  58500   8.23e+00  1.84e-01  1.52e-01  1.10e-01  9.78e-02  4.14e-02  7.50e+04  4.51e+03 -1.00e+05
2016 08 05  1620   57605  58800   1.28e+01  5.27e-01  3.81e-01  1.41e-01  8.60e-02  3.67e-02  7.47e+04  4.48e+03 -1.00e+05
2016 08 05  1625   57605  59100   7.82e+00  2.05e-01  1.73e-01  1.29e-01  7.29e-02  2.93e-02  7.18e+04  4.21e+03 -1.00e+05
2016 08 05  1630   57605  59400   8.64e+00  1.36e-01  1.05e-01  6.21e-02  5.01e-02  2.61e-02  7.44e+04  4.26e+03 -1.00e+05
2016 08 05  1635   57605  59700   8.29e+00  1.70e-01  1.38e-01  9.53e-02  7.51e-02  3.33e-02  7.40e+04  4.37e+03 -1.00e+05
2016 08 05  1640   57605  60000   9.41e+00  1.97e-01  1.65e-01  1.22e-01  1.10e-01  4.54e-02  7.62e+04  4.57e+03 -1.00e+05
2016 08 05  1645   57605  60300   8.66e+00  1.65e-01  1.34e-01  9.10e-02  7.90e-02  3.53e-02  7.64e+04  4.56e+03 -1.00e+05
2016 08 05  1650   57605  60600   8.68e+00  2.30e-01  1.98e-01  7.91e-02  6.71e-02  4.30e-02  7.53e+04  4.57e+03 -1.00e+05
2016 08 05  1655   57605  60900   1.21e+01  2.94e-01  1.35e-01  6.59e-02  5.39e-02  2.73e-02  7.37e+04  4.23e+03 -1.00e+05
2016 08 05  1700   57605  61200   7.53e+00  2.69e-01  2.37e-01  1.06e-01  5.99e-02  2.61e-02  7.30e+04  4.06e+03 -1.00e+05
2016 08 05  1705   57605  61500   9.07e+00  2.77e-01  2.45e-01  1.04e-01  9.15e-02  3.94e-02  7.56e+04  4.42e+03 -1.00e+05
2016 08 05  1710   57605  61800   8.83e+00  2.18e-01  1.86e-01  7.22e-02  6.02e-02  2.93e-02  7.76e+04  4.56e+03 -1.00e+05
2016 08 05  1715   57605  62100   8.64e+00  1.68e-01  1.36e-01  9.39e-02  8.20e-02  5.79e-02  7.87e+04  4.71e+03 -1.00e+05
2016 08 05  1720   57605  62400   8.46e+00  1.68e-01  1.36e-01  9.37e-02  8.18e-02  4.60e-02  7.93e+04  4.77e+03 -1.00e+05
2016 08 05  1725   57605  62700   1.60e+01  4.37e-01  2.14e-01  6.21e-02  5.01e-02  2.61e-02  7.93e+04  4.80e+03 -1.00e+05
2016 08 05  1730   57605  63000   8.45e+00  1.66e-01  1.34e-01  8.65e-02  7.45e-02  5.05e-02  7.93e+04  4.70e+03 -1.00e+05
2016 08 05  1735   57605  63300   8.66e+00  2.35e-01  2.03e-01  9.39e-02  8.20e-02  5.79e-02  7.93e+04  4.71e+03 -1.00e+05
2016 08 05  1740   57605  63600   8.32e+00  1.61e-01  1.29e-01  8.65e-02  7.45e-02  5.05e-02  8.05e+04  4.74e+03 -1.00e+05
2016 08 05  1745   57605  63900   8.69e+00  1.98e-01  1.66e-01  1.12e-01  5.73e-02  2.61e-02  8.28e+04  5.12e+03 -1.00e+05
2016 08 05  1750   57605  64200   8.67e+00  1.46e-01  1.14e-01  7.17e-02  5.97e-02  3.56e-02  8.33e+04  5.12e+03 -1.00e+05
2016 08 05  1755   57605  64500   9.12e+00  1.79e-01  1.15e-01  6.62e-02  5.11e-02  2.61e-02  7.59e+04  4.36e+03 -1.00e+05
2016 08 05  1800   57605  64800   7.61e+00  2.55e-01  2.23e-01  1.79e-01  1.23e-01  4.54e-02  7.95e+04  4.66e+03 -1.00e+05
2016 08 05  1805   57605  65100   7.66e+00  2.32e-01  2.00e-01  1.57e-01  1.22e-01  6.34e-02  7.85e+04  4.48e+03 -1.00e+05
2016 08 05  1810   57605  65400   7.74e+00  1.51e-01  1.19e-01  7.66e-02  6.46e-02  4.05e-02  7.93e+04  4.68e+03 -1.00e+05
2016 08 05  1815   57605  65700   7.60e+00  2.24e-01  1.93e-01  6.21e-02  5.01e-02  2.61e-02  8.05e+04  4.76e+03 -1.00e+05
2016 08 05  1820   57605  66000   6.48e+00  1.36e-01  1.05e-01  6.21e-02  5.01e-02  2.61e-02  7.96e+04  4.64e+03 -1.00e+05
2016 08 05  1825   57605  66300   6.70e+00  1.36e-01  1.05e-01  6.21e-02  5.01e-02  2.61e-02  7.93e+04  4.57e+03 -1.00e+05
2016 08 05  1830   57605  66600   7.08e+00  2.33e-01  2.01e-01  1.47e-01  1.06e-01  4.14e-02  8.06e+04  4.74e+03 -1.00e+05
2016 08 05  1835   57605  66900   1.16e+01  2.40e-01  1.24e-01  7.93e-02  5.40e-02  2.61e-02  8.11e+04  4.78e+03 -1.00e+05
2016 08 05  1840   57605  67200   1.20e+01  4.69e-01  2.86e-01  1.50e-01  1.18e-01  8.76e-02  8.00e+04  4.63e+03 -1.00e+05
2016 08 05  1845   57605  67500   1.07e+01  2.22e-01  1.07e-01  6.21e-02  5.01e-02  2.61e-02  8.03e+04  4.63e+03 -1.00e+05
2016 08 05  1850   57605  67800   6.91e+00  2.39e-01  2.08e-01  1.63e-01  1.09e-01  7.77e-02  8.08e+04  4.68e+03 -1.00e+05
2016 08 05  1855   57605  68100   6.88e+00  1.61e-01  1.29e-01  8.59e-02  5.55e-02  2.61e-02  7.93e+04  4.62e+03 -1.00e+05
2016 08 05  1900   57605  68400   8.97e+00  2.65e-01  1.76e-01  1.23e-01  1.11e-01  6.88e-02  7.98e+04  4.61e+03 -1.00e+05
2016 08 05  1905   57605  68700   6.18e+00  2.45e-01  2.13e-01  8.74e-02  7.13e-02  4.57e-02  7.93e+04  4.39e+03 -1.00e+05
2016 08 05  1910   57605  69000   6.16e+00  1.40e-01  1.08e-01  6.59e-02  5.39e-02  2.73e-02  7.93e+04  4.41e+03 -1.00e+05
2016 08 05  1915   57605  69300   6.09e+00  2.27e-01  1.95e-01  1.52e-01  1.27e-01  4.94e-02  7.90e+04  4.31e+03 -1.00e+05
2016 08 05  1920   57605  69600   5.78e+00  1.46e-01  1.15e-01  6.21e-02  5.01e-02  2.61e-02  7.54e+04  3.96e+03 -1.00e+05
2016 08 05  1925   57605  69900   1.09e+01  3.15e-01  1.51e-01  1.06e-01  5.99e-02  2.61e-02  7.64e+04  4.15e+03 -1.00e+05
2016 08 05  1930   57605  70200   5.85e+00  1.65e-01  1.34e-01  9.10e-02  7.90e-02  3.53e-02  7.51e+04  3.95e+03 -1.00e+05
2016 08 05  1935   57605  70500   5.48e+00  3.56e-01  3.24e-01  1.03e-01  5.73e-02  2.61e-02  7.23e+04  3.61e+03 -1.00e+05
2016 08 05  1940   57605  70800   1.04e+01  3.01e-01  1.38e-01  9.39e-02  8.20e-02  5.79e-02  7.41e+04  3.68e+03 -1.00e+05
2016 08 05  1945   57605  71100   7.16e+00  3.09e-01  2.53e-01  1.32e-01  7.09e-02  2.93e-02  7.36e+04  3.81e+03 -1.00e+05
2016 08 05  1950   57605  71400   7.34e+00  1.97e-01  1.35e-01  8.65e-02  7.45e-02  5.05e-02  7.48e+04  3.77e+03 -1.00e+05
2016 08 05  1955   57605  71700   1.37e+01  3.35e-01  1.28e-01  8.40e-02  7.21e-02  4.80e-02  7.52e+04  4.00e+03 -1.00e+05
2016 08 05  2000   57605  72000   6.91e+00  1.90e-01  1.59e-01  1.16e-01  1.04e-01  4.34e-02  7.71e+04  4.12e+03 -1.00e+05
2016 08 05  2005   57605  72300   1.25e+01  5.26e-01  2.14e-01  6.21e-02  5.01e-02  2.61e-02  7.22e+04  3.68e+03 -1.00e+05
2016 08 05  2010   57605  72600   7.42e+00  2.13e-01  1.81e-01  8.51e-02  7.31e-02  3.49e-02  7.16e+04  3.55e+03 -1.00e+05
2016 08 05  2015   57605  72900   6.00e+00  2.04e-01  1.72e-01  1.28e-01  8.25e-02  3.33e-02  6.99e+04  3.27e+03 -1.00e+05
2016 08 05  2020   57605  73200   7.00e+00  1.36e-01  1.05e-01  6.21e-02  5.01e-02  2.61e-02  7.23e+04  3.46e+03 -1.00e+05
2016 08 05  2025   57605  73500   9.51e+00  2.32e-01  1.19e-01  6.21e-02  5.01e-02  2.61e-02  7.11e+04  3.32e+03 -1.00e+05
2016 08 05  2030   57605  73800   6.45e+00  1.96e-01  1.64e-01  1.21e-01  9.06e-02  3.74e-02  6.78e+04  3.13e+03 -1.00e+05
2016 08 05  2035   57605  74100   6.52e+00  1.40e-01  1.08e-01  6.59e-02  5.39e-02  2.73e-02  6.68e+04  2.97e+03 -1.00e+05
2016 08 05  2040   57605  74400   7.17e+00  1.92e-01  1.61e-01  1.16e-01  6.24e-02  2.73e-02  6.68e+04  3.03e+03 -1.00e+05
2016 08 05  2045   57605  74700   1.58e+01  2.81e-01  1.17e-01  7.28e-02  5.25e-02  2.61e-02  6.62e+04  2.97e+03 -1.00e+05
2016 08 05  2050   57605  75000   7.97e+00  2.09e-01  1.77e-01  1.35e-01  1.23e-01  4.94e-02  6.40e+04  2.77e+03 -1.00e+05
2016 08 05  2055   57605  75300   1.44e+01  3.35e-01  1.06e-01  6.21e-02  5.01e-02  2.61e-02  6.33e+04  2.76e+03 -1.00e+05
2016 08 05  2100   57605  75600   5.15e+00  1.58e-01  1.27e-01  8.40e-02  7.21e-02  4.80e-02  6.26e+04  2.66e+03 -1.00e+05
2016 08 05  2105   57605  75900   4.43e+00  1.36e-01  1.05e-01  6.21e-02  5.01e-02  2.61e-02  6.04e+04  2.53e+03 -1.00e+05
2016 08 05  2110   57605  76200   6.47e+00  1.85e-01  1.21e-01  6.21e-02  5.01e-02  2.61e-02  5.90e+04  2.43e+03 -1.00e+05
2016 08 05  2115   57605  76500   7.91e+00  1.74e-01  1.10e-01  6.21e-02  5.01e-02  2.61e-02  5.82e+04  2.34e+03 -1.00e+05
2016 08 05  2120   57605  76800   6.89e+00  1.84e-01  1.52e-01  1.10e-01  9.78e-02  4.14e-02  5.58e+04  2.16e+03 -1.00e+05
2016 08 05  2125   57605  77100   6.55e+00  2.45e-01  2.14e-01  1.70e-01  1.29e-01  6.36e-02  5.37e+04  2.01e+03 -1.00e+05
2016 08 05  2130   57605  77400   8.32e+00  1.41e-01  1.09e-01  6.62e-02  5.11e-02  2.61e-02  5.13e+04  1.85e+03 -1.00e+05
2016 08 05  2135   57605  77700   8.42e+00  2.09e-01  1.78e-01  9.81e-02  8.61e-02  2.76e-02  5.09e+04  1.70e+03 -1.00e+05
2016 08 05  2140   57605  78000   1.24e+01  2.52e-01  1.43e-01  8.63e-02  7.38e-02  4.95e-02  4.58e+04  1.37e+03 -1.00e+05
2016 08 05  2145   57605  78300   1.28e+01  3.22e-01  1.89e-01  9.73e-02  8.53e-02  3.74e-02  4.44e+04  1.18e+03 -1.00e+05
2016 08 05  2150   57605  78600   9.02e+00  2.09e-01  1.77e-01  1.35e-01  1.23e-01  4.94e-02  4.39e+04  1.15e+03 -1.00e+05
2016 08 05  2155   57605  78900   8.88e+00  1.98e-01  1.66e-01  7.66e-02  6.46e-02  4.05e-02  4.67e+04  1.30e+03 -1.00e+05
2016 08 05  2200   57605  79200   8.41e+00  1.63e-01  1.31e-01  8.80e-02  6.53e-02  3.81e-02  4.52e+04  1.29e+03 -1.00e+05
2016 08 05  2205   57605  79500   8.71e+00  1.36e-01  1.05e-01  6.21e-02  5.01e-02  2.61e-02  4.52e+04  1.29e+03 -1.00e+05
2016 08 05  2210   57605  79800   7.70e+00  1.74e-01  1.43e-01  9.90e-02  5.84e-02  2.61e-02  4.67e+04  1.36e+03 -1.00e+05
2016 08 05  2215   57605  80100   1.46e+01  3.30e-01  1.68e-01  1.24e-01  1.12e-01  8.76e-02  4.99e+04  1.59e+03 -1.00e+05
2016 08 05  2220   57605  80400   9.01e+00  2.24e-01  1.93e-01  6.21e-02  5.01e-02  2.61e-02  5.53e+04  1.90e+03 -1.00e+05
2016 08 05  2225   57605  80700   8.48e+00  2.01e-01  1.69e-01  8.47e-02  7.27e-02  3.33e-02  5.57e+04  1.94e+03 -1.00e+05
2016 08 05  2230   57605  81000   9.05e+00  1.46e-01  1.15e-01  7.22e-02  6.02e-02  2.93e-02  5.49e+04  1.88e+03 -1.00e+05
2016 08 05  2235   57605  81300   1.03e+01  2.67e-01  2.03e-01  6.62e-02  5.11e-02  2.61e-02  4.99e+04  1.56e+03 -1.00e+05
2016 08 05  2240   57605  81600   9.52e+00  2.60e-01  1.90e-01  1.40e-01  1.09e-01  4.34e-02  4.58e+04  1.32e+03 -1.00e+05
2016 08 05  2245   57605  81900   6.97e+00  1.88e-01  1.56e-01  1.04e-01  6.50e-02  3.31e-02  3.96e+04  9.42e+02 -1.00e+05
2016 08 05  2250   57605  82200   6.59e+00  2.42e-01  2.10e-01  8.40e-02  7.21e-02  4.80e-02  2.78e+04  5.21e+02 -1.00e+05
2016 08 05  2255   57605  82500   6.80e+00  1.58e-01  1.27e-01  8.40e-02  7.21e-02  4.80e-02  1.97e+04  3.63e+02 -1.00e+05
2016 08 05  2300   57605  82800   8.13e+00  2.62e-01  2.31e-01  1.05e-01  8.07e-02  5.29e-02  2.72e+04  6.56e+02 -1.00e+05
2016 08 05  2305   57605  83100   1.44e+01  4.68e-01  2.26e-01  6.59e-02  5.39e-02  2.73e-02  3.67e+04  9.91e+02 -1.00e+05
2016 08 05  2310   57605  83400   1.98e+01  3.06e-01  1.57e-01  9.90e-02  5.84e-02  2.61e-02  5.19e+04  1.88e+03 -1.00e+05
2016 08 05  2315   57605  83700   1.60e+01  2.16e-01  1.84e-01  8.40e-02  7.21e-02  4.80e-02  6.27e+04  2.67e+03 -1.00e+05
2016 08 05  2320   57605  84000   2.07e+01  1.36e-01  1.05e-01  6.21e-02  5.01e-02  2.61e-02  7.20e+04  3.30e+03 -1.00e+05
2016 08 05  2325   57605  84300   3.85e+01  4.37e-01  2.14e-01  6.21e-02  5.01e-02  2.61e-02  6.70e+04  2.89e+03 -1.00e+05
2016 08 05  2330   57605  84600   1.95e+01  1.36e-01  1.05e-01  6.21e-02  5.01e-02  2.61e-02  6.12e+04  2.35e+03 -1.00e+05
2016 08 05  2335   57605  84900   4.26e+01  4.06e-01  1.70e-01  9.69e-02  8.49e-02  2.76e-02  6.80e+04  2.90e+03 -1.00e+05
2016 08 05  2340   57605  85200   3.02e+01  2.67e-01  1.55e-01  6.21e-02  5.01e-02  2.61e-02  6.61e+04  2.69e+03 -1.00e+05
2016 08 05  2345   57605  85500   2.51e+01  1.75e-01  1.14e-01  6.59e-02  5.39e-02  2.73e-02  6.11e+04  2.42e+03 -1.00e+05
2016 08 05  2350   57605  85800   1.61e+01  1.41e-01  1.09e-01  6.62e-02  5.11e-02  2.61e-02  4.93e+04  1.59e+03 -1.00e+05
2016 08 05  2355   57605  86100   1.80e+01  1.90e-01  1.59e-01  1.16e-01  1.04e-01  4.34e-02  5.71e+04  2.03e+03 -1.00e+05
