:Data_list: 20160514_Gs_part_5m.txt
:Created: 2016 May 15 0011 UTC
# Prepared by the U.S. Dept. of Commerce, NOAA, Space Weather Prediction Center
# Please send comments and suggestions to SWPC.Webmaster@noaa.gov 
# 
# Label: P > 1 = Particles at >1 Mev
# Label: P > 5 = Particles at >5 Mev
# Label: P >10 = Particles at >10 Mev
# Label: P >30 = Particles at >30 Mev
# Label: P >50 = Particles at >50 Mev
# Label: P>100 = Particles at >100 Mev
# Label: E>0.8 = Electrons at >0.8 Mev
# Label: E>2.0 = Electrons at >2.0 Mev
# Label: E>4.0 = Electrons at >4.0 Mev
# Units: Particles = Protons/cm2-s-sr
# Units: Electrons = Electrons/cm2-s-sr
# Source: GOES-15
# Location: W135
# Missing data: -1.00e+05
#
#                      5-minute  GOES-15 Solar Particle and Electron Flux
#
#                 Modified Seconds
# UTC Date  Time   Julian  of the
# YR MO DA  HHMM    Day     Day     P > 1     P > 5     P >10     P >30     P >50     P>100     E>0.8     E>2.0     E>4.0
#-------------------------------------------------------------------------------------------------------------------------
2016 05 14  0000   57522      0   7.67e+00  2.00e-01  1.46e-01  9.12e-02  8.22e-02  6.04e-02  5.85e+04  6.52e+03 -1.00e+05
2016 05 14  0005   57522    300   6.27e+00  2.26e-01  1.94e-01  5.32e-02  4.43e-02  2.25e-02  5.85e+04  6.31e+03 -1.00e+05
2016 05 14  0010   57522    600   6.04e+00  2.06e-01  1.73e-01  1.21e-01  1.13e-01  5.17e-02  5.80e+04  6.24e+03 -1.00e+05
2016 05 14  0015   57522    900   6.89e+00  1.65e-01  1.09e-01  5.32e-02  4.43e-02  2.25e-02  5.91e+04  6.07e+03 -1.00e+05
2016 05 14  0020   57522   1200   9.37e+00  4.46e-01  2.23e-01  9.61e-02  8.72e-02  6.54e-02  5.75e+04  5.75e+03 -1.00e+05
2016 05 14  0025   57522   1500   5.63e+00  1.56e-01  1.23e-01  7.13e-02  6.24e-02  4.06e-02  5.77e+04  5.77e+03 -1.00e+05
2016 05 14  0030   57522   1800   4.93e+00  1.55e-01  1.22e-01  7.01e-02  4.81e-02  2.25e-02  5.86e+04  5.65e+03 -1.00e+05
2016 05 14  0035   57522   2100   4.28e+00  1.37e-01  1.05e-01  5.32e-02  4.43e-02  2.25e-02  5.59e+04  5.14e+03 -1.00e+05
2016 05 14  0040   57522   2400   6.57e+00  2.80e-01  1.27e-01  5.32e-02  4.43e-02  2.25e-02  5.43e+04  4.72e+03 -1.00e+05
2016 05 14  0045   57522   2700   3.94e+00  1.76e-01  1.20e-01  5.32e-02  4.43e-02  2.25e-02  5.13e+04  4.42e+03 -1.00e+05
2016 05 14  0050   57522   3000   3.36e+00  2.71e-01  2.39e-01  9.69e-02  5.47e-02  2.33e-02  4.58e+04  3.60e+03 -1.00e+05
2016 05 14  0055   57522   3300   2.97e+00  1.65e-01  1.32e-01  7.99e-02  5.79e-02  2.56e-02  4.64e+04  3.59e+03 -1.00e+05
2016 05 14  0100   57522   3600   2.50e+00  1.68e-01  1.36e-01  8.32e-02  5.10e-02  2.25e-02  4.44e+04  3.25e+03 -1.00e+05
2016 05 14  0105   57522   3900   2.55e+00  1.75e-01  1.43e-01  9.12e-02  8.22e-02  6.04e-02  4.40e+04  3.18e+03 -1.00e+05
2016 05 14  0110   57522   4200   2.82e+00  1.37e-01  1.05e-01  5.32e-02  4.43e-02  2.25e-02  4.59e+04  3.22e+03 -1.00e+05
2016 05 14  0115   57522   4500   2.80e+00  1.77e-01  1.45e-01  9.29e-02  8.40e-02  2.74e-02  4.85e+04  3.45e+03 -1.00e+05
2016 05 14  0120   57522   4800   3.16e+00  1.65e-01  1.09e-01  5.32e-02  4.43e-02  2.25e-02  4.69e+04  3.32e+03 -1.00e+05
2016 05 14  0125   57522   5100   4.58e+00  2.53e-01  1.09e-01  5.32e-02  4.43e-02  2.25e-02  4.47e+04  2.96e+03 -1.00e+05
2016 05 14  0130   57522   5400   2.70e+00  2.60e-01  2.27e-01  1.75e-01  1.42e-01  5.18e-02  4.37e+04  2.84e+03 -1.00e+05
2016 05 14  0135   57522   5700   3.85e+00  3.14e-01  2.09e-01  5.65e-02  4.76e-02  2.58e-02  4.63e+04  2.89e+03 -1.00e+05
2016 05 14  0140   57522   6000   2.93e+00  2.51e-01  2.08e-01  8.62e-02  6.42e-02  2.76e-02  4.68e+04  2.93e+03 -1.00e+05
2016 05 14  0145   57522   6300   3.43e+00  2.84e-01  1.83e-01  1.19e-01  1.11e-01  4.37e-02  5.00e+04  3.19e+03 -1.00e+05
2016 05 14  0150   57522   6600   1.91e+00  2.22e-01  1.90e-01  1.38e-01  1.29e-01  4.98e-02  4.14e+04  2.38e+03 -1.00e+05
2016 05 14  0155   57522   6900   2.65e+00  2.47e-01  1.50e-01  8.65e-02  5.94e-02  2.56e-02  3.63e+04  1.86e+03 -1.00e+05
2016 05 14  0200   57522   7200   2.05e+00  1.37e-01  1.05e-01  5.32e-02  4.43e-02  2.25e-02  4.19e+04  2.21e+03 -1.00e+05
2016 05 14  0205   57522   7500   1.95e+00  1.79e-01  1.46e-01  9.44e-02  8.54e-02  3.57e-02  4.05e+04  2.04e+03 -1.00e+05
2016 05 14  0210   57522   7800   1.60e+00  1.76e-01  1.44e-01  9.19e-02  8.00e-02  3.37e-02  3.80e+04  1.72e+03 -1.00e+05
2016 05 14  0215   57522   8100   1.49e+00  1.65e-01  1.33e-01  5.32e-02  4.43e-02  2.25e-02  3.74e+04  1.68e+03 -1.00e+05
2016 05 14  0220   57522   8400   1.51e+00  1.46e-01  1.13e-01  6.14e-02  5.25e-02  3.07e-02  3.98e+04  1.81e+03 -1.00e+05
2016 05 14  0225   57522   8700   1.68e+00  1.60e-01  1.27e-01  7.55e-02  6.66e-02  2.97e-02  3.83e+04  1.76e+03 -1.00e+05
2016 05 14  0230   57522   9000   1.70e+00  3.05e-01  2.72e-01  5.40e-02  4.51e-02  2.33e-02  4.09e+04  1.87e+03 -1.00e+05
2016 05 14  0235   57522   9300   2.54e+00  3.02e-01  1.08e-01  5.32e-02  4.43e-02  2.25e-02  3.98e+04  1.92e+03 -1.00e+05
2016 05 14  0240   57522   9600   1.52e+00  1.48e-01  1.16e-01  5.32e-02  4.43e-02  2.25e-02  3.71e+04  1.69e+03 -1.00e+05
2016 05 14  0245   57522   9900   1.11e+00  1.37e-01  1.05e-01  5.32e-02  4.43e-02  2.25e-02  3.29e+04  1.36e+03 -1.00e+05
2016 05 14  0250   57522  10200   1.43e+00  3.22e-01  2.04e-01  1.36e-01  1.06e-01  4.95e-02  2.87e+04  1.06e+03 -1.00e+05
2016 05 14  0255   57522  10500   9.95e-01  1.63e-01  1.30e-01  7.88e-02  6.98e-02  4.81e-02  2.76e+04  9.88e+02 -1.00e+05
2016 05 14  0300   57522  10800   1.39e+00  2.83e-01  1.73e-01  1.07e-01  9.80e-02  3.97e-02  2.57e+04  9.09e+02 -1.00e+05
2016 05 14  0305   57522  11100   1.54e+00  2.62e-01  1.60e-01  9.61e-02  8.72e-02  6.54e-02  2.17e+04  7.41e+02 -1.00e+05
2016 05 14  0310   57522  11400   9.58e-01  1.93e-01  1.37e-01  5.32e-02  4.43e-02  2.25e-02  2.00e+04  6.73e+02 -1.00e+05
2016 05 14  0315   57522  11700   8.96e-01  1.99e-01  1.66e-01  1.13e-01  6.46e-02  2.56e-02  1.87e+04  6.52e+02 -1.00e+05
2016 05 14  0320   57522  12000   1.72e+00  2.88e-01  1.22e-01  6.68e-02  5.49e-02  2.56e-02  1.81e+04  6.32e+02 -1.00e+05
2016 05 14  0325   57522  12300   7.08e-01  1.87e-01  1.54e-01  1.02e-01  9.36e-02  6.74e-02  1.74e+04  6.12e+02 -1.00e+05
2016 05 14  0330   57522  12600   7.46e-01  1.37e-01  1.05e-01  5.32e-02  4.43e-02  2.25e-02  1.94e+04  7.69e+02 -1.00e+05
2016 05 14  0335   57522  12900   1.34e+00  2.81e-01  1.32e-01  6.64e-02  5.75e-02  3.57e-02  1.91e+04  7.47e+02 -1.00e+05
2016 05 14  0340   57522  13200   6.67e-01  1.89e-01  1.57e-01  1.05e-01  8.78e-02  3.57e-02  1.49e+04  4.98e+02 -1.00e+05
2016 05 14  0345   57522  13500   5.49e-01  1.37e-01  1.05e-01  5.32e-02  4.43e-02  2.25e-02  1.19e+04  2.97e+02 -1.00e+05
2016 05 14  0350   57522  13800   1.15e+00  3.55e-01  1.82e-01  1.24e-01  1.02e-01  3.97e-02  1.18e+04  2.83e+02 -1.00e+05
2016 05 14  0355   57522  14100   8.27e-01  1.98e-01  1.44e-01  8.87e-02  7.98e-02  5.80e-02  1.29e+04  3.10e+02 -1.00e+05
2016 05 14  0400   57522  14400   4.78e-01  1.48e-01  1.16e-01  5.32e-02  4.43e-02  2.25e-02  1.35e+04  3.35e+02 -1.00e+05
2016 05 14  0405   57522  14700   7.44e-01  3.02e-01  2.70e-01  5.67e-02  4.78e-02  2.36e-02  1.24e+04  2.71e+02 -1.00e+05
2016 05 14  0410   57522  15000   4.95e-01  1.51e-01  1.18e-01  6.64e-02  5.75e-02  3.57e-02  1.04e+04  1.98e+02 -1.00e+05
2016 05 14  0415   57522  15300   5.66e-01  1.83e-01  1.51e-01  5.32e-02  4.43e-02  2.25e-02  9.91e+03  2.02e+02 -1.00e+05
2016 05 14  0420   57522  15600   5.22e-01  2.47e-01  2.15e-01  1.63e-01  1.54e-01  5.78e-02  1.04e+04  2.18e+02 -1.00e+05
2016 05 14  0425   57522  15900   7.93e-01  2.33e-01  1.29e-01  5.32e-02  4.43e-02  2.25e-02  1.17e+04  2.33e+02 -1.00e+05
2016 05 14  0430   57522  16200   7.87e-01  2.82e-01  1.62e-01  9.44e-02  8.54e-02  3.57e-02  8.99e+03  1.51e+02 -1.00e+05
2016 05 14  0435   57522  16500   5.22e-01  1.75e-01  1.42e-01  5.32e-02  4.43e-02  2.25e-02  9.14e+03  1.98e+02 -1.00e+05
2016 05 14  0440   57522  16800   5.24e-01  2.01e-01  1.68e-01  1.17e-01  1.08e-01  5.52e-02  7.01e+03  1.74e+02 -1.00e+05
2016 05 14  0445   57522  17100   3.95e-01  2.21e-01  1.88e-01  1.36e-01  1.14e-01  4.37e-02  4.35e+03  7.63e+01 -1.00e+05
2016 05 14  0450   57522  17400   4.53e-01  2.02e-01  1.48e-01  9.16e-02  6.89e-02  4.31e-02  5.03e+03  8.56e+01 -1.00e+05
2016 05 14  0455   57522  17700   4.53e-01  1.58e-01  1.25e-01  7.38e-02  6.49e-02  4.31e-02  4.08e+03  5.49e+01 -1.00e+05
2016 05 14  0500   57522  18000   1.78e-01  1.48e-01  1.16e-01  5.32e-02  4.43e-02  2.25e-02  4.11e+03  6.04e+01 -1.00e+05
2016 05 14  0505   57522  18300   8.21e-01  2.56e-01  1.12e-01  5.65e-02  4.76e-02  2.58e-02  4.16e+03  6.23e+01 -1.00e+05
2016 05 14  0510   57522  18600   3.48e-01  1.37e-01  1.05e-01  5.32e-02  4.43e-02  2.25e-02  5.08e+03  8.53e+01 -1.00e+05
2016 05 14  0515   57522  18900   2.67e-01  2.31e-01  1.76e-01  6.64e-02  5.75e-02  3.57e-02  5.61e+03  9.30e+01 -1.00e+05
2016 05 14  0520   57522  19200   4.67e-01  1.37e-01  1.05e-01  5.32e-02  4.43e-02  2.25e-02  6.02e+03  1.09e+02 -1.00e+05
2016 05 14  0525   57522  19500   8.36e-01  4.42e-01  2.54e-01  8.98e-02  5.25e-02  2.25e-02  5.45e+03  9.35e+01 -1.00e+05
2016 05 14  0530   57522  19800   7.05e-01  3.06e-01  1.53e-01  7.96e-02  6.04e-02  3.57e-02  5.06e+03  8.96e+01 -1.00e+05
2016 05 14  0535   57522  20100   6.46e-01  3.04e-01  2.72e-01  5.32e-02  4.43e-02  2.25e-02  5.44e+03  1.23e+02 -1.00e+05
2016 05 14  0540   57522  20400   1.18e+00  3.02e-01  1.08e-01  5.32e-02  4.43e-02  2.25e-02  5.92e+03  1.50e+02 -1.00e+05
2016 05 14  0545   57522  20700   3.82e-01  1.48e-01  1.16e-01  5.32e-02  4.43e-02  2.25e-02  5.98e+03  1.28e+02 -1.00e+05
2016 05 14  0550   57522  21000   4.99e-01  2.36e-01  1.74e-01  1.17e-01  1.00e-01  3.97e-02  5.52e+03  1.10e+02 -1.00e+05
2016 05 14  0555   57522  21300   5.90e-01  3.43e-01  3.11e-01  9.08e-02  5.15e-02  2.25e-02  4.70e+03  9.23e+01 -1.00e+05
2016 05 14  0600   57522  21600   4.36e-01  1.68e-01  1.36e-01  8.32e-02  5.10e-02  2.25e-02  4.20e+03  7.58e+01 -1.00e+05
2016 05 14  0605   57522  21900   7.86e-01  2.96e-01  1.44e-01  7.13e-02  6.24e-02  4.06e-02  3.26e+03  5.41e+01 -1.00e+05
2016 05 14  0610   57522  22200   6.06e-01  2.24e-01  1.92e-01  1.40e-01  1.31e-01  5.77e-02  2.83e+03  4.43e+01 -1.00e+05
2016 05 14  0615   57522  22500   5.18e-01  2.80e-01  1.27e-01  5.32e-02  4.43e-02  2.25e-02  2.59e+03  3.83e+01 -1.00e+05
2016 05 14  0620   57522  22800   5.32e-01  2.54e-01  1.98e-01  5.32e-02  4.43e-02  2.25e-02  2.54e+03  4.20e+01 -1.00e+05
2016 05 14  0625   57522  23100   6.12e-01  2.61e-01  2.06e-01  6.39e-02  5.50e-02  3.32e-02  2.29e+03  4.28e+01 -1.00e+05
2016 05 14  0630   57522  23400   2.22e-01  1.93e-01  1.60e-01  8.81e-02  7.92e-02  3.37e-02  2.18e+03  3.61e+01 -1.00e+05
2016 05 14  0635   57522  23700   7.47e-01  3.50e-01  1.83e-01  1.27e-01  1.18e-01  5.19e-02  2.24e+03  4.19e+01 -1.00e+05
2016 05 14  0640   57522  24000   7.28e-01  2.87e-01  1.25e-01  6.93e-02  6.04e-02  2.76e-02  2.31e+03  5.63e+01 -1.00e+05
2016 05 14  0645   57522  24300   5.72e-01  2.37e-01  2.04e-01  1.52e-01  1.41e-01  7.26e-02  2.58e+03  5.56e+01 -1.00e+05
2016 05 14  0650   57522  24600   4.98e-01  1.48e-01  1.16e-01  5.32e-02  4.43e-02  2.25e-02  2.20e+03  4.73e+01 -1.00e+05
2016 05 14  0655   57522  24900   2.59e-01  1.74e-01  1.41e-01  8.93e-02  8.04e-02  2.74e-02  1.93e+03  2.95e+01 -1.00e+05
2016 05 14  0700   57522  25200   5.05e-01  2.23e-01  1.26e-01  6.30e-02  5.41e-02  2.56e-02  1.77e+03  2.57e+01 -1.00e+05
2016 05 14  0705   57522  25500   1.03e+00  6.61e-01  2.98e-01  8.44e-02  5.96e-02  3.32e-02  1.63e+03  2.51e+01 -1.00e+05
2016 05 14  0710   57522  25800   3.92e-01  1.62e-01  1.29e-01  7.67e-02  4.95e-02  2.25e-02  1.42e+03  2.04e+01 -1.00e+05
2016 05 14  0715   57522  26100   5.79e-01  2.55e-01  1.53e-01  8.87e-02  7.98e-02  5.80e-02  9.38e+02  1.27e+01 -1.00e+05
2016 05 14  0720   57522  26400   5.06e-01  2.50e-01  2.18e-01  8.37e-02  7.48e-02  5.30e-02  8.85e+02  1.46e+01 -1.00e+05
2016 05 14  0725   57522  26700   8.76e-01  3.87e-01  3.55e-01  1.24e-01  9.22e-02  3.57e-02  1.22e+03  3.29e+01 -1.00e+05
2016 05 14  0730   57522  27000   7.43e-01  3.07e-01  1.91e-01  1.24e-01  9.71e-02  3.83e-02  1.56e+03  4.73e+01 -1.00e+05
2016 05 14  0735   57522  27300   1.63e+00  4.01e-01  1.43e-01  8.81e-02  7.92e-02  5.74e-02  2.25e+03  8.36e+01 -1.00e+05
2016 05 14  0740   57522  27600   1.17e+00  1.85e-01  1.52e-01  1.01e-01  9.17e-02  3.77e-02  2.77e+03  1.48e+02 -1.00e+05
2016 05 14  0745   57522  27900   1.02e+00  1.52e-01  1.20e-01  5.70e-02  4.51e-02  2.25e-02  1.75e+03  1.10e+02 -1.00e+05
2016 05 14  0750   57522  28200   1.01e+00  2.52e-01  2.20e-01  8.62e-02  7.73e-02  5.55e-02  2.38e+03  1.23e+02 -1.00e+05
2016 05 14  0755   57522  28500   1.18e+00  2.97e-01  1.57e-01  1.02e-01  8.47e-02  2.27e-02  1.97e+03  1.04e+02 -1.00e+05
2016 05 14  0800   57522  28800   1.36e+00  1.66e-01  1.34e-01  7.07e-02  4.88e-02  2.33e-02  1.72e+03  9.65e+01 -1.00e+05
2016 05 14  0805   57522  29100   2.89e+00  3.67e-01  1.66e-01  9.93e-02  6.49e-02  3.57e-02  2.65e+03  1.44e+02 -1.00e+05
2016 05 14  0810   57522  29400   1.53e+00  3.80e-01  2.28e-01  6.89e-02  5.99e-02  3.81e-02  2.52e+03  1.49e+02 -1.00e+05
2016 05 14  0815   57522  29700   7.85e-01  1.41e-01  1.09e-01  5.70e-02  4.51e-02  2.25e-02  2.13e+03  1.19e+02 -1.00e+05
2016 05 14  0820   57522  30000   8.96e-01  1.82e-01  1.49e-01  9.63e-02  5.40e-02  2.25e-02  1.71e+03  7.90e+01 -1.00e+05
2016 05 14  0825   57522  30300   4.69e-01  1.59e-01  1.26e-01  6.35e-02  4.66e-02  2.25e-02  1.78e+03  8.26e+01 -1.00e+05
2016 05 14  0830   57522  30600   9.50e-01  3.70e-01  2.16e-01  7.01e-02  4.81e-02  2.25e-02  1.94e+03  9.47e+01 -1.00e+05
2016 05 14  0835   57522  30900   6.82e-01  2.09e-01  1.76e-01  1.24e-01  1.02e-01  3.97e-02  2.88e+03  1.75e+02 -1.00e+05
2016 05 14  0840   57522  31200   6.22e-01  1.82e-01  1.49e-01  9.60e-02  5.16e-02  2.25e-02  3.25e+03  2.00e+02 -1.00e+05
2016 05 14  0845   57522  31500   7.65e-01  2.63e-01  1.19e-01  6.35e-02  4.66e-02  2.25e-02  3.36e+03  1.94e+02 -1.00e+05
2016 05 14  0850   57522  31800   6.19e-01  3.05e-01  2.28e-01  1.66e-01  9.77e-02  3.37e-02  3.33e+03  1.85e+02 -1.00e+05
2016 05 14  0855   57522  32100   4.80e-01  2.24e-01  1.92e-01  1.39e-01  9.94e-02  7.03e-02  3.32e+03  1.41e+02 -1.00e+05
2016 05 14  0900   57522  32400   2.53e-01  1.37e-01  1.05e-01  5.32e-02  4.43e-02  2.25e-02  2.37e+03  6.70e+01 -1.00e+05
2016 05 14  0905   57522  32700   4.17e-01  1.72e-01  1.17e-01  6.14e-02  5.25e-02  3.07e-02  5.79e+02  2.60e+01 -1.00e+05
2016 05 14  0910   57522  33000   2.16e-01  1.86e-01  1.54e-01  5.65e-02  4.76e-02  2.58e-02  3.09e+02  1.61e+01 -1.00e+05
2016 05 14  0915   57522  33300   3.68e-01  1.41e-01  1.08e-01  5.65e-02  4.76e-02  2.58e-02  4.86e+02  2.95e+01 -1.00e+05
2016 05 14  0920   57522  33600   6.15e-01  3.17e-01  1.49e-01  9.36e-02  8.47e-02  6.29e-02  6.47e+02  3.27e+01 -1.00e+05
2016 05 14  0925   57522  33900   7.77e-01  3.48e-01  1.97e-01  1.23e-01  8.45e-02  5.55e-02  3.59e+02  1.15e+01 -1.00e+05
2016 05 14  0930   57522  34200   3.67e-01  1.69e-01  1.13e-01  5.70e-02  4.51e-02  2.25e-02  4.37e+02  2.42e+01 -1.00e+05
2016 05 14  0935   57522  34500   4.56e-01  2.07e-01  1.74e-01  1.22e-01  1.13e-01  5.53e-02  4.63e+02  2.17e+01 -1.00e+05
2016 05 14  0940   57522  34800   4.33e-01  1.37e-01  1.05e-01  5.32e-02  4.43e-02  2.25e-02  2.78e+02  1.57e+01 -1.00e+05
2016 05 14  0945   57522  35100   2.71e-01  1.63e-01  1.30e-01  7.88e-02  6.98e-02  4.81e-02  2.31e+02  1.20e+01 -1.00e+05
2016 05 14  0950   57522  35400   4.41e-01  1.79e-01  1.46e-01  9.44e-02  8.54e-02  3.57e-02  2.17e+02  1.19e+01 -1.00e+05
2016 05 14  0955   57522  35700   7.96e-01  3.96e-01  1.22e-01  5.32e-02  4.43e-02  2.25e-02  7.87e+02  4.35e+01 -1.00e+05
2016 05 14  1000   57522  36000   7.16e-01  2.82e-01  2.49e-01  1.63e-01  1.54e-01  8.03e-02  3.75e+03  1.47e+02 -1.00e+05
2016 05 14  1005   57522  36300   6.96e-01  3.44e-01  3.11e-01  9.87e-02  7.82e-02  5.30e-02  3.11e+03  1.12e+02 -1.00e+05
2016 05 14  1010   57522  36600   3.89e-01  2.30e-01  1.98e-01  5.70e-02  4.51e-02  2.25e-02  1.61e+03  6.57e+01 -1.00e+05
2016 05 14  1015   57522  36900   2.56e-01  1.59e-01  1.26e-01  7.43e-02  5.35e-02  2.82e-02  1.09e+03  4.64e+01 -1.00e+05
2016 05 14  1020   57522  37200   2.75e-01  1.43e-01  1.11e-01  5.90e-02  5.00e-02  2.82e-02  4.37e+02  2.41e+01 -1.00e+05
2016 05 14  1025   57522  37500   5.57e-01  3.85e-01  3.29e-01  9.60e-02  5.16e-02  2.25e-02  7.55e+02  2.92e+01 -1.00e+05
2016 05 14  1030   57522  37800   7.45e-01  3.41e-01  1.89e-01  1.14e-01  7.01e-02  3.81e-02  1.33e+03  4.31e+01 -1.00e+05
2016 05 14  1035   57522  38100   5.42e-01  2.51e-01  1.46e-01  7.01e-02  4.81e-02  2.25e-02  6.14e+02  2.57e+01 -1.00e+05
2016 05 14  1040   57522  38400   6.76e-01  2.21e-01  1.66e-01  1.09e-01  6.97e-02  4.06e-02  1.92e+03  8.13e+01 -1.00e+05
2016 05 14  1045   57522  38700   1.02e+00  1.91e-01  1.59e-01  9.44e-02  5.16e-02  2.25e-02  2.75e+03  1.65e+02 -1.00e+05
2016 05 14  1050   57522  39000   7.38e+00  2.76e-01  2.44e-01  1.91e-01  1.47e-01  8.15e-02  5.35e+03  4.24e+02 -1.00e+05
2016 05 14  1055   57522  39300   1.50e+01  4.76e-01  2.59e-01  1.06e-01  8.75e-02  6.29e-02  6.20e+03  5.82e+02 -1.00e+05
2016 05 14  1100   57522  39600   4.11e+00  1.37e-01  1.05e-01  5.32e-02  4.43e-02  2.25e-02  6.16e+03  5.58e+02 -1.00e+05
2016 05 14  1105   57522  39900   2.54e+00  1.78e-01  1.46e-01  9.26e-02  5.16e-02  2.25e-02  5.04e+03  4.35e+02 -1.00e+05
2016 05 14  1110   57522  40200   8.81e+00  3.08e-01  1.65e-01  1.09e-01  8.43e-02  5.80e-02  7.53e+03  7.76e+02 -1.00e+05
2016 05 14  1115   57522  40500   8.43e+00  1.37e-01  1.05e-01  5.32e-02  4.43e-02  2.25e-02  8.68e+03  9.24e+02 -1.00e+05
2016 05 14  1120   57522  40800   1.22e+01  3.04e-01  2.72e-01  2.17e-01  1.31e-01  4.60e-02  1.13e+04  1.22e+03 -1.00e+05
2016 05 14  1125   57522  41100   1.37e+01  1.66e-01  1.33e-01  7.01e-02  4.81e-02  2.25e-02  1.32e+04  1.47e+03 -1.00e+05
2016 05 14  1130   57522  41400   1.24e+01  2.83e-01  2.50e-01  1.55e-01  9.69e-02  3.98e-02  1.32e+04  1.43e+03 -1.00e+05
2016 05 14  1135   57522  41700   1.18e+01  2.20e-01  1.87e-01  1.35e-01  1.07e-01  5.50e-02  1.51e+04  1.61e+03 -1.00e+05
2016 05 14  1140   57522  42000   1.58e+01  3.19e-01  1.76e-01  1.20e-01  7.71e-02  4.56e-02  1.55e+04  1.69e+03 -1.00e+05
2016 05 14  1145   57522  42300   8.57e+00  2.32e-01  1.76e-01  6.35e-02  4.66e-02  2.25e-02  1.52e+04  1.57e+03 -1.00e+05
2016 05 14  1150   57522  42600   8.33e+00  2.22e-01  1.71e-01  1.16e-01  8.50e-02  5.43e-02  1.46e+04  1.46e+03 -1.00e+05
2016 05 14  1155   57522  42900   6.76e+00  1.82e-01  1.49e-01  9.72e-02  7.45e-02  4.49e-02  1.47e+04  1.50e+03 -1.00e+05
2016 05 14  1200   57522  43200   8.90e+00  2.66e-01  1.65e-01  1.01e-01  9.21e-02  7.03e-02  1.39e+04  1.35e+03 -1.00e+05
2016 05 14  1205   57522  43500   4.89e+00  2.29e-01  1.96e-01  5.65e-02  4.76e-02  2.58e-02  1.29e+04  1.25e+03 -1.00e+05
2016 05 14  1210   57522  43800   5.44e+00  2.59e-01  1.59e-01  9.46e-02  7.78e-02  5.37e-02  1.41e+04  1.34e+03 -1.00e+05
2016 05 14  1215   57522  44100   5.48e+00  2.65e-01  1.61e-01  9.44e-02  5.16e-02  2.25e-02  1.42e+04  1.42e+03 -1.00e+05
2016 05 14  1220   57522  44400   3.45e+00  2.29e-01  1.96e-01  5.65e-02  4.76e-02  2.58e-02  1.51e+04  1.47e+03 -1.00e+05
2016 05 14  1225   57522  44700   6.53e+00  2.73e-01  1.70e-01  1.05e-01  7.18e-02  4.31e-02  1.61e+04  1.55e+03 -1.00e+05
2016 05 14  1230   57522  45000   5.44e+00  4.11e-01  3.78e-01  1.07e-01  5.74e-02  2.82e-02  1.68e+04  1.68e+03 -1.00e+05
2016 05 14  1235   57522  45300   5.71e+00  2.08e-01  1.63e-01  1.09e-01  1.00e-01  3.55e-02  1.76e+04  1.72e+03 -1.00e+05
2016 05 14  1240   57522  45600   5.16e+00  2.26e-01  1.83e-01  1.28e-01  7.30e-02  2.76e-02  1.72e+04  1.64e+03 -1.00e+05
2016 05 14  1245   57522  45900   3.26e+00  1.84e-01  1.52e-01  9.93e-02  6.49e-02  3.57e-02  1.73e+04  1.64e+03 -1.00e+05
2016 05 14  1250   57522  46200   4.08e+00  1.82e-01  1.49e-01  9.63e-02  5.40e-02  2.25e-02  1.78e+04  1.61e+03 -1.00e+05
2016 05 14  1255   57522  46500   7.40e+00  3.15e-01  1.22e-01  6.65e-02  5.75e-02  3.57e-02  1.98e+04  1.80e+03 -1.00e+05
2016 05 14  1300   57522  46800   4.43e+00  2.06e-01  1.50e-01  9.26e-02  5.16e-02  2.25e-02  2.01e+04  1.76e+03 -1.00e+05
2016 05 14  1305   57522  47100   3.39e+00  1.90e-01  1.57e-01  1.05e-01  7.18e-02  4.31e-02  1.95e+04  1.76e+03 -1.00e+05
2016 05 14  1310   57522  47400   3.26e+00  1.37e-01  1.05e-01  5.32e-02  4.43e-02  2.25e-02  2.08e+04  1.80e+03 -1.00e+05
2016 05 14  1315   57522  47700   3.03e+00  1.58e-01  1.26e-01  7.41e-02  6.52e-02  4.34e-02  2.06e+04  1.76e+03 -1.00e+05
2016 05 14  1320   57522  48000   3.62e+00  1.37e-01  1.05e-01  5.32e-02  4.43e-02  2.25e-02  2.02e+04  1.77e+03 -1.00e+05
2016 05 14  1325   57522  48300   3.60e+00  1.81e-01  1.49e-01  9.63e-02  6.80e-02  4.06e-02  2.18e+04  1.82e+03 -1.00e+05
2016 05 14  1330   57522  48600   6.35e+00  4.19e-01  2.66e-01  1.02e-01  5.16e-02  2.25e-02  2.19e+04  1.83e+03 -1.00e+05
2016 05 14  1335   57522  48900   4.15e+00  1.48e-01  1.15e-01  6.35e-02  4.66e-02  2.25e-02  2.18e+04  1.79e+03 -1.00e+05
2016 05 14  1340   57522  49200   5.04e+00  3.31e-01  1.79e-01  1.05e-01  7.18e-02  4.31e-02  2.10e+04  1.75e+03 -1.00e+05
2016 05 14  1345   57522  49500   3.59e+00  1.76e-01  1.20e-01  6.35e-02  4.66e-02  2.25e-02  2.08e+04  1.71e+03 -1.00e+05
2016 05 14  1350   57522  49800   2.95e+00  2.05e-01  1.72e-01  8.57e-02  7.38e-02  2.27e-02  2.07e+04  1.74e+03 -1.00e+05
2016 05 14  1355   57522  50100   5.73e+00  2.90e-01  1.46e-01  8.98e-02  5.25e-02  2.25e-02  2.07e+04  1.75e+03 -1.00e+05
2016 05 14  1400   57522  50400   4.76e+00  1.77e-01  1.22e-01  6.64e-02  5.75e-02  3.57e-02  2.18e+04  1.83e+03 -1.00e+05
2016 05 14  1405   57522  50700   4.80e+00  1.65e-01  1.33e-01  8.12e-02  7.23e-02  5.05e-02  2.13e+04  1.81e+03 -1.00e+05
2016 05 14  1410   57522  51000   8.20e+00  6.72e-01  4.17e-01  1.48e-01  8.92e-02  3.17e-02  2.12e+04  1.78e+03 -1.00e+05
2016 05 14  1415   57522  51300   4.81e+00  1.37e-01  1.05e-01  5.32e-02  4.43e-02  2.25e-02  2.15e+04  1.79e+03 -1.00e+05
2016 05 14  1420   57522  51600   7.57e+00  2.80e-01  1.27e-01  5.32e-02  4.43e-02  2.25e-02  2.00e+04  1.70e+03 -1.00e+05
2016 05 14  1425   57522  51900   4.97e+00  2.88e-01  2.56e-01  2.04e-01  1.95e-01  1.05e-01  2.03e+04  1.63e+03 -1.00e+05
2016 05 14  1430   57522  52200   8.05e+00  2.80e-01  1.27e-01  5.32e-02  4.43e-02  2.25e-02  1.94e+04  1.40e+03 -1.00e+05
2016 05 14  1435   57522  52500   5.33e+00  2.67e-01  2.35e-01  1.47e-01  1.39e-01  6.34e-02  1.95e+04  1.35e+03 -1.00e+05
2016 05 14  1440   57522  52800   5.54e+00  2.04e-01  1.71e-01  1.18e-01  7.96e-02  5.05e-02  1.95e+04  1.35e+03 -1.00e+05
2016 05 14  1445   57522  53100   5.40e+00  1.60e-01  1.27e-01  7.57e-02  6.68e-02  4.50e-02  1.90e+04  1.30e+03 -1.00e+05
2016 05 14  1450   57522  53400   5.72e+00  1.44e-01  1.11e-01  5.94e-02  4.82e-02  2.58e-02  2.00e+04  1.38e+03 -1.00e+05
2016 05 14  1455   57522  53700   1.05e+01  2.53e-01  1.09e-01  5.32e-02  4.43e-02  2.25e-02  2.18e+04  1.53e+03 -1.00e+05
2016 05 14  1500   57522  54000   1.05e+01  2.76e-01  1.34e-01  7.89e-02  7.00e-02  4.82e-02  2.38e+04  1.81e+03 -1.00e+05
2016 05 14  1505   57522  54300   7.16e+00  3.11e-01  2.79e-01  1.35e-01  1.03e-01  5.30e-02  2.24e+04  1.68e+03 -1.00e+05
2016 05 14  1510   57522  54600   7.54e+00  4.45e-01  4.13e-01  1.01e-01  5.49e-02  2.58e-02  2.20e+04  1.65e+03 -1.00e+05
2016 05 14  1515   57522  54900   8.17e+00  2.05e-01  1.73e-01  1.21e-01  1.06e-01  6.41e-02  2.21e+04  1.69e+03 -1.00e+05
2016 05 14  1520   57522  55200   8.78e+00  1.59e-01  1.26e-01  7.43e-02  5.35e-02  2.82e-02  2.33e+04  1.83e+03 -1.00e+05
2016 05 14  1525   57522  55500   1.15e+01  2.22e-01  1.67e-01  1.10e-01  6.48e-02  3.57e-02  2.31e+04  1.77e+03 -1.00e+05
2016 05 14  1530   57522  55800   1.50e+01  2.44e-01  1.39e-01  6.35e-02  4.66e-02  2.25e-02  2.34e+04  1.94e+03 -1.00e+05
2016 05 14  1535   57522  56100   1.14e+01  1.88e-01  1.55e-01  1.04e-01  9.47e-02  4.93e-02  2.38e+04  1.94e+03 -1.00e+05
2016 05 14  1540   57522  56400   1.05e+01  1.47e-01  1.15e-01  6.30e-02  5.41e-02  2.56e-02  2.42e+04  2.00e+03 -1.00e+05
2016 05 14  1545   57522  56700   1.06e+01  1.73e-01  1.40e-01  8.87e-02  7.98e-02  5.80e-02  2.44e+04  2.06e+03 -1.00e+05
2016 05 14  1550   57522  57000   1.18e+01  4.55e-01  4.18e-01  2.56e-01  1.62e-01  4.98e-02  2.47e+04  2.16e+03 -1.00e+05
2016 05 14  1555   57522  57300   1.09e+01  2.11e-01  1.78e-01  1.26e-01  8.75e-02  5.73e-02  2.49e+04  2.13e+03 -1.00e+05
2016 05 14  1600   57522  57600   1.18e+01  1.66e-01  1.33e-01  8.14e-02  6.28e-02  3.81e-02  2.56e+04  2.27e+03 -1.00e+05
2016 05 14  1605   57522  57900   1.41e+01  3.08e-01  2.53e-01  1.11e-01  6.97e-02  4.06e-02  2.73e+04  2.53e+03 -1.00e+05
2016 05 14  1610   57522  58200   1.22e+01  1.75e-01  1.43e-01  9.12e-02  8.22e-02  6.04e-02  2.76e+04  2.68e+03 -1.00e+05
2016 05 14  1615   57522  58500   2.27e+01  3.61e-01  1.46e-01  9.12e-02  8.22e-02  6.04e-02  2.75e+04  2.64e+03 -1.00e+05
2016 05 14  1620   57522  58800   1.97e+01  2.95e-01  1.27e-01  7.13e-02  6.24e-02  4.06e-02  2.82e+04  2.55e+03 -1.00e+05
2016 05 14  1625   57522  59100   1.28e+01  2.27e-01  1.94e-01  1.41e-01  9.45e-02  6.54e-02  2.72e+04  2.56e+03 -1.00e+05
2016 05 14  1630   57522  59400   1.91e+01  4.07e-01  3.02e-01  7.01e-02  4.81e-02  2.25e-02  2.75e+04  2.55e+03 -1.00e+05
2016 05 14  1635   57522  59700   1.54e+01  2.31e-01  1.79e-01  1.22e-01  8.19e-02  5.28e-02  2.73e+04  2.40e+03 -1.00e+05
2016 05 14  1640   57522  60000   1.36e+01  1.90e-01  1.58e-01  1.05e-01  6.99e-02  3.56e-02  2.62e+04  2.39e+03 -1.00e+05
2016 05 14  1645   57522  60300   1.44e+01  1.48e-01  1.15e-01  6.35e-02  4.66e-02  2.25e-02  2.71e+04  2.44e+03 -1.00e+05
2016 05 14  1650   57522  60600   1.49e+01  1.41e-01  1.09e-01  5.70e-02  4.51e-02  2.25e-02  2.81e+04  2.66e+03 -1.00e+05
2016 05 14  1655   57522  60900   1.38e+01  1.57e-01  1.25e-01  7.31e-02  5.90e-02  3.57e-02  2.91e+04  2.74e+03 -1.00e+05
2016 05 14  1700   57522  61200   2.37e+01  2.70e-01  1.26e-01  7.01e-02  4.81e-02  2.25e-02  2.96e+04  2.88e+03 -1.00e+05
2016 05 14  1705   57522  61500   1.42e+01  2.83e-01  2.50e-01  1.20e-01  9.82e-02  7.28e-02  2.96e+04  2.91e+03 -1.00e+05
2016 05 14  1710   57522  61800   1.67e+01  2.54e-01  1.98e-01  5.32e-02  4.43e-02  2.25e-02  3.11e+04  3.09e+03 -1.00e+05
2016 05 14  1715   57522  62100   1.53e+01  2.18e-01  1.86e-01  1.32e-01  7.31e-02  2.76e-02  3.13e+04  3.24e+03 -1.00e+05
2016 05 14  1720   57522  62400   1.50e+01  1.37e-01  1.05e-01  5.32e-02  4.43e-02  2.25e-02  3.27e+04  3.49e+03 -1.00e+05
2016 05 14  1725   57522  62700   1.58e+01  2.74e-01  2.42e-01  1.32e-01  1.11e-01  7.70e-02  3.47e+04  3.78e+03 -1.00e+05
2016 05 14  1730   57522  63000   1.60e+01  1.72e-01  1.39e-01  8.74e-02  7.84e-02  5.17e-02  3.56e+04  4.02e+03 -1.00e+05
2016 05 14  1735   57522  63300   1.55e+01  2.35e-01  2.02e-01  1.51e-01  1.42e-01  5.38e-02  3.75e+04  4.24e+03 -1.00e+05
2016 05 14  1740   57522  63600   1.57e+01  2.67e-01  2.35e-01  9.26e-02  5.16e-02  2.25e-02  3.74e+04  4.32e+03 -1.00e+05
2016 05 14  1745   57522  63900   1.54e+01  1.55e-01  1.23e-01  7.07e-02  4.88e-02  2.33e-02  3.76e+04  4.42e+03 -1.00e+05
2016 05 14  1750   57522  64200   1.62e+01  1.37e-01  1.05e-01  5.32e-02  4.43e-02  2.25e-02  3.91e+04  4.60e+03 -1.00e+05
2016 05 14  1755   57522  64500   2.73e+01  2.94e-01  1.51e-01  9.45e-02  6.57e-02  3.81e-02  3.96e+04  4.74e+03 -1.00e+05
2016 05 14  1800   57522  64800   1.61e+01  1.75e-01  1.43e-01  9.12e-02  8.22e-02  6.04e-02  3.96e+04  4.74e+03 -1.00e+05
2016 05 14  1805   57522  65100   1.58e+01  1.64e-01  1.31e-01  7.90e-02  5.26e-02  2.58e-02  4.10e+04  5.06e+03 -1.00e+05
2016 05 14  1810   57522  65400   1.67e+01  1.76e-01  1.43e-01  9.13e-02  7.21e-02  3.94e-02  4.16e+04  5.08e+03 -1.00e+05
2016 05 14  1815   57522  65700   1.78e+01  1.85e-01  1.52e-01  9.91e-02  5.49e-02  2.58e-02  4.09e+04  5.07e+03 -1.00e+05
2016 05 14  1820   57522  66000   2.73e+01  2.90e-01  1.48e-01  9.22e-02  7.30e-02  4.82e-02  4.17e+04  5.23e+03 -1.00e+05
2016 05 14  1825   57522  66300   2.63e+01  4.71e-01  3.18e-01  7.72e-02  5.03e-02  2.33e-02  4.36e+04  5.48e+03 -1.00e+05
2016 05 14  1830   57522  66600   1.78e+01  2.26e-01  1.94e-01  5.32e-02  4.43e-02  2.25e-02  4.40e+04  5.72e+03 -1.00e+05
2016 05 14  1835   57522  66900   1.71e+01  2.27e-01  1.94e-01  7.96e-02  6.27e-02  2.76e-02  4.40e+04  5.76e+03 -1.00e+05
2016 05 14  1840   57522  67200   1.71e+01  2.99e-01  2.66e-01  2.11e-01  1.37e-01  5.72e-02  4.54e+04  5.95e+03 -1.00e+05
2016 05 14  1845   57522  67500   1.74e+01  1.48e-01  1.15e-01  6.35e-02  4.66e-02  2.25e-02  4.66e+04  6.11e+03 -1.00e+05
2016 05 14  1850   57522  67800   1.74e+01  1.37e-01  1.05e-01  5.32e-02  4.43e-02  2.25e-02  4.73e+04  6.34e+03 -1.00e+05
2016 05 14  1855   57522  68100   2.68e+01  4.27e-01  2.80e-01  1.58e-01  1.49e-01  8.19e-02  4.93e+04  6.58e+03 -1.00e+05
2016 05 14  1900   57522  68400   1.74e+01  1.37e-01  1.05e-01  5.32e-02  4.43e-02  2.25e-02  4.93e+04  6.78e+03 -1.00e+05
2016 05 14  1905   57522  68700   1.72e+01  2.10e-01  1.77e-01  1.26e-01  1.17e-01  4.58e-02  5.01e+04  6.92e+03 -1.00e+05
2016 05 14  1910   57522  69000   1.74e+01  4.27e-01  3.95e-01  1.56e-01  9.69e-02  4.16e-02  5.19e+04  7.02e+03 -1.00e+05
2016 05 14  1915   57522  69300   2.84e+01  2.69e-01  1.29e-01  7.34e-02  5.64e-02  2.56e-02  5.19e+04  7.09e+03 -1.00e+05
2016 05 14  1920   57522  69600   1.75e+01  1.41e-01  1.09e-01  5.70e-02  4.51e-02  2.25e-02  5.19e+04  7.22e+03 -1.00e+05
2016 05 14  1925   57522  69900   1.85e+01  2.19e-01  1.86e-01  1.34e-01  1.26e-01  5.75e-02  5.19e+04  7.25e+03 -1.00e+05
2016 05 14  1930   57522  70200   1.99e+01  1.63e-01  1.30e-01  7.85e-02  6.96e-02  4.12e-02  5.19e+04  7.24e+03 -1.00e+05
2016 05 14  1935   57522  70500   2.82e+01  2.49e-01  1.44e-01  7.90e-02  5.26e-02  2.58e-02  4.71e+04  6.67e+03 -1.00e+05
2016 05 14  1940   57522  70800   2.25e+01  3.25e-01  2.92e-01  7.88e-02  6.98e-02  4.81e-02  4.88e+04  6.52e+03 -1.00e+05
2016 05 14  1945   57522  71100   3.47e+01  3.44e-01  1.99e-01  1.24e-01  6.49e-02  2.56e-02  4.22e+04  6.23e+03 -1.00e+05
2016 05 14  1950   57522  71400   2.10e+01  1.48e-01  1.16e-01  5.32e-02  4.43e-02  2.25e-02  4.40e+04  6.21e+03 -1.00e+05
2016 05 14  1955   57522  71700   1.86e+01  2.67e-01  2.34e-01  1.80e-01  1.06e-01  3.57e-02  4.23e+04  5.99e+03 -1.00e+05
2016 05 14  2000   57522  72000   3.74e+01  3.23e-01  1.54e-01  9.68e-02  5.24e-02  2.33e-02  4.43e+04  6.86e+03 -1.00e+05
2016 05 14  2005   57522  72300   2.22e+01  2.02e-01  1.70e-01  1.18e-01  1.09e-01  4.34e-02  5.03e+04  8.24e+03 -1.00e+05
2016 05 14  2010   57522  72600   2.58e+01  2.06e-01  1.74e-01  1.21e-01  8.20e-02  5.30e-02  5.62e+04  9.71e+03 -1.00e+05
2016 05 14  2015   57522  72900   3.33e+01  1.88e-01  1.44e-01  9.06e-02  7.75e-02  4.51e-02  6.15e+04  1.15e+04 -1.00e+05
2016 05 14  2020   57522  73200   3.12e+01  1.66e-01  1.34e-01  8.20e-02  7.06e-02  4.81e-02  6.41e+04  1.22e+04 -1.00e+05
2016 05 14  2025   57522  73500   5.09e+01  5.58e-01  3.51e-01  1.06e-01  8.75e-02  6.29e-02  6.83e+04  1.34e+04 -1.00e+05
2016 05 14  2030   57522  73800   3.18e+01  3.22e-01  2.89e-01  7.01e-02  4.81e-02  2.25e-02  7.10e+04  1.44e+04 -1.00e+05
2016 05 14  2035   57522  74100   3.24e+01  2.04e-01  1.71e-01  1.19e-01  9.04e-02  6.29e-02  7.14e+04  1.54e+04 -1.00e+05
2016 05 14  2040   57522  74400   4.11e+01  1.88e-01  1.36e-01  8.12e-02  7.23e-02  5.05e-02  7.05e+04  1.52e+04 -1.00e+05
2016 05 14  2045   57522  74700   3.29e+01  2.82e-01  2.49e-01  1.15e-01  8.58e-02  5.80e-02  6.64e+04  1.46e+04 -1.00e+05
2016 05 14  2050   57522  75000   3.71e+01  1.88e-01  1.55e-01  1.03e-01  6.95e-02  4.06e-02  6.46e+04  1.43e+04 -1.00e+05
2016 05 14  2055   57522  75300   6.30e+01  3.39e-01  1.41e-01  7.88e-02  6.98e-02  4.81e-02  6.04e+04  1.37e+04 -1.00e+05
2016 05 14  2100   57522  75600   3.24e+01  2.66e-01  2.33e-01  1.04e-01  9.07e-02  6.76e-02  5.93e+04  1.25e+04 -1.00e+05
2016 05 14  2105   57522  75900   3.29e+01  2.89e-01  2.56e-01  1.75e-01  1.38e-01  4.98e-02  6.22e+04  1.31e+04 -1.00e+05
2016 05 14  2110   57522  76200   5.50e+01  2.41e-01  1.38e-01  7.31e-02  5.90e-02  3.57e-02  7.04e+04  1.41e+04 -1.00e+05
2016 05 14  2115   57522  76500   4.07e+01  2.30e-01  1.77e-01  1.21e-01  9.27e-02  6.54e-02  6.99e+04  1.40e+04 -1.00e+05
2016 05 14  2120   57522  76800   3.80e+01  1.95e-01  1.62e-01  9.75e-02  5.16e-02  2.25e-02  7.07e+04  1.39e+04 -1.00e+05
2016 05 14  2125   57522  77100   3.50e+01  2.18e-01  1.85e-01  1.07e-01  9.80e-02  3.97e-02  6.82e+04  1.38e+04 -1.00e+05
2016 05 14  2130   57522  77400   3.62e+01  2.28e-01  1.75e-01  1.20e-01  9.82e-02  7.28e-02  6.12e+04  1.21e+04 -1.00e+05
2016 05 14  2135   57522  77700   3.53e+01  1.47e-01  1.15e-01  6.32e-02  5.42e-02  2.62e-02  6.10e+04  1.18e+04 -1.00e+05
2016 05 14  2140   57522  78000   3.73e+01  1.79e-01  1.47e-01  8.32e-02  5.10e-02  2.25e-02  6.13e+04  1.21e+04 -1.00e+05
2016 05 14  2145   57522  78300   3.39e+01  1.37e-01  1.05e-01  5.32e-02  4.43e-02  2.25e-02  6.01e+04  1.18e+04 -1.00e+05
2016 05 14  2150   57522  78600   3.11e+01  1.37e-01  1.05e-01  5.32e-02  4.43e-02  2.25e-02  5.88e+04  1.10e+04 -1.00e+05
2016 05 14  2155   57522  78900   4.57e+01  2.59e-01  1.57e-01  9.22e-02  7.67e-02  5.30e-02  5.87e+04  1.13e+04 -1.00e+05
2016 05 14  2200   57522  79200   5.51e+01  2.53e-01  1.09e-01  5.32e-02  4.43e-02  2.25e-02  6.21e+04  1.16e+04 -1.00e+05
2016 05 14  2205   57522  79500   4.61e+01  2.81e-01  1.84e-01  1.19e-01  6.48e-02  2.56e-02  6.01e+04  1.14e+04 -1.00e+05
2016 05 14  2210   57522  79800   5.67e+01  5.91e-01  3.41e-01  9.10e-02  6.11e-02  3.32e-02  6.17e+04  1.15e+04 -1.00e+05
2016 05 14  2215   57522  80100   3.93e+01  1.93e-01  1.38e-01  7.49e-02  6.13e-02  3.81e-02  5.82e+04  1.07e+04 -1.00e+05
2016 05 14  2220   57522  80400   3.28e+01  1.81e-01  1.48e-01  9.65e-02  5.15e-02  2.25e-02  5.31e+04  9.40e+03 -1.00e+05
2016 05 14  2225   57522  80700   2.52e+01  3.00e-01  2.67e-01  2.15e-01  1.71e-01  7.62e-02  4.94e+04  7.90e+03 -1.00e+05
2016 05 14  2230   57522  81000   2.38e+01  2.23e-01  1.90e-01  1.39e-01  1.06e-01  5.79e-02  4.66e+04  7.60e+03 -1.00e+05
2016 05 14  2235   57522  81300   1.67e+01  1.75e-01  1.26e-01  7.28e-02  4.86e-02  2.25e-02  3.64e+04  5.81e+03 -1.00e+05
2016 05 14  2240   57522  81600   1.74e+01  2.15e-01  1.46e-01  9.01e-02  8.09e-02  3.43e-02  3.50e+04  5.01e+03 -1.00e+05
2016 05 14  2245   57522  81900   1.46e+01  2.17e-01  1.83e-01  1.11e-01  1.02e-01  4.89e-02  2.99e+04  4.31e+03 -1.00e+05
2016 05 14  2250   57522  82200   2.37e+01  1.87e-01  1.54e-01  1.03e-01  7.42e-02  3.02e-02  3.13e+04  4.67e+03 -1.00e+05
2016 05 14  2255   57522  82500   2.90e+01  4.40e-01  4.06e-01  1.29e-01  6.72e-02  2.62e-02  3.44e+04  5.15e+03 -1.00e+05
2016 05 14  2300   57522  82800   7.23e+01  3.67e-01  1.13e-01  6.02e-02  5.10e-02  2.92e-02  4.26e+04  6.44e+03 -1.00e+05
2016 05 14  2305   57522  83100   2.88e+01  1.71e-01  1.23e-01  7.01e-02  6.09e-02  3.91e-02  3.81e+04  5.50e+03 -1.00e+05
2016 05 14  2310   57522  83400   2.32e+01  1.94e-01  1.60e-01  1.09e-01  6.78e-02  3.66e-02  4.19e+04  5.23e+03 -1.00e+05
2016 05 14  2315   57522  83700   2.81e+01  3.05e-01  1.61e-01  9.01e-02  7.12e-02  4.65e-02  3.47e+04  4.28e+03 -1.00e+05
2016 05 14  2320   57522  84000   1.46e+01  2.63e-01  2.30e-01  8.00e-02  7.08e-02  4.90e-02  3.06e+04  3.43e+03 -1.00e+05
2016 05 14  2325   57522  84300   1.78e+01  2.33e-01  2.00e-01  1.50e-01  1.41e-01  8.83e-02  3.47e+04  3.96e+03 -1.00e+05
2016 05 14  2330   57522  84600   1.03e+01  3.15e-01  2.82e-01  6.54e-02  5.62e-02  2.75e-02  3.20e+04  3.27e+03 -1.00e+05
2016 05 14  2335   57522  84900   8.86e+00  1.68e-01  1.35e-01  8.49e-02  7.57e-02  5.40e-02  3.28e+04  3.03e+03 -1.00e+05
2016 05 14  2340   57522  85200   3.86e+00  2.17e-01  1.84e-01  1.34e-01  1.25e-01  6.96e-02  3.01e+04  2.47e+03 -1.00e+05
2016 05 14  2345   57522  85500   5.26e+00  1.77e-01  1.44e-01  9.30e-02  5.32e-02  2.42e-02  2.74e+04  2.08e+03 -1.00e+05
2016 05 14  2350   57522  85800   1.02e+01  1.54e-01  1.21e-01  7.13e-02  6.21e-02  2.82e-02  3.18e+04  2.75e+03 -1.00e+05
2016 05 14  2355   57522  86100   8.44e+00  1.37e-01  1.03e-01  5.35e-02  4.43e-02  2.25e-02  3.04e+04  2.76e+03 -1.00e+05
