:Data_list: 20160204_Gp_part_5m.txt
:Created: 2016 Feb 05 0011 UTC
# Prepared by the U.S. Dept. of Commerce, NOAA, Space Weather Prediction Center
# Please send comments and suggestions to SWPC.Webmaster@noaa.gov 
# 
# Label: P > 1 = Particles at >1 Mev
# Label: P > 5 = Particles at >5 Mev
# Label: P >10 = Particles at >10 Mev
# Label: P >30 = Particles at >30 Mev
# Label: P >50 = Particles at >50 Mev
# Label: P>100 = Particles at >100 Mev
# Label: E>0.8 = Electrons at >0.8 Mev
# Label: E>2.0 = Electrons at >2.0 Mev
# Label: E>4.0 = Electrons at >4.0 Mev
# Units: Particles = Protons/cm2-s-sr
# Units: Electrons = Electrons/cm2-s-sr
# Source: GOES-13
# Location: W075
# Missing data: -1.00e+05
#
#                      5-minute  GOES-13 Solar Particle and Electron Flux
#
#                 Modified Seconds
# UTC Date  Time   Julian  of the
# YR MO DA  HHMM    Day     Day     P > 1     P > 5     P >10     P >30     P >50     P>100     E>0.8     E>2.0     E>4.0
#-------------------------------------------------------------------------------------------------------------------------
2016 02 04  0000   57422      0   6.16e-01  1.28e-01  9.96e-02  5.76e-02  4.66e-02  2.43e-02  6.36e+02  1.33e-01 -1.00e+05
2016 02 04  0005   57422    300   5.11e-01  1.55e-01  1.27e-01  7.24e-02  5.00e-02  2.43e-02  6.30e+02  1.33e-01 -1.00e+05
2016 02 04  0010   57422    600   6.75e-01  1.73e-01  1.44e-01  1.02e-01  8.15e-02  5.64e-02  6.21e+02  1.33e-01 -1.00e+05
2016 02 04  0015   57422    900   5.01e-01  1.28e-01  9.96e-02  5.76e-02  4.66e-02  2.43e-02  6.17e+02  1.33e-01 -1.00e+05
2016 02 04  0020   57422   1200   7.10e-01  2.61e-01  1.56e-01  9.86e-02  5.59e-02  2.43e-02  6.18e+02  1.33e-01 -1.00e+05
2016 02 04  0025   57422   1500   3.88e-01  1.60e-01  1.32e-01  5.76e-02  4.66e-02  2.43e-02  6.04e+02  1.33e-01 -1.00e+05
2016 02 04  0030   57422   1800   4.99e-01  1.61e-01  1.05e-01  5.76e-02  4.66e-02  2.43e-02  5.96e+02  1.77e+00 -1.00e+05
2016 02 04  0035   57422   2100   8.55e-01  4.54e-01  4.26e-01  1.13e-01  6.06e-02  3.16e-02  5.90e+02  1.33e-01 -1.00e+05
2016 02 04  0040   57422   2400   5.74e-01  2.48e-01  2.20e-01  1.39e-01  1.28e-01  6.46e-02  5.87e+02  1.33e-01 -1.00e+05
2016 02 04  0045   57422   2700   9.27e-01  3.03e-01  1.31e-01  8.66e-02  7.56e-02  3.36e-02  5.76e+02  1.33e-01 -1.00e+05
2016 02 04  0050   57422   3000   5.52e-01  1.28e-01  9.96e-02  5.76e-02  4.66e-02  2.43e-02  5.67e+02  1.33e-01 -1.00e+05
2016 02 04  0055   57422   3300   5.24e-01  1.30e-01  1.02e-01  5.99e-02  4.90e-02  2.66e-02  5.64e+02  1.79e+00 -1.00e+05
2016 02 04  0100   57422   3600   9.35e-01  3.11e-01  1.51e-01  1.05e-01  5.73e-02  2.43e-02  5.54e+02  1.33e-01 -1.00e+05
2016 02 04  0105   57422   3900   9.79e-01  3.77e-01  1.68e-01  5.76e-02  4.66e-02  2.43e-02  5.45e+02  1.33e-01 -1.00e+05
2016 02 04  0110   57422   4200   6.07e-01  1.40e-01  1.12e-01  6.98e-02  5.89e-02  3.66e-02  5.44e+02  1.33e-01 -1.00e+05
2016 02 04  0115   57422   4500   8.25e-01  2.62e-01  1.02e-01  5.76e-02  4.66e-02  2.43e-02  5.48e+02  1.71e+00 -1.00e+05
2016 02 04  0120   57422   4800   8.95e-01  2.62e-01  1.02e-01  5.76e-02  4.66e-02  2.43e-02  5.36e+02  1.33e-01 -1.00e+05
2016 02 04  0125   57422   5100   4.55e-01  1.46e-01  1.18e-01  7.58e-02  6.35e-02  2.96e-02  5.29e+02  1.33e-01 -1.00e+05
2016 02 04  0130   57422   5400   3.92e-01  1.28e-01  9.96e-02  5.76e-02  4.66e-02  2.43e-02  5.24e+02  1.33e-01 -1.00e+05
2016 02 04  0135   57422   5700   6.83e-01  2.72e-01  1.12e-01  6.74e-02  5.64e-02  3.41e-02  5.18e+02  1.33e-01 -1.00e+05
2016 02 04  0140   57422   6000   5.44e-01  2.18e-01  1.13e-01  5.76e-02  4.66e-02  2.43e-02  5.15e+02  2.26e+00 -1.00e+05
2016 02 04  0145   57422   6300   5.03e-01  2.16e-01  1.88e-01  5.76e-02  4.66e-02  2.43e-02  5.06e+02  1.33e-01 -1.00e+05
2016 02 04  0150   57422   6600   3.69e-01  1.50e-01  1.22e-01  7.90e-02  5.14e-02  2.43e-02  5.04e+02  1.33e-01 -1.00e+05
2016 02 04  0155   57422   6900   5.75e-01  1.65e-01  1.37e-01  9.46e-02  8.23e-02  3.57e-02  5.00e+02  1.33e-01 -1.00e+05
2016 02 04  0200   57422   7200   8.37e-01  5.25e-01  2.79e-01  1.02e-01  9.11e-02  6.88e-02  4.89e+02  1.33e-01 -1.00e+05
2016 02 04  0205   57422   7500   4.13e-01  2.61e-01  2.32e-01  9.86e-02  5.59e-02  2.43e-02  4.84e+02  1.33e-01 -1.00e+05
2016 02 04  0210   57422   7800   7.60e-01  4.31e-01  2.12e-01  5.76e-02  4.66e-02  2.43e-02  4.80e+02  1.05e+00 -1.00e+05
2016 02 04  0215   57422   8100   3.43e-01  1.61e-01  1.08e-01  6.15e-02  5.06e-02  2.56e-02  4.81e+02  1.33e-01 -1.00e+05
2016 02 04  0220   57422   8400   5.93e-01  2.62e-01  2.34e-01  7.24e-02  5.00e-02  2.43e-02  4.72e+02  1.33e-01 -1.00e+05
2016 02 04  0225   57422   8700   3.76e-01  1.30e-01  1.01e-01  5.93e-02  4.70e-02  2.43e-02  4.62e+02  1.33e-01 -1.00e+05
2016 02 04  0230   57422   9000   5.98e-01  2.50e-01  1.87e-01  1.38e-01  1.13e-01  5.09e-02  4.42e+02  1.33e-01 -1.00e+05
2016 02 04  0235   57422   9300   4.55e-01  2.54e-01  2.26e-01  1.24e-01  1.13e-01  4.57e-02  4.38e+02  1.33e-01 -1.00e+05
2016 02 04  0240   57422   9600   7.49e-01  2.19e-01  1.17e-01  6.15e-02  5.06e-02  2.56e-02  4.36e+02  1.33e-01 -1.00e+05
2016 02 04  0245   57422   9900   3.46e-01  1.36e-01  1.08e-01  6.58e-02  4.85e-02  2.43e-02  4.34e+02  2.03e-01 -1.00e+05
2016 02 04  0250   57422  10200   2.43e-01  1.61e-01  1.05e-01  5.76e-02  4.66e-02  2.43e-02  4.31e+02  1.55e+00 -1.00e+05
2016 02 04  0255   57422  10500   2.39e-01  1.54e-01  1.26e-01  8.41e-02  7.31e-02  5.08e-02  4.26e+02  1.33e-01 -1.00e+05
2016 02 04  0300   57422  10800   6.81e-01  2.66e-01  1.61e-01  9.21e-02  5.44e-02  2.43e-02  4.21e+02  1.33e-01 -1.00e+05
2016 02 04  0305   57422  11100   1.71e-01  1.43e-01  1.15e-01  7.24e-02  5.00e-02  2.43e-02  4.11e+02  1.33e-01 -1.00e+05
2016 02 04  0310   57422  11400   2.46e-01  1.40e-01  1.12e-01  5.76e-02  4.66e-02  2.43e-02  4.09e+02  1.33e-01 -1.00e+05
2016 02 04  0315   57422  11700   3.14e-01  2.05e-01  1.48e-01  5.76e-02  4.66e-02  2.43e-02  4.04e+02  1.33e-01 -1.00e+05
2016 02 04  0320   57422  12000   3.44e-01  1.70e-01  1.42e-01  9.86e-02  5.59e-02  2.43e-02  3.98e+02  1.33e-01 -1.00e+05
2016 02 04  0325   57422  12300   4.10e-01  1.83e-01  1.55e-01  1.13e-01  1.02e-01  4.71e-02  3.98e+02  1.33e-01 -1.00e+05
2016 02 04  0330   57422  12600   3.81e-01  1.38e-01  1.10e-01  6.75e-02  5.07e-02  2.66e-02  4.07e+02  1.33e-01 -1.00e+05
2016 02 04  0335   57422  12900   4.73e-01  3.11e-01  1.44e-01  9.92e-02  8.82e-02  3.77e-02  4.08e+02  1.26e+00 -1.00e+05
2016 02 04  0340   57422  13200   4.76e-01  1.84e-01  1.56e-01  1.14e-01  9.63e-02  3.97e-02  4.12e+02  1.33e-01 -1.00e+05
2016 02 04  0345   57422  13500   8.82e-01  4.53e-01  2.34e-01  7.90e-02  5.14e-02  2.43e-02  4.17e+02  1.33e-01 -1.00e+05
2016 02 04  0350   57422  13800   5.12e-01  2.51e-01  1.95e-01  5.76e-02  4.66e-02  2.43e-02  4.18e+02  1.33e-01 -1.00e+05
2016 02 04  0355   57422  14100   3.78e-01  1.38e-01  1.09e-01  6.74e-02  5.64e-02  3.41e-02  4.20e+02  1.33e-01 -1.00e+05
2016 02 04  0400   57422  14400   4.96e-01  2.40e-01  1.35e-01  7.90e-02  5.14e-02  2.43e-02  4.17e+02  1.33e-01 -1.00e+05
2016 02 04  0405   57422  14700   5.47e-01  2.39e-01  1.19e-01  5.93e-02  4.70e-02  2.43e-02  4.09e+02  1.39e+00 -1.00e+05
2016 02 04  0410   57422  15000   4.75e-01  1.61e-01  1.05e-01  5.76e-02  4.66e-02  2.43e-02  4.05e+02  2.90e+00 -1.00e+05
2016 02 04  0415   57422  15300   3.24e-01  1.40e-01  1.12e-01  5.76e-02  4.66e-02  2.43e-02  4.03e+02  1.33e-01 -1.00e+05
2016 02 04  0420   57422  15600   4.05e-01  2.39e-01  1.02e-01  5.76e-02  4.66e-02  2.43e-02  3.96e+02  3.53e-01 -1.00e+05
2016 02 04  0425   57422  15900   2.97e-01  2.46e-01  1.41e-01  7.24e-02  5.00e-02  2.43e-02  3.92e+02  4.57e-01 -1.00e+05
2016 02 04  0430   57422  16200   5.40e-01  1.67e-01  1.39e-01  9.60e-02  5.83e-02  2.56e-02  3.91e+02  1.33e-01 -1.00e+05
2016 02 04  0435   57422  16500   4.87e-01  1.99e-01  1.70e-01  1.27e-01  8.97e-02  3.57e-02  3.93e+02  1.33e-01 -1.00e+05
2016 02 04  0440   57422  16800   3.70e-01  1.76e-01  1.20e-01  7.24e-02  5.00e-02  2.43e-02  3.92e+02  1.33e-01 -1.00e+05
2016 02 04  0445   57422  17100   4.24e-01  2.13e-01  1.02e-01  5.76e-02  4.66e-02  2.43e-02  3.89e+02  4.35e-01 -1.00e+05
2016 02 04  0450   57422  17400   2.40e-01  1.82e-01  1.54e-01  5.76e-02  4.66e-02  2.43e-02  3.83e+02  1.33e-01 -1.00e+05
2016 02 04  0455   57422  17700   7.55e-01  5.11e-01  2.72e-01  7.24e-02  5.00e-02  2.43e-02  3.82e+02  1.33e-01 -1.00e+05
2016 02 04  0500   57422  18000   2.94e-01  1.28e-01  9.96e-02  5.76e-02  4.66e-02  2.43e-02  3.90e+02  3.94e-01 -1.00e+05
2016 02 04  0505   57422  18300   6.65e-01  2.94e-01  1.73e-01  1.14e-01  9.15e-02  3.77e-02  3.82e+02  1.33e-01 -1.00e+05
2016 02 04  0510   57422  18600   1.05e+00  3.04e-01  1.22e-01  7.73e-02  6.63e-02  4.40e-02  3.86e+02  1.33e-01 -1.00e+05
2016 02 04  0515   57422  18900   8.34e-01  2.62e-01  1.02e-01  5.76e-02  4.66e-02  2.43e-02  3.89e+02  1.39e+00 -1.00e+05
2016 02 04  0520   57422  19200   5.16e-01  1.28e-01  9.96e-02  5.76e-02  4.66e-02  2.43e-02  3.93e+02  1.33e-01 -1.00e+05
2016 02 04  0525   57422  19500   3.42e-01  1.30e-01  1.01e-01  5.93e-02  4.70e-02  2.43e-02  3.92e+02  1.31e+00 -1.00e+05
2016 02 04  0530   57422  19800   9.49e-01  2.56e-01  1.31e-01  8.66e-02  7.56e-02  3.36e-02  4.05e+02  1.33e-01 -1.00e+05
2016 02 04  0535   57422  20100   3.76e-01  1.38e-01  1.10e-01  6.78e-02  5.68e-02  2.76e-02  4.08e+02  1.33e-01 -1.00e+05
2016 02 04  0540   57422  20400   6.62e-01  1.33e-01  1.04e-01  6.24e-02  5.14e-02  2.91e-02  4.04e+02  1.33e-01 -1.00e+05
2016 02 04  0545   57422  20700   4.28e-01  1.61e-01  1.08e-01  6.15e-02  5.06e-02  2.56e-02  4.08e+02  1.33e-01 -1.00e+05
2016 02 04  0550   57422  21000   8.89e-01  3.39e-01  2.10e-01  1.49e-01  1.38e-01  5.38e-02  4.06e+02  1.33e-01 -1.00e+05
2016 02 04  0555   57422  21300   5.64e-01  1.28e-01  9.96e-02  5.76e-02  4.66e-02  2.43e-02  4.10e+02  2.14e+00 -1.00e+05
2016 02 04  0600   57422  21600   4.80e-01  2.18e-01  1.90e-01  5.76e-02  4.66e-02  2.43e-02  4.05e+02  6.67e-01 -1.00e+05
2016 02 04  0605   57422  21900   3.94e-01  1.65e-01  1.37e-01  9.53e-02  8.43e-02  6.20e-02  4.04e+02  1.33e-01 -1.00e+05
2016 02 04  0610   57422  22200   3.53e-01  1.28e-01  9.96e-02  5.76e-02  4.66e-02  2.43e-02  4.09e+02  1.33e-01 -1.00e+05
2016 02 04  0615   57422  22500   6.47e-01  1.42e-01  1.14e-01  7.23e-02  6.13e-02  3.90e-02  4.08e+02  1.33e-01 -1.00e+05
2016 02 04  0620   57422  22800   6.06e-01  2.20e-01  1.92e-01  5.93e-02  4.70e-02  2.43e-02  4.10e+02  1.33e-01 -1.00e+05
2016 02 04  0625   57422  23100   4.60e-01  1.40e-01  1.12e-01  6.98e-02  5.24e-02  2.56e-02  4.07e+02  1.33e-01 -1.00e+05
2016 02 04  0630   57422  23400   9.54e-01  2.85e-01  1.02e-01  5.76e-02  4.66e-02  2.43e-02  4.09e+02  1.33e-01 -1.00e+05
2016 02 04  0635   57422  23700   8.74e-01  3.82e-01  2.73e-01  2.14e-01  1.19e-01  2.59e-02  4.15e+02  1.33e-01 -1.00e+05
2016 02 04  0640   57422  24000   6.19e-01  1.63e-01  1.35e-01  9.29e-02  8.19e-02  3.57e-02  4.14e+02  1.33e-01 -1.00e+05
2016 02 04  0645   57422  24300   5.09e-01  1.78e-01  1.23e-01  6.49e-02  5.39e-02  3.16e-02  4.18e+02  1.33e-01 -1.00e+05
2016 02 04  0650   57422  24600   4.37e-01  1.28e-01  9.96e-02  5.76e-02  4.66e-02  2.43e-02  4.23e+02  2.45e+00 -1.00e+05
2016 02 04  0655   57422  24900   7.79e-01  2.18e-01  1.13e-01  5.76e-02  4.66e-02  2.43e-02  4.23e+02  2.51e-01 -1.00e+05
2016 02 04  0700   57422  25200   9.02e-01  2.18e-01  1.90e-01  5.76e-02  4.66e-02  2.43e-02  4.17e+02  5.66e-01 -1.00e+05
2016 02 04  0705   57422  25500   4.36e-01  1.40e-01  1.12e-01  5.76e-02  4.66e-02  2.43e-02  4.23e+02  1.33e-01 -1.00e+05
2016 02 04  0710   57422  25800   6.81e-01  1.77e-01  1.49e-01  1.05e-01  5.73e-02  2.43e-02  4.23e+02  1.33e-01 -1.00e+05
2016 02 04  0715   57422  26100   5.08e-01  1.40e-01  1.12e-01  6.98e-02  5.89e-02  3.66e-02  4.34e+02  1.33e-01 -1.00e+05
2016 02 04  0720   57422  26400   9.55e-01  2.18e-01  1.13e-01  5.76e-02  4.66e-02  2.43e-02  4.54e+02  9.71e-01 -1.00e+05
2016 02 04  0725   57422  26700   6.96e-01  2.32e-01  2.04e-01  1.62e-01  1.51e-01  5.78e-02  4.50e+02  1.33e-01 -1.00e+05
2016 02 04  0730   57422  27000   1.06e+00  2.62e-01  1.02e-01  5.76e-02  4.66e-02  2.43e-02  4.71e+02  1.33e-01 -1.00e+05
2016 02 04  0735   57422  27300   7.75e-01  1.28e-01  9.96e-02  5.76e-02  4.66e-02  2.43e-02  4.66e+02  1.33e-01 -1.00e+05
2016 02 04  0740   57422  27600   6.82e-01  1.91e-01  1.63e-01  5.76e-02  4.66e-02  2.43e-02  4.55e+02  7.70e-01 -1.00e+05
2016 02 04  0745   57422  27900   9.34e-01  2.82e-01  1.71e-01  1.12e-01  1.01e-01  4.17e-02  4.51e+02  1.33e-01 -1.00e+05
2016 02 04  0750   57422  28200   5.52e-01  2.19e-01  1.91e-01  1.49e-01  1.38e-01  5.38e-02  4.48e+02  1.33e-01 -1.00e+05
2016 02 04  0755   57422  28500   8.96e-01  3.06e-01  1.24e-01  7.97e-02  6.88e-02  4.65e-02  4.41e+02  1.33e-01 -1.00e+05
2016 02 04  0800   57422  28800   7.87e-01  2.31e-01  1.26e-01  5.76e-02  4.66e-02  2.43e-02  4.40e+02  1.66e+00 -1.00e+05
2016 02 04  0805   57422  29100   2.02e-01  1.28e-01  9.96e-02  5.76e-02  4.66e-02  2.43e-02  4.37e+02  4.55e-01 -1.00e+05
2016 02 04  0810   57422  29400   6.27e-01  2.28e-01  2.00e-01  6.98e-02  5.89e-02  3.66e-02  4.67e+02  1.33e-01 -1.00e+05
2016 02 04  0815   57422  29700   3.86e-01  1.77e-01  1.49e-01  7.48e-02  6.38e-02  4.15e-02  5.05e+02  1.33e-01 -1.00e+05
2016 02 04  0820   57422  30000   4.12e-01  1.42e-01  1.14e-01  5.93e-02  4.70e-02  2.43e-02  5.30e+02  1.33e-01 -1.00e+05
2016 02 04  0825   57422  30300   3.80e-01  1.28e-01  9.96e-02  5.76e-02  4.66e-02  2.43e-02  5.64e+02  3.89e-01 -1.00e+05
2016 02 04  0830   57422  30600   7.16e-01  1.40e-01  1.12e-01  6.93e-02  5.30e-02  2.91e-02  5.74e+02  1.33e-01 -1.00e+05
2016 02 04  0835   57422  30900   6.06e-01  1.38e-01  1.10e-01  6.78e-02  5.68e-02  2.76e-02  5.68e+02  1.33e-01 -1.00e+05
2016 02 04  0840   57422  31200   8.81e-01  2.73e-01  1.26e-01  6.58e-02  4.85e-02  2.43e-02  6.05e+02  1.33e-01 -1.00e+05
2016 02 04  0845   57422  31500   8.43e-01  2.13e-01  1.02e-01  5.76e-02  4.66e-02  2.43e-02  6.31e+02  1.84e+00 -1.00e+05
2016 02 04  0850   57422  31800   8.31e-01  2.01e-01  1.73e-01  1.07e-01  9.63e-02  4.69e-02  6.27e+02  1.33e-01 -1.00e+05
2016 02 04  0855   57422  32100   7.69e-01  3.04e-01  2.76e-01  1.05e-01  5.73e-02  2.43e-02  6.97e+02  1.33e-01 -1.00e+05
2016 02 04  0900   57422  32400   6.80e-01  1.55e-01  1.27e-01  8.47e-02  7.37e-02  5.14e-02  7.34e+02  1.33e-01 -1.00e+05
2016 02 04  0905   57422  32700   7.26e-01  1.47e-01  1.19e-01  7.73e-02  6.63e-02  4.40e-02  7.29e+02  1.33e-01 -1.00e+05
2016 02 04  0910   57422  33000   5.14e-01  1.57e-01  1.28e-01  8.55e-02  5.29e-02  2.43e-02  7.20e+02  1.33e-01 -1.00e+05
2016 02 04  0915   57422  33300   5.35e-01  1.32e-01  1.04e-01  6.15e-02  5.06e-02  2.56e-02  7.23e+02  1.33e-01 -1.00e+05
2016 02 04  0920   57422  33600   5.26e-01  1.61e-01  1.05e-01  5.76e-02  4.66e-02  2.43e-02  7.21e+02  1.33e-01 -1.00e+05
2016 02 04  0925   57422  33900   5.74e-01  1.60e-01  1.32e-01  5.76e-02  4.66e-02  2.43e-02  7.35e+02  1.85e+00 -1.00e+05
2016 02 04  0930   57422  34200   6.32e-01  2.01e-01  1.72e-01  9.96e-02  8.86e-02  6.63e-02  7.66e+02  1.33e-01 -1.00e+05
2016 02 04  0935   57422  34500   6.39e-01  1.36e-01  1.08e-01  6.58e-02  4.85e-02  2.43e-02  7.48e+02  1.33e-01 -1.00e+05
2016 02 04  0940   57422  34800   9.40e-01  2.84e-01  1.24e-01  7.90e-02  5.14e-02  2.43e-02  7.54e+02  7.97e-01 -1.00e+05
2016 02 04  0945   57422  35100   7.11e-01  1.77e-01  1.22e-01  7.47e-02  6.00e-02  3.66e-02  7.67e+02  1.33e-01 -1.00e+05
2016 02 04  0950   57422  35400   1.35e+00  4.85e-01  2.34e-01  7.90e-02  5.14e-02  2.43e-02  7.86e+02  1.33e-01 -1.00e+05
2016 02 04  0955   57422  35700   6.35e-01  1.95e-01  1.39e-01  7.90e-02  5.14e-02  2.43e-02  7.79e+02  4.01e-01 -1.00e+05
2016 02 04  1000   57422  36000   7.09e-01  1.96e-01  1.51e-01  1.06e-01  9.52e-02  6.50e-02  7.86e+02  1.33e-01 -1.00e+05
2016 02 04  1005   57422  36300   1.02e+00  2.56e-01  1.31e-01  8.66e-02  7.56e-02  3.36e-02  7.92e+02  1.33e-01 -1.00e+05
2016 02 04  1010   57422  36600   5.79e-01  1.65e-01  1.37e-01  9.46e-02  8.36e-02  6.13e-02  8.06e+02  1.33e-01 -1.00e+05
2016 02 04  1015   57422  36900   9.70e-01  2.45e-01  1.12e-01  6.78e-02  5.68e-02  2.76e-02  8.21e+02  1.33e-01 -1.00e+05
2016 02 04  1020   57422  37200   7.09e-01  2.18e-01  1.90e-01  5.76e-02  4.66e-02  2.43e-02  7.87e+02  1.33e-01 -1.00e+05
2016 02 04  1025   57422  37500   5.61e-01  1.52e-01  1.24e-01  8.22e-02  7.13e-02  4.89e-02  7.81e+02  1.33e-01 -1.00e+05
2016 02 04  1030   57422  37800   5.37e-01  1.40e-01  1.12e-01  5.76e-02  4.66e-02  2.43e-02  7.79e+02  2.09e+00 -1.00e+05
2016 02 04  1035   57422  38100   5.04e-01  1.38e-01  1.10e-01  6.78e-02  5.68e-02  2.76e-02  7.62e+02  1.33e-01 -1.00e+05
2016 02 04  1040   57422  38400   7.09e-01  2.30e-01  2.02e-01  1.59e-01  1.21e-01  4.57e-02  7.76e+02  1.33e-01 -1.00e+05
2016 02 04  1045   57422  38700   5.70e-01  1.30e-01  1.01e-01  5.93e-02  4.70e-02  2.43e-02  7.67e+02  1.33e-01 -1.00e+05
2016 02 04  1050   57422  39000   3.66e-01  1.50e-01  1.22e-01  7.90e-02  5.14e-02  2.43e-02  7.53e+02  1.33e-01 -1.00e+05
2016 02 04  1055   57422  39300   5.22e-01  1.57e-01  1.28e-01  8.55e-02  5.29e-02  2.43e-02  7.04e+02  1.33e-01 -1.00e+05
2016 02 04  1100   57422  39600   7.62e-01  1.60e-01  1.32e-01  5.76e-02  4.66e-02  2.43e-02  7.29e+02  2.81e+00 -1.00e+05
2016 02 04  1105   57422  39900   7.72e-01  2.51e-01  1.95e-01  5.76e-02  4.66e-02  2.43e-02  7.86e+02  1.33e-01 -1.00e+05
2016 02 04  1110   57422  40200   5.42e-01  1.28e-01  9.96e-02  5.76e-02  4.66e-02  2.43e-02  8.13e+02  2.00e+00 -1.00e+05
2016 02 04  1115   57422  40500   6.77e-01  1.72e-01  1.17e-01  6.98e-02  5.89e-02  3.66e-02  7.72e+02  1.33e-01 -1.00e+05
2016 02 04  1120   57422  40800   7.72e-01  1.57e-01  1.29e-01  8.66e-02  7.56e-02  3.36e-02  7.56e+02  1.33e-01 -1.00e+05
2016 02 04  1125   57422  41100   6.82e-01  1.82e-01  1.54e-01  1.12e-01  1.01e-01  4.17e-02  7.66e+02  1.33e-01 -1.00e+05
2016 02 04  1130   57422  41400   6.35e-01  1.85e-01  1.56e-01  1.14e-01  1.03e-01  8.11e-02  7.51e+02  1.33e-01 -1.00e+05
2016 02 04  1135   57422  41700   6.24e-01  1.57e-01  1.29e-01  8.66e-02  7.56e-02  3.36e-02  7.58e+02  1.33e-01 -1.00e+05
2016 02 04  1140   57422  42000   1.02e+00  3.40e-01  2.53e-01  1.45e-01  8.36e-02  3.16e-02  7.81e+02  1.33e-01 -1.00e+05
2016 02 04  1145   57422  42300   6.72e-01  1.60e-01  1.32e-01  5.76e-02  4.66e-02  2.43e-02  7.93e+02  1.33e-01 -1.00e+05
2016 02 04  1150   57422  42600   1.03e+00  2.51e-01  1.95e-01  5.76e-02  4.66e-02  2.43e-02  8.69e+02  2.30e+00 -1.00e+05
2016 02 04  1155   57422  42900   1.01e+00  2.51e-01  1.46e-01  5.76e-02  4.66e-02  2.43e-02  8.14e+02  1.33e-01 -1.00e+05
2016 02 04  1200   57422  43200   9.90e-01  2.18e-01  1.13e-01  5.76e-02  4.66e-02  2.43e-02  6.57e+02  1.33e-01 -1.00e+05
2016 02 04  1205   57422  43500   1.01e+00  4.40e-01  2.54e-01  9.86e-02  5.59e-02  2.43e-02  7.80e+02  1.33e-01 -1.00e+05
2016 02 04  1210   57422  43800   5.47e-01  1.28e-01  9.96e-02  5.76e-02  4.66e-02  2.43e-02  8.00e+02  1.33e-01 -1.00e+05
2016 02 04  1215   57422  44100   8.59e-01  2.03e-01  1.47e-01  9.86e-02  5.59e-02  2.43e-02  7.63e+02  1.33e-01 -1.00e+05
2016 02 04  1220   57422  44400   6.18e-01  1.30e-01  1.01e-01  5.93e-02  4.70e-02  2.43e-02  8.46e+02  1.33e-01 -1.00e+05
2016 02 04  1225   57422  44700   1.29e+00  2.58e-01  1.54e-01  9.62e-02  5.33e-02  2.43e-02  9.49e+02  1.33e-01 -1.00e+05
2016 02 04  1230   57422  45000   1.26e+00  1.28e-01  9.96e-02  5.76e-02  4.66e-02  2.43e-02  9.10e+02  1.33e-01 -1.00e+05
2016 02 04  1235   57422  45300   1.47e+00  1.95e-01  1.67e-01  7.41e-02  6.31e-02  2.96e-02  1.09e+03  1.33e-01 -1.00e+05
2016 02 04  1240   57422  45600   1.75e+00  2.07e-01  1.79e-01  1.37e-01  1.26e-01  4.98e-02  1.24e+03  1.33e-01 -1.00e+05
2016 02 04  1245   57422  45900   2.23e+00  1.28e-01  9.96e-02  5.76e-02  4.66e-02  2.43e-02  1.34e+03  1.25e+00 -1.00e+05
2016 02 04  1250   57422  46200   2.39e+00  2.04e-01  1.76e-01  8.03e-02  6.94e-02  3.16e-02  1.55e+03  1.33e-01 -1.00e+05
2016 02 04  1255   57422  46500   1.86e+00  1.62e-01  1.24e-01  8.03e-02  6.94e-02  3.16e-02  1.69e+03  1.33e-01 -1.00e+05
2016 02 04  1300   57422  46800   1.62e+00  2.22e-01  1.11e-01  6.58e-02  4.85e-02  2.43e-02  1.84e+03  1.33e-01 -1.00e+05
2016 02 04  1305   57422  47100   1.34e+00  1.61e-01  1.05e-01  5.76e-02  4.66e-02  2.43e-02  2.06e+03  1.33e-01 -1.00e+05
2016 02 04  1310   57422  47400   1.09e+00  1.80e-01  1.52e-01  9.62e-02  5.33e-02  2.43e-02  2.11e+03  1.33e-01 -1.00e+05
2016 02 04  1315   57422  47700   1.08e+00  1.66e-01  1.37e-01  9.49e-02  7.22e-02  4.65e-02  2.18e+03  1.33e-01 -1.00e+05
2016 02 04  1320   57422  48000   1.67e+00  2.47e-01  1.14e-01  6.95e-02  5.72e-02  2.76e-02  2.23e+03  1.33e-01 -1.00e+05
2016 02 04  1325   57422  48300   8.55e-01  1.62e-01  1.24e-01  8.03e-02  6.94e-02  3.16e-02  2.13e+03  5.16e-01 -1.00e+05
2016 02 04  1330   57422  48600   7.60e-01  1.28e-01  9.96e-02  5.76e-02  4.66e-02  2.43e-02  2.10e+03  1.33e-01 -1.00e+05
2016 02 04  1335   57422  48900   9.04e-01  1.42e-01  1.14e-01  5.93e-02  4.70e-02  2.43e-02  2.13e+03  1.33e-01 -1.00e+05
2016 02 04  1340   57422  49200   9.24e-01  2.66e-01  2.24e-01  1.78e-01  1.35e-01  4.98e-02  2.23e+03  1.33e-01 -1.00e+05
2016 02 04  1345   57422  49500   8.68e-01  1.28e-01  9.96e-02  5.76e-02  4.66e-02  2.43e-02  2.42e+03  1.74e+00 -1.00e+05
2016 02 04  1350   57422  49800   8.37e-01  1.90e-01  1.61e-01  1.18e-01  6.69e-02  2.76e-02  2.32e+03  1.33e-01 -1.00e+05
2016 02 04  1355   57422  50100   1.50e+00  2.77e-01  1.75e-01  1.19e-01  9.69e-02  7.12e-02  2.37e+03  1.33e-01 -1.00e+05
2016 02 04  1400   57422  50400   8.36e-01  1.61e-01  1.05e-01  5.76e-02  4.66e-02  2.43e-02  2.25e+03  1.33e-01 -1.00e+05
2016 02 04  1405   57422  50700   7.26e-01  1.43e-01  1.15e-01  7.24e-02  5.00e-02  2.43e-02  2.33e+03  1.33e-01 -1.00e+05
2016 02 04  1410   57422  51000   7.32e-01  1.60e-01  1.32e-01  5.76e-02  4.66e-02  2.43e-02  2.33e+03  2.39e-01 -1.00e+05
2016 02 04  1415   57422  51300   1.14e+00  2.09e-01  1.52e-01  1.03e-01  5.33e-02  2.43e-02  2.27e+03  1.33e-01 -1.00e+05
2016 02 04  1420   57422  51600   9.59e-01  2.58e-01  1.33e-01  8.83e-02  7.60e-02  3.36e-02  2.33e+03  1.33e-01 -1.00e+05
2016 02 04  1425   57422  51900   6.50e-01  1.30e-01  1.01e-01  5.93e-02  4.70e-02  2.43e-02  2.27e+03  9.82e-01 -1.00e+05
2016 02 04  1430   57422  52200   8.22e-01  1.40e-01  1.12e-01  5.76e-02  4.66e-02  2.43e-02  2.31e+03  1.33e-01 -1.00e+05
2016 02 04  1435   57422  52500   9.15e-01  1.61e-01  1.08e-01  6.15e-02  5.06e-02  2.56e-02  2.33e+03  1.33e-01 -1.00e+05
2016 02 04  1440   57422  52800   6.62e-01  1.28e-01  9.96e-02  5.76e-02  4.66e-02  2.43e-02  2.39e+03  1.33e-01 -1.00e+05
2016 02 04  1445   57422  53100   9.67e-01  2.66e-01  1.61e-01  9.21e-02  5.44e-02  2.43e-02  2.45e+03  9.09e-01 -1.00e+05
2016 02 04  1450   57422  53400   1.06e+00  2.20e-01  1.33e-01  8.03e-02  6.94e-02  3.16e-02  2.40e+03  1.33e-01 -1.00e+05
2016 02 04  1455   57422  53700   5.37e-01  1.28e-01  9.96e-02  5.76e-02  4.66e-02  2.43e-02  2.41e+03  4.10e-01 -1.00e+05
2016 02 04  1500   57422  54000   1.03e+00  1.73e-01  1.44e-01  1.02e-01  8.15e-02  5.64e-02  2.56e+03  1.33e-01 -1.00e+05
2016 02 04  1505   57422  54300   8.30e-01  1.60e-01  1.32e-01  8.97e-02  7.87e-02  5.64e-02  2.59e+03  1.33e-01 -1.00e+05
2016 02 04  1510   57422  54600   1.60e+00  2.37e-01  1.27e-01  8.22e-02  7.13e-02  4.89e-02  2.68e+03  1.33e-01 -1.00e+05
2016 02 04  1515   57422  54900   6.91e-01  1.28e-01  9.96e-02  5.76e-02  4.66e-02  2.43e-02  2.74e+03  2.10e+00 -1.00e+05
2016 02 04  1520   57422  55200   1.19e+00  2.27e-01  1.22e-01  6.58e-02  4.85e-02  2.43e-02  2.74e+03  1.33e-01 -1.00e+05
2016 02 04  1525   57422  55500   1.96e+00  2.86e-01  1.52e-01  1.07e-01  9.60e-02  7.37e-02  3.16e+03  1.33e-01 -1.00e+05
2016 02 04  1530   57422  55800   1.76e+00  1.61e-01  1.05e-01  5.76e-02  4.66e-02  2.43e-02  3.54e+03  1.33e-01 -1.00e+05
2016 02 04  1535   57422  56100   1.63e+00  1.62e-01  1.34e-01  7.90e-02  5.14e-02  2.43e-02  3.54e+03  1.33e-01 -1.00e+05
2016 02 04  1540   57422  56400   2.00e+00  2.26e-01  1.40e-01  8.80e-02  7.70e-02  3.90e-02  3.68e+03  1.33e-01 -1.00e+05
2016 02 04  1545   57422  56700   1.99e+00  1.61e-01  1.05e-01  5.76e-02  4.66e-02  2.43e-02  3.69e+03  1.59e+00 -1.00e+05
2016 02 04  1550   57422  57000   1.88e+00  2.51e-01  1.95e-01  5.76e-02  4.66e-02  2.43e-02  3.54e+03  5.67e-01 -1.00e+05
2016 02 04  1555   57422  57300   1.52e+00  2.30e-01  2.02e-01  1.59e-01  1.21e-01  4.57e-02  3.59e+03  1.33e-01 -1.00e+05
2016 02 04  1600   57422  57600   3.48e+00  7.48e-01  4.10e-01  1.05e-01  5.73e-02  2.43e-02  3.64e+03  1.33e-01 -1.00e+05
2016 02 04  1605   57422  57900   1.65e+00  2.09e-01  1.81e-01  7.24e-02  5.00e-02  2.43e-02  3.73e+03  1.33e-01 -1.00e+05
2016 02 04  1610   57422  58200   3.50e+00  5.83e-01  3.34e-01  1.41e-01  8.78e-02  3.36e-02  3.85e+03  1.33e-01 -1.00e+05
2016 02 04  1615   57422  58500   1.61e+00  1.28e-01  9.96e-02  5.76e-02  4.66e-02  2.43e-02  3.77e+03  1.39e+00 -1.00e+05
2016 02 04  1620   57422  58800   3.53e+00  2.39e-01  1.02e-01  5.76e-02  4.66e-02  2.43e-02  4.15e+03  1.54e+00 -1.00e+05
2016 02 04  1625   57422  59100   4.28e+00  3.27e-01  1.02e-01  5.76e-02  4.66e-02  2.43e-02  4.41e+03  4.44e-01 -1.00e+05
2016 02 04  1630   57422  59400   3.30e+00  2.90e-01  1.17e-01  5.76e-02  4.66e-02  2.43e-02  4.41e+03  1.33e-01 -1.00e+05
2016 02 04  1635   57422  59700   2.47e+00  2.31e-01  1.26e-01  5.76e-02  4.66e-02  2.43e-02  4.29e+03  1.33e-01 -1.00e+05
2016 02 04  1640   57422  60000   1.59e+00  1.30e-01  1.02e-01  5.99e-02  4.90e-02  2.66e-02  4.31e+03  1.41e+00 -1.00e+05
2016 02 04  1645   57422  60300   1.96e+00  1.28e-01  9.96e-02  5.76e-02  4.66e-02  2.43e-02  4.45e+03  1.33e-01 -1.00e+05
2016 02 04  1650   57422  60600   1.84e+00  2.20e-01  1.92e-01  1.50e-01  1.39e-01  5.73e-02  4.29e+03  1.33e-01 -1.00e+05
2016 02 04  1655   57422  60900   1.94e+00  2.03e-01  1.75e-01  8.97e-02  7.87e-02  5.64e-02  4.45e+03  1.33e-01 -1.00e+05
2016 02 04  1700   57422  61200   1.79e+00  1.28e-01  9.96e-02  5.76e-02  4.66e-02  2.43e-02  4.61e+03  1.33e-01 -1.00e+05
2016 02 04  1705   57422  61500   2.39e+00  1.76e-01  1.20e-01  7.24e-02  5.00e-02  2.43e-02  4.63e+03  1.33e-01 -1.00e+05
2016 02 04  1710   57422  61800   1.90e+00  1.28e-01  9.96e-02  5.76e-02  4.66e-02  2.43e-02  4.59e+03  2.17e-01 -1.00e+05
2016 02 04  1715   57422  62100   2.28e+00  2.18e-01  1.90e-01  5.76e-02  4.66e-02  2.43e-02  4.57e+03  2.86e-01 -1.00e+05
2016 02 04  1720   57422  62400   2.14e+00  1.57e-01  1.29e-01  8.66e-02  7.56e-02  3.36e-02  4.58e+03  3.38e+00 -1.00e+05
2016 02 04  1725   57422  62700   1.87e+00  1.43e-01  1.15e-01  7.24e-02  5.00e-02  2.43e-02  4.56e+03  1.50e+00 -1.00e+05
2016 02 04  1730   57422  63000   1.76e+00  1.28e-01  9.96e-02  5.76e-02  4.66e-02  2.43e-02  4.47e+03  1.82e+00 -1.00e+05
2016 02 04  1735   57422  63300   2.59e+00  1.61e-01  1.05e-01  5.76e-02  4.66e-02  2.43e-02  4.52e+03  7.55e-01 -1.00e+05
2016 02 04  1740   57422  63600   2.12e+00  1.61e-01  1.05e-01  5.76e-02  4.66e-02  2.43e-02  4.32e+03  1.33e-01 -1.00e+05
2016 02 04  1745   57422  63900   2.01e+00  2.29e-01  2.01e-01  7.90e-02  5.14e-02  2.43e-02  4.36e+03  1.30e+00 -1.00e+05
2016 02 04  1750   57422  64200   1.65e+00  1.40e-01  1.12e-01  5.76e-02  4.66e-02  2.43e-02  4.23e+03  1.84e+00 -1.00e+05
2016 02 04  1755   57422  64500   4.05e+00  3.64e-01  1.19e-01  7.48e-02  6.38e-02  4.15e-02  4.18e+03  9.54e-01 -1.00e+05
2016 02 04  1800   57422  64800   2.92e+00  2.63e-01  1.26e-01  8.53e-02  7.42e-02  5.19e-02  4.35e+03  1.33e-01 -1.00e+05
2016 02 04  1805   57422  65100   1.79e+00  1.64e-01  1.36e-01  5.79e-02  4.64e-02  2.39e-02  4.41e+03  1.33e-01 -1.00e+05
2016 02 04  1810   57422  65400   2.31e+00  2.10e-01  1.45e-01  6.05e-02  4.95e-02  2.71e-02  4.37e+03  1.33e-01 -1.00e+05
2016 02 04  1815   57422  65700   1.77e+00  1.24e-01  9.68e-02  5.79e-02  4.64e-02  2.39e-02  4.17e+03  2.03e-01 -1.00e+05
2016 02 04  1820   57422  66000   2.05e+00  2.45e-01  1.32e-01  7.78e-02  6.68e-02  4.44e-02  4.09e+03  1.33e-01 -1.00e+05
2016 02 04  1825   57422  66300   1.47e+00  1.23e-01  9.62e-02  5.73e-02  4.62e-02  2.39e-02  3.99e+03  2.00e+00 -1.00e+05
2016 02 04  1830   57422  66600   1.71e+00  1.74e-01  1.47e-01  1.07e-01  7.53e-02  4.69e-02  4.01e+03  1.33e-01 -1.00e+05
2016 02 04  1835   57422  66900   2.86e+00  3.71e-01  2.08e-01  1.25e-01  8.34e-02  5.43e-02  4.33e+03  1.33e-01 -1.00e+05
2016 02 04  1840   57422  67200   1.74e+00  2.78e-01  2.50e-01  9.72e-02  6.92e-02  4.20e-02  4.15e+03  1.33e-01 -1.00e+05
2016 02 04  1845   57422  67500   1.75e+00  1.47e-01  1.19e-01  8.03e-02  6.93e-02  4.69e-02  3.85e+03  1.84e+00 -1.00e+05
2016 02 04  1850   57422  67800   1.69e+00  1.23e-01  9.62e-02  5.73e-02  4.62e-02  2.39e-02  3.85e+03  2.54e+00 -1.00e+05
2016 02 04  1855   57422  68100   2.18e+00  2.10e-01  1.45e-01  6.05e-02  4.95e-02  2.71e-02  3.65e+03  1.33e-01 -1.00e+05
2016 02 04  1900   57422  68400   2.30e+00  1.68e-01  1.03e-01  5.73e-02  4.62e-02  2.39e-02  3.78e+03  1.33e-01 -1.00e+05
2016 02 04  1905   57422  68700   1.67e+00  2.15e-01  1.88e-01  1.25e-01  8.16e-02  4.45e-02  3.72e+03  1.33e-01 -1.00e+05
2016 02 04  1910   57422  69000   1.87e+00  1.23e-01  9.62e-02  5.73e-02  4.62e-02  2.39e-02  3.73e+03  1.33e-01 -1.00e+05
2016 02 04  1915   57422  69300   2.06e+00  2.18e-01  1.08e-01  6.73e-02  5.63e-02  2.71e-02  3.59e+03  8.98e-01 -1.00e+05
2016 02 04  1920   57422  69600   1.42e+00  1.81e-01  1.54e-01  8.03e-02  6.93e-02  4.69e-02  3.61e+03  1.33e-01 -1.00e+05
2016 02 04  1925   57422  69900   1.38e+00  1.84e-01  1.56e-01  7.76e-02  5.08e-02  2.39e-02  3.62e+03  1.33e-01 -1.00e+05
2016 02 04  1930   57422  70200   3.50e+00  3.48e-01  1.52e-01  1.11e-01  1.00e-01  6.35e-02  3.60e+03  1.33e-01 -1.00e+05
2016 02 04  1935   57422  70500   2.06e+00  2.68e-01  1.87e-01  1.38e-01  1.27e-01  7.89e-02  3.68e+03  1.33e-01 -1.00e+05
2016 02 04  1940   57422  70800   1.71e+00  1.23e-01  9.62e-02  5.73e-02  4.62e-02  2.39e-02  3.78e+03  2.69e+00 -1.00e+05
2016 02 04  1945   57422  71100   1.78e+00  1.24e-01  9.69e-02  5.80e-02  4.70e-02  2.46e-02  3.73e+03  1.33e-01 -1.00e+05
2016 02 04  1950   57422  71400   2.98e+00  2.61e-01  1.37e-01  6.73e-02  5.63e-02  2.71e-02  3.67e+03  1.33e-01 -1.00e+05
2016 02 04  1955   57422  71700   1.88e+00  2.74e-01  2.22e-01  8.73e-02  6.56e-02  2.91e-02  3.56e+03  1.33e-01 -1.00e+05
2016 02 04  2000   57422  72000   3.81e+00  3.69e-01  1.46e-01  5.73e-02  4.62e-02  2.39e-02  3.63e+03  1.33e-01 -1.00e+05
2016 02 04  2005   57422  72300   2.11e+00  2.71e-01  2.14e-01  6.74e-02  5.64e-02  2.76e-02  3.66e+03  1.33e-01 -1.00e+05
2016 02 04  2010   57422  72600   1.77e+00  1.23e-01  9.62e-02  5.73e-02  4.62e-02  2.39e-02  3.58e+03  1.49e+00 -1.00e+05
2016 02 04  2015   57422  72900   1.53e+00  2.55e-01  2.28e-01  7.54e-02  6.43e-02  4.20e-02  3.44e+03  1.33e-01 -1.00e+05
2016 02 04  2020   57422  73200   1.93e+00  3.14e-01  2.48e-01  9.07e-02  5.38e-02  2.39e-02  3.48e+03  1.33e-01 -1.00e+05
2016 02 04  2025   57422  73500   1.93e+00  2.19e-01  1.53e-01  5.73e-02  4.62e-02  2.39e-02  3.48e+03  8.36e-01 -1.00e+05
2016 02 04  2030   57422  73800   1.55e+00  1.29e-01  1.02e-01  6.30e-02  5.19e-02  2.96e-02  3.56e+03  3.94e-01 -1.00e+05
2016 02 04  2035   57422  74100   1.50e+00  1.47e-01  1.19e-01  8.03e-02  6.93e-02  4.69e-02  3.42e+03  6.52e-01 -1.00e+05
2016 02 04  2040   57422  74400   1.39e+00  2.23e-01  1.96e-01  8.61e-02  7.51e-02  3.31e-02  3.38e+03  1.05e+00 -1.00e+05
2016 02 04  2045   57422  74700   1.45e+00  1.63e-01  1.35e-01  5.73e-02  4.62e-02  2.39e-02  3.49e+03  1.33e-01 -1.00e+05
2016 02 04  2050   57422  75000   1.60e+00  1.49e-01  1.22e-01  8.29e-02  7.18e-02  4.94e-02  3.60e+03  1.33e-01 -1.00e+05
2016 02 04  2055   57422  75300   1.60e+00  1.52e-01  1.25e-01  8.61e-02  7.51e-02  3.31e-02  3.57e+03  1.33e-01 -1.00e+05
2016 02 04  2100   57422  75600   1.39e+00  1.71e-01  1.44e-01  1.05e-01  9.39e-02  3.92e-02  3.59e+03  1.33e-01 -1.00e+05
2016 02 04  2105   57422  75900   1.82e+00  2.41e-01  2.14e-01  5.73e-02  4.62e-02  2.39e-02  3.63e+03  1.33e-01 -1.00e+05
2016 02 04  2110   57422  76200   1.75e+00  2.22e-01  1.57e-01  7.10e-02  4.93e-02  2.39e-02  3.44e+03  1.33e-01 -1.00e+05
2016 02 04  2115   57422  76500   2.52e+00  2.59e-01  9.82e-02  5.73e-02  4.62e-02  2.39e-02  3.42e+03  1.33e-01 -1.00e+05
2016 02 04  2120   57422  76800   1.33e+00  1.71e-01  1.44e-01  1.05e-01  9.40e-02  7.17e-02  3.44e+03  1.33e-01 -1.00e+05
2016 02 04  2125   57422  77100   1.34e+00  1.65e-01  1.37e-01  9.72e-02  5.52e-02  2.39e-02  3.40e+03  2.82e+00 -1.00e+05
2016 02 04  2130   57422  77400   1.10e+00  1.44e-01  1.17e-01  7.78e-02  6.68e-02  4.44e-02  3.18e+03  1.33e-01 -1.00e+05
2016 02 04  2135   57422  77700   1.34e+00  2.19e-01  1.92e-01  9.24e-02  8.13e-02  3.52e-02  3.18e+03  1.33e-01 -1.00e+05
2016 02 04  2140   57422  78000   1.06e+00  1.23e-01  9.62e-02  5.73e-02  4.62e-02  2.39e-02  3.13e+03  1.33e-01 -1.00e+05
2016 02 04  2145   57422  78300   1.08e+00  1.67e-01  1.39e-01  9.87e-02  5.29e-02  2.39e-02  3.22e+03  1.33e-01 -1.00e+05
2016 02 04  2150   57422  78600   1.35e+00  1.66e-01  1.39e-01  1.00e-01  8.91e-02  6.67e-02  3.24e+03  1.33e-01 -1.00e+05
2016 02 04  2155   57422  78900   1.35e+00  2.69e-01  2.03e-01  7.10e-02  4.93e-02  2.39e-02  3.20e+03  1.56e+00 -1.00e+05
2016 02 04  2200   57422  79200   1.26e+00  1.73e-01  1.46e-01  1.06e-01  7.96e-02  3.31e-02  3.08e+03  1.33e-01 -1.00e+05
2016 02 04  2205   57422  79500   1.16e+00  2.45e-01  2.18e-01  6.30e-02  5.19e-02  2.96e-02  3.13e+03  1.33e-01 -1.00e+05
2016 02 04  2210   57422  79800   1.30e+00  2.17e-01  1.89e-01  9.86e-02  8.76e-02  3.72e-02  3.11e+03  1.33e-01 -1.00e+05
2016 02 04  2215   57422  80100   1.42e+00  1.54e-01  1.27e-01  8.77e-02  7.67e-02  5.43e-02  2.98e+03  1.33e-01 -1.00e+05
2016 02 04  2220   57422  80400   1.23e+00  1.42e-01  1.15e-01  7.57e-02  6.25e-02  3.95e-02  2.92e+03  1.33e-01 -1.00e+05
2016 02 04  2225   57422  80700   1.05e+00  1.63e-01  1.36e-01  5.73e-02  4.62e-02  2.39e-02  2.93e+03  1.48e+00 -1.00e+05
2016 02 04  2230   57422  81000   1.21e+00  1.68e-01  1.03e-01  5.73e-02  4.62e-02  2.39e-02  2.91e+03  2.89e+00 -1.00e+05
2016 02 04  2235   57422  81300   1.85e+00  2.76e-01  1.62e-01  5.73e-02  4.62e-02  2.39e-02  2.91e+03  1.33e-01 -1.00e+05
2016 02 04  2240   57422  81600   9.03e-01  1.31e-01  1.04e-01  6.45e-02  4.79e-02  2.39e-02  2.91e+03  1.33e-01 -1.00e+05
2016 02 04  2245   57422  81900   1.07e+00  1.37e-01  1.09e-01  7.04e-02  5.94e-02  3.70e-02  2.90e+03  1.33e-01 -1.00e+05
2016 02 04  2250   57422  82200   2.49e+00  5.03e-01  2.74e-01  1.03e-01  9.16e-02  6.92e-02  2.90e+03  1.33e-01 -1.00e+05
2016 02 04  2255   57422  82500   1.24e+00  1.44e-01  1.17e-01  7.78e-02  6.68e-02  4.44e-02  2.91e+03  1.33e-01 -1.00e+05
2016 02 04  2300   57422  82800   2.14e+00  2.36e-01  9.83e-02  5.73e-02  4.62e-02  2.39e-02  2.82e+03  2.08e+00 -1.00e+05
2016 02 04  2305   57422  83100   1.05e+00  1.27e-01  9.94e-02  6.05e-02  4.95e-02  2.71e-02  2.76e+03  1.36e+00 -1.00e+05
2016 02 04  2310   57422  83400   1.01e+00  1.47e-01  1.19e-01  8.04e-02  6.94e-02  3.35e-02  2.75e+03  1.33e-01 -1.00e+05
2016 02 04  2315   57422  83700   1.29e+00  1.63e-01  1.35e-01  5.73e-02  4.62e-02  2.39e-02  2.76e+03  6.65e-01 -1.00e+05
2016 02 04  2320   57422  84000   1.04e+00  1.53e-01  1.26e-01  8.67e-02  7.52e-02  3.31e-02  2.75e+03  1.33e-01 -1.00e+05
2016 02 04  2325   57422  84300   8.04e-01  1.23e-01  9.62e-02  5.73e-02  4.62e-02  2.39e-02  2.74e+03  1.33e-01 -1.00e+05
2016 02 04  2330   57422  84600   1.12e+00  1.99e-01  1.72e-01  1.32e-01  9.51e-02  3.72e-02  2.75e+03  1.33e-01 -1.00e+05
2016 02 04  2335   57422  84900   9.26e-01  1.57e-01  1.29e-01  9.05e-02  7.94e-02  2.51e-02  2.72e+03  1.33e-01 -1.00e+05
2016 02 04  2340   57422  85200   1.23e+00  1.39e-01  1.12e-01  7.29e-02  6.18e-02  3.95e-02  2.74e+03  1.33e-01 -1.00e+05
2016 02 04  2345   57422  85500   1.10e+00  1.86e-01  1.59e-01  1.19e-01  8.74e-02  3.52e-02  2.73e+03  1.33e-01 -1.00e+05
2016 02 04  2350   57422  85800   9.28e-01  1.31e-01  1.04e-01  6.50e-02  4.85e-02  2.46e-02  2.75e+03  1.33e-01 -1.00e+05
2016 02 04  2355   57422  86100   1.22e+00  1.31e-01  1.04e-01  6.45e-02  4.79e-02  2.39e-02  2.64e+03  1.33e-01 -1.00e+05
