:Data_list: 20160817_Gp_part_5m.txt
:Created: 2016 Aug 18 0011 UTC
# Prepared by the U.S. Dept. of Commerce, NOAA, Space Weather Prediction Center
# Please send comments and suggestions to SWPC.Webmaster@noaa.gov 
# 
# Label: P > 1 = Particles at >1 Mev
# Label: P > 5 = Particles at >5 Mev
# Label: P >10 = Particles at >10 Mev
# Label: P >30 = Particles at >30 Mev
# Label: P >50 = Particles at >50 Mev
# Label: P>100 = Particles at >100 Mev
# Label: E>0.8 = Electrons at >0.8 Mev
# Label: E>2.0 = Electrons at >2.0 Mev
# Label: E>4.0 = Electrons at >4.0 Mev
# Units: Particles = Protons/cm2-s-sr
# Units: Electrons = Electrons/cm2-s-sr
# Source: GOES-13
# Location: W075
# Missing data: -1.00e+05
#
#                      5-minute  GOES-13 Solar Particle and Electron Flux
#
#                 Modified Seconds
# UTC Date  Time   Julian  of the
# YR MO DA  HHMM    Day     Day     P > 1     P > 5     P >10     P >30     P >50     P>100     E>0.8     E>2.0     E>4.0
#-------------------------------------------------------------------------------------------------------------------------
2016 08 17  0000   57617      0   3.83e+00  2.54e-01  1.30e-01  8.73e-02  7.57e-02  5.22e-02  1.46e+03  1.74e+01 -1.00e+05
2016 08 17  0005   57617    300   3.42e+00  2.66e-01  1.30e-01  7.03e-02  5.11e-02  2.54e-02  1.54e+03  2.64e+01 -1.00e+05
2016 08 17  0010   57617    600   2.59e+00  2.36e-01  2.07e-01  9.72e-02  8.56e-02  6.21e-02  1.78e+03  2.72e+01 -1.00e+05
2016 08 17  0015   57617    900   2.57e+00  1.73e-01  1.43e-01  1.03e-01  9.10e-02  6.38e-02  2.18e+03  2.65e+01 -1.00e+05
2016 08 17  0020   57617   1200   2.46e+00  1.99e-01  1.70e-01  1.12e-01  1.00e-01  7.70e-02  2.58e+03  3.04e+01 -1.00e+05
2016 08 17  0025   57617   1500   3.56e+00  3.25e-01  2.07e-01  1.49e-01  8.59e-02  3.27e-02  2.61e+03  2.63e+01 -1.00e+05
2016 08 17  0030   57617   1800   2.71e+00  1.30e-01  1.01e-01  6.06e-02  4.89e-02  2.54e-02  2.70e+03  2.62e+01 -1.00e+05
2016 08 17  0035   57617   2100   2.38e+00  1.34e-01  1.04e-01  6.38e-02  4.97e-02  2.54e-02  2.79e+03  3.03e+01 -1.00e+05
2016 08 17  0040   57617   2400   3.20e+00  2.25e-01  1.96e-01  1.35e-01  8.22e-02  5.17e-02  2.84e+03  2.87e+01 -1.00e+05
2016 08 17  0045   57617   2700   3.11e+00  1.41e-01  1.02e-01  6.06e-02  4.89e-02  2.54e-02  2.77e+03  2.96e+01 -1.00e+05
2016 08 17  0050   57617   3000   3.33e+00  2.27e-01  1.40e-01  6.06e-02  4.89e-02  2.54e-02  2.63e+03  2.51e+01 -1.00e+05
2016 08 17  0055   57617   3300   4.50e+00  2.99e-01  1.64e-01  1.03e-01  5.85e-02  2.54e-02  2.30e+03  2.12e+01 -1.00e+05
2016 08 17  0100   57617   3600   2.47e+00  2.29e-01  2.00e-01  8.98e-02  7.82e-02  5.47e-02  1.86e+03  1.89e+01 -1.00e+05
2016 08 17  0105   57617   3900   6.49e+00  3.17e-01  1.02e-01  6.06e-02  4.89e-02  2.54e-02  1.45e+03  1.30e+01 -1.00e+05
2016 08 17  0110   57617   4200   2.48e+00  1.84e-01  1.55e-01  1.13e-01  6.85e-02  2.86e-02  1.10e+03  1.03e+01 -1.00e+05
2016 08 17  0115   57617   4500   2.09e+00  1.85e-01  1.55e-01  9.98e-02  6.58e-02  3.01e-02  8.86e+02  5.59e+00 -1.00e+05
2016 08 17  0120   57617   4800   2.30e+00  2.66e-01  2.37e-01  9.34e-02  6.41e-02  2.86e-02  7.14e+02  6.26e+00 -1.00e+05
2016 08 17  0125   57617   5100   2.28e+00  1.56e-01  1.27e-01  8.63e-02  7.22e-02  3.27e-02  6.29e+02  4.03e+00 -1.00e+05
2016 08 17  0130   57617   5400   1.94e+00  2.54e-01  2.25e-01  8.07e-02  6.46e-02  3.98e-02  5.04e+02  3.59e+00 -1.00e+05
2016 08 17  0135   57617   5700   3.38e+00  3.40e-01  1.46e-01  1.02e-01  5.59e-02  2.54e-02  6.13e+02  5.90e+00 -1.00e+05
2016 08 17  0140   57617   6000   1.67e+00  1.34e-01  1.04e-01  6.38e-02  4.97e-02  2.54e-02  4.75e+02  4.93e+00 -1.00e+05
2016 08 17  0145   57617   6300   1.62e+00  1.69e-01  1.38e-01  9.69e-02  7.09e-02  4.29e-02  9.73e+02  3.04e+00 -1.00e+05
2016 08 17  0150   57617   6600   2.56e+00  2.79e-01  1.23e-01  8.14e-02  6.98e-02  3.21e-02  5.71e+02  5.39e+00 -1.00e+05
2016 08 17  0155   57617   6900   1.41e+00  1.72e-01  1.41e-01  6.10e-02  4.94e-02  2.56e-02  1.02e+03  6.21e+00 -1.00e+05
2016 08 17  0200   57617   7200   1.38e+00  1.47e-01  1.15e-01  7.51e-02  6.35e-02  3.01e-02  5.89e+02  2.95e+00 -1.00e+05
2016 08 17  0205   57617   7500   1.41e+00  2.35e-01  1.29e-01  7.51e-02  6.35e-02  3.01e-02  7.16e+02  1.33e-01 -1.00e+05
2016 08 17  0210   57617   7800   1.10e+00  1.59e-01  1.28e-01  8.77e-02  7.60e-02  3.41e-02  3.79e+02  1.97e+00 -1.00e+05
2016 08 17  0215   57617   8100   8.28e-01  1.52e-01  1.21e-01  8.08e-02  6.92e-02  4.53e-02  3.33e+02  1.30e+00 -1.00e+05
2016 08 17  0220   57617   8400   9.84e-01  1.86e-01  1.55e-01  1.14e-01  7.85e-02  4.78e-02  3.02e+02  4.32e-01 -1.00e+05
2016 08 17  0225   57617   8700   1.08e+00  1.32e-01  1.01e-01  6.10e-02  4.94e-02  2.56e-02  3.64e+02  3.71e+00 -1.00e+05
2016 08 17  0230   57617   9000   9.25e-01  1.43e-01  1.12e-01  7.13e-02  5.17e-02  2.56e-02  4.34e+02  2.33e+00 -1.00e+05
2016 08 17  0235   57617   9300   1.66e+00  2.83e-01  1.20e-01  7.79e-02  5.32e-02  2.56e-02  3.40e+02  2.98e+00 -1.00e+05
2016 08 17  0240   57617   9600   9.26e-01  1.32e-01  1.01e-01  6.10e-02  4.94e-02  2.56e-02  2.95e+02  4.82e+00 -1.00e+05
2016 08 17  0245   57617   9900   7.49e-01  1.32e-01  1.01e-01  6.10e-02  4.94e-02  2.56e-02  8.14e+01  1.33e-01 -1.00e+05
2016 08 17  0250   57617  10200   8.59e-01  1.79e-01  1.48e-01  8.08e-02  6.92e-02  4.53e-02  3.89e+01  1.33e-01 -1.00e+05
2016 08 17  0255   57617  10500   1.60e+00  3.50e-01  1.44e-01  1.03e-01  9.15e-02  6.76e-02  1.14e+01  1.33e-01 -1.00e+05
2016 08 17  0300   57617  10800   1.44e+00  2.78e-01  1.61e-01  7.49e-02  5.63e-02  3.05e-02  3.18e+00  1.33e-01 -1.00e+05
2016 08 17  0305   57617  11100   9.66e-01  1.32e-01  1.01e-01  6.10e-02  4.94e-02  2.56e-02  3.22e+00  1.01e+00 -1.00e+05
2016 08 17  0310   57617  11400   1.49e+00  5.26e-01  2.30e-01  6.10e-02  4.94e-02  2.56e-02  3.16e+00  1.40e-01 -1.00e+05
2016 08 17  0315   57617  11700   1.08e+00  1.81e-01  1.50e-01  1.09e-01  8.71e-02  6.02e-02  3.09e+00  1.33e-01 -1.00e+05
2016 08 17  0320   57617  12000   1.12e+00  3.04e-01  1.64e-01  1.21e-01  6.66e-02  3.05e-02  4.29e+00  1.33e-01 -1.00e+05
2016 08 17  0325   57617  12300   1.13e+00  3.49e-01  2.32e-01  6.84e-02  5.68e-02  3.30e-02  2.82e+02  3.22e+00 -1.00e+05
2016 08 17  0330   57617  12600   8.86e-01  1.93e-01  1.62e-01  1.21e-01  8.78e-02  5.77e-02  3.33e+02  1.41e+00 -1.00e+05
2016 08 17  0335   57617  12900   1.02e+00  1.72e-01  1.41e-01  6.10e-02  4.94e-02  2.56e-02  6.15e+02  1.52e+00 -1.00e+05
2016 08 17  0340   57617  13200   5.40e+00  2.60e-01  1.64e-01  1.11e-01  8.13e-02  3.41e-02  7.59e+03  9.51e+01 -1.00e+05
2016 08 17  0345   57617  13500   7.38e+00  3.62e-01  1.78e-01  6.10e-02  4.94e-02  2.56e-02  7.83e+03  1.59e+02 -1.00e+05
2016 08 17  0350   57617  13800   7.41e+00  2.88e-01  1.03e-01  6.10e-02  4.94e-02  2.56e-02  8.05e+03  1.10e+02 -1.00e+05
2016 08 17  0355   57617  14100   3.47e+00  2.41e-01  1.52e-01  1.01e-01  8.95e-02  4.18e-02  5.29e+03  4.55e+01 -1.00e+05
2016 08 17  0400   57617  14400   2.35e+00  1.83e-01  1.52e-01  1.12e-01  9.73e-02  7.26e-02  3.91e+03  2.36e+01 -1.00e+05
2016 08 17  0405   57617  14700   4.46e+00  2.19e-01  1.03e-01  6.10e-02  4.94e-02  2.56e-02  2.40e+03  2.47e+01 -1.00e+05
2016 08 17  0410   57617  15000   3.50e+01  3.03e-01  1.86e-01  9.75e-02  5.76e-02  2.56e-02  6.21e+03  7.57e+01 -1.00e+05
2016 08 17  0415   57617  15300   9.10e+00  2.07e-01  1.76e-01  7.13e-02  5.17e-02  2.56e-02  8.51e+03  1.50e+02 -1.00e+05
2016 08 17  0420   57617  15600   1.10e+01  1.76e-01  1.45e-01  1.04e-01  8.46e-02  3.61e-02  7.53e+03  1.31e+02 -1.00e+05
2016 08 17  0425   57617  15900   8.36e+00  4.99e-01  3.05e-01  1.55e-01  1.43e-01  7.07e-02  7.94e+03  1.18e+02 -1.00e+05
2016 08 17  0430   57617  16200   1.10e+01  3.46e-01  1.40e-01  9.75e-02  5.76e-02  2.56e-02  6.99e+03  8.37e+01 -1.00e+05
2016 08 17  0435   57617  16500   5.28e+00  1.50e-01  1.18e-01  7.83e-02  6.67e-02  4.29e-02  7.76e+03  8.49e+01 -1.00e+05
2016 08 17  0440   57617  16800   5.93e+00  3.28e-01  2.63e-01  1.20e-01  1.09e-01  8.50e-02  8.08e+03  9.78e+01 -1.00e+05
2016 08 17  0445   57617  17100   3.83e+00  1.50e-01  1.19e-01  7.79e-02  5.32e-02  2.56e-02  7.18e+03  7.91e+01 -1.00e+05
2016 08 17  0450   57617  17400   3.49e+00  1.78e-01  1.46e-01  8.69e-02  7.53e-02  5.15e-02  7.16e+03  7.42e+01 -1.00e+05
2016 08 17  0455   57617  17700   4.23e+00  2.34e-01  1.17e-01  6.10e-02  4.94e-02  2.56e-02  7.18e+03  7.95e+01 -1.00e+05
2016 08 17  0500   57617  18000   3.17e+00  1.93e-01  1.61e-01  1.21e-01  1.10e-01  4.21e-02  6.56e+03  5.66e+01 -1.00e+05
2016 08 17  0505   57617  18300   3.11e+00  2.66e-01  2.34e-01  8.44e-02  5.47e-02  2.56e-02  6.44e+03  5.21e+01 -1.00e+05
2016 08 17  0510   57617  18600   2.51e+00  1.32e-01  1.01e-01  6.10e-02  4.94e-02  2.56e-02  6.00e+03  5.79e+01 -1.00e+05
2016 08 17  0515   57617  18900   2.43e+00  2.73e-01  2.42e-01  1.01e-01  8.90e-02  6.52e-02  5.72e+03  5.60e+01 -1.00e+05
2016 08 17  0520   57617  19200   2.42e+00  2.40e-01  1.76e-01  7.80e-02  6.56e-02  3.74e-02  4.82e+03  4.21e+01 -1.00e+05
2016 08 17  0525   57617  19500   2.91e+00  2.34e-01  1.17e-01  6.10e-02  4.94e-02  2.56e-02  4.06e+03  3.53e+01 -1.00e+05
2016 08 17  0530   57617  19800   2.58e+00  2.40e-01  1.25e-01  8.33e-02  7.16e-02  4.78e-02  2.12e+03  1.72e+01 -1.00e+05
2016 08 17  0535   57617  20100   1.83e+00  2.86e-01  2.55e-01  9.75e-02  5.76e-02  2.56e-02  1.82e+03  1.26e+01 -1.00e+05
2016 08 17  0540   57617  20400   1.55e+00  2.09e-01  1.78e-01  1.05e-01  5.66e-02  2.56e-02  2.04e+03  1.42e+01 -1.00e+05
2016 08 17  0545   57617  20700   1.52e+00  1.81e-01  1.49e-01  1.09e-01  9.76e-02  5.11e-02  2.35e+03  1.58e+01 -1.00e+05
2016 08 17  0550   57617  21000   1.46e+00  1.32e-01  1.01e-01  6.10e-02  4.94e-02  2.56e-02  1.98e+03  1.91e+01 -1.00e+05
2016 08 17  0555   57617  21300   1.85e+00  1.77e-01  1.08e-01  6.10e-02  4.94e-02  2.56e-02  2.05e+03  1.43e+01 -1.00e+05
2016 08 17  0600   57617  21600   1.63e+00  1.45e-01  1.14e-01  7.34e-02  6.17e-02  3.79e-02  2.14e+03  1.50e+01 -1.00e+05
2016 08 17  0605   57617  21900   1.49e+00  1.36e-01  1.05e-01  6.48e-02  5.02e-02  2.56e-02  2.25e+03  1.64e+01 -1.00e+05
2016 08 17  0610   57617  22200   1.42e+00  2.59e-01  2.28e-01  7.79e-02  5.32e-02  2.56e-02  1.71e+03  1.24e+01 -1.00e+05
2016 08 17  0615   57617  22500   1.12e+00  2.10e-01  1.79e-01  1.39e-01  1.27e-01  5.39e-02  1.27e+03  5.30e+00 -1.00e+05
2016 08 17  0620   57617  22800   9.56e-01  1.34e-01  1.03e-01  6.26e-02  5.10e-02  2.61e-02  1.31e+03  2.51e+00 -1.00e+05
2016 08 17  0625   57617  23100   1.89e+00  2.80e-01  1.66e-01  1.11e-01  9.89e-02  7.51e-02  1.46e+03  5.13e+00 -1.00e+05
2016 08 17  0630   57617  23400   1.21e+00  2.19e-01  1.88e-01  1.48e-01  1.33e-01  5.23e-02  1.66e+03  4.19e+00 -1.00e+05
2016 08 17  0635   57617  23700   1.16e+00  2.08e-01  1.77e-01  7.89e-02  6.43e-02  3.01e-02  1.64e+03  5.81e+00 -1.00e+05
2016 08 17  0640   57617  24000   8.86e-01  1.76e-01  1.45e-01  1.05e-01  8.80e-02  6.27e-02  1.70e+03  4.48e+00 -1.00e+05
2016 08 17  0645   57617  24300   1.22e+00  2.65e-01  2.34e-01  9.07e-02  7.91e-02  5.52e-02  1.62e+03  3.83e+00 -1.00e+05
2016 08 17  0650   57617  24600   1.14e+00  2.57e-01  2.26e-01  8.32e-02  6.01e-02  3.30e-02  1.54e+03  4.81e+00 -1.00e+05
2016 08 17  0655   57617  24900   2.07e+00  3.41e-01  1.57e-01  1.15e-01  1.04e-01  8.00e-02  1.54e+03  2.96e+00 -1.00e+05
2016 08 17  0700   57617  25200   1.38e+00  2.52e-01  2.21e-01  7.13e-02  5.17e-02  2.56e-02  1.54e+03  3.18e+00 -1.00e+05
2016 08 17  0705   57617  25500   1.08e+00  1.90e-01  1.59e-01  1.19e-01  1.07e-01  4.42e-02  1.51e+03  2.69e+00 -1.00e+05
2016 08 17  0710   57617  25800   8.73e-01  1.72e-01  1.41e-01  6.10e-02  4.94e-02  2.56e-02  1.42e+03  3.63e+00 -1.00e+05
2016 08 17  0715   57617  26100   9.20e-01  1.59e-01  1.27e-01  7.89e-02  6.43e-02  3.01e-02  1.42e+03  1.33e-01 -1.00e+05
2016 08 17  0720   57617  26400   9.66e-01  1.50e-01  1.18e-01  7.83e-02  6.67e-02  4.29e-02  1.39e+03  1.42e+00 -1.00e+05
2016 08 17  0725   57617  26700   2.18e+00  4.00e-01  2.34e-01  6.10e-02  4.94e-02  2.56e-02  1.45e+03  2.25e+00 -1.00e+05
2016 08 17  0730   57617  27000   1.07e+00  1.37e-01  1.06e-01  6.59e-02  5.43e-02  3.05e-02  1.47e+03  2.57e+00 -1.00e+05
2016 08 17  0735   57617  27300   1.24e+00  1.81e-01  1.12e-01  6.48e-02  5.02e-02  2.56e-02  1.53e+03  2.29e+00 -1.00e+05
2016 08 17  0740   57617  27600   1.41e+00  2.79e-01  2.48e-01  8.44e-02  5.47e-02  2.56e-02  1.70e+03  2.28e-01 -1.00e+05
2016 08 17  0745   57617  27900   1.60e+00  2.34e-01  1.17e-01  6.10e-02  4.94e-02  2.56e-02  1.72e+03  5.63e+00 -1.00e+05
2016 08 17  0750   57617  28200   2.82e+00  4.44e-01  2.16e-01  1.55e-01  1.16e-01  4.42e-02  1.72e+03  2.36e+00 -1.00e+05
2016 08 17  0755   57617  28500   1.11e+00  1.82e-01  1.51e-01  7.51e-02  6.35e-02  3.01e-02  1.39e+03  6.97e+00 -1.00e+05
2016 08 17  0800   57617  28800   1.13e+00  1.32e-01  1.01e-01  6.10e-02  4.94e-02  2.56e-02  1.62e+03  3.27e+00 -1.00e+05
2016 08 17  0805   57617  29100   1.02e+00  1.32e-01  1.01e-01  6.10e-02  4.94e-02  2.56e-02  1.75e+03  5.03e+00 -1.00e+05
2016 08 17  0810   57617  29400   1.68e+00  2.55e-01  1.39e-01  8.33e-02  7.16e-02  4.78e-02  2.05e+03  4.60e+00 -1.00e+05
2016 08 17  0815   57617  29700   1.50e+00  3.70e-01  3.05e-01  1.62e-01  1.20e-01  8.74e-02  2.03e+03  2.50e+00 -1.00e+05
2016 08 17  0820   57617  30000   1.15e+00  1.59e-01  1.28e-01  8.77e-02  7.60e-02  3.41e-02  1.97e+03  6.13e+00 -1.00e+05
2016 08 17  0825   57617  30300   2.00e+00  4.79e-01  2.61e-01  7.58e-02  6.42e-02  4.04e-02  2.03e+03  1.02e+01 -1.00e+05
2016 08 17  0830   57617  30600   1.30e+00  1.83e-01  1.52e-01  6.10e-02  4.94e-02  2.56e-02  2.14e+03  1.21e+01 -1.00e+05
2016 08 17  0835   57617  30900   1.13e+00  2.17e-01  1.86e-01  1.23e-01  7.86e-02  4.76e-02  2.22e+03  7.35e+00 -1.00e+05
2016 08 17  0840   57617  31200   1.35e+00  1.32e-01  1.01e-01  6.10e-02  4.94e-02  2.56e-02  2.17e+03  1.07e+01 -1.00e+05
2016 08 17  0845   57617  31500   1.63e+00  2.31e-01  2.00e-01  1.59e-01  1.48e-01  6.72e-02  2.29e+03  9.37e+00 -1.00e+05
2016 08 17  0850   57617  31800   1.43e+00  2.01e-01  1.69e-01  1.29e-01  1.13e-01  8.74e-02  2.37e+03  8.90e+00 -1.00e+05
2016 08 17  0855   57617  32100   1.38e+00  1.79e-01  1.48e-01  1.08e-01  8.48e-02  5.77e-02  2.51e+03  1.13e+01 -1.00e+05
2016 08 17  0900   57617  32400   1.32e+00  1.32e-01  1.01e-01  6.10e-02  4.94e-02  2.56e-02  2.54e+03  1.74e+01 -1.00e+05
2016 08 17  0905   57617  32700   1.04e+00  1.50e-01  1.19e-01  7.79e-02  5.32e-02  2.56e-02  2.77e+03  1.73e+01 -1.00e+05
2016 08 17  0910   57617  33000   1.49e+00  1.55e-01  1.23e-01  8.33e-02  7.16e-02  3.94e-02  2.74e+03  1.55e+01 -1.00e+05
2016 08 17  0915   57617  33300   1.49e+00  2.93e-01  2.62e-01  1.15e-01  7.30e-02  4.04e-02  2.75e+03  1.60e+01 -1.00e+05
2016 08 17  0920   57617  33600   1.88e+00  4.20e-01  2.58e-01  9.32e-02  8.16e-02  5.77e-02  2.84e+03  2.04e+01 -1.00e+05
2016 08 17  0925   57617  33900   1.03e+00  2.04e-01  1.73e-01  1.32e-01  1.21e-01  5.19e-02  2.91e+03  1.90e+01 -1.00e+05
2016 08 17  0930   57617  34200   1.04e+00  1.32e-01  1.01e-01  6.10e-02  4.94e-02  2.56e-02  2.93e+03  2.28e+01 -1.00e+05
2016 08 17  0935   57617  34500   1.77e+00  2.19e-01  1.03e-01  6.10e-02  4.94e-02  2.56e-02  3.05e+03  2.34e+01 -1.00e+05
2016 08 17  0940   57617  34800   1.34e+00  1.57e-01  1.25e-01  8.44e-02  5.47e-02  2.56e-02  3.08e+03  2.89e+01 -1.00e+05
2016 08 17  0945   57617  35100   1.82e+00  2.48e-01  1.11e-01  6.88e-02  5.72e-02  2.81e-02  3.08e+03  2.39e+01 -1.00e+05
2016 08 17  0950   57617  35400   1.50e+00  2.42e-01  2.10e-01  6.10e-02  4.94e-02  2.56e-02  3.20e+03  2.70e+01 -1.00e+05
2016 08 17  0955   57617  35700   1.52e+00  1.42e-01  1.11e-01  7.09e-02  5.93e-02  3.54e-02  3.26e+03  2.23e+01 -1.00e+05
2016 08 17  1000   57617  36000   1.10e+00  1.36e-01  1.05e-01  6.48e-02  5.02e-02  2.56e-02  3.26e+03  2.37e+01 -1.00e+05
2016 08 17  1005   57617  36300   1.48e+00  2.03e-01  1.72e-01  6.10e-02  4.94e-02  2.56e-02  3.39e+03  2.53e+01 -1.00e+05
2016 08 17  1010   57617  36600   1.54e+00  1.53e-01  1.22e-01  8.14e-02  6.98e-02  3.21e-02  3.44e+03  2.76e+01 -1.00e+05
2016 08 17  1015   57617  36900   1.44e+00  1.40e-01  1.09e-01  6.88e-02  5.72e-02  2.81e-02  3.38e+03  2.41e+01 -1.00e+05
2016 08 17  1020   57617  37200   1.37e+00  2.42e-01  2.10e-01  6.10e-02  4.94e-02  2.56e-02  3.71e+03  2.62e+01 -1.00e+05
2016 08 17  1025   57617  37500   1.50e+00  1.63e-01  1.32e-01  9.10e-02  5.61e-02  2.56e-02  3.78e+03  2.66e+01 -1.00e+05
2016 08 17  1030   57617  37800   1.46e+00  1.32e-01  1.01e-01  6.10e-02  4.94e-02  2.56e-02  3.86e+03  3.37e+01 -1.00e+05
2016 08 17  1035   57617  38100   1.69e+00  1.64e-01  1.32e-01  6.10e-02  4.94e-02  2.56e-02  3.95e+03  3.04e+01 -1.00e+05
2016 08 17  1040   57617  38400   1.32e+00  1.32e-01  1.01e-01  6.10e-02  4.94e-02  2.56e-02  4.09e+03  3.54e+01 -1.00e+05
2016 08 17  1045   57617  38700   2.64e+00  2.26e-01  1.10e-01  6.84e-02  5.68e-02  3.30e-02  4.00e+03  3.23e+01 -1.00e+05
2016 08 17  1050   57617  39000   1.47e+00  1.64e-01  1.32e-01  6.10e-02  4.94e-02  2.56e-02  4.15e+03  3.57e+01 -1.00e+05
2016 08 17  1055   57617  39300   1.55e+00  2.42e-01  2.11e-01  1.70e-01  1.59e-01  8.76e-02  4.23e+03  3.09e+01 -1.00e+05
2016 08 17  1100   57617  39600   1.57e+00  1.65e-01  1.34e-01  9.39e-02  8.23e-02  3.61e-02  4.25e+03  3.12e+01 -1.00e+05
2016 08 17  1105   57617  39900   1.81e+00  1.50e-01  1.19e-01  7.79e-02  5.32e-02  2.56e-02  4.35e+03  3.86e+01 -1.00e+05
2016 08 17  1110   57617  40200   1.81e+00  1.70e-01  1.39e-01  9.75e-02  5.76e-02  2.56e-02  4.68e+03  3.95e+01 -1.00e+05
2016 08 17  1115   57617  40500   2.05e+00  1.55e-01  1.24e-01  7.51e-02  6.35e-02  3.01e-02  4.84e+03  4.45e+01 -1.00e+05
2016 08 17  1120   57617  40800   2.27e+00  1.94e-01  1.63e-01  9.10e-02  5.61e-02  2.56e-02  5.32e+03  4.41e+01 -1.00e+05
2016 08 17  1125   57617  41100   2.08e+00  1.62e-01  1.31e-01  9.07e-02  7.91e-02  5.52e-02  5.52e+03  4.74e+01 -1.00e+05
2016 08 17  1130   57617  41400   2.10e+00  1.32e-01  1.01e-01  6.10e-02  4.94e-02  2.56e-02  5.77e+03  5.44e+01 -1.00e+05
2016 08 17  1135   57617  41700   2.25e+00  1.47e-01  1.16e-01  7.58e-02  6.42e-02  4.04e-02  6.13e+03  5.61e+01 -1.00e+05
2016 08 17  1140   57617  42000   2.54e+00  2.83e-01  2.51e-01  1.13e-01  1.01e-01  7.75e-02  6.53e+03  6.33e+01 -1.00e+05
2016 08 17  1145   57617  42300   2.68e+00  2.04e-01  1.60e-01  1.18e-01  1.06e-01  6.23e-02  6.56e+03  6.25e+01 -1.00e+05
2016 08 17  1150   57617  42600   2.29e+00  1.32e-01  1.01e-01  6.10e-02  4.94e-02  2.56e-02  6.84e+03  6.71e+01 -1.00e+05
2016 08 17  1155   57617  42900   2.58e+00  1.36e-01  1.05e-01  6.48e-02  5.02e-02  2.56e-02  6.66e+03  6.80e+01 -1.00e+05
2016 08 17  1200   57617  43200   2.61e+00  1.84e-01  1.53e-01  1.13e-01  1.01e-01  4.22e-02  6.65e+03  6.52e+01 -1.00e+05
2016 08 17  1205   57617  43500   4.15e+00  2.34e-01  1.17e-01  6.10e-02  4.94e-02  2.56e-02  6.87e+03  7.61e+01 -1.00e+05
2016 08 17  1210   57617  43800   2.74e+00  1.32e-01  1.01e-01  6.10e-02  4.94e-02  2.56e-02  7.43e+03  8.32e+01 -1.00e+05
2016 08 17  1215   57617  44100   4.47e+00  2.59e-01  1.29e-01  8.77e-02  7.60e-02  3.41e-02  7.41e+03  8.77e+01 -1.00e+05
2016 08 17  1220   57617  44400   3.15e+00  1.32e-01  1.01e-01  6.10e-02  4.94e-02  2.56e-02  7.95e+03  1.04e+02 -1.00e+05
2016 08 17  1225   57617  44700   3.36e+00  1.85e-01  1.54e-01  6.48e-02  5.02e-02  2.56e-02  7.73e+03  1.13e+02 -1.00e+05
2016 08 17  1230   57617  45000   3.04e+00  1.72e-01  1.41e-01  9.99e-02  6.77e-02  3.79e-02  8.70e+03  1.29e+02 -1.00e+05
2016 08 17  1235   57617  45300   6.32e+00  2.66e-01  1.03e-01  6.10e-02  4.94e-02  2.56e-02  8.90e+03  1.42e+02 -1.00e+05
2016 08 17  1240   57617  45600   3.16e+00  1.64e-01  1.32e-01  6.10e-02  4.94e-02  2.56e-02  8.83e+03  1.42e+02 -1.00e+05
2016 08 17  1245   57617  45900   3.25e+00  1.32e-01  1.01e-01  6.10e-02  4.94e-02  2.56e-02  8.27e+03  1.36e+02 -1.00e+05
2016 08 17  1250   57617  46200   3.17e+00  1.32e-01  1.01e-01  6.10e-02  4.94e-02  2.56e-02  7.97e+03  1.35e+02 -1.00e+05
2016 08 17  1255   57617  46500   3.43e+00  2.10e-01  1.78e-01  1.38e-01  1.27e-01  5.20e-02  7.82e+03  1.29e+02 -1.00e+05
2016 08 17  1300   57617  46800   3.10e+00  1.32e-01  1.01e-01  6.10e-02  4.94e-02  2.56e-02  8.00e+03  1.31e+02 -1.00e+05
2016 08 17  1305   57617  47100   3.27e+00  1.40e-01  1.09e-01  6.84e-02  5.68e-02  3.30e-02  7.82e+03  1.26e+02 -1.00e+05
2016 08 17  1310   57617  47400   3.60e+00  2.85e-01  2.54e-01  1.06e-01  6.06e-02  2.61e-02  8.04e+03  1.23e+02 -1.00e+05
2016 08 17  1315   57617  47700   3.03e+00  1.32e-01  1.01e-01  6.10e-02  4.94e-02  2.56e-02  8.11e+03  1.27e+02 -1.00e+05
2016 08 17  1320   57617  48000   3.16e+00  1.64e-01  1.32e-01  6.10e-02  4.94e-02  2.56e-02  8.37e+03  1.29e+02 -1.00e+05
2016 08 17  1325   57617  48300   3.41e+00  1.36e-01  1.05e-01  6.48e-02  5.02e-02  2.56e-02  7.86e+03  1.23e+02 -1.00e+05
2016 08 17  1330   57617  48600   3.20e+00  1.77e-01  1.46e-01  1.04e-01  5.91e-02  2.56e-02  7.93e+03  1.25e+02 -1.00e+05
2016 08 17  1335   57617  48900   3.14e+00  1.32e-01  1.01e-01  6.10e-02  4.94e-02  2.56e-02  7.92e+03  1.27e+02 -1.00e+05
2016 08 17  1340   57617  49200   3.22e+00  1.32e-01  1.01e-01  6.10e-02  4.94e-02  2.56e-02  7.79e+03  1.21e+02 -1.00e+05
2016 08 17  1345   57617  49500   4.03e+00  2.08e-01  1.39e-01  6.10e-02  4.94e-02  2.56e-02  7.86e+03  1.24e+02 -1.00e+05
2016 08 17  1350   57617  49800   3.31e+00  1.32e-01  1.01e-01  6.10e-02  4.94e-02  2.56e-02  7.46e+03  1.18e+02 -1.00e+05
2016 08 17  1355   57617  50100   3.63e+00  2.42e-01  2.10e-01  6.10e-02  4.94e-02  2.56e-02  7.57e+03  1.25e+02 -1.00e+05
2016 08 17  1400   57617  50400   3.62e+00  1.32e-01  1.01e-01  6.10e-02  4.94e-02  2.56e-02  7.67e+03  1.24e+02 -1.00e+05
2016 08 17  1405   57617  50700   4.50e+00  1.84e-01  1.15e-01  6.83e-02  5.48e-02  3.05e-02  7.43e+03  1.24e+02 -1.00e+05
2016 08 17  1410   57617  51000   3.35e+00  2.03e-01  1.72e-01  1.32e-01  1.20e-01  4.82e-02  7.50e+03  1.16e+02 -1.00e+05
2016 08 17  1415   57617  51300   3.78e+00  1.90e-01  1.59e-01  1.19e-01  1.07e-01  4.42e-02  7.54e+03  1.21e+02 -1.00e+05
2016 08 17  1420   57617  51600   3.95e+00  2.59e-01  2.28e-01  7.79e-02  5.32e-02  2.56e-02  7.50e+03  1.22e+02 -1.00e+05
2016 08 17  1425   57617  51900   5.51e+00  3.59e-01  2.54e-01  1.38e-01  1.26e-01  5.02e-02  7.15e+03  1.22e+02 -1.00e+05
2016 08 17  1430   57617  52200   3.69e+00  1.32e-01  1.01e-01  6.10e-02  4.94e-02  2.56e-02  6.92e+03  1.23e+02 -1.00e+05
2016 08 17  1435   57617  52500   3.82e+00  2.83e-01  2.51e-01  1.13e-01  1.01e-01  7.75e-02  7.13e+03  1.21e+02 -1.00e+05
2016 08 17  1440   57617  52800   3.87e+00  1.32e-01  1.01e-01  6.10e-02  4.94e-02  2.56e-02  7.25e+03  1.17e+02 -1.00e+05
2016 08 17  1445   57617  53100   4.20e+00  1.42e-01  1.11e-01  7.09e-02  5.93e-02  3.54e-02  7.16e+03  1.19e+02 -1.00e+05
2016 08 17  1450   57617  53400   6.25e+00  2.66e-01  1.48e-01  6.10e-02  4.94e-02  2.56e-02  7.08e+03  1.24e+02 -1.00e+05
2016 08 17  1455   57617  53700   4.40e+00  1.72e-01  1.41e-01  6.10e-02  4.94e-02  2.56e-02  7.15e+03  1.21e+02 -1.00e+05
2016 08 17  1500   57617  54000   7.45e+00  4.44e-01  2.74e-01  1.56e-01  1.35e-01  9.40e-02  7.08e+03  1.09e+02 -1.00e+05
2016 08 17  1505   57617  54300   4.34e+00  1.91e-01  1.59e-01  1.18e-01  6.98e-02  3.54e-02  6.90e+03  1.18e+02 -1.00e+05
2016 08 17  1510   57617  54600   4.33e+00  1.64e-01  1.32e-01  6.10e-02  4.94e-02  2.56e-02  7.35e+03  1.18e+02 -1.00e+05
2016 08 17  1515   57617  54900   6.53e+00  2.31e-01  1.15e-01  7.34e-02  6.17e-02  3.79e-02  7.14e+03  1.17e+02 -1.00e+05
2016 08 17  1520   57617  55200   4.23e+00  1.32e-01  1.01e-01  6.10e-02  4.94e-02  2.56e-02  7.08e+03  1.18e+02 -1.00e+05
2016 08 17  1525   57617  55500   4.33e+00  1.42e-01  1.11e-01  7.09e-02  5.93e-02  3.54e-02  7.11e+03  1.15e+02 -1.00e+05
2016 08 17  1530   57617  55800   4.35e+00  1.77e-01  1.46e-01  1.04e-01  5.91e-02  2.56e-02  7.05e+03  1.10e+02 -1.00e+05
2016 08 17  1535   57617  56100   4.21e+00  1.98e-01  1.66e-01  7.58e-02  6.42e-02  4.04e-02  6.94e+03  1.10e+02 -1.00e+05
2016 08 17  1540   57617  56400   6.44e+00  2.77e-01  1.41e-01  6.10e-02  4.94e-02  2.56e-02  7.07e+03  1.16e+02 -1.00e+05
2016 08 17  1545   57617  56700   4.07e+00  1.32e-01  1.01e-01  6.10e-02  4.94e-02  2.56e-02  7.13e+03  1.09e+02 -1.00e+05
2016 08 17  1550   57617  57000   3.91e+00  2.72e-01  2.40e-01  9.88e-02  6.40e-02  2.81e-02  7.00e+03  1.07e+02 -1.00e+05
2016 08 17  1555   57617  57300   3.81e+00  1.34e-01  1.03e-01  6.26e-02  5.10e-02  2.61e-02  7.11e+03  1.08e+02 -1.00e+05
2016 08 17  1600   57617  57600   3.74e+00  1.43e-01  1.12e-01  7.13e-02  5.17e-02  2.56e-02  7.04e+03  1.14e+02 -1.00e+05
2016 08 17  1605   57617  57900   3.86e+00  1.67e-01  1.36e-01  9.56e-02  8.40e-02  6.02e-02  7.10e+03  1.10e+02 -1.00e+05
2016 08 17  1610   57617  58200   4.71e+00  3.31e-01  2.62e-01  1.04e-01  5.91e-02  2.56e-02  7.15e+03  1.08e+02 -1.00e+05
2016 08 17  1615   57617  58500   3.90e+00  1.93e-01  1.62e-01  8.47e-02  7.30e-02  4.49e-02  7.15e+03  1.14e+02 -1.00e+05
2016 08 17  1620   57617  58800   6.92e+00  2.55e-01  1.03e-01  6.10e-02  4.94e-02  2.56e-02  7.11e+03  1.13e+02 -1.00e+05
2016 08 17  1625   57617  59100  -1.00e+05 -1.00e+05 -1.00e+05 -1.00e+05 -1.00e+05 -1.00e+05 -1.00e+05 -1.00e+05 -1.00e+05
2016 08 17  1630   57617  59400  -1.00e+05 -1.00e+05 -1.00e+05 -1.00e+05 -1.00e+05 -1.00e+05 -1.00e+05 -1.00e+05 -1.00e+05
2016 08 17  1635   57617  59700   3.82e+00  2.15e-01  1.84e-01  1.43e-01  1.08e-01  4.22e-02  6.80e+03  1.06e+02 -1.00e+05
2016 08 17  1640   57617  60000   4.01e+00  2.29e-01  1.98e-01  8.14e-02  6.98e-02  3.21e-02  6.82e+03  1.06e+02 -1.00e+05
2016 08 17  1645   57617  60300   6.43e+00  2.48e-01  1.08e-01  6.59e-02  5.43e-02  3.05e-02  6.56e+03  1.08e+02 -1.00e+05
2016 08 17  1650   57617  60600   3.49e+00  1.50e-01  1.19e-01  7.79e-02  5.32e-02  2.56e-02  6.56e+03  1.08e+02 -1.00e+05
2016 08 17  1655   57617  60900   3.95e+00  1.83e-01  1.52e-01  1.11e-01  7.71e-02  3.57e-02  6.55e+03  1.03e+02 -1.00e+05
2016 08 17  1700   57617  61200   7.26e+00  2.83e-01  1.20e-01  7.83e-02  6.67e-02  4.29e-02  6.49e+03  9.56e+01 -1.00e+05
2016 08 17  1705   57617  61500   4.15e+00  2.48e-01  2.00e-01  9.14e-02  7.69e-02  3.41e-02  6.47e+03  9.98e+01 -1.00e+05
2016 08 17  1710   57617  61800   3.80e+00  2.61e-01  2.30e-01  8.57e-02  7.41e-02  5.03e-02  6.41e+03  9.90e+01 -1.00e+05
2016 08 17  1715   57617  62100   4.88e+00  2.19e-01  1.50e-01  7.13e-02  5.17e-02  2.56e-02  6.66e+03  1.01e+02 -1.00e+05
2016 08 17  1720   57617  62400   3.86e+00  1.32e-01  1.01e-01  6.10e-02  4.94e-02  2.56e-02  6.52e+03  1.05e+02 -1.00e+05
2016 08 17  1725   57617  62700   3.87e+00  1.77e-01  1.46e-01  1.06e-01  9.39e-02  7.01e-02  6.48e+03  9.98e+01 -1.00e+05
2016 08 17  1730   57617  63000   3.81e+00  1.32e-01  1.01e-01  6.10e-02  4.94e-02  2.56e-02  6.51e+03  9.59e+01 -1.00e+05
2016 08 17  1735   57617  63300   3.79e+00  1.32e-01  1.01e-01  6.10e-02  4.94e-02  2.56e-02  6.37e+03  9.77e+01 -1.00e+05
2016 08 17  1740   57617  63600   3.49e+00  2.04e-01  1.72e-01  1.01e-01  6.22e-02  3.05e-02  6.45e+03  8.95e+01 -1.00e+05
2016 08 17  1745   57617  63900   3.53e+00  2.42e-01  2.10e-01  6.10e-02  4.94e-02  2.56e-02  6.27e+03  9.61e+01 -1.00e+05
2016 08 17  1750   57617  64200   3.62e+00  1.32e-01  1.01e-01  6.10e-02  4.94e-02  2.56e-02  6.17e+03  9.32e+01 -1.00e+05
2016 08 17  1755   57617  64500   3.79e+00  1.97e-01  1.66e-01  1.26e-01  1.08e-01  8.25e-02  6.24e+03  8.92e+01 -1.00e+05
2016 08 17  1800   57617  64800   6.58e+00  2.34e-01  1.17e-01  6.10e-02  4.94e-02  2.56e-02  6.59e+03  1.07e+02 -1.00e+05
2016 08 17  1805   57617  65100   3.91e+00  1.32e-01  1.01e-01  6.10e-02  4.94e-02  2.56e-02  5.97e+03  9.85e+01 -1.00e+05
2016 08 17  1810   57617  65400   5.03e+00  2.34e-01  1.17e-01  6.10e-02  4.94e-02  2.56e-02  5.97e+03  9.56e+01 -1.00e+05
2016 08 17  1815   57617  65700   3.28e+00  1.43e-01  1.12e-01  7.13e-02  5.17e-02  2.56e-02  5.52e+03  8.89e+01 -1.00e+05
2016 08 17  1820   57617  66000   3.24e+00  1.50e-01  1.19e-01  7.79e-02  5.32e-02  2.56e-02  6.07e+03  9.04e+01 -1.00e+05
2016 08 17  1825   57617  66300   2.91e+00  2.22e-01  1.90e-01  1.50e-01  1.39e-01  5.43e-02  5.54e+03  8.20e+01 -1.00e+05
2016 08 17  1830   57617  66600   4.59e+00  3.44e-01  2.26e-01  6.10e-02  4.94e-02  2.56e-02  6.49e+03  9.62e+01 -1.00e+05
2016 08 17  1835   57617  66900   3.11e+00  2.12e-01  1.81e-01  1.13e-01  1.02e-01  4.40e-02  6.35e+03  9.10e+01 -1.00e+05
2016 08 17  1840   57617  67200   2.76e+00  1.89e-01  1.58e-01  1.17e-01  9.24e-02  3.82e-02  6.39e+03  8.76e+01 -1.00e+05
2016 08 17  1845   57617  67500   3.13e+00  1.93e-01  1.25e-01  7.83e-02  6.67e-02  4.29e-02  6.30e+03  9.16e+01 -1.00e+05
2016 08 17  1850   57617  67800   2.53e+00  1.36e-01  1.05e-01  6.48e-02  5.02e-02  2.56e-02  6.27e+03  8.47e+01 -1.00e+05
2016 08 17  1855   57617  68100   2.58e+00  1.69e-01  1.38e-01  9.77e-02  8.31e-02  3.61e-02  6.53e+03  8.69e+01 -1.00e+05
2016 08 17  1900   57617  68400   2.64e+00  1.64e-01  1.33e-01  9.27e-02  7.95e-02  5.52e-02  6.49e+03  8.40e+01 -1.00e+05
2016 08 17  1905   57617  68700   2.38e+00  1.64e-01  1.32e-01  6.10e-02  4.94e-02  2.56e-02  6.45e+03  8.56e+01 -1.00e+05
2016 08 17  1910   57617  69000   2.28e+00  1.77e-01  1.46e-01  1.04e-01  5.91e-02  2.56e-02  6.60e+03  8.91e+01 -1.00e+05
2016 08 17  1915   57617  69300   4.03e+00  3.00e-01  1.67e-01  9.21e-02  7.17e-02  4.53e-02  6.36e+03  8.59e+01 -1.00e+05
2016 08 17  1920   57617  69600   2.23e+00  1.90e-01  1.59e-01  1.19e-01  1.07e-01  4.42e-02  6.52e+03  8.69e+01 -1.00e+05
2016 08 17  1925   57617  69900   2.40e+00  2.59e-01  2.28e-01  8.33e-02  7.16e-02  4.78e-02  6.64e+03  9.11e+01 -1.00e+05
2016 08 17  1930   57617  70200   3.44e+00  2.19e-01  1.03e-01  6.10e-02  4.94e-02  2.56e-02  6.49e+03  8.74e+01 -1.00e+05
2016 08 17  1935   57617  70500   2.38e+00  1.70e-01  1.38e-01  9.81e-02  8.65e-02  6.27e-02  6.56e+03  8.39e+01 -1.00e+05
2016 08 17  1940   57617  70800   2.09e+00  1.90e-01  1.59e-01  1.19e-01  1.07e-01  4.42e-02  6.68e+03  8.94e+01 -1.00e+05
2016 08 17  1945   57617  71100   1.93e+00  1.57e-01  1.25e-01  8.44e-02  5.47e-02  2.56e-02  6.36e+03  8.36e+01 -1.00e+05
2016 08 17  1950   57617  71400   3.18e+00  2.43e-01  1.03e-01  6.10e-02  4.94e-02  2.56e-02  6.53e+03  8.40e+01 -1.00e+05
2016 08 17  1955   57617  71700   2.06e+00  1.86e-01  1.55e-01  1.14e-01  1.01e-01  6.03e-02  6.42e+03  8.63e+01 -1.00e+05
2016 08 17  2000   57617  72000   1.82e+00  1.64e-01  1.32e-01  6.10e-02  4.94e-02  2.56e-02  6.69e+03  8.13e+01 -1.00e+05
2016 08 17  2005   57617  72300   2.24e+00  1.81e-01  1.50e-01  8.33e-02  7.16e-02  4.78e-02  6.51e+03  8.00e+01 -1.00e+05
2016 08 17  2010   57617  72600   1.97e+00  3.15e-01  2.84e-01  1.20e-01  9.32e-02  6.52e-02  6.10e+03  7.14e+01 -1.00e+05
2016 08 17  2015   57617  72900   2.79e+00  2.51e-01  1.86e-01  1.39e-01  1.11e-01  8.25e-02  5.39e+03  6.53e+01 -1.00e+05
2016 08 17  2020   57617  73200   2.45e+00  2.03e-01  1.72e-01  1.30e-01  8.61e-02  5.28e-02  5.81e+03  6.88e+01 -1.00e+05
2016 08 17  2025   57617  73500   2.39e+00  2.86e-01  2.55e-01  1.18e-01  1.06e-01  8.25e-02  5.43e+03  6.45e+01 -1.00e+05
2016 08 17  2030   57617  73800   2.90e+00  3.12e-01  1.97e-01  1.22e-01  1.03e-01  7.75e-02  5.35e+03  6.32e+01 -1.00e+05
2016 08 17  2035   57617  74100   2.07e+00  1.69e-01  1.38e-01  9.77e-02  8.31e-02  3.61e-02  5.60e+03  6.83e+01 -1.00e+05
2016 08 17  2040   57617  74400   2.18e+00  2.26e-01  1.94e-01  1.54e-01  1.40e-01  5.43e-02  5.76e+03  6.99e+01 -1.00e+05
2016 08 17  2045   57617  74700   2.30e+00  1.32e-01  1.01e-01  6.10e-02  4.94e-02  2.56e-02  5.50e+03  8.11e+01 -1.00e+05
2016 08 17  2050   57617  75000   2.73e+00  1.32e-01  1.01e-01  6.10e-02  4.94e-02  2.56e-02  5.25e+03  7.29e+01 -1.00e+05
2016 08 17  2055   57617  75300   2.53e+00  1.95e-01  1.57e-01  1.16e-01  1.04e-01  5.50e-02  5.18e+03  6.53e+01 -1.00e+05
2016 08 17  2100   57617  75600   2.46e+00  1.64e-01  1.32e-01  6.10e-02  4.94e-02  2.56e-02  4.88e+03  6.76e+01 -1.00e+05
2016 08 17  2105   57617  75900   3.10e+00  2.07e-01  1.76e-01  7.13e-02  5.17e-02  2.56e-02  4.98e+03  6.45e+01 -1.00e+05
2016 08 17  2110   57617  76200   2.74e+00  1.72e-01  1.41e-01  6.10e-02  4.94e-02  2.56e-02  5.06e+03  6.65e+01 -1.00e+05
2016 08 17  2115   57617  76500   6.25e+00  3.49e-01  1.02e-01  6.10e-02  4.94e-02  2.56e-02  4.89e+03  7.03e+01 -1.00e+05
2016 08 17  2120   57617  76800   2.82e+00  1.67e-01  1.36e-01  6.48e-02  5.02e-02  2.56e-02  5.40e+03  6.21e+01 -1.00e+05
2016 08 17  2125   57617  77100   3.76e+00  2.43e-01  1.26e-01  7.01e-02  5.72e-02  3.30e-02  5.19e+03  5.72e+01 -1.00e+05
2016 08 17  2130   57617  77400   4.31e+00  4.40e-01  2.45e-01  8.31e-02  7.14e-02  4.76e-02  4.74e+03  5.26e+01 -1.00e+05
2016 08 17  2135   57617  77700   3.49e+00  4.04e-01  2.40e-01  6.84e-02  5.68e-02  3.30e-02  4.54e+03  4.79e+01 -1.00e+05
2016 08 17  2140   57617  78000   2.23e+00  1.43e-01  1.12e-01  7.19e-02  5.95e-02  3.54e-02  4.42e+03  4.47e+01 -1.00e+05
2016 08 17  2145   57617  78300   2.24e+00  1.57e-01  1.26e-01  8.56e-02  7.02e-02  4.53e-02  4.44e+03  4.12e+01 -1.00e+05
2016 08 17  2150   57617  78600   2.30e+00  1.32e-01  1.01e-01  6.10e-02  4.94e-02  2.56e-02  4.51e+03  4.53e+01 -1.00e+05
2016 08 17  2155   57617  78900   2.53e+00  2.64e-01  2.33e-01  8.44e-02  5.47e-02  2.56e-02  4.74e+03  4.60e+01 -1.00e+05
2016 08 17  2200   57617  79200   2.61e+00  1.36e-01  1.05e-01  6.48e-02  5.02e-02  2.56e-02  4.68e+03  4.71e+01 -1.00e+05
2016 08 17  2205   57617  79500   3.23e+00  1.77e-01  1.08e-01  6.10e-02  4.94e-02  2.56e-02  4.39e+03  4.91e+01 -1.00e+05
2016 08 17  2210   57617  79800   2.60e+00  2.34e-01  2.03e-01  1.61e-01  1.27e-01  4.82e-02  4.11e+03  3.77e+01 -1.00e+05
2016 08 17  2215   57617  80100   2.82e+00  2.27e-01  1.73e-01  8.18e-02  7.02e-02  3.39e-02  3.43e+03  3.78e+01 -1.00e+05
2016 08 17  2220   57617  80400   2.59e+00  2.12e-01  1.80e-01  1.40e-01  1.29e-01  5.94e-02  2.84e+03  2.93e+01 -1.00e+05
2016 08 17  2225   57617  80700   2.52e+00  1.96e-01  1.65e-01  8.57e-02  7.41e-02  5.03e-02  3.55e+03  3.49e+01 -1.00e+05
2016 08 17  2230   57617  81000   2.90e+00  1.45e-01  1.14e-01  7.37e-02  6.18e-02  3.79e-02  4.20e+03  4.90e+01 -1.00e+05
2016 08 17  2235   57617  81300   3.10e+00  1.76e-01  1.44e-01  1.03e-01  7.24e-02  4.29e-02  4.65e+03  5.57e+01 -1.00e+05
2016 08 17  2240   57617  81600   4.93e+00  3.31e-01  2.20e-01  6.88e-02  5.72e-02  2.81e-02  5.18e+03  6.95e+01 -1.00e+05
2016 08 17  2245   57617  81900   3.34e+00  2.90e-01  2.58e-01  1.09e-01  6.60e-02  3.30e-02  5.34e+03  6.18e+01 -1.00e+05
2016 08 17  2250   57617  82200   4.56e+00  2.06e-01  1.37e-01  8.97e-02  6.16e-02  3.30e-02  5.16e+03  5.66e+01 -1.00e+05
2016 08 17  2255   57617  82500   4.66e+00  2.08e-01  1.39e-01  6.10e-02  4.94e-02  2.56e-02  4.53e+03  5.33e+01 -1.00e+05
2016 08 17  2300   57617  82800   3.61e+00  2.98e-01  2.67e-01  1.61e-01  1.41e-01  5.43e-02  4.59e+03  4.67e+01 -1.00e+05
2016 08 17  2305   57617  83100   3.61e+00  1.55e-01  1.23e-01  8.33e-02  7.16e-02  4.78e-02  4.38e+03  3.66e+01 -1.00e+05
2016 08 17  2310   57617  83400   3.29e+00  1.35e-01  1.04e-01  6.34e-02  5.18e-02  2.80e-02  4.10e+03  3.60e+01 -1.00e+05
2016 08 17  2315   57617  83700   2.58e+00  1.40e-01  1.09e-01  6.84e-02  5.68e-02  3.30e-02  3.63e+03  2.91e+01 -1.00e+05
2016 08 17  2320   57617  84000   2.60e+00  1.72e-01  1.41e-01  9.99e-02  6.77e-02  3.79e-02  3.64e+03  2.68e+01 -1.00e+05
2016 08 17  2325   57617  84300   2.55e+00  1.57e-01  1.26e-01  8.57e-02  7.41e-02  5.03e-02  3.69e+03  2.58e+01 -1.00e+05
2016 08 17  2330   57617  84600   3.51e+00  2.22e-01  1.54e-01  1.07e-01  7.70e-02  4.78e-02  3.75e+03  2.39e+01 -1.00e+05
2016 08 17  2335   57617  84900   3.33e+00  1.43e-01  1.12e-01  7.13e-02  5.17e-02  2.56e-02  3.51e+03  2.36e+01 -1.00e+05
2016 08 17  2340   57617  85200   4.23e+00  2.41e-01  1.24e-01  6.84e-02  5.68e-02  3.30e-02  3.40e+03  2.05e+01 -1.00e+05
2016 08 17  2345   57617  85500   5.16e+00  2.56e-01  1.40e-01  9.75e-02  5.76e-02  2.56e-02  3.04e+03  1.76e+01 -1.00e+05
2016 08 17  2350   57617  85800   2.77e+00  2.50e-01  2.19e-01  9.20e-02  6.73e-02  3.01e-02  2.98e+03  1.61e+01 -1.00e+05
2016 08 17  2355   57617  86100   2.92e+00  1.81e-01  1.50e-01  8.33e-02  7.16e-02  4.78e-02  2.91e+03  1.92e+01 -1.00e+05
