:Data_list: 20160403_Gs_part_5m.txt
:Created: 2016 Apr 04 0011 UTC
# Prepared by the U.S. Dept. of Commerce, NOAA, Space Weather Prediction Center
# Please send comments and suggestions to SWPC.Webmaster@noaa.gov 
# 
# Label: P > 1 = Particles at >1 Mev
# Label: P > 5 = Particles at >5 Mev
# Label: P >10 = Particles at >10 Mev
# Label: P >30 = Particles at >30 Mev
# Label: P >50 = Particles at >50 Mev
# Label: P>100 = Particles at >100 Mev
# Label: E>0.8 = Electrons at >0.8 Mev
# Label: E>2.0 = Electrons at >2.0 Mev
# Label: E>4.0 = Electrons at >4.0 Mev
# Units: Particles = Protons/cm2-s-sr
# Units: Electrons = Electrons/cm2-s-sr
# Source: GOES-15
# Location: W135
# Missing data: -1.00e+05
#
#                      5-minute  GOES-15 Solar Particle and Electron Flux
#
#                 Modified Seconds
# UTC Date  Time   Julian  of the
# YR MO DA  HHMM    Day     Day     P > 1     P > 5     P >10     P >30     P >50     P>100     E>0.8     E>2.0     E>4.0
#-------------------------------------------------------------------------------------------------------------------------
2016 04 03  0000   57481      0   5.62e+00  3.20e-01  1.98e-01  6.07e-02  5.08e-02  2.91e-02  3.50e+03  1.03e+01 -1.00e+05
2016 04 03  0005   57481    300   4.21e+00  1.29e-01  9.80e-02  5.40e-02  4.42e-02  2.24e-02  4.39e+03  1.54e+01 -1.00e+05
2016 04 03  0010   57481    600   4.04e+00  2.41e-01  2.11e-01  8.76e-02  5.17e-02  2.24e-02  5.62e+03  1.43e+01 -1.00e+05
2016 04 03  0015   57481    900   4.18e+00  2.36e-01  2.05e-01  9.04e-02  8.06e-02  5.88e-02  6.82e+03  2.06e+01 -1.00e+05
2016 04 03  0020   57481   1200   6.57e+00  2.40e-01  2.09e-01  8.10e-02  5.02e-02  2.24e-02  8.57e+03  2.73e+01 -1.00e+05
2016 04 03  0025   57481   1500   6.76e+00  1.55e-01  1.24e-01  7.99e-02  6.28e-02  3.90e-02  9.22e+03  2.81e+01 -1.00e+05
2016 04 03  0030   57481   1800   1.05e+01  1.58e-01  1.27e-01  8.35e-02  7.36e-02  2.28e-02  1.12e+04  3.55e+01 -1.00e+05
2016 04 03  0035   57481   2100   9.99e+00  2.13e-01  1.40e-01  8.89e-02  7.44e-02  5.14e-02  1.01e+04  2.70e+01 -1.00e+05
2016 04 03  0040   57481   2400   6.79e+00  1.37e-01  1.06e-01  6.14e-02  4.58e-02  2.24e-02  6.98e+03  1.86e+01 -1.00e+05
2016 04 03  0045   57481   2700   5.58e+00  1.30e-01  9.88e-02  5.48e-02  4.43e-02  2.24e-02  5.93e+03  1.48e+01 -1.00e+05
2016 04 03  0050   57481   3000   3.82e+00  1.68e-01  1.37e-01  9.12e-02  5.10e-02  2.24e-02  4.57e+03  9.18e+00 -1.00e+05
2016 04 03  0055   57481   3300   4.78e+00  1.59e-01  1.28e-01  8.40e-02  7.41e-02  3.20e-02  6.73e+03  1.81e+01 -1.00e+05
2016 04 03  0100   57481   3600   5.09e+00  2.05e-01  1.74e-01  6.14e-02  4.58e-02  2.24e-02  8.57e+03  2.26e+01 -1.00e+05
2016 04 03  0105   57481   3900   9.13e+00  2.29e-01  1.12e-01  6.52e-02  5.53e-02  2.60e-02  1.05e+04  3.21e+01 -1.00e+05
2016 04 03  0110   57481   4200   6.63e+00  2.29e-01  1.98e-01  1.53e-01  1.22e-01  6.00e-02  1.22e+04  3.82e+01 -1.00e+05
2016 04 03  0115   57481   4500   6.01e+00  2.12e-01  1.81e-01  1.36e-01  1.05e-01  4.01e-02  1.31e+04  3.80e+01 -1.00e+05
2016 04 03  0120   57481   4800   5.96e+00  1.29e-01  9.80e-02  5.40e-02  4.42e-02  2.24e-02  1.18e+04  3.38e+01 -1.00e+05
2016 04 03  0125   57481   5100   5.44e+00  1.55e-01  1.25e-01  8.05e-02  7.07e-02  4.89e-02  1.37e+04  3.77e+01 -1.00e+05
2016 04 03  0130   57481   5400   5.28e+00  1.97e-01  1.66e-01  1.22e-01  1.12e-01  4.41e-02  1.39e+04  3.50e+01 -1.00e+05
2016 04 03  0135   57481   5700   4.64e+00  1.56e-01  1.25e-01  5.58e-02  4.59e-02  2.41e-02  1.38e+04  3.99e+01 -1.00e+05
2016 04 03  0140   57481   6000   3.33e+00  1.58e-01  1.28e-01  5.82e-02  4.84e-02  2.66e-02  1.13e+04  2.90e+01 -1.00e+05
2016 04 03  0145   57481   6300   4.23e+00  1.54e-01  1.23e-01  5.40e-02  4.42e-02  2.24e-02  1.31e+04  3.41e+01 -1.00e+05
2016 04 03  0150   57481   6600   8.22e+00  4.43e-01  2.22e-01  9.04e-02  8.06e-02  5.88e-02  1.42e+04  3.94e+01 -1.00e+05
2016 04 03  0155   57481   6900   7.50e+00  3.21e-01  1.07e-01  6.07e-02  5.08e-02  2.91e-02  1.35e+04  3.01e+01 -1.00e+05
2016 04 03  0200   57481   7200   2.68e+00  1.73e-01  1.42e-01  9.79e-02  8.80e-02  6.62e-02  8.16e+03  1.99e+01 -1.00e+05
2016 04 03  0205   57481   7500   3.35e+00  1.48e-01  1.17e-01  7.31e-02  6.32e-02  4.15e-02  1.03e+04  2.68e+01 -1.00e+05
2016 04 03  0210   57481   7800   3.30e+00  1.29e-01  9.80e-02  5.40e-02  4.42e-02  2.24e-02  8.22e+03  2.27e+01 -1.00e+05
2016 04 03  0215   57481   8100   3.62e+00  2.45e-01  2.14e-01  9.90e-02  5.81e-02  2.40e-02  8.48e+03  1.89e+01 -1.00e+05
2016 04 03  0220   57481   8400   3.78e+00  1.71e-01  1.40e-01  9.46e-02  5.11e-02  2.24e-02  1.02e+04  2.40e+01 -1.00e+05
2016 04 03  0225   57481   8700   3.76e+00  2.26e-01  1.95e-01  1.51e-01  1.41e-01  6.81e-02  1.01e+04  2.84e+01 -1.00e+05
2016 04 03  0230   57481   9000   4.42e+00  3.13e-01  1.43e-01  9.46e-02  5.11e-02  2.24e-02  7.50e+03  1.71e+01 -1.00e+05
2016 04 03  0235   57481   9300   2.81e+00  2.37e-01  1.15e-01  5.40e-02  4.42e-02  2.24e-02  6.29e+03  1.47e+01 -1.00e+05
2016 04 03  0240   57481   9600   2.59e+00  2.44e-01  1.22e-01  7.45e-02  4.88e-02  2.24e-02  6.09e+03  1.39e+01 -1.00e+05
2016 04 03  0245   57481   9900   2.32e+00  2.60e-01  1.56e-01  9.82e-02  7.25e-02  3.00e-02  6.94e+03  1.78e+01 -1.00e+05
2016 04 03  0250   57481  10200   1.96e+00  2.05e-01  1.31e-01  5.40e-02  4.42e-02  2.24e-02  5.87e+03  1.82e+01 -1.00e+05
2016 04 03  0255   57481  10500   1.03e+00  1.29e-01  9.80e-02  5.40e-02  4.42e-02  2.24e-02  4.51e+03  1.40e+01 -1.00e+05
2016 04 03  0300   57481  10800   1.12e+00  1.83e-01  1.52e-01  1.08e-01  9.79e-02  7.61e-02  4.75e+03  1.20e+01 -1.00e+05
2016 04 03  0305   57481  11100   1.33e+00  1.53e-01  1.22e-01  7.77e-02  6.78e-02  3.00e-02  5.43e+03  1.28e+01 -1.00e+05
2016 04 03  0310   57481  11400   1.31e+00  1.31e-01  9.97e-02  5.58e-02  4.59e-02  2.41e-02  6.24e+03  1.63e+01 -1.00e+05
2016 04 03  0315   57481  11700   1.37e+00  1.77e-01  1.46e-01  1.01e-01  5.47e-02  2.24e-02  7.17e+03  1.48e+01 -1.00e+05
2016 04 03  0320   57481  12000   1.68e+00  2.07e-01  1.76e-01  5.40e-02  4.42e-02  2.24e-02  7.76e+03  1.74e+01 -1.00e+05
2016 04 03  0325   57481  12300   1.99e+00  1.92e-01  1.61e-01  1.16e-01  7.49e-02  4.39e-02  8.24e+03  1.91e+01 -1.00e+05
2016 04 03  0330   57481  12600   2.68e+00  2.62e-01  1.15e-01  6.79e-02  4.73e-02  2.24e-02  8.72e+03  2.07e+01 -1.00e+05
2016 04 03  0335   57481  12900   1.71e+00  1.81e-01  1.15e-01  6.52e-02  5.53e-02  2.60e-02  8.90e+03  2.19e+01 -1.00e+05
2016 04 03  0340   57481  13200   1.51e+00  2.07e-01  1.76e-01  5.40e-02  4.42e-02  2.24e-02  7.50e+03  2.14e+01 -1.00e+05
2016 04 03  0345   57481  13500   1.66e+00  2.29e-01  1.98e-01  7.57e-02  5.04e-02  2.41e-02  9.77e+03  2.26e+01 -1.00e+05
2016 04 03  0350   57481  13800   1.67e+00  2.10e-01  1.63e-01  1.16e-01  9.27e-02  4.46e-02  9.06e+03  1.80e+01 -1.00e+05
2016 04 03  0355   57481  14100   1.63e+00  2.36e-01  2.05e-01  1.61e-01  1.40e-01  5.22e-02  1.07e+04  2.33e+01 -1.00e+05
2016 04 03  0400   57481  14400   3.12e+00  4.50e-01  2.50e-01  1.10e-01  9.46e-02  3.81e-02  1.15e+04  2.79e+01 -1.00e+05
2016 04 03  0405   57481  14700   1.36e+00  1.72e-01  1.41e-01  6.07e-02  5.08e-02  2.91e-02  1.12e+04  2.73e+01 -1.00e+05
2016 04 03  0410   57481  15000   1.29e+00  1.29e-01  9.80e-02  5.40e-02  4.42e-02  2.24e-02  9.89e+03  2.27e+01 -1.00e+05
2016 04 03  0415   57481  15300   2.89e+00  3.78e-01  1.81e-01  5.40e-02  4.42e-02  2.24e-02  1.18e+04  2.93e+01 -1.00e+05
2016 04 03  0420   57481  15600   1.27e+00  2.70e-01  2.39e-01  1.32e-01  1.23e-01  6.39e-02  1.06e+04  1.96e+01 -1.00e+05
2016 04 03  0425   57481  15900   3.31e+00  5.16e-01  2.03e-01  7.31e-02  6.32e-02  4.15e-02  1.19e+04  2.76e+01 -1.00e+05
2016 04 03  0430   57481  16200   1.58e+00  1.84e-01  1.53e-01  1.09e-01  9.92e-02  4.01e-02  1.28e+04  2.72e+01 -1.00e+05
2016 04 03  0435   57481  16500   2.08e+00  2.58e-01  1.73e-01  1.19e-01  1.09e-01  5.62e-02  1.19e+04  2.53e+01 -1.00e+05
2016 04 03  0440   57481  16800   1.40e+00  2.28e-01  1.97e-01  1.53e-01  1.42e-01  6.83e-02  1.13e+04  1.93e+01 -1.00e+05
2016 04 03  0445   57481  17100   1.04e+00  1.29e-01  9.80e-02  5.40e-02  4.42e-02  2.24e-02  8.59e+03  1.69e+01 -1.00e+05
2016 04 03  0450   57481  17400   9.51e-01  2.04e-01  1.73e-01  5.89e-02  4.90e-02  2.40e-02  8.05e+03  1.64e+01 -1.00e+05
2016 04 03  0455   57481  17700   1.04e+00  2.37e-01  1.15e-01  5.40e-02  4.42e-02  2.24e-02  6.59e+03  1.50e+01 -1.00e+05
2016 04 03  0500   57481  18000   1.64e+00  4.94e-01  2.20e-01  9.29e-02  8.30e-02  6.13e-02  6.77e+03  1.07e+01 -1.00e+05
2016 04 03  0505   57481  18300   1.36e+00  2.48e-01  1.27e-01  8.05e-02  7.07e-02  4.89e-02  5.67e+03  1.14e+01 -1.00e+05
2016 04 03  0510   57481  18600   8.52e-01  2.85e-01  1.64e-01  1.16e-01  7.49e-02  4.39e-02  5.90e+03  1.14e+01 -1.00e+05
2016 04 03  0515   57481  18900   1.04e+00  2.78e-01  1.50e-01  1.04e-01  9.37e-02  4.12e-02  5.33e+03  9.98e+00 -1.00e+05
2016 04 03  0520   57481  19200   4.76e-01  2.14e-01  1.83e-01  6.32e-02  5.33e-02  3.15e-02  3.96e+03  7.81e+00 -1.00e+05
2016 04 03  0525   57481  19500   8.60e-01  3.15e-01  1.00e-01  5.40e-02  4.42e-02  2.24e-02  3.33e+03  8.95e+00 -1.00e+05
2016 04 03  0530   57481  19800   4.31e-01  1.85e-01  1.54e-01  5.40e-02  4.42e-02  2.24e-02  3.31e+03  5.73e+00 -1.00e+05
2016 04 03  0535   57481  20100   6.21e-01  1.86e-01  1.55e-01  1.10e-01  7.75e-02  4.23e-02  4.39e+03  6.41e+00 -1.00e+05
2016 04 03  0540   57481  20400   6.01e-01  1.29e-01  9.80e-02  5.40e-02  4.42e-02  2.24e-02  5.95e+03  1.40e+01 -1.00e+05
2016 04 03  0545   57481  20700   1.81e+00  4.72e-01  2.16e-01  7.45e-02  4.88e-02  2.24e-02  8.21e+03  1.54e+01 -1.00e+05
2016 04 03  0550   57481  21000   1.49e+00  2.58e-01  1.47e-01  8.81e-02  7.82e-02  4.79e-02  9.77e+03  2.28e+01 -1.00e+05
2016 04 03  0555   57481  21300   1.98e+00  4.40e-01  2.18e-01  8.55e-02  7.56e-02  5.38e-02  1.17e+04  2.46e+01 -1.00e+05
2016 04 03  0600   57481  21600   1.47e+00  2.07e-01  1.76e-01  5.40e-02  4.42e-02  2.24e-02  1.27e+04  3.08e+01 -1.00e+05
2016 04 03  0605   57481  21900   1.51e+00  1.29e-01  9.80e-02  5.40e-02  4.42e-02  2.24e-02  1.30e+04  3.16e+01 -1.00e+05
2016 04 03  0610   57481  22200   9.03e-01  1.29e-01  9.80e-02  5.40e-02  4.42e-02  2.24e-02  1.05e+04  2.54e+01 -1.00e+05
2016 04 03  0615   57481  22500   1.87e+00  2.47e-01  1.00e-01  5.40e-02  4.42e-02  2.24e-02  1.01e+04  2.55e+01 -1.00e+05
2016 04 03  0620   57481  22800   1.31e+00  1.29e-01  9.80e-02  5.40e-02  4.42e-02  2.24e-02  1.08e+04  2.80e+01 -1.00e+05
2016 04 03  0625   57481  23100   7.67e-01  1.29e-01  9.80e-02  5.40e-02  4.42e-02  2.24e-02  9.53e+03  2.19e+01 -1.00e+05
2016 04 03  0630   57481  23400   1.72e+00  3.50e-01  1.55e-01  1.09e-01  9.92e-02  4.01e-02  1.08e+04  2.30e+01 -1.00e+05
2016 04 03  0635   57481  23700   1.18e+00  2.20e-01  1.89e-01  7.06e-02  6.07e-02  3.90e-02  1.04e+04  2.16e+01 -1.00e+05
2016 04 03  0640   57481  24000   1.48e+00  2.47e-01  1.00e-01  5.40e-02  4.42e-02  2.24e-02  9.15e+03  2.12e+01 -1.00e+05
2016 04 03  0645   57481  24300   7.58e-01  1.62e-01  1.31e-01  8.71e-02  7.21e-02  4.89e-02  8.24e+03  1.97e+01 -1.00e+05
2016 04 03  0650   57481  24600   1.09e+00  3.66e-01  2.46e-01  1.11e-01  8.90e-02  6.37e-02  7.33e+03  1.44e+01 -1.00e+05
2016 04 03  0655   57481  24900   6.10e-01  1.68e-01  1.37e-01  9.12e-02  5.10e-02  2.24e-02  7.33e+03  1.62e+01 -1.00e+05
2016 04 03  0700   57481  25200   6.59e-01  1.61e-01  1.30e-01  8.54e-02  6.47e-02  2.80e-02  7.26e+03  1.49e+01 -1.00e+05
2016 04 03  0705   57481  25500   1.16e+00  2.86e-01  1.65e-01  1.17e-01  7.51e-02  4.64e-02  7.70e+03  1.72e+01 -1.00e+05
2016 04 03  0710   57481  25800   7.92e-01  1.57e-01  1.26e-01  8.10e-02  5.02e-02  2.24e-02  8.20e+03  1.57e+01 -1.00e+05
2016 04 03  0715   57481  26100   9.89e-01  3.09e-01  1.86e-01  6.79e-02  4.73e-02  2.24e-02  8.19e+03  1.42e+01 -1.00e+05
2016 04 03  0720   57481  26400   5.20e-01  1.53e-01  1.22e-01  7.75e-02  5.27e-02  2.66e-02  6.55e+03  9.21e+00 -1.00e+05
2016 04 03  0725   57481  26700   6.82e-01  2.87e-01  2.56e-01  1.04e-01  7.87e-02  3.20e-02  6.33e+03  4.84e+00 -1.00e+05
2016 04 03  0730   57481  27000   8.88e-01  1.80e-01  1.49e-01  5.82e-02  4.84e-02  2.66e-02  8.18e+03  1.68e+01 -1.00e+05
2016 04 03  0735   57481  27300   8.31e-01  2.07e-01  1.76e-01  5.40e-02  4.42e-02  2.24e-02  8.46e+03  1.57e+01 -1.00e+05
2016 04 03  0740   57481  27600   9.88e-01  2.58e-01  1.84e-01  5.40e-02  4.42e-02  2.24e-02  8.51e+03  1.80e+01 -1.00e+05
2016 04 03  0745   57481  27900   1.20e+00  2.85e-01  1.39e-01  9.29e-02  8.30e-02  6.13e-02  8.11e+03  1.27e+01 -1.00e+05
2016 04 03  0750   57481  28200   7.12e-01  1.30e-01  9.88e-02  5.48e-02  4.43e-02  2.24e-02  7.05e+03  1.28e+01 -1.00e+05
2016 04 03  0755   57481  28500   4.87e-01  1.73e-01  1.42e-01  9.62e-02  5.11e-02  2.24e-02  6.81e+03  1.05e+01 -1.00e+05
2016 04 03  0800   57481  28800   7.71e-01  2.37e-01  1.15e-01  5.40e-02  4.42e-02  2.24e-02  5.79e+03  1.12e+01 -1.00e+05
2016 04 03  0805   57481  29100   4.81e-01  1.64e-01  1.33e-01  8.76e-02  5.17e-02  2.24e-02  5.75e+03  8.56e+00 -1.00e+05
2016 04 03  0810   57481  29400   9.91e-01  5.73e-01  3.24e-01  1.15e-01  1.05e-01  4.21e-02  5.09e+03  7.04e+00 -1.00e+05
2016 04 03  0815   57481  29700   4.89e-01  1.69e-01  1.38e-01  5.48e-02  4.43e-02  2.24e-02  4.56e+03  9.44e+00 -1.00e+05
2016 04 03  0820   57481  30000   4.61e-01  1.58e-01  1.27e-01  8.33e-02  7.34e-02  5.16e-02  4.33e+03  6.03e+00 -1.00e+05
2016 04 03  0825   57481  30300   4.97e-01  1.55e-01  1.24e-01  7.94e-02  5.36e-02  2.40e-02  4.34e+03  4.80e+00 -1.00e+05
2016 04 03  0830   57481  30600   5.90e-01  1.99e-01  1.69e-01  8.40e-02  7.41e-02  3.20e-02  4.26e+03  5.65e+00 -1.00e+05
2016 04 03  0835   57481  30900   3.85e-01  1.67e-01  1.37e-01  9.19e-02  6.62e-02  2.80e-02  4.41e+03  5.13e+00 -1.00e+05
2016 04 03  0840   57481  31200   6.68e-01  1.84e-01  1.53e-01  1.09e-01  9.92e-02  4.01e-02  4.69e+03  4.73e+00 -1.00e+05
2016 04 03  0845   57481  31500   6.66e-01  1.85e-01  1.54e-01  5.40e-02  4.42e-02  2.24e-02  5.47e+03  1.11e+01 -1.00e+05
2016 04 03  0850   57481  31800   5.99e-01  1.82e-01  1.31e-01  8.40e-02  7.41e-02  3.20e-02  5.28e+03  8.94e+00 -1.00e+05
2016 04 03  0855   57481  32100   8.04e-01  2.78e-01  1.12e-01  6.52e-02  5.53e-02  2.60e-02  5.32e+03  1.21e+01 -1.00e+05
2016 04 03  0900   57481  32400   4.77e-01  2.13e-01  1.82e-01  1.36e-01  9.51e-02  6.65e-02  5.68e+03  8.79e+00 -1.00e+05
2016 04 03  0905   57481  32700   5.85e-01  1.34e-01  1.03e-01  5.89e-02  4.90e-02  2.40e-02  6.01e+03  1.79e+01 -1.00e+05
2016 04 03  0910   57481  33000   8.12e-01  2.74e-01  1.51e-01  5.40e-02  4.42e-02  2.24e-02  6.66e+03  1.46e+01 -1.00e+05
2016 04 03  0915   57481  33300   6.21e-01  1.89e-01  1.58e-01  7.81e-02  6.82e-02  4.64e-02  6.85e+03  1.57e+01 -1.00e+05
2016 04 03  0920   57481  33600   1.19e+00  2.94e-01  1.01e-01  5.48e-02  4.43e-02  2.24e-02  6.81e+03  1.65e+01 -1.00e+05
2016 04 03  0925   57481  33900   5.17e-01  1.80e-01  1.06e-01  5.40e-02  4.42e-02  2.24e-02  6.47e+03  1.57e+01 -1.00e+05
2016 04 03  0930   57481  34200   5.41e-01  1.60e-01  1.29e-01  8.55e-02  7.56e-02  5.38e-02  6.84e+03  1.40e+01 -1.00e+05
2016 04 03  0935   57481  34500   5.05e-01  1.41e-01  1.10e-01  6.57e-02  5.58e-02  3.40e-02  6.59e+03  1.62e+01 -1.00e+05
2016 04 03  0940   57481  34800   4.78e-01  2.60e-01  2.29e-01  1.14e-01  8.58e-02  5.88e-02  6.80e+03  1.23e+01 -1.00e+05
2016 04 03  0945   57481  35100   4.44e-01  1.41e-01  1.10e-01  6.57e-02  5.58e-02  3.40e-02  6.77e+03  1.57e+01 -1.00e+05
2016 04 03  0950   57481  35400   5.42e-01  2.08e-01  1.77e-01  5.48e-02  4.43e-02  2.24e-02  5.41e+03  1.67e+01 -1.00e+05
2016 04 03  0955   57481  35700   4.07e-01  2.96e-01  2.65e-01  1.01e-01  5.47e-02  2.24e-02  5.64e+03  1.30e+01 -1.00e+05
2016 04 03  1000   57481  36000   3.08e-01  1.55e-01  1.25e-01  8.05e-02  7.07e-02  4.89e-02  6.12e+03  1.39e+01 -1.00e+05
2016 04 03  1005   57481  36300   4.73e-01  2.21e-01  1.90e-01  7.45e-02  4.88e-02  2.24e-02  6.00e+03  1.80e+01 -1.00e+05
2016 04 03  1010   57481  36600   5.53e-01  1.91e-01  1.60e-01  8.05e-02  7.07e-02  4.89e-02  6.48e+03  1.42e+01 -1.00e+05
2016 04 03  1015   57481  36900   5.13e-01  1.86e-01  1.55e-01  1.11e-01  1.01e-01  4.68e-02  7.38e+03  1.93e+01 -1.00e+05
2016 04 03  1020   57481  37200   9.69e-01  1.54e-01  1.23e-01  5.40e-02  4.42e-02  2.24e-02  1.15e+04  3.55e+01 -1.00e+05
2016 04 03  1025   57481  37500   1.02e+00  2.07e-01  1.76e-01  5.40e-02  4.42e-02  2.24e-02  1.36e+04  4.48e+01 -1.00e+05
2016 04 03  1030   57481  37800   1.50e+00  1.76e-01  1.45e-01  1.00e-01  7.51e-02  4.89e-02  1.94e+04  8.35e+01 -1.00e+05
2016 04 03  1035   57481  38100   1.60e+00  2.58e-01  2.27e-01  8.10e-02  5.02e-02  2.24e-02  2.26e+04  1.08e+02 -1.00e+05
2016 04 03  1040   57481  38400   1.78e+00  3.45e-01  3.14e-01  9.41e-02  5.32e-02  2.24e-02  2.51e+04  1.32e+02 -1.00e+05
2016 04 03  1045   57481  38700   1.83e+00  1.29e-01  9.80e-02  5.40e-02  4.42e-02  2.24e-02  2.26e+04  1.09e+02 -1.00e+05
2016 04 03  1050   57481  39000   1.64e+00  1.83e-01  1.38e-01  9.11e-02  8.06e-02  3.40e-02  2.17e+04  1.04e+02 -1.00e+05
2016 04 03  1055   57481  39300   2.87e+00  2.71e-01  1.00e-01  5.40e-02  4.42e-02  2.24e-02  2.03e+04  1.07e+02 -1.00e+05
2016 04 03  1100   57481  39600   3.26e+00  3.79e-01  1.24e-01  7.81e-02  6.82e-02  4.64e-02  1.88e+04  1.02e+02 -1.00e+05
2016 04 03  1105   57481  39900   1.41e+00  1.93e-01  1.62e-01  1.16e-01  6.59e-02  2.60e-02  1.99e+04  1.12e+02 -1.00e+05
2016 04 03  1110   57481  40200   9.67e-01  1.29e-01  9.80e-02  5.40e-02  4.42e-02  2.24e-02  2.03e+04  1.17e+02 -1.00e+05
2016 04 03  1115   57481  40500   1.70e+00  3.55e-01  1.95e-01  5.40e-02  4.42e-02  2.24e-02  1.81e+04  9.17e+01 -1.00e+05
2016 04 03  1120   57481  40800   1.09e+00  1.96e-01  1.65e-01  1.20e-01  7.95e-02  4.89e-02  1.77e+04  8.73e+01 -1.00e+05
2016 04 03  1125   57481  41100   1.34e+00  1.43e-01  1.12e-01  6.79e-02  4.73e-02  2.24e-02  1.77e+04  8.39e+01 -1.00e+05
2016 04 03  1130   57481  41400   1.31e+00  1.29e-01  9.80e-02  5.40e-02  4.42e-02  2.24e-02  1.70e+04  8.31e+01 -1.00e+05
2016 04 03  1135   57481  41700   1.79e+00  3.06e-01  2.35e-01  9.60e-02  6.96e-02  4.31e-02  1.54e+04  6.95e+01 -1.00e+05
2016 04 03  1140   57481  42000   1.38e+00  2.27e-01  1.52e-01  5.40e-02  4.42e-02  2.24e-02  1.50e+04  6.81e+01 -1.00e+05
2016 04 03  1145   57481  42300   8.68e-01  1.91e-01  1.60e-01  1.15e-01  9.78e-02  4.85e-02  1.51e+04  6.78e+01 -1.00e+05
2016 04 03  1150   57481  42600   1.66e+00  3.45e-01  2.27e-01  1.22e-01  1.12e-01  4.41e-02  1.50e+04  6.95e+01 -1.00e+05
2016 04 03  1155   57481  42900   1.12e+00  1.29e-01  9.80e-02  5.40e-02  4.42e-02  2.24e-02  1.47e+04  6.99e+01 -1.00e+05
2016 04 03  1200   57481  43200   1.49e+00  3.37e-01  3.06e-01  1.06e-01  5.95e-02  2.40e-02  1.48e+04  6.64e+01 -1.00e+05
2016 04 03  1205   57481  43500   1.09e+00  1.29e-01  9.80e-02  5.40e-02  4.42e-02  2.24e-02  1.51e+04  7.59e+01 -1.00e+05
2016 04 03  1210   57481  43800   2.41e+00  2.78e-01  1.08e-01  6.14e-02  4.58e-02  2.24e-02  1.50e+04  7.29e+01 -1.00e+05
2016 04 03  1215   57481  44100   1.95e+00  2.89e-01  1.42e-01  9.41e-02  5.32e-02  2.24e-02  1.51e+04  7.40e+01 -1.00e+05
2016 04 03  1220   57481  44400   1.14e+00  1.50e-01  1.19e-01  7.45e-02  4.88e-02  2.24e-02  1.50e+04  6.89e+01 -1.00e+05
2016 04 03  1225   57481  44700   1.47e+00  2.27e-01  1.54e-01  1.01e-01  6.96e-02  4.15e-02  1.50e+04  7.29e+01 -1.00e+05
2016 04 03  1230   57481  45000   1.08e+00  1.30e-01  9.88e-02  5.48e-02  4.43e-02  2.24e-02  1.49e+04  7.31e+01 -1.00e+05
2016 04 03  1235   57481  45300   1.69e+00  2.24e-01  1.77e-01  1.30e-01  1.21e-01  7.84e-02  1.46e+04  7.27e+01 -1.00e+05
2016 04 03  1240   57481  45600   1.18e+00  2.86e-01  2.55e-01  8.56e-02  5.99e-02  2.60e-02  1.43e+04  7.36e+01 -1.00e+05
2016 04 03  1245   57481  45900   1.07e+00  1.69e-01  1.39e-01  9.30e-02  5.10e-02  2.24e-02  1.53e+04  7.73e+01 -1.00e+05
2016 04 03  1250   57481  46200   1.35e+00  1.29e-01  9.80e-02  5.40e-02  4.42e-02  2.24e-02  1.55e+04  8.53e+01 -1.00e+05
2016 04 03  1255   57481  46500   1.54e+00  2.96e-01  2.65e-01  7.47e-02  6.48e-02  4.31e-02  1.59e+04  8.44e+01 -1.00e+05
2016 04 03  1300   57481  46800   1.56e+00  1.76e-01  1.45e-01  5.40e-02  4.42e-02  2.24e-02  1.63e+04  9.14e+01 -1.00e+05
2016 04 03  1305   57481  47100   1.67e+00  1.80e-01  1.06e-01  5.40e-02  4.42e-02  2.24e-02  1.66e+04  1.07e+02 -1.00e+05
2016 04 03  1310   57481  47400   1.81e+00  2.40e-01  1.75e-01  6.52e-02  5.53e-02  2.60e-02  1.68e+04  9.34e+01 -1.00e+05
2016 04 03  1315   57481  47700   1.67e+00  1.43e-01  1.12e-01  6.82e-02  5.83e-02  3.65e-02  1.69e+04  9.50e+01 -1.00e+05
2016 04 03  1320   57481  48000   1.40e+00  1.40e-01  1.09e-01  6.52e-02  5.53e-02  2.60e-02  1.78e+04  9.99e+01 -1.00e+05
2016 04 03  1325   57481  48300   2.15e+00  2.69e-01  1.48e-01  8.80e-02  7.81e-02  5.63e-02  1.81e+04  1.23e+02 -1.00e+05
2016 04 03  1330   57481  48600   2.26e+00  2.65e-01  1.91e-01  6.14e-02  4.58e-02  2.24e-02  1.87e+04  1.18e+02 -1.00e+05
2016 04 03  1335   57481  48900   1.73e+00  2.15e-01  1.84e-01  1.30e-01  9.42e-02  3.60e-02  1.90e+04  1.19e+02 -1.00e+05
2016 04 03  1340   57481  49200   1.66e+00  1.68e-01  1.37e-01  9.29e-02  8.30e-02  6.13e-02  1.97e+04  1.22e+02 -1.00e+05
2016 04 03  1345   57481  49500   1.60e+00  1.81e-01  1.50e-01  1.05e-01  6.52e-02  3.09e-02  1.98e+04  1.25e+02 -1.00e+05
2016 04 03  1350   57481  49800   1.77e+00  2.60e-01  2.29e-01  1.10e-01  8.98e-02  3.60e-02  2.01e+04  1.29e+02 -1.00e+05
2016 04 03  1355   57481  50100   2.54e+00  3.56e-01  2.52e-01  7.77e-02  6.78e-02  3.00e-02  2.08e+04  1.34e+02 -1.00e+05
2016 04 03  1400   57481  50400   2.79e+00  2.47e-01  1.00e-01  5.40e-02  4.42e-02  2.24e-02  2.17e+04  1.49e+02 -1.00e+05
2016 04 03  1405   57481  50700   1.68e+00  2.01e-01  1.70e-01  1.24e-01  7.73e-02  4.86e-02  2.14e+04  1.46e+02 -1.00e+05
2016 04 03  1410   57481  51000   2.85e+00  2.50e-01  1.28e-01  8.10e-02  5.02e-02  2.24e-02  2.13e+04  1.52e+02 -1.00e+05
2016 04 03  1415   57481  51300   1.80e+00  1.48e-01  1.17e-01  7.28e-02  5.35e-02  2.91e-02  2.18e+04  1.52e+02 -1.00e+05
2016 04 03  1420   57481  51600   1.82e+00  1.31e-01  9.97e-02  5.58e-02  4.59e-02  2.41e-02  2.21e+04  1.63e+02 -1.00e+05
2016 04 03  1425   57481  51900   1.82e+00  2.36e-01  2.05e-01  1.61e-01  1.40e-01  5.22e-02  2.25e+04  1.65e+02 -1.00e+05
2016 04 03  1430   57481  52200   2.05e+00  1.66e-01  1.35e-01  9.05e-02  6.83e-02  4.03e-02  2.29e+04  1.76e+02 -1.00e+05
2016 04 03  1435   57481  52500   2.01e+00  1.63e-01  1.32e-01  8.80e-02  7.81e-02  5.63e-02  2.32e+04  1.81e+02 -1.00e+05
2016 04 03  1440   57481  52800   2.57e+00  2.18e-01  1.44e-01  9.12e-02  5.10e-02  2.24e-02  2.33e+04  1.79e+02 -1.00e+05
2016 04 03  1445   57481  53100   2.78e+00  2.37e-01  1.15e-01  5.40e-02  4.42e-02  2.24e-02  2.40e+04  1.83e+02 -1.00e+05
2016 04 03  1450   57481  53400   2.03e+00  2.13e-01  1.82e-01  5.89e-02  4.90e-02  2.40e-02  2.34e+04  1.92e+02 -1.00e+05
2016 04 03  1455   57481  53700   2.01e+00  2.07e-01  1.76e-01  5.40e-02  4.42e-02  2.24e-02  2.44e+04  1.86e+02 -1.00e+05
2016 04 03  1500   57481  54000   2.06e+00  1.29e-01  9.80e-02  5.40e-02  4.42e-02  2.24e-02  2.46e+04  1.91e+02 -1.00e+05
2016 04 03  1505   57481  54300   1.88e+00  1.97e-01  1.66e-01  1.22e-01  1.12e-01  4.41e-02  2.46e+04  2.02e+02 -1.00e+05
2016 04 03  1510   57481  54600   2.79e+00  2.86e-01  2.07e-01  1.09e-01  9.92e-02  4.01e-02  2.58e+04  2.01e+02 -1.00e+05
2016 04 03  1515   57481  54900   4.34e+00  3.78e-01  1.42e-01  9.46e-02  5.11e-02  2.24e-02  2.69e+04  2.13e+02 -1.00e+05
2016 04 03  1520   57481  55200   3.19e+00  2.45e-01  1.22e-01  6.14e-02  4.58e-02  2.24e-02  2.15e+04  1.96e+02 -1.00e+05
2016 04 03  1525   57481  55500   9.10e+00  1.29e-01  9.80e-02  5.40e-02  4.42e-02  2.24e-02  2.86e+04  2.14e+02 -1.00e+05
2016 04 03  1530   57481  55800   1.04e+01  3.19e-01  2.88e-01  9.36e-02  7.36e-02  4.89e-02  2.86e+04  2.17e+02 -1.00e+05
2016 04 03  1535   57481  56100   2.82e+01  2.84e-01  1.61e-01  5.40e-02  4.42e-02  2.24e-02  2.91e+04  2.27e+02 -1.00e+05
2016 04 03  1540   57481  56400   1.47e+01  3.28e-01  2.58e-01  5.89e-02  4.90e-02  2.40e-02  2.96e+04  2.46e+02 -1.00e+05
2016 04 03  1545   57481  56700   1.10e+01  1.60e-01  1.29e-01  8.53e-02  7.54e-02  3.70e-02  3.21e+04  2.58e+02 -1.00e+05
2016 04 03  1550   57481  57000   1.83e+01  3.95e-01  1.84e-01  6.52e-02  5.53e-02  2.60e-02  3.50e+04  2.88e+02 -1.00e+05
2016 04 03  1555   57481  57300   8.85e+00  3.14e-01  2.83e-01  9.04e-02  8.06e-02  5.88e-02  3.56e+04  3.17e+02 -1.00e+05
2016 04 03  1600   57481  57600   1.38e+01  1.93e-01  1.20e-01  6.82e-02  5.83e-02  3.65e-02  3.69e+04  3.38e+02 -1.00e+05
2016 04 03  1605   57481  57900   8.71e+00  1.69e-01  1.38e-01  5.89e-02  4.90e-02  2.40e-02  3.82e+04  3.70e+02 -1.00e+05
2016 04 03  1610   57481  58200   1.27e+01  2.95e-01  1.74e-01  1.13e-01  7.80e-02  4.89e-02  4.00e+04  3.94e+02 -1.00e+05
2016 04 03  1615   57481  58500   9.07e+00  1.29e-01  9.80e-02  5.40e-02  4.42e-02  2.24e-02  4.11e+04  4.29e+02 -1.00e+05
2016 04 03  1620   57481  58800   8.23e+00  1.97e-01  1.66e-01  1.21e-01  1.09e-01  5.25e-02  4.41e+04  4.85e+02 -1.00e+05
2016 04 03  1625   57481  59100   1.34e+01  2.78e-01  1.55e-01  9.30e-02  5.10e-02  2.24e-02  4.41e+04  5.08e+02 -1.00e+05
2016 04 03  1630   57481  59400   1.02e+01  2.55e-01  1.82e-01  6.44e-02  4.98e-02  2.66e-02  4.67e+04  5.68e+02 -1.00e+05
2016 04 03  1635   57481  59700   7.92e+00  1.80e-01  1.49e-01  1.05e-01  9.54e-02  7.37e-02  4.88e+04  6.06e+02 -1.00e+05
2016 04 03  1640   57481  60000   1.22e+01  2.78e-01  1.32e-01  8.55e-02  7.56e-02  5.38e-02  4.99e+04  6.71e+02 -1.00e+05
2016 04 03  1645   57481  60300   1.32e+01  3.32e-01  1.62e-01  1.14e-01  7.25e-02  4.15e-02  5.16e+04  6.92e+02 -1.00e+05
2016 04 03  1650   57481  60600   6.73e+00  1.90e-01  1.59e-01  1.14e-01  6.47e-02  3.15e-02  5.25e+04  7.46e+02 -1.00e+05
2016 04 03  1655   57481  60900   1.18e+01  4.21e-01  1.95e-01  5.40e-02  4.42e-02  2.24e-02  5.45e+04  7.69e+02 -1.00e+05
2016 04 03  1700   57481  61200   5.88e+00  1.29e-01  9.80e-02  5.40e-02  4.42e-02  2.24e-02  5.50e+04  8.19e+02 -1.00e+05
2016 04 03  1705   57481  61500   9.32e+00  2.25e-01  1.05e-01  5.89e-02  4.90e-02  2.40e-02  5.46e+04  8.28e+02 -1.00e+05
2016 04 03  1710   57481  61800   6.62e+00  2.07e-01  1.76e-01  5.40e-02  4.42e-02  2.24e-02  5.71e+04  8.78e+02 -1.00e+05
2016 04 03  1715   57481  62100   6.02e+00  1.54e-01  1.23e-01  7.88e-02  6.32e-02  2.80e-02  5.73e+04  9.20e+02 -1.00e+05
2016 04 03  1720   57481  62400   6.41e+00  1.51e-01  1.20e-01  7.56e-02  6.57e-02  4.39e-02  5.76e+04  9.85e+02 -1.00e+05
2016 04 03  1725   57481  62700   6.22e+00  1.93e-01  1.62e-01  5.40e-02  4.42e-02  2.24e-02  5.99e+04  9.95e+02 -1.00e+05
2016 04 03  1730   57481  63000   6.15e+00  1.33e-01  1.02e-01  5.82e-02  4.84e-02  2.66e-02  5.77e+04  9.99e+02 -1.00e+05
2016 04 03  1735   57481  63300   6.28e+00  2.07e-01  1.76e-01  5.40e-02  4.42e-02  2.24e-02  6.08e+04  1.10e+03 -1.00e+05
2016 04 03  1740   57481  63600   6.22e+00  1.29e-01  9.80e-02  5.40e-02  4.42e-02  2.24e-02  5.94e+04  1.04e+03 -1.00e+05
2016 04 03  1745   57481  63900   7.67e+00  2.20e-01  1.49e-01  9.78e-02  8.61e-02  6.37e-02  5.87e+04  1.07e+03 -1.00e+05
2016 04 03  1750   57481  64200   5.87e+00  3.46e-01  3.15e-01  9.46e-02  5.11e-02  2.24e-02  6.11e+04  1.06e+03 -1.00e+05
2016 04 03  1755   57481  64500   5.67e+00  1.45e-01  1.14e-01  6.92e-02  4.89e-02  2.41e-02  5.96e+04  1.04e+03 -1.00e+05
2016 04 03  1800   57481  64800   5.32e+00  2.25e-01  1.94e-01  1.16e-01  1.06e-01  8.43e-02  6.01e+04  1.05e+03 -1.00e+05
2016 04 03  1805   57481  65100   5.56e+00  1.85e-01  1.54e-01  1.04e-01  9.42e-02  4.30e-02  5.99e+04  1.03e+03 -1.00e+05
2016 04 03  1810   57481  65400   7.36e+00  2.71e-01  1.51e-01  9.04e-02  8.06e-02  5.88e-02  6.13e+04  1.07e+03 -1.00e+05
2016 04 03  1815   57481  65700   7.21e+00  2.65e-01  1.42e-01  8.10e-02  5.02e-02  2.24e-02  6.27e+04  1.10e+03 -1.00e+05
2016 04 03  1820   57481  66000   8.46e+00  5.33e-01  2.46e-01  9.76e-02  8.78e-02  6.28e-02  6.16e+04  1.05e+03 -1.00e+05
2016 04 03  1825   57481  66300   5.00e+00  1.62e-01  1.31e-01  8.68e-02  7.69e-02  2.28e-02  6.16e+04  1.05e+03 -1.00e+05
2016 04 03  1830   57481  66600   4.79e+00  1.57e-01  1.26e-01  8.23e-02  7.24e-02  2.28e-02  6.54e+04  1.15e+03 -1.00e+05
2016 04 03  1835   57481  66900   8.82e+00  2.24e-01  1.02e-01  5.58e-02  4.59e-02  2.41e-02  6.83e+04  1.29e+03 -1.00e+05
2016 04 03  1840   57481  67200   5.52e+00  1.90e-01  1.59e-01  1.15e-01  1.05e-01  4.21e-02  6.37e+04  1.21e+03 -1.00e+05
2016 04 03  1845   57481  67500   6.84e+00  2.20e-01  1.46e-01  9.30e-02  5.10e-02  2.24e-02  6.68e+04  1.27e+03 -1.00e+05
2016 04 03  1850   57481  67800   9.46e+00  4.12e-01  1.91e-01  7.15e-02  6.16e-02  2.80e-02  6.88e+04  1.32e+03 -1.00e+05
2016 04 03  1855   57481  68100   5.17e+00  2.58e-01  2.27e-01  8.10e-02  5.02e-02  2.24e-02  6.49e+04  1.14e+03 -1.00e+05
2016 04 03  1900   57481  68400   4.96e+00  1.31e-01  9.97e-02  5.58e-02  4.59e-02  2.41e-02  6.58e+04  1.16e+03 -1.00e+05
2016 04 03  1905   57481  68700   5.33e+00  2.14e-01  1.83e-01  6.14e-02  4.58e-02  2.24e-02  6.79e+04  1.20e+03 -1.00e+05
2016 04 03  1910   57481  69000   4.88e+00  1.59e-01  1.28e-01  8.40e-02  7.41e-02  3.20e-02  6.73e+04  1.20e+03 -1.00e+05
2016 04 03  1915   57481  69300   9.06e+00  2.22e-01  1.01e-01  5.40e-02  4.42e-02  2.24e-02  6.71e+04  1.21e+03 -1.00e+05
2016 04 03  1920   57481  69600   8.64e+00  4.72e-01  2.57e-01  9.01e-02  8.02e-02  5.84e-02  6.84e+04  1.27e+03 -1.00e+05
2016 04 03  1925   57481  69900   5.02e+00  1.29e-01  9.80e-02  5.40e-02  4.42e-02  2.24e-02  6.83e+04  1.25e+03 -1.00e+05
2016 04 03  1930   57481  70200   4.95e+00  1.50e-01  1.19e-01  7.45e-02  4.88e-02  2.24e-02  7.01e+04  1.27e+03 -1.00e+05
2016 04 03  1935   57481  70500   4.76e+00  1.43e-01  1.12e-01  6.82e-02  5.83e-02  3.65e-02  6.84e+04  1.22e+03 -1.00e+05
2016 04 03  1940   57481  70800   8.49e+00  2.71e-01  1.00e-01  5.40e-02  4.42e-02  2.24e-02  6.78e+04  1.17e+03 -1.00e+05
2016 04 03  1945   57481  71100   4.83e+00  2.44e-01  2.13e-01  1.28e-01  1.18e-01  4.61e-02  6.73e+04  1.12e+03 -1.00e+05
2016 04 03  1950   57481  71400   4.49e+00  1.46e-01  1.15e-01  7.06e-02  6.07e-02  3.90e-02  6.73e+04  1.14e+03 -1.00e+05
2016 04 03  1955   57481  71700   7.04e+00  2.66e-01  1.46e-01  8.55e-02  7.56e-02  5.38e-02  6.90e+04  1.19e+03 -1.00e+05
2016 04 03  2000   57481  72000   4.60e+00  1.30e-01  9.88e-02  5.48e-02  4.43e-02  2.24e-02  6.77e+04  1.18e+03 -1.00e+05
2016 04 03  2005   57481  72300   4.18e+00  2.28e-01  1.97e-01  1.53e-01  1.43e-01  5.42e-02  6.72e+04  1.11e+03 -1.00e+05
2016 04 03  2010   57481  72600   8.30e+00  4.84e-01  2.49e-01  1.04e-01  9.37e-02  4.12e-02  6.78e+04  1.11e+03 -1.00e+05
2016 04 03  2015   57481  72900   7.67e+00  3.08e-01  1.63e-01  1.16e-01  9.60e-02  7.12e-02  7.12e+04  1.22e+03 -1.00e+05
2016 04 03  2020   57481  73200   4.47e+00  2.21e-01  1.90e-01  8.56e-02  5.99e-02  2.60e-02  7.07e+04  1.19e+03 -1.00e+05
2016 04 03  2025   57481  73500   4.53e+00  2.46e-01  2.15e-01  9.69e-02  7.42e-02  4.04e-02  7.13e+04  1.21e+03 -1.00e+05
2016 04 03  2030   57481  73800   4.80e+00  1.97e-01  1.66e-01  1.22e-01  1.12e-01  4.41e-02  7.52e+04  1.32e+03 -1.00e+05
2016 04 03  2035   57481  74100   4.62e+00  1.36e-01  1.05e-01  6.07e-02  5.08e-02  2.91e-02  7.21e+04  1.30e+03 -1.00e+05
2016 04 03  2040   57481  74400   9.96e+00  3.47e-01  1.36e-01  8.95e-02  7.96e-02  5.34e-02  7.53e+04  1.40e+03 -1.00e+05
2016 04 03  2045   57481  74700   4.74e+00  2.08e-01  1.77e-01  5.48e-02  4.43e-02  2.24e-02  7.31e+04  1.32e+03 -1.00e+05
2016 04 03  2050   57481  75000   6.88e+00  2.45e-01  1.22e-01  6.14e-02  4.58e-02  2.24e-02  7.28e+04  1.35e+03 -1.00e+05
2016 04 03  2055   57481  75300   4.55e+00  1.55e-01  1.25e-01  8.05e-02  7.07e-02  4.89e-02  7.40e+04  1.34e+03 -1.00e+05
2016 04 03  2100   57481  75600   5.64e+00  2.08e-01  1.34e-01  8.10e-02  5.02e-02  2.24e-02  7.09e+04  1.29e+03 -1.00e+05
2016 04 03  2105   57481  75900   4.64e+00  1.51e-01  1.20e-01  7.56e-02  6.57e-02  4.39e-02  7.13e+04  1.34e+03 -1.00e+05
2016 04 03  2110   57481  76200   6.27e+00  2.58e-01  1.84e-01  5.40e-02  4.42e-02  2.24e-02  6.83e+04  1.32e+03 -1.00e+05
2016 04 03  2115   57481  76500   5.38e+00  2.21e-01  1.90e-01  1.00e-01  9.05e-02  6.87e-02  7.23e+04  1.50e+03 -1.00e+05
2016 04 03  2120   57481  76800   6.56e+00  4.62e-01  4.31e-01  1.44e-01  9.49e-02  6.62e-02  7.72e+04  1.75e+03 -1.00e+05
2016 04 03  2125   57481  77100   8.82e+00  1.70e-01  1.39e-01  5.82e-02  4.84e-02  2.66e-02  7.98e+04  1.87e+03 -1.00e+05
2016 04 03  2130   57481  77400   1.26e+01  2.91e-01  2.60e-01  2.14e-01  1.46e-01  6.57e-02  6.36e+04  1.34e+03 -1.00e+05
2016 04 03  2135   57481  77700   1.77e+01  2.79e-01  2.48e-01  7.23e-02  6.24e-02  3.11e-02  6.08e+04  1.34e+03 -1.00e+05
2016 04 03  2140   57481  78000   1.98e+01  1.30e-01  9.88e-02  5.48e-02  4.43e-02  2.24e-02  6.09e+04  1.37e+03 -1.00e+05
2016 04 03  2145   57481  78300   2.14e+01  3.83e-01  3.52e-01  1.01e-01  5.10e-02  2.24e-02  5.86e+04  1.41e+03 -1.00e+05
2016 04 03  2150   57481  78600   3.29e+01  2.43e-01  1.21e-01  6.07e-02  5.08e-02  2.91e-02  6.23e+04  1.60e+03 -1.00e+05
2016 04 03  2155   57481  78900   2.13e+01  2.55e-01  2.24e-01  1.01e-01  5.47e-02  2.24e-02  6.68e+04  1.88e+03 -1.00e+05
2016 04 03  2200   57481  79200   3.17e+01  2.84e-01  1.61e-01  5.40e-02  4.42e-02  2.24e-02  6.77e+04  2.00e+03 -1.00e+05
2016 04 03  2205   57481  79500   3.78e+01  5.27e-01  2.82e-01  1.22e-01  1.03e-01  4.50e-02  7.21e+04  2.24e+03 -1.00e+05
2016 04 03  2210   57481  79800   2.13e+01  1.29e-01  9.80e-02  5.40e-02  4.42e-02  2.24e-02  7.48e+04  2.52e+03 -1.00e+05
2016 04 03  2215   57481  80100   2.28e+01  1.43e-01  1.12e-01  6.82e-02  5.83e-02  3.65e-02  7.50e+04  2.51e+03 -1.00e+05
2016 04 03  2220   57481  80400   2.17e+01  1.29e-01  9.80e-02  5.40e-02  4.42e-02  2.24e-02  7.48e+04  2.53e+03 -1.00e+05
2016 04 03  2225   57481  80700   2.29e+01  2.60e-01  2.29e-01  9.24e-02  5.80e-02  2.91e-02  7.50e+04  2.64e+03 -1.00e+05
2016 04 03  2230   57481  81000   3.59e+01  3.70e-01  2.09e-01  6.79e-02  4.73e-02  2.24e-02  7.77e+04  2.81e+03 -1.00e+05
2016 04 03  2235   57481  81300   2.03e+01  1.29e-01  9.80e-02  5.40e-02  4.42e-02  2.24e-02  7.59e+04  2.82e+03 -1.00e+05
2016 04 03  2240   57481  81600   2.06e+01  1.60e-01  1.29e-01  8.55e-02  7.56e-02  5.38e-02  7.99e+04  2.98e+03 -1.00e+05
2016 04 03  2245   57481  81900   2.90e+01  2.88e-01  1.67e-01  1.19e-01  7.51e-02  4.64e-02  7.86e+04  2.81e+03 -1.00e+05
2016 04 03  2250   57481  82200   1.77e+01  1.62e-01  1.32e-01  8.75e-02  7.77e-02  5.59e-02  8.16e+04  3.28e+03 -1.00e+05
2016 04 03  2255   57481  82500   1.78e+01  1.66e-01  1.35e-01  5.40e-02  4.42e-02  2.24e-02  8.26e+04  2.97e+03 -1.00e+05
2016 04 03  2300   57481  82800   1.56e+01  1.41e-01  1.10e-01  6.57e-02  5.58e-02  3.40e-02  7.62e+04  2.87e+03 -1.00e+05
2016 04 03  2305   57481  83100   1.70e+01  2.73e-01  2.42e-01  1.05e-01  9.54e-02  7.37e-02  8.26e+04  3.12e+03 -1.00e+05
2016 04 03  2310   57481  83400   1.66e+01  1.56e-01  1.24e-01  7.41e-02  5.12e-02  2.55e-02  8.05e+04  3.20e+03 -1.00e+05
2016 04 03  2315   57481  83700   2.87e+01  2.96e-01  1.37e-01  6.50e-02  5.49e-02  3.29e-02  8.44e+04  3.45e+03 -1.00e+05
2016 04 03  2320   57481  84000   1.46e+01  1.69e-01  1.37e-01  8.78e-02  6.20e-02  3.54e-02  7.96e+04  2.85e+03 -1.00e+05
2016 04 03  2325   57481  84300   1.67e+01  1.36e-01  1.04e-01  5.46e-02  4.46e-02  2.25e-02  7.96e+04  3.06e+03 -1.00e+05
2016 04 03  2330   57481  84600   1.72e+01  3.62e-01  3.30e-01  1.37e-01  9.03e-02  5.77e-02  7.99e+04  2.91e+03 -1.00e+05
2016 04 03  2335   57481  84900   2.11e+01  2.08e-01  1.49e-01  9.47e-02  8.47e-02  6.26e-02  7.55e+04  2.80e+03 -1.00e+05
2016 04 03  2340   57481  85200   2.90e+01  2.52e-01  1.07e-01  5.46e-02  4.46e-02  2.25e-02  7.37e+04  2.63e+03 -1.00e+05
2016 04 03  2345   57481  85500   1.83e+01  2.09e-01  1.77e-01  9.16e-02  5.29e-02  2.25e-02  7.16e+04  2.51e+03 -1.00e+05
2016 04 03  2350   57481  85800   2.88e+01  2.96e-01  1.37e-01  6.50e-02  5.49e-02  3.29e-02  7.07e+04  2.38e+03 -1.00e+05
2016 04 03  2355   57481  86100   1.73e+01  1.47e-01  1.15e-01  6.54e-02  4.70e-02  2.25e-02  6.79e+04  2.27e+03 -1.00e+05
