:Data_list: 20160501_Gs_part_5m.txt
:Created: 2016 May 02 0011 UTC
# Prepared by the U.S. Dept. of Commerce, NOAA, Space Weather Prediction Center
# Please send comments and suggestions to SWPC.Webmaster@noaa.gov 
# 
# Label: P > 1 = Particles at >1 Mev
# Label: P > 5 = Particles at >5 Mev
# Label: P >10 = Particles at >10 Mev
# Label: P >30 = Particles at >30 Mev
# Label: P >50 = Particles at >50 Mev
# Label: P>100 = Particles at >100 Mev
# Label: E>0.8 = Electrons at >0.8 Mev
# Label: E>2.0 = Electrons at >2.0 Mev
# Label: E>4.0 = Electrons at >4.0 Mev
# Units: Particles = Protons/cm2-s-sr
# Units: Electrons = Electrons/cm2-s-sr
# Source: GOES-15
# Location: W135
# Missing data: -1.00e+05
#
#                      5-minute  GOES-15 Solar Particle and Electron Flux
#
#                 Modified Seconds
# UTC Date  Time   Julian  of the
# YR MO DA  HHMM    Day     Day     P > 1     P > 5     P >10     P >30     P >50     P>100     E>0.8     E>2.0     E>4.0
#-------------------------------------------------------------------------------------------------------------------------
2016 05 01  0000   57509      0   1.23e+01  3.28e-01  1.57e-01  1.02e-01  5.08e-02  2.23e-02  7.04e+03  8.73e+01 -1.00e+05
2016 05 01  0005   57509    300   9.35e+00  3.15e-01  1.58e-01  8.56e-02  7.60e-02  5.44e-02  6.60e+03  8.12e+01 -1.00e+05
2016 05 01  0010   57509    600   7.11e+00  2.55e-01  1.42e-01  5.34e-02  4.39e-02  2.23e-02  5.58e+03  7.10e+01 -1.00e+05
2016 05 01  0015   57509    900   5.08e+00  1.37e-01  1.05e-01  5.53e-02  4.57e-02  2.41e-02  5.40e+03  5.66e+01 -1.00e+05
2016 05 01  0020   57509   1200   5.65e+00  1.75e-01  1.43e-01  9.24e-02  5.08e-02  2.23e-02  5.38e+03  5.83e+01 -1.00e+05
2016 05 01  0025   57509   1500   7.01e+00  2.13e-01  1.81e-01  1.32e-01  1.22e-01  5.88e-02  5.96e+03  6.33e+01 -1.00e+05
2016 05 01  0030   57509   1800   7.45e+00  1.35e-01  1.03e-01  5.34e-02  4.39e-02  2.23e-02  5.97e+03  6.46e+01 -1.00e+05
2016 05 01  0035   57509   2100   7.58e+00  1.35e-01  1.03e-01  5.34e-02  4.39e-02  2.23e-02  6.38e+03  7.14e+01 -1.00e+05
2016 05 01  0040   57509   2400   9.08e+00  2.32e-01  1.77e-01  1.21e-01  6.75e-02  2.77e-02  6.67e+03  7.14e+01 -1.00e+05
2016 05 01  0045   57509   2700   7.36e+00  1.62e-01  1.30e-01  7.95e-02  4.98e-02  2.23e-02  6.88e+03  7.22e+01 -1.00e+05
2016 05 01  0050   57509   3000   7.84e+00  1.87e-01  1.55e-01  1.04e-01  6.06e-02  2.91e-02  6.98e+03  7.32e+01 -1.00e+05
2016 05 01  0055   57509   3300   7.42e+00  1.35e-01  1.03e-01  5.34e-02  4.39e-02  2.23e-02  6.83e+03  7.07e+01 -1.00e+05
2016 05 01  0100   57509   3600   7.77e+00  2.51e-01  2.19e-01  1.68e-01  1.23e-01  4.44e-02  6.87e+03  6.85e+01 -1.00e+05
2016 05 01  0105   57509   3900   1.14e+01  2.31e-01  1.11e-01  5.78e-02  4.82e-02  2.66e-02  7.06e+03  7.26e+01 -1.00e+05
2016 05 01  0110   57509   4200   9.43e+00  3.55e-01  2.64e-01  2.03e-01  1.70e-01  8.37e-02  6.76e+03  6.21e+01 -1.00e+05
2016 05 01  0115   57509   4500   5.81e+00  1.59e-01  1.27e-01  5.34e-02  4.39e-02  2.23e-02  6.74e+03  6.28e+01 -1.00e+05
2016 05 01  0120   57509   4800   5.71e+00  1.67e-01  1.35e-01  5.53e-02  4.57e-02  2.41e-02  6.44e+03  5.85e+01 -1.00e+05
2016 05 01  0125   57509   5100   9.12e+00  2.81e-01  1.44e-01  5.34e-02  4.39e-02  2.23e-02  6.39e+03  5.90e+01 -1.00e+05
2016 05 01  0130   57509   5400   9.24e+00  2.33e-01  1.13e-01  5.99e-02  4.53e-02  2.23e-02  6.37e+03  5.82e+01 -1.00e+05
2016 05 01  0135   57509   5700   5.54e+00  1.59e-01  1.27e-01  5.34e-02  4.39e-02  2.23e-02  6.26e+03  5.41e+01 -1.00e+05
2016 05 01  0140   57509   6000   6.96e+00  2.21e-01  1.57e-01  5.99e-02  4.53e-02  2.23e-02  6.09e+03  4.56e+01 -1.00e+05
2016 05 01  0145   57509   6300   5.23e+00  1.35e-01  1.03e-01  5.34e-02  4.39e-02  2.23e-02  5.82e+03  4.86e+01 -1.00e+05
2016 05 01  0150   57509   6600   3.65e+00  2.02e-01  1.70e-01  6.02e-02  5.07e-02  2.91e-02  5.70e+03  4.36e+01 -1.00e+05
2016 05 01  0155   57509   6900   3.93e+00  1.92e-01  1.60e-01  7.95e-02  4.98e-02  2.23e-02  5.31e+03  4.14e+01 -1.00e+05
2016 05 01  0200   57509   7200   3.44e+00  1.56e-01  1.24e-01  7.51e-02  6.55e-02  4.39e-02  5.15e+03  3.58e+01 -1.00e+05
2016 05 01  0205   57509   7500   3.77e+00  1.66e-01  1.34e-01  8.48e-02  7.52e-02  3.23e-02  4.87e+03  3.23e+01 -1.00e+05
2016 05 01  0210   57509   7800   3.73e+00  1.35e-01  1.03e-01  5.34e-02  4.39e-02  2.23e-02  4.87e+03  3.26e+01 -1.00e+05
2016 05 01  0215   57509   8100   3.65e+00  1.35e-01  1.03e-01  5.34e-02  4.39e-02  2.23e-02  4.76e+03  3.25e+01 -1.00e+05
2016 05 01  0220   57509   8400   5.87e+00  2.48e-01  1.28e-01  7.51e-02  6.55e-02  4.39e-02  4.52e+03  2.66e+01 -1.00e+05
2016 05 01  0225   57509   8700   3.89e+00  2.18e-01  1.86e-01  1.36e-01  9.45e-02  6.37e-02  4.56e+03  2.31e+01 -1.00e+05
2016 05 01  0230   57509   9000   3.85e+00  1.72e-01  1.40e-01  9.11e-02  8.15e-02  3.43e-02  4.65e+03  2.72e+01 -1.00e+05
2016 05 01  0235   57509   9300   3.82e+00  1.39e-01  1.07e-01  5.78e-02  4.82e-02  2.66e-02  4.24e+03  2.44e+01 -1.00e+05
2016 05 01  0240   57509   9600   4.04e+00  1.65e-01  1.34e-01  5.34e-02  4.39e-02  2.23e-02  4.04e+03  2.55e+01 -1.00e+05
2016 05 01  0245   57509   9900   3.47e+00  2.43e-01  2.12e-01  5.34e-02  4.39e-02  2.23e-02  3.87e+03  2.51e+01 -1.00e+05
2016 05 01  0250   57509  10200   5.38e+00  3.10e-01  1.64e-01  1.09e-01  5.76e-02  2.91e-02  3.89e+03  2.07e+01 -1.00e+05
2016 05 01  0255   57509  10500   6.02e+00  3.82e-01  1.66e-01  1.13e-01  9.33e-02  6.87e-02  3.74e+03  2.00e+01 -1.00e+05
2016 05 01  0300   57509  10800   2.86e+00  1.62e-01  1.30e-01  7.95e-02  4.98e-02  2.23e-02  3.59e+03  2.04e+01 -1.00e+05
2016 05 01  0305   57509  11100   2.60e+00  1.37e-01  1.05e-01  5.53e-02  4.57e-02  2.41e-02  3.68e+03  1.93e+01 -1.00e+05
2016 05 01  0310   57509  11400   2.88e+00  2.57e-01  2.25e-01  6.64e-02  4.68e-02  2.23e-02  3.54e+03  2.09e+01 -1.00e+05
2016 05 01  0315   57509  11700   3.11e+00  2.57e-01  1.44e-01  7.95e-02  4.98e-02  2.23e-02  3.69e+03  1.93e+01 -1.00e+05
2016 05 01  0320   57509  12000   2.13e+00  1.65e-01  1.34e-01  5.34e-02  4.39e-02  2.23e-02  3.48e+03  1.86e+01 -1.00e+05
2016 05 01  0325   57509  12300   2.42e+00  2.66e-01  1.56e-01  9.24e-02  8.29e-02  6.13e-02  3.19e+03  1.48e+01 -1.00e+05
2016 05 01  0330   57509  12600   1.90e+00  1.93e-01  1.61e-01  1.11e-01  8.59e-02  3.43e-02  3.42e+03  1.51e+01 -1.00e+05
2016 05 01  0335   57509  12900   2.11e+00  1.61e-01  1.29e-01  8.00e-02  7.05e-02  4.89e-02  3.12e+03  1.51e+01 -1.00e+05
2016 05 01  0340   57509  13200   2.45e+00  2.02e-01  1.40e-01  8.50e-02  7.55e-02  5.38e-02  3.06e+03  1.48e+01 -1.00e+05
2016 05 01  0345   57509  13500   2.33e+00  1.73e-01  1.09e-01  5.34e-02  4.39e-02  2.23e-02  3.03e+03  1.21e+01 -1.00e+05
2016 05 01  0350   57509  13800   1.92e+00  1.35e-01  1.03e-01  5.34e-02  4.39e-02  2.23e-02  3.05e+03  1.50e+01 -1.00e+05
2016 05 01  0355   57509  14100   3.16e+00  2.81e-01  1.44e-01  5.34e-02  4.39e-02  2.23e-02  2.91e+03  1.75e+01 -1.00e+05
2016 05 01  0400   57509  14400   2.05e+00  1.59e-01  1.27e-01  7.73e-02  6.78e-02  4.62e-02  2.72e+03  1.33e+01 -1.00e+05
2016 05 01  0405   57509  14700   2.04e+00  1.74e-01  1.42e-01  9.21e-02  6.23e-02  2.63e-02  2.61e+03  1.02e+01 -1.00e+05
2016 05 01  0410   57509  15000   1.63e+00  1.49e-01  1.17e-01  6.77e-02  5.81e-02  3.65e-02  2.54e+03  1.48e+01 -1.00e+05
2016 05 01  0415   57509  15300   1.57e+00  1.41e-01  1.09e-01  5.97e-02  5.02e-02  2.43e-02  2.49e+03  1.32e+01 -1.00e+05
2016 05 01  0420   57509  15600   1.64e+00  2.39e-01  2.08e-01  5.97e-02  5.02e-02  2.43e-02  2.49e+03  1.17e+01 -1.00e+05
2016 05 01  0425   57509  15900   1.53e+00  1.35e-01  1.03e-01  5.34e-02  4.39e-02  2.23e-02  2.74e+03  1.45e+01 -1.00e+05
2016 05 01  0430   57509  16200   1.37e+00  2.46e-01  2.14e-01  1.65e-01  1.54e-01  6.89e-02  2.68e+03  7.77e+00 -1.00e+05
2016 05 01  0435   57509  16500   1.56e+00  1.82e-01  1.51e-01  7.76e-02  6.80e-02  4.64e-02  2.44e+03  7.64e+00 -1.00e+05
2016 05 01  0440   57509  16800   1.13e+00  2.49e-01  2.17e-01  1.29e-01  1.19e-01  4.64e-02  2.25e+03  6.98e+00 -1.00e+05
2016 05 01  0445   57509  17100   2.54e+00  5.24e-01  2.94e-01  1.74e-01  1.34e-01  4.84e-02  2.44e+03  5.63e+00 -1.00e+05
2016 05 01  0450   57509  17400   8.44e-01  1.35e-01  1.03e-01  5.34e-02  4.39e-02  2.23e-02  2.24e+03  9.29e+00 -1.00e+05
2016 05 01  0455   57509  17700   9.01e-01  1.35e-01  1.03e-01  5.34e-02  4.39e-02  2.23e-02  2.18e+03  7.56e+00 -1.00e+05
2016 05 01  0500   57509  18000   1.19e+00  2.89e-01  1.69e-01  1.16e-01  1.07e-01  4.24e-02  2.18e+03  7.45e+00 -1.00e+05
2016 05 01  0505   57509  18300   7.53e-01  1.73e-01  1.41e-01  9.13e-02  8.18e-02  2.26e-02  2.08e+03  8.81e+00 -1.00e+05
2016 05 01  0510   57509  18600   8.40e-01  1.35e-01  1.03e-01  5.34e-02  4.39e-02  2.23e-02  2.09e+03  9.93e+00 -1.00e+05
2016 05 01  0515   57509  18900   9.37e-01  2.30e-01  1.17e-01  5.34e-02  4.39e-02  2.23e-02  2.02e+03  9.18e+00 -1.00e+05
2016 05 01  0520   57509  19200   6.52e-01  1.97e-01  1.66e-01  1.16e-01  1.07e-01  4.24e-02  1.95e+03  6.83e+00 -1.00e+05
2016 05 01  0525   57509  19500   4.85e-01  1.35e-01  1.03e-01  5.34e-02  4.39e-02  2.23e-02  1.44e+03  8.21e+00 -1.00e+05
2016 05 01  0530   57509  19800   6.23e-01  2.37e-01  1.93e-01  1.42e-01  1.32e-01  5.18e-02  1.08e+03  4.34e+00 -1.00e+05
2016 05 01  0535   57509  20100   4.76e-01  1.79e-01  1.47e-01  5.34e-02  4.39e-02  2.23e-02  1.14e+03  3.78e+00 -1.00e+05
2016 05 01  0540   57509  20400   6.47e-01  2.27e-01  1.06e-01  5.34e-02  4.39e-02  2.23e-02  1.27e+03  7.26e+00 -1.00e+05
2016 05 01  0545   57509  20700   5.32e-01  1.49e-01  1.17e-01  6.77e-02  5.81e-02  3.65e-02  1.32e+03  7.46e+00 -1.00e+05
2016 05 01  0550   57509  21000   7.70e-01  1.47e-01  1.15e-01  6.60e-02  5.64e-02  2.63e-02  1.59e+03  1.41e+01 -1.00e+05
2016 05 01  0555   57509  21300   7.33e-01  1.41e-01  1.09e-01  5.99e-02  4.53e-02  2.23e-02  1.56e+03  9.89e+00 -1.00e+05
2016 05 01  0600   57509  21600   1.07e+00  2.99e-01  2.67e-01  2.14e-01  1.18e-01  3.84e-02  1.51e+03  7.93e+00 -1.00e+05
2016 05 01  0605   57509  21900   1.28e+00  1.35e-01  1.03e-01  5.34e-02  4.39e-02  2.23e-02  2.00e+03  1.59e+01 -1.00e+05
2016 05 01  0610   57509  22200   1.04e+00  1.47e-01  1.15e-01  6.60e-02  5.64e-02  2.63e-02  2.40e+03  1.39e+01 -1.00e+05
2016 05 01  0615   57509  22500   1.08e+00  2.08e-01  1.76e-01  9.03e-02  8.00e-02  5.82e-02  2.44e+03  1.22e+01 -1.00e+05
2016 05 01  0620   57509  22800   1.27e+00  1.44e-01  1.12e-01  6.27e-02  5.32e-02  3.15e-02  2.47e+03  1.51e+01 -1.00e+05
2016 05 01  0625   57509  23100   2.18e+00  2.47e-01  1.27e-01  7.30e-02  4.83e-02  2.23e-02  2.61e+03  1.66e+01 -1.00e+05
2016 05 01  0630   57509  23400   1.08e+00  1.73e-01  1.41e-01  9.06e-02  5.08e-02  2.23e-02  2.58e+03  1.07e+01 -1.00e+05
2016 05 01  0635   57509  23700   1.76e+00  5.77e-01  2.52e-01  7.85e-02  6.90e-02  3.03e-02  2.69e+03  1.85e+01 -1.00e+05
2016 05 01  0640   57509  24000   1.35e+00  2.40e-01  1.20e-01  6.65e-02  4.68e-02  2.23e-02  2.70e+03  1.67e+01 -1.00e+05
2016 05 01  0645   57509  24300   1.16e+00  2.27e-01  1.06e-01  5.34e-02  4.39e-02  2.23e-02  2.55e+03  1.38e+01 -1.00e+05
2016 05 01  0650   57509  24600   1.02e+00  3.35e-01  2.24e-01  8.86e-02  6.86e-02  4.39e-02  2.77e+03  1.13e+01 -1.00e+05
2016 05 01  0655   57509  24900   8.50e-01  2.54e-01  1.33e-01  7.95e-02  4.98e-02  2.23e-02  2.18e+03  7.13e+00 -1.00e+05
2016 05 01  0700   57509  25200   6.76e-01  1.91e-01  1.59e-01  1.10e-01  1.00e-01  4.04e-02  2.01e+03  8.77e+00 -1.00e+05
2016 05 01  0705   57509  25500   5.66e-01  1.72e-01  1.40e-01  5.99e-02  4.53e-02  2.23e-02  1.98e+03  6.92e+00 -1.00e+05
2016 05 01  0710   57509  25800   1.09e+00  3.23e-01  1.06e-01  5.34e-02  4.39e-02  2.23e-02  1.75e+03  1.06e+01 -1.00e+05
2016 05 01  0715   57509  26100   4.01e-01  1.65e-01  1.34e-01  5.34e-02  4.39e-02  2.23e-02  1.70e+03  7.30e+00 -1.00e+05
2016 05 01  0720   57509  26400   5.39e-01  1.79e-01  1.15e-01  6.02e-02  5.07e-02  2.91e-02  1.31e+03  9.83e+00 -1.00e+05
2016 05 01  0725   57509  26700   6.16e-01  2.87e-01  1.87e-01  9.42e-02  8.46e-02  2.26e-02  1.11e+03  3.50e+00 -1.00e+05
2016 05 01  0730   57509  27000   3.54e-01  1.35e-01  1.03e-01  5.34e-02  4.39e-02  2.23e-02  1.11e+03  6.47e+00 -1.00e+05
2016 05 01  0735   57509  27300   4.99e-01  1.66e-01  1.34e-01  8.48e-02  7.52e-02  3.23e-02  1.28e+03  7.38e+00 -1.00e+05
2016 05 01  0740   57509  27600   7.57e-01  1.73e-01  1.09e-01  5.34e-02  4.39e-02  2.23e-02  1.35e+03  9.95e+00 -1.00e+05
2016 05 01  0745   57509  27900   7.40e-01  1.98e-01  1.66e-01  1.01e-01  8.07e-02  5.54e-02  1.60e+03  2.97e+00 -1.00e+05
2016 05 01  0750   57509  28200   6.31e-01  1.85e-01  1.53e-01  1.04e-01  9.40e-02  3.84e-02  1.83e+03  9.24e+00 -1.00e+05
2016 05 01  0755   57509  28500   8.28e-01  3.19e-01  2.51e-01  1.93e-01  1.24e-01  4.04e-02  1.74e+03  7.84e+00 -1.00e+05
2016 05 01  0800   57509  28800   1.28e+00  4.01e-01  1.94e-01  1.41e-01  1.32e-01  5.05e-02  1.78e+03  9.28e+00 -1.00e+05
2016 05 01  0805   57509  29100   8.13e-01  2.89e-01  2.57e-01  1.10e-01  9.65e-02  7.36e-02  1.88e+03  8.89e+00 -1.00e+05
2016 05 01  0810   57509  29400   7.03e-01  1.39e-01  1.07e-01  5.78e-02  4.82e-02  2.66e-02  1.84e+03  9.55e+00 -1.00e+05
2016 05 01  0815   57509  29700   5.47e-01  1.35e-01  1.03e-01  5.34e-02  4.39e-02  2.23e-02  1.98e+03  1.22e+01 -1.00e+05
2016 05 01  0820   57509  30000   7.90e-01  1.51e-01  1.20e-01  7.01e-02  6.06e-02  3.90e-02  2.06e+03  1.15e+01 -1.00e+05
2016 05 01  0825   57509  30300   7.48e-01  1.50e-01  1.18e-01  6.84e-02  5.64e-02  3.40e-02  2.20e+03  8.10e+00 -1.00e+05
2016 05 01  0830   57509  30600   7.39e-01  1.54e-01  1.22e-01  7.22e-02  6.27e-02  2.83e-02  2.14e+03  1.01e+01 -1.00e+05
2016 05 01  0835   57509  30900   8.34e-01  1.77e-01  1.45e-01  9.61e-02  8.51e-02  4.67e-02  2.09e+03  7.09e+00 -1.00e+05
2016 05 01  0840   57509  31200   2.07e+00  4.69e-01  1.70e-01  7.95e-02  4.98e-02  2.23e-02  2.16e+03  9.62e+00 -1.00e+05
2016 05 01  0845   57509  31500   1.28e+00  5.20e-01  2.42e-01  6.64e-02  4.68e-02  2.23e-02  2.20e+03  9.80e+00 -1.00e+05
2016 05 01  0850   57509  31800   1.46e+00  2.81e-01  1.35e-01  8.09e-02  5.15e-02  2.41e-02  2.10e+03  1.01e+01 -1.00e+05
2016 05 01  0855   57509  32100   8.99e-01  3.13e-01  2.81e-01  1.12e-01  8.55e-02  5.88e-02  2.15e+03  6.64e+00 -1.00e+05
2016 05 01  0900   57509  32400   8.51e-01  1.85e-01  1.22e-01  6.66e-02  5.40e-02  3.15e-02  2.35e+03  1.13e+01 -1.00e+05
2016 05 01  0905   57509  32700   8.44e-01  1.54e-01  1.22e-01  7.26e-02  6.31e-02  4.15e-02  2.53e+03  1.32e+01 -1.00e+05
2016 05 01  0910   57509  33000   1.55e+00  2.90e-01  1.64e-01  9.73e-02  8.78e-02  3.64e-02  2.67e+03  1.03e+01 -1.00e+05
2016 05 01  0915   57509  33300   9.59e-01  1.86e-01  1.54e-01  1.04e-01  9.49e-02  4.16e-02  2.35e+03  1.23e+01 -1.00e+05
2016 05 01  0920   57509  33600   8.66e-01  1.73e-01  1.41e-01  9.06e-02  5.08e-02  2.23e-02  2.75e+03  1.10e+01 -1.00e+05
2016 05 01  0925   57509  33900   1.58e+00  4.14e-01  1.91e-01  9.92e-02  5.42e-02  2.23e-02  2.71e+03  1.26e+01 -1.00e+05
2016 05 01  0930   57509  34200   1.51e+00  2.27e-01  1.06e-01  5.34e-02  4.39e-02  2.23e-02  2.58e+03  1.33e+01 -1.00e+05
2016 05 01  0935   57509  34500   7.17e-01  1.58e-01  1.26e-01  6.60e-02  5.64e-02  2.63e-02  2.70e+03  1.24e+01 -1.00e+05
2016 05 01  0940   57509  34800   1.08e+00  2.27e-01  1.64e-01  1.08e-01  7.30e-02  4.39e-02  2.80e+03  1.21e+01 -1.00e+05
2016 05 01  0945   57509  35100   8.59e-01  2.08e-01  1.76e-01  1.10e-01  1.00e-01  4.04e-02  2.70e+03  1.02e+01 -1.00e+05
2016 05 01  0950   57509  35400   9.24e-01  1.48e-01  1.16e-01  6.64e-02  4.68e-02  2.23e-02  2.73e+03  1.21e+01 -1.00e+05
2016 05 01  0955   57509  35700   7.84e-01  2.26e-01  1.94e-01  1.19e-01  1.10e-01  5.48e-02  2.77e+03  1.01e+01 -1.00e+05
2016 05 01  1000   57509  36000   7.55e-01  1.35e-01  1.03e-01  5.34e-02  4.39e-02  2.23e-02  2.73e+03  1.02e+01 -1.00e+05
2016 05 01  1005   57509  36300   8.14e-01  2.02e-01  1.45e-01  9.08e-02  8.12e-02  5.57e-02  2.69e+03  9.31e+00 -1.00e+05
2016 05 01  1010   57509  36600   9.98e-01  2.18e-01  1.55e-01  7.55e-02  6.56e-02  4.39e-02  2.65e+03  1.40e+01 -1.00e+05
2016 05 01  1015   57509  36900   8.66e-01  2.02e-01  1.39e-01  8.27e-02  5.38e-02  2.66e-02  2.72e+03  7.65e+00 -1.00e+05
2016 05 01  1020   57509  37200   7.35e-01  1.44e-01  1.12e-01  6.27e-02  5.32e-02  3.15e-02  2.56e+03  1.15e+01 -1.00e+05
2016 05 01  1025   57509  37500   1.03e+00  2.30e-01  1.17e-01  5.34e-02  4.39e-02  2.23e-02  2.77e+03  1.39e+01 -1.00e+05
2016 05 01  1030   57509  37800   1.09e+00  2.96e-01  1.62e-01  7.76e-02  6.80e-02  4.64e-02  2.69e+03  8.28e+00 -1.00e+05
2016 05 01  1035   57509  38100   1.09e+00  2.60e-01  1.13e-01  5.99e-02  4.53e-02  2.23e-02  2.47e+03  7.04e+00 -1.00e+05
2016 05 01  1040   57509  38400   9.57e-01  2.74e-01  1.54e-01  9.92e-02  5.42e-02  2.23e-02  2.56e+03  9.23e+00 -1.00e+05
2016 05 01  1045   57509  38700   7.77e-01  1.73e-01  1.09e-01  5.34e-02  4.39e-02  2.23e-02  2.48e+03  9.42e+00 -1.00e+05
2016 05 01  1050   57509  39000   7.82e-01  2.66e-01  1.56e-01  9.24e-02  8.29e-02  6.13e-02  2.35e+03  6.68e+00 -1.00e+05
2016 05 01  1055   57509  39300   8.81e-01  2.16e-01  1.84e-01  1.35e-01  1.25e-01  4.84e-02  2.38e+03  9.37e+00 -1.00e+05
2016 05 01  1100   57509  39600   8.70e-01  1.35e-01  1.03e-01  5.34e-02  4.39e-02  2.23e-02  2.60e+03  7.92e+00 -1.00e+05
2016 05 01  1105   57509  39900   9.20e-01  2.41e-01  2.09e-01  7.30e-02  4.83e-02  2.23e-02  2.78e+03  1.22e+01 -1.00e+05
2016 05 01  1110   57509  40200   7.39e-01  2.06e-01  1.74e-01  9.24e-02  5.08e-02  2.23e-02  2.94e+03  1.21e+01 -1.00e+05
2016 05 01  1115   57509  40500   9.24e-01  1.69e-01  1.37e-01  8.75e-02  7.79e-02  5.63e-02  3.13e+03  1.25e+01 -1.00e+05
2016 05 01  1120   57509  40800   6.96e-01  1.41e-01  1.09e-01  5.99e-02  4.53e-02  2.23e-02  3.29e+03  1.23e+01 -1.00e+05
2016 05 01  1125   57509  41100   5.88e-01  1.35e-01  1.03e-01  5.34e-02  4.39e-02  2.23e-02  3.25e+03  1.41e+01 -1.00e+05
2016 05 01  1130   57509  41400   9.11e-01  2.32e-01  1.44e-01  8.48e-02  7.52e-02  3.23e-02  2.88e+03  1.15e+01 -1.00e+05
2016 05 01  1135   57509  41700   6.20e-01  1.35e-01  1.03e-01  5.34e-02  4.39e-02  2.23e-02  2.96e+03  1.13e+01 -1.00e+05
2016 05 01  1140   57509  42000   1.08e+00  2.50e-01  1.30e-01  7.76e-02  6.80e-02  4.64e-02  3.16e+03  1.03e+01 -1.00e+05
2016 05 01  1145   57509  42300   5.48e-01  1.92e-01  1.60e-01  7.96e-02  4.98e-02  2.23e-02  3.16e+03  1.14e+01 -1.00e+05
2016 05 01  1150   57509  42600   1.64e+00  4.29e-01  1.29e-01  7.61e-02  5.23e-02  2.66e-02  3.17e+03  1.29e+01 -1.00e+05
2016 05 01  1155   57509  42900   7.33e-01  2.18e-01  1.87e-01  6.64e-02  4.68e-02  2.23e-02  3.14e+03  1.25e+01 -1.00e+05
2016 05 01  1200   57509  43200   8.42e-01  2.32e-01  1.19e-01  5.53e-02  4.57e-02  2.41e-02  3.05e+03  1.13e+01 -1.00e+05
2016 05 01  1205   57509  43500   3.95e-01  1.35e-01  1.03e-01  5.34e-02  4.39e-02  2.23e-02  3.08e+03  1.03e+01 -1.00e+05
2016 05 01  1210   57509  43800   8.22e-01  1.93e-01  1.61e-01  1.11e-01  8.11e-02  3.23e-02  3.18e+03  5.93e+00 -1.00e+05
2016 05 01  1215   57509  44100   1.30e+00  2.61e-01  1.48e-01  5.34e-02  4.39e-02  2.23e-02  3.22e+03  1.07e+01 -1.00e+05
2016 05 01  1220   57509  44400   6.07e-01  1.59e-01  1.27e-01  7.74e-02  6.78e-02  4.62e-02  3.24e+03  9.95e+00 -1.00e+05
2016 05 01  1225   57509  44700   1.03e+00  2.46e-01  1.68e-01  1.10e-01  9.07e-02  3.64e-02  3.46e+03  1.05e+01 -1.00e+05
2016 05 01  1230   57509  45000   6.65e-01  1.83e-01  1.51e-01  5.99e-02  4.53e-02  2.23e-02  3.45e+03  1.23e+01 -1.00e+05
2016 05 01  1235   57509  45300   7.21e-01  1.35e-01  1.03e-01  5.34e-02  4.39e-02  2.23e-02  3.50e+03  1.28e+01 -1.00e+05
2016 05 01  1240   57509  45600   1.15e+00  3.11e-01  1.44e-01  5.34e-02  4.39e-02  2.23e-02  3.50e+03  1.55e+01 -1.00e+05
2016 05 01  1245   57509  45900   6.64e-01  1.78e-01  1.46e-01  7.66e-02  6.70e-02  4.54e-02  3.55e+03  1.13e+01 -1.00e+05
2016 05 01  1250   57509  46200   8.43e-01  1.80e-01  1.48e-01  9.70e-02  5.09e-02  2.23e-02  3.62e+03  1.44e+01 -1.00e+05
2016 05 01  1255   57509  46500   7.88e-01  2.84e-01  2.53e-01  2.00e-01  1.17e-01  3.84e-02  3.74e+03  1.35e+01 -1.00e+05
2016 05 01  1300   57509  46800   6.22e-01  1.35e-01  1.03e-01  5.34e-02  4.39e-02  2.23e-02  3.71e+03  1.64e+01 -1.00e+05
2016 05 01  1305   57509  47100   8.06e-01  1.79e-01  1.47e-01  9.56e-02  5.09e-02  2.23e-02  3.83e+03  1.95e+01 -1.00e+05
2016 05 01  1310   57509  47400   6.61e-01  1.35e-01  1.03e-01  5.34e-02  4.39e-02  2.23e-02  3.94e+03  2.64e+01 -1.00e+05
2016 05 01  1315   57509  47700   4.22e-01  1.35e-01  1.03e-01  5.34e-02  4.39e-02  2.23e-02  3.71e+03  2.65e+01 -1.00e+05
2016 05 01  1320   57509  48000   5.94e-01  1.90e-01  1.58e-01  1.08e-01  7.46e-02  4.62e-02  3.23e+03  1.83e+01 -1.00e+05
2016 05 01  1325   57509  48300   5.04e-01  1.61e-01  1.29e-01  8.00e-02  7.05e-02  4.89e-02  3.18e+03  1.98e+01 -1.00e+05
2016 05 01  1330   57509  48600   7.00e-01  3.37e-01  3.05e-01  2.53e-01  1.64e-01  5.05e-02  3.28e+03  2.24e+01 -1.00e+05
2016 05 01  1335   57509  48900   6.04e-01  1.74e-01  1.42e-01  9.24e-02  8.28e-02  6.12e-02  3.10e+03  2.54e+01 -1.00e+05
2016 05 01  1340   57509  49200   6.98e-01  2.52e-01  2.20e-01  6.30e-02  4.94e-02  2.66e-02  3.19e+03  2.97e+01 -1.00e+05
2016 05 01  1345   57509  49500   9.52e-01  2.27e-01  1.06e-01  5.34e-02  4.39e-02  2.23e-02  3.07e+03  2.58e+01 -1.00e+05
2016 05 01  1350   57509  49800   5.29e-01  1.48e-01  1.16e-01  6.64e-02  4.68e-02  2.23e-02  2.63e+03  2.41e+01 -1.00e+05
2016 05 01  1355   57509  50100   6.37e-01  1.59e-01  1.27e-01  5.34e-02  4.39e-02  2.23e-02  2.96e+03  2.94e+01 -1.00e+05
2016 05 01  1400   57509  50400   5.23e-01  1.41e-01  1.09e-01  5.97e-02  5.02e-02  2.43e-02  2.86e+03  2.91e+01 -1.00e+05
2016 05 01  1405   57509  50700   7.42e-01  2.77e-01  2.45e-01  1.93e-01  1.24e-01  4.04e-02  2.95e+03  3.42e+01 -1.00e+05
2016 05 01  1410   57509  51000   7.34e-01  1.65e-01  1.34e-01  5.34e-02  4.39e-02  2.23e-02  2.69e+03  3.29e+01 -1.00e+05
2016 05 01  1415   57509  51300   6.29e-01  1.48e-01  1.16e-01  6.64e-02  4.68e-02  2.23e-02  2.52e+03  2.67e+01 -1.00e+05
2016 05 01  1420   57509  51600   4.78e-01  1.49e-01  1.18e-01  6.78e-02  4.85e-02  2.41e-02  2.39e+03  2.54e+01 -1.00e+05
2016 05 01  1425   57509  51900   9.27e-01  1.35e-01  1.03e-01  5.34e-02  4.39e-02  2.23e-02  2.59e+03  2.78e+01 -1.00e+05
2016 05 01  1430   57509  52200   1.64e+00  2.97e-01  1.70e-01  1.04e-01  8.92e-02  3.64e-02  2.23e+03  2.57e+01 -1.00e+05
2016 05 01  1435   57509  52500   1.85e+00  1.76e-01  1.44e-01  6.02e-02  5.07e-02  2.91e-02  3.33e+03  3.37e+01 -1.00e+05
2016 05 01  1440   57509  52800   2.88e+00  2.48e-01  1.36e-01  7.14e-02  5.32e-02  2.91e-02  4.05e+03  3.57e+01 -1.00e+05
2016 05 01  1445   57509  53100   2.14e+00  1.56e-01  1.24e-01  7.51e-02  6.55e-02  4.39e-02  3.95e+03  3.87e+01 -1.00e+05
2016 05 01  1450   57509  53400   4.06e+00  3.40e-01  3.09e-01  2.57e-01  1.65e-01  5.18e-02  5.00e+03  3.59e+01 -1.00e+05
2016 05 01  1455   57509  53700   3.40e+01  4.49e-01  2.29e-01  8.48e-02  7.52e-02  3.23e-02  5.95e+03  4.82e+01 -1.00e+05
2016 05 01  1500   57509  54000   6.76e+01  2.85e-01  2.21e-01  5.78e-02  4.82e-02  2.66e-02  6.73e+03  4.85e+01 -1.00e+05
2016 05 01  1505   57509  54300   9.82e+01  2.41e-01  1.29e-01  6.52e-02  5.56e-02  3.40e-02  7.47e+03  5.15e+01 -1.00e+05
2016 05 01  1510   57509  54600   3.90e+01  2.38e-01  2.06e-01  1.56e-01  1.11e-01  4.04e-02  8.12e+03  5.47e+01 -1.00e+05
2016 05 01  1515   57509  54900   2.48e+01  3.80e-01  1.57e-01  6.64e-02  4.68e-02  2.23e-02  7.89e+03  6.00e+01 -1.00e+05
2016 05 01  1520   57509  55200   1.98e+01  3.23e-01  1.06e-01  5.34e-02  4.39e-02  2.23e-02  8.54e+03  6.40e+01 -1.00e+05
2016 05 01  1525   57509  55500   8.90e+00  1.75e-01  1.43e-01  9.27e-02  5.27e-02  2.23e-02  9.14e+03  6.56e+01 -1.00e+05
2016 05 01  1530   57509  55800   8.09e+00  1.85e-01  1.53e-01  1.04e-01  9.40e-02  3.84e-02  1.01e+04  7.23e+01 -1.00e+05
2016 05 01  1535   57509  56100   8.06e+00  2.70e-01  2.38e-01  8.75e-02  7.79e-02  5.63e-02  1.03e+04  8.54e+01 -1.00e+05
2016 05 01  1540   57509  56400   1.33e+01  4.75e-01  2.54e-01  7.95e-02  4.98e-02  2.23e-02  1.21e+04  1.02e+02 -1.00e+05
2016 05 01  1545   57509  56700   7.97e+00  2.28e-01  1.96e-01  1.29e-01  1.05e-01  4.04e-02  1.34e+04  1.07e+02 -1.00e+05
2016 05 01  1550   57509  57000   9.32e+00  3.79e-01  2.67e-01  9.27e-02  5.27e-02  2.23e-02  1.25e+04  9.32e+01 -1.00e+05
2016 05 01  1555   57509  57300   7.97e+00  1.68e-01  1.36e-01  8.61e-02  5.12e-02  2.23e-02  1.22e+04  8.70e+01 -1.00e+05
2016 05 01  1600   57509  57600   9.59e+00  2.03e-01  1.39e-01  5.34e-02  4.39e-02  2.23e-02  1.17e+04  8.53e+01 -1.00e+05
2016 05 01  1605   57509  57900   7.32e+00  2.39e-01  2.08e-01  5.97e-02  5.02e-02  2.43e-02  1.21e+04  9.07e+01 -1.00e+05
2016 05 01  1610   57509  58200   1.28e+01  3.19e-01  1.75e-01  1.22e-01  1.13e-01  4.44e-02  1.25e+04  9.01e+01 -1.00e+05
2016 05 01  1615   57509  58500   1.04e+01  1.73e-01  1.09e-01  5.34e-02  4.39e-02  2.23e-02  1.27e+04  9.02e+01 -1.00e+05
2016 05 01  1620   57509  58800   1.40e+01  2.67e-01  1.54e-01  5.53e-02  4.57e-02  2.41e-02  1.26e+04  8.75e+01 -1.00e+05
2016 05 01  1625   57509  59100   1.64e+01  3.12e-01  1.55e-01  8.27e-02  7.31e-02  5.15e-02  1.23e+04  7.73e+01 -1.00e+05
2016 05 01  1630   57509  59400   1.45e+01  3.27e-01  1.98e-01  1.06e-01  9.63e-02  4.71e-02  1.17e+04  7.03e+01 -1.00e+05
2016 05 01  1635   57509  59700   1.70e+01  3.54e-01  1.61e-01  1.08e-01  8.66e-02  6.16e-02  1.11e+04  6.22e+01 -1.00e+05
2016 05 01  1640   57509  60000   7.86e+00  1.98e-01  1.66e-01  1.16e-01  1.02e-01  4.04e-02  1.08e+04  6.62e+01 -1.00e+05
2016 05 01  1645   57509  60300   7.96e+00  1.74e-01  1.30e-01  7.85e-02  6.90e-02  3.03e-02  1.06e+04  5.95e+01 -1.00e+05
2016 05 01  1650   57509  60600   7.04e+00  1.85e-01  1.53e-01  1.04e-01  8.95e-02  3.77e-02  1.03e+04  5.57e+01 -1.00e+05
2016 05 01  1655   57509  60900   9.02e+00  2.11e-01  1.50e-01  9.49e-02  8.54e-02  6.37e-02  1.05e+04  5.83e+01 -1.00e+05
2016 05 01  1700   57509  61200   1.24e+01  3.08e-01  1.56e-01  1.04e-01  9.40e-02  3.84e-02  1.01e+04  6.07e+01 -1.00e+05
2016 05 01  1705   57509  61500   1.47e+01  3.51e-01  1.35e-01  8.25e-02  7.30e-02  5.14e-02  9.81e+03  5.30e+01 -1.00e+05
2016 05 01  1710   57509  61800   1.18e+01  4.38e-01  2.37e-01  5.34e-02  4.39e-02  2.23e-02  9.81e+03  5.06e+01 -1.00e+05
2016 05 01  1715   57509  62100   6.05e+00  1.48e-01  1.16e-01  6.64e-02  4.68e-02  2.23e-02  9.06e+03  4.69e+01 -1.00e+05
2016 05 01  1720   57509  62400   6.15e+00  1.80e-01  1.48e-01  9.81e-02  7.34e-02  3.03e-02  9.20e+03  4.39e+01 -1.00e+05
2016 05 01  1725   57509  62700   5.84e+00  1.97e-01  1.65e-01  1.15e-01  7.45e-02  4.39e-02  8.92e+03  4.46e+01 -1.00e+05
2016 05 01  1730   57509  63000   6.32e+00  1.65e-01  1.34e-01  5.34e-02  4.39e-02  2.23e-02  9.51e+03  5.19e+01 -1.00e+05
2016 05 01  1735   57509  63300   7.40e+00  1.69e-01  1.38e-01  5.34e-02  4.39e-02  2.23e-02  9.67e+03  4.80e+01 -1.00e+05
2016 05 01  1740   57509  63600   6.95e+00  1.35e-01  1.03e-01  5.34e-02  4.39e-02  2.23e-02  9.30e+03  4.87e+01 -1.00e+05
2016 05 01  1745   57509  63900   6.89e+00  2.01e-01  1.69e-01  9.82e-02  8.80e-02  6.62e-02  9.40e+03  4.81e+01 -1.00e+05
2016 05 01  1750   57509  64200   6.65e+00  1.41e-01  1.09e-01  5.99e-02  4.53e-02  2.23e-02  8.74e+03  4.16e+01 -1.00e+05
2016 05 01  1755   57509  64500   8.41e+00  2.85e-01  2.21e-01  5.78e-02  4.82e-02  2.66e-02  8.66e+03  4.27e+01 -1.00e+05
2016 05 01  1800   57509  64800   6.60e+00  1.73e-01  1.41e-01  9.06e-02  5.08e-02  2.23e-02  8.46e+03  3.85e+01 -1.00e+05
2016 05 01  1805   57509  65100   1.17e+01  3.01e-01  1.06e-01  5.34e-02  4.39e-02  2.23e-02  8.71e+03  4.96e+01 -1.00e+05
2016 05 01  1810   57509  65400   1.18e+01  2.35e-01  1.14e-01  6.12e-02  4.71e-02  2.41e-02  8.83e+03  4.92e+01 -1.00e+05
2016 05 01  1815   57509  65700   7.89e+00  2.57e-01  2.25e-01  1.74e-01  1.34e-01  4.84e-02  8.83e+03  5.52e+01 -1.00e+05
2016 05 01  1820   57509  66000   8.14e+00  2.57e-01  2.25e-01  7.01e-02  6.06e-02  3.90e-02  8.46e+03  5.22e+01 -1.00e+05
2016 05 01  1825   57509  66300   8.67e+00  1.62e-01  1.30e-01  8.07e-02  7.12e-02  3.90e-02  8.42e+03  5.83e+01 -1.00e+05
2016 05 01  1830   57509  66600   8.68e+00  1.79e-01  1.47e-01  5.34e-02  4.39e-02  2.23e-02  9.87e+03  6.83e+01 -1.00e+05
2016 05 01  1835   57509  66900   9.67e+00  1.73e-01  1.41e-01  6.77e-02  5.81e-02  3.65e-02  9.90e+03  7.18e+01 -1.00e+05
2016 05 01  1840   57509  67200   1.03e+01  1.35e-01  1.03e-01  5.34e-02  4.39e-02  2.23e-02  1.01e+04  8.08e+01 -1.00e+05
2016 05 01  1845   57509  67500   1.47e+01  3.76e-01  2.55e-01  1.87e-01  1.16e-01  3.84e-02  1.04e+04  9.47e+01 -1.00e+05
2016 05 01  1850   57509  67800   1.71e+01  2.87e-01  1.40e-01  8.61e-02  5.12e-02  2.23e-02  1.03e+04  1.11e+02 -1.00e+05
2016 05 01  1855   57509  68100   9.53e+00  1.80e-01  1.48e-01  7.51e-02  6.55e-02  4.39e-02  9.93e+03  1.14e+02 -1.00e+05
2016 05 01  1900   57509  68400   1.10e+01  1.93e-01  1.29e-01  7.30e-02  4.83e-02  2.23e-02  9.73e+03  1.17e+02 -1.00e+05
2016 05 01  1905   57509  68700   9.27e+00  1.82e-01  1.50e-01  9.92e-02  5.42e-02  2.23e-02  9.45e+03  1.15e+02 -1.00e+05
2016 05 01  1910   57509  69000   9.03e+00  1.35e-01  1.03e-01  5.34e-02  4.39e-02  2.23e-02  9.47e+03  1.22e+02 -1.00e+05
2016 05 01  1915   57509  69300   1.05e+01  1.79e-01  1.47e-01  9.74e-02  8.78e-02  6.62e-02  1.00e+04  1.35e+02 -1.00e+05
2016 05 01  1920   57509  69600   1.13e+01  2.04e-01  1.72e-01  1.16e-01  1.07e-01  4.24e-02  9.99e+03  1.36e+02 -1.00e+05
2016 05 01  1925   57509  69900   1.21e+01  1.69e-01  1.38e-01  5.34e-02  4.39e-02  2.23e-02  1.08e+04  1.36e+02 -1.00e+05
2016 05 01  1930   57509  70200   1.76e+01  2.30e-01  1.17e-01  5.34e-02  4.39e-02  2.23e-02  1.09e+04  1.47e+02 -1.00e+05
2016 05 01  1935   57509  70500   1.19e+01  1.35e-01  1.03e-01  5.34e-02  4.39e-02  2.23e-02  1.24e+04  1.50e+02 -1.00e+05
2016 05 01  1940   57509  70800   1.15e+01  1.55e-01  1.24e-01  7.41e-02  6.46e-02  4.30e-02  1.32e+04  1.60e+02 -1.00e+05
2016 05 01  1945   57509  71100   2.14e+01  3.33e-01  1.64e-01  1.09e-01  5.93e-02  2.43e-02  1.37e+04  1.60e+02 -1.00e+05
2016 05 01  1950   57509  71400   2.38e+01  6.77e-01  3.14e-01  9.92e-02  5.42e-02  2.23e-02  1.49e+04  1.58e+02 -1.00e+05
2016 05 01  1955   57509  71700   1.06e+01  2.08e-01  1.76e-01  1.10e-01  1.00e-01  4.04e-02  1.42e+04  1.41e+02 -1.00e+05
2016 05 01  2000   57509  72000   2.17e+01  3.99e-01  1.39e-01  8.61e-02  5.12e-02  2.23e-02  1.46e+04  1.43e+02 -1.00e+05
2016 05 01  2005   57509  72300   9.60e+00  2.68e-01  2.36e-01  8.50e-02  7.55e-02  5.38e-02  1.52e+04  1.36e+02 -1.00e+05
2016 05 01  2010   57509  72600   1.01e+01  2.50e-01  2.18e-01  5.99e-02  4.53e-02  2.23e-02  1.51e+04  1.32e+02 -1.00e+05
2016 05 01  2015   57509  72900   8.68e+00  1.98e-01  1.66e-01  9.45e-02  6.85e-02  4.22e-02  1.49e+04  1.26e+02 -1.00e+05
2016 05 01  2020   57509  73200   6.80e+00  1.59e-01  1.27e-01  5.34e-02  4.39e-02  2.23e-02  1.29e+04  9.58e+01 -1.00e+05
2016 05 01  2025   57509  73500   8.94e+00  1.44e-01  1.12e-01  6.27e-02  5.32e-02  3.15e-02  1.23e+04  8.07e+01 -1.00e+05
2016 05 01  2030   57509  73800   8.30e+00  1.41e-01  1.09e-01  5.99e-02  4.53e-02  2.23e-02  1.22e+04  8.54e+01 -1.00e+05
2016 05 01  2035   57509  74100   6.61e+00  1.61e-01  1.29e-01  7.93e-02  5.46e-02  2.43e-02  1.14e+04  8.12e+01 -1.00e+05
2016 05 01  2040   57509  74400   6.38e+00  1.72e-01  1.40e-01  9.11e-02  8.15e-02  3.43e-02  1.10e+04  7.20e+01 -1.00e+05
2016 05 01  2045   57509  74700   7.40e+00  2.18e-01  1.86e-01  1.35e-01  9.39e-02  4.67e-02  1.11e+04  7.14e+01 -1.00e+05
2016 05 01  2050   57509  75000   7.38e+00  3.80e-01  3.48e-01  1.43e-01  8.40e-02  3.03e-02  1.09e+04  6.39e+01 -1.00e+05
2016 05 01  2055   57509  75300   1.03e+01  2.00e-01  1.36e-01  7.95e-02  4.98e-02  2.23e-02  1.15e+04  7.01e+01 -1.00e+05
2016 05 01  2100   57509  75600   1.16e+01  1.73e-01  1.09e-01  5.34e-02  4.39e-02  2.23e-02  1.14e+04  6.16e+01 -1.00e+05
2016 05 01  2105   57509  75900   1.47e+01  2.19e-01  1.87e-01  8.51e-02  7.56e-02  2.50e-02  9.87e+03  4.91e+01 -1.00e+05
2016 05 01  2110   57509  76200   1.45e+01  2.03e-01  1.39e-01  5.34e-02  4.39e-02  2.23e-02  1.10e+04  5.15e+01 -1.00e+05
2016 05 01  2115   57509  76500   1.43e+01  1.88e-01  1.32e-01  7.90e-02  5.76e-02  2.56e-02  1.06e+04  4.52e+01 -1.00e+05
2016 05 01  2120   57509  76800   2.07e+01  5.05e-01  2.76e-01  9.80e-02  8.82e-02  6.61e-02  1.13e+04  4.39e+01 -1.00e+05
2016 05 01  2125   57509  77100   1.80e+01  2.57e-01  1.45e-01  5.44e-02  4.46e-02  2.25e-02  1.44e+04  6.07e+01 -1.00e+05
2016 05 01  2130   57509  77400   1.48e+01  1.69e-01  1.37e-01  8.91e-02  7.93e-02  3.37e-02  1.69e+04  7.61e+01 -1.00e+05
2016 05 01  2135   57509  77700   1.93e+01  2.24e-01  1.62e-01  8.16e-02  7.17e-02  4.97e-02  1.86e+04  8.45e+01 -1.00e+05
2016 05 01  2140   57509  78000   1.62e+01  2.28e-01  1.95e-01  1.46e-01  1.16e-01  6.36e-02  1.89e+04  8.86e+01 -1.00e+05
2016 05 01  2145   57509  78300   1.59e+01  1.43e-01  1.11e-01  6.29e-02  4.65e-02  2.25e-02  2.14e+04  1.01e+02 -1.00e+05
2016 05 01  2150   57509  78600   1.40e+01  1.84e-01  1.52e-01  1.02e-01  5.53e-02  2.25e-02  2.12e+04  1.06e+02 -1.00e+05
2016 05 01  2155   57509  78900   1.87e+01  3.68e-01  2.59e-01  1.01e-01  7.28e-02  4.55e-02  2.10e+04  1.01e+02 -1.00e+05
2016 05 01  2200   57509  79200   1.60e+01  2.29e-01  1.17e-01  5.44e-02  4.46e-02  2.25e-02  2.06e+04  1.01e+02 -1.00e+05
2016 05 01  2205   57509  79500   1.14e+01  1.93e-01  1.61e-01  7.35e-02  6.03e-02  3.73e-02  1.97e+04  9.81e+01 -1.00e+05
2016 05 01  2210   57509  79800   1.47e+01  2.44e-01  1.50e-01  8.50e-02  6.86e-02  2.96e-02  2.04e+04  9.54e+01 -1.00e+05
2016 05 01  2215   57509  80100   2.58e+01  4.77e-01  1.77e-01  8.40e-02  7.42e-02  5.22e-02  2.17e+04  1.16e+02 -1.00e+05
2016 05 01  2220   57509  80400   2.58e+01  3.07e-01  1.14e-01  6.29e-02  4.65e-02  2.25e-02  2.32e+04  1.30e+02 -1.00e+05
2016 05 01  2225   57509  80700   1.95e+01  2.15e-01  1.51e-01  5.63e-02  4.50e-02  2.25e-02  2.53e+04  1.54e+02 -1.00e+05
2016 05 01  2230   57509  81000   1.49e+01  1.69e-01  1.37e-01  8.90e-02  7.92e-02  5.71e-02  2.38e+04  1.32e+02 -1.00e+05
2016 05 01  2235   57509  81300   1.32e+01  1.57e-01  1.25e-01  7.60e-02  4.94e-02  2.25e-02  2.29e+04  1.25e+02 -1.00e+05
2016 05 01  2240   57509  81600   1.42e+01  2.38e-01  1.80e-01  1.28e-01  1.18e-01  4.93e-02  2.16e+04  1.14e+02 -1.00e+05
2016 05 01  2245   57509  81900   1.22e+01  2.54e-01  2.22e-01  5.44e-02  4.46e-02  2.25e-02  2.07e+04  1.06e+02 -1.00e+05
2016 05 01  2250   57509  82200   1.17e+01  1.62e-01  1.30e-01  5.44e-02  4.46e-02  2.25e-02  2.00e+04  9.59e+01 -1.00e+05
2016 05 01  2255   57509  82500   1.20e+01  1.57e-01  1.25e-01  7.60e-02  4.94e-02  2.25e-02  1.91e+04  1.07e+02 -1.00e+05
2016 05 01  2300   57509  82800   1.21e+01  1.34e-01  1.03e-01  5.44e-02  4.46e-02  2.25e-02  1.96e+04  1.00e+02 -1.00e+05
2016 05 01  2305   57509  83100   1.10e+01  2.54e-01  2.13e-01  1.61e-01  8.97e-02  3.16e-02  1.73e+04  8.83e+01 -1.00e+05
2016 05 01  2310   57509  83400   9.01e+00  1.36e-01  1.05e-01  5.63e-02  4.50e-02  2.25e-02  1.56e+04  7.65e+01 -1.00e+05
2016 05 01  2315   57509  83700   1.05e+01  2.43e-01  1.35e-01  7.31e-02  6.33e-02  3.85e-02  1.36e+04  7.19e+01 -1.00e+05
2016 05 01  2320   57509  84000   4.49e+00  1.34e-01  1.03e-01  5.44e-02  4.46e-02  2.25e-02  1.24e+04  7.11e+01 -1.00e+05
2016 05 01  2325   57509  84300   8.73e+00  2.97e-01  1.56e-01  5.44e-02  4.46e-02  2.25e-02  1.17e+04  7.16e+01 -1.00e+05
2016 05 01  2330   57509  84600   6.42e+00  4.15e-01  2.58e-01  7.92e-02  6.94e-02  4.74e-02  1.05e+04  6.29e+01 -1.00e+05
2016 05 01  2335   57509  84900   3.12e+00  1.99e-01  1.67e-01  8.16e-02  7.17e-02  4.97e-02  9.25e+03  5.51e+01 -1.00e+05
2016 05 01  2340   57509  85200   4.90e+00  2.44e-01  1.33e-01  7.00e-02  5.57e-02  3.23e-02  8.75e+03  5.51e+01 -1.00e+05
2016 05 01  2345   57509  85500   1.90e+00  1.54e-01  1.22e-01  7.41e-02  6.43e-02  4.22e-02  7.17e+03  4.48e+01 -1.00e+05
2016 05 01  2350   57509  85800   1.88e+00  2.10e-01  1.47e-01  9.26e-02  5.70e-02  2.74e-02  6.27e+03  3.63e+01 -1.00e+05
2016 05 01  2355   57509  86100   2.19e+00  2.25e-01  1.06e-01  5.44e-02  4.46e-02  2.25e-02  5.31e+03  3.37e+01 -1.00e+05
