:Data_list: 20160527_Gp_part_5m.txt
:Created: 2016 May 28 0011 UTC
# Prepared by the U.S. Dept. of Commerce, NOAA, Space Weather Prediction Center
# Please send comments and suggestions to SWPC.Webmaster@noaa.gov 
# 
# Label: P > 1 = Particles at >1 Mev
# Label: P > 5 = Particles at >5 Mev
# Label: P >10 = Particles at >10 Mev
# Label: P >30 = Particles at >30 Mev
# Label: P >50 = Particles at >50 Mev
# Label: P>100 = Particles at >100 Mev
# Label: E>0.8 = Electrons at >0.8 Mev
# Label: E>2.0 = Electrons at >2.0 Mev
# Label: E>4.0 = Electrons at >4.0 Mev
# Units: Particles = Protons/cm2-s-sr
# Units: Electrons = Electrons/cm2-s-sr
# Source: GOES-13
# Location: W075
# Missing data: -1.00e+05
#
#                      5-minute  GOES-13 Solar Particle and Electron Flux
#
#                 Modified Seconds
# UTC Date  Time   Julian  of the
# YR MO DA  HHMM    Day     Day     P > 1     P > 5     P >10     P >30     P >50     P>100     E>0.8     E>2.0     E>4.0
#-------------------------------------------------------------------------------------------------------------------------
2016 05 27  0000   57535      0   4.34e+00  4.41e-01  2.20e-01  5.98e-02  4.84e-02  2.51e-02  7.52e+03  9.63e+01 -1.00e+05
2016 05 27  0005   57535    300   1.67e+00  1.44e-01  1.16e-01  7.45e-02  5.17e-02  2.51e-02  5.94e+03  8.32e+01 -1.00e+05
2016 05 27  0010   57535    600   2.69e+00  3.03e-01  1.63e-01  1.10e-01  9.84e-02  7.52e-02  6.77e+03  8.03e+01 -1.00e+05
2016 05 27  0015   57535    900   1.63e+00  1.47e-01  1.19e-01  5.98e-02  4.84e-02  2.51e-02  6.21e+03  7.33e+01 -1.00e+05
2016 05 27  0020   57535   1200   1.56e+00  1.42e-01  1.14e-01  7.27e-02  6.13e-02  3.80e-02  5.71e+03  6.18e+01 -1.00e+05
2016 05 27  0025   57535   1500   1.84e+00  1.84e-01  1.28e-01  8.11e-02  5.32e-02  2.51e-02  5.83e+03  6.29e+01 -1.00e+05
2016 05 27  0030   57535   1800   2.81e+00  2.62e-01  1.03e-01  5.98e-02  4.84e-02  2.51e-02  5.78e+03  6.48e+01 -1.00e+05
2016 05 27  0035   57535   2100   2.01e+00  3.15e-01  2.11e-01  5.98e-02  4.84e-02  2.51e-02  5.73e+03  6.50e+01 -1.00e+05
2016 05 27  0040   57535   2400   1.05e+00  1.91e-01  1.63e-01  1.21e-01  8.36e-02  5.29e-02  5.69e+03  6.25e+01 -1.00e+05
2016 05 27  0045   57535   2700   8.96e-01  2.47e-01  2.19e-01  1.78e-01  1.66e-01  7.84e-02  5.84e+03  6.67e+01 -1.00e+05
2016 05 27  0050   57535   3000   9.61e-01  2.26e-01  1.98e-01  1.57e-01  1.45e-01  8.69e-02  5.53e+03  6.43e+01 -1.00e+05
2016 05 27  0055   57535   3300   1.18e+00  2.35e-01  1.83e-01  1.38e-01  1.27e-01  5.90e-02  5.50e+03  8.00e+01 -1.00e+05
2016 05 27  0100   57535   3600   8.17e-01  1.42e-01  1.14e-01  7.27e-02  6.13e-02  3.80e-02  5.35e+03  8.15e+01 -1.00e+05
2016 05 27  0105   57535   3900   1.11e+00  2.83e-01  2.10e-01  1.61e-01  1.49e-01  5.76e-02  5.19e+03  8.78e+01 -1.00e+05
2016 05 27  0110   57535   4200   1.60e+00  3.68e-01  1.35e-01  9.18e-02  8.04e-02  3.54e-02  4.99e+03  8.62e+01 -1.00e+05
2016 05 27  0115   57535   4500   8.22e-01  2.10e-01  1.81e-01  1.23e-01  7.27e-02  3.80e-02  5.21e+03  7.32e+01 -1.00e+05
2016 05 27  0120   57535   4800   6.85e-01  1.64e-01  1.36e-01  9.42e-02  5.62e-02  2.51e-02  5.13e+03  5.89e+01 -1.00e+05
2016 05 27  0125   57535   5100   6.60e-01  2.25e-01  1.71e-01  1.24e-01  8.05e-02  4.79e-02  4.39e+03  4.23e+01 -1.00e+05
2016 05 27  0130   57535   5400   5.17e-01  1.86e-01  1.58e-01  1.17e-01  1.06e-01  4.35e-02  3.22e+03  3.64e+01 -1.00e+05
2016 05 27  0135   57535   5700   6.24e-01  1.29e-01  1.01e-01  5.98e-02  4.84e-02  2.51e-02  1.71e+03  1.09e+01 -1.00e+05
2016 05 27  0140   57535   6000   5.65e-01  1.37e-01  1.09e-01  6.77e-02  5.63e-02  3.30e-02  9.95e+02  4.76e+00 -1.00e+05
2016 05 27  0145   57535   6300   4.94e-01  1.79e-01  1.51e-01  1.09e-01  7.52e-02  4.54e-02  7.31e+02  7.26e-01 -1.00e+05
2016 05 27  0150   57535   6600   4.71e-01  1.81e-01  1.53e-01  1.12e-01  1.01e-01  7.76e-02  4.89e+02  1.52e+00 -1.00e+05
2016 05 27  0155   57535   6900   7.65e-01  1.29e-01  1.01e-01  5.98e-02  4.84e-02  2.51e-02  4.46e+02  5.58e+00 -1.00e+05
2016 05 27  0200   57535   7200   1.02e+00  2.34e-01  1.41e-01  8.84e-02  7.71e-02  4.48e-02  6.72e+02  5.28e+00 -1.00e+05
2016 05 27  0205   57535   7500   4.82e-01  1.75e-01  1.47e-01  1.05e-01  7.06e-02  4.05e-02  1.00e+03  1.26e+01 -1.00e+05
2016 05 27  0210   57535   7800   5.82e-01  1.76e-01  1.48e-01  5.98e-02  4.84e-02  2.51e-02  2.06e+03  3.57e+01 -1.00e+05
2016 05 27  0215   57535   8100   5.19e-01  2.29e-01  2.01e-01  8.50e-02  7.37e-02  5.04e-02  2.40e+03  4.59e+01 -1.00e+05
2016 05 27  0220   57535   8400   7.21e-01  2.57e-01  1.46e-01  1.01e-01  5.55e-02  2.51e-02  2.62e+03  4.85e+01 -1.00e+05
2016 05 27  0225   57535   8700   6.93e-01  4.67e-01  2.00e-01  5.98e-02  4.84e-02  2.51e-02  2.95e+03  4.97e+01 -1.00e+05
2016 05 27  0230   57535   9000   2.99e-01  1.64e-01  1.36e-01  5.98e-02  4.84e-02  2.51e-02  3.16e+03  4.69e+01 -1.00e+05
2016 05 27  0235   57535   9300   1.04e+00  1.62e-01  1.06e-01  5.98e-02  4.84e-02  2.51e-02  4.97e+03  9.48e+01 -1.00e+05
2016 05 27  0240   57535   9600   1.35e+00  1.29e-01  1.01e-01  5.98e-02  4.84e-02  2.51e-02  8.34e+03  1.71e+02 -1.00e+05
2016 05 27  0245   57535   9900   1.11e+00  1.89e-01  1.61e-01  8.50e-02  7.37e-02  5.04e-02  8.52e+03  1.69e+02 -1.00e+05
2016 05 27  0250   57535  10200   1.39e+00  2.27e-01  1.99e-01  6.14e-02  4.88e-02  2.51e-02  9.01e+03  1.75e+02 -1.00e+05
2016 05 27  0255   57535  10500   1.45e+00  1.55e-01  1.27e-01  8.55e-02  7.42e-02  3.34e-02  1.00e+04  1.85e+02 -1.00e+05
2016 05 27  0300   57535  10800   1.79e+00  1.80e-01  1.52e-01  1.11e-01  9.92e-02  4.15e-02  9.71e+03  1.65e+02 -1.00e+05
2016 05 27  0305   57535  11100   1.43e+00  1.72e-01  1.44e-01  1.01e-01  5.55e-02  2.51e-02  9.00e+03  1.46e+02 -1.00e+05
2016 05 27  0310   57535  11400   1.29e+00  1.29e-01  1.01e-01  5.98e-02  4.84e-02  2.51e-02  8.11e+03  1.15e+02 -1.00e+05
2016 05 27  0315   57535  11700   1.11e+00  1.42e-01  1.14e-01  7.30e-02  6.16e-02  2.94e-02  6.97e+03  9.03e+01 -1.00e+05
2016 05 27  0320   57535  12000   1.68e+00  2.62e-01  1.03e-01  5.98e-02  4.84e-02  2.51e-02  6.55e+03  7.93e+01 -1.00e+05
2016 05 27  0325   57535  12300   1.16e+00  2.14e-01  1.03e-01  5.98e-02  4.84e-02  2.51e-02  5.34e+03  5.12e+01 -1.00e+05
2016 05 27  0330   57535  12600   1.24e+00  2.59e-01  1.60e-01  1.06e-01  9.48e-02  6.89e-02  3.88e+03  3.00e+01 -1.00e+05
2016 05 27  0335   57535  12900   5.80e-01  2.25e-01  1.97e-01  5.98e-02  4.84e-02  2.51e-02  2.95e+03  2.03e+01 -1.00e+05
2016 05 27  0340   57535  13200   7.70e-01  3.45e-01  3.16e-01  9.95e-02  5.54e-02  2.51e-02  2.01e+03  9.15e+00 -1.00e+05
2016 05 27  0345   57535  13500   5.89e-01  1.67e-01  1.39e-01  9.81e-02  8.67e-02  3.74e-02  1.45e+03  7.29e+00 -1.00e+05
2016 05 27  0350   57535  13800   4.65e-01  1.78e-01  1.23e-01  7.76e-02  6.62e-02  4.30e-02  1.53e+03  6.72e+00 -1.00e+05
2016 05 27  0355   57535  14100   5.28e-01  1.29e-01  1.01e-01  5.98e-02  4.84e-02  2.51e-02  1.32e+03  7.66e+00 -1.00e+05
2016 05 27  0400   57535  14400   7.78e-01  2.76e-01  1.26e-01  5.98e-02  4.84e-02  2.51e-02  1.95e+03  9.19e+00 -1.00e+05
2016 05 27  0405   57535  14700   1.16e+00  3.22e-01  1.54e-01  9.74e-02  8.61e-02  6.28e-02  1.20e+03  8.00e+00 -1.00e+05
2016 05 27  0410   57535  15000   6.12e-01  1.64e-01  1.36e-01  5.98e-02  4.84e-02  2.51e-02  1.08e+03  7.65e+00 -1.00e+05
2016 05 27  0415   57535  15300   7.09e-01  2.19e-01  1.15e-01  5.98e-02  4.84e-02  2.51e-02  9.89e+02  5.64e+00 -1.00e+05
2016 05 27  0420   57535  15600   3.77e-01  1.71e-01  1.43e-01  1.01e-01  7.92e-02  5.29e-02  8.15e+02  4.35e+00 -1.00e+05
2016 05 27  0425   57535  15900   7.23e-01  2.54e-01  2.26e-01  8.76e-02  5.47e-02  2.51e-02  5.07e+02  3.87e+00 -1.00e+05
2016 05 27  0430   57535  16200   2.65e-01  1.42e-01  1.14e-01  7.30e-02  6.16e-02  2.94e-02  4.02e+02  1.05e+00 -1.00e+05
2016 05 27  0435   57535  16500   4.86e-01  1.77e-01  1.48e-01  1.07e-01  9.60e-02  7.27e-02  3.19e+02  2.30e-01 -1.00e+05
2016 05 27  0440   57535  16800   4.82e-01  2.20e-01  1.92e-01  1.14e-01  1.02e-01  5.28e-02  2.41e+02  1.33e-01 -1.00e+05
2016 05 27  0445   57535  17100   4.63e-01  1.29e-01  1.01e-01  5.98e-02  4.84e-02  2.51e-02  1.36e+02  2.51e+00 -1.00e+05
2016 05 27  0450   57535  17400   5.37e-01  1.74e-01  1.46e-01  7.02e-02  5.88e-02  3.55e-02  7.07e+01  1.33e-01 -1.00e+05
2016 05 27  0455   57535  17700   1.23e+00  6.58e-01  2.45e-01  8.11e-02  5.32e-02  2.51e-02  4.84e+01  1.33e-01 -1.00e+05
2016 05 27  0500   57535  18000   5.07e-01  1.55e-01  1.27e-01  8.50e-02  5.83e-02  3.06e-02  2.23e+01  1.33e-01 -1.00e+05
2016 05 27  0505   57535  18300   8.10e-01  2.62e-01  1.03e-01  5.98e-02  4.84e-02  2.51e-02  2.47e+01  9.50e-01 -1.00e+05
2016 05 27  0510   57535  18600   4.83e-01  1.92e-01  1.64e-01  1.23e-01  1.12e-01  4.55e-02  5.66e+01  1.33e-01 -1.00e+05
2016 05 27  0515   57535  18900   5.62e-01  1.76e-01  1.48e-01  5.98e-02  4.84e-02  2.51e-02  8.42e+01  1.33e-01 -1.00e+05
2016 05 27  0520   57535  19200   6.47e-01  1.82e-01  1.54e-01  1.13e-01  9.00e-02  3.74e-02  5.99e+01  6.96e-01 -1.00e+05
2016 05 27  0525   57535  19500   3.87e-01  1.29e-01  1.01e-01  5.98e-02  4.84e-02  2.51e-02  4.54e+01  1.33e-01 -1.00e+05
2016 05 27  0530   57535  19800   6.17e-01  2.19e-01  1.15e-01  5.98e-02  4.84e-02  2.51e-02  3.56e+01  1.33e-01 -1.00e+05
2016 05 27  0535   57535  20100   7.92e-01  2.58e-01  2.02e-01  5.98e-02  4.84e-02  2.51e-02  3.25e+01  1.02e+00 -1.00e+05
2016 05 27  0540   57535  20400   9.81e-01  3.07e-01  1.25e-01  8.11e-02  5.32e-02  2.51e-02  3.88e+01  2.15e-01 -1.00e+05
2016 05 27  0545   57535  20700   7.63e-01  2.92e-01  2.39e-01  1.07e-01  9.60e-02  7.27e-02  1.88e+01  1.33e-01 -1.00e+05
2016 05 27  0550   57535  21000   6.80e-01  1.79e-01  1.24e-01  6.05e-02  4.91e-02  2.53e-02  1.71e+01  1.33e-01 -1.00e+05
2016 05 27  0555   57535  21300   9.19e-01  2.14e-01  1.03e-01  5.98e-02  4.84e-02  2.51e-02  1.92e+01  1.33e-01 -1.00e+05
2016 05 27  0600   57535  21600   7.84e-01  2.87e-01  1.29e-01  8.50e-02  7.37e-02  5.04e-02  2.71e+01  1.33e-01 -1.00e+05
2016 05 27  0605   57535  21900   7.59e-01  2.72e-01  1.68e-01  1.10e-01  5.54e-02  2.51e-02  2.69e+01  1.33e-01 -1.00e+05
2016 05 27  0610   57535  22200   4.73e-01  1.61e-01  1.33e-01  7.76e-02  6.62e-02  4.30e-02  3.04e+01  1.33e-01 -1.00e+05
2016 05 27  0615   57535  22500   1.23e+00  2.61e-01  1.26e-01  8.26e-02  7.12e-02  4.79e-02  2.45e+01  1.33e-01 -1.00e+05
2016 05 27  0620   57535  22800   8.06e-01  2.19e-01  1.15e-01  5.98e-02  4.84e-02  2.51e-02  2.36e+01  2.53e+00 -1.00e+05
2016 05 27  0625   57535  23100   8.43e-01  5.72e-01  3.35e-01  1.69e-01  1.34e-01  6.09e-02  1.98e+01  1.33e-01 -1.00e+05
2016 05 27  0630   57535  23400   3.87e-01  1.29e-01  1.01e-01  5.98e-02  4.84e-02  2.51e-02  1.40e+01  1.33e-01 -1.00e+05
2016 05 27  0635   57535  23700   8.22e-01  4.13e-01  2.18e-01  5.98e-02  4.84e-02  2.51e-02  1.50e+01  1.33e-01 -1.00e+05
2016 05 27  0640   57535  24000   5.68e-01  1.87e-01  1.59e-01  1.10e-01  9.84e-02  7.52e-02  1.35e+01  1.33e-01 -1.00e+05
2016 05 27  0645   57535  24300   4.99e-01  2.77e-01  2.49e-01  2.06e-01  1.67e-01  7.28e-02  1.19e+01  1.33e-01 -1.00e+05
2016 05 27  0650   57535  24600   2.56e-01  1.29e-01  1.01e-01  5.98e-02  4.84e-02  2.51e-02  1.24e+01  1.33e-01 -1.00e+05
2016 05 27  0655   57535  24900   5.79e-01  1.61e-01  1.33e-01  9.18e-02  8.04e-02  3.54e-02  1.23e+01  1.33e-01 -1.00e+05
2016 05 27  0700   57535  25200   6.83e-01  2.19e-01  1.15e-01  5.98e-02  4.84e-02  2.51e-02  1.14e+01  4.68e-01 -1.00e+05
2016 05 27  0705   57535  25500   4.57e-01  1.29e-01  1.01e-01  5.98e-02  4.84e-02  2.51e-02  1.15e+01  1.45e+00 -1.00e+05
2016 05 27  0710   57535  25800   4.96e-01  1.98e-01  1.70e-01  1.27e-01  7.38e-02  2.94e-02  1.35e+01  1.33e-01 -1.00e+05
2016 05 27  0715   57535  26100   4.46e-01  1.40e-01  1.11e-01  7.01e-02  5.30e-02  2.81e-02  1.38e+01  1.33e-01 -1.00e+05
2016 05 27  0720   57535  26400   5.00e-01  1.37e-01  1.09e-01  6.80e-02  5.03e-02  2.51e-02  1.38e+01  6.22e-01 -1.00e+05
2016 05 27  0725   57535  26700   4.38e-01  1.29e-01  1.01e-01  5.98e-02  4.84e-02  2.51e-02  1.38e+01  2.44e+00 -1.00e+05
2016 05 27  0730   57535  27000   4.28e-01  1.62e-01  1.06e-01  5.98e-02  4.84e-02  2.51e-02  2.34e+01  7.75e-01 -1.00e+05
2016 05 27  0735   57535  27300   4.45e-01  2.43e-01  2.14e-01  1.73e-01  1.62e-01  6.16e-02  4.00e+01  1.33e-01 -1.00e+05
2016 05 27  0740   57535  27600   5.61e-01  1.33e-01  1.05e-01  6.36e-02  5.16e-02  2.81e-02  4.92e+01  1.33e-01 -1.00e+05
2016 05 27  0745   57535  27900   9.95e-01  3.06e-01  1.03e-01  5.98e-02  4.84e-02  2.51e-02  5.42e+01  1.57e+00 -1.00e+05
2016 05 27  0750   57535  28200   6.89e-01  1.76e-01  1.27e-01  8.22e-02  7.08e-02  4.27e-02  5.79e+01  1.33e-01 -1.00e+05
2016 05 27  0755   57535  28500   5.07e-01  2.12e-01  1.60e-01  1.15e-01  1.03e-01  8.01e-02  6.32e+01  1.33e-01 -1.00e+05
2016 05 27  0800   57535  28800   5.96e-01  2.39e-01  1.03e-01  5.98e-02  4.84e-02  2.51e-02  6.81e+01  1.33e-01 -1.00e+05
2016 05 27  0805   57535  29100   5.40e-01  1.95e-01  1.67e-01  1.25e-01  1.03e-01  4.15e-02  6.88e+01  1.33e-01 -1.00e+05
2016 05 27  0810   57535  29400   7.04e-01  1.83e-01  1.28e-01  8.20e-02  6.15e-02  3.55e-02  7.95e+01  1.33e-01 -1.00e+05
2016 05 27  0815   57535  29700   2.80e-01  1.42e-01  1.14e-01  7.27e-02  6.13e-02  3.80e-02  8.32e+01  2.09e+00 -1.00e+05
2016 05 27  0820   57535  30000   6.08e-01  2.42e-01  1.53e-01  1.01e-01  7.27e-02  3.14e-02  8.67e+01  1.33e-01 -1.00e+05
2016 05 27  0825   57535  30300   7.50e-01  2.14e-01  1.03e-01  5.98e-02  4.84e-02  2.51e-02  9.02e+01  7.28e-01 -1.00e+05
2016 05 27  0830   57535  30600   8.15e-01  2.78e-01  1.43e-01  9.99e-02  8.85e-02  6.52e-02  1.02e+02  1.33e-01 -1.00e+05
2016 05 27  0835   57535  30900   6.87e-01  2.15e-01  1.87e-01  1.46e-01  1.34e-01  6.65e-02  1.15e+02  1.33e-01 -1.00e+05
2016 05 27  0840   57535  31200   7.64e-01  2.41e-01  1.37e-01  8.11e-02  5.32e-02  2.51e-02  1.45e+02  1.33e-01 -1.00e+05
2016 05 27  0845   57535  31500   7.16e-01  1.62e-01  1.06e-01  5.98e-02  4.84e-02  2.51e-02  1.36e+02  1.23e+00 -1.00e+05
2016 05 27  0850   57535  31800   5.95e-01  1.90e-01  1.62e-01  1.20e-01  8.67e-02  3.54e-02  1.53e+02  1.33e-01 -1.00e+05
2016 05 27  0855   57535  32100   9.41e-01  2.82e-01  1.58e-01  9.94e-02  8.75e-02  3.96e-02  1.47e+02  1.33e-01 -1.00e+05
2016 05 27  0900   57535  32400   4.04e-01  1.34e-01  1.06e-01  6.52e-02  5.39e-02  3.06e-02  1.49e+02  1.22e+00 -1.00e+05
2016 05 27  0905   57535  32700   5.94e-01  1.73e-01  1.19e-01  7.27e-02  6.13e-02  3.80e-02  1.47e+02  1.33e-01 -1.00e+05
2016 05 27  0910   57535  33000   5.53e-01  1.44e-01  1.16e-01  7.45e-02  5.17e-02  2.51e-02  1.48e+02  1.33e-01 -1.00e+05
2016 05 27  0915   57535  33300   6.52e-01  2.64e-01  1.74e-01  1.20e-01  7.75e-02  3.36e-02  1.72e+02  1.33e-01 -1.00e+05
2016 05 27  0920   57535  33600   5.91e-01  1.48e-01  1.20e-01  6.03e-02  4.89e-02  2.56e-02  1.42e+02  2.46e+00 -1.00e+05
2016 05 27  0925   57535  33900   7.27e-01  2.25e-01  1.97e-01  5.98e-02  4.84e-02  2.51e-02  2.03e+02  1.70e+00 -1.00e+05
2016 05 27  0930   57535  34200   5.58e-01  2.84e-01  2.21e-01  1.73e-01  1.62e-01  6.16e-02  1.67e+02  3.37e-01 -1.00e+05
2016 05 27  0935   57535  34500   9.78e-01  2.33e-01  1.24e-01  8.01e-02  6.87e-02  4.54e-02  1.55e+02  1.33e-01 -1.00e+05
2016 05 27  0940   57535  34800   7.39e-01  1.57e-01  1.29e-01  8.75e-02  7.62e-02  5.29e-02  1.77e+02  5.11e-01 -1.00e+05
2016 05 27  0945   57535  35100   6.82e-01  2.14e-01  1.86e-01  8.99e-02  7.85e-02  5.03e-02  1.43e+02  1.33e-01 -1.00e+05
2016 05 27  0950   57535  35400   7.07e-01  2.55e-01  1.51e-01  9.49e-02  5.68e-02  2.53e-02  1.71e+02  4.31e-01 -1.00e+05
2016 05 27  0955   57535  35700   8.18e-01  2.50e-01  1.47e-01  7.76e-02  6.62e-02  4.30e-02  1.53e+02  1.33e-01 -1.00e+05
2016 05 27  1000   57535  36000   4.86e-01  2.25e-01  1.97e-01  6.05e-02  4.91e-02  2.53e-02  1.90e+02  1.33e-01 -1.00e+05
2016 05 27  1005   57535  36300   9.86e-01  2.14e-01  1.03e-01  5.98e-02  4.84e-02  2.51e-02  1.60e+02  1.33e+00 -1.00e+05
2016 05 27  1010   57535  36600   7.81e-01  2.71e-01  1.62e-01  1.17e-01  7.90e-02  4.79e-02  1.70e+02  1.33e-01 -1.00e+05
2016 05 27  1015   57535  36900   7.78e-01  3.47e-01  3.19e-01  1.13e-01  6.65e-02  3.30e-02  1.64e+02  1.50e-01 -1.00e+05
2016 05 27  1020   57535  37200   5.68e-01  1.37e-01  1.09e-01  6.80e-02  5.03e-02  2.51e-02  1.59e+02  4.22e+00 -1.00e+05
2016 05 27  1025   57535  37500   6.95e-01  2.25e-01  1.97e-01  5.98e-02  4.84e-02  2.51e-02  1.71e+02  1.33e-01 -1.00e+05
2016 05 27  1030   57535  37800   6.13e-01  1.58e-01  1.30e-01  8.76e-02  5.47e-02  2.51e-02  1.76e+02  1.90e+00 -1.00e+05
2016 05 27  1035   57535  38100   5.05e-01  1.29e-01  1.01e-01  5.98e-02  4.84e-02  2.51e-02  1.77e+02  2.00e+00 -1.00e+05
2016 05 27  1040   57535  38400   5.31e-01  1.48e-01  1.20e-01  7.93e-02  6.79e-02  3.14e-02  2.54e+02  7.12e+00 -1.00e+05
2016 05 27  1045   57535  38700   1.10e+00  3.85e-01  1.03e-01  6.05e-02  4.91e-02  2.53e-02  3.48e+02  5.32e+00 -1.00e+05
2016 05 27  1050   57535  39000   6.28e-01  1.73e-01  1.45e-01  1.02e-01  5.84e-02  2.81e-02  2.83e+02  1.28e+00 -1.00e+05
2016 05 27  1055   57535  39300   4.04e-01  1.67e-01  1.39e-01  9.69e-02  6.68e-02  3.80e-02  3.34e+02  5.23e+00 -1.00e+05
2016 05 27  1100   57535  39600   9.05e-01  2.19e-01  1.15e-01  5.98e-02  4.84e-02  2.51e-02  3.35e+02  6.29e+00 -1.00e+05
2016 05 27  1105   57535  39900   1.13e+00  3.22e-01  1.19e-01  7.49e-02  5.22e-02  2.56e-02  3.34e+02  3.46e+00 -1.00e+05
2016 05 27  1110   57535  40200   1.01e+00  2.39e-01  1.03e-01  5.98e-02  4.84e-02  2.51e-02  4.13e+02  8.58e+00 -1.00e+05
2016 05 27  1115   57535  40500   8.81e-01  2.14e-01  1.03e-01  5.98e-02  4.84e-02  2.51e-02  4.24e+02  9.77e+00 -1.00e+05
2016 05 27  1120   57535  40800   1.03e+00  2.19e-01  1.15e-01  6.03e-02  4.89e-02  2.56e-02  5.46e+02  1.39e+01 -1.00e+05
2016 05 27  1125   57535  41100   5.00e-01  1.29e-01  1.01e-01  5.98e-02  4.84e-02  2.51e-02  7.16e+02  2.40e+01 -1.00e+05
2016 05 27  1130   57535  41400   6.24e-01  1.47e-01  1.19e-01  5.98e-02  4.84e-02  2.51e-02  8.93e+02  2.79e+01 -1.00e+05
2016 05 27  1135   57535  41700   9.60e-01  1.71e-01  1.43e-01  1.01e-01  6.79e-02  2.94e-02  7.46e+02  2.99e+01 -1.00e+05
2016 05 27  1140   57535  42000   1.57e+00  3.84e-01  1.95e-01  8.55e-02  7.42e-02  3.34e-02  8.59e+02  3.08e+01 -1.00e+05
2016 05 27  1145   57535  42300   9.37e-01  2.41e-01  2.13e-01  8.01e-02  6.87e-02  4.54e-02  8.63e+02  3.04e+01 -1.00e+05
2016 05 27  1150   57535  42600   1.04e+00  1.61e-01  1.33e-01  9.18e-02  8.04e-02  3.54e-02  1.03e+03  4.38e+01 -1.00e+05
2016 05 27  1155   57535  42900   8.73e-01  1.86e-01  1.58e-01  1.17e-01  9.95e-02  5.81e-02  1.24e+03  5.04e+01 -1.00e+05
2016 05 27  1200   57535  43200   1.61e+00  3.09e-01  1.70e-01  1.20e-01  1.08e-01  8.51e-02  1.39e+03  5.47e+01 -1.00e+05
2016 05 27  1205   57535  43500   1.30e+00  1.47e-01  1.19e-01  7.76e-02  6.62e-02  4.30e-02  1.75e+03  7.64e+01 -1.00e+05
2016 05 27  1210   57535  43800   1.07e+00  1.51e-01  1.23e-01  8.11e-02  5.32e-02  2.51e-02  1.71e+03  7.47e+01 -1.00e+05
2016 05 27  1215   57535  44100   1.53e+00  1.29e-01  1.01e-01  5.98e-02  4.84e-02  2.51e-02  1.92e+03  8.81e+01 -1.00e+05
2016 05 27  1220   57535  44400   1.75e+00  1.49e-01  1.21e-01  6.14e-02  4.88e-02  2.51e-02  2.18e+03  1.02e+02 -1.00e+05
2016 05 27  1225   57535  44700   1.90e+00  1.64e-01  1.36e-01  9.49e-02  8.36e-02  6.03e-02  2.33e+03  1.37e+02 -1.00e+05
2016 05 27  1230   57535  45000   2.52e+00  1.29e-01  1.01e-01  5.98e-02  4.84e-02  2.51e-02  2.73e+03  1.87e+02 -1.00e+05
2016 05 27  1235   57535  45300   2.48e+00  2.55e-01  2.27e-01  9.74e-02  8.61e-02  6.28e-02  2.62e+03  1.67e+02 -1.00e+05
2016 05 27  1240   57535  45600   3.40e+00  3.39e-01  1.89e-01  9.18e-02  8.04e-02  3.54e-02  2.43e+03  1.51e+02 -1.00e+05
2016 05 27  1245   57535  45900   4.12e+00  3.07e-01  1.37e-01  9.34e-02  8.08e-02  3.54e-02  2.72e+03  1.37e+02 -1.00e+05
2016 05 27  1250   57535  46200   4.22e+00  3.02e-01  1.21e-01  7.73e-02  6.23e-02  3.80e-02  2.57e+03  1.28e+02 -1.00e+05
2016 05 27  1255   57535  46500   3.40e+00  2.63e-01  1.52e-01  1.07e-01  5.91e-02  2.51e-02  2.83e+03  1.26e+02 -1.00e+05
2016 05 27  1300   57535  46800   2.38e+00  1.31e-01  1.03e-01  6.14e-02  4.88e-02  2.51e-02  2.99e+03  1.39e+02 -1.00e+05
2016 05 27  1305   57535  47100   2.34e+00  1.61e-01  1.33e-01  9.18e-02  8.04e-02  3.54e-02  3.42e+03  1.38e+02 -1.00e+05
2016 05 27  1310   57535  47400   2.54e+00  2.08e-01  1.80e-01  1.38e-01  1.27e-01  8.27e-02  3.54e+03  1.52e+02 -1.00e+05
2016 05 27  1315   57535  47700   3.71e+00  2.87e-01  2.31e-01  8.80e-02  5.51e-02  2.56e-02  3.74e+03  1.74e+02 -1.00e+05
2016 05 27  1320   57535  48000   3.24e+00  1.29e-01  1.01e-01  5.98e-02  4.84e-02  2.51e-02  4.08e+03  2.06e+02 -1.00e+05
2016 05 27  1325   57535  48300   3.46e+00  1.29e-01  1.01e-01  5.98e-02  4.84e-02  2.51e-02  4.57e+03  2.30e+02 -1.00e+05
2016 05 27  1330   57535  48600   4.76e+00  2.41e-01  1.37e-01  6.52e-02  5.39e-02  3.06e-02  4.71e+03  2.54e+02 -1.00e+05
2016 05 27  1335   57535  48900   6.03e+00  2.98e-01  1.56e-01  1.13e-01  9.48e-02  3.94e-02  4.85e+03  2.34e+02 -1.00e+05
2016 05 27  1340   57535  49200   5.69e+00  3.38e-01  1.75e-01  6.67e-02  5.54e-02  2.74e-02  4.84e+03  2.02e+02 -1.00e+05
2016 05 27  1345   57535  49500   3.28e+00  1.98e-01  1.70e-01  9.49e-02  8.36e-02  6.03e-02  4.42e+03  1.69e+02 -1.00e+05
2016 05 27  1350   57535  49800   3.27e+00  3.59e-01  3.31e-01  1.65e-01  9.78e-02  3.54e-02  3.96e+03  1.26e+02 -1.00e+05
2016 05 27  1355   57535  50100   3.89e+00  1.29e-01  1.01e-01  5.98e-02  4.84e-02  2.51e-02  4.22e+03  1.49e+02 -1.00e+05
2016 05 27  1400   57535  50400   5.67e+00  3.67e-01  2.67e-01  1.27e-01  9.61e-02  6.73e-02  4.20e+03  1.44e+02 -1.00e+05
2016 05 27  1405   57535  50700   5.37e+00  2.40e-01  1.35e-01  6.27e-02  5.14e-02  2.81e-02  4.35e+03  1.44e+02 -1.00e+05
2016 05 27  1410   57535  51000   4.13e+00  1.97e-01  1.41e-01  9.42e-02  5.62e-02  2.51e-02  4.20e+03  1.40e+02 -1.00e+05
2016 05 27  1415   57535  51300   3.57e+00  2.03e-01  1.75e-01  1.33e-01  9.99e-02  7.02e-02  4.18e+03  1.33e+02 -1.00e+05
2016 05 27  1420   57535  51600   3.30e+00  1.70e-01  1.42e-01  9.95e-02  5.54e-02  2.51e-02  4.14e+03  1.26e+02 -1.00e+05
2016 05 27  1425   57535  51900   3.48e+00  1.69e-01  1.41e-01  9.97e-02  8.71e-02  3.74e-02  4.40e+03  1.31e+02 -1.00e+05
2016 05 27  1430   57535  52200   3.61e+00  1.81e-01  1.53e-01  1.11e-01  7.75e-02  4.79e-02  4.42e+03  1.36e+02 -1.00e+05
2016 05 27  1435   57535  52500   5.69e+00  2.48e-01  1.26e-01  5.98e-02  4.84e-02  2.51e-02  4.46e+03  1.32e+02 -1.00e+05
2016 05 27  1440   57535  52800   3.73e+00  1.29e-01  1.01e-01  5.98e-02  4.84e-02  2.51e-02  4.42e+03  1.35e+02 -1.00e+05
2016 05 27  1445   57535  53100   6.49e+00  2.63e-01  1.04e-01  6.05e-02  4.91e-02  2.53e-02  4.49e+03  1.25e+02 -1.00e+05
2016 05 27  1450   57535  53400   6.02e+00  2.47e-01  1.17e-01  7.30e-02  6.16e-02  2.94e-02  4.46e+03  1.33e+02 -1.00e+05
2016 05 27  1455   57535  53700   3.31e+00  1.81e-01  1.53e-01  1.12e-01  1.01e-01  7.76e-02  4.33e+03  1.13e+02 -1.00e+05
2016 05 27  1500   57535  54000   4.02e+00  1.63e-01  1.23e-01  7.93e-02  6.79e-02  3.14e-02  4.62e+03  1.21e+02 -1.00e+05
2016 05 27  1505   57535  54300   5.90e+00  2.75e-01  1.39e-01  9.51e-02  6.44e-02  3.55e-02  4.51e+03  1.13e+02 -1.00e+05
2016 05 27  1510   57535  54600   5.12e+00  2.38e-01  1.33e-01  6.03e-02  4.89e-02  2.56e-02  4.48e+03  1.09e+02 -1.00e+05
2016 05 27  1515   57535  54900   4.66e+00  2.34e-01  1.30e-01  7.45e-02  5.17e-02  2.51e-02  4.38e+03  1.01e+02 -1.00e+05
2016 05 27  1520   57535  55200   2.43e+00  1.84e-01  1.56e-01  1.15e-01  1.03e-01  8.01e-02  4.02e+03  8.18e+01 -1.00e+05
2016 05 27  1525   57535  55500   1.99e+00  1.52e-01  1.24e-01  8.26e-02  7.12e-02  4.79e-02  3.08e+03  6.36e+01 -1.00e+05
2016 05 27  1530   57535  55800   5.10e+00  3.28e-01  1.25e-01  8.11e-02  5.32e-02  2.51e-02  3.30e+03  6.30e+01 -1.00e+05
2016 05 27  1535   57535  56100   4.28e+00  2.67e-01  1.32e-01  8.76e-02  5.47e-02  2.51e-02  3.17e+03  5.84e+01 -1.00e+05
2016 05 27  1540   57535  56400   4.64e+00  2.81e-01  1.46e-01  1.01e-01  5.76e-02  2.51e-02  3.41e+03  6.07e+01 -1.00e+05
2016 05 27  1545   57535  56700   2.16e+00  2.21e-01  1.93e-01  6.67e-02  5.54e-02  2.74e-02  3.21e+03  5.86e+01 -1.00e+05
2016 05 27  1550   57535  57000   1.98e+00  1.51e-01  1.23e-01  8.11e-02  5.32e-02  2.51e-02  3.27e+03  5.73e+01 -1.00e+05
2016 05 27  1555   57535  57300   1.91e+00  1.44e-01  1.16e-01  7.45e-02  5.17e-02  2.51e-02  2.54e+03  4.04e+01 -1.00e+05
2016 05 27  1600   57535  57600   2.19e+00  1.51e-01  1.23e-01  8.11e-02  5.32e-02  2.51e-02  2.84e+03  4.88e+01 -1.00e+05
2016 05 27  1605   57535  57900   2.72e+00  2.05e-01  1.55e-01  1.10e-01  9.58e-02  7.18e-02  2.97e+03  4.75e+01 -1.00e+05
2016 05 27  1610   57535  58200   4.01e+00  4.09e-01  2.22e-01  6.14e-02  4.88e-02  2.51e-02  3.10e+03  5.11e+01 -1.00e+05
2016 05 27  1615   57535  58500   1.95e+00  1.44e-01  1.16e-01  7.51e-02  6.38e-02  4.05e-02  2.99e+03  4.70e+01 -1.00e+05
2016 05 27  1620   57535  58800   2.42e+00  2.25e-01  1.97e-01  5.98e-02  4.84e-02  2.51e-02  3.13e+03  5.22e+01 -1.00e+05
2016 05 27  1625   57535  59100   4.14e+00  2.69e-01  1.54e-01  1.11e-01  9.92e-02  4.15e-02  3.26e+03  5.09e+01 -1.00e+05
2016 05 27  1630   57535  59400   2.41e+00  1.56e-01  1.28e-01  8.64e-02  6.69e-02  4.07e-02  3.21e+03  4.52e+01 -1.00e+05
2016 05 27  1635   57535  59700   2.76e+00  1.64e-01  1.36e-01  9.43e-02  6.64e-02  2.94e-02  3.53e+03  5.46e+01 -1.00e+05
2016 05 27  1640   57535  60000   2.40e+00  3.09e-01  2.81e-01  1.01e-01  5.76e-02  2.51e-02  3.50e+03  5.00e+01 -1.00e+05
2016 05 27  1645   57535  60300   2.55e+00  1.29e-01  1.01e-01  5.98e-02  4.84e-02  2.51e-02  3.55e+03  4.99e+01 -1.00e+05
2016 05 27  1650   57535  60600   2.80e+00  2.07e-01  1.79e-01  1.37e-01  1.05e-01  7.52e-02  3.60e+03  4.96e+01 -1.00e+05
2016 05 27  1655   57535  60900   2.36e+00  1.67e-01  1.39e-01  9.81e-02  8.67e-02  3.74e-02  3.62e+03  4.98e+01 -1.00e+05
2016 05 27  1700   57535  61200   2.83e+00  1.44e-01  1.16e-01  7.51e-02  6.38e-02  4.05e-02  3.57e+03  4.67e+01 -1.00e+05
2016 05 27  1705   57535  61500   2.52e+00  1.81e-01  1.53e-01  6.52e-02  5.39e-02  3.06e-02  3.37e+03  3.38e+01 -1.00e+05
2016 05 27  1710   57535  61800   3.97e+00  2.40e-01  1.30e-01  8.22e-02  7.08e-02  4.27e-02  3.26e+03  3.32e+01 -1.00e+05
2016 05 27  1715   57535  62100   2.59e+00  1.39e-01  1.11e-01  7.02e-02  5.88e-02  3.55e-02  3.23e+03  3.05e+01 -1.00e+05
2016 05 27  1720   57535  62400   2.92e+00  1.93e-01  1.38e-01  7.76e-02  6.62e-02  4.30e-02  3.18e+03  3.15e+01 -1.00e+05
2016 05 27  1725   57535  62700   2.86e+00  1.97e-01  1.41e-01  9.42e-02  5.62e-02  2.51e-02  3.29e+03  3.72e+01 -1.00e+05
2016 05 27  1730   57535  63000   2.38e+00  1.65e-01  1.37e-01  6.05e-02  4.91e-02  2.53e-02  3.11e+03  3.42e+01 -1.00e+05
2016 05 27  1735   57535  63300   2.20e+00  1.88e-01  1.60e-01  1.19e-01  1.07e-01  5.12e-02  3.20e+03  3.68e+01 -1.00e+05
2016 05 27  1740   57535  63600   2.24e+00  1.85e-01  1.57e-01  1.14e-01  6.06e-02  2.51e-02  3.10e+03  3.79e+01 -1.00e+05
2016 05 27  1745   57535  63900   2.23e+00  1.55e-01  1.27e-01  8.55e-02  7.42e-02  3.34e-02  3.23e+03  3.57e+01 -1.00e+05
2016 05 27  1750   57535  64200   3.32e+00  2.57e-01  1.34e-01  6.80e-02  5.03e-02  2.51e-02  3.15e+03  4.01e+01 -1.00e+05
2016 05 27  1755   57535  64500   2.58e+00  3.35e-01  2.28e-01  1.17e-01  1.06e-01  4.35e-02  3.00e+03  4.25e+01 -1.00e+05
2016 05 27  1800   57535  64800   2.04e+00  1.56e-01  1.28e-01  7.02e-02  5.88e-02  3.55e-02  2.86e+03  3.91e+01 -1.00e+05
2016 05 27  1805   57535  65100   4.09e+00  3.27e-01  1.03e-01  5.98e-02  4.84e-02  2.51e-02  2.37e+03  3.11e+01 -1.00e+05
2016 05 27  1810   57535  65400   1.94e+00  2.57e-01  2.02e-01  6.05e-02  4.91e-02  2.53e-02  2.18e+03  2.50e+01 -1.00e+05
2016 05 27  1815   57535  65700   1.34e+00  1.78e-01  1.50e-01  1.07e-01  5.91e-02  2.51e-02  2.11e+03  2.26e+01 -1.00e+05
2016 05 27  1820   57535  66000   1.04e+00  1.67e-01  1.39e-01  9.74e-02  8.61e-02  6.28e-02  2.11e+03  2.76e+01 -1.00e+05
2016 05 27  1825   57535  66300   1.90e+00  2.41e-01  1.37e-01  6.52e-02  5.39e-02  3.06e-02  2.02e+03  2.46e+01 -1.00e+05
2016 05 27  1830   57535  66600   2.77e+00  5.07e-01  2.56e-01  9.87e-02  6.91e-02  4.05e-02  1.74e+03  1.95e+01 -1.00e+05
2016 05 27  1835   57535  66900   1.33e+00  2.01e-01  1.73e-01  1.32e-01  1.20e-01  5.70e-02  1.62e+03  1.93e+01 -1.00e+05
2016 05 27  1840   57535  67200   1.72e+00  2.48e-01  2.04e-01  8.84e-02  7.71e-02  4.48e-02  1.71e+03  2.03e+01 -1.00e+05
2016 05 27  1845   57535  67500   2.33e+00  1.96e-01  1.45e-01  6.67e-02  5.54e-02  2.74e-02  1.51e+03  2.95e+01 -1.00e+05
2016 05 27  1850   57535  67800   1.79e+00  3.78e-01  3.50e-01  3.06e-01  2.02e-01  6.16e-02  1.65e+03  2.79e+01 -1.00e+05
2016 05 27  1855   57535  68100   1.72e+00  1.29e-01  1.01e-01  5.98e-02  4.84e-02  2.51e-02  1.51e+03  3.16e+01 -1.00e+05
2016 05 27  1900   57535  68400   1.92e+00  1.93e-01  1.65e-01  8.44e-02  7.16e-02  4.79e-02  1.43e+03  2.47e+01 -1.00e+05
2016 05 27  1905   57535  68700   2.33e+00  2.34e-01  1.30e-01  7.45e-02  5.17e-02  2.51e-02  1.28e+03  2.55e+01 -1.00e+05
2016 05 27  1910   57535  69000   1.97e+00  1.29e-01  1.01e-01  5.98e-02  4.84e-02  2.51e-02  1.26e+03  1.93e+01 -1.00e+05
2016 05 27  1915   57535  69300   2.42e+00  2.45e-01  2.17e-01  1.75e-01  1.45e-01  6.49e-02  1.41e+03  1.91e+01 -1.00e+05
2016 05 27  1920   57535  69600   2.21e+00  2.06e-01  1.78e-01  8.11e-02  6.97e-02  4.64e-02  1.48e+03  2.03e+01 -1.00e+05
2016 05 27  1925   57535  69900   2.32e+00  1.33e-01  1.05e-01  6.36e-02  5.16e-02  2.81e-02  1.54e+03  1.58e+01 -1.00e+05
2016 05 27  1930   57535  70200   3.49e+00  2.38e-01  1.29e-01  8.50e-02  7.37e-02  5.04e-02  1.65e+03  2.05e+01 -1.00e+05
2016 05 27  1935   57535  70500   2.30e+00  1.43e-01  1.15e-01  6.67e-02  5.54e-02  2.74e-02  1.70e+03  1.98e+01 -1.00e+05
2016 05 27  1940   57535  70800   2.49e+00  1.58e-01  1.29e-01  8.78e-02  6.05e-02  2.96e-02  1.72e+03  1.49e+01 -1.00e+05
2016 05 27  1945   57535  71100   2.36e+00  2.41e-01  2.13e-01  9.71e-02  8.57e-02  5.59e-02  1.67e+03  1.17e+01 -1.00e+05
2016 05 27  1950   57535  71400   2.42e+00  1.82e-01  1.54e-01  1.12e-01  7.98e-02  5.04e-02  1.71e+03  1.27e+01 -1.00e+05
2016 05 27  1955   57535  71700   2.56e+00  2.46e-01  2.18e-01  1.76e-01  1.48e-01  5.56e-02  1.86e+03  1.57e+01 -1.00e+05
2016 05 27  2000   57535  72000   2.35e+00  1.95e-01  1.66e-01  1.20e-01  1.08e-01  8.51e-02  1.82e+03  1.68e+01 -1.00e+05
2016 05 27  2005   57535  72300   4.08e+00  2.68e-01  1.34e-01  9.00e-02  7.86e-02  5.53e-02  1.97e+03  1.78e+01 -1.00e+05
2016 05 27  2010   57535  72600   4.79e+00  2.70e-01  1.36e-01  9.25e-02  8.11e-02  5.78e-02  2.02e+03  1.77e+01 -1.00e+05
2016 05 27  2015   57535  72900   2.36e+00  1.37e-01  1.09e-01  6.77e-02  5.63e-02  3.30e-02  1.99e+03  1.82e+01 -1.00e+05
2016 05 27  2020   57535  73200   2.54e+00  1.94e-01  1.66e-01  1.23e-01  7.58e-02  4.54e-02  2.10e+03  1.60e+01 -1.00e+05
2016 05 27  2025   57535  73500   2.90e+00  1.84e-01  1.56e-01  1.15e-01  1.03e-01  8.01e-02  2.17e+03  1.76e+01 -1.00e+05
2016 05 27  2030   57535  73800   3.95e+00  2.84e-01  1.81e-01  1.12e-01  7.98e-02  5.04e-02  2.13e+03  1.35e+01 -1.00e+05
2016 05 27  2035   57535  74100   2.70e+00  1.47e-01  1.19e-01  5.98e-02  4.84e-02  2.51e-02  2.10e+03  1.70e+01 -1.00e+05
2016 05 27  2040   57535  74400   2.54e+00  1.70e-01  1.42e-01  6.14e-02  4.88e-02  2.51e-02  2.13e+03  1.50e+01 -1.00e+05
2016 05 27  2045   57535  74700   4.36e+00  4.40e-01  2.59e-01  1.12e-01  1.01e-01  7.76e-02  2.14e+03  1.48e+01 -1.00e+05
2016 05 27  2050   57535  75000   3.54e+00  2.48e-01  1.43e-01  8.76e-02  5.47e-02  2.51e-02  2.10e+03  1.61e+01 -1.00e+05
2016 05 27  2055   57535  75300   2.28e+00  2.25e-01  1.97e-01  5.98e-02  4.84e-02  2.51e-02  2.05e+03  1.59e+01 -1.00e+05
2016 05 27  2100   57535  75600   2.23e+00  1.29e-01  1.01e-01  5.98e-02  4.84e-02  2.51e-02  2.02e+03  1.46e+01 -1.00e+05
2016 05 27  2105   57535  75900   2.14e+00  1.91e-01  1.63e-01  7.51e-02  6.38e-02  4.05e-02  1.97e+03  1.44e+01 -1.00e+05
2016 05 27  2110   57535  76200   1.91e+00  2.34e-01  2.06e-01  6.80e-02  5.03e-02  2.51e-02  1.89e+03  1.33e+01 -1.00e+05
2016 05 27  2115   57535  76500   1.76e+00  1.63e-01  1.23e-01  7.93e-02  6.79e-02  3.14e-02  1.93e+03  1.05e+01 -1.00e+05
2016 05 27  2120   57535  76800   1.74e+00  2.71e-01  2.43e-01  9.42e-02  5.62e-02  2.51e-02  1.78e+03  1.01e+01 -1.00e+05
2016 05 27  2125   57535  77100   1.91e+00  2.99e-01  2.71e-01  1.49e-01  1.22e-01  6.60e-02  1.82e+03  7.98e+00 -1.00e+05
2016 05 27  2130   57535  77400   1.66e+00  1.47e-01  1.19e-01  5.98e-02  4.84e-02  2.51e-02  1.87e+03  8.24e+00 -1.00e+05
2016 05 27  2135   57535  77700   2.54e+00  2.53e-01  1.32e-01  6.77e-02  5.63e-02  3.30e-02  1.81e+03  7.54e+00 -1.00e+05
2016 05 27  2140   57535  78000   1.52e+00  2.05e-01  1.77e-01  9.81e-02  8.67e-02  3.74e-02  1.85e+03  8.68e+00 -1.00e+05
2016 05 27  2145   57535  78300   2.50e+00  2.61e-01  1.58e-01  9.25e-02  8.11e-02  5.78e-02  1.79e+03  9.15e+00 -1.00e+05
2016 05 27  2150   57535  78600   1.31e+00  1.31e-01  1.03e-01  6.14e-02  4.88e-02  2.51e-02  1.71e+03  8.05e+00 -1.00e+05
2016 05 27  2155   57535  78900   1.11e+00  1.64e-01  1.36e-01  9.49e-02  8.36e-02  6.03e-02  1.57e+03  6.23e+00 -1.00e+05
2016 05 27  2200   57535  79200   1.14e+00  1.72e-01  1.44e-01  1.01e-01  5.55e-02  2.51e-02  1.52e+03  5.25e+00 -1.00e+05
2016 05 27  2205   57535  79500   1.35e+00  2.66e-01  2.38e-01  7.99e-02  5.30e-02  2.52e-02  1.37e+03  6.21e+00 -1.00e+05
2016 05 27  2210   57535  79800   1.57e+00  2.52e-01  1.44e-01  1.04e-01  9.08e-02  6.70e-02  1.34e+03  5.12e+00 -1.00e+05
2016 05 27  2215   57535  80100   1.00e+00  1.58e-01  1.30e-01  9.19e-02  8.05e-02  5.71e-02  1.21e+03  3.14e+00 -1.00e+05
2016 05 27  2220   57535  80400   9.05e-01  2.21e-01  1.94e-01  1.55e-01  1.38e-01  5.34e-02  1.08e+03  3.19e+00 -1.00e+05
2016 05 27  2225   57535  80700   7.21e-01  1.68e-01  1.40e-01  1.02e-01  9.04e-02  6.70e-02  9.19e+02  3.15e+00 -1.00e+05
2016 05 27  2230   57535  81000   1.21e+00  4.12e-01  2.25e-01  8.45e-02  7.30e-02  4.97e-02  7.60e+02  4.35e-01 -1.00e+05
2016 05 27  2235   57535  81300   7.99e-01  2.09e-01  1.81e-01  1.41e-01  9.73e-02  6.46e-02  6.40e+02  1.25e+00 -1.00e+05
2016 05 27  2240   57535  81600   7.78e-01  1.26e-01  9.85e-02  5.99e-02  4.85e-02  2.52e-02  5.80e+02  2.38e-01 -1.00e+05
2016 05 27  2245   57535  81900   1.23e+00  1.26e-01  9.85e-02  5.99e-02  4.85e-02  2.52e-02  5.05e+02  1.56e+00 -1.00e+05
2016 05 27  2250   57535  82200   1.04e+00  2.21e-01  1.29e-01  7.90e-02  6.76e-02  3.13e-02  4.75e+02  3.18e+00 -1.00e+05
2016 05 27  2255   57535  82500   1.10e+00  2.76e-01  2.49e-01  7.99e-02  5.30e-02  2.52e-02  4.73e+02  1.33e-01 -1.00e+05
2016 05 27  2300   57535  82800   9.48e-01  1.26e-01  9.85e-02  5.99e-02  4.85e-02  2.52e-02  4.71e+02  2.69e+00 -1.00e+05
2016 05 27  2305   57535  83100   8.49e-01  1.26e-01  9.85e-02  5.99e-02  4.85e-02  2.52e-02  5.52e+02  1.73e+00 -1.00e+05
2016 05 27  2310   57535  83400   1.38e+00  2.14e-01  1.05e-01  6.47e-02  5.32e-02  2.99e-02  6.04e+02  1.33e-01 -1.00e+05
2016 05 27  2315   57535  83700   9.69e-01  2.57e-01  2.30e-01  9.30e-02  6.10e-02  2.73e-02  6.19e+02  1.84e+00 -1.00e+05
2016 05 27  2320   57535  84000   1.22e+00  2.05e-01  1.50e-01  1.07e-01  9.53e-02  7.20e-02  6.59e+02  1.56e+00 -1.00e+05
2016 05 27  2325   57535  84300   7.23e-01  1.26e-01  9.85e-02  5.99e-02  4.85e-02  2.52e-02  6.60e+02  8.50e-01 -1.00e+05
2016 05 27  2330   57535  84600   9.37e-01  2.09e-01  1.81e-01  1.40e-01  8.09e-02  3.13e-02  7.26e+02  1.33e-01 -1.00e+05
2016 05 27  2335   57535  84900   8.39e-01  1.26e-01  9.85e-02  5.99e-02  4.85e-02  2.52e-02  7.90e+02  1.33e-01 -1.00e+05
2016 05 27  2340   57535  85200   1.00e+00  1.68e-01  1.40e-01  5.99e-02  4.85e-02  2.52e-02  8.79e+02  2.98e+00 -1.00e+05
2016 05 27  2345   57535  85500   8.69e-01  1.46e-01  1.18e-01  7.95e-02  6.81e-02  4.47e-02  8.10e+02  3.54e-01 -1.00e+05
2016 05 27  2350   57535  85800   1.02e+00  2.49e-01  1.44e-01  9.19e-02  8.05e-02  5.71e-02  5.41e+02  1.33e-01 -1.00e+05
2016 05 27  2355   57535  86100   4.04e-01  1.26e-01  9.85e-02  5.99e-02  4.85e-02  2.52e-02  4.23e+02  1.33e-01 -1.00e+05
