:Data_list: 20160815_Gp_part_5m.txt
:Created: 2016 Aug 16 0011 UTC
# Prepared by the U.S. Dept. of Commerce, NOAA, Space Weather Prediction Center
# Please send comments and suggestions to SWPC.Webmaster@noaa.gov 
# 
# Label: P > 1 = Particles at >1 Mev
# Label: P > 5 = Particles at >5 Mev
# Label: P >10 = Particles at >10 Mev
# Label: P >30 = Particles at >30 Mev
# Label: P >50 = Particles at >50 Mev
# Label: P>100 = Particles at >100 Mev
# Label: E>0.8 = Electrons at >0.8 Mev
# Label: E>2.0 = Electrons at >2.0 Mev
# Label: E>4.0 = Electrons at >4.0 Mev
# Units: Particles = Protons/cm2-s-sr
# Units: Electrons = Electrons/cm2-s-sr
# Source: GOES-13
# Location: W075
# Missing data: -1.00e+05
#
#                      5-minute  GOES-13 Solar Particle and Electron Flux
#
#                 Modified Seconds
# UTC Date  Time   Julian  of the
# YR MO DA  HHMM    Day     Day     P > 1     P > 5     P >10     P >30     P >50     P>100     E>0.8     E>2.0     E>4.0
#-------------------------------------------------------------------------------------------------------------------------
2016 08 15  0000   57615      0   1.23e+01  1.99e-01  1.72e-01  1.30e-01  1.06e-01  4.56e-02  5.42e+04  4.10e+03 -1.00e+05
2016 08 15  0005   57615    300   1.36e+01  1.88e-01  1.60e-01  1.19e-01  1.08e-01  8.43e-02  5.45e+04  4.12e+03 -1.00e+05
2016 08 15  0010   57615    600   1.11e+01  1.29e-01  1.01e-01  5.97e-02  4.81e-02  2.48e-02  5.22e+04  3.97e+03 -1.00e+05
2016 08 15  0015   57615    900   1.44e+01  2.16e-01  1.54e-01  5.97e-02  4.81e-02  2.48e-02  5.33e+04  3.99e+03 -1.00e+05
2016 08 15  0020   57615   1200   1.67e+01  2.78e-01  1.70e-01  1.14e-01  8.52e-02  5.70e-02  5.45e+04  3.95e+03 -1.00e+05
2016 08 15  0025   57615   1500   1.54e+01  2.49e-01  1.40e-01  8.44e-02  7.29e-02  4.96e-02  5.29e+04  3.82e+03 -1.00e+05
2016 08 15  0030   57615   1800   1.88e+01  5.78e-01  2.36e-01  7.72e-02  5.20e-02  2.48e-02  5.19e+04  3.79e+03 -1.00e+05
2016 08 15  0035   57615   2100   8.25e+00  1.89e-01  1.62e-01  1.17e-01  1.05e-01  8.18e-02  5.17e+04  3.67e+03 -1.00e+05
2016 08 15  0040   57615   2400   8.22e+00  1.34e-01  1.06e-01  6.46e-02  5.30e-02  2.98e-02  4.97e+04  3.59e+03 -1.00e+05
2016 08 15  0045   57615   2700   9.58e+00  1.69e-01  1.42e-01  1.00e-01  8.89e-02  3.79e-02  4.93e+04  3.48e+03 -1.00e+05
2016 08 15  0050   57615   3000   1.69e+01  2.91e-01  1.28e-01  8.37e-02  5.35e-02  2.48e-02  4.93e+04  3.43e+03 -1.00e+05
2016 08 15  0055   57615   3300   8.22e+00  1.88e-01  1.60e-01  1.19e-01  1.08e-01  8.43e-02  4.83e+04  3.36e+03 -1.00e+05
2016 08 15  0100   57615   3600   8.12e+00  1.41e-01  1.13e-01  7.21e-02  6.05e-02  3.72e-02  4.90e+04  3.36e+03 -1.00e+05
2016 08 15  0105   57615   3900   8.17e+00  1.51e-01  1.23e-01  8.20e-02  7.04e-02  4.71e-02  4.84e+04  3.29e+03 -1.00e+05
2016 08 15  0110   57615   4200   7.23e+00  1.43e-01  1.16e-01  7.45e-02  6.29e-02  3.97e-02  4.68e+04  3.27e+03 -1.00e+05
2016 08 15  0115   57615   4500   1.53e+01  3.36e-01  1.44e-01  1.00e-01  8.89e-02  3.79e-02  4.66e+04  3.22e+03 -1.00e+05
2016 08 15  0120   57615   4800   8.43e+00  2.24e-01  1.97e-01  6.22e-02  5.06e-02  2.73e-02  4.66e+04  3.18e+03 -1.00e+05
2016 08 15  0125   57615   5100   7.82e+00  1.63e-01  1.36e-01  9.44e-02  8.28e-02  5.95e-02  4.62e+04  3.14e+03 -1.00e+05
2016 08 15  0130   57615   5400   7.83e+00  1.64e-01  1.36e-01  5.97e-02  4.81e-02  2.48e-02  4.54e+04  3.08e+03 -1.00e+05
2016 08 15  0135   57615   5700   1.55e+01  3.10e-01  1.01e-01  6.06e-02  4.89e-02  2.53e-02  4.40e+04  2.99e+03 -1.00e+05
2016 08 15  0140   57615   6000   6.87e+00  1.76e-01  1.45e-01  6.93e-02  5.08e-02  2.53e-02  4.40e+04  2.99e+03 -1.00e+05
2016 08 15  0145   57615   6300   1.10e+01  2.21e-01  1.02e-01  6.06e-02  4.89e-02  2.53e-02  4.40e+04  2.98e+03 -1.00e+05
2016 08 15  0150   57615   6600   7.14e+00  1.68e-01  1.37e-01  9.78e-02  8.61e-02  6.25e-02  4.40e+04  2.91e+03 -1.00e+05
2016 08 15  0155   57615   6900   8.41e+00  1.85e-01  1.09e-01  6.06e-02  4.89e-02  2.53e-02  4.40e+04  2.88e+03 -1.00e+05
2016 08 15  0200   57615   7200   6.11e+00  2.60e-01  2.29e-01  1.89e-01  1.63e-01  8.60e-02  4.40e+04  2.85e+03 -1.00e+05
2016 08 15  0205   57615   7500   6.34e+00  1.31e-01  1.00e-01  6.06e-02  4.89e-02  2.53e-02  4.40e+04  2.93e+03 -1.00e+05
2016 08 15  0210   57615   7800   6.08e+00  1.73e-01  1.43e-01  1.02e-01  5.82e-02  2.53e-02  4.40e+04  2.93e+03 -1.00e+05
2016 08 15  0215   57615   8100   5.34e+00  1.96e-01  1.66e-01  1.26e-01  1.15e-01  4.64e-02  4.40e+04  2.91e+03 -1.00e+05
2016 08 15  0220   57615   8400   5.45e+00  1.65e-01  1.34e-01  9.49e-02  8.32e-02  3.63e-02  4.40e+04  2.86e+03 -1.00e+05
2016 08 15  0225   57615   8700   7.15e+00  2.15e-01  1.40e-01  9.19e-02  7.32e-02  4.76e-02  4.36e+04  2.80e+03 -1.00e+05
2016 08 15  0230   57615   9000   5.23e+00  2.08e-01  1.77e-01  1.36e-01  9.25e-02  3.63e-02  4.22e+04  2.75e+03 -1.00e+05
2016 08 15  0235   57615   9300   1.02e+01  3.49e-01  1.41e-01  1.00e-01  8.85e-02  6.50e-02  4.16e+04  2.77e+03 -1.00e+05
2016 08 15  0240   57615   9600   5.10e+00  1.40e-01  1.09e-01  6.93e-02  5.08e-02  2.53e-02  4.16e+04  2.74e+03 -1.00e+05
2016 08 15  0245   57615   9900   8.07e+00  3.00e-01  1.59e-01  7.80e-02  6.62e-02  4.27e-02  4.16e+04  2.73e+03 -1.00e+05
2016 08 15  0250   57615  10200   4.67e+00  2.45e-01  2.14e-01  6.06e-02  4.89e-02  2.53e-02  4.16e+04  2.82e+03 -1.00e+05
2016 08 15  0255   57615  10500   5.47e+00  2.69e-01  1.93e-01  7.30e-02  6.13e-02  3.77e-02  4.16e+04  2.75e+03 -1.00e+05
2016 08 15  0300   57615  10800   4.55e+00  1.40e-01  1.09e-01  6.93e-02  5.08e-02  2.53e-02  4.10e+04  2.75e+03 -1.00e+05
2016 08 15  0305   57615  11100   4.34e+00  1.40e-01  1.09e-01  6.98e-02  5.81e-02  2.83e-02  3.97e+04  2.69e+03 -1.00e+05
2016 08 15  0310   57615  11400   5.00e+00  1.31e-01  1.00e-01  6.06e-02  4.89e-02  2.53e-02  3.96e+04  2.69e+03 -1.00e+05
2016 08 15  0315   57615  11700   5.25e+00  2.47e-01  2.16e-01  6.27e-02  4.94e-02  2.53e-02  3.96e+04  2.70e+03 -1.00e+05
2016 08 15  0320   57615  12000   4.48e+00  1.80e-01  1.50e-01  1.09e-01  5.97e-02  2.53e-02  3.97e+04  2.70e+03 -1.00e+05
2016 08 15  0325   57615  12300   4.12e+00  1.52e-01  1.22e-01  8.24e-02  7.06e-02  3.23e-02  3.94e+04  2.65e+03 -1.00e+05
2016 08 15  0330   57615  12600   4.17e+00  1.72e-01  1.41e-01  6.06e-02  4.89e-02  2.53e-02  3.96e+04  2.66e+03 -1.00e+05
2016 08 15  0335   57615  12900   5.50e+00  2.84e-01  1.58e-01  6.06e-02  4.89e-02  2.53e-02  3.79e+04  2.57e+03 -1.00e+05
2016 08 15  0340   57615  13200   3.67e+00  1.46e-01  1.16e-01  7.58e-02  5.23e-02  2.53e-02  3.90e+04  2.62e+03 -1.00e+05
2016 08 15  0345   57615  13500   3.61e+00  1.31e-01  1.00e-01  6.06e-02  4.89e-02  2.53e-02  3.78e+04  2.56e+03 -1.00e+05
2016 08 15  0350   57615  13800   4.50e+00  2.57e-01  1.86e-01  1.15e-01  8.10e-02  4.70e-02  3.85e+04  2.57e+03 -1.00e+05
2016 08 15  0355   57615  14100   3.66e+00  1.31e-01  1.00e-01  6.06e-02  4.89e-02  2.53e-02  3.86e+04  2.61e+03 -1.00e+05
2016 08 15  0400   57615  14400   3.48e+00  1.46e-01  1.15e-01  7.55e-02  6.38e-02  4.02e-02  3.92e+04  2.68e+03 -1.00e+05
2016 08 15  0405   57615  14700   2.75e+00  2.03e-01  1.72e-01  1.33e-01  1.21e-01  4.84e-02  3.68e+04  2.49e+03 -1.00e+05
2016 08 15  0410   57615  15000   2.81e+00  1.96e-01  1.66e-01  9.78e-02  8.61e-02  6.25e-02  3.47e+04  2.48e+03 -1.00e+05
2016 08 15  0415   57615  15300   6.18e+00  3.72e-01  1.46e-01  6.06e-02  4.89e-02  2.53e-02  3.68e+04  2.60e+03 -1.00e+05
2016 08 15  0420   57615  15600   2.90e+00  1.40e-01  1.09e-01  6.93e-02  5.08e-02  2.53e-02  3.81e+04  2.69e+03 -1.00e+05
2016 08 15  0425   57615  15900   2.80e+00  1.72e-01  1.41e-01  6.06e-02  4.89e-02  2.53e-02  3.33e+04  2.35e+03 -1.00e+05
2016 08 15  0430   57615  16200   2.82e+00  2.93e-01  2.62e-01  1.21e-01  1.10e-01  8.60e-02  3.34e+04  2.33e+03 -1.00e+05
2016 08 15  0435   57615  16500   2.52e+00  1.34e-01  1.03e-01  6.35e-02  5.18e-02  2.63e-02  3.49e+04  2.48e+03 -1.00e+05
2016 08 15  0440   57615  16800   2.63e+00  1.31e-01  1.00e-01  6.06e-02  4.89e-02  2.53e-02  3.54e+04  2.51e+03 -1.00e+05
2016 08 15  0445   57615  17100   3.39e+00  1.85e-01  1.09e-01  6.06e-02  4.89e-02  2.53e-02  3.51e+04  2.52e+03 -1.00e+05
2016 08 15  0450   57615  17400   2.16e+00  1.78e-01  1.47e-01  1.07e-01  9.57e-02  4.04e-02  3.56e+04  2.55e+03 -1.00e+05
2016 08 15  0455   57615  17700   2.48e+00  2.34e-01  2.04e-01  1.03e-01  9.10e-02  6.75e-02  3.55e+04  2.55e+03 -1.00e+05
2016 08 15  0500   57615  18000   2.50e+00  3.43e-01  3.12e-01  1.42e-01  9.60e-02  6.25e-02  3.49e+04  2.48e+03 -1.00e+05
2016 08 15  0505   57615  18300   3.29e+00  2.77e-01  1.54e-01  9.78e-02  8.61e-02  6.25e-02  3.56e+04  2.50e+03 -1.00e+05
2016 08 15  0510   57615  18600   3.69e+00  4.15e-01  2.11e-01  6.81e-02  5.63e-02  3.28e-02  3.44e+04  2.42e+03 -1.00e+05
2016 08 15  0515   57615  18900   3.05e+00  2.43e-01  1.17e-01  6.06e-02  4.89e-02  2.53e-02  3.37e+04  2.34e+03 -1.00e+05
2016 08 15  0520   57615  19200   1.82e+00  1.67e-01  1.36e-01  6.06e-02  4.89e-02  2.53e-02  3.41e+04  2.40e+03 -1.00e+05
2016 08 15  0525   57615  19500   2.42e+00  2.31e-01  2.01e-01  1.23e-01  9.91e-02  4.04e-02  3.49e+04  2.43e+03 -1.00e+05
2016 08 15  0530   57615  19800   2.21e+00  1.97e-01  1.67e-01  1.25e-01  6.73e-02  3.03e-02  3.45e+04  2.41e+03 -1.00e+05
2016 08 15  0535   57615  20100   2.32e+00  1.77e-01  1.46e-01  7.30e-02  6.13e-02  3.77e-02  3.39e+04  2.31e+03 -1.00e+05
2016 08 15  0540   57615  20400   2.46e+00  3.28e-01  2.97e-01  1.52e-01  1.15e-01  8.48e-02  3.39e+04  2.33e+03 -1.00e+05
2016 08 15  0545   57615  20700   2.22e+00  1.31e-01  1.00e-01  6.06e-02  4.89e-02  2.53e-02  3.43e+04  2.36e+03 -1.00e+05
2016 08 15  0550   57615  21000   2.15e+00  2.84e-01  2.53e-01  1.10e-01  9.84e-02  7.49e-02  3.44e+04  2.34e+03 -1.00e+05
2016 08 15  0555   57615  21300   2.38e+00  2.27e-01  1.97e-01  1.56e-01  1.02e-01  3.84e-02  3.51e+04  2.36e+03 -1.00e+05
2016 08 15  0600   57615  21600   2.10e+00  1.66e-01  1.35e-01  9.54e-02  7.72e-02  5.07e-02  3.56e+04  2.38e+03 -1.00e+05
2016 08 15  0605   57615  21900   2.39e+00  2.84e-01  2.53e-01  1.10e-01  9.84e-02  7.49e-02  3.56e+04  2.38e+03 -1.00e+05
2016 08 15  0610   57615  22200   2.01e+00  1.31e-01  1.00e-01  6.06e-02  4.89e-02  2.53e-02  3.50e+04  2.28e+03 -1.00e+05
2016 08 15  0615   57615  22500   3.11e+00  3.61e-01  2.36e-01  6.63e-02  5.40e-02  3.03e-02  3.34e+04  2.12e+03 -1.00e+05
2016 08 15  0620   57615  22800   2.32e+00  2.45e-01  2.14e-01  6.06e-02  4.89e-02  2.53e-02  3.30e+04  2.08e+03 -1.00e+05
2016 08 15  0625   57615  23100   2.38e+00  1.85e-01  1.09e-01  6.06e-02  4.89e-02  2.53e-02  3.30e+04  2.06e+03 -1.00e+05
2016 08 15  0630   57615  23400   4.71e+00  3.62e-01  1.53e-01  1.12e-01  7.77e-02  4.76e-02  3.30e+04  2.09e+03 -1.00e+05
2016 08 15  0635   57615  23700   2.30e+00  2.00e-01  1.69e-01  1.27e-01  6.83e-02  2.83e-02  3.39e+04  2.09e+03 -1.00e+05
2016 08 15  0640   57615  24000   2.24e+00  2.71e-01  2.41e-01  2.00e-01  1.46e-01  5.24e-02  3.36e+04  2.11e+03 -1.00e+05
2016 08 15  0645   57615  24300   2.11e+00  1.31e-01  1.00e-01  6.06e-02  4.89e-02  2.53e-02  3.44e+04  2.13e+03 -1.00e+05
2016 08 15  0650   57615  24600   2.09e+00  1.31e-01  1.00e-01  6.06e-02  4.89e-02  2.53e-02  3.46e+04  2.16e+03 -1.00e+05
2016 08 15  0655   57615  24900   2.02e+00  1.31e-01  1.00e-01  6.06e-02  4.89e-02  2.53e-02  3.19e+04  2.01e+03 -1.00e+05
2016 08 15  0700   57615  25200   2.14e+00  1.86e-01  1.22e-01  7.61e-02  6.44e-02  3.03e-02  2.78e+04  1.66e+03 -1.00e+05
2016 08 15  0705   57615  25500   4.06e+00  3.49e-01  1.49e-01  6.56e-02  5.39e-02  3.03e-02  3.01e+04  1.76e+03 -1.00e+05
2016 08 15  0710   57615  25800   2.42e+00  1.31e-01  1.00e-01  6.06e-02  4.89e-02  2.53e-02  2.87e+04  1.75e+03 -1.00e+05
2016 08 15  0715   57615  26100   3.66e+00  2.96e-01  1.86e-01  1.45e-01  1.33e-01  5.25e-02  2.64e+04  1.51e+03 -1.00e+05
2016 08 15  0720   57615  26400   3.97e+00  2.25e-01  1.94e-01  1.55e-01  1.43e-01  6.73e-02  2.26e+04  1.32e+03 -1.00e+05
2016 08 15  0725   57615  26700   4.54e+00  1.94e-01  1.63e-01  1.24e-01  1.12e-01  5.91e-02  2.37e+04  1.33e+03 -1.00e+05
2016 08 15  0730   57615  27000   3.93e+00  2.52e-01  2.22e-01  1.56e-01  1.10e-01  7.98e-02  2.65e+04  1.59e+03 -1.00e+05
2016 08 15  0735   57615  27300   3.51e+00  1.67e-01  1.36e-01  6.06e-02  4.89e-02  2.53e-02  3.57e+04  2.46e+03 -1.00e+05
2016 08 15  0740   57615  27600   3.77e+00  1.67e-01  1.36e-01  6.06e-02  4.89e-02  2.53e-02  3.91e+04  2.81e+03 -1.00e+05
2016 08 15  0745   57615  27900   3.70e+00  1.69e-01  1.38e-01  9.79e-02  6.69e-02  3.77e-02  4.11e+04  3.03e+03 -1.00e+05
2016 08 15  0750   57615  28200   5.35e+00  2.33e-01  1.14e-01  7.30e-02  6.13e-02  3.77e-02  4.27e+04  3.26e+03 -1.00e+05
2016 08 15  0755   57615  28500   6.42e+00  2.57e-01  1.14e-01  7.30e-02  6.13e-02  3.77e-02  4.58e+04  3.56e+03 -1.00e+05
2016 08 15  0800   57615  28800   3.85e+00  1.71e-01  1.40e-01  6.56e-02  5.39e-02  3.03e-02  4.68e+04  3.67e+03 -1.00e+05
2016 08 15  0805   57615  29100   5.99e+00  2.43e-01  1.17e-01  6.06e-02  4.89e-02  2.53e-02  4.70e+04  3.81e+03 -1.00e+05
2016 08 15  0810   57615  29400   4.26e+00  1.87e-01  1.56e-01  1.15e-01  6.12e-02  2.53e-02  4.93e+04  3.88e+03 -1.00e+05
2016 08 15  0815   57615  29700   3.96e+00  1.33e-01  1.02e-01  6.27e-02  4.94e-02  2.53e-02  4.79e+04  3.76e+03 -1.00e+05
2016 08 15  0820   57615  30000   4.46e+00  1.95e-01  1.64e-01  7.61e-02  6.44e-02  3.03e-02  4.69e+04  3.85e+03 -1.00e+05
2016 08 15  0825   57615  30300   3.52e+00  1.46e-01  1.16e-01  7.61e-02  6.44e-02  3.03e-02  4.93e+04  3.88e+03 -1.00e+05
2016 08 15  0830   57615  30600   3.89e+00  1.50e-01  1.19e-01  7.94e-02  6.77e-02  4.31e-02  4.74e+04  3.76e+03 -1.00e+05
2016 08 15  0835   57615  30900   5.00e+00  2.32e-01  1.56e-01  7.55e-02  6.38e-02  4.02e-02  4.91e+04  3.78e+03 -1.00e+05
2016 08 15  0840   57615  31200   4.30e+00  2.66e-01  2.06e-01  8.24e-02  7.06e-02  3.23e-02  4.88e+04  3.75e+03 -1.00e+05
2016 08 15  0845   57615  31500   6.34e+00  2.59e-01  1.23e-01  8.24e-02  7.06e-02  3.23e-02  4.77e+04  3.74e+03 -1.00e+05
2016 08 15  0850   57615  31800   3.66e+00  2.67e-01  2.37e-01  8.24e-02  5.38e-02  2.53e-02  4.93e+04  3.86e+03 -1.00e+05
2016 08 15  0855   57615  32100   3.20e+00  1.31e-01  1.00e-01  6.06e-02  4.89e-02  2.53e-02  4.93e+04  3.89e+03 -1.00e+05
2016 08 15  0900   57615  32400   3.23e+00  1.53e-01  1.22e-01  8.26e-02  7.09e-02  4.73e-02  4.93e+04  3.91e+03 -1.00e+05
2016 08 15  0905   57615  32700   3.32e+00  1.73e-01  1.43e-01  1.02e-01  5.82e-02  2.53e-02  4.93e+04  3.93e+03 -1.00e+05
2016 08 15  0910   57615  33000   3.99e+00  2.25e-01  1.48e-01  6.56e-02  5.39e-02  3.03e-02  4.94e+04  4.04e+03 -1.00e+05
2016 08 15  0915   57615  33300   3.25e+00  1.65e-01  1.34e-01  9.49e-02  8.32e-02  3.63e-02  4.95e+04  4.09e+03 -1.00e+05
2016 08 15  0920   57615  33600   3.18e+00  1.67e-01  1.36e-01  9.55e-02  5.67e-02  2.53e-02  5.11e+04  4.13e+03 -1.00e+05
2016 08 15  0925   57615  33900   5.30e+00  2.33e-01  1.14e-01  7.30e-02  6.13e-02  3.77e-02  5.19e+04  4.17e+03 -1.00e+05
2016 08 15  0930   57615  34200   3.53e+00  2.23e-01  1.93e-01  9.49e-02  8.32e-02  3.63e-02  5.19e+04  4.30e+03 -1.00e+05
2016 08 15  0935   57615  34500   5.58e+00  2.55e-01  1.12e-01  7.05e-02  5.88e-02  3.53e-02  5.19e+04  4.34e+03 -1.00e+05
2016 08 15  0940   57615  34800   4.46e+00  1.85e-01  1.09e-01  6.06e-02  4.89e-02  2.53e-02  5.19e+04  4.33e+03 -1.00e+05
2016 08 15  0945   57615  35100   6.64e+00  2.73e-01  1.07e-01  6.56e-02  5.39e-02  3.03e-02  5.19e+04  4.35e+03 -1.00e+05
2016 08 15  0950   57615  35400   3.53e+00  1.34e-01  1.03e-01  6.35e-02  5.18e-02  2.63e-02  5.19e+04  4.42e+03 -1.00e+05
2016 08 15  0955   57615  35700   4.47e+00  2.08e-01  1.31e-01  8.24e-02  5.38e-02  2.53e-02  5.19e+04  4.40e+03 -1.00e+05
2016 08 15  1000   57615  36000   3.37e+00  1.65e-01  1.34e-01  9.49e-02  8.32e-02  3.63e-02  5.20e+04  4.43e+03 -1.00e+05
2016 08 15  1005   57615  36300   6.10e+00  4.42e-01  2.16e-01  8.24e-02  7.06e-02  3.23e-02  5.27e+04  4.46e+03 -1.00e+05
2016 08 15  1010   57615  36600   7.16e+00  3.90e-01  1.71e-01  9.53e-02  8.36e-02  6.00e-02  5.43e+04  4.57e+03 -1.00e+05
2016 08 15  1015   57615  36900   3.70e+00  2.54e-01  2.23e-01  6.93e-02  5.08e-02  2.53e-02  5.46e+04  4.64e+03 -1.00e+05
2016 08 15  1020   57615  37200   3.49e+00  1.67e-01  1.36e-01  6.06e-02  4.89e-02  2.53e-02  5.46e+04  4.69e+03 -1.00e+05
2016 08 15  1025   57615  37500   3.57e+00  2.47e-01  2.16e-01  6.27e-02  4.94e-02  2.53e-02  5.46e+04  4.65e+03 -1.00e+05
2016 08 15  1030   57615  37800   6.08e+00  2.45e-01  1.02e-01  6.06e-02  4.89e-02  2.53e-02  5.46e+04  4.66e+03 -1.00e+05
2016 08 15  1035   57615  38100   3.86e+00  1.80e-01  1.49e-01  7.76e-02  6.13e-02  3.56e-02  5.46e+04  4.64e+03 -1.00e+05
2016 08 15  1040   57615  38400   4.02e+00  1.31e-01  1.00e-01  6.06e-02  4.89e-02  2.53e-02  5.53e+04  4.74e+03 -1.00e+05
2016 08 15  1045   57615  38700   3.73e+00  1.80e-01  1.49e-01  1.10e-01  9.81e-02  4.95e-02  5.58e+04  4.82e+03 -1.00e+05
2016 08 15  1050   57615  39000   4.32e+00  1.67e-01  1.36e-01  6.06e-02  4.89e-02  2.53e-02  5.52e+04  4.76e+03 -1.00e+05
2016 08 15  1055   57615  39300   5.12e+00  1.87e-01  1.27e-01  8.24e-02  7.06e-02  3.23e-02  5.53e+04  4.80e+03 -1.00e+05
2016 08 15  1100   57615  39600   5.41e+00  2.22e-01  1.45e-01  6.06e-02  4.89e-02  2.53e-02  5.63e+04  4.83e+03 -1.00e+05
2016 08 15  1105   57615  39900   5.18e+00  2.33e-01  1.59e-01  1.12e-01  9.88e-02  7.49e-02  5.71e+04  4.83e+03 -1.00e+05
2016 08 15  1110   57615  40200   3.74e+00  1.43e-01  1.13e-01  7.30e-02  6.13e-02  3.77e-02  5.73e+04  4.87e+03 -1.00e+05
2016 08 15  1115   57615  40500   4.23e+00  2.03e-01  1.72e-01  1.33e-01  1.21e-01  4.84e-02  5.73e+04  4.95e+03 -1.00e+05
2016 08 15  1120   57615  40800   5.10e+00  1.99e-01  1.35e-01  7.82e-02  6.48e-02  3.03e-02  5.73e+04  5.03e+03 -1.00e+05
2016 08 15  1125   57615  41100   4.72e+00  1.74e-01  1.43e-01  1.02e-01  5.59e-02  2.53e-02  5.73e+04  5.13e+03 -1.00e+05
2016 08 15  1130   57615  41400   4.40e+00  1.72e-01  1.41e-01  6.06e-02  4.89e-02  2.53e-02  5.74e+04  5.16e+03 -1.00e+05
2016 08 15  1135   57615  41700   4.52e+00  2.08e-01  1.77e-01  9.78e-02  8.61e-02  6.25e-02  5.89e+04  5.25e+03 -1.00e+05
2016 08 15  1140   57615  42000   6.43e+00  1.85e-01  1.09e-01  6.06e-02  4.89e-02  2.53e-02  5.97e+04  5.33e+03 -1.00e+05
2016 08 15  1145   57615  42300   4.98e+00  1.46e-01  1.16e-01  7.58e-02  5.23e-02  2.53e-02  5.99e+04  5.39e+03 -1.00e+05
2016 08 15  1150   57615  42600   4.91e+00  1.72e-01  1.41e-01  6.06e-02  4.89e-02  2.53e-02  5.99e+04  5.43e+03 -1.00e+05
2016 08 15  1155   57615  42900   5.10e+00  1.58e-01  1.27e-01  8.79e-02  7.61e-02  5.26e-02  5.99e+04  5.44e+03 -1.00e+05
2016 08 15  1200   57615  43200   5.38e+00  2.01e-01  1.70e-01  1.30e-01  9.10e-02  3.63e-02  5.99e+04  5.44e+03 -1.00e+05
2016 08 15  1205   57615  43500   9.19e+00  2.81e-01  1.36e-01  9.45e-02  8.28e-02  2.67e-02  5.99e+04  5.50e+03 -1.00e+05
2016 08 15  1210   57615  43800   5.77e+00  2.90e-01  2.59e-01  1.18e-01  1.06e-01  8.23e-02  5.99e+04  5.56e+03 -1.00e+05
2016 08 15  1215   57615  44100   5.88e+00  1.33e-01  1.03e-01  6.31e-02  5.14e-02  2.78e-02  6.04e+04  5.64e+03 -1.00e+05
2016 08 15  1220   57615  44400   9.88e+00  4.42e-01  2.51e-01  8.24e-02  5.38e-02  2.53e-02  6.25e+04  5.76e+03 -1.00e+05
2016 08 15  1225   57615  44700   1.08e+01  3.19e-01  1.46e-01  6.06e-02  4.89e-02  2.53e-02  6.26e+04  5.89e+03 -1.00e+05
2016 08 15  1230   57615  45000   8.55e+00  2.40e-01  1.63e-01  1.14e-01  6.67e-02  3.28e-02  6.26e+04  5.94e+03 -1.00e+05
2016 08 15  1235   57615  45300   7.09e+00  2.01e-01  1.70e-01  1.30e-01  1.19e-01  6.29e-02  6.36e+04  6.08e+03 -1.00e+05
2016 08 15  1240   57615  45600   1.03e+01  3.14e-01  2.38e-01  8.04e-02  6.87e-02  4.52e-02  6.53e+04  6.24e+03 -1.00e+05
2016 08 15  1245   57615  45900   1.11e+01  2.43e-01  1.17e-01  6.06e-02  4.89e-02  2.53e-02  6.53e+04  6.30e+03 -1.00e+05
2016 08 15  1250   57615  46200   1.05e+01  1.85e-01  1.09e-01  6.06e-02  4.89e-02  2.53e-02  6.53e+04  6.40e+03 -1.00e+05
2016 08 15  1255   57615  46500   8.21e+00  1.83e-01  1.52e-01  7.58e-02  5.23e-02  2.53e-02  6.53e+04  6.55e+03 -1.00e+05
2016 08 15  1300   57615  46800   1.20e+01  2.43e-01  1.17e-01  6.06e-02  4.89e-02  2.53e-02  6.64e+04  6.63e+03 -1.00e+05
2016 08 15  1305   57615  47100   7.81e+00  1.51e-01  1.20e-01  8.04e-02  6.87e-02  4.52e-02  6.79e+04  6.66e+03 -1.00e+05
2016 08 15  1310   57615  47400   8.67e+00  1.62e-01  1.32e-01  9.16e-02  6.30e-02  2.83e-02  6.79e+04  6.74e+03 -1.00e+05
2016 08 15  1315   57615  47700   8.76e+00  2.51e-01  2.21e-01  1.81e-01  1.68e-01  9.53e-02  6.79e+04  6.92e+03 -1.00e+05
2016 08 15  1320   57615  48000   1.26e+01  2.64e-01  1.42e-01  8.57e-02  7.40e-02  5.04e-02  6.79e+04  6.98e+03 -1.00e+05
2016 08 15  1325   57615  48300   1.12e+01  3.00e-01  2.23e-01  6.06e-02  4.89e-02  2.53e-02  6.79e+04  6.99e+03 -1.00e+05
2016 08 15  1330   57615  48600   8.48e+00  1.67e-01  1.36e-01  6.06e-02  4.89e-02  2.53e-02  6.80e+04  7.04e+03 -1.00e+05
2016 08 15  1335   57615  48900   1.71e+01  3.10e-01  1.01e-01  6.06e-02  4.89e-02  2.53e-02  6.87e+04  7.10e+03 -1.00e+05
2016 08 15  1340   57615  49200   9.00e+00  1.31e-01  1.00e-01  6.06e-02  4.89e-02  2.53e-02  7.13e+04  7.18e+03 -1.00e+05
2016 08 15  1345   57615  49500   9.27e+00  1.40e-01  1.09e-01  6.93e-02  5.09e-02  2.53e-02  7.13e+04  7.28e+03 -1.00e+05
2016 08 15  1350   57615  49800   9.83e+00  1.33e-01  1.02e-01  6.27e-02  4.94e-02  2.53e-02  7.13e+04  7.35e+03 -1.00e+05
2016 08 15  1355   57615  50100   1.34e+01  2.97e-01  2.20e-01  8.24e-02  5.38e-02  2.53e-02  7.13e+04  7.51e+03 -1.00e+05
2016 08 15  1400   57615  50400   1.06e+01  1.31e-01  1.00e-01  6.06e-02  4.89e-02  2.53e-02  7.13e+04  7.60e+03 -1.00e+05
2016 08 15  1405   57615  50700   2.11e+01  3.40e-01  1.31e-01  8.89e-02  5.53e-02  2.53e-02  7.13e+04  7.65e+03 -1.00e+05
2016 08 15  1410   57615  51000   1.13e+01  1.69e-01  1.39e-01  9.90e-02  8.57e-02  2.67e-02  7.13e+04  7.79e+03 -1.00e+05
2016 08 15  1415   57615  51300   1.70e+01  2.45e-01  1.20e-01  6.31e-02  5.14e-02  2.78e-02  7.13e+04  7.89e+03 -1.00e+05
2016 08 15  1420   57615  51600   1.21e+01  1.69e-01  1.38e-01  6.27e-02  4.94e-02  2.53e-02  7.15e+04  7.96e+03 -1.00e+05
2016 08 15  1425   57615  51900   1.24e+01  2.00e-01  1.70e-01  1.29e-01  9.58e-02  3.84e-02  7.47e+04  7.99e+03 -1.00e+05
2016 08 15  1430   57615  52200   1.38e+01  2.13e-01  1.67e-01  1.25e-01  1.13e-01  6.46e-02  7.45e+04  8.09e+03 -1.00e+05
2016 08 15  1435   57615  52500   1.25e+01  2.16e-01  1.86e-01  1.09e-01  5.97e-02  2.53e-02  7.53e+04  8.07e+03 -1.00e+05
2016 08 15  1440   57615  52800   1.36e+01  3.40e-01  3.09e-01  1.58e-01  1.46e-01  5.65e-02  7.53e+04  8.27e+03 -1.00e+05
2016 08 15  1445   57615  53100   1.42e+01  1.31e-01  1.00e-01  6.06e-02  4.89e-02  2.53e-02  7.53e+04  8.31e+03 -1.00e+05
2016 08 15  1450   57615  53400   2.73e+01  2.68e-01  1.02e-01  6.06e-02  4.89e-02  2.53e-02  7.53e+04  8.42e+03 -1.00e+05
2016 08 15  1455   57615  53700   1.55e+01  1.78e-01  1.47e-01  1.07e-01  9.57e-02  4.04e-02  7.53e+04  8.73e+03 -1.00e+05
2016 08 15  1500   57615  54000   2.02e+01  1.87e-01  1.27e-01  8.24e-02  7.06e-02  3.23e-02  7.74e+04  8.87e+03 -1.00e+05
2016 08 15  1505   57615  54300   1.72e+01  1.79e-01  1.48e-01  6.98e-02  5.81e-02  2.83e-02  7.93e+04  9.18e+03 -1.00e+05
2016 08 15  1510   57615  54600   1.81e+01  1.33e-01  1.02e-01  6.27e-02  4.94e-02  2.53e-02  7.93e+04  9.22e+03 -1.00e+05
2016 08 15  1515   57615  54900   2.27e+01  2.34e-01  1.58e-01  7.80e-02  6.62e-02  4.27e-02  7.93e+04  9.24e+03 -1.00e+05
2016 08 15  1520   57615  55200   2.94e+01  2.51e-01  1.31e-01  8.89e-02  5.53e-02  2.53e-02  7.93e+04  9.25e+03 -1.00e+05
2016 08 15  1525   57615  55500   1.80e+01  1.31e-01  1.00e-01  6.06e-02  4.89e-02  2.53e-02  7.93e+04  9.20e+03 -1.00e+05
2016 08 15  1530   57615  55800   2.28e+01  2.06e-01  1.31e-01  8.29e-02  7.12e-02  4.76e-02  7.93e+04  9.21e+03 -1.00e+05
2016 08 15  1535   57615  56100   1.78e+01  1.31e-01  1.00e-01  6.06e-02  4.89e-02  2.53e-02  7.93e+04  9.30e+03 -1.00e+05
2016 08 15  1540   57615  56400   1.86e+01  1.31e-01  1.00e-01  6.06e-02  4.89e-02  2.53e-02  7.93e+04  9.32e+03 -1.00e+05
2016 08 15  1545   57615  56700   1.85e+01  1.86e-01  1.56e-01  1.04e-01  7.07e-02  3.03e-02  7.93e+04  9.38e+03 -1.00e+05
2016 08 15  1550   57615  57000   3.39e+01  4.65e-01  2.58e-01  7.94e-02  5.70e-02  3.03e-02  7.93e+04  9.50e+03 -1.00e+05
2016 08 15  1555   57615  57300   1.95e+01  1.73e-01  1.43e-01  1.02e-01  5.82e-02  2.53e-02  7.96e+04  9.52e+03 -1.00e+05
2016 08 15  1600   57615  57600   1.92e+01  1.31e-01  1.00e-01  6.06e-02  4.89e-02  2.53e-02  7.93e+04  9.46e+03 -1.00e+05
2016 08 15  1605   57615  57900   3.35e+01  2.45e-01  1.02e-01  6.06e-02  4.89e-02  2.53e-02  7.93e+04  9.57e+03 -1.00e+05
2016 08 15  1610   57615  58200   1.84e+01  2.03e-01  1.72e-01  8.18e-02  7.01e-02  4.65e-02  7.93e+04  9.29e+03 -1.00e+05
2016 08 15  1615   57615  58500   1.83e+01  1.53e-01  1.23e-01  8.24e-02  7.06e-02  3.23e-02  7.93e+04  9.29e+03 -1.00e+05
2016 08 15  1620   57615  58800   2.32e+01  2.11e-01  1.35e-01  8.79e-02  7.61e-02  5.26e-02  7.93e+04  9.27e+03 -1.00e+05
2016 08 15  1625   57615  59100   1.88e+01  1.80e-01  1.50e-01  1.09e-01  5.97e-02  2.53e-02  7.93e+04  9.35e+03 -1.00e+05
2016 08 15  1630   57615  59400   2.42e+01  1.85e-01  1.09e-01  6.06e-02  4.89e-02  2.53e-02  7.93e+04  9.32e+03 -1.00e+05
2016 08 15  1635   57615  59700   1.84e+01  1.73e-01  1.42e-01  9.13e-02  6.78e-02  3.03e-02  7.93e+04  9.36e+03 -1.00e+05
2016 08 15  1640   57615  60000   1.95e+01  1.40e-01  1.09e-01  6.93e-02  5.08e-02  2.53e-02  7.93e+04  9.29e+03 -1.00e+05
2016 08 15  1645   57615  60300   1.90e+01  2.59e-01  2.28e-01  8.24e-02  5.38e-02  2.53e-02  7.93e+04  9.27e+03 -1.00e+05
2016 08 15  1650   57615  60600   1.88e+01  1.67e-01  1.37e-01  6.57e-02  5.23e-02  2.63e-02  7.93e+04  9.27e+03 -1.00e+05
2016 08 15  1655   57615  60900   1.88e+01  4.28e-01  3.98e-01  1.29e-01  7.82e-02  4.76e-02  7.93e+04  9.27e+03 -1.00e+05
2016 08 15  1700   57615  61200   1.83e+01  1.34e-01  1.03e-01  6.35e-02  5.18e-02  2.63e-02  7.93e+04  9.27e+03 -1.00e+05
2016 08 15  1705   57615  61500   2.94e+01  3.57e-01  2.31e-01  6.06e-02  4.89e-02  2.53e-02  7.93e+04  9.30e+03 -1.00e+05
2016 08 15  1710   57615  61800   3.23e+01  2.66e-01  1.36e-01  9.49e-02  8.32e-02  3.63e-02  7.93e+04  9.32e+03 -1.00e+05
2016 08 15  1715   57615  62100   1.83e+01  1.78e-01  1.47e-01  1.08e-01  9.60e-02  7.24e-02  7.93e+04  9.17e+03 -1.00e+05
2016 08 15  1720   57615  62400   2.81e+01  3.16e-01  1.94e-01  1.13e-01  1.01e-01  7.74e-02  7.95e+04  9.39e+03 -1.00e+05
2016 08 15  1725   57615  62700   2.05e+01  2.88e-01  2.58e-01  1.27e-01  1.15e-01  5.01e-02  7.93e+04  9.46e+03 -1.00e+05
2016 08 15  1730   57615  63000   1.95e+01  1.63e-01  1.32e-01  9.28e-02  8.11e-02  5.75e-02  7.93e+04  9.27e+03 -1.00e+05
2016 08 15  1735   57615  63300   1.87e+01  1.67e-01  1.36e-01  6.06e-02  4.89e-02  2.53e-02  7.93e+04  9.25e+03 -1.00e+05
2016 08 15  1740   57615  63600   1.80e+01  1.88e-01  1.57e-01  8.24e-02  7.06e-02  3.23e-02  7.93e+04  9.27e+03 -1.00e+05
2016 08 15  1745   57615  63900   2.92e+01  2.57e-01  1.39e-01  9.78e-02  8.61e-02  6.25e-02  7.93e+04  9.19e+03 -1.00e+05
2016 08 15  1750   57615  64200   2.66e+01  2.43e-01  1.17e-01  6.06e-02  4.89e-02  2.53e-02  7.93e+04  9.01e+03 -1.00e+05
2016 08 15  1755   57615  64500   1.75e+01  1.58e-01  1.27e-01  8.79e-02  7.61e-02  5.26e-02  7.93e+04  8.82e+03 -1.00e+05
2016 08 15  1800   57615  64800   1.75e+01  1.67e-01  1.36e-01  9.55e-02  5.67e-02  2.53e-02  7.93e+04  8.82e+03 -1.00e+05
2016 08 15  1805   57615  65100   1.68e+01  2.25e-01  1.94e-01  9.91e-02  8.25e-02  5.75e-02  7.93e+04  8.80e+03 -1.00e+05
2016 08 15  1810   57615  65400   1.65e+01  2.99e-01  2.68e-01  1.25e-01  1.02e-01  7.49e-02  7.93e+04  8.83e+03 -1.00e+05
2016 08 15  1815   57615  65700   1.59e+01  2.16e-01  1.85e-01  1.18e-01  9.24e-02  6.50e-02  7.93e+04  8.78e+03 -1.00e+05
2016 08 15  1820   57615  66000   1.92e+01  1.97e-01  1.21e-01  7.30e-02  6.13e-02  3.77e-02  7.65e+04  8.43e+03 -1.00e+05
2016 08 15  1825   57615  66300   1.46e+01  1.31e-01  1.00e-01  6.06e-02  4.89e-02  2.53e-02  7.53e+04  8.39e+03 -1.00e+05
2016 08 15  1830   57615  66600   1.41e+01  1.86e-01  1.56e-01  8.54e-02  7.37e-02  5.01e-02  7.53e+04  8.33e+03 -1.00e+05
2016 08 15  1835   57615  66900   1.39e+01  1.73e-01  1.43e-01  1.02e-01  5.82e-02  2.53e-02  7.53e+04  8.31e+03 -1.00e+05
2016 08 15  1840   57615  67200   1.78e+01  2.65e-01  1.92e-01  1.17e-01  6.95e-02  3.20e-02  7.53e+04  8.29e+03 -1.00e+05
2016 08 15  1845   57615  67500   2.06e+01  2.45e-01  1.19e-01  6.27e-02  4.94e-02  2.53e-02  7.53e+04  8.18e+03 -1.00e+05
2016 08 15  1850   57615  67800   1.37e+01  1.31e-01  1.00e-01  6.06e-02  4.89e-02  2.53e-02  7.53e+04  8.14e+03 -1.00e+05
2016 08 15  1855   57615  68100   1.37e+01  1.82e-01  1.52e-01  1.11e-01  7.70e-02  3.23e-02  7.53e+04  8.10e+03 -1.00e+05
2016 08 15  1900   57615  68400   1.32e+01  1.31e-01  1.00e-01  6.06e-02  4.89e-02  2.53e-02  7.53e+04  8.00e+03 -1.00e+05
2016 08 15  1905   57615  68700   1.33e+01  2.55e-01  2.24e-01  7.30e-02  6.13e-02  3.77e-02  7.53e+04  7.90e+03 -1.00e+05
2016 08 15  1910   57615  69000   1.22e+01  1.31e-01  1.00e-01  6.06e-02  4.89e-02  2.53e-02  7.53e+04  7.86e+03 -1.00e+05
2016 08 15  1915   57615  69300   1.29e+01  1.72e-01  1.41e-01  1.02e-01  9.01e-02  6.66e-02  7.41e+04  7.87e+03 -1.00e+05
2016 08 15  1920   57615  69600   1.27e+01  1.31e-01  1.00e-01  6.06e-02  4.89e-02  2.53e-02  7.16e+04  7.92e+03 -1.00e+05
2016 08 15  1925   57615  69900   1.88e+01  2.44e-01  1.31e-01  7.61e-02  6.44e-02  3.03e-02  7.38e+04  7.97e+03 -1.00e+05
2016 08 15  1930   57615  70200   1.94e+01  3.04e-01  1.80e-01  8.29e-02  7.12e-02  4.76e-02  7.18e+04  7.93e+03 -1.00e+05
2016 08 15  1935   57615  70500   2.15e+01  4.12e-01  2.39e-01  6.06e-02  4.89e-02  2.53e-02  7.13e+04  7.86e+03 -1.00e+05
2016 08 15  1940   57615  70800   1.32e+01  2.59e-01  2.29e-01  1.85e-01  1.67e-01  6.25e-02  7.13e+04  7.95e+03 -1.00e+05
2016 08 15  1945   57615  71100   1.29e+01  1.72e-01  1.41e-01  6.06e-02  4.89e-02  2.53e-02  7.14e+04  7.87e+03 -1.00e+05
2016 08 15  1950   57615  71400   1.30e+01  1.58e-01  1.27e-01  8.79e-02  7.61e-02  5.26e-02  7.13e+04  7.87e+03 -1.00e+05
2016 08 15  1955   57615  71700   1.24e+01  2.02e-01  1.72e-01  9.79e-02  6.69e-02  3.77e-02  7.13e+04  7.75e+03 -1.00e+05
2016 08 15  2000   57615  72000   1.22e+01  1.75e-01  1.45e-01  1.05e-01  9.35e-02  6.99e-02  7.13e+04  7.67e+03 -1.00e+05
2016 08 15  2005   57615  72300   1.14e+01  1.33e-01  1.03e-01  6.31e-02  5.14e-02  2.78e-02  7.13e+04  7.58e+03 -1.00e+05
2016 08 15  2010   57615  72600   1.09e+01  1.63e-01  1.32e-01  9.24e-02  8.07e-02  4.90e-02  7.13e+04  7.55e+03 -1.00e+05
2016 08 15  2015   57615  72900   1.11e+01  2.21e-01  1.91e-01  1.51e-01  1.40e-01  5.45e-02  7.13e+04  7.47e+03 -1.00e+05
2016 08 15  2020   57615  73200   1.12e+01  1.31e-01  1.00e-01  6.06e-02  4.89e-02  2.53e-02  7.13e+04  7.36e+03 -1.00e+05
2016 08 15  2025   57615  73500   1.15e+01  1.31e-01  1.00e-01  6.06e-02  4.89e-02  2.53e-02  7.13e+04  7.33e+03 -1.00e+05
2016 08 15  2030   57615  73800   1.70e+01  2.43e-01  1.17e-01  6.06e-02  4.89e-02  2.53e-02  7.04e+04  7.26e+03 -1.00e+05
2016 08 15  2035   57615  74100   1.49e+01  1.88e-01  1.11e-01  6.27e-02  4.94e-02  2.53e-02  6.84e+04  7.22e+03 -1.00e+05
2016 08 15  2040   57615  74400   1.09e+01  1.31e-01  1.00e-01  6.06e-02  4.89e-02  2.53e-02  6.79e+04  7.04e+03 -1.00e+05
2016 08 15  2045   57615  74700   1.83e+01  2.21e-01  1.02e-01  6.06e-02  4.89e-02  2.53e-02  6.79e+04  7.01e+03 -1.00e+05
2016 08 15  2050   57615  75000   1.11e+01  1.93e-01  1.63e-01  6.06e-02  4.89e-02  2.53e-02  6.79e+04  6.93e+03 -1.00e+05
2016 08 15  2055   57615  75300   1.26e+01  1.65e-01  1.34e-01  6.35e-02  5.18e-02  2.63e-02  6.79e+04  6.85e+03 -1.00e+05
2016 08 15  2100   57615  75600   1.23e+01  2.49e-01  2.19e-01  1.79e-01  1.60e-01  6.05e-02  6.66e+04  6.67e+03 -1.00e+05
2016 08 15  2105   57615  75900   2.27e+01  2.45e-01  1.02e-01  6.06e-02  4.89e-02  2.53e-02  6.54e+04  6.71e+03 -1.00e+05
2016 08 15  2110   57615  76200   1.65e+01  2.47e-01  1.79e-01  1.33e-01  1.21e-01  4.84e-02  6.54e+04  6.61e+03 -1.00e+05
2016 08 15  2115   57615  76500   1.33e+01  1.96e-01  1.65e-01  8.54e-02  7.37e-02  5.01e-02  6.45e+04  6.33e+03 -1.00e+05
2016 08 15  2120   57615  76800   1.31e+01  1.67e-01  1.36e-01  6.06e-02  4.89e-02  2.53e-02  6.30e+04  6.33e+03 -1.00e+05
2016 08 15  2125   57615  77100   1.65e+01  1.85e-01  1.09e-01  6.06e-02  4.89e-02  2.53e-02  6.26e+04  6.37e+03 -1.00e+05
2016 08 15  2130   57615  77400   1.22e+01  2.03e-01  1.73e-01  7.12e-02  5.95e-02  3.38e-02  6.26e+04  6.35e+03 -1.00e+05
2016 08 15  2135   57615  77700   1.24e+01  1.31e-01  1.00e-01  6.06e-02  4.89e-02  2.53e-02  6.12e+04  6.31e+03 -1.00e+05
2016 08 15  2140   57615  78000   2.14e+01  3.05e-01  1.61e-01  7.58e-02  5.23e-02  2.53e-02  5.99e+04  6.23e+03 -1.00e+05
2016 08 15  2145   57615  78300   1.24e+01  1.69e-01  1.38e-01  6.31e-02  5.14e-02  2.78e-02  5.99e+04  6.10e+03 -1.00e+05
2016 08 15  2150   57615  78600   1.56e+01  2.17e-01  1.41e-01  9.31e-02  6.77e-02  4.02e-02  5.97e+04  6.03e+03 -1.00e+05
2016 08 15  2155   57615  78900   1.15e+01  1.31e-01  1.00e-01  6.06e-02  4.89e-02  2.53e-02  5.75e+04  5.85e+03 -1.00e+05
2016 08 15  2200   57615  79200   1.06e+01  1.76e-01  1.45e-01  1.04e-01  7.55e-02  3.23e-02  5.73e+04  5.78e+03 -1.00e+05
2016 08 15  2205   57615  79500   9.84e+00  2.16e-01  1.85e-01  1.23e-01  1.11e-01  8.73e-02  5.73e+04  5.69e+03 -1.00e+05
2016 08 15  2210   57615  79800   1.00e+01  1.31e-01  1.00e-01  6.06e-02  4.89e-02  2.53e-02  5.65e+04  5.54e+03 -1.00e+05
2016 08 15  2215   57615  80100   9.66e+00  2.45e-01  2.14e-01  6.06e-02  4.89e-02  2.53e-02  5.54e+04  5.49e+03 -1.00e+05
2016 08 15  2220   57615  80400   8.80e+00  1.31e-01  1.00e-01  6.06e-02  4.89e-02  2.53e-02  5.46e+04  5.48e+03 -1.00e+05
2016 08 15  2225   57615  80700   9.54e+00  1.84e-01  1.53e-01  1.14e-01  1.02e-01  4.24e-02  5.46e+04  5.43e+03 -1.00e+05
2016 08 15  2230   57615  81000   9.17e+00  1.73e-01  1.43e-01  1.03e-01  8.99e-02  3.84e-02  5.46e+04  5.30e+03 -1.00e+05
2016 08 15  2235   57615  81300   8.61e+00  1.31e-01  1.00e-01  6.06e-02  4.89e-02  2.53e-02  5.46e+04  5.32e+03 -1.00e+05
2016 08 15  2240   57615  81600   9.46e+00  1.31e-01  1.00e-01  6.06e-02  4.89e-02  2.53e-02  5.46e+04  5.23e+03 -1.00e+05
2016 08 15  2245   57615  81900   9.19e+00  1.67e-01  1.36e-01  9.55e-02  5.67e-02  2.53e-02  5.46e+04  5.27e+03 -1.00e+05
2016 08 15  2250   57615  82200   1.31e+01  2.72e-01  1.46e-01  8.89e-02  5.53e-02  2.53e-02  5.46e+04  5.15e+03 -1.00e+05
2016 08 15  2255   57615  82500   9.45e+00  1.78e-01  1.47e-01  1.08e-01  9.60e-02  7.24e-02  5.40e+04  5.13e+03 -1.00e+05
2016 08 15  2300   57615  82800   9.03e+00  1.66e-01  1.36e-01  9.59e-02  7.57e-02  4.97e-02  5.35e+04  5.10e+03 -1.00e+05
2016 08 15  2305   57615  83100   1.55e+01  2.45e-01  1.02e-01  6.06e-02  4.89e-02  2.53e-02  5.19e+04  5.08e+03 -1.00e+05
2016 08 15  2310   57615  83400   8.56e+00  1.31e-01  1.00e-01  6.06e-02  4.89e-02  2.53e-02  5.19e+04  5.00e+03 -1.00e+05
2016 08 15  2315   57615  83700   1.17e+01  2.90e-01  2.09e-01  1.60e-01  1.49e-01  8.93e-02  5.19e+04  4.93e+03 -1.00e+05
2016 08 15  2320   57615  84000   1.28e+01  2.51e-01  1.31e-01  8.89e-02  5.53e-02  2.53e-02  5.19e+04  4.85e+03 -1.00e+05
2016 08 15  2325   57615  84300   7.55e+00  1.49e-01  1.18e-01  7.85e-02  6.00e-02  2.83e-02  4.97e+04  4.73e+03 -1.00e+05
2016 08 15  2330   57615  84600   8.13e+00  1.31e-01  1.00e-01  6.06e-02  4.89e-02  2.53e-02  4.93e+04  4.70e+03 -1.00e+05
2016 08 15  2335   57615  84900   7.81e+00  1.78e-01  1.47e-01  1.07e-01  9.57e-02  4.04e-02  4.93e+04  4.61e+03 -1.00e+05
2016 08 15  2340   57615  85200   8.03e+00  1.84e-01  1.53e-01  1.14e-01  1.02e-01  4.24e-02  4.93e+04  4.50e+03 -1.00e+05
2016 08 15  2345   57615  85500   8.29e+00  1.80e-01  1.50e-01  1.09e-01  5.97e-02  2.53e-02  4.93e+04  4.47e+03 -1.00e+05
2016 08 15  2350   57615  85800   7.92e+00  1.53e-01  1.23e-01  8.24e-02  5.38e-02  2.53e-02  4.93e+04  4.39e+03 -1.00e+05
2016 08 15  2355   57615  86100   8.00e+00  1.54e-01  1.23e-01  8.30e-02  6.16e-02  3.53e-02  4.92e+04  4.43e+03 -1.00e+05
