:Data_list: 20160818_Gp_part_5m.txt
:Created: 2016 Aug 19 0011 UTC
# Prepared by the U.S. Dept. of Commerce, NOAA, Space Weather Prediction Center
# Please send comments and suggestions to SWPC.Webmaster@noaa.gov 
# 
# Label: P > 1 = Particles at >1 Mev
# Label: P > 5 = Particles at >5 Mev
# Label: P >10 = Particles at >10 Mev
# Label: P >30 = Particles at >30 Mev
# Label: P >50 = Particles at >50 Mev
# Label: P>100 = Particles at >100 Mev
# Label: E>0.8 = Electrons at >0.8 Mev
# Label: E>2.0 = Electrons at >2.0 Mev
# Label: E>4.0 = Electrons at >4.0 Mev
# Units: Particles = Protons/cm2-s-sr
# Units: Electrons = Electrons/cm2-s-sr
# Source: GOES-13
# Location: W075
# Missing data: -1.00e+05
#
#                      5-minute  GOES-13 Solar Particle and Electron Flux
#
#                 Modified Seconds
# UTC Date  Time   Julian  of the
# YR MO DA  HHMM    Day     Day     P > 1     P > 5     P >10     P >30     P >50     P>100     E>0.8     E>2.0     E>4.0
#-------------------------------------------------------------------------------------------------------------------------
2016 08 18  0000   57618      0   3.73e+00  2.23e-01  1.07e-01  6.48e-02  5.02e-02  2.56e-02  2.86e+03  1.34e+01 -1.00e+05
2016 08 18  0005   57618    300   2.89e+00  2.66e-01  1.48e-01  6.10e-02  4.94e-02  2.56e-02  2.87e+03  1.51e+01 -1.00e+05
2016 08 18  0010   57618    600   1.95e+00  1.35e-01  1.04e-01  6.34e-02  5.18e-02  2.80e-02  2.83e+03  1.63e+01 -1.00e+05
2016 08 18  0015   57618    900   2.22e+00  2.28e-01  1.59e-01  6.10e-02  4.94e-02  2.56e-02  2.70e+03  1.74e+01 -1.00e+05
2016 08 18  0020   57618   1200   3.03e+00  3.33e-01  1.41e-01  6.10e-02  4.94e-02  2.56e-02  2.87e+03  1.98e+01 -1.00e+05
2016 08 18  0025   57618   1500   1.44e+00  1.32e-01  1.01e-01  6.10e-02  4.94e-02  2.56e-02  2.81e+03  2.08e+01 -1.00e+05
2016 08 18  0030   57618   1800   1.51e+00  2.16e-01  1.85e-01  1.12e-01  6.28e-02  2.80e-02  2.71e+03  1.85e+01 -1.00e+05
2016 08 18  0035   57618   2100   2.36e+00  3.31e-01  2.20e-01  6.88e-02  5.72e-02  2.81e-02  2.51e+03  1.54e+01 -1.00e+05
2016 08 18  0040   57618   2400   2.06e+00  2.37e-01  1.56e-01  1.06e-01  9.48e-02  4.02e-02  2.71e+03  2.00e+01 -1.00e+05
2016 08 18  0045   57618   2700   1.61e+00  2.42e-01  2.10e-01  6.10e-02  4.94e-02  2.56e-02  2.76e+03  2.04e+01 -1.00e+05
2016 08 18  0050   57618   3000   1.60e+00  1.32e-01  1.01e-01  6.10e-02  4.94e-02  2.56e-02  2.81e+03  1.95e+01 -1.00e+05
2016 08 18  0055   57618   3300   1.42e+00  1.32e-01  1.01e-01  6.10e-02  4.94e-02  2.56e-02  2.63e+03  1.95e+01 -1.00e+05
2016 08 18  0100   57618   3600   1.34e+00  2.38e-01  1.61e-01  1.13e-01  1.01e-01  4.22e-02  2.37e+03  1.18e+01 -1.00e+05
2016 08 18  0105   57618   3900   1.26e+00  1.53e-01  1.22e-01  8.14e-02  6.98e-02  3.21e-02  2.27e+03  1.46e+01 -1.00e+05
2016 08 18  0110   57618   4200   1.44e+00  2.72e-01  2.03e-01  7.79e-02  5.32e-02  2.56e-02  2.04e+03  7.49e+00 -1.00e+05
2016 08 18  0115   57618   4500   1.44e+00  1.83e-01  1.52e-01  6.10e-02  4.94e-02  2.56e-02  2.17e+03  1.10e+01 -1.00e+05
2016 08 18  0120   57618   4800   1.08e+00  1.94e-01  1.62e-01  6.10e-02  4.94e-02  2.56e-02  1.70e+03  5.66e+00 -1.00e+05
2016 08 18  0125   57618   5100   1.44e+00  2.59e-01  2.28e-01  7.79e-02  5.32e-02  2.56e-02  2.05e+03  8.75e+00 -1.00e+05
2016 08 18  0130   57618   5400   2.93e+00  4.83e-01  1.92e-01  1.10e-01  5.66e-02  2.56e-02  2.40e+03  1.10e+01 -1.00e+05
2016 08 18  0135   57618   5700   1.68e+00  2.19e-01  1.03e-01  6.10e-02  4.94e-02  2.56e-02  2.12e+03  1.16e+01 -1.00e+05
2016 08 18  0140   57618   6000   1.04e+00  2.45e-01  2.14e-01  6.48e-02  5.02e-02  2.56e-02  2.20e+03  9.34e+00 -1.00e+05
2016 08 18  0145   57618   6300   1.66e+00  3.24e-01  1.99e-01  1.16e-01  1.02e-01  4.22e-02  1.64e+03  2.52e+00 -1.00e+05
2016 08 18  0150   57618   6600   1.75e+00  2.11e-01  1.04e-01  6.03e-02  4.88e-02  2.54e-02  1.42e+03  4.37e+00 -1.00e+05
2016 08 18  0155   57618   6900   8.98e-01  1.49e-01  1.20e-01  7.84e-02  5.28e-02  2.54e-02  9.42e+02  3.40e+00 -1.00e+05
2016 08 18  0200   57618   7200   9.33e-01  1.82e-01  1.53e-01  1.05e-01  9.33e-02  6.99e-02  6.13e+02  1.33e-01 -1.00e+05
2016 08 18  0205   57618   7500   9.06e-01  1.33e-01  1.04e-01  6.27e-02  5.12e-02  2.78e-02  4.43e+02  1.06e+00 -1.00e+05
2016 08 18  0210   57618   7800   1.87e+00  3.49e-01  1.29e-01  8.50e-02  7.35e-02  5.01e-02  4.51e+02  1.33e-01 -1.00e+05
2016 08 18  0215   57618   8100   1.03e+00  2.25e-01  1.96e-01  1.53e-01  1.18e-01  4.53e-02  8.59e+01  1.33e-01 -1.00e+05
2016 08 18  0220   57618   8400   8.18e-01  1.55e-01  1.27e-01  8.50e-02  7.35e-02  5.01e-02  1.21e+01  1.33e-01 -1.00e+05
2016 08 18  0225   57618   8700   7.70e-01  1.43e-01  1.14e-01  6.58e-02  5.43e-02  2.71e-02  5.33e+00  1.33e-01 -1.00e+05
2016 08 18  0230   57618   9000   7.33e-01  1.47e-01  1.18e-01  6.03e-02  4.88e-02  2.54e-02  3.95e+00  5.26e-01 -1.00e+05
2016 08 18  0235   57618   9300   5.66e-01  2.93e-01  2.64e-01  1.34e-01  1.04e-01  4.12e-02  4.58e+00  1.33e-01 -1.00e+05
2016 08 18  0240   57618   9600   8.32e-01  1.85e-01  1.57e-01  9.80e-02  5.73e-02  2.54e-02  6.18e+00  1.33e-01 -1.00e+05
2016 08 18  0245   57618   9900   6.58e-01  1.48e-01  1.19e-01  7.76e-02  6.61e-02  4.27e-02  4.56e+00  1.33e-01 -1.00e+05
2016 08 18  0250   57618  10200   1.26e+00  2.22e-01  1.17e-01  7.27e-02  6.11e-02  3.77e-02  1.09e+01  1.33e-01 -1.00e+05
2016 08 18  0255   57618  10500   6.46e-01  1.49e-01  1.20e-01  7.84e-02  6.68e-02  3.12e-02  6.54e+00  1.33e-01 -1.00e+05
2016 08 18  0300   57618  10800   6.94e-01  1.43e-01  1.14e-01  7.27e-02  6.11e-02  3.77e-02  5.17e+01  1.33e-01 -1.00e+05
2016 08 18  0305   57618  11100   9.02e-01  1.63e-01  1.34e-01  9.15e-02  5.58e-02  2.54e-02  4.48e+02  1.12e+00 -1.00e+05
2016 08 18  0310   57618  11400   9.23e-01  1.74e-01  1.46e-01  1.02e-01  5.58e-02  2.54e-02  2.42e+02  3.41e+00 -1.00e+05
2016 08 18  0315   57618  11700   1.66e+00  2.82e-01  1.04e-01  6.03e-02  4.88e-02  2.54e-02  7.23e+01  5.74e-01 -1.00e+05
2016 08 18  0320   57618  12000   8.35e-01  2.25e-01  1.96e-01  6.03e-02  4.88e-02  2.54e-02  3.20e+01  1.45e+00 -1.00e+05
2016 08 18  0325   57618  12300   7.76e-01  1.42e-01  1.14e-01  7.21e-02  6.05e-02  2.92e-02  2.77e+01  1.33e-01 -1.00e+05
2016 08 18  0330   57618  12600   7.36e-01  1.74e-01  1.45e-01  1.04e-01  9.23e-02  4.10e-02  2.38e+01  1.33e-01 -1.00e+05
2016 08 18  0335   57618  12900   1.11e+00  2.11e-01  1.04e-01  6.03e-02  4.88e-02  2.54e-02  1.69e+01  7.61e-01 -1.00e+05
2016 08 18  0340   57618  13200   9.06e-01  3.18e-01  2.89e-01  9.80e-02  5.73e-02  2.54e-02  1.75e+01  1.33e-01 -1.00e+05
2016 08 18  0345   57618  13500   1.03e+00  2.89e-01  1.47e-01  8.54e-02  7.39e-02  5.05e-02  1.22e+01  1.33e-01 -1.00e+05
2016 08 18  0350   57618  13800   9.19e-01  2.19e-01  1.74e-01  9.49e-02  8.34e-02  6.00e-02  4.52e+00  1.33e-01 -1.00e+05
2016 08 18  0355   57618  14100   1.39e+00  2.68e-01  1.24e-01  6.03e-02  4.88e-02  2.54e-02  3.56e+00  1.33e-01 -1.00e+05
2016 08 18  0400   57618  14400   7.21e-01  1.31e-01  1.02e-01  6.03e-02  4.88e-02  2.54e-02  3.50e+00  1.77e+00 -1.00e+05
2016 08 18  0405   57618  14700   1.94e+00  3.52e-01  1.36e-01  7.76e-02  6.61e-02  4.27e-02  1.17e+01  1.33e-01 -1.00e+05
2016 08 18  0410   57618  15000   1.53e+00  2.82e-01  1.04e-01  6.03e-02  4.88e-02  2.54e-02  1.37e+03  1.05e+01 -1.00e+05
2016 08 18  0415   57618  15300   1.49e+00  1.89e-01  1.60e-01  1.18e-01  1.07e-01  5.24e-02  2.94e+03  2.02e+01 -1.00e+05
2016 08 18  0420   57618  15600   1.45e+00  1.53e-01  1.05e-01  6.03e-02  4.88e-02  2.54e-02  2.23e+03  2.27e+01 -1.00e+05
2016 08 18  0425   57618  15900   1.70e+00  2.47e-01  1.99e-01  6.03e-02  4.88e-02  2.54e-02  3.25e+03  3.73e+01 -1.00e+05
2016 08 18  0430   57618  16200   2.00e+00  3.07e-01  1.64e-01  1.02e-01  9.08e-02  6.74e-02  2.66e+03  3.40e+01 -1.00e+05
2016 08 18  0435   57618  16500   1.49e+00  2.25e-01  1.96e-01  1.55e-01  1.43e-01  5.90e-02  2.55e+03  2.41e+01 -1.00e+05
2016 08 18  0440   57618  16800   1.54e+00  1.42e-01  1.14e-01  7.18e-02  5.14e-02  2.54e-02  2.33e+03  3.01e+01 -1.00e+05
2016 08 18  0445   57618  17100   1.38e+00  1.31e-01  1.02e-01  6.03e-02  4.88e-02  2.54e-02  1.95e+03  1.70e+01 -1.00e+05
2016 08 18  0450   57618  17400   2.06e+00  2.27e-01  1.30e-01  6.03e-02  4.88e-02  2.54e-02  1.76e+03  1.71e+01 -1.00e+05
2016 08 18  0455   57618  17700   1.66e+00  3.90e-01  2.14e-01  6.70e-02  5.22e-02  2.78e-02  1.34e+03  9.59e+00 -1.00e+05
2016 08 18  0500   57618  18000   1.31e+00  1.47e-01  1.18e-01  6.03e-02  4.88e-02  2.54e-02  8.35e+02  9.47e+00 -1.00e+05
2016 08 18  0505   57618  18300   9.65e-01  1.63e-01  1.34e-01  9.15e-02  5.58e-02  2.54e-02  5.79e+02  4.29e+00 -1.00e+05
2016 08 18  0510   57618  18600   8.29e-01  1.79e-01  1.50e-01  9.15e-02  5.58e-02  2.54e-02  3.50e+02  1.07e+00 -1.00e+05
2016 08 18  0515   57618  18900   1.84e+00  3.18e-01  1.57e-01  1.05e-01  9.33e-02  6.99e-02  3.91e+02  1.33e-01 -1.00e+05
2016 08 18  0520   57618  19200   8.29e-01  1.82e-01  1.54e-01  6.52e-02  5.37e-02  3.03e-02  2.04e+02  1.33e-01 -1.00e+05
2016 08 18  0525   57618  19500   7.42e-01  1.69e-01  1.41e-01  9.80e-02  5.73e-02  2.54e-02  1.25e+02  1.33e-01 -1.00e+05
2016 08 18  0530   57618  19800   1.53e+00  2.60e-01  1.04e-01  6.03e-02  4.88e-02  2.54e-02  8.97e+01  1.25e+00 -1.00e+05
2016 08 18  0535   57618  20100   7.33e-01  1.47e-01  1.18e-01  6.03e-02  4.88e-02  2.54e-02  4.96e+01  1.47e+00 -1.00e+05
2016 08 18  0540   57618  20400   5.95e-01  1.57e-01  1.28e-01  8.61e-02  6.99e-02  4.51e-02  3.59e+01  1.33e-01 -1.00e+05
2016 08 18  0545   57618  20700   1.00e+00  2.12e-01  1.30e-01  7.84e-02  6.68e-02  3.12e-02  3.56e+01  1.33e-01 -1.00e+05
2016 08 18  0550   57618  21000   6.36e-01  1.42e-01  1.14e-01  7.21e-02  6.05e-02  2.92e-02  3.63e+01  1.33e-01 -1.00e+05
2016 08 18  0555   57618  21300   1.11e+00  3.38e-01  2.45e-01  1.07e-01  9.58e-02  7.24e-02  3.74e+01  1.33e-01 -1.00e+05
2016 08 18  0600   57618  21600   8.60e-01  2.25e-01  1.96e-01  6.03e-02  4.88e-02  2.54e-02  2.07e+01  1.33e-01 -1.00e+05
2016 08 18  0605   57618  21900   7.83e-01  1.31e-01  1.02e-01  6.03e-02  4.88e-02  2.54e-02  2.03e+01  1.01e+00 -1.00e+05
2016 08 18  0610   57618  22200   1.30e+00  2.82e-01  1.04e-01  6.03e-02  4.88e-02  2.54e-02  4.27e+01  1.33e-01 -1.00e+05
2016 08 18  0615   57618  22500   1.82e+00  4.56e-01  2.24e-01  6.27e-02  5.12e-02  2.78e-02  4.21e+01  1.33e-01 -1.00e+05
2016 08 18  0620   57618  22800   1.05e+00  2.31e-01  1.53e-01  1.03e-01  7.71e-02  3.32e-02  4.42e+01  1.33e-01 -1.00e+05
2016 08 18  0625   57618  23100   1.51e+00  3.35e-01  1.72e-01  6.03e-02  4.88e-02  2.54e-02  2.57e+01  1.33e-01 -1.00e+05
2016 08 18  0630   57618  23400   8.80e-01  1.31e-01  1.02e-01  6.03e-02  4.88e-02  2.54e-02  2.13e+01  1.66e+00 -1.00e+05
2016 08 18  0635   57618  23700   8.78e-01  1.31e-01  1.02e-01  6.03e-02  4.88e-02  2.54e-02  2.18e+01  1.33e-01 -1.00e+05
2016 08 18  0640   57618  24000   8.04e-01  1.31e-01  1.02e-01  6.03e-02  4.88e-02  2.54e-02  2.16e+01  1.33e-01 -1.00e+05
2016 08 18  0645   57618  24300   8.71e-01  1.73e-01  1.44e-01  1.01e-01  5.58e-02  2.54e-02  1.85e+01  1.33e-01 -1.00e+05
2016 08 18  0650   57618  24600   8.43e-01  1.65e-01  1.17e-01  7.24e-02  5.91e-02  3.52e-02  2.09e+01  1.33e-01 -1.00e+05
2016 08 18  0655   57618  24900   9.04e-01  2.14e-01  1.51e-01  1.03e-01  9.19e-02  3.92e-02  2.28e+01  1.33e-01 -1.00e+05
2016 08 18  0700   57618  25200   8.74e-01  1.55e-01  1.27e-01  8.50e-02  7.35e-02  5.01e-02  3.12e+01  1.33e-01 -1.00e+05
2016 08 18  0705   57618  25500   8.17e-01  1.75e-01  1.46e-01  1.05e-01  9.33e-02  6.99e-02  6.12e+01  1.33e-01 -1.00e+05
2016 08 18  0710   57618  25800   1.60e+00  4.23e-01  1.47e-01  9.25e-02  8.09e-02  5.75e-02  7.75e+01  1.33e-01 -1.00e+05
2016 08 18  0715   57618  26100   7.83e-01  1.83e-01  1.54e-01  1.12e-01  1.01e-01  7.40e-02  8.73e+01  1.33e-01 -1.00e+05
2016 08 18  0720   57618  26400   1.07e+00  2.12e-01  1.30e-01  7.84e-02  6.68e-02  3.12e-02  7.96e+01  1.33e-01 -1.00e+05
2016 08 18  0725   57618  26700   1.32e+00  2.92e-01  1.80e-01  1.21e-01  7.96e-02  4.76e-02  8.95e+01  1.33e-01 -1.00e+05
2016 08 18  0730   57618  27000   9.21e-01  1.31e-01  1.02e-01  6.03e-02  4.88e-02  2.54e-02  1.12e+02  2.46e+00 -1.00e+05
2016 08 18  0735   57618  27300   1.02e+00  1.55e-01  1.27e-01  8.50e-02  7.35e-02  5.01e-02  1.31e+02  1.33e-01 -1.00e+05
2016 08 18  0740   57618  27600   8.62e-01  1.45e-01  1.17e-01  7.51e-02  6.36e-02  4.02e-02  1.27e+02  1.02e+00 -1.00e+05
2016 08 18  0745   57618  27900   1.74e+00  2.60e-01  1.04e-01  6.03e-02  4.88e-02  2.54e-02  1.14e+02  1.33e-01 -1.00e+05
2016 08 18  0750   57618  28200   7.57e-01  1.71e-01  1.42e-01  6.52e-02  5.37e-02  3.03e-02  1.11e+02  1.92e-01 -1.00e+05
2016 08 18  0755   57618  28500   1.07e+00  1.60e-01  1.13e-01  6.77e-02  5.61e-02  3.28e-02  8.42e+01  1.33e-01 -1.00e+05
2016 08 18  0800   57618  28800   6.45e-01  1.53e-01  1.05e-01  6.03e-02  4.88e-02  2.54e-02  9.94e+01  1.33e-01 -1.00e+05
2016 08 18  0805   57618  29100   1.05e+00  2.10e-01  1.63e-01  1.18e-01  8.27e-02  5.26e-02  1.49e+02  1.33e-01 -1.00e+05
2016 08 18  0810   57618  29400   1.00e+00  2.57e-01  1.85e-01  9.09e-02  7.93e-02  3.52e-02  2.62e+02  1.33e-01 -1.00e+05
2016 08 18  0815   57618  29700   1.07e+00  1.61e-01  1.17e-01  6.58e-02  5.43e-02  2.71e-02  3.63e+02  1.33e-01 -1.00e+05
2016 08 18  0820   57618  30000   9.99e-01  1.70e-01  1.41e-01  9.95e-02  8.80e-02  4.63e-02  4.47e+02  1.33e-01 -1.00e+05
2016 08 18  0825   57618  30300   1.22e+00  2.98e-01  1.64e-01  1.15e-01  1.03e-01  7.98e-02  4.94e+02  2.13e-01 -1.00e+05
2016 08 18  0830   57618  30600   1.28e+00  3.17e-01  2.22e-01  7.76e-02  6.61e-02  4.27e-02  5.18e+02  6.89e-01 -1.00e+05
2016 08 18  0835   57618  30900   1.09e+00  1.72e-01  1.25e-01  8.01e-02  6.85e-02  4.51e-02  5.33e+02  1.85e+00 -1.00e+05
2016 08 18  0840   57618  31200   9.98e-01  1.31e-01  1.02e-01  6.03e-02  4.88e-02  2.54e-02  6.10e+02  1.49e+00 -1.00e+05
2016 08 18  0845   57618  31500   9.68e-01  1.42e-01  1.14e-01  7.18e-02  5.14e-02  2.54e-02  6.92e+02  2.85e+00 -1.00e+05
2016 08 18  0850   57618  31800   1.14e+00  2.11e-01  1.04e-01  6.03e-02  4.88e-02  2.54e-02  7.26e+02  2.19e+00 -1.00e+05
2016 08 18  0855   57618  32100   1.41e+00  2.84e-01  1.89e-01  9.00e-02  7.84e-02  5.50e-02  8.27e+02  4.06e+00 -1.00e+05
2016 08 18  0900   57618  32400   1.23e+00  2.39e-01  1.42e-01  7.18e-02  5.14e-02  2.54e-02  9.00e+02  5.14e+00 -1.00e+05
2016 08 18  0905   57618  32700   1.13e+00  1.68e-01  1.21e-01  7.53e-02  5.60e-02  3.03e-02  9.49e+02  5.17e+00 -1.00e+05
2016 08 18  0910   57618  33000   9.43e-01  1.42e-01  1.14e-01  7.18e-02  5.14e-02  2.54e-02  1.01e+03  6.07e+00 -1.00e+05
2016 08 18  0915   57618  33300   1.08e+00  1.76e-01  1.47e-01  9.74e-02  8.59e-02  6.25e-02  1.11e+03  8.16e+00 -1.00e+05
2016 08 18  0920   57618  33600   1.38e+00  2.18e-01  1.89e-01  1.47e-01  1.36e-01  5.33e-02  1.13e+03  1.20e+01 -1.00e+05
2016 08 18  0925   57618  33900   1.41e+00  1.53e-01  1.05e-01  6.03e-02  4.88e-02  2.54e-02  1.14e+03  9.16e+00 -1.00e+05
2016 08 18  0930   57618  34200   1.16e+00  1.80e-01  1.36e-01  8.99e-02  7.84e-02  5.50e-02  1.20e+03  4.22e+00 -1.00e+05
2016 08 18  0935   57618  34500   9.89e-01  1.47e-01  1.18e-01  6.03e-02  4.88e-02  2.54e-02  1.28e+03  8.85e+00 -1.00e+05
2016 08 18  0940   57618  34800   2.13e+00  4.39e-01  2.27e-01  1.82e-01  1.31e-01  8.19e-02  1.33e+03  4.85e+00 -1.00e+05
2016 08 18  0945   57618  35100   1.64e+00  2.60e-01  1.04e-01  6.03e-02  4.88e-02  2.54e-02  1.37e+03  1.27e+01 -1.00e+05
2016 08 18  0950   57618  35400   1.90e+00  2.95e-01  1.24e-01  6.03e-02  4.88e-02  2.54e-02  1.38e+03  7.35e+00 -1.00e+05
2016 08 18  0955   57618  35700   1.05e+00  1.31e-01  1.02e-01  6.03e-02  4.88e-02  2.54e-02  1.40e+03  8.21e+00 -1.00e+05
2016 08 18  1000   57618  36000   1.35e+00  2.69e-01  2.41e-01  1.99e-01  1.88e-01  9.85e-02  1.44e+03  3.31e+00 -1.00e+05
2016 08 18  1005   57618  36300   2.08e+00  2.22e-01  1.17e-01  7.27e-02  6.11e-02  3.77e-02  1.47e+03  8.51e+00 -1.00e+05
2016 08 18  1010   57618  36600   1.17e+00  2.36e-01  2.08e-01  7.18e-02  5.14e-02  2.54e-02  1.53e+03  8.16e+00 -1.00e+05
2016 08 18  1015   57618  36900   1.12e+00  1.66e-01  1.37e-01  6.03e-02  4.88e-02  2.54e-02  1.58e+03  9.91e+00 -1.00e+05
2016 08 18  1020   57618  37200   1.37e+00  1.72e-01  1.43e-01  8.49e-02  5.43e-02  2.54e-02  1.70e+03  6.37e+00 -1.00e+05
2016 08 18  1025   57618  37500   1.42e+00  2.09e-01  1.81e-01  1.23e-01  6.86e-02  3.28e-02  1.69e+03  9.11e+00 -1.00e+05
2016 08 18  1030   57618  37800   1.49e+00  3.52e-01  3.24e-01  1.01e-01  5.58e-02  2.54e-02  1.80e+03  5.55e+00 -1.00e+05
2016 08 18  1035   57618  38100   2.49e+00  4.16e-01  1.75e-01  6.03e-02  4.88e-02  2.54e-02  1.80e+03  1.11e+01 -1.00e+05
2016 08 18  1040   57618  38400   2.34e+00  2.68e-01  1.24e-01  6.03e-02  4.88e-02  2.54e-02  1.83e+03  1.30e+01 -1.00e+05
2016 08 18  1045   57618  38700   1.48e+00  1.78e-01  1.49e-01  1.07e-01  9.04e-02  5.00e-02  1.83e+03  6.34e+00 -1.00e+05
2016 08 18  1050   57618  39000   1.33e+00  2.25e-01  1.96e-01  6.03e-02  4.88e-02  2.54e-02  1.94e+03  1.17e+01 -1.00e+05
2016 08 18  1055   57618  39300   1.47e+00  2.14e-01  1.85e-01  1.10e-01  9.83e-02  7.49e-02  1.93e+03  9.14e+00 -1.00e+05
2016 08 18  1100   57618  39600   2.28e+00  2.87e-01  1.46e-01  8.38e-02  5.83e-02  2.71e-02  2.06e+03  1.11e+01 -1.00e+05
2016 08 18  1105   57618  39900   1.34e+00  1.84e-01  1.55e-01  1.14e-01  1.02e-01  7.86e-02  2.16e+03  8.39e+00 -1.00e+05
2016 08 18  1110   57618  40200   1.53e+00  2.02e-01  1.54e-01  1.07e-01  5.58e-02  2.54e-02  2.36e+03  1.29e+01 -1.00e+05
2016 08 18  1115   57618  40500   1.63e+00  2.13e-01  1.84e-01  9.14e-02  7.98e-02  3.70e-02  2.44e+03  1.51e+01 -1.00e+05
2016 08 18  1120   57618  40800   2.10e+00  2.53e-01  1.59e-01  9.74e-02  8.59e-02  6.25e-02  2.28e+03  1.24e+01 -1.00e+05
2016 08 18  1125   57618  41100   1.66e+00  2.43e-01  2.14e-01  1.72e-01  1.61e-01  6.14e-02  2.38e+03  1.58e+01 -1.00e+05
2016 08 18  1130   57618  41400   2.30e+00  2.11e-01  1.14e-01  6.03e-02  4.88e-02  2.54e-02  2.41e+03  1.88e+01 -1.00e+05
2016 08 18  1135   57618  41700   2.13e+00  2.18e-01  1.26e-01  6.58e-02  5.43e-02  2.71e-02  2.63e+03  2.35e+01 -1.00e+05
2016 08 18  1140   57618  42000   1.54e+00  1.31e-01  1.02e-01  6.03e-02  4.88e-02  2.54e-02  2.75e+03  2.30e+01 -1.00e+05
2016 08 18  1145   57618  42300   2.29e+00  2.11e-01  1.14e-01  6.03e-02  4.88e-02  2.54e-02  2.52e+03  1.90e+01 -1.00e+05
2016 08 18  1150   57618  42600   1.60e+00  1.55e-01  1.26e-01  8.46e-02  7.31e-02  3.32e-02  2.47e+03  1.59e+01 -1.00e+05
2016 08 18  1155   57618  42900   1.89e+00  1.53e-01  1.05e-01  6.03e-02  4.88e-02  2.54e-02  2.40e+03  1.53e+01 -1.00e+05
2016 08 18  1200   57618  43200   1.96e+00  2.77e-01  2.49e-01  2.04e-01  1.13e-01  3.92e-02  2.53e+03  1.44e+01 -1.00e+05
2016 08 18  1205   57618  43500   2.42e+00  2.11e-01  1.14e-01  6.03e-02  4.88e-02  2.54e-02  2.56e+03  1.82e+01 -1.00e+05
2016 08 18  1210   57618  43800   1.98e+00  1.56e-01  1.27e-01  8.49e-02  5.43e-02  2.54e-02  2.63e+03  1.61e+01 -1.00e+05
2016 08 18  1215   57618  44100   3.66e+00  5.42e-01  2.26e-01  6.03e-02  4.88e-02  2.54e-02  2.76e+03  2.13e+01 -1.00e+05
2016 08 18  1220   57618  44400   2.73e+00  2.53e-01  1.46e-01  1.01e-01  5.58e-02  2.54e-02  2.77e+03  2.07e+01 -1.00e+05
2016 08 18  1225   57618  44700   1.76e+00  1.33e-01  1.04e-01  6.27e-02  5.12e-02  2.78e-02  2.67e+03  1.84e+01 -1.00e+05
2016 08 18  1230   57618  45000   1.75e+00  1.40e-01  1.12e-01  7.02e-02  5.86e-02  3.52e-02  2.68e+03  1.62e+01 -1.00e+05
2016 08 18  1235   57618  45300   1.97e+00  2.14e-01  1.86e-01  1.42e-01  9.04e-02  6.00e-02  2.68e+03  1.66e+01 -1.00e+05
2016 08 18  1240   57618  45600   2.42e+00  1.56e-01  1.08e-01  6.27e-02  5.12e-02  2.78e-02  2.68e+03  1.57e+01 -1.00e+05
2016 08 18  1245   57618  45900   2.94e+00  2.11e-01  1.14e-01  6.03e-02  4.88e-02  2.54e-02  2.48e+03  1.65e+01 -1.00e+05
2016 08 18  1250   57618  46200   2.18e+00  1.47e-01  1.18e-01  6.03e-02  4.88e-02  2.54e-02  2.87e+03  1.75e+01 -1.00e+05
2016 08 18  1255   57618  46500   2.77e+00  1.79e-01  1.31e-01  8.49e-02  5.43e-02  2.54e-02  2.64e+03  1.68e+01 -1.00e+05
2016 08 18  1300   57618  46800   2.57e+00  3.15e-01  2.86e-01  1.60e-01  1.10e-01  7.49e-02  2.89e+03  1.09e+01 -1.00e+05
2016 08 18  1305   57618  47100   2.78e+00  1.53e-01  1.24e-01  8.26e-02  7.10e-02  4.76e-02  3.08e+03  1.74e+01 -1.00e+05
2016 08 18  1310   57618  47400   3.36e+00  1.31e-01  1.02e-01  6.03e-02  4.88e-02  2.54e-02  3.16e+03  2.22e+01 -1.00e+05
2016 08 18  1315   57618  47700   3.81e+00  2.93e-01  2.45e-01  1.05e-01  5.87e-02  2.54e-02  3.11e+03  1.85e+01 -1.00e+05
2016 08 18  1320   57618  48000   3.12e+00  1.73e-01  1.44e-01  1.01e-01  5.58e-02  2.54e-02  3.14e+03  1.39e+01 -1.00e+05
2016 08 18  1325   57618  48300   3.92e+00  1.62e-01  1.15e-01  7.02e-02  5.86e-02  3.52e-02  3.41e+03  2.17e+01 -1.00e+05
2016 08 18  1330   57618  48600   4.88e+00  2.11e-01  1.14e-01  6.03e-02  4.88e-02  2.54e-02  3.58e+03  1.89e+01 -1.00e+05
2016 08 18  1335   57618  48900   3.65e+00  3.81e-01  3.52e-01  1.62e-01  1.18e-01  8.72e-02  3.75e+03  1.82e+01 -1.00e+05
2016 08 18  1340   57618  49200   3.62e+00  1.83e-01  1.54e-01  6.53e-02  4.99e-02  2.54e-02  4.00e+03  2.09e+01 -1.00e+05
2016 08 18  1345   57618  49500   3.87e+00  2.00e-01  1.72e-01  1.29e-01  8.30e-02  3.32e-02  4.55e+03  2.45e+01 -1.00e+05
2016 08 18  1350   57618  49800   4.08e+00  2.04e-01  1.76e-01  9.28e-02  8.12e-02  4.25e-02  4.62e+03  2.71e+01 -1.00e+05
2016 08 18  1355   57618  50100   6.90e+00  3.99e-01  2.18e-01  6.03e-02  4.88e-02  2.54e-02  4.58e+03  3.07e+01 -1.00e+05
2016 08 18  1400   57618  50400   4.00e+00  1.72e-01  1.43e-01  8.49e-02  5.43e-02  2.54e-02  4.72e+03  2.85e+01 -1.00e+05
2016 08 18  1405   57618  50700   4.18e+00  1.63e-01  1.34e-01  9.15e-02  5.58e-02  2.54e-02  5.02e+03  3.27e+01 -1.00e+05
2016 08 18  1410   57618  51000   4.66e+00  2.09e-01  1.80e-01  1.19e-01  1.07e-01  5.42e-02  5.22e+03  3.66e+01 -1.00e+05
2016 08 18  1415   57618  51300   4.61e+00  2.31e-01  2.02e-01  1.60e-01  1.24e-01  4.73e-02  5.49e+03  4.69e+01 -1.00e+05
2016 08 18  1420   57618  51600   5.02e+00  1.53e-01  1.05e-01  6.03e-02  4.88e-02  2.54e-02  5.49e+03  4.94e+01 -1.00e+05
2016 08 18  1425   57618  51900   3.56e+00  1.94e-01  1.66e-01  1.24e-01  1.13e-01  5.26e-02  5.24e+03  4.35e+01 -1.00e+05
2016 08 18  1430   57618  52200   4.97e+00  2.36e-01  1.04e-01  6.03e-02  4.88e-02  2.54e-02  5.16e+03  5.29e+01 -1.00e+05
2016 08 18  1435   57618  52500   3.15e+00  2.72e-01  2.43e-01  1.13e-01  8.36e-02  5.50e-02  5.44e+03  5.23e+01 -1.00e+05
2016 08 18  1440   57618  52800   3.21e+00  1.56e-01  1.27e-01  8.49e-02  5.43e-02  2.54e-02  5.49e+03  6.50e+01 -1.00e+05
2016 08 18  1445   57618  53100   3.09e+00  1.76e-01  1.47e-01  1.05e-01  5.87e-02  2.54e-02  5.49e+03  6.50e+01 -1.00e+05
2016 08 18  1450   57618  53400   4.85e+00  2.55e-01  1.30e-01  8.65e-02  7.49e-02  4.05e-02  5.49e+03  6.24e+01 -1.00e+05
2016 08 18  1455   57618  53700   2.93e+00  1.98e-01  1.69e-01  1.03e-01  9.19e-02  3.92e-02  5.36e+03  6.18e+01 -1.00e+05
2016 08 18  1500   57618  54000   4.11e+00  2.18e-01  1.12e-01  6.77e-02  5.61e-02  3.28e-02  5.32e+03  6.08e+01 -1.00e+05
2016 08 18  1505   57618  54300   2.70e+00  1.92e-01  1.64e-01  1.22e-01  1.11e-01  8.72e-02  5.49e+03  6.25e+01 -1.00e+05
2016 08 18  1510   57618  54600   3.05e+00  2.25e-01  1.96e-01  6.03e-02  4.88e-02  2.54e-02  5.48e+03  6.08e+01 -1.00e+05
2016 08 18  1515   57618  54900   2.86e+00  2.45e-01  2.17e-01  1.75e-01  1.63e-01  9.41e-02  5.49e+03  5.57e+01 -1.00e+05
2016 08 18  1520   57618  55200   6.03e+00  5.20e-01  1.76e-01  6.03e-02  4.88e-02  2.54e-02  5.49e+03  6.34e+01 -1.00e+05
2016 08 18  1525   57618  55500   2.75e+00  2.26e-01  1.97e-01  1.22e-01  1.11e-01  8.72e-02  5.49e+03  5.85e+01 -1.00e+05
2016 08 18  1530   57618  55800   4.13e+00  2.72e-01  1.76e-01  1.05e-01  5.87e-02  2.54e-02  5.49e+03  5.45e+01 -1.00e+05
2016 08 18  1535   57618  56100   4.85e+00  2.43e-01  1.27e-01  6.52e-02  5.37e-02  3.03e-02  5.59e+03  6.00e+01 -1.00e+05
2016 08 18  1540   57618  56400   3.27e+00  2.18e-01  1.89e-01  1.47e-01  1.36e-01  5.33e-02  5.64e+03  5.91e+01 -1.00e+05
2016 08 18  1545   57618  56700   3.13e+00  1.58e-01  1.29e-01  8.73e-02  6.44e-02  3.77e-02  5.80e+03  5.77e+01 -1.00e+05
2016 08 18  1550   57618  57000   3.22e+00  2.06e-01  1.77e-01  1.24e-01  8.42e-02  5.26e-02  5.69e+03  5.84e+01 -1.00e+05
2016 08 18  1555   57618  57300   3.32e+00  2.08e-01  1.79e-01  1.37e-01  1.08e-01  7.98e-02  5.63e+03  4.70e+01 -1.00e+05
2016 08 18  1600   57618  57600   4.18e+00  2.72e-01  1.76e-01  1.05e-01  5.87e-02  2.54e-02  5.52e+03  5.03e+01 -1.00e+05
2016 08 18  1605   57618  57900   4.54e+00  3.40e-01  2.09e-01  1.49e-01  1.38e-01  6.06e-02  5.56e+03  4.66e+01 -1.00e+05
2016 08 18  1610   57618  58200   3.06e+00  1.36e-01  1.07e-01  6.53e-02  4.99e-02  2.54e-02  5.50e+03  5.15e+01 -1.00e+05
2016 08 18  1615   57618  58500   2.69e+00  2.26e-01  1.97e-01  1.54e-01  1.03e-01  7.24e-02  5.49e+03  4.08e+01 -1.00e+05
2016 08 18  1620   57618  58800   3.00e+00  1.66e-01  1.37e-01  6.03e-02  4.88e-02  2.54e-02  5.50e+03  4.82e+01 -1.00e+05
2016 08 18  1625   57618  59100   4.19e+00  2.29e-01  1.34e-01  8.01e-02  6.85e-02  4.51e-02  5.78e+03  4.82e+01 -1.00e+05
2016 08 18  1630   57618  59400   3.36e+00  1.56e-01  1.08e-01  6.27e-02  5.12e-02  2.78e-02  5.91e+03  5.51e+01 -1.00e+05
2016 08 18  1635   57618  59700   3.46e+00  2.50e-01  2.21e-01  8.49e-02  5.43e-02  2.54e-02  6.17e+03  5.33e+01 -1.00e+05
2016 08 18  1640   57618  60000   5.10e+00  2.71e-01  1.54e-01  9.72e-02  8.56e-02  3.72e-02  6.18e+03  5.28e+01 -1.00e+05
2016 08 18  1645   57618  60300   3.15e+00  1.63e-01  1.34e-01  9.15e-02  5.58e-02  2.54e-02  6.18e+03  4.58e+01 -1.00e+05
2016 08 18  1650   57618  60600   2.88e+00  1.63e-01  1.34e-01  9.15e-02  5.58e-02  2.54e-02  6.21e+03  4.24e+01 -1.00e+05
2016 08 18  1655   57618  60900   2.95e+00  1.58e-01  1.29e-01  8.75e-02  7.60e-02  5.26e-02  6.17e+03  4.24e+01 -1.00e+05
2016 08 18  1700   57618  61200   4.54e+00  2.42e-01  1.46e-01  9.20e-02  6.35e-02  3.52e-02  6.44e+03  4.20e+01 -1.00e+05
2016 08 18  1705   57618  61500   2.79e+00  1.31e-01  1.02e-01  6.03e-02  4.88e-02  2.54e-02  6.47e+03  4.23e+01 -1.00e+05
2016 08 18  1710   57618  61800   2.81e+00  2.12e-01  1.83e-01  1.41e-01  1.05e-01  4.12e-02  6.53e+03  3.95e+01 -1.00e+05
2016 08 18  1715   57618  62100   4.82e+00  2.86e-01  1.70e-01  1.13e-01  1.01e-01  5.40e-02  6.82e+03  3.73e+01 -1.00e+05
2016 08 18  1720   57618  62400   2.89e+00  2.51e-01  2.22e-01  1.81e-01  1.69e-01  7.25e-02  6.50e+03  3.60e+01 -1.00e+05
2016 08 18  1725   57618  62700   2.74e+00  1.42e-01  1.14e-01  7.18e-02  5.14e-02  2.54e-02  6.41e+03  3.42e+01 -1.00e+05
2016 08 18  1730   57618  63000   3.09e+00  2.64e-01  2.35e-01  1.08e-01  8.44e-02  5.75e-02  6.49e+03  3.38e+01 -1.00e+05
2016 08 18  1735   57618  63300   2.72e+00  2.24e-01  1.95e-01  1.09e-01  8.34e-02  3.52e-02  6.49e+03  3.34e+01 -1.00e+05
2016 08 18  1740   57618  63600   3.92e+00  2.38e-01  1.43e-01  9.00e-02  7.84e-02  5.50e-02  6.49e+03  3.37e+01 -1.00e+05
2016 08 18  1745   57618  63900   2.62e+00  1.31e-01  1.02e-01  6.03e-02  4.88e-02  2.54e-02  6.49e+03  3.73e+01 -1.00e+05
2016 08 18  1750   57618  64200   2.62e+00  1.66e-01  1.37e-01  6.03e-02  4.88e-02  2.54e-02  6.59e+03  3.36e+01 -1.00e+05
2016 08 18  1755   57618  64500   2.91e+00  1.42e-01  1.14e-01  7.18e-02  5.14e-02  2.54e-02  6.82e+03  3.29e+01 -1.00e+05
2016 08 18  1800   57618  64800   5.78e+00  3.14e-01  1.36e-01  9.15e-02  5.58e-02  2.54e-02  6.92e+03  3.36e+01 -1.00e+05
2016 08 18  1805   57618  65100   4.41e+00  3.50e-01  1.50e-01  1.05e-01  5.87e-02  2.54e-02  6.90e+03  3.18e+01 -1.00e+05
2016 08 18  1810   57618  65400   2.50e+00  1.90e-01  1.61e-01  1.18e-01  6.17e-02  2.54e-02  6.83e+03  3.24e+01 -1.00e+05
2016 08 18  1815   57618  65700   4.22e+00  2.79e-01  1.24e-01  8.01e-02  6.85e-02  4.51e-02  6.84e+03  3.05e+01 -1.00e+05
2016 08 18  1820   57618  66000   2.30e+00  1.75e-01  1.47e-01  1.05e-01  7.98e-02  5.26e-02  6.86e+03  3.00e+01 -1.00e+05
2016 08 18  1825   57618  66300   4.24e+00  3.99e-01  2.18e-01  6.03e-02  4.88e-02  2.54e-02  6.91e+03  3.20e+01 -1.00e+05
2016 08 18  1830   57618  66600   4.25e+00  2.36e-01  1.04e-01  6.03e-02  4.88e-02  2.54e-02  6.87e+03  3.45e+01 -1.00e+05
2016 08 18  1835   57618  66900   2.96e+00  2.93e-01  2.45e-01  1.04e-01  5.58e-02  2.54e-02  6.82e+03  3.35e+01 -1.00e+05
2016 08 18  1840   57618  67200   2.42e+00  1.65e-01  1.36e-01  9.46e-02  8.31e-02  4.98e-02  6.83e+03  3.07e+01 -1.00e+05
2016 08 18  1845   57618  67500   4.32e+00  2.75e-01  1.33e-01  7.27e-02  6.11e-02  3.77e-02  6.91e+03  3.28e+01 -1.00e+05
2016 08 18  1850   57618  67800   2.95e+00  2.62e-01  2.33e-01  9.02e-02  6.12e-02  3.28e-02  6.84e+03  3.60e+01 -1.00e+05
2016 08 18  1855   57618  68100   3.64e+00  2.15e-01  1.19e-01  6.52e-02  5.37e-02  3.03e-02  6.90e+03  3.44e+01 -1.00e+05
2016 08 18  1900   57618  68400   2.59e+00  1.47e-01  1.18e-01  6.03e-02  4.88e-02  2.54e-02  6.78e+03  3.67e+01 -1.00e+05
2016 08 18  1905   57618  68700   3.13e+00  2.13e-01  1.46e-01  9.72e-02  8.56e-02  3.72e-02  6.72e+03  2.96e+01 -1.00e+05
2016 08 18  1910   57618  69000   2.88e+00  1.99e-01  1.56e-01  6.58e-02  5.43e-02  2.71e-02  6.83e+03  3.42e+01 -1.00e+05
2016 08 18  1915   57618  69300   4.22e+00  4.01e-01  2.59e-01  1.15e-01  1.03e-01  7.98e-02  6.78e+03  3.63e+01 -1.00e+05
2016 08 18  1920   57618  69600   2.74e+00  2.14e-01  1.51e-01  1.03e-01  9.19e-02  3.92e-02  6.32e+03  3.57e+01 -1.00e+05
2016 08 18  1925   57618  69900   2.45e+00  2.06e-01  1.77e-01  1.35e-01  9.89e-02  3.92e-02  6.40e+03  3.61e+01 -1.00e+05
2016 08 18  1930   57618  70200   2.32e+00  1.31e-01  1.02e-01  6.03e-02  4.88e-02  2.54e-02  6.47e+03  3.22e+01 -1.00e+05
2016 08 18  1935   57618  70500   2.42e+00  2.88e-01  2.59e-01  1.25e-01  9.20e-02  6.25e-02  6.48e+03  3.44e+01 -1.00e+05
2016 08 18  1940   57618  70800   2.33e+00  1.47e-01  1.18e-01  6.03e-02  4.88e-02  2.54e-02  6.48e+03  3.25e+01 -1.00e+05
2016 08 18  1945   57618  71100   3.26e+00  2.43e-01  1.47e-01  8.26e-02  7.10e-02  4.76e-02  6.34e+03  3.14e+01 -1.00e+05
2016 08 18  1950   57618  71400   3.59e+00  3.72e-01  1.96e-01  6.03e-02  4.88e-02  2.54e-02  6.16e+03  2.86e+01 -1.00e+05
2016 08 18  1955   57618  71700   2.45e+00  1.69e-01  1.21e-01  6.03e-02  4.88e-02  2.54e-02  6.16e+03  2.87e+01 -1.00e+05
2016 08 18  2000   57618  72000   2.30e+00  1.69e-01  1.41e-01  9.80e-02  5.73e-02  2.54e-02  6.13e+03  2.80e+01 -1.00e+05
2016 08 18  2005   57618  72300   4.28e+00  2.82e-01  1.04e-01  6.03e-02  4.88e-02  2.54e-02  6.04e+03  2.99e+01 -1.00e+05
2016 08 18  2010   57618  72600   2.13e+00  1.66e-01  1.37e-01  6.03e-02  4.88e-02  2.54e-02  6.05e+03  2.84e+01 -1.00e+05
2016 08 18  2015   57618  72900   2.03e+00  2.00e-01  1.71e-01  1.29e-01  1.18e-01  5.09e-02  6.02e+03  2.41e+01 -1.00e+05
2016 08 18  2020   57618  73200   2.58e+00  1.69e-01  1.21e-01  6.03e-02  4.88e-02  2.54e-02  5.83e+03  2.60e+01 -1.00e+05
2016 08 18  2025   57618  73500   2.55e+00  2.06e-01  1.58e-01  1.11e-01  6.02e-02  2.54e-02  5.83e+03  2.49e+01 -1.00e+05
2016 08 18  2030   57618  73800   2.46e+00  1.96e-01  1.67e-01  1.25e-01  9.98e-02  7.24e-02  5.82e+03  2.16e+01 -1.00e+05
2016 08 18  2035   57618  74100   2.73e+00  1.73e-01  1.28e-01  8.39e-02  7.23e-02  4.89e-02  5.60e+03  2.00e+01 -1.00e+05
2016 08 18  2040   57618  74400   2.96e+00  3.20e-01  2.72e-01  9.15e-02  5.58e-02  2.54e-02  5.75e+03  2.06e+01 -1.00e+05
2016 08 18  2045   57618  74700   3.35e+00  2.14e-01  1.56e-01  1.10e-01  9.82e-02  4.12e-02  5.78e+03  2.33e+01 -1.00e+05
2016 08 18  2050   57618  75000   2.82e+00  1.40e-01  1.12e-01  7.02e-02  5.86e-02  3.52e-02  5.51e+03  2.16e+01 -1.00e+05
2016 08 18  2055   57618  75300   4.36e+00  3.35e-01  1.72e-01  6.03e-02  4.88e-02  2.54e-02  5.30e+03  2.18e+01 -1.00e+05
2016 08 18  2100   57618  75600   5.38e+00  2.95e-01  1.24e-01  6.03e-02  4.88e-02  2.54e-02  5.17e+03  2.12e+01 -1.00e+05
2016 08 18  2105   57618  75900   2.99e+00  1.92e-01  1.63e-01  1.21e-01  9.59e-02  3.92e-02  4.96e+03  2.10e+01 -1.00e+05
2016 08 18  2110   57618  76200   3.87e+00  2.53e-01  1.46e-01  1.01e-01  5.58e-02  2.54e-02  4.88e+03  1.72e+01 -1.00e+05
2016 08 18  2115   57618  76500   2.78e+00  1.47e-01  1.18e-01  6.03e-02  4.88e-02  2.54e-02  4.90e+03  1.60e+01 -1.00e+05
2016 08 18  2120   57618  76800   2.98e+00  1.31e-01  1.02e-01  6.03e-02  4.88e-02  2.54e-02  4.88e+03  2.06e+01 -1.00e+05
2016 08 18  2125   57618  77100   2.89e+00  2.21e-01  1.92e-01  6.58e-02  5.43e-02  2.71e-02  4.89e+03  2.10e+01 -1.00e+05
2016 08 18  2130   57618  77400   4.70e+00  2.37e-01  1.32e-01  8.73e-02  6.44e-02  3.77e-02  4.71e+03  1.46e+01 -1.00e+05
2016 08 18  2135   57618  77700   3.44e+00  1.89e-01  1.41e-01  9.50e-02  6.04e-02  3.03e-02  4.70e+03  1.71e+01 -1.00e+05
2016 08 18  2140   57618  78000   3.08e+00  1.36e-01  1.07e-01  6.53e-02  4.99e-02  2.54e-02  4.71e+03  1.77e+01 -1.00e+05
2016 08 18  2145   57618  78300   5.97e+00  2.90e-01  1.11e-01  6.77e-02  5.61e-02  3.28e-02  4.72e+03  1.45e+01 -1.00e+05
2016 08 18  2150   57618  78600   5.45e+00  2.46e-01  1.14e-01  7.02e-02  5.86e-02  3.52e-02  4.73e+03  1.46e+01 -1.00e+05
2016 08 18  2155   57618  78900   5.45e+00  2.36e-01  1.04e-01  6.03e-02  4.88e-02  2.54e-02  4.73e+03  1.63e+01 -1.00e+05
2016 08 18  2200   57618  79200   3.46e+00  2.49e-01  2.20e-01  1.79e-01  1.67e-01  8.70e-02  4.70e+03  1.23e+01 -1.00e+05
2016 08 18  2205   57618  79500   4.92e+00  2.11e-01  1.04e-01  6.03e-02  4.88e-02  2.54e-02  4.70e+03  1.35e+01 -1.00e+05
2016 08 18  2210   57618  79800   3.99e+00  2.84e-01  2.36e-01  8.49e-02  5.43e-02  2.54e-02  4.64e+03  1.14e+01 -1.00e+05
2016 08 18  2215   57618  80100   3.19e+00  1.65e-01  1.36e-01  9.44e-02  7.37e-02  4.76e-02  4.50e+03  1.33e+01 -1.00e+05
2016 08 18  2220   57618  80400   2.93e+00  1.47e-01  1.18e-01  6.03e-02  4.88e-02  2.54e-02  4.43e+03  1.52e+01 -1.00e+05
2016 08 18  2225   57618  80700   3.70e+00  1.99e-01  1.54e-01  1.10e-01  9.83e-02  7.49e-02  4.44e+03  1.18e+01 -1.00e+05
2016 08 18  2230   57618  81000   3.23e+00  1.66e-01  1.37e-01  6.03e-02  4.88e-02  2.54e-02  4.34e+03  1.48e+01 -1.00e+05
2016 08 18  2235   57618  81300   3.50e+00  2.61e-01  1.47e-01  1.03e-01  9.19e-02  3.92e-02  4.26e+03  1.29e+01 -1.00e+05
2016 08 18  2240   57618  81600   2.43e+00  1.66e-01  1.37e-01  6.03e-02  4.88e-02  2.54e-02  3.99e+03  1.14e+01 -1.00e+05
2016 08 18  2245   57618  81900   2.20e+00  1.78e-01  1.49e-01  9.99e-02  8.83e-02  6.49e-02  3.83e+03  1.17e+01 -1.00e+05
2016 08 18  2250   57618  82200   2.48e+00  2.25e-01  1.96e-01  6.03e-02  4.88e-02  2.54e-02  3.73e+03  1.23e+01 -1.00e+05
2016 08 18  2255   57618  82500   2.40e+00  1.31e-01  1.02e-01  6.03e-02  4.88e-02  2.54e-02  3.71e+03  1.25e+01 -1.00e+05
2016 08 18  2300   57618  82800   3.80e+00  2.48e-01  1.17e-01  7.27e-02  6.11e-02  3.77e-02  3.70e+03  9.96e+00 -1.00e+05
2016 08 18  2305   57618  83100   2.38e+00  1.31e-01  1.02e-01  6.03e-02  4.88e-02  2.54e-02  3.73e+03  1.18e+01 -1.00e+05
2016 08 18  2310   57618  83400   2.35e+00  1.90e-01  1.62e-01  1.19e-01  7.73e-02  4.51e-02  3.75e+03  6.87e+00 -1.00e+05
2016 08 18  2315   57618  83700   2.41e+00  1.78e-01  1.49e-01  1.05e-01  5.58e-02  2.54e-02  3.75e+03  1.00e+01 -1.00e+05
2016 08 18  2320   57618  84000   2.57e+00  1.90e-01  1.61e-01  1.18e-01  6.94e-02  3.52e-02  3.77e+03  1.11e+01 -1.00e+05
2016 08 18  2325   57618  84300   2.78e+00  2.36e-01  2.08e-01  1.66e-01  1.55e-01  5.94e-02  3.76e+03  8.78e+00 -1.00e+05
2016 08 18  2330   57618  84600   2.60e+00  1.68e-01  1.39e-01  6.27e-02  5.12e-02  2.78e-02  3.77e+03  9.52e+00 -1.00e+05
2016 08 18  2335   57618  84900   2.62e+00  1.31e-01  1.02e-01  6.03e-02  4.88e-02  2.54e-02  3.75e+03  9.58e+00 -1.00e+05
2016 08 18  2340   57618  85200   2.97e+00  2.84e-01  2.55e-01  1.18e-01  6.17e-02  2.54e-02  3.74e+03  6.90e+00 -1.00e+05
2016 08 18  2345   57618  85500   2.69e+00  2.52e-01  2.23e-01  9.49e-02  8.34e-02  6.00e-02  3.74e+03  6.20e+00 -1.00e+05
2016 08 18  2350   57618  85800   2.58e+00  1.31e-01  1.02e-01  6.03e-02  4.88e-02  2.54e-02  3.74e+03  8.63e+00 -1.00e+05
2016 08 18  2355   57618  86100   4.84e+00  2.95e-01  1.24e-01  6.03e-02  4.88e-02  2.54e-02  3.74e+03  9.47e+00 -1.00e+05
