:Data_list: 20160821_Gp_part_5m.txt
:Created: 2016 Aug 22 0011 UTC
# Prepared by the U.S. Dept. of Commerce, NOAA, Space Weather Prediction Center
# Please send comments and suggestions to SWPC.Webmaster@noaa.gov 
# 
# Label: P > 1 = Particles at >1 Mev
# Label: P > 5 = Particles at >5 Mev
# Label: P >10 = Particles at >10 Mev
# Label: P >30 = Particles at >30 Mev
# Label: P >50 = Particles at >50 Mev
# Label: P>100 = Particles at >100 Mev
# Label: E>0.8 = Electrons at >0.8 Mev
# Label: E>2.0 = Electrons at >2.0 Mev
# Label: E>4.0 = Electrons at >4.0 Mev
# Units: Particles = Protons/cm2-s-sr
# Units: Electrons = Electrons/cm2-s-sr
# Source: GOES-13
# Location: W075
# Missing data: -1.00e+05
#
#                      5-minute  GOES-13 Solar Particle and Electron Flux
#
#                 Modified Seconds
# UTC Date  Time   Julian  of the
# YR MO DA  HHMM    Day     Day     P > 1     P > 5     P >10     P >30     P >50     P>100     E>0.8     E>2.0     E>4.0
#-------------------------------------------------------------------------------------------------------------------------
2016 08 21  0000   57621      0   4.31e+00  1.76e-01  1.46e-01  1.03e-01  9.13e-02  4.34e-02  5.50e+03  4.26e+01 -1.00e+05
2016 08 21  0005   57621    300   4.57e+00  2.49e-01  2.18e-01  9.67e-02  8.51e-02  6.15e-02  5.49e+03  4.57e+01 -1.00e+05
2016 08 21  0010   57621    600   4.45e+00  1.60e-01  1.29e-01  8.68e-02  7.52e-02  5.16e-02  5.48e+03  4.40e+01 -1.00e+05
2016 08 21  0015   57621    900   4.22e+00  1.50e-01  1.19e-01  7.67e-02  6.50e-02  3.06e-02  5.29e+03  4.28e+01 -1.00e+05
2016 08 21  0020   57621   1200   7.31e+00  2.46e-01  1.24e-01  7.94e-02  6.77e-02  4.42e-02  5.20e+03  4.26e+01 -1.00e+05
2016 08 21  0025   57621   1500   5.26e+00  1.80e-01  1.49e-01  6.06e-02  4.90e-02  2.55e-02  5.07e+03  4.15e+01 -1.00e+05
2016 08 21  0030   57621   1800   7.20e+00  3.32e-01  2.07e-01  6.06e-02  4.90e-02  2.55e-02  4.98e+03  4.09e+01 -1.00e+05
2016 08 21  0035   57621   2100   4.86e+00  1.93e-01  1.62e-01  1.09e-01  6.00e-02  2.55e-02  4.95e+03  3.44e+01 -1.00e+05
2016 08 21  0040   57621   2400   4.98e+00  3.14e-01  2.84e-01  1.10e-01  6.13e-02  2.69e-02  4.87e+03  3.75e+01 -1.00e+05
2016 08 21  0045   57621   2700   5.04e+00  1.81e-01  1.51e-01  1.08e-01  9.64e-02  4.07e-02  4.78e+03  3.54e+01 -1.00e+05
2016 08 21  0050   57621   3000   4.97e+00  3.68e-01  3.37e-01  1.69e-01  1.29e-01  4.87e-02  4.70e+03  3.56e+01 -1.00e+05
2016 08 21  0055   57621   3300   4.77e+00  1.68e-01  1.37e-01  6.06e-02  4.90e-02  2.55e-02  4.70e+03  3.49e+01 -1.00e+05
2016 08 21  0100   57621   3600   4.11e+00  2.44e-01  2.14e-01  1.73e-01  1.59e-01  6.35e-02  4.57e+03  2.90e+01 -1.00e+05
2016 08 21  0105   57621   3900   7.44e+00  3.25e-01  1.79e-01  1.36e-01  8.61e-02  5.17e-02  4.67e+03  3.31e+01 -1.00e+05
2016 08 21  0110   57621   4200   6.57e+00  2.25e-01  1.02e-01  6.01e-02  4.85e-02  2.52e-02  4.70e+03  3.55e+01 -1.00e+05
2016 08 21  0115   57621   4500   3.69e+00  1.37e-01  1.07e-01  6.68e-02  5.52e-02  3.19e-02  4.47e+03  3.06e+01 -1.00e+05
2016 08 21  0120   57621   4800   5.41e+00  1.99e-01  1.19e-01  6.93e-02  5.77e-02  3.44e-02  4.49e+03  2.97e+01 -1.00e+05
2016 08 21  0125   57621   5100   7.40e+00  2.63e-01  1.16e-01  7.42e-02  6.26e-02  3.93e-02  4.46e+03  3.39e+01 -1.00e+05
2016 08 21  0130   57621   5400   9.09e+00  4.02e-01  1.13e-01  7.07e-02  5.09e-02  2.52e-02  4.31e+03  3.08e+01 -1.00e+05
2016 08 21  0135   57621   5700   5.83e+00  3.49e-01  2.18e-01  1.59e-01  1.41e-01  7.74e-02  4.32e+03  2.79e+01 -1.00e+05
2016 08 21  0140   57621   6000   3.69e+00  1.42e-01  1.11e-01  7.07e-02  5.09e-02  2.52e-02  4.33e+03  2.83e+01 -1.00e+05
2016 08 21  0145   57621   6300   4.31e+00  2.20e-01  1.38e-01  6.01e-02  4.85e-02  2.52e-02  4.19e+03  2.93e+01 -1.00e+05
2016 08 21  0150   57621   6600   3.52e+00  1.72e-01  1.40e-01  6.01e-02  4.85e-02  2.52e-02  4.22e+03  2.62e+01 -1.00e+05
2016 08 21  0155   57621   6900   3.63e+00  2.10e-01  1.79e-01  6.01e-02  4.85e-02  2.52e-02  4.18e+03  3.15e+01 -1.00e+05
2016 08 21  0200   57621   7200   4.46e+00  2.48e-01  1.18e-01  6.01e-02  4.85e-02  2.52e-02  4.09e+03  3.15e+01 -1.00e+05
2016 08 21  0205   57621   7500   2.21e+00  1.64e-01  1.34e-01  9.27e-02  6.78e-02  3.02e-02  4.14e+03  2.57e+01 -1.00e+05
2016 08 21  0210   57621   7800   3.17e+00  2.34e-01  2.03e-01  1.12e-01  8.66e-02  3.62e-02  4.10e+03  2.71e+01 -1.00e+05
2016 08 21  0215   57621   8100   3.98e+00  2.15e-01  1.34e-01  8.38e-02  5.39e-02  2.52e-02  3.99e+03  2.32e+01 -1.00e+05
2016 08 21  0220   57621   8400   2.90e+00  1.67e-01  1.37e-01  9.68e-02  8.52e-02  2.68e-02  3.91e+03  2.06e+01 -1.00e+05
2016 08 21  0225   57621   8700   3.84e+00  3.34e-01  2.56e-01  1.11e-01  9.98e-02  7.65e-02  3.85e+03  2.14e+01 -1.00e+05
2016 08 21  0230   57621   9000   2.66e+00  1.81e-01  1.51e-01  6.01e-02  4.85e-02  2.52e-02  3.74e+03  2.34e+01 -1.00e+05
2016 08 21  0235   57621   9300   4.36e+00  3.14e-01  1.45e-01  1.02e-01  7.09e-02  4.18e-02  3.64e+03  2.08e+01 -1.00e+05
2016 08 21  0240   57621   9600   2.46e+00  2.08e-01  1.77e-01  1.21e-01  1.10e-01  8.64e-02  3.58e+03  1.91e+01 -1.00e+05
2016 08 21  0245   57621   9900   2.16e+00  1.98e-01  1.68e-01  9.61e-02  8.45e-02  4.30e-02  3.58e+03  1.89e+01 -1.00e+05
2016 08 21  0250   57621  10200   2.31e+00  1.34e-01  1.03e-01  6.30e-02  5.14e-02  2.62e-02  3.56e+03  2.10e+01 -1.00e+05
2016 08 21  0255   57621  10500   2.63e+00  3.05e-01  2.73e-01  9.70e-02  5.68e-02  2.52e-02  3.52e+03  2.04e+01 -1.00e+05
2016 08 21  0300   57621  10800   2.16e+00  1.83e-01  1.53e-01  1.12e-01  8.20e-02  3.55e-02  3.49e+03  1.68e+01 -1.00e+05
2016 08 21  0305   57621  11100   2.06e+00  1.64e-01  1.33e-01  6.42e-02  4.94e-02  2.52e-02  3.46e+03  1.90e+01 -1.00e+05
2016 08 21  0310   57621  11400   2.52e+00  3.29e-01  2.99e-01  1.74e-01  1.59e-01  6.04e-02  3.42e+03  1.52e+01 -1.00e+05
2016 08 21  0315   57621  11700   2.10e+00  1.31e-01  1.00e-01  6.01e-02  4.85e-02  2.52e-02  3.44e+03  2.11e+01 -1.00e+05
2016 08 21  0320   57621  12000   2.40e+00  2.54e-01  1.91e-01  1.45e-01  1.33e-01  5.23e-02  3.33e+03  1.73e+01 -1.00e+05
2016 08 21  0325   57621  12300   2.06e+00  1.43e-01  1.13e-01  7.20e-02  5.25e-02  2.70e-02  3.24e+03  1.78e+01 -1.00e+05
2016 08 21  0330   57621  12600   1.95e+00  1.69e-01  1.38e-01  9.70e-02  5.68e-02  2.52e-02  3.18e+03  1.58e+01 -1.00e+05
2016 08 21  0335   57621  12900   2.02e+00  1.54e-01  1.23e-01  8.31e-02  7.15e-02  3.71e-02  3.15e+03  1.50e+01 -1.00e+05
2016 08 21  0340   57621  13200   1.88e+00  1.65e-01  1.32e-01  9.04e-02  5.53e-02  2.52e-02  3.14e+03  1.91e+01 -1.00e+05
2016 08 21  0345   57621  13500   3.25e+00  4.16e-01  1.84e-01  6.68e-02  5.52e-02  3.19e-02  3.08e+03  1.90e+01 -1.00e+05
2016 08 21  0350   57621  13800   1.98e+00  1.71e-01  1.41e-01  1.00e-01  8.86e-02  2.68e-02  3.10e+03  1.75e+01 -1.00e+05
2016 08 21  0355   57621  14100   2.79e+00  2.25e-01  1.02e-01  6.01e-02  4.85e-02  2.52e-02  3.14e+03  1.74e+01 -1.00e+05
2016 08 21  0400   57621  14400   1.83e+00  1.31e-01  1.00e-01  6.01e-02  4.85e-02  2.52e-02  3.08e+03  1.55e+01 -1.00e+05
2016 08 21  0405   57621  14700   1.77e+00  2.51e-01  2.20e-01  1.80e-01  1.65e-01  6.24e-02  3.08e+03  1.34e+01 -1.00e+05
2016 08 21  0410   57621  15000   2.38e+00  2.25e-01  1.02e-01  6.01e-02  4.85e-02  2.52e-02  3.09e+03  1.56e+01 -1.00e+05
2016 08 21  0415   57621  15300   1.60e+00  2.16e-01  1.86e-01  1.44e-01  8.99e-02  5.42e-02  3.08e+03  1.09e+01 -1.00e+05
2016 08 21  0420   57621  15600   1.60e+00  1.65e-01  1.35e-01  9.44e-02  8.28e-02  3.62e-02  3.08e+03  1.54e+01 -1.00e+05
2016 08 21  0425   57621  15900   2.02e+00  2.95e-01  2.14e-01  6.18e-02  5.02e-02  2.70e-02  3.03e+03  1.56e+01 -1.00e+05
2016 08 21  0430   57621  16200   1.43e+00  1.89e-01  1.59e-01  1.18e-01  9.29e-02  3.83e-02  2.92e+03  8.92e+00 -1.00e+05
2016 08 21  0435   57621  16500   1.56e+00  1.53e-01  1.23e-01  8.27e-02  6.64e-02  4.18e-02  2.91e+03  1.23e+01 -1.00e+05
2016 08 21  0440   57621  16800   1.55e+00  1.59e-01  1.28e-01  8.81e-02  7.65e-02  3.42e-02  2.89e+03  1.58e+01 -1.00e+05
2016 08 21  0445   57621  17100   2.40e+00  2.81e-01  1.55e-01  1.13e-01  1.02e-01  4.23e-02  2.87e+03  1.16e+01 -1.00e+05
2016 08 21  0450   57621  17400   1.49e+00  1.69e-01  1.39e-01  6.01e-02  4.85e-02  2.52e-02  2.90e+03  1.15e+01 -1.00e+05
2016 08 21  0455   57621  17700   2.19e+00  3.78e-01  2.49e-01  8.57e-02  6.33e-02  3.69e-02  2.88e+03  1.36e+01 -1.00e+05
2016 08 21  0500   57621  18000   1.31e+00  2.14e-01  1.83e-01  1.43e-01  1.23e-01  4.83e-02  2.76e+03  1.02e+01 -1.00e+05
2016 08 21  0505   57621  18300   1.54e+00  2.52e-01  2.22e-01  1.13e-01  1.02e-01  6.54e-02  2.64e+03  8.48e+00 -1.00e+05
2016 08 21  0510   57621  18600   1.43e+00  2.00e-01  1.70e-01  1.27e-01  7.53e-02  3.70e-02  2.55e+03  8.40e+00 -1.00e+05
2016 08 21  0515   57621  18900   1.61e+00  1.40e-01  1.10e-01  6.93e-02  5.77e-02  2.82e-02  2.45e+03  8.89e+00 -1.00e+05
2016 08 21  0520   57621  19200   1.96e+00  3.00e-01  1.73e-01  9.74e-02  7.50e-02  4.86e-02  2.35e+03  2.39e+00 -1.00e+05
2016 08 21  0525   57621  19500   1.68e+00  2.16e-01  1.86e-01  1.07e-01  9.53e-02  4.03e-02  2.10e+03  6.20e+00 -1.00e+05
2016 08 21  0530   57621  19800   1.39e+00  1.47e-01  1.17e-01  7.67e-02  6.51e-02  4.18e-02  1.90e+03  2.24e+00 -1.00e+05
2016 08 21  0535   57621  20100   2.04e+00  2.04e-01  1.24e-01  7.42e-02  6.26e-02  3.93e-02  1.82e+03  4.11e+00 -1.00e+05
2016 08 21  0540   57621  20400   3.05e+00  4.88e-01  2.50e-01  8.41e-02  7.25e-02  4.92e-02  1.87e+03  5.19e+00 -1.00e+05
2016 08 21  0545   57621  20700   1.36e+00  1.33e-01  1.01e-01  6.01e-02  4.85e-02  2.52e-02  1.83e+03  5.42e+00 -1.00e+05
2016 08 21  0550   57621  21000   2.60e+00  2.96e-01  1.27e-01  8.38e-02  5.39e-02  2.52e-02  1.78e+03  4.54e+00 -1.00e+05
2016 08 21  0555   57621  21300   1.39e+00  1.55e-01  1.25e-01  8.38e-02  5.39e-02  2.52e-02  1.87e+03  2.72e+00 -1.00e+05
2016 08 21  0600   57621  21600   1.31e+00  1.58e-01  1.27e-01  6.30e-02  5.14e-02  2.62e-02  1.92e+03  5.36e+00 -1.00e+05
2016 08 21  0605   57621  21900   1.40e+00  1.44e-01  1.12e-01  7.07e-02  5.09e-02  2.52e-02  1.96e+03  7.02e+00 -1.00e+05
2016 08 21  0610   57621  22200   1.39e+00  1.59e-01  1.29e-01  6.01e-02  4.85e-02  2.52e-02  2.02e+03  5.47e+00 -1.00e+05
2016 08 21  0615   57621  22500   1.53e+00  2.75e-01  2.44e-01  1.05e-01  8.88e-02  6.41e-02  2.10e+03  2.27e+00 -1.00e+05
2016 08 21  0620   57621  22800   1.39e+00  2.19e-01  1.89e-01  1.49e-01  1.37e-01  6.83e-02  2.17e+03  5.46e+00 -1.00e+05
2016 08 21  0625   57621  23100   1.14e+00  1.37e-01  1.07e-01  6.68e-02  5.52e-02  3.19e-02  2.18e+03  5.80e+00 -1.00e+05
2016 08 21  0630   57621  23400   1.42e+00  2.52e-01  2.22e-01  7.92e-02  6.76e-02  4.43e-02  2.15e+03  4.98e+00 -1.00e+05
2016 08 21  0635   57621  23700   2.31e+00  2.72e-01  1.02e-01  6.01e-02  4.85e-02  2.52e-02  2.15e+03  8.55e+00 -1.00e+05
2016 08 21  0640   57621  24000   1.10e+00  1.56e-01  1.26e-01  8.57e-02  7.14e-02  3.35e-02  2.26e+03  1.91e+00 -1.00e+05
2016 08 21  0645   57621  24300   1.41e+00  1.31e-01  1.00e-01  6.01e-02  4.85e-02  2.52e-02  2.29e+03  7.04e+00 -1.00e+05
2016 08 21  0650   57621  24600   1.36e+00  1.42e-01  1.11e-01  7.07e-02  5.09e-02  2.52e-02  2.31e+03  7.41e+00 -1.00e+05
2016 08 21  0655   57621  24900   1.24e+00  1.95e-01  1.16e-01  6.71e-02  5.23e-02  2.62e-02  2.35e+03  5.53e+00 -1.00e+05
2016 08 21  0700   57621  25200   1.15e+00  1.79e-01  1.49e-01  1.09e-01  9.73e-02  7.40e-02  2.36e+03  7.54e+00 -1.00e+05
2016 08 21  0705   57621  25500   1.01e+00  1.38e-01  1.05e-01  6.42e-02  4.94e-02  2.52e-02  2.40e+03  6.27e+00 -1.00e+05
2016 08 21  0710   57621  25800   2.10e+00  3.63e-01  2.36e-01  8.19e-02  7.03e-02  4.70e-02  2.35e+03  4.93e+00 -1.00e+05
2016 08 21  0715   57621  26100   9.94e-01  1.31e-01  1.00e-01  6.01e-02  4.85e-02  2.52e-02  2.40e+03  6.33e+00 -1.00e+05
2016 08 21  0720   57621  26400   1.34e+00  1.40e-01  1.10e-01  6.93e-02  5.77e-02  3.44e-02  2.41e+03  5.05e+00 -1.00e+05
2016 08 21  0725   57621  26700   1.19e+00  1.74e-01  1.42e-01  1.00e-01  6.07e-02  2.94e-02  2.44e+03  8.11e+00 -1.00e+05
2016 08 21  0730   57621  27000   2.56e+00  2.74e-01  1.05e-01  6.30e-02  5.14e-02  2.62e-02  2.39e+03  9.76e+00 -1.00e+05
2016 08 21  0735   57621  27300   1.06e+00  1.31e-01  1.00e-01  6.01e-02  4.85e-02  2.52e-02  2.29e+03  7.79e+00 -1.00e+05
2016 08 21  0740   57621  27600   1.66e+00  2.96e-01  1.68e-01  8.66e-02  7.50e-02  5.17e-02  2.36e+03  6.30e+00 -1.00e+05
2016 08 21  0745   57621  27900   1.68e+00  2.86e-01  1.59e-01  1.01e-01  8.98e-02  6.66e-02  2.33e+03  6.70e+00 -1.00e+05
2016 08 21  0750   57621  28200   1.35e+00  1.66e-01  1.36e-01  9.50e-02  7.75e-02  5.25e-02  2.31e+03  3.07e+00 -1.00e+05
2016 08 21  0755   57621  28500   1.05e+00  1.75e-01  1.45e-01  1.04e-01  5.83e-02  2.52e-02  2.31e+03  8.33e+00 -1.00e+05
2016 08 21  0800   57621  28800   1.10e+00  1.31e-01  1.00e-01  6.01e-02  4.85e-02  2.52e-02  2.37e+03  2.91e+00 -1.00e+05
2016 08 21  0805   57621  29100   1.58e+00  3.22e-01  2.41e-01  8.38e-02  5.39e-02  2.52e-02  2.28e+03  7.58e+00 -1.00e+05
2016 08 21  0810   57621  29400   2.03e+00  2.48e-01  1.18e-01  6.01e-02  4.85e-02  2.52e-02  2.25e+03  9.32e+00 -1.00e+05
2016 08 21  0815   57621  29700   1.87e+00  2.70e-01  1.37e-01  9.44e-02  8.28e-02  3.62e-02  2.42e+03  6.91e+00 -1.00e+05
2016 08 21  0820   57621  30000   1.39e+00  2.79e-01  2.49e-01  1.35e-01  1.01e-01  5.97e-02  2.41e+03  1.43e+00 -1.00e+05
2016 08 21  0825   57621  30300   2.60e+00  3.70e-01  1.73e-01  1.31e-01  1.01e-01  4.03e-02  2.34e+03  6.17e+00 -1.00e+05
2016 08 21  0830   57621  30600   1.59e+00  2.46e-01  2.16e-01  8.38e-02  5.39e-02  2.52e-02  2.27e+03  7.39e+00 -1.00e+05
2016 08 21  0835   57621  30900   1.31e+00  1.31e-01  1.00e-01  6.01e-02  4.85e-02  2.52e-02  2.32e+03  5.50e+00 -1.00e+05
2016 08 21  0840   57621  31200   1.99e+00  2.83e-01  2.09e-01  6.93e-02  5.77e-02  2.82e-02  2.07e+03  8.46e+00 -1.00e+05
2016 08 21  0845   57621  31500   1.35e+00  1.83e-01  1.52e-01  8.91e-02  7.75e-02  5.42e-02  2.10e+03  8.01e+00 -1.00e+05
2016 08 21  0850   57621  31800   3.05e+00  3.14e-01  1.02e-01  6.01e-02  4.85e-02  2.52e-02  2.37e+03  1.40e+01 -1.00e+05
2016 08 21  0855   57621  32100   1.52e+00  1.69e-01  1.39e-01  6.01e-02  4.85e-02  2.52e-02  2.37e+03  1.73e+01 -1.00e+05
2016 08 21  0900   57621  32400   1.37e+00  1.31e-01  1.00e-01  6.01e-02  4.85e-02  2.52e-02  2.51e+03  1.36e+01 -1.00e+05
2016 08 21  0905   57621  32700   1.76e+00  3.31e-01  3.01e-01  1.44e-01  1.04e-01  4.03e-02  2.65e+03  1.43e+01 -1.00e+05
2016 08 21  0910   57621  33000   1.41e+00  1.45e-01  1.15e-01  7.44e-02  6.26e-02  3.93e-02  2.80e+03  1.52e+01 -1.00e+05
2016 08 21  0915   57621  33300   1.52e+00  2.34e-01  2.04e-01  1.04e-01  9.23e-02  6.91e-02  3.21e+03  1.83e+01 -1.00e+05
2016 08 21  0920   57621  33600   1.59e+00  2.15e-01  1.85e-01  1.45e-01  1.33e-01  5.23e-02  3.52e+03  2.52e+01 -1.00e+05
2016 08 21  0925   57621  33900   2.57e+00  3.70e-01  1.77e-01  6.01e-02  4.85e-02  2.52e-02  3.16e+03  2.77e+01 -1.00e+05
2016 08 21  0930   57621  34200   1.66e+00  1.72e-01  1.40e-01  6.01e-02  4.85e-02  2.52e-02  3.14e+03  2.97e+01 -1.00e+05
2016 08 21  0935   57621  34500   1.69e+00  1.44e-01  1.12e-01  7.17e-02  6.01e-02  3.69e-02  3.40e+03  3.29e+01 -1.00e+05
2016 08 21  0940   57621  34800   1.75e+00  1.55e-01  1.25e-01  8.38e-02  5.39e-02  2.52e-02  3.57e+03  3.06e+01 -1.00e+05
2016 08 21  0945   57621  35100   1.79e+00  1.31e-01  1.00e-01  6.01e-02  4.85e-02  2.52e-02  3.61e+03  3.01e+01 -1.00e+05
2016 08 21  0950   57621  35400   1.91e+00  2.12e-01  1.82e-01  1.41e-01  1.14e-01  8.64e-02  3.50e+03  2.69e+01 -1.00e+05
2016 08 21  0955   57621  35700   1.91e+00  1.69e-01  1.39e-01  6.01e-02  4.85e-02  2.52e-02  3.58e+03  2.84e+01 -1.00e+05
2016 08 21  1000   57621  36000   1.93e+00  1.32e-01  1.02e-01  6.18e-02  5.02e-02  2.70e-02  3.59e+03  3.52e+01 -1.00e+05
2016 08 21  1005   57621  36300   1.86e+00  1.33e-01  1.01e-01  6.01e-02  4.85e-02  2.52e-02  3.42e+03  3.60e+01 -1.00e+05
2016 08 21  1010   57621  36600   1.86e+00  1.44e-01  1.12e-01  7.07e-02  5.09e-02  2.52e-02  3.57e+03  3.56e+01 -1.00e+05
2016 08 21  1015   57621  36900   3.01e+00  2.63e-01  1.83e-01  1.34e-01  1.23e-01  5.69e-02  3.53e+03  3.80e+01 -1.00e+05
2016 08 21  1020   57621  37200   2.99e+00  2.48e-01  1.18e-01  6.01e-02  4.85e-02  2.52e-02  3.38e+03  3.85e+01 -1.00e+05
2016 08 21  1025   57621  37500   3.30e+00  3.99e-01  2.70e-01  1.07e-01  7.00e-02  3.93e-02  3.84e+03  3.99e+01 -1.00e+05
2016 08 21  1030   57621  37800   4.12e+00  2.96e-01  1.26e-01  8.39e-02  6.09e-02  3.44e-02  3.80e+03  4.21e+01 -1.00e+05
2016 08 21  1035   57621  38100   2.22e+00  1.33e-01  1.01e-01  6.01e-02  4.85e-02  2.52e-02  3.61e+03  4.28e+01 -1.00e+05
2016 08 21  1040   57621  38400   2.25e+00  1.84e-01  1.54e-01  1.13e-01  1.02e-01  4.23e-02  3.89e+03  4.16e+01 -1.00e+05
2016 08 21  1045   57621  38700   2.09e+00  2.48e-01  2.18e-01  1.76e-01  1.25e-01  4.63e-02  4.08e+03  4.08e+01 -1.00e+05
2016 08 21  1050   57621  39000   1.97e+00  1.47e-01  1.17e-01  7.67e-02  6.51e-02  4.18e-02  4.43e+03  5.26e+01 -1.00e+05
2016 08 21  1055   57621  39300   2.24e+00  1.51e-01  1.21e-01  8.03e-02  5.63e-02  2.94e-02  4.61e+03  4.60e+01 -1.00e+05
2016 08 21  1100   57621  39600   2.49e+00  1.84e-01  1.54e-01  1.13e-01  1.02e-01  4.23e-02  4.27e+03  4.96e+01 -1.00e+05
2016 08 21  1105   57621  39900   2.03e+00  1.31e-01  1.00e-01  6.01e-02  4.85e-02  2.52e-02  4.34e+03  5.15e+01 -1.00e+05
2016 08 21  1110   57621  40200   2.25e+00  2.66e-01  2.35e-01  9.11e-02  7.02e-02  4.43e-02  4.24e+03  4.98e+01 -1.00e+05
2016 08 21  1115   57621  40500   2.34e+00  1.46e-01  1.16e-01  7.55e-02  6.39e-02  3.02e-02  4.48e+03  5.06e+01 -1.00e+05
2016 08 21  1120   57621  40800   2.36e+00  1.72e-01  1.41e-01  9.98e-02  5.97e-02  2.62e-02  4.80e+03  4.82e+01 -1.00e+05
2016 08 21  1125   57621  41100   2.55e+00  1.65e-01  1.35e-01  9.44e-02  8.28e-02  3.62e-02  4.89e+03  5.81e+01 -1.00e+05
2016 08 21  1130   57621  41400   2.83e+00  1.33e-01  1.01e-01  6.01e-02  4.85e-02  2.52e-02  5.29e+03  5.71e+01 -1.00e+05
2016 08 21  1135   57621  41700   2.83e+00  1.31e-01  1.00e-01  6.01e-02  4.85e-02  2.52e-02  6.05e+03  6.42e+01 -1.00e+05
2016 08 21  1140   57621  42000   3.03e+00  1.57e-01  1.27e-01  8.68e-02  7.52e-02  5.18e-02  5.80e+03  6.27e+01 -1.00e+05
2016 08 21  1145   57621  42300   4.07e+00  2.10e-01  1.41e-01  9.27e-02  6.78e-02  3.02e-02  5.67e+03  6.35e+01 -1.00e+05
2016 08 21  1150   57621  42600   4.90e+00  2.48e-01  1.18e-01  6.01e-02  4.85e-02  2.52e-02  5.76e+03  6.68e+01 -1.00e+05
2016 08 21  1155   57621  42900   3.42e+00  1.75e-01  1.44e-01  1.04e-01  9.23e-02  6.91e-02  6.17e+03  6.63e+01 -1.00e+05
2016 08 21  1200   57621  43200   3.39e+00  1.67e-01  1.36e-01  9.61e-02  8.45e-02  4.30e-02  6.25e+03  7.02e+01 -1.00e+05
2016 08 21  1205   57621  43500   3.76e+00  1.57e-01  1.27e-01  8.68e-02  7.52e-02  5.18e-02  5.55e+03  5.91e+01 -1.00e+05
2016 08 21  1210   57621  43800   3.52e+00  2.37e-01  2.07e-01  1.65e-01  1.29e-01  7.87e-02  5.59e+03  6.51e+01 -1.00e+05
2016 08 21  1215   57621  44100   5.63e+00  3.86e-01  2.56e-01  9.04e-02  5.53e-02  2.52e-02  6.09e+03  6.28e+01 -1.00e+05
2016 08 21  1220   57621  44400   3.91e+00  1.71e-01  1.41e-01  1.01e-01  8.92e-02  6.60e-02  5.90e+03  6.10e+01 -1.00e+05
2016 08 21  1225   57621  44700   5.63e+00  2.50e-01  1.37e-01  8.18e-02  7.02e-02  3.22e-02  6.33e+03  7.82e+01 -1.00e+05
2016 08 21  1230   57621  45000   4.27e+00  2.15e-01  1.36e-01  6.30e-02  5.14e-02  2.62e-02  7.68e+03  9.95e+01 -1.00e+05
2016 08 21  1235   57621  45300   3.71e+00  1.31e-01  1.00e-01  6.01e-02  4.85e-02  2.52e-02  8.52e+03  1.07e+02 -1.00e+05
2016 08 21  1240   57621  45600   7.24e+00  2.86e-01  1.24e-01  8.18e-02  7.02e-02  3.22e-02  7.91e+03  1.00e+02 -1.00e+05
2016 08 21  1245   57621  45900   4.10e+00  1.81e-01  1.51e-01  6.01e-02  4.85e-02  2.52e-02  7.82e+03  1.12e+02 -1.00e+05
2016 08 21  1250   57621  46200   6.26e+00  2.53e-01  1.23e-01  6.42e-02  4.94e-02  2.52e-02  8.52e+03  1.14e+02 -1.00e+05
2016 08 21  1255   57621  46500   4.53e+00  1.31e-01  1.00e-01  6.01e-02  4.85e-02  2.52e-02  8.51e+03  1.18e+02 -1.00e+05
2016 08 21  1300   57621  46800   6.33e+00  2.66e-01  1.36e-01  7.73e-02  5.24e-02  2.52e-02  8.03e+03  1.11e+02 -1.00e+05
2016 08 21  1305   57621  47100   3.97e+00  1.35e-01  1.05e-01  6.42e-02  4.94e-02  2.52e-02  7.91e+03  1.10e+02 -1.00e+05
2016 08 21  1310   57621  47400   4.92e+00  2.91e-01  2.61e-01  1.42e-01  1.30e-01  6.44e-02  8.07e+03  1.10e+02 -1.00e+05
2016 08 21  1315   57621  47700   4.96e+00  1.79e-01  1.49e-01  1.09e-01  9.73e-02  7.40e-02  8.45e+03  1.10e+02 -1.00e+05
2016 08 21  1320   57621  48000   6.95e+00  2.15e-01  1.36e-01  8.66e-02  7.50e-02  5.17e-02  8.36e+03  1.18e+02 -1.00e+05
2016 08 21  1325   57621  48300   4.88e+00  1.96e-01  1.66e-01  1.26e-01  1.14e-01  4.63e-02  8.59e+03  1.24e+02 -1.00e+05
2016 08 21  1330   57621  48600   5.34e+00  1.76e-01  1.45e-01  1.03e-01  5.54e-02  2.52e-02  8.50e+03  1.18e+02 -1.00e+05
2016 08 21  1335   57621  48900   5.47e+00  2.36e-01  2.06e-01  7.34e-02  5.86e-02  2.82e-02  8.62e+03  1.10e+02 -1.00e+05
2016 08 21  1340   57621  49200   5.59e+00  1.78e-01  1.48e-01  1.08e-01  9.61e-02  5.53e-02  8.33e+03  1.10e+02 -1.00e+05
2016 08 21  1345   57621  49500   5.94e+00  1.31e-01  1.00e-01  6.01e-02  4.85e-02  2.52e-02  8.23e+03  1.21e+02 -1.00e+05
2016 08 21  1350   57621  49800   5.88e+00  2.67e-01  2.37e-01  1.95e-01  1.39e-01  5.03e-02  8.35e+03  1.16e+02 -1.00e+05
2016 08 21  1355   57621  50100   5.24e+00  1.34e-01  1.03e-01  6.30e-02  5.14e-02  2.62e-02  8.68e+03  1.13e+02 -1.00e+05
2016 08 21  1400   57621  50400   6.79e+00  2.82e-01  2.51e-01  1.16e-01  1.05e-01  8.14e-02  9.51e+03  1.24e+02 -1.00e+05
2016 08 21  1405   57621  50700   1.05e+01  2.80e-01  1.52e-01  9.40e-02  8.24e-02  5.91e-02  8.74e+03  1.44e+02 -1.00e+05
2016 08 21  1410   57621  51000   6.28e+00  2.47e-01  2.17e-01  7.26e-02  6.03e-02  3.69e-02  1.04e+04  1.50e+02 -1.00e+05
2016 08 21  1415   57621  51300   7.49e+00  1.37e-01  1.05e-01  6.43e-02  5.27e-02  2.94e-02  1.11e+04  1.53e+02 -1.00e+05
2016 08 21  1420   57621  51600   7.31e+00  1.31e-01  1.00e-01  6.01e-02  4.85e-02  2.52e-02  1.02e+04  1.82e+02 -1.00e+05
2016 08 21  1425   57621  51900   8.19e+00  2.28e-01  1.98e-01  7.55e-02  6.39e-02  3.02e-02  1.13e+04  1.82e+02 -1.00e+05
2016 08 21  1430   57621  52200   7.90e+00  1.32e-01  1.02e-01  6.18e-02  5.02e-02  2.70e-02  1.16e+04  1.69e+02 -1.00e+05
2016 08 21  1435   57621  52500   1.08e+01  1.92e-01  1.28e-01  8.18e-02  7.02e-02  3.22e-02  1.18e+04  2.03e+02 -1.00e+05
2016 08 21  1440   57621  52800   7.96e+00  2.37e-01  2.07e-01  6.01e-02  4.85e-02  2.52e-02  1.29e+04  2.53e+02 -1.00e+05
2016 08 21  1445   57621  53100   1.14e+01  3.29e-01  2.48e-01  9.04e-02  5.53e-02  2.52e-02  1.37e+04  2.31e+02 -1.00e+05
2016 08 21  1450   57621  53400   1.09e+01  2.48e-01  1.18e-01  6.01e-02  4.85e-02  2.52e-02  1.19e+04  2.23e+02 -1.00e+05
2016 08 21  1455   57621  53700   1.53e+01  2.89e-01  1.30e-01  8.81e-02  7.65e-02  3.42e-02  1.29e+04  2.53e+02 -1.00e+05
2016 08 21  1500   57621  54000   8.45e+00  1.83e-01  1.52e-01  8.91e-02  7.75e-02  5.42e-02  1.32e+04  3.43e+02 -1.00e+05
2016 08 21  1505   57621  54300   8.22e+00  2.07e-01  1.77e-01  1.36e-01  1.21e-01  4.83e-02  1.37e+04  5.58e+02 -1.00e+05
2016 08 21  1510   57621  54600   1.01e+01  1.72e-01  1.42e-01  1.00e-01  5.54e-02  2.52e-02  1.45e+04  6.22e+02 -1.00e+05
2016 08 21  1515   57621  54900   1.58e+01  3.06e-01  1.79e-01  1.20e-01  9.41e-02  6.66e-02  1.50e+04  6.80e+02 -1.00e+05
2016 08 21  1520   57621  55200   1.31e+01  1.48e-01  1.18e-01  7.73e-02  5.24e-02  2.52e-02  1.58e+04  7.95e+02 -1.00e+05
2016 08 21  1525   57621  55500   1.61e+01  1.34e-01  1.03e-01  6.30e-02  5.14e-02  2.62e-02  1.73e+04  8.69e+02 -1.00e+05
2016 08 21  1530   57621  55800   1.77e+01  1.31e-01  1.00e-01  6.01e-02  4.85e-02  2.52e-02  1.79e+04  8.90e+02 -1.00e+05
2016 08 21  1535   57621  56100   1.87e+01  1.90e-01  1.60e-01  1.18e-01  7.06e-02  3.69e-02  1.79e+04  8.38e+02 -1.00e+05
2016 08 21  1540   57621  56400   1.77e+01  2.37e-01  2.07e-01  6.01e-02  4.85e-02  2.52e-02  1.76e+04  7.61e+02 -1.00e+05
2016 08 21  1545   57621  56700   1.73e+01  2.37e-01  2.07e-01  6.01e-02  4.85e-02  2.52e-02  1.64e+04  7.18e+02 -1.00e+05
2016 08 21  1550   57621  57000   1.46e+01  2.38e-01  2.07e-01  1.66e-01  1.29e-01  4.89e-02  1.51e+04  5.62e+02 -1.00e+05
2016 08 21  1555   57621  57300   1.45e+01  2.04e-01  1.74e-01  1.33e-01  1.08e-01  7.45e-02  1.41e+04  5.15e+02 -1.00e+05
2016 08 21  1600   57621  57600   1.39e+01  1.69e-01  1.39e-01  6.01e-02  4.85e-02  2.52e-02  1.40e+04  5.10e+02 -1.00e+05
2016 08 21  1605   57621  57900   1.33e+01  1.64e-01  1.34e-01  8.45e-02  7.29e-02  4.26e-02  1.33e+04  4.67e+02 -1.00e+05
2016 08 21  1610   57621  58200   1.60e+01  2.31e-01  1.53e-01  1.04e-01  9.23e-02  6.91e-02  1.23e+04  3.89e+02 -1.00e+05
2016 08 21  1615   57621  58500   1.59e+01  2.00e-01  1.26e-01  7.73e-02  6.57e-02  3.70e-02  1.19e+04  3.82e+02 -1.00e+05
2016 08 21  1620   57621  58800   1.19e+01  2.32e-01  2.02e-01  1.59e-01  9.23e-02  3.92e-02  1.16e+04  3.24e+02 -1.00e+05
2016 08 21  1625   57621  59100   1.24e+01  2.66e-01  2.36e-01  9.65e-02  8.49e-02  6.16e-02  1.13e+04  3.29e+02 -1.00e+05
2016 08 21  1630   57621  59400   2.24e+01  7.45e-01  4.39e-01  1.03e-01  5.54e-02  2.52e-02  1.09e+04  3.06e+02 -1.00e+05
2016 08 21  1635   57621  59700   1.17e+01  1.52e-01  1.22e-01  8.18e-02  7.02e-02  3.22e-02  1.02e+04  2.51e+02 -1.00e+05
2016 08 21  1640   57621  60000   1.95e+01  4.05e-01  2.31e-01  6.01e-02  4.85e-02  2.52e-02  1.01e+04  2.45e+02 -1.00e+05
2016 08 21  1645   57621  60300   1.26e+01  1.45e-01  1.14e-01  7.36e-02  5.38e-02  2.62e-02  1.05e+04  2.72e+02 -1.00e+05
2016 08 21  1650   57621  60600   1.27e+01  1.35e-01  1.05e-01  6.42e-02  4.94e-02  2.52e-02  1.10e+04  2.87e+02 -1.00e+05
2016 08 21  1655   57621  60900   1.23e+01  2.03e-01  1.73e-01  6.30e-02  5.14e-02  2.62e-02  1.04e+04  2.86e+02 -1.00e+05
2016 08 21  1700   57621  61200   1.22e+01  2.02e-01  1.72e-01  1.02e-01  5.71e-02  2.70e-02  1.09e+04  2.89e+02 -1.00e+05
2016 08 21  1705   57621  61500   1.27e+01  1.31e-01  1.00e-01  6.01e-02  4.85e-02  2.52e-02  1.10e+04  2.98e+02 -1.00e+05
2016 08 21  1710   57621  61800   1.18e+01  1.47e-01  1.17e-01  7.67e-02  6.51e-02  4.18e-02  1.04e+04  2.92e+02 -1.00e+05
2016 08 21  1715   57621  62100   1.16e+01  1.57e-01  1.26e-01  8.57e-02  6.33e-02  3.69e-02  1.10e+04  2.75e+02 -1.00e+05
2016 08 21  1720   57621  62400   1.40e+01  1.91e-01  1.10e-01  6.01e-02  4.85e-02  2.52e-02  1.04e+04  2.63e+02 -1.00e+05
2016 08 21  1725   57621  62700   9.88e+00  3.97e-01  3.67e-01  1.35e-01  9.14e-02  5.56e-02  1.01e+04  2.35e+02 -1.00e+05
2016 08 21  1730   57621  63000   9.20e+00  1.31e-01  1.00e-01  6.01e-02  4.85e-02  2.52e-02  9.82e+03  2.21e+02 -1.00e+05
2016 08 21  1735   57621  63300   8.93e+00  1.81e-01  1.51e-01  7.55e-02  6.39e-02  3.02e-02  9.90e+03  2.04e+02 -1.00e+05
2016 08 21  1740   57621  63600   1.31e+01  2.36e-01  1.54e-01  1.04e-01  5.83e-02  2.52e-02  1.02e+04  2.33e+02 -1.00e+05
2016 08 21  1745   57621  63900   1.62e+01  3.36e-01  2.06e-01  1.63e-01  1.52e-01  5.84e-02  1.01e+04  2.50e+02 -1.00e+05
2016 08 21  1750   57621  64200   1.15e+01  2.57e-01  1.75e-01  6.42e-02  4.94e-02  2.52e-02  9.95e+03  2.35e+02 -1.00e+05
2016 08 21  1755   57621  64500   1.30e+01  1.97e-01  1.16e-01  6.68e-02  5.52e-02  3.19e-02  9.88e+03  2.44e+02 -1.00e+05
2016 08 21  1800   57621  64800   1.26e+01  1.91e-01  1.10e-01  6.01e-02  4.85e-02  2.52e-02  9.85e+03  2.36e+02 -1.00e+05
2016 08 21  1805   57621  65100   9.85e+00  1.71e-01  1.39e-01  9.70e-02  5.68e-02  2.52e-02  9.09e+03  2.18e+02 -1.00e+05
2016 08 21  1810   57621  65400   9.53e+00  2.69e-01  2.38e-01  9.04e-02  5.53e-02  2.52e-02  9.39e+03  2.14e+02 -1.00e+05
2016 08 21  1815   57621  65700   9.02e+00  1.31e-01  1.00e-01  6.01e-02  4.85e-02  2.52e-02  9.03e+03  2.05e+02 -1.00e+05
2016 08 21  1820   57621  66000   1.55e+01  2.29e-01  1.07e-01  6.43e-02  5.27e-02  2.94e-02  8.49e+03  1.91e+02 -1.00e+05
2016 08 21  1825   57621  66300   1.16e+01  2.58e-01  1.78e-01  9.15e-02  7.99e-02  5.67e-02  8.19e+03  1.52e+02 -1.00e+05
2016 08 21  1830   57621  66600   8.40e+00  2.08e-01  1.77e-01  1.21e-01  1.10e-01  8.64e-02  8.01e+03  1.50e+02 -1.00e+05
2016 08 21  1835   57621  66900   8.64e+00  1.33e-01  1.01e-01  6.01e-02  4.85e-02  2.52e-02  7.92e+03  1.46e+02 -1.00e+05
2016 08 21  1840   57621  67200   1.23e+01  3.09e-01  1.80e-01  9.58e-02  6.94e-02  4.18e-02  7.52e+03  1.36e+02 -1.00e+05
2016 08 21  1845   57621  67500   7.86e+00  2.94e-01  2.64e-01  1.05e-01  8.99e-02  3.83e-02  7.22e+03  1.21e+02 -1.00e+05
2016 08 21  1850   57621  67800   7.91e+00  2.14e-01  1.81e-01  1.10e-01  5.98e-02  2.52e-02  7.02e+03  1.16e+02 -1.00e+05
2016 08 21  1855   57621  68100   1.29e+01  2.27e-01  1.05e-01  6.30e-02  5.14e-02  2.62e-02  6.59e+03  1.12e+02 -1.00e+05
2016 08 21  1900   57621  68400   7.83e+00  2.04e-01  1.73e-01  7.17e-02  6.01e-02  3.69e-02  6.58e+03  1.01e+02 -1.00e+05
2016 08 21  1905   57621  68700   1.42e+01  2.72e-01  1.02e-01  6.01e-02  4.85e-02  2.52e-02  6.28e+03  9.57e+01 -1.00e+05
2016 08 21  1910   57621  69000   7.45e+00  1.79e-01  1.48e-01  8.41e-02  7.25e-02  4.92e-02  6.08e+03  7.82e+01 -1.00e+05
2016 08 21  1915   57621  69300   7.51e+00  1.61e-01  1.31e-01  6.18e-02  5.02e-02  2.70e-02  6.02e+03  8.96e+01 -1.00e+05
2016 08 21  1920   57621  69600   9.50e+00  1.91e-01  1.10e-01  6.01e-02  4.85e-02  2.52e-02  5.88e+03  8.89e+01 -1.00e+05
2016 08 21  1925   57621  69900   7.63e+00  2.55e-01  2.25e-01  7.73e-02  5.24e-02  2.52e-02  5.61e+03  8.53e+01 -1.00e+05
2016 08 21  1930   57621  70200   1.13e+01  3.08e-01  1.78e-01  9.04e-02  5.53e-02  2.52e-02  5.30e+03  7.62e+01 -1.00e+05
2016 08 21  1935   57621  70500   6.65e+00  1.31e-01  1.00e-01  6.01e-02  4.85e-02  2.52e-02  5.20e+03  6.80e+01 -1.00e+05
2016 08 21  1940   57621  70800   6.71e+00  2.86e-01  2.56e-01  1.07e-01  9.53e-02  4.03e-02  5.08e+03  7.08e+01 -1.00e+05
2016 08 21  1945   57621  71100   7.41e+00  1.91e-01  1.10e-01  6.01e-02  4.85e-02  2.52e-02  4.60e+03  6.03e+01 -1.00e+05
2016 08 21  1950   57621  71400   4.27e+00  2.69e-01  2.38e-01  9.04e-02  5.53e-02  2.52e-02  4.52e+03  4.69e+01 -1.00e+05
2016 08 21  1955   57621  71700   4.32e+00  1.45e-01  1.15e-01  7.44e-02  6.26e-02  3.93e-02  4.29e+03  4.80e+01 -1.00e+05
2016 08 21  2000   57621  72000   4.06e+00  1.93e-01  1.63e-01  7.55e-02  6.39e-02  3.02e-02  4.00e+03  3.90e+01 -1.00e+05
2016 08 21  2005   57621  72300   6.21e+00  1.91e-01  1.10e-01  6.01e-02  4.85e-02  2.52e-02  4.36e+03  4.46e+01 -1.00e+05
2016 08 21  2010   57621  72600   4.84e+00  2.50e-01  2.20e-01  1.05e-01  7.58e-02  3.35e-02  4.15e+03  4.79e+01 -1.00e+05
2016 08 21  2015   57621  72900   4.90e+00  1.42e-01  1.11e-01  7.07e-02  5.09e-02  2.52e-02  4.23e+03  4.66e+01 -1.00e+05
2016 08 21  2020   57621  73200   4.91e+00  2.02e-01  1.72e-01  8.16e-02  7.00e-02  4.68e-02  4.17e+03  3.91e+01 -1.00e+05
2016 08 21  2025   57621  73500   5.30e+00  1.94e-01  1.64e-01  1.22e-01  7.69e-02  4.68e-02  4.08e+03  4.61e+01 -1.00e+05
2016 08 21  2030   57621  73800   4.86e+00  1.45e-01  1.15e-01  7.42e-02  6.26e-02  3.93e-02  3.95e+03  4.26e+01 -1.00e+05
2016 08 21  2035   57621  74100   4.33e+00  2.56e-01  2.26e-01  7.85e-02  5.40e-02  2.70e-02  3.89e+03  3.16e+01 -1.00e+05
2016 08 21  2040   57621  74400   3.56e+00  1.47e-01  1.17e-01  7.67e-02  6.51e-02  4.18e-02  3.97e+03  3.11e+01 -1.00e+05
2016 08 21  2045   57621  74700   7.24e+00  2.78e-01  1.11e-01  6.93e-02  5.77e-02  2.82e-02  3.91e+03  3.96e+01 -1.00e+05
2016 08 21  2050   57621  75000   3.50e+00  1.85e-01  1.52e-01  1.10e-01  5.98e-02  2.52e-02  3.79e+03  3.73e+01 -1.00e+05
2016 08 21  2055   57621  75300   3.14e+00  1.65e-01  1.34e-01  9.40e-02  8.24e-02  5.91e-02  4.08e+03  3.43e+01 -1.00e+05
2016 08 21  2100   57621  75600   2.90e+00  1.92e-01  1.62e-01  1.21e-01  1.10e-01  8.64e-02  3.80e+03  2.81e+01 -1.00e+05
2016 08 21  2105   57621  75900   4.30e+00  3.17e-01  1.71e-01  1.27e-01  8.23e-02  4.92e-02  3.37e+03  3.66e+01 -1.00e+05
2016 08 21  2110   57621  76200   2.63e+00  1.58e-01  1.27e-01  6.30e-02  5.14e-02  2.62e-02  3.65e+03  6.59e+01 -1.00e+05
2016 08 21  2115   57621  76500   2.76e+00  1.67e-01  1.35e-01  6.68e-02  5.52e-02  3.19e-02  3.49e+03  6.85e+01 -1.00e+05
2016 08 21  2120   57621  76800   2.59e+00  1.45e-01  1.15e-01  7.42e-02  6.26e-02  3.93e-02  3.66e+03  7.10e+01 -1.00e+05
2016 08 21  2125   57621  77100   4.36e+00  2.49e-01  1.27e-01  8.38e-02  5.39e-02  2.52e-02  3.47e+03  8.42e+01 -1.00e+05
2016 08 21  2130   57621  77400   2.74e+00  2.15e-01  1.85e-01  1.45e-01  1.33e-01  5.36e-02  3.03e+03  7.20e+01 -1.00e+05
2016 08 21  2135   57621  77700   2.70e+00  2.81e-01  2.51e-01  1.18e-01  1.06e-01  8.18e-02  3.34e+03  7.11e+01 -1.00e+05
2016 08 21  2140   57621  78000   3.64e+00  4.48e-01  1.79e-01  6.01e-02  4.85e-02  2.52e-02  2.86e+03  6.81e+01 -1.00e+05
2016 08 21  2145   57621  78300   2.41e+00  2.58e-01  1.78e-01  9.15e-02  7.99e-02  5.67e-02  2.21e+03  4.81e+01 -1.00e+05
2016 08 21  2150   57621  78600   1.47e+00  1.40e-01  1.10e-01  6.93e-02  5.77e-02  3.44e-02  1.59e+03  2.69e+01 -1.00e+05
2016 08 21  2155   57621  78900   1.87e+00  2.45e-01  1.64e-01  1.14e-01  7.15e-02  3.93e-02  1.43e+03  1.47e+01 -1.00e+05
2016 08 21  2200   57621  79200   2.60e+00  2.36e-01  1.14e-01  7.17e-02  6.01e-02  3.69e-02  1.45e+03  1.55e+01 -1.00e+05
2016 08 21  2205   57621  79500   1.53e+00  2.70e-01  2.40e-01  1.12e-01  7.28e-02  3.33e-02  1.77e+03  1.11e+01 -1.00e+05
2016 08 21  2210   57621  79800   1.82e+00  2.41e-01  2.11e-01  6.43e-02  5.27e-02  2.94e-02  1.80e+03  1.49e+01 -1.00e+05
2016 08 21  2215   57621  80100   1.86e+00  2.68e-01  2.38e-01  9.90e-02  8.74e-02  6.41e-02  2.02e+03  1.75e+01 -1.00e+05
2016 08 21  2220   57621  80400   1.84e+00  1.66e-01  1.36e-01  9.56e-02  8.40e-02  2.68e-02  1.89e+03  1.16e+01 -1.00e+05
2016 08 21  2225   57621  80700   2.10e+00  1.93e-01  1.11e-01  6.18e-02  5.02e-02  2.70e-02  1.93e+03  1.52e+01 -1.00e+05
2016 08 21  2230   57621  81000   2.79e+00  2.95e-01  1.65e-01  7.73e-02  5.24e-02  2.52e-02  2.01e+03  1.70e+01 -1.00e+05
2016 08 21  2235   57621  81300   2.61e+00  3.16e-01  2.37e-01  8.66e-02  7.50e-02  5.17e-02  2.30e+03  1.87e+01 -1.00e+05
2016 08 21  2240   57621  81600   3.10e+00  3.36e-01  2.06e-01  6.01e-02  4.85e-02  2.52e-02  2.07e+03  1.20e+01 -1.00e+05
2016 08 21  2245   57621  81900   1.70e+00  1.31e-01  1.00e-01  6.01e-02  4.85e-02  2.52e-02  1.81e+03  1.25e+01 -1.00e+05
2016 08 21  2250   57621  82200   2.45e+00  2.50e-01  1.42e-01  8.81e-02  7.65e-02  3.42e-02  1.76e+03  1.32e+01 -1.00e+05
2016 08 21  2255   57621  82500   2.27e+00  1.92e-01  1.18e-01  6.93e-02  5.77e-02  2.82e-02  1.47e+03  1.42e+01 -1.00e+05
2016 08 21  2300   57621  82800   2.53e+00  2.71e-01  1.55e-01  9.89e-02  8.73e-02  5.40e-02  1.36e+03  9.35e+00 -1.00e+05
2016 08 21  2305   57621  83100   2.00e+00  2.64e-01  2.34e-01  9.40e-02  8.24e-02  5.91e-02  1.29e+03  7.43e+00 -1.00e+05
2016 08 21  2310   57621  83400   2.27e+00  1.91e-01  1.10e-01  6.01e-02  4.85e-02  2.52e-02  1.16e+03  1.04e+01 -1.00e+05
2016 08 21  2315   57621  83700   1.83e+00  1.52e-01  1.22e-01  8.18e-02  7.02e-02  3.22e-02  8.53e+02  6.30e+00 -1.00e+05
2016 08 21  2320   57621  84000   1.63e+00  2.62e-01  2.32e-01  1.19e-01  7.85e-02  3.22e-02  7.34e+02  4.90e+00 -1.00e+05
2016 08 21  2325   57621  84300   1.94e+00  2.40e-01  2.08e-01  6.01e-02  4.85e-02  2.52e-02  7.62e+02  5.10e+00 -1.00e+05
2016 08 21  2330   57621  84600   1.85e+00  2.52e-01  2.22e-01  7.92e-02  6.76e-02  4.43e-02  8.83e+02  6.60e+00 -1.00e+05
2016 08 21  2335   57621  84900   3.64e+00  2.93e-01  1.02e-01  6.01e-02  4.85e-02  2.52e-02  9.22e+02  6.33e+00 -1.00e+05
2016 08 21  2340   57621  85200   1.98e+00  1.79e-01  1.49e-01  1.09e-01  9.73e-02  7.40e-02  1.01e+03  3.51e+00 -1.00e+05
2016 08 21  2345   57621  85500   1.96e+00  2.12e-01  1.82e-01  1.01e-01  8.90e-02  3.83e-02  9.64e+02  3.90e+00 -1.00e+05
2016 08 21  2350   57621  85800   2.09e+00  1.69e-01  1.39e-01  6.01e-02  4.85e-02  2.52e-02  9.74e+02  3.36e+00 -1.00e+05
2016 08 21  2355   57621  86100   2.52e+00  2.20e-01  1.89e-01  7.07e-02  5.09e-02  2.52e-02  8.40e+02  5.26e+00 -1.00e+05
