:Data_list: 20160310_Gp_part_5m.txt
:Created: 2016 Mar 11 0011 UTC
# Prepared by the U.S. Dept. of Commerce, NOAA, Space Weather Prediction Center
# Please send comments and suggestions to SWPC.Webmaster@noaa.gov 
# 
# Label: P > 1 = Particles at >1 Mev
# Label: P > 5 = Particles at >5 Mev
# Label: P >10 = Particles at >10 Mev
# Label: P >30 = Particles at >30 Mev
# Label: P >50 = Particles at >50 Mev
# Label: P>100 = Particles at >100 Mev
# Label: E>0.8 = Electrons at >0.8 Mev
# Label: E>2.0 = Electrons at >2.0 Mev
# Label: E>4.0 = Electrons at >4.0 Mev
# Units: Particles = Protons/cm2-s-sr
# Units: Electrons = Electrons/cm2-s-sr
# Source: GOES-13
# Location: W075
# Missing data: -1.00e+05
#
#                      5-minute  GOES-13 Solar Particle and Electron Flux
#
#                 Modified Seconds
# UTC Date  Time   Julian  of the
# YR MO DA  HHMM    Day     Day     P > 1     P > 5     P >10     P >30     P >50     P>100     E>0.8     E>2.0     E>4.0
#-------------------------------------------------------------------------------------------------------------------------
2016 03 10  0000   57457      0   6.86e-01  1.67e-01  1.42e-01  1.04e-01  6.15e-02  3.03e-02  3.50e+04  1.16e+03 -1.00e+05
2016 03 10  0005   57457    300   1.06e+00  2.52e-01  1.48e-01  1.10e-01  9.92e-02  5.04e-02  3.29e+04  1.07e+03 -1.00e+05
2016 03 10  0010   57457    600   1.15e+00  3.63e-01  1.72e-01  5.64e-02  4.56e-02  2.37e-02  3.08e+04  1.01e+03 -1.00e+05
2016 03 10  0015   57457    900   8.40e-01  3.08e-01  1.64e-01  1.25e-01  7.61e-02  4.76e-02  2.87e+04  9.04e+02 -1.00e+05
2016 03 10  0020   57457   1200   4.74e-01  1.69e-01  1.44e-01  1.08e-01  9.68e-02  7.49e-02  1.97e+04  4.23e+02 -1.00e+05
2016 03 10  0025   57457   1500   5.87e-01  1.29e-01  9.41e-02  5.64e-02  4.56e-02  2.37e-02  2.04e+04  5.21e+02 -1.00e+05
2016 03 10  0030   57457   1800   5.34e-01  1.18e-01  9.24e-02  5.64e-02  4.56e-02  2.37e-02  2.41e+04  6.45e+02 -1.00e+05
2016 03 10  0035   57457   2100   6.96e-01  1.96e-01  1.61e-01  6.06e-02  4.97e-02  2.78e-02  2.45e+04  6.51e+02 -1.00e+05
2016 03 10  0040   57457   2400   8.25e-01  3.24e-01  1.84e-01  1.46e-01  1.13e-01  8.16e-02  2.35e+04  6.02e+02 -1.00e+05
2016 03 10  0045   57457   2700   6.36e-01  2.07e-01  1.81e-01  1.45e-01  1.34e-01  5.21e-02  2.44e+04  6.58e+02 -1.00e+05
2016 03 10  0050   57457   3000   9.33e-01  3.43e-01  2.46e-01  1.94e-01  1.12e-01  3.80e-02  2.46e+04  6.76e+02 -1.00e+05
2016 03 10  0055   57457   3300   6.00e-01  1.50e-01  1.25e-01  5.64e-02  4.56e-02  2.37e-02  2.55e+04  6.96e+02 -1.00e+05
2016 03 10  0100   57457   3600   7.12e-01  1.66e-01  1.41e-01  1.04e-01  8.26e-02  5.75e-02  2.56e+04  7.05e+02 -1.00e+05
2016 03 10  0105   57457   3900   8.64e-01  2.42e-01  2.13e-01  1.50e-01  1.39e-01  7.17e-02  2.58e+04  7.36e+02 -1.00e+05
2016 03 10  0110   57457   4200   1.21e+00  3.39e-01  2.39e-01  1.18e-01  1.07e-01  5.80e-02  2.60e+04  7.70e+02 -1.00e+05
2016 03 10  0115   57457   4500   7.95e-01  1.90e-01  1.65e-01  9.77e-02  8.69e-02  6.50e-02  2.60e+04  7.71e+02 -1.00e+05
2016 03 10  0120   57457   4800   6.64e-01  1.27e-01  1.01e-01  6.55e-02  5.47e-02  3.28e-02  2.61e+04  8.01e+02 -1.00e+05
2016 03 10  0125   57457   5100   1.77e+00  6.24e-01  3.06e-01  1.23e-01  7.92e-02  4.76e-02  2.62e+04  7.73e+02 -1.00e+05
2016 03 10  0130   57457   5400   5.46e-01  1.49e-01  1.17e-01  7.97e-02  6.89e-02  4.70e-02  2.66e+04  7.97e+02 -1.00e+05
2016 03 10  0135   57457   5700   7.99e-01  1.68e-01  1.38e-01  1.00e-01  6.09e-02  2.60e-02  2.62e+04  7.87e+02 -1.00e+05
2016 03 10  0140   57457   6000   5.83e-01  2.13e-01  1.87e-01  8.64e-02  5.23e-02  2.37e-02  2.60e+04  7.65e+02 -1.00e+05
2016 03 10  0145   57457   6300   9.24e-01  3.72e-01  2.02e-01  5.64e-02  4.56e-02  2.37e-02  2.54e+04  7.32e+02 -1.00e+05
2016 03 10  0150   57457   6600   1.81e+00  3.58e-01  9.37e-02  5.64e-02  4.56e-02  2.37e-02  2.44e+04  6.75e+02 -1.00e+05
2016 03 10  0155   57457   6900   4.87e-01  2.06e-01  1.73e-01  9.28e-02  8.19e-02  6.00e-02  2.37e+04  6.55e+02 -1.00e+05
2016 03 10  0200   57457   7200   6.92e-01  1.89e-01  1.25e-01  8.24e-02  7.15e-02  3.20e-02  2.31e+04  6.31e+02 -1.00e+05
2016 03 10  0205   57457   7500   5.08e-01  1.82e-01  1.56e-01  5.64e-02  4.56e-02  2.37e-02  2.17e+04  5.55e+02 -1.00e+05
2016 03 10  0210   57457   7800   7.20e-01  2.21e-01  1.25e-01  8.64e-02  5.23e-02  2.37e-02  2.10e+04  5.26e+02 -1.00e+05
2016 03 10  0215   57457   8100   1.14e+00  5.88e-01  2.33e-01  5.64e-02  4.56e-02  2.37e-02  2.08e+04  5.03e+02 -1.00e+05
2016 03 10  0220   57457   8400   3.71e-01  1.18e-01  9.24e-02  5.64e-02  4.56e-02  2.37e-02  1.98e+04  4.86e+02 -1.00e+05
2016 03 10  0225   57457   8700   1.21e+00  3.74e-01  1.93e-01  9.77e-02  8.69e-02  6.50e-02  1.98e+04  4.87e+02 -1.00e+05
2016 03 10  0230   57457   9000   5.46e-01  1.76e-01  1.50e-01  7.05e-02  5.96e-02  3.77e-02  1.98e+04  4.76e+02 -1.00e+05
2016 03 10  0235   57457   9300   6.82e-01  1.71e-01  1.46e-01  1.09e-01  8.18e-02  5.51e-02  1.86e+04  4.21e+02 -1.00e+05
2016 03 10  0240   57457   9600   7.14e-01  1.93e-01  1.67e-01  6.68e-02  4.79e-02  2.37e-02  1.79e+04  4.14e+02 -1.00e+05
2016 03 10  0245   57457   9900   5.96e-01  1.61e-01  1.35e-01  9.90e-02  7.57e-02  5.01e-02  1.79e+04  3.88e+02 -1.00e+05
2016 03 10  0250   57457  10200   6.73e-01  2.05e-01  1.79e-01  1.06e-01  9.49e-02  5.58e-02  1.82e+04  4.05e+02 -1.00e+05
2016 03 10  0255   57457  10500   5.31e-01  1.29e-01  9.41e-02  5.64e-02  4.56e-02  2.37e-02  1.85e+04  4.11e+02 -1.00e+05
2016 03 10  0300   57457  10800   1.16e+00  2.59e-01  1.39e-01  9.96e-02  5.53e-02  2.37e-02  1.88e+04  4.09e+02 -1.00e+05
2016 03 10  0305   57457  11100   9.23e-01  3.88e-01  3.63e-01  1.25e-01  8.11e-02  5.26e-02  1.88e+04  4.15e+02 -1.00e+05
2016 03 10  0310   57457  11400   8.22e-01  1.93e-01  1.58e-01  5.64e-02  4.56e-02  2.37e-02  1.80e+04  3.94e+02 -1.00e+05
2016 03 10  0315   57457  11700   5.32e-01  1.18e-01  9.24e-02  5.64e-02  4.56e-02  2.37e-02  1.82e+04  3.95e+02 -1.00e+05
2016 03 10  0320   57457  12000   5.26e-01  1.62e-01  1.36e-01  1.00e-01  8.95e-02  2.51e-02  1.79e+04  4.02e+02 -1.00e+05
2016 03 10  0325   57457  12300   7.85e-01  2.20e-01  1.85e-01  6.02e-02  4.64e-02  2.37e-02  1.82e+04  4.07e+02 -1.00e+05
2016 03 10  0330   57457  12600   5.19e-01  2.26e-01  2.00e-01  1.62e-01  9.48e-02  3.40e-02  1.80e+04  3.89e+02 -1.00e+05
2016 03 10  0335   57457  12900   8.21e-01  1.69e-01  1.43e-01  1.07e-01  9.66e-02  4.00e-02  1.78e+04  3.68e+02 -1.00e+05
2016 03 10  0340   57457  13200   6.14e-01  1.45e-01  1.10e-01  7.30e-02  6.21e-02  4.02e-02  1.78e+04  3.88e+02 -1.00e+05
2016 03 10  0345   57457  13500   1.00e+00  2.82e-01  1.78e-01  1.27e-01  1.16e-01  7.28e-02  1.73e+04  3.71e+02 -1.00e+05
2016 03 10  0350   57457  13800   8.82e-01  2.67e-01  1.95e-01  1.33e-01  1.22e-01  4.81e-02  1.63e+04  3.24e+02 -1.00e+05
2016 03 10  0355   57457  14100   7.61e-01  1.30e-01  1.04e-01  6.80e-02  5.72e-02  3.53e-02  1.63e+04  3.32e+02 -1.00e+05
2016 03 10  0400   57457  14400   5.44e-01  1.42e-01  1.17e-01  7.99e-02  5.09e-02  2.37e-02  1.65e+04  3.34e+02 -1.00e+05
2016 03 10  0405   57457  14700   9.46e-01  3.35e-01  2.33e-01  1.83e-01  1.72e-01  8.62e-02  1.57e+04  3.20e+02 -1.00e+05
2016 03 10  0410   57457  15000   8.46e-01  2.25e-01  1.67e-01  8.86e-02  7.78e-02  3.40e-02  1.45e+04  2.96e+02 -1.00e+05
2016 03 10  0415   57457  15300   7.25e-01  1.18e-01  9.24e-02  5.64e-02  4.56e-02  2.37e-02  1.70e+04  3.63e+02 -1.00e+05
2016 03 10  0420   57457  15600   6.89e-01  2.08e-01  1.82e-01  7.30e-02  6.21e-02  4.02e-02  1.44e+04  3.32e+02 -1.00e+05
2016 03 10  0425   57457  15900   7.87e-01  1.93e-01  1.67e-01  6.68e-02  4.79e-02  2.37e-02  1.62e+04  3.55e+02 -1.00e+05
2016 03 10  0430   57457  16200   9.35e-01  1.20e-01  9.41e-02  5.81e-02  4.73e-02  2.53e-02  1.62e+04  3.88e+02 -1.00e+05
2016 03 10  0435   57457  16500   7.02e-01  1.74e-01  1.49e-01  1.11e-01  7.08e-02  4.02e-02  1.61e+04  3.69e+02 -1.00e+05
2016 03 10  0440   57457  16800   8.72e-01  2.14e-01  1.89e-01  1.10e-01  9.93e-02  7.74e-02  1.73e+04  4.35e+02 -1.00e+05
2016 03 10  0445   57457  17100   6.93e-01  1.18e-01  9.24e-02  5.64e-02  4.56e-02  2.37e-02  1.86e+04  4.90e+02 -1.00e+05
2016 03 10  0450   57457  17400   9.84e-01  1.63e-01  1.38e-01  6.02e-02  4.64e-02  2.37e-02  1.85e+04  5.02e+02 -1.00e+05
2016 03 10  0455   57457  17700   8.18e-01  1.81e-01  1.47e-01  1.09e-01  7.40e-02  4.52e-02  1.96e+04  5.21e+02 -1.00e+05
2016 03 10  0500   57457  18000   6.95e-01  1.56e-01  1.30e-01  9.30e-02  5.38e-02  2.37e-02  1.84e+04  4.75e+02 -1.00e+05
2016 03 10  0505   57457  18300   9.72e-01  1.54e-01  1.28e-01  9.18e-02  7.95e-02  3.89e-02  1.85e+04  4.91e+02 -1.00e+05
2016 03 10  0510   57457  18600   8.18e-01  3.05e-01  2.75e-01  1.13e-01  6.39e-02  2.60e-02  1.86e+04  4.62e+02 -1.00e+05
2016 03 10  0515   57457  18900   8.45e-01  2.28e-01  2.02e-01  1.13e-01  1.02e-01  7.98e-02  1.79e+04  4.43e+02 -1.00e+05
2016 03 10  0520   57457  19200   1.31e+00  3.15e-01  2.47e-01  9.76e-02  8.68e-02  5.39e-02  1.67e+04  3.88e+02 -1.00e+05
2016 03 10  0525   57457  19500   1.38e+00  4.77e-01  3.34e-01  1.26e-01  8.35e-02  5.51e-02  1.49e+04  3.23e+02 -1.00e+05
2016 03 10  0530   57457  19800   1.35e+00  4.76e-01  2.35e-01  1.14e-01  1.03e-01  4.21e-02  1.33e+04  2.70e+02 -1.00e+05
2016 03 10  0535   57457  20100   1.02e+00  3.42e-01  2.19e-01  1.09e-01  7.40e-02  4.52e-02  1.34e+04  2.71e+02 -1.00e+05
2016 03 10  0540   57457  20400   5.66e-01  1.29e-01  1.03e-01  6.68e-02  4.79e-02  2.37e-02  1.45e+04  3.14e+02 -1.00e+05
2016 03 10  0545   57457  20700   7.47e-01  1.96e-01  1.70e-01  1.35e-01  1.24e-01  7.85e-02  1.55e+04  3.63e+02 -1.00e+05
2016 03 10  0550   57457  21000   6.28e-01  1.95e-01  1.69e-01  7.30e-02  6.21e-02  4.02e-02  1.52e+04  3.43e+02 -1.00e+05
2016 03 10  0555   57457  21300   7.02e-01  2.13e-01  1.87e-01  1.38e-01  8.90e-02  3.40e-02  1.56e+04  3.84e+02 -1.00e+05
2016 03 10  0600   57457  21600   8.19e-01  3.09e-01  2.83e-01  2.45e-01  1.59e-01  5.01e-02  1.50e+04  3.54e+02 -1.00e+05
2016 03 10  0605   57457  21900   6.32e-01  1.51e-01  1.25e-01  8.95e-02  7.86e-02  2.50e-02  1.46e+04  3.75e+02 -1.00e+05
2016 03 10  0610   57457  22200   5.92e-01  1.38e-01  1.13e-01  7.69e-02  6.60e-02  3.31e-02  1.48e+04  3.95e+02 -1.00e+05
2016 03 10  0615   57457  22500   1.04e+00  2.39e-01  1.18e-01  7.99e-02  5.09e-02  2.37e-02  1.41e+04  3.81e+02 -1.00e+05
2016 03 10  0620   57457  22800   8.52e-01  2.22e-01  1.97e-01  1.59e-01  1.02e-01  5.01e-02  1.42e+04  3.90e+02 -1.00e+05
2016 03 10  0625   57457  23100   7.11e-01  2.20e-01  1.95e-01  1.05e-01  9.43e-02  7.24e-02  1.37e+04  3.56e+02 -1.00e+05
2016 03 10  0630   57457  23400   8.92e-01  1.87e-01  1.03e-01  5.64e-02  4.56e-02  2.37e-02  1.47e+04  3.58e+02 -1.00e+05
2016 03 10  0635   57457  23700   7.55e-01  2.34e-01  2.08e-01  1.16e-01  9.11e-02  6.50e-02  1.38e+04  3.18e+02 -1.00e+05
2016 03 10  0640   57457  24000   8.31e-01  2.24e-01  1.56e-01  7.99e-02  6.61e-02  3.00e-02  1.38e+04  3.34e+02 -1.00e+05
2016 03 10  0645   57457  24300   4.57e-01  1.18e-01  9.24e-02  5.64e-02  4.56e-02  2.37e-02  1.38e+04  3.07e+02 -1.00e+05
2016 03 10  0650   57457  24600   8.33e-01  2.78e-01  2.20e-01  8.86e-02  7.78e-02  3.40e-02  1.36e+04  2.87e+02 -1.00e+05
2016 03 10  0655   57457  24900   6.70e-01  1.47e-01  1.12e-01  7.33e-02  4.94e-02  2.37e-02  1.29e+04  2.68e+02 -1.00e+05
2016 03 10  0700   57457  25200   1.09e+00  3.44e-01  1.19e-01  8.12e-02  7.04e-02  4.85e-02  1.23e+04  2.57e+02 -1.00e+05
2016 03 10  0705   57457  25500   4.49e-01  2.09e-01  1.83e-01  9.13e-02  7.15e-02  4.40e-02  1.10e+04  2.40e+02 -1.00e+05
2016 03 10  0710   57457  25800   1.02e+00  5.04e-01  3.11e-01  1.03e-01  9.18e-02  6.99e-02  1.12e+04  2.44e+02 -1.00e+05
2016 03 10  0715   57457  26100   6.16e-01  1.98e-01  1.49e-01  1.09e-01  9.83e-02  4.68e-02  1.19e+04  2.40e+02 -1.00e+05
2016 03 10  0720   57457  26400   1.08e+00  2.71e-01  1.51e-01  1.13e-01  8.64e-02  6.00e-02  1.10e+04  2.12e+02 -1.00e+05
2016 03 10  0725   57457  26700   6.59e-01  1.95e-01  1.59e-01  5.81e-02  4.73e-02  2.53e-02  1.10e+04  2.12e+02 -1.00e+05
2016 03 10  0730   57457  27000   9.41e-01  2.94e-01  1.51e-01  1.12e-01  7.86e-02  5.01e-02  1.10e+04  2.28e+02 -1.00e+05
2016 03 10  0735   57457  27300   8.64e-01  2.21e-01  1.01e-01  6.31e-02  5.22e-02  3.03e-02  1.07e+04  2.14e+02 -1.00e+05
2016 03 10  0740   57457  27600   6.28e-01  1.95e-01  1.70e-01  1.32e-01  9.08e-02  6.00e-02  1.10e+04  2.64e+02 -1.00e+05
2016 03 10  0745   57457  27900   6.04e-01  1.65e-01  1.39e-01  1.03e-01  9.25e-02  4.66e-02  1.23e+04  3.06e+02 -1.00e+05
2016 03 10  0750   57457  28200   7.98e-01  3.07e-01  1.62e-01  6.55e-02  5.47e-02  3.28e-02  1.10e+04  2.74e+02 -1.00e+05
2016 03 10  0755   57457  28500   5.78e-01  3.09e-01  2.83e-01  2.45e-01  1.52e-01  5.12e-02  1.19e+04  2.74e+02 -1.00e+05
2016 03 10  0800   57457  28800   9.95e-01  3.57e-01  2.29e-01  1.43e-01  1.32e-01  6.60e-02  1.14e+04  2.26e+02 -1.00e+05
2016 03 10  0805   57457  29100   7.71e-01  2.47e-01  1.29e-01  9.10e-02  8.02e-02  5.83e-02  1.11e+04  1.96e+02 -1.00e+05
2016 03 10  0810   57457  29400   6.02e-01  2.35e-01  1.54e-01  7.74e-02  6.65e-02  4.46e-02  1.19e+04  2.03e+02 -1.00e+05
2016 03 10  0815   57457  29700   7.11e-01  4.08e-01  2.42e-01  1.00e-01  8.94e-02  6.74e-02  1.10e+04  2.07e+02 -1.00e+05
2016 03 10  0820   57457  30000   1.14e+00  2.71e-01  1.05e-01  6.68e-02  4.79e-02  2.37e-02  1.12e+04  1.89e+02 -1.00e+05
2016 03 10  0825   57457  30300   9.56e-01  4.69e-01  2.03e-01  7.36e-02  5.98e-02  2.80e-02  9.55e+03  1.37e+02 -1.00e+05
2016 03 10  0830   57457  30600   8.96e-01  2.67e-01  1.47e-01  1.09e-01  7.40e-02  4.52e-02  7.52e+03  1.03e+02 -1.00e+05
2016 03 10  0835   57457  30900   3.77e-01  2.93e-01  2.67e-01  2.29e-01  1.43e-01  4.61e-02  6.90e+03  8.98e+01 -1.00e+05
2016 03 10  0840   57457  31200   9.33e-01  2.25e-01  1.31e-01  9.28e-02  8.19e-02  6.00e-02  7.05e+03  1.03e+02 -1.00e+05
2016 03 10  0845   57457  31500   2.64e-01  1.18e-01  9.24e-02  5.64e-02  4.56e-02  2.37e-02  7.50e+03  1.40e+02 -1.00e+05
2016 03 10  0850   57457  31800   5.24e-01  1.30e-01  1.04e-01  6.80e-02  5.72e-02  3.53e-02  8.75e+03  1.37e+02 -1.00e+05
2016 03 10  0855   57457  32100   4.45e-01  1.67e-01  1.41e-01  1.05e-01  9.43e-02  7.24e-02  1.00e+04  1.36e+02 -1.00e+05
2016 03 10  0900   57457  32400   5.11e-01  2.44e-01  2.18e-01  8.24e-02  7.15e-02  3.20e-02  1.01e+04  1.45e+02 -1.00e+05
2016 03 10  0905   57457  32700   4.21e-01  1.62e-01  1.37e-01  5.64e-02  4.56e-02  2.37e-02  1.08e+04  1.70e+02 -1.00e+05
2016 03 10  0910   57457  33000   3.62e-01  1.86e-01  1.60e-01  6.02e-02  4.64e-02  2.37e-02  1.13e+04  1.81e+02 -1.00e+05
2016 03 10  0915   57457  33300   4.81e-01  1.67e-01  1.42e-01  1.05e-01  8.64e-02  3.60e-02  1.11e+04  1.68e+02 -1.00e+05
2016 03 10  0920   57457  33600   3.92e-01  2.75e-01  1.91e-01  7.99e-02  5.09e-02  2.37e-02  1.05e+04  1.64e+02 -1.00e+05
2016 03 10  0925   57457  33900   1.17e+00  5.22e-01  2.62e-01  9.90e-02  8.81e-02  5.19e-02  1.05e+04  1.49e+02 -1.00e+05
2016 03 10  0930   57457  34200   3.93e-01  1.18e-01  9.24e-02  5.64e-02  4.56e-02  2.37e-02  1.04e+04  1.62e+02 -1.00e+05
2016 03 10  0935   57457  34500   5.25e-01  1.86e-01  1.60e-01  8.05e-02  6.57e-02  4.27e-02  9.52e+03  1.34e+02 -1.00e+05
2016 03 10  0940   57457  34800   4.26e-01  1.31e-01  1.06e-01  6.98e-02  5.90e-02  2.80e-02  1.02e+04  1.36e+02 -1.00e+05
2016 03 10  0945   57457  35100   6.74e-01  1.99e-01  1.73e-01  6.68e-02  4.79e-02  2.37e-02  1.06e+04  1.61e+02 -1.00e+05
2016 03 10  0950   57457  35400   6.38e-01  1.75e-01  1.49e-01  1.13e-01  8.64e-02  6.00e-02  9.42e+03  1.52e+02 -1.00e+05
2016 03 10  0955   57457  35700   6.56e-01  1.87e-01  1.09e-01  6.35e-02  5.27e-02  2.60e-02  9.58e+03  1.46e+02 -1.00e+05
2016 03 10  1000   57457  36000   5.24e-01  1.25e-01  9.90e-02  6.31e-02  5.22e-02  3.03e-02  1.00e+04  2.09e+02 -1.00e+05
2016 03 10  1005   57457  36300   7.50e-01  2.29e-01  2.03e-01  1.07e-01  7.16e-02  4.27e-02  1.14e+04  2.91e+02 -1.00e+05
2016 03 10  1010   57457  36600   5.63e-01  2.07e-01  1.81e-01  1.45e-01  1.34e-01  5.21e-02  1.20e+04  3.36e+02 -1.00e+05
2016 03 10  1015   57457  36900   5.27e-01  2.13e-01  1.79e-01  1.40e-01  8.68e-02  5.26e-02  1.26e+04  3.71e+02 -1.00e+05
2016 03 10  1020   57457  37200   6.11e-01  1.83e-01  1.57e-01  1.20e-01  7.46e-02  4.27e-02  1.33e+04  4.12e+02 -1.00e+05
2016 03 10  1025   57457  37500   5.42e-01  1.62e-01  1.36e-01  1.00e-01  8.94e-02  6.74e-02  1.33e+04  3.93e+02 -1.00e+05
2016 03 10  1030   57457  37800   5.47e-01  1.62e-01  1.37e-01  9.96e-02  5.53e-02  2.37e-02  1.55e+04  4.57e+02 -1.00e+05
2016 03 10  1035   57457  38100   5.65e-01  2.63e-01  2.38e-01  2.00e-01  1.27e-01  4.21e-02  1.77e+04  5.24e+02 -1.00e+05
2016 03 10  1040   57457  38400   8.20e-01  2.33e-01  1.13e-01  7.55e-02  6.46e-02  4.27e-02  1.87e+04  6.18e+02 -1.00e+05
2016 03 10  1045   57457  38700   3.69e-01  1.40e-01  1.14e-01  7.79e-02  6.71e-02  4.52e-02  1.88e+04  5.77e+02 -1.00e+05
2016 03 10  1050   57457  39000   6.47e-01  3.06e-01  1.80e-01  1.26e-01  1.15e-01  4.61e-02  1.78e+04  5.89e+02 -1.00e+05
2016 03 10  1055   57457  39300   5.00e-01  1.50e-01  1.25e-01  5.64e-02  4.56e-02  2.37e-02  1.73e+04  5.96e+02 -1.00e+05
2016 03 10  1100   57457  39600   5.80e-01  1.57e-01  1.31e-01  9.49e-02  8.40e-02  3.60e-02  1.47e+04  4.05e+02 -1.00e+05
2016 03 10  1105   57457  39900   6.33e-01  1.31e-01  1.06e-01  6.98e-02  5.90e-02  2.80e-02  1.44e+04  4.91e+02 -1.00e+05
2016 03 10  1110   57457  40200   1.14e+00  1.90e-01  9.44e-02  5.64e-02  4.56e-02  2.37e-02  1.47e+04  5.48e+02 -1.00e+05
2016 03 10  1115   57457  40500   8.87e-01  1.90e-01  9.44e-02  5.64e-02  4.56e-02  2.37e-02  1.48e+04  5.66e+02 -1.00e+05
2016 03 10  1120   57457  40800   1.12e+00  4.46e-01  2.33e-01  8.78e-02  7.70e-02  5.51e-02  1.55e+04  5.56e+02 -1.00e+05
2016 03 10  1125   57457  41100   1.09e+00  2.68e-01  2.21e-01  1.81e-01  1.57e-01  5.82e-02  1.66e+04  5.70e+02 -1.00e+05
2016 03 10  1130   57457  41400   6.50e-01  1.70e-01  1.44e-01  7.61e-02  6.52e-02  3.00e-02  1.67e+04  6.24e+02 -1.00e+05
2016 03 10  1135   57457  41700   7.21e-01  1.50e-01  1.25e-01  5.64e-02  4.56e-02  2.37e-02  1.62e+04  4.89e+02 -1.00e+05
2016 03 10  1140   57457  42000   8.91e-01  2.15e-01  9.43e-02  5.64e-02  4.56e-02  2.37e-02  1.66e+04  5.81e+02 -1.00e+05
2016 03 10  1145   57457  42300   1.14e+00  2.68e-01  1.74e-01  1.34e-01  9.10e-02  6.25e-02  1.58e+04  6.10e+02 -1.00e+05
2016 03 10  1150   57457  42600   5.54e-01  1.69e-01  1.43e-01  1.07e-01  9.66e-02  4.00e-02  1.76e+04  7.48e+02 -1.00e+05
2016 03 10  1155   57457  42900   6.00e-01  1.38e-01  1.12e-01  7.61e-02  6.52e-02  3.00e-02  1.74e+04  7.40e+02 -1.00e+05
2016 03 10  1200   57457  43200   1.02e+00  3.00e-01  2.24e-01  1.57e-01  1.46e-01  7.74e-02  1.71e+04  6.73e+02 -1.00e+05
2016 03 10  1205   57457  43500   1.02e+00  2.73e-01  1.91e-01  8.78e-02  7.70e-02  5.51e-02  1.66e+04  6.68e+02 -1.00e+05
2016 03 10  1210   57457  43800   6.25e-01  1.66e-01  1.40e-01  1.04e-01  7.48e-02  4.76e-02  1.85e+04  7.97e+02 -1.00e+05
2016 03 10  1215   57457  44100   8.41e-01  1.22e-01  9.63e-02  6.02e-02  4.64e-02  2.37e-02  1.89e+04  8.27e+02 -1.00e+05
2016 03 10  1220   57457  44400   6.76e-01  1.18e-01  9.24e-02  5.64e-02  4.56e-02  2.37e-02  1.94e+04  9.24e+02 -1.00e+05
2016 03 10  1225   57457  44700   8.98e-01  1.69e-01  1.43e-01  1.07e-01  9.63e-02  6.13e-02  2.06e+04  9.20e+02 -1.00e+05
2016 03 10  1230   57457  45000   8.28e-01  2.17e-01  1.84e-01  9.03e-02  7.95e-02  5.75e-02  1.97e+04  9.26e+02 -1.00e+05
2016 03 10  1235   57457  45300   7.54e-01  1.62e-01  1.36e-01  1.00e-01  8.94e-02  6.74e-02  1.88e+04  8.82e+02 -1.00e+05
2016 03 10  1240   57457  45600   7.79e-01  1.40e-01  1.14e-01  7.79e-02  6.71e-02  4.52e-02  1.66e+04  8.02e+02 -1.00e+05
2016 03 10  1245   57457  45900   1.43e+00  3.18e-01  1.61e-01  1.24e-01  1.13e-01  7.74e-02  1.37e+04  6.03e+02 -1.00e+05
2016 03 10  1250   57457  46200   1.01e+00  1.96e-01  1.01e-01  6.31e-02  5.22e-02  3.03e-02  1.31e+04  5.96e+02 -1.00e+05
2016 03 10  1255   57457  46500   7.15e-01  1.91e-01  1.65e-01  6.80e-02  5.72e-02  3.53e-02  1.31e+04  5.51e+02 -1.00e+05
2016 03 10  1300   57457  46800   1.30e+00  2.39e-01  1.18e-01  7.99e-02  5.09e-02  2.37e-02  1.29e+04  6.01e+02 -1.00e+05
2016 03 10  1305   57457  47100   1.36e+00  2.17e-01  1.22e-01  8.35e-02  6.26e-02  3.77e-02  1.24e+04  6.13e+02 -1.00e+05
2016 03 10  1310   57457  47400   1.35e+00  5.04e-01  2.46e-01  6.68e-02  4.79e-02  2.37e-02  1.21e+04  5.66e+02 -1.00e+05
2016 03 10  1315   57457  47700   5.40e-01  1.25e-01  9.95e-02  6.35e-02  5.27e-02  2.60e-02  1.16e+04  5.54e+02 -1.00e+05
2016 03 10  1320   57457  48000   6.38e-01  1.50e-01  1.25e-01  5.64e-02  4.56e-02  2.37e-02  1.23e+04  6.36e+02 -1.00e+05
2016 03 10  1325   57457  48300   7.52e-01  1.47e-01  1.22e-01  8.53e-02  6.49e-02  4.02e-02  1.27e+04  6.49e+02 -1.00e+05
2016 03 10  1330   57457  48600   1.40e+00  4.82e-01  3.36e-01  1.02e-01  5.63e-02  2.78e-02  1.19e+04  6.47e+02 -1.00e+05
2016 03 10  1335   57457  48900   1.35e+00  4.16e-01  1.60e-01  6.06e-02  4.97e-02  2.78e-02  1.15e+04  5.99e+02 -1.00e+05
2016 03 10  1340   57457  49200   7.62e-01  1.29e-01  1.03e-01  6.68e-02  4.79e-02  2.37e-02  1.08e+04  5.50e+02 -1.00e+05
2016 03 10  1345   57457  49500   8.76e-01  1.90e-01  9.44e-02  5.64e-02  4.56e-02  2.37e-02  1.11e+04  6.09e+02 -1.00e+05
2016 03 10  1350   57457  49800   1.23e+00  2.21e-01  1.01e-01  6.31e-02  5.22e-02  3.03e-02  1.11e+04  6.00e+02 -1.00e+05
2016 03 10  1355   57457  50100   7.73e-01  1.56e-01  1.30e-01  9.30e-02  5.38e-02  2.37e-02  1.13e+04  6.68e+02 -1.00e+05
2016 03 10  1400   57457  50400   9.51e-01  2.39e-01  1.58e-01  1.13e-01  1.02e-01  7.98e-02  1.30e+04  7.90e+02 -1.00e+05
2016 03 10  1405   57457  50700   7.58e-01  1.35e-01  1.10e-01  7.33e-02  4.94e-02  2.37e-02  1.46e+04  9.90e+02 -1.00e+05
2016 03 10  1410   57457  51000   8.35e-01  1.29e-01  9.41e-02  5.64e-02  4.56e-02  2.37e-02  1.67e+04  1.23e+03 -1.00e+05
2016 03 10  1415   57457  51300   8.87e-01  2.16e-01  1.90e-01  5.64e-02  4.56e-02  2.37e-02  2.03e+04  1.54e+03 -1.00e+05
2016 03 10  1420   57457  51600   7.51e-01  1.18e-01  9.24e-02  5.64e-02  4.56e-02  2.37e-02  2.16e+04  1.70e+03 -1.00e+05
2016 03 10  1425   57457  51900   1.08e+00  3.76e-01  2.22e-01  1.03e-01  9.18e-02  6.99e-02  2.03e+04  1.61e+03 -1.00e+05
2016 03 10  1430   57457  52200   1.77e+00  2.70e-01  1.27e-01  8.95e-02  7.73e-02  5.51e-02  1.88e+04  1.46e+03 -1.00e+05
2016 03 10  1435   57457  52500   1.47e+00  3.01e-01  1.58e-01  1.20e-01  1.09e-01  4.41e-02  1.83e+04  1.37e+03 -1.00e+05
2016 03 10  1440   57457  52800   7.10e-01  1.18e-01  9.24e-02  5.64e-02  4.56e-02  2.37e-02  1.74e+04  1.35e+03 -1.00e+05
2016 03 10  1445   57457  53100   1.18e+00  1.87e-01  1.03e-01  5.64e-02  4.56e-02  2.37e-02  1.77e+04  1.35e+03 -1.00e+05
2016 03 10  1450   57457  53400   1.03e+00  1.93e-01  1.34e-01  9.24e-02  7.86e-02  3.40e-02  1.59e+04  1.17e+03 -1.00e+05
2016 03 10  1455   57457  53700   1.33e+00  2.18e-01  1.36e-01  9.03e-02  7.95e-02  5.75e-02  1.58e+04  1.12e+03 -1.00e+05
2016 03 10  1500   57457  54000   1.09e+00  1.46e-01  1.20e-01  8.45e-02  7.36e-02  5.17e-02  1.75e+04  1.17e+03 -1.00e+05
2016 03 10  1505   57457  54300   1.29e+00  2.70e-01  1.96e-01  1.06e-01  6.74e-02  2.92e-02  1.67e+04  1.12e+03 -1.00e+05
2016 03 10  1510   57457  54600   8.44e-01  1.18e-01  9.24e-02  5.64e-02  4.56e-02  2.37e-02  1.68e+04  1.10e+03 -1.00e+05
2016 03 10  1515   57457  54900   1.01e+00  1.62e-01  1.36e-01  6.80e-02  5.72e-02  3.53e-02  1.61e+04  1.02e+03 -1.00e+05
2016 03 10  1520   57457  55200   9.46e-01  1.18e-01  9.24e-02  5.64e-02  4.56e-02  2.37e-02  1.59e+04  1.01e+03 -1.00e+05
2016 03 10  1525   57457  55500   2.20e+00  2.61e-01  1.18e-01  8.04e-02  6.96e-02  4.76e-02  1.67e+04  1.06e+03 -1.00e+05
2016 03 10  1530   57457  55800   1.55e+00  2.46e-01  1.39e-01  8.86e-02  7.78e-02  3.40e-02  1.86e+04  1.14e+03 -1.00e+05
2016 03 10  1535   57457  56100   1.10e+00  2.17e-01  1.91e-01  1.55e-01  1.41e-01  5.41e-02  1.69e+04  1.13e+03 -1.00e+05
2016 03 10  1540   57457  56400   1.13e+00  2.29e-01  2.04e-01  8.67e-02  6.28e-02  2.80e-02  1.86e+04  1.19e+03 -1.00e+05
2016 03 10  1545   57457  56700   9.72e-01  1.18e-01  9.24e-02  5.64e-02  4.56e-02  2.37e-02  1.92e+04  1.28e+03 -1.00e+05
2016 03 10  1550   57457  57000   1.28e+00  1.97e-01  1.71e-01  1.35e-01  1.11e-01  8.59e-02  2.02e+04  1.36e+03 -1.00e+05
2016 03 10  1555   57457  57300  -1.00e+05 -1.00e+05 -1.00e+05 -1.00e+05 -1.00e+05 -1.00e+05 -1.00e+05 -1.00e+05 -1.00e+05
2016 03 10  1600   57457  57600  -1.00e+05 -1.00e+05 -1.00e+05 -1.00e+05 -1.00e+05 -1.00e+05 -1.00e+05 -1.00e+05 -1.00e+05
2016 03 10  1605   57457  57900  -1.00e+05 -1.00e+05 -1.00e+05 -1.00e+05 -1.00e+05 -1.00e+05 -1.00e+05 -1.00e+05 -1.00e+05
2016 03 10  1610   57457  58200  -1.00e+05 -1.00e+05 -1.00e+05 -1.00e+05 -1.00e+05 -1.00e+05 -1.00e+05 -1.00e+05 -1.00e+05
2016 03 10  1615   57457  58500  -1.00e+05 -1.00e+05 -1.00e+05 -1.00e+05 -1.00e+05 -1.00e+05 -1.00e+05 -1.00e+05 -1.00e+05
2016 03 10  1620   57457  58800  -1.00e+05 -1.00e+05 -1.00e+05 -1.00e+05 -1.00e+05 -1.00e+05 -1.00e+05 -1.00e+05 -1.00e+05
2016 03 10  1625   57457  59100  -1.00e+05 -1.00e+05 -1.00e+05 -1.00e+05 -1.00e+05 -1.00e+05 -1.00e+05 -1.00e+05 -1.00e+05
2016 03 10  1630   57457  59400  -1.00e+05 -1.00e+05 -1.00e+05 -1.00e+05 -1.00e+05 -1.00e+05 -1.00e+05 -1.00e+05 -1.00e+05
2016 03 10  1635   57457  59700  -1.00e+05 -1.00e+05 -1.00e+05 -1.00e+05 -1.00e+05 -1.00e+05 -1.00e+05 -1.00e+05 -1.00e+05
2016 03 10  1640   57457  60000  -1.00e+05 -1.00e+05 -1.00e+05 -1.00e+05 -1.00e+05 -1.00e+05 -1.00e+05 -1.00e+05 -1.00e+05
2016 03 10  1645   57457  60300  -1.00e+05 -1.00e+05 -1.00e+05 -1.00e+05 -1.00e+05 -1.00e+05 -1.00e+05 -1.00e+05 -1.00e+05
2016 03 10  1650   57457  60600  -1.00e+05 -1.00e+05 -1.00e+05 -1.00e+05 -1.00e+05 -1.00e+05 -1.00e+05 -1.00e+05 -1.00e+05
2016 03 10  1655   57457  60900  -1.00e+05 -1.00e+05 -1.00e+05 -1.00e+05 -1.00e+05 -1.00e+05 -1.00e+05 -1.00e+05 -1.00e+05
2016 03 10  1700   57457  61200  -1.00e+05 -1.00e+05 -1.00e+05 -1.00e+05 -1.00e+05 -1.00e+05 -1.00e+05 -1.00e+05 -1.00e+05
2016 03 10  1705   57457  61500  -1.00e+05 -1.00e+05 -1.00e+05 -1.00e+05 -1.00e+05 -1.00e+05 -1.00e+05 -1.00e+05 -1.00e+05
2016 03 10  1710   57457  61800  -1.00e+05 -1.00e+05 -1.00e+05 -1.00e+05 -1.00e+05 -1.00e+05 -1.00e+05 -1.00e+05 -1.00e+05
2016 03 10  1715   57457  62100  -1.00e+05 -1.00e+05 -1.00e+05 -1.00e+05 -1.00e+05 -1.00e+05 -1.00e+05 -1.00e+05 -1.00e+05
2016 03 10  1720   57457  62400  -1.00e+05 -1.00e+05 -1.00e+05 -1.00e+05 -1.00e+05 -1.00e+05 -1.00e+05 -1.00e+05 -1.00e+05
2016 03 10  1725   57457  62700  -1.00e+05 -1.00e+05 -1.00e+05 -1.00e+05 -1.00e+05 -1.00e+05 -1.00e+05 -1.00e+05 -1.00e+05
2016 03 10  1730   57457  63000  -1.00e+05 -1.00e+05 -1.00e+05 -1.00e+05 -1.00e+05 -1.00e+05 -1.00e+05 -1.00e+05 -1.00e+05
2016 03 10  1735   57457  63300  -1.00e+05 -1.00e+05 -1.00e+05 -1.00e+05 -1.00e+05 -1.00e+05 -1.00e+05 -1.00e+05 -1.00e+05
2016 03 10  1740   57457  63600  -1.00e+05 -1.00e+05 -1.00e+05 -1.00e+05 -1.00e+05 -1.00e+05 -1.00e+05 -1.00e+05 -1.00e+05
2016 03 10  1745   57457  63900  -1.00e+05 -1.00e+05 -1.00e+05 -1.00e+05 -1.00e+05 -1.00e+05 -1.00e+05 -1.00e+05 -1.00e+05
2016 03 10  1750   57457  64200  -1.00e+05 -1.00e+05 -1.00e+05 -1.00e+05 -1.00e+05 -1.00e+05 -1.00e+05 -1.00e+05 -1.00e+05
2016 03 10  1755   57457  64500  -1.00e+05 -1.00e+05 -1.00e+05 -1.00e+05 -1.00e+05 -1.00e+05 -1.00e+05 -1.00e+05 -1.00e+05
2016 03 10  1800   57457  64800   6.44e-01  1.18e-01  9.24e-02  5.64e-02  4.56e-02  2.37e-02  2.87e+04  2.24e+03 -1.00e+05
2016 03 10  1805   57457  65100   8.91e-01  1.35e-01  1.10e-01  7.33e-02  4.94e-02  2.37e-02  2.55e+04  2.15e+03 -1.00e+05
2016 03 10  1810   57457  65400   1.43e+00  2.43e-01  1.01e-01  6.35e-02  5.27e-02  2.60e-02  2.76e+04  2.27e+03 -1.00e+05
2016 03 10  1815   57457  65700   8.78e-01  1.29e-01  9.41e-02  5.64e-02  4.56e-02  2.37e-02  2.68e+04  2.13e+03 -1.00e+05
2016 03 10  1820   57457  66000   9.54e-01  1.67e-01  1.41e-01  1.05e-01  9.43e-02  7.24e-02  2.60e+04  2.16e+03 -1.00e+05
2016 03 10  1825   57457  66300   7.90e-01  1.38e-01  1.12e-01  7.61e-02  6.52e-02  3.00e-02  2.88e+04  2.12e+03 -1.00e+05
2016 03 10  1830   57457  66600   9.90e-01  3.73e-01  2.28e-01  9.49e-02  8.40e-02  3.60e-02  2.13e+04  1.62e+03 -1.00e+05
2016 03 10  1835   57457  66900   9.21e-01  2.07e-01  1.74e-01  1.36e-01  9.55e-02  6.50e-02  2.85e+04  2.01e+03 -1.00e+05
2016 03 10  1840   57457  67200   1.75e+00  4.39e-01  1.88e-01  9.03e-02  7.95e-02  5.75e-02  2.74e+04  1.97e+03 -1.00e+05
2016 03 10  1845   57457  67500   8.90e-01  2.12e-01  1.86e-01  1.50e-01  1.39e-01  9.35e-02  2.87e+04  2.06e+03 -1.00e+05
2016 03 10  1850   57457  67800   6.93e-01  1.69e-01  1.44e-01  1.08e-01  9.68e-02  7.49e-02  2.76e+04  1.87e+03 -1.00e+05
2016 03 10  1855   57457  68100   1.23e+00  1.90e-01  9.44e-02  5.64e-02  4.56e-02  2.37e-02  2.67e+04  1.89e+03 -1.00e+05
2016 03 10  1900   57457  68400   9.15e-01  2.47e-01  1.32e-01  9.36e-02  8.28e-02  5.36e-02  2.73e+04  1.89e+03 -1.00e+05
2016 03 10  1905   57457  68700   7.46e-01  1.49e-01  1.15e-01  7.79e-02  6.71e-02  4.52e-02  2.67e+04  1.81e+03 -1.00e+05
2016 03 10  1910   57457  69000   7.48e-01  2.83e-01  2.57e-01  1.17e-01  7.78e-02  4.76e-02  2.69e+04  1.77e+03 -1.00e+05
2016 03 10  1915   57457  69300   4.95e-01  1.78e-01  1.45e-01  7.74e-02  6.65e-02  4.46e-02  2.59e+04  1.62e+03 -1.00e+05
2016 03 10  1920   57457  69600   6.33e-01  1.69e-01  1.44e-01  1.08e-01  9.69e-02  4.13e-02  2.14e+04  1.37e+03 -1.00e+05
2016 03 10  1925   57457  69900   4.68e-01  1.25e-01  9.95e-02  6.35e-02  5.27e-02  2.60e-02  2.73e+04  1.77e+03 -1.00e+05
2016 03 10  1930   57457  70200   6.08e-01  1.42e-01  1.17e-01  7.99e-02  5.09e-02  2.37e-02  2.61e+04  1.67e+03 -1.00e+05
2016 03 10  1935   57457  70500   7.32e-01  1.35e-01  1.10e-01  7.33e-02  4.94e-02  2.37e-02  2.53e+04  1.69e+03 -1.00e+05
2016 03 10  1940   57457  70800   8.79e-01  1.82e-01  1.56e-01  5.64e-02  4.56e-02  2.37e-02  2.60e+04  1.69e+03 -1.00e+05
2016 03 10  1945   57457  71100   7.05e-01  2.21e-01  1.88e-01  9.53e-02  8.44e-02  6.25e-02  2.52e+04  1.61e+03 -1.00e+05
2016 03 10  1950   57457  71400   8.49e-01  1.96e-01  1.01e-01  6.31e-02  5.22e-02  3.03e-02  2.36e+04  1.61e+03 -1.00e+05
2016 03 10  1955   57457  71700   3.93e-01  1.29e-01  1.03e-01  6.68e-02  4.79e-02  2.37e-02  2.41e+04  1.61e+03 -1.00e+05
2016 03 10  2000   57457  72000   9.04e-01  2.99e-01  2.73e-01  2.35e-01  1.51e-01  4.81e-02  2.26e+04  1.60e+03 -1.00e+05
2016 03 10  2005   57457  72300   7.87e-01  2.77e-01  1.77e-01  1.39e-01  1.28e-01  7.32e-02  2.21e+04  1.54e+03 -1.00e+05
2016 03 10  2010   57457  72600   8.11e-01  3.16e-01  2.16e-01  1.67e-01  1.55e-01  6.31e-02  2.21e+04  1.50e+03 -1.00e+05
2016 03 10  2015   57457  72900   1.02e+00  2.42e-01  9.81e-02  6.02e-02  4.64e-02  2.37e-02  2.13e+04  1.44e+03 -1.00e+05
2016 03 10  2020   57457  73200   8.90e-01  3.07e-01  1.84e-01  1.46e-01  1.35e-01  7.88e-02  1.93e+04  1.27e+03 -1.00e+05
2016 03 10  2025   57457  73500   5.41e-01  1.54e-01  1.28e-01  9.18e-02  6.64e-02  4.02e-02  1.98e+04  1.28e+03 -1.00e+05
2016 03 10  2030   57457  73800   3.65e-01  1.32e-01  1.07e-01  7.06e-02  5.97e-02  3.10e-02  1.75e+04  1.11e+03 -1.00e+05
2016 03 10  2035   57457  74100   5.82e-01  1.29e-01  9.41e-02  5.64e-02  4.56e-02  2.37e-02  1.86e+04  1.11e+03 -1.00e+05
2016 03 10  2040   57457  74400   6.43e-01  2.00e-01  1.75e-01  1.39e-01  1.28e-01  5.01e-02  1.64e+04  9.50e+02 -1.00e+05
2016 03 10  2045   57457  74700   5.52e-01  1.98e-01  1.14e-01  6.80e-02  5.72e-02  3.53e-02  1.53e+04  8.24e+02 -1.00e+05
2016 03 10  2050   57457  75000   5.92e-01  2.04e-01  1.22e-01  7.55e-02  6.46e-02  4.27e-02  1.41e+04  7.34e+02 -1.00e+05
2016 03 10  2055   57457  75300   1.46e-01  1.18e-01  9.24e-02  5.64e-02  4.56e-02  2.37e-02  1.16e+04  5.86e+02 -1.00e+05
2016 03 10  2100   57457  75600   3.93e-01  1.18e-01  9.24e-02  5.64e-02  4.56e-02  2.37e-02  1.17e+04  6.12e+02 -1.00e+05
2016 03 10  2105   57457  75900   2.85e-01  1.64e-01  1.39e-01  1.01e-01  5.21e-02  2.37e-02  1.25e+04  6.74e+02 -1.00e+05
2016 03 10  2110   57457  76200   5.11e-01  3.09e-01  2.02e-01  1.52e-01  1.41e-01  5.54e-02  1.20e+04  6.70e+02 -1.00e+05
2016 03 10  2115   57457  76500   5.84e-01  1.19e-01  9.32e-02  5.73e-02  4.64e-02  2.39e-02  1.16e+04  6.25e+02 -1.00e+05
2016 03 10  2120   57457  76800   2.78e-01  1.57e-01  1.31e-01  9.49e-02  8.40e-02  3.60e-02  1.09e+04  5.91e+02 -1.00e+05
2016 03 10  2125   57457  77100   2.95e-01  1.22e-01  9.65e-02  6.06e-02  4.97e-02  2.78e-02  9.91e+03  5.43e+02 -1.00e+05
2016 03 10  2130   57457  77400   3.16e-01  1.61e-01  1.28e-01  9.03e-02  7.95e-02  5.75e-02  9.58e+03  5.30e+02 -1.00e+05
2016 03 10  2135   57457  77700   6.35e-01  2.27e-01  1.46e-01  1.00e-01  8.94e-02  6.74e-02  8.90e+03  5.06e+02 -1.00e+05
2016 03 10  2140   57457  78000   3.17e-01  1.27e-01  1.01e-01  6.55e-02  5.47e-02  3.28e-02  8.05e+03  4.63e+02 -1.00e+05
2016 03 10  2145   57457  78300   7.11e-01  3.80e-01  1.63e-01  8.64e-02  6.76e-02  3.00e-02  7.02e+03  3.96e+02 -1.00e+05
2016 03 10  2150   57457  78600   4.01e+00  2.66e-01  1.48e-01  1.10e-01  9.95e-02  7.76e-02  4.68e+03  2.46e+02 -1.00e+05
2016 03 10  2155   57457  78900   6.64e-01  3.40e-01  2.58e-01  2.10e-01  1.35e-01  4.41e-02  2.96e+03  1.43e+02 -1.00e+05
2016 03 10  2200   57457  79200   3.39e+00  3.16e-01  1.53e-01  7.61e-02  6.52e-02  3.00e-02  2.35e+03  9.95e+01 -1.00e+05
2016 03 10  2205   57457  79500   1.39e+00  1.73e-01  1.47e-01  1.10e-01  7.63e-02  4.76e-02  2.66e+03  1.04e+02 -1.00e+05
2016 03 10  2210   57457  79800   2.91e+00  1.18e-01  9.24e-02  5.64e-02  4.56e-02  2.37e-02  2.94e+03  1.11e+02 -1.00e+05
2016 03 10  2215   57457  80100   1.88e+00  2.07e-01  1.23e-01  7.63e-02  5.33e-02  2.78e-02  3.54e+03  1.36e+02 -1.00e+05
2016 03 10  2220   57457  80400   2.27e+00  1.30e-01  1.04e-01  6.76e-02  4.88e-02  2.39e-02  4.33e+03  1.73e+02 -1.00e+05
2016 03 10  2225   57457  80700   1.51e+00  2.32e-01  2.07e-01  1.08e-01  9.69e-02  7.50e-02  5.29e+03  2.12e+02 -1.00e+05
2016 03 10  2230   57457  81000   2.75e+00  3.11e-01  2.27e-01  8.94e-02  5.62e-02  2.78e-02  5.84e+03  2.29e+02 -1.00e+05
2016 03 10  2235   57457  81300   1.51e+00  2.26e-01  2.00e-01  1.28e-01  1.17e-01  7.65e-02  6.60e+03  2.56e+02 -1.00e+05
2016 03 10  2240   57457  81600   1.68e+00  1.96e-01  1.60e-01  6.68e-02  4.79e-02  2.37e-02  7.07e+03  2.79e+02 -1.00e+05
2016 03 10  2245   57457  81900   1.20e+00  1.29e-01  1.03e-01  6.68e-02  4.79e-02  2.37e-02  7.40e+03  2.93e+02 -1.00e+05
2016 03 10  2250   57457  82200   2.72e+00  3.94e-01  2.01e-01  1.64e-01  1.53e-01  5.82e-02  8.09e+03  3.28e+02 -1.00e+05
2016 03 10  2255   57457  82500   1.03e+00  2.12e-01  1.86e-01  1.49e-01  1.25e-01  4.81e-02  8.64e+03  3.37e+02 -1.00e+05
2016 03 10  2300   57457  82800   8.79e-01  1.32e-01  1.06e-01  6.98e-02  5.18e-02  2.78e-02  9.22e+03  3.51e+02 -1.00e+05
2016 03 10  2305   57457  83100   1.08e+00  1.42e-01  1.16e-01  8.04e-02  6.96e-02  4.76e-02  8.71e+03  3.32e+02 -1.00e+05
2016 03 10  2310   57457  83400   8.64e-01  1.53e-01  1.28e-01  9.18e-02  8.09e-02  2.51e-02  8.61e+03  3.00e+02 -1.00e+05
2016 03 10  2315   57457  83700   9.78e-01  1.83e-01  1.57e-01  5.64e-02  4.56e-02  2.37e-02  8.60e+03  3.22e+02 -1.00e+05
2016 03 10  2320   57457  84000   7.40e-01  1.68e-01  1.42e-01  1.06e-01  8.16e-02  3.40e-02  8.51e+03  3.03e+02 -1.00e+05
2016 03 10  2325   57457  84300   6.51e-01  1.97e-01  1.71e-01  7.55e-02  6.46e-02  4.27e-02  6.44e+03  2.11e+02 -1.00e+05
2016 03 10  2330   57457  84600   5.58e-01  2.03e-01  1.70e-01  1.31e-01  8.11e-02  5.26e-02  4.93e+03  1.34e+02 -1.00e+05
2016 03 10  2335   57457  84900   8.49e-01  3.95e-01  2.36e-01  7.33e-02  4.94e-02  2.37e-02  4.90e+03  1.31e+02 -1.00e+05
2016 03 10  2340   57457  85200   3.35e-01  1.18e-01  9.24e-02  5.64e-02  4.56e-02  2.37e-02  5.46e+03  1.56e+02 -1.00e+05
2016 03 10  2345   57457  85500   7.21e-01  2.98e-01  1.32e-01  9.30e-02  5.38e-02  2.37e-02  6.48e+03  1.93e+02 -1.00e+05
2016 03 10  2350   57457  85800   4.68e-01  1.66e-01  1.40e-01  8.24e-02  7.15e-02  3.20e-02  7.25e+03  2.31e+02 -1.00e+05
2016 03 10  2355   57457  86100   6.66e-01  2.62e-01  2.37e-01  1.37e-01  1.18e-01  4.61e-02  8.07e+03  2.60e+02 -1.00e+05
