:Data_list: 20160404_Gs_part_5m.txt
:Created: 2016 Apr 05 0011 UTC
# Prepared by the U.S. Dept. of Commerce, NOAA, Space Weather Prediction Center
# Please send comments and suggestions to SWPC.Webmaster@noaa.gov 
# 
# Label: P > 1 = Particles at >1 Mev
# Label: P > 5 = Particles at >5 Mev
# Label: P >10 = Particles at >10 Mev
# Label: P >30 = Particles at >30 Mev
# Label: P >50 = Particles at >50 Mev
# Label: P>100 = Particles at >100 Mev
# Label: E>0.8 = Electrons at >0.8 Mev
# Label: E>2.0 = Electrons at >2.0 Mev
# Label: E>4.0 = Electrons at >4.0 Mev
# Units: Particles = Protons/cm2-s-sr
# Units: Electrons = Electrons/cm2-s-sr
# Source: GOES-15
# Location: W135
# Missing data: -1.00e+05
#
#                      5-minute  GOES-15 Solar Particle and Electron Flux
#
#                 Modified Seconds
# UTC Date  Time   Julian  of the
# YR MO DA  HHMM    Day     Day     P > 1     P > 5     P >10     P >30     P >50     P>100     E>0.8     E>2.0     E>4.0
#-------------------------------------------------------------------------------------------------------------------------
2016 04 04  0000   57482      0   3.10e+01  4.31e-01  1.73e-01  5.46e-02  4.46e-02  2.25e-02  6.79e+04  2.19e+03 -1.00e+05
2016 04 04  0005   57482    300   2.23e+01  2.46e-01  1.36e-01  7.29e-02  5.67e-02  3.29e-02  6.56e+04  2.05e+03 -1.00e+05
2016 04 04  0010   57482    600   1.41e+01  2.22e-01  1.90e-01  1.41e-01  1.22e-01  4.67e-02  6.36e+04  1.86e+03 -1.00e+05
2016 04 04  0015   57482    900   2.05e+01  3.28e-01  1.69e-01  9.57e-02  5.44e-02  2.55e-02  6.13e+04  1.76e+03 -1.00e+05
2016 04 04  0020   57482   1200   2.02e+01  3.03e-01  1.46e-01  7.48e-02  6.47e-02  4.27e-02  5.99e+04  1.60e+03 -1.00e+05
2016 04 04  0025   57482   1500   1.19e+01  1.91e-01  1.59e-01  1.10e-01  9.77e-02  7.50e-02  6.17e+04  1.68e+03 -1.00e+05
2016 04 04  0030   57482   1800   1.22e+01  4.83e-01  4.21e-01  2.13e-01  1.40e-01  5.23e-02  6.20e+04  1.61e+03 -1.00e+05
2016 04 04  0035   57482   2100   9.98e+00  3.99e-01  3.67e-01  1.86e-01  1.17e-01  5.18e-02  6.12e+04  1.66e+03 -1.00e+05
2016 04 04  0040   57482   2400   9.61e+00  3.19e-01  2.87e-01  6.71e-02  5.70e-02  2.65e-02  6.51e+04  1.69e+03 -1.00e+05
2016 04 04  0045   57482   2700   9.60e+00  3.15e-01  2.83e-01  1.27e-01  8.42e-02  5.27e-02  6.10e+04  1.60e+03 -1.00e+05
2016 04 04  0050   57482   3000   9.94e+00  2.31e-01  1.98e-01  1.48e-01  1.04e-01  3.86e-02  6.48e+04  1.68e+03 -1.00e+05
2016 04 04  0055   57482   3300   9.96e+00  1.36e-01  1.04e-01  5.46e-02  4.46e-02  2.25e-02  6.53e+04  1.73e+03 -1.00e+05
2016 04 04  0100   57482   3600   9.12e+00  2.61e-01  2.29e-01  7.72e-02  6.71e-02  4.51e-02  6.53e+04  1.75e+03 -1.00e+05
2016 04 04  0105   57482   3900   8.02e+00  1.75e-01  1.43e-01  5.89e-02  4.55e-02  2.25e-02  6.48e+04  1.68e+03 -1.00e+05
2016 04 04  0110   57482   4200   1.05e+01  2.29e-01  1.18e-01  5.46e-02  4.46e-02  2.25e-02  6.00e+04  1.50e+03 -1.00e+05
2016 04 04  0115   57482   4500   8.01e+00  1.73e-01  1.41e-01  9.23e-02  8.22e-02  6.02e-02  5.84e+04  1.39e+03 -1.00e+05
2016 04 04  0120   57482   4800   8.07e+00  1.36e-01  1.04e-01  5.46e-02  4.46e-02  2.25e-02  5.74e+04  1.39e+03 -1.00e+05
2016 04 04  0125   57482   5100   8.81e+00  2.04e-01  1.72e-01  1.22e-01  9.37e-02  3.66e-02  5.91e+04  1.51e+03 -1.00e+05
2016 04 04  0130   57482   5400   9.71e+00  2.24e-01  1.92e-01  1.43e-01  1.33e-01  5.29e-02  6.15e+04  1.61e+03 -1.00e+05
2016 04 04  0135   57482   5700   1.61e+01  4.22e-01  2.64e-01  9.32e-02  6.90e-02  4.28e-02  5.81e+04  1.53e+03 -1.00e+05
2016 04 04  0140   57482   6000   9.85e+00  2.46e-01  2.14e-01  1.11e-01  9.22e-02  6.76e-02  5.90e+04  1.48e+03 -1.00e+05
2016 04 04  0145   57482   6300   8.63e+00  1.36e-01  1.04e-01  5.46e-02  4.46e-02  2.25e-02  5.87e+04  1.44e+03 -1.00e+05
2016 04 04  0150   57482   6600   9.48e+00  3.16e-01  2.57e-01  9.97e-02  8.96e-02  6.76e-02  5.63e+04  1.32e+03 -1.00e+05
2016 04 04  0155   57482   6900   6.48e+00  1.63e-01  1.31e-01  5.46e-02  4.46e-02  2.25e-02  5.64e+04  1.30e+03 -1.00e+05
2016 04 04  0200   57482   7200   9.43e+00  3.39e-01  1.79e-01  7.20e-02  4.85e-02  2.25e-02  5.43e+04  1.21e+03 -1.00e+05
2016 04 04  0205   57482   7500   6.42e+00  2.13e-01  1.51e-01  9.46e-02  5.15e-02  2.25e-02  5.48e+04  1.17e+03 -1.00e+05
2016 04 04  0210   57482   7800   5.12e+00  1.36e-01  1.04e-01  5.46e-02  4.46e-02  2.25e-02  5.54e+04  1.22e+03 -1.00e+05
2016 04 04  0215   57482   8100   4.35e+00  1.56e-01  1.24e-01  7.48e-02  6.47e-02  4.27e-02  5.61e+04  1.16e+03 -1.00e+05
2016 04 04  0220   57482   8400   4.09e+00  1.50e-01  1.17e-01  6.86e-02  5.85e-02  3.24e-02  5.47e+04  1.09e+03 -1.00e+05
2016 04 04  0225   57482   8700   4.14e+00  2.21e-01  1.89e-01  1.40e-01  1.30e-01  6.37e-02  5.40e+04  1.09e+03 -1.00e+05
2016 04 04  0230   57482   9000   5.77e+00  3.04e-01  1.64e-01  9.55e-02  8.55e-02  4.78e-02  5.38e+04  1.08e+03 -1.00e+05
2016 04 04  0235   57482   9300   6.56e+00  3.28e-01  1.62e-01  7.24e-02  6.24e-02  4.04e-02  5.29e+04  1.04e+03 -1.00e+05
2016 04 04  0240   57482   9600   3.43e+00  1.89e-01  1.57e-01  1.08e-01  9.69e-02  4.63e-02  4.69e+04  8.45e+02 -1.00e+05
2016 04 04  0245   57482   9900   5.54e+00  3.62e-01  2.37e-01  1.29e-01  9.52e-02  3.66e-02  4.40e+04  7.28e+02 -1.00e+05
2016 04 04  0250   57482  10200   4.81e+00  2.32e-01  1.66e-01  1.11e-01  1.01e-01  4.06e-02  4.40e+04  7.42e+02 -1.00e+05
2016 04 04  0255   57482  10500   3.74e+00  1.74e-01  1.42e-01  5.51e-02  4.50e-02  2.30e-02  4.58e+04  7.58e+02 -1.00e+05
2016 04 04  0300   57482  10800   3.66e+00  2.50e-01  2.18e-01  9.07e-02  6.72e-02  2.85e-02  4.40e+04  7.44e+02 -1.00e+05
2016 04 04  0305   57482  11100   3.87e+00  1.75e-01  1.43e-01  5.89e-02  4.55e-02  2.25e-02  4.65e+04  7.81e+02 -1.00e+05
2016 04 04  0310   57482  11400   3.67e+00  2.41e-01  2.09e-01  6.71e-02  5.70e-02  2.65e-02  4.42e+04  7.40e+02 -1.00e+05
2016 04 04  0315   57482  11700   3.18e+00  2.11e-01  1.79e-01  5.89e-02  4.55e-02  2.25e-02  4.23e+04  6.66e+02 -1.00e+05
2016 04 04  0320   57482  12000   3.30e+00  1.71e-01  1.09e-01  5.46e-02  4.46e-02  2.25e-02  3.49e+04  4.33e+02 -1.00e+05
2016 04 04  0325   57482  12300   3.90e+00  2.78e-01  2.16e-01  7.85e-02  4.99e-02  2.25e-02  4.38e+04  6.53e+02 -1.00e+05
2016 04 04  0330   57482  12600   2.82e+00  1.64e-01  1.32e-01  8.25e-02  5.50e-02  2.80e-02  4.17e+04  5.94e+02 -1.00e+05
2016 04 04  0335   57482  12900   2.84e+00  3.00e-01  2.68e-01  1.05e-01  5.58e-02  2.25e-02  4.01e+04  5.38e+02 -1.00e+05
2016 04 04  0340   57482  13200   3.26e+00  2.04e-01  1.72e-01  1.23e-01  1.13e-01  4.47e-02  4.66e+04  6.99e+02 -1.00e+05
2016 04 04  0345   57482  13500   3.26e+00  2.04e-01  1.72e-01  1.23e-01  1.13e-01  4.47e-02  4.87e+04  7.78e+02 -1.00e+05
2016 04 04  0350   57482  13800   5.79e+00  3.12e-01  1.25e-01  7.33e-02  6.33e-02  2.85e-02  4.85e+04  7.18e+02 -1.00e+05
2016 04 04  0355   57482  14100   4.97e+00  2.52e-01  1.07e-01  5.46e-02  4.46e-02  2.25e-02  4.53e+04  6.54e+02 -1.00e+05
2016 04 04  0400   57482  14400   3.21e+00  2.65e-01  2.24e-01  1.73e-01  1.39e-01  5.07e-02  4.50e+04  6.65e+02 -1.00e+05
2016 04 04  0405   57482  14700   3.33e+00  2.53e-01  1.42e-01  7.85e-02  4.99e-02  2.25e-02  3.66e+04  4.52e+02 -1.00e+05
2016 04 04  0410   57482  15000   2.38e+00  1.87e-01  1.55e-01  1.05e-01  5.58e-02  2.25e-02  3.93e+04  5.00e+02 -1.00e+05
2016 04 04  0415   57482  15300   3.25e+00  3.36e-01  2.70e-01  1.15e-01  1.02e-01  4.06e-02  3.79e+04  5.01e+02 -1.00e+05
2016 04 04  0420   57482  15600   2.76e+00  1.85e-01  1.24e-01  7.00e-02  5.99e-02  3.79e-02  3.70e+04  4.68e+02 -1.00e+05
2016 04 04  0425   57482  15900   3.63e+00  4.78e-01  2.43e-01  5.46e-02  4.46e-02  2.25e-02  3.66e+04  4.56e+02 -1.00e+05
2016 04 04  0430   57482  16200   2.72e+00  1.48e-01  1.16e-01  6.71e-02  5.70e-02  2.65e-02  3.73e+04  5.00e+02 -1.00e+05
2016 04 04  0435   57482  16500   2.16e+00  1.63e-01  1.31e-01  5.46e-02  4.46e-02  2.25e-02  4.05e+04  5.28e+02 -1.00e+05
2016 04 04  0440   57482  16800   2.43e+00  1.73e-01  1.41e-01  9.21e-02  8.21e-02  3.46e-02  3.99e+04  5.27e+02 -1.00e+05
2016 04 04  0445   57482  17100   2.59e+00  1.82e-01  1.20e-01  6.54e-02  4.70e-02  2.25e-02  4.03e+04  5.24e+02 -1.00e+05
2016 04 04  0450   57482  17400   3.20e+00  2.63e-01  1.53e-01  5.46e-02  4.46e-02  2.25e-02  4.21e+04  5.62e+02 -1.00e+05
2016 04 04  0455   57482  17700   2.57e+00  1.71e-01  1.09e-01  5.46e-02  4.46e-02  2.25e-02  4.35e+04  6.06e+02 -1.00e+05
2016 04 04  0500   57482  18000   2.49e+00  2.17e-01  1.85e-01  1.05e-01  9.46e-02  3.86e-02  4.40e+04  5.96e+02 -1.00e+05
2016 04 04  0505   57482  18300   2.40e+00  1.68e-01  1.36e-01  8.73e-02  7.72e-02  5.52e-02  4.42e+04  6.28e+02 -1.00e+05
2016 04 04  0510   57482  18600   2.54e+00  1.43e-01  1.11e-01  6.25e-02  5.25e-02  3.04e-02  4.54e+04  6.58e+02 -1.00e+05
2016 04 04  0515   57482  18900   2.35e+00  1.36e-01  1.04e-01  5.51e-02  4.50e-02  2.30e-02  4.40e+04  6.18e+02 -1.00e+05
2016 04 04  0520   57482  19200   2.22e+00  3.14e-01  2.82e-01  2.30e-01  1.42e-01  4.47e-02  4.40e+04  6.28e+02 -1.00e+05
2016 04 04  0525   57482  19500   2.19e+00  1.36e-01  1.04e-01  5.46e-02  4.46e-02  2.25e-02  4.44e+04  6.25e+02 -1.00e+05
2016 04 04  0530   57482  19800   2.60e+00  2.11e-01  1.49e-01  9.29e-02  5.15e-02  2.25e-02  4.40e+04  6.20e+02 -1.00e+05
2016 04 04  0535   57482  20100   4.00e+00  5.56e-01  2.54e-01  6.95e-02  5.94e-02  3.61e-02  4.40e+04  6.19e+02 -1.00e+05
2016 04 04  0540   57482  20400   2.14e+00  2.25e-01  1.93e-01  9.21e-02  8.21e-02  3.46e-02  4.40e+04  5.96e+02 -1.00e+05
2016 04 04  0545   57482  20700   2.02e+00  1.88e-01  1.56e-01  1.07e-01  9.70e-02  7.50e-02  4.32e+04  5.79e+02 -1.00e+05
2016 04 04  0550   57482  21000   2.12e+00  2.48e-01  2.16e-01  5.46e-02  4.46e-02  2.25e-02  4.31e+04  5.77e+02 -1.00e+05
2016 04 04  0555   57482  21300   1.90e+00  1.62e-01  1.30e-01  8.11e-02  7.10e-02  3.64e-02  4.33e+04  5.68e+02 -1.00e+05
2016 04 04  0600   57482  21600   1.70e+00  1.36e-01  1.04e-01  5.46e-02  4.46e-02  2.25e-02  4.15e+04  5.38e+02 -1.00e+05
2016 04 04  0605   57482  21900   1.78e+00  1.70e-01  1.38e-01  5.46e-02  4.46e-02  2.25e-02  3.97e+04  5.08e+02 -1.00e+05
2016 04 04  0610   57482  22200   1.61e+00  1.73e-01  1.36e-01  8.59e-02  7.58e-02  3.26e-02  3.96e+04  4.80e+02 -1.00e+05
2016 04 04  0615   57482  22500   1.91e+00  1.73e-01  1.30e-01  7.96e-02  6.95e-02  3.06e-02  3.95e+04  4.67e+02 -1.00e+05
2016 04 04  0620   57482  22800   1.96e+00  1.83e-01  1.51e-01  5.46e-02  4.46e-02  2.25e-02  3.89e+04  4.50e+02 -1.00e+05
2016 04 04  0625   57482  23100   1.87e+00  1.82e-01  1.20e-01  6.54e-02  4.70e-02  2.25e-02  3.76e+04  4.41e+02 -1.00e+05
2016 04 04  0630   57482  23400   1.53e+00  1.74e-01  1.42e-01  9.16e-02  5.29e-02  2.25e-02  3.76e+04  4.42e+02 -1.00e+05
2016 04 04  0635   57482  23700   1.71e+00  1.48e-01  1.16e-01  6.71e-02  5.70e-02  2.65e-02  3.76e+04  4.42e+02 -1.00e+05
2016 04 04  0640   57482  24000   1.79e+00  1.36e-01  1.04e-01  5.46e-02  4.46e-02  2.25e-02  3.69e+04  4.32e+02 -1.00e+05
2016 04 04  0645   57482  24300   1.59e+00  2.45e-01  2.13e-01  6.08e-02  5.07e-02  2.45e-02  3.47e+04  3.82e+02 -1.00e+05
2016 04 04  0650   57482  24600   1.46e+00  1.91e-01  1.59e-01  1.10e-01  8.12e-02  3.26e-02  3.69e+04  4.10e+02 -1.00e+05
2016 04 04  0655   57482  24900   1.59e+00  2.48e-01  2.16e-01  6.54e-02  4.70e-02  2.25e-02  3.41e+04  3.73e+02 -1.00e+05
2016 04 04  0700   57482  25200   1.46e+00  1.36e-01  1.04e-01  5.46e-02  4.46e-02  2.25e-02  3.66e+04  4.14e+02 -1.00e+05
2016 04 04  0705   57482  25500   2.44e+00  3.41e-01  2.31e-01  5.46e-02  4.46e-02  2.25e-02  3.93e+04  4.78e+02 -1.00e+05
2016 04 04  0710   57482  25800   1.39e+00  1.47e-01  1.15e-01  6.54e-02  4.70e-02  2.25e-02  3.26e+04  3.34e+02 -1.00e+05
2016 04 04  0715   57482  26100   3.05e+00  3.71e-01  1.82e-01  1.30e-01  1.20e-01  4.89e-02  3.83e+04  4.54e+02 -1.00e+05
2016 04 04  0720   57482  26400   3.11e+00  2.52e-01  1.07e-01  5.46e-02  4.46e-02  2.25e-02  3.91e+04  4.70e+02 -1.00e+05
2016 04 04  0725   57482  26700   1.37e+00  1.60e-01  1.28e-01  7.82e-02  5.46e-02  2.45e-02  3.64e+04  4.05e+02 -1.00e+05
2016 04 04  0730   57482  27000   1.78e+00  2.10e-01  1.78e-01  1.05e-01  9.46e-02  7.26e-02  4.25e+04  5.24e+02 -1.00e+05
2016 04 04  0735   57482  27300   1.69e+00  1.77e-01  1.45e-01  9.46e-02  5.15e-02  2.25e-02  4.50e+04  6.16e+02 -1.00e+05
2016 04 04  0740   57482  27600   3.04e+00  5.01e-01  2.90e-01  1.04e-01  7.49e-02  3.06e-02  4.26e+04  5.38e+02 -1.00e+05
2016 04 04  0745   57482  27900   3.59e+00  3.74e-01  1.49e-01  5.46e-02  4.46e-02  2.25e-02  4.35e+04  5.67e+02 -1.00e+05
2016 04 04  0750   57482  28200   1.93e+00  1.73e-01  1.41e-01  5.46e-02  4.46e-02  2.25e-02  4.34e+04  5.59e+02 -1.00e+05
2016 04 04  0755   57482  28500   1.70e+00  2.04e-01  1.72e-01  1.22e-01  9.37e-02  3.66e-02  4.39e+04  5.74e+02 -1.00e+05
2016 04 04  0800   57482  28800   3.34e+00  3.22e-01  1.07e-01  5.46e-02  4.46e-02  2.25e-02  4.06e+04  4.96e+02 -1.00e+05
2016 04 04  0805   57482  29100   1.47e+00  1.64e-01  1.32e-01  8.30e-02  7.29e-02  4.37e-02  3.45e+04  3.80e+02 -1.00e+05
2016 04 04  0810   57482  29400   1.39e+00  1.57e-01  1.25e-01  7.59e-02  5.36e-02  2.80e-02  3.58e+04  3.95e+02 -1.00e+05
2016 04 04  0815   57482  29700   3.07e+00  4.42e-01  1.85e-01  6.75e-02  5.74e-02  3.54e-02  3.86e+04  4.65e+02 -1.00e+05
2016 04 04  0820   57482  30000   3.23e+00  4.02e-01  1.90e-01  1.38e-01  1.28e-01  5.82e-02  3.73e+04  4.41e+02 -1.00e+05
2016 04 04  0825   57482  30300   1.72e+00  1.36e-01  1.04e-01  5.46e-02  4.46e-02  2.25e-02  4.75e+04  6.92e+02 -1.00e+05
2016 04 04  0830   57482  30600   2.14e+00  1.36e-01  1.04e-01  5.46e-02  4.46e-02  2.25e-02  5.31e+04  8.64e+02 -1.00e+05
2016 04 04  0835   57482  30900   1.95e+00  1.71e-01  1.39e-01  5.51e-02  4.50e-02  2.30e-02  4.81e+04  7.02e+02 -1.00e+05
2016 04 04  0840   57482  31200   2.12e+00  1.71e-01  1.09e-01  5.46e-02  4.46e-02  2.25e-02  4.71e+04  6.76e+02 -1.00e+05
2016 04 04  0845   57482  31500   3.50e+00  5.48e-01  2.54e-01  8.60e-02  5.97e-02  3.29e-02  4.66e+04  6.52e+02 -1.00e+05
2016 04 04  0850   57482  31800   3.01e+00  2.74e-01  1.30e-01  7.80e-02  6.79e-02  4.59e-02  4.83e+04  7.10e+02 -1.00e+05
2016 04 04  0855   57482  32100   1.85e+00  1.44e-01  1.12e-01  6.28e-02  5.06e-02  2.80e-02  4.96e+04  7.45e+02 -1.00e+05
2016 04 04  0900   57482  32400   1.89e+00  1.73e-01  1.41e-01  9.12e-02  5.77e-02  2.49e-02  5.00e+04  7.40e+02 -1.00e+05
2016 04 04  0905   57482  32700   2.03e+00  1.98e-01  1.66e-01  1.17e-01  1.07e-01  4.26e-02  5.11e+04  7.72e+02 -1.00e+05
2016 04 04  0910   57482  33000   3.44e+00  5.15e-01  1.98e-01  5.46e-02  4.46e-02  2.25e-02  4.99e+04  7.61e+02 -1.00e+05
2016 04 04  0915   57482  33300   3.76e+00  2.77e-01  1.07e-01  5.46e-02  4.46e-02  2.25e-02  5.06e+04  7.66e+02 -1.00e+05
2016 04 04  0920   57482  33600   1.75e+00  2.66e-01  2.34e-01  7.47e-02  5.90e-02  3.54e-02  5.15e+04  7.94e+02 -1.00e+05
2016 04 04  0925   57482  33900   1.72e+00  1.41e-01  1.09e-01  6.01e-02  5.00e-02  2.80e-02  5.10e+04  7.83e+02 -1.00e+05
2016 04 04  0930   57482  34200   1.96e+00  2.02e-01  1.70e-01  8.51e-02  5.14e-02  2.25e-02  5.20e+04  8.08e+02 -1.00e+05
2016 04 04  0935   57482  34500   1.95e+00  1.87e-01  1.54e-01  1.06e-01  9.55e-02  6.28e-02  5.38e+04  8.68e+02 -1.00e+05
2016 04 04  0940   57482  34800   2.11e+00  1.58e-01  1.26e-01  7.74e-02  6.73e-02  4.53e-02  5.70e+04  9.73e+02 -1.00e+05
2016 04 04  0945   57482  35100   2.00e+00  2.05e-01  1.73e-01  9.89e-02  8.89e-02  6.68e-02  5.90e+04  1.03e+03 -1.00e+05
2016 04 04  0950   57482  35400   4.12e+00  5.11e-01  2.44e-01  5.46e-02  4.46e-02  2.25e-02  5.99e+04  1.08e+03 -1.00e+05
2016 04 04  0955   57482  35700   2.21e+00  1.54e-01  1.22e-01  7.29e-02  5.67e-02  3.29e-02  5.99e+04  1.11e+03 -1.00e+05
2016 04 04  1000   57482  36000   4.32e+00  5.43e-01  2.44e-01  5.46e-02  4.46e-02  2.25e-02  6.16e+04  1.14e+03 -1.00e+05
2016 04 04  1005   57482  36300   2.15e+00  1.58e-01  1.26e-01  7.65e-02  6.14e-02  3.79e-02  6.34e+04  1.23e+03 -1.00e+05
2016 04 04  1010   57482  36600   2.36e+00  2.09e-01  1.77e-01  1.28e-01  1.10e-01  4.26e-02  6.53e+04  1.26e+03 -1.00e+05
2016 04 04  1015   57482  36900   2.56e+00  2.24e-01  1.92e-01  1.42e-01  9.82e-02  3.70e-02  6.53e+04  1.30e+03 -1.00e+05
2016 04 04  1020   57482  37200   2.51e+00  3.55e-01  3.23e-01  1.36e-01  8.78e-02  3.66e-02  6.62e+04  1.34e+03 -1.00e+05
2016 04 04  1025   57482  37500   2.51e+00  1.84e-01  1.52e-01  1.03e-01  7.62e-02  3.82e-02  6.78e+04  1.37e+03 -1.00e+05
2016 04 04  1030   57482  37800   2.21e+00  1.40e-01  1.08e-01  5.89e-02  4.55e-02  2.25e-02  6.79e+04  1.39e+03 -1.00e+05
2016 04 04  1035   57482  38100   3.68e+00  3.57e-01  2.56e-01  1.06e-01  9.64e-02  6.81e-02  6.90e+04  1.44e+03 -1.00e+05
2016 04 04  1040   57482  38400   2.64e+00  2.56e-01  2.24e-01  1.72e-01  9.35e-02  3.26e-02  7.12e+04  1.49e+03 -1.00e+05
2016 04 04  1045   57482  38700   2.62e+00  2.19e-01  1.87e-01  1.38e-01  1.28e-01  5.64e-02  7.13e+04  1.50e+03 -1.00e+05
2016 04 04  1050   57482  39000   2.72e+00  1.36e-01  1.04e-01  5.46e-02  4.46e-02  2.25e-02  7.13e+04  1.55e+03 -1.00e+05
2016 04 04  1055   57482  39300   2.90e+00  1.56e-01  1.24e-01  7.49e-02  6.48e-02  4.28e-02  7.13e+04  1.55e+03 -1.00e+05
2016 04 04  1100   57482  39600   2.56e+00  1.66e-01  1.34e-01  8.55e-02  7.30e-02  5.03e-02  7.13e+04  1.54e+03 -1.00e+05
2016 04 04  1105   57482  39900   2.75e+00  1.60e-01  1.28e-01  7.85e-02  4.99e-02  2.25e-02  7.13e+04  1.53e+03 -1.00e+05
2016 04 04  1110   57482  40200   2.80e+00  1.36e-01  1.04e-01  5.46e-02  4.46e-02  2.25e-02  7.13e+04  1.53e+03 -1.00e+05
2016 04 04  1115   57482  40500   2.72e+00  2.59e-01  2.27e-01  6.75e-02  5.74e-02  3.54e-02  7.13e+04  1.56e+03 -1.00e+05
2016 04 04  1120   57482  40800   2.72e+00  1.65e-01  1.33e-01  8.37e-02  7.07e-02  4.78e-02  7.13e+04  1.58e+03 -1.00e+05
2016 04 04  1125   57482  41100   2.46e+00  1.41e-01  1.09e-01  6.01e-02  5.00e-02  2.80e-02  7.11e+04  1.51e+03 -1.00e+05
2016 04 04  1130   57482  41400   4.25e+00  3.18e-01  1.49e-01  5.46e-02  4.46e-02  2.25e-02  6.73e+04  1.41e+03 -1.00e+05
2016 04 04  1135   57482  41700   2.72e+00  1.94e-01  1.62e-01  1.13e-01  1.03e-01  4.83e-02  6.33e+04  1.26e+03 -1.00e+05
2016 04 04  1140   57482  42000   2.77e+00  2.63e-01  2.31e-01  7.23e-02  4.89e-02  2.30e-02  6.61e+04  1.34e+03 -1.00e+05
2016 04 04  1145   57482  42300   4.04e+00  3.14e-01  2.06e-01  9.74e-02  8.14e-02  5.77e-02  6.05e+04  1.08e+03 -1.00e+05
2016 04 04  1150   57482  42600   5.44e+00  3.96e-01  1.68e-01  9.75e-02  6.39e-02  2.65e-02  5.90e+04  1.21e+03 -1.00e+05
2016 04 04  1155   57482  42900   2.87e+00  1.43e-01  1.11e-01  6.25e-02  5.25e-02  3.04e-02  6.51e+04  1.27e+03 -1.00e+05
2016 04 04  1200   57482  43200   3.56e+00  2.29e-01  1.18e-01  5.46e-02  4.46e-02  2.25e-02  6.27e+04  1.28e+03 -1.00e+05
2016 04 04  1205   57482  43500   4.81e+00  4.10e-01  2.51e-01  6.54e-02  4.70e-02  2.25e-02  6.42e+04  1.36e+03 -1.00e+05
2016 04 04  1210   57482  43800   4.07e+00  2.71e-01  1.61e-01  6.50e-02  5.49e-02  3.29e-02  6.53e+04  1.36e+03 -1.00e+05
2016 04 04  1215   57482  44100   3.73e+00  3.92e-01  3.30e-01  9.77e-02  5.15e-02  2.25e-02  6.59e+04  1.42e+03 -1.00e+05
2016 04 04  1220   57482  44400   3.03e+00  1.82e-01  1.50e-01  6.54e-02  4.70e-02  2.25e-02  6.76e+04  1.48e+03 -1.00e+05
2016 04 04  1225   57482  44700   2.87e+00  1.54e-01  1.22e-01  7.23e-02  4.89e-02  2.30e-02  6.81e+04  1.52e+03 -1.00e+05
2016 04 04  1230   57482  45000   2.78e+00  1.48e-01  1.16e-01  6.75e-02  5.74e-02  3.54e-02  6.79e+04  1.49e+03 -1.00e+05
2016 04 04  1235   57482  45300   3.25e+00  2.48e-01  2.16e-01  5.46e-02  4.46e-02  2.25e-02  6.90e+04  1.62e+03 -1.00e+05
2016 04 04  1240   57482  45600   2.96e+00  1.55e-01  1.23e-01  7.39e-02  6.39e-02  4.18e-02  7.13e+04  1.75e+03 -1.00e+05
2016 04 04  1245   57482  45900   4.21e+00  2.63e-01  1.53e-01  5.46e-02  4.46e-02  2.25e-02  7.13e+04  1.78e+03 -1.00e+05
2016 04 04  1250   57482  46200   3.02e+00  1.51e-01  1.19e-01  7.00e-02  5.99e-02  3.79e-02  7.15e+04  1.81e+03 -1.00e+05
2016 04 04  1255   57482  46500   3.19e+00  2.60e-01  2.28e-01  7.56e-02  6.55e-02  4.35e-02  7.52e+04  1.86e+03 -1.00e+05
2016 04 04  1300   57482  46800   3.02e+00  1.36e-01  1.04e-01  5.46e-02  4.46e-02  2.25e-02  7.52e+04  1.87e+03 -1.00e+05
2016 04 04  1305   57482  47100   2.94e+00  1.54e-01  1.22e-01  7.33e-02  6.33e-02  2.85e-02  7.45e+04  1.87e+03 -1.00e+05
2016 04 04  1310   57482  47400   5.42e+00  3.12e-01  1.25e-01  7.33e-02  6.33e-02  2.85e-02  7.46e+04  1.87e+03 -1.00e+05
2016 04 04  1315   57482  47700   3.71e+00  2.87e-01  1.79e-01  8.98e-02  7.97e-02  5.77e-02  7.29e+04  1.88e+03 -1.00e+05
2016 04 04  1320   57482  48000   2.87e+00  1.63e-01  1.31e-01  5.46e-02  4.46e-02  2.25e-02  7.53e+04  1.91e+03 -1.00e+05
2016 04 04  1325   57482  48300   5.12e+00  3.41e-01  1.48e-01  9.46e-02  5.15e-02  2.25e-02  7.53e+04  1.95e+03 -1.00e+05
2016 04 04  1330   57482  48600   4.09e+00  3.44e-01  2.14e-01  1.47e-01  1.07e-01  5.18e-02  7.53e+04  2.01e+03 -1.00e+05
2016 04 04  1335   57482  48900   2.67e+00  1.36e-01  1.04e-01  5.46e-02  4.46e-02  2.25e-02  7.53e+04  2.05e+03 -1.00e+05
2016 04 04  1340   57482  49200   4.30e+00  6.20e-01  4.40e-01  2.01e-01  1.25e-01  4.06e-02  7.53e+04  1.99e+03 -1.00e+05
2016 04 04  1345   57482  49500   2.84e+00  2.00e-01  1.68e-01  1.17e-01  6.93e-02  4.04e-02  7.53e+04  2.03e+03 -1.00e+05
2016 04 04  1350   57482  49800   2.79e+00  1.77e-01  1.45e-01  9.46e-02  5.15e-02  2.25e-02  7.89e+04  2.13e+03 -1.00e+05
2016 04 04  1355   57482  50100   4.19e+00  2.56e-01  1.45e-01  5.46e-02  4.46e-02  2.25e-02  7.93e+04  2.24e+03 -1.00e+05
2016 04 04  1400   57482  50400   4.69e+00  2.68e-01  1.57e-01  5.89e-02  4.55e-02  2.25e-02  8.12e+04  2.36e+03 -1.00e+05
2016 04 04  1405   57482  50700   5.74e+00  4.48e-01  2.21e-01  1.05e-01  9.46e-02  3.86e-02  8.59e+04  2.54e+03 -1.00e+05
2016 04 04  1410   57482  51000   3.67e+00  1.75e-01  1.43e-01  6.01e-02  5.00e-02  2.80e-02  8.79e+04  2.77e+03 -1.00e+05
2016 04 04  1415   57482  51300   3.92e+00  1.73e-01  1.41e-01  9.21e-02  8.21e-02  3.46e-02  9.28e+04  2.98e+03 -1.00e+05
2016 04 04  1420   57482  51600   6.99e+00  2.90e-01  1.31e-01  5.89e-02  4.55e-02  2.25e-02  9.32e+04  3.07e+03 -1.00e+05
2016 04 04  1425   57482  51900   7.12e+00  3.99e-01  2.39e-01  5.46e-02  4.46e-02  2.25e-02  9.37e+04  3.19e+03 -1.00e+05
2016 04 04  1430   57482  52200   4.20e+00  1.36e-01  1.04e-01  5.46e-02  4.46e-02  2.25e-02  9.52e+04  3.26e+03 -1.00e+05
2016 04 04  1435   57482  52500   6.70e+00  4.17e-01  2.57e-01  7.20e-02  4.85e-02  2.25e-02  9.86e+04  3.39e+03 -1.00e+05
2016 04 04  1440   57482  52800   4.40e+00  2.07e-01  1.75e-01  1.24e-01  8.17e-02  5.27e-02  9.86e+04  3.36e+03 -1.00e+05
2016 04 04  1445   57482  53100   4.23e+00  2.09e-01  1.77e-01  1.27e-01  9.20e-02  6.26e-02  9.86e+04  3.32e+03 -1.00e+05
2016 04 04  1450   57482  53400   3.93e+00  1.61e-01  1.29e-01  8.01e-02  6.60e-02  4.28e-02  9.82e+04  3.28e+03 -1.00e+05
2016 04 04  1455   57482  53700   7.79e+00  3.20e-01  1.27e-01  7.47e-02  5.90e-02  3.54e-02  9.86e+04  3.37e+03 -1.00e+05
2016 04 04  1500   57482  54000   4.20e+00  2.68e-01  2.35e-01  1.26e-01  1.16e-01  7.60e-02  9.86e+04  3.43e+03 -1.00e+05
2016 04 04  1505   57482  54300   9.80e+00  6.34e-01  1.75e-01  5.46e-02  4.46e-02  2.25e-02  9.86e+04  3.61e+03 -1.00e+05
2016 04 04  1510   57482  54600   4.45e+00  2.66e-01  2.34e-01  9.01e-02  8.01e-02  5.51e-02  9.92e+04  3.70e+03 -1.00e+05
2016 04 04  1515   57482  54900   8.59e+00  3.34e-01  1.25e-01  7.33e-02  6.33e-02  2.85e-02  1.03e+05  3.78e+03 -1.00e+05
2016 04 04  1520   57482  55200   4.17e+00  1.40e-01  1.08e-01  5.89e-02  4.55e-02  2.25e-02  1.04e+05  3.90e+03 -1.00e+05
2016 04 04  1525   57482  55500   6.49e+00  3.15e-01  1.68e-01  9.79e-02  8.78e-02  5.69e-02  1.04e+05  4.06e+03 -1.00e+05
2016 04 04  1530   57482  55800   8.28e+00  2.88e-01  1.26e-01  7.33e-02  6.33e-02  2.85e-02  1.04e+05  4.09e+03 -1.00e+05
2016 04 04  1535   57482  56100   6.75e+00  2.29e-01  1.18e-01  5.46e-02  4.46e-02  2.25e-02  1.04e+05  4.15e+03 -1.00e+05
2016 04 04  1540   57482  56400   7.83e+00  3.13e-01  1.54e-01  5.46e-02  4.46e-02  2.25e-02  1.04e+05  4.26e+03 -1.00e+05
2016 04 04  1545   57482  56700   5.64e+00  2.23e-01  1.61e-01  1.05e-01  5.58e-02  2.25e-02  1.04e+05  4.25e+03 -1.00e+05
2016 04 04  1550   57482  57000   5.06e+00  1.70e-01  1.38e-01  5.46e-02  4.46e-02  2.25e-02  1.04e+05  4.32e+03 -1.00e+05
2016 04 04  1555   57482  57300   4.90e+00  2.08e-01  1.76e-01  9.68e-02  7.36e-02  4.78e-02  1.08e+05  4.49e+03 -1.00e+05
2016 04 04  1600   57482  57600   5.18e+00  1.36e-01  1.04e-01  5.51e-02  4.50e-02  2.30e-02  1.09e+05  4.54e+03 -1.00e+05
2016 04 04  1605   57482  57900   5.66e+00  1.79e-01  1.47e-01  9.84e-02  8.83e-02  3.66e-02  1.09e+05  4.60e+03 -1.00e+05
2016 04 04  1610   57482  58200   1.11e+01  3.44e-01  1.06e-01  5.46e-02  4.46e-02  2.25e-02  1.09e+05  4.72e+03 -1.00e+05
2016 04 04  1615   57482  58500   5.80e+00  1.83e-01  1.51e-01  1.02e-01  9.00e-02  4.06e-02  1.09e+05  4.86e+03 -1.00e+05
2016 04 04  1620   57482  58800   9.32e+00  3.15e-01  1.59e-01  8.80e-02  7.80e-02  5.60e-02  1.10e+05  5.04e+03 -1.00e+05
2016 04 04  1625   57482  59100   6.53e+00  1.80e-01  1.48e-01  9.82e-02  5.44e-02  2.25e-02  1.12e+05  5.10e+03 -1.00e+05
2016 04 04  1630   57482  59400   6.37e+00  1.86e-01  1.54e-01  1.05e-01  9.46e-02  3.86e-02  1.14e+05  5.16e+03 -1.00e+05
2016 04 04  1635   57482  59700   1.37e+01  3.76e-01  1.62e-01  1.10e-01  9.77e-02  7.50e-02  1.12e+05  5.16e+03 -1.00e+05
2016 04 04  1640   57482  60000   7.18e+00  2.03e-01  1.71e-01  8.48e-02  7.48e-02  5.27e-02  1.15e+05  5.30e+03 -1.00e+05
2016 04 04  1645   57482  60300   8.38e+00  1.78e-01  1.17e-01  6.25e-02  5.25e-02  3.04e-02  1.15e+05  5.40e+03 -1.00e+05
2016 04 04  1650   57482  60600   7.24e+00  1.63e-01  1.31e-01  8.19e-02  6.83e-02  4.53e-02  1.15e+05  5.45e+03 -1.00e+05
2016 04 04  1655   57482  60900   7.22e+00  1.60e-01  1.28e-01  7.85e-02  4.99e-02  2.25e-02  1.15e+05  5.38e+03 -1.00e+05
2016 04 04  1700   57482  61200   7.10e+00  2.01e-01  1.69e-01  6.54e-02  4.70e-02  2.25e-02  1.15e+05  5.41e+03 -1.00e+05
2016 04 04  1705   57482  61500   7.30e+00  1.83e-01  1.51e-01  1.02e-01  9.21e-02  7.01e-02  1.15e+05  5.47e+03 -1.00e+05
2016 04 04  1710   57482  61800   8.31e+00  1.36e-01  1.04e-01  5.46e-02  4.46e-02  2.25e-02  1.15e+05  5.67e+03 -1.00e+05
2016 04 04  1715   57482  62100   9.23e+00  1.46e-01  1.14e-01  6.50e-02  5.49e-02  3.29e-02  1.15e+05  5.82e+03 -1.00e+05
2016 04 04  1720   57482  62400   9.12e+00  1.50e-01  1.18e-01  6.90e-02  5.90e-02  3.42e-02  1.15e+05  5.78e+03 -1.00e+05
2016 04 04  1725   57482  62700   1.51e+01  3.16e-01  1.59e-01  8.73e-02  7.72e-02  5.52e-02  1.17e+05  6.05e+03 -1.00e+05
2016 04 04  1730   57482  63000   1.04e+01  1.81e-01  1.23e-01  6.90e-02  5.90e-02  3.42e-02  1.18e+05  6.05e+03 -1.00e+05
2016 04 04  1735   57482  63300   9.68e+00  1.36e-01  1.04e-01  5.46e-02  4.46e-02  2.25e-02  1.19e+05  6.09e+03 -1.00e+05
2016 04 04  1740   57482  63600   1.49e+01  2.63e-01  1.53e-01  5.46e-02  4.46e-02  2.25e-02  1.20e+05  6.35e+03 -1.00e+05
2016 04 04  1745   57482  63900   1.03e+01  1.39e-01  1.06e-01  5.76e-02  4.75e-02  2.55e-02  1.20e+05  6.44e+03 -1.00e+05
2016 04 04  1750   57482  64200   2.03e+01  3.22e-01  1.07e-01  5.46e-02  4.46e-02  2.25e-02  1.20e+05  6.47e+03 -1.00e+05
2016 04 04  1755   57482  64500   1.29e+01  2.23e-01  1.61e-01  1.05e-01  5.63e-02  2.30e-02  1.20e+05  6.63e+03 -1.00e+05
2016 04 04  1800   57482  64800   1.07e+01  1.70e-01  1.38e-01  5.46e-02  4.46e-02  2.25e-02  1.20e+05  6.68e+03 -1.00e+05
2016 04 04  1805   57482  65100   1.14e+01  1.68e-01  1.36e-01  8.73e-02  7.72e-02  5.52e-02  1.25e+05  6.90e+03 -1.00e+05
2016 04 04  1810   57482  65400   1.23e+01  2.18e-01  1.86e-01  1.36e-01  1.04e-01  7.50e-02  1.25e+05  7.08e+03 -1.00e+05
2016 04 04  1815   57482  65700   1.19e+01  1.36e-01  1.04e-01  5.46e-02  4.46e-02  2.25e-02  1.25e+05  7.27e+03 -1.00e+05
2016 04 04  1820   57482  66000   1.92e+01  2.29e-01  1.18e-01  5.46e-02  4.46e-02  2.25e-02  1.25e+05  7.67e+03 -1.00e+05
2016 04 04  1825   57482  66300   1.36e+01  2.87e-01  2.55e-01  9.75e-02  6.39e-02  2.65e-02  1.27e+05  7.64e+03 -1.00e+05
2016 04 04  1830   57482  66600   1.88e+01  2.57e-01  1.59e-01  9.79e-02  8.78e-02  5.69e-02  1.28e+05  7.77e+03 -1.00e+05
2016 04 04  1835   57482  66900   1.38e+01  1.61e-01  1.29e-01  7.99e-02  6.98e-02  4.78e-02  1.29e+05  7.81e+03 -1.00e+05
2016 04 04  1840   57482  67200   1.48e+01  1.74e-01  1.42e-01  9.20e-02  5.33e-02  2.30e-02  1.31e+05  8.13e+03 -1.00e+05
2016 04 04  1845   57482  67500   2.47e+01  3.21e-01  1.61e-01  5.46e-02  4.46e-02  2.25e-02  1.31e+05  8.33e+03 -1.00e+05
2016 04 04  1850   57482  67800   1.82e+01  1.71e-01  1.09e-01  5.46e-02  4.46e-02  2.25e-02  1.31e+05  8.36e+03 -1.00e+05
2016 04 04  1855   57482  68100   1.68e+01  1.66e-01  1.34e-01  8.48e-02  7.48e-02  5.27e-02  1.35e+05  8.78e+03 -1.00e+05
2016 04 04  1900   57482  68400   3.07e+01  3.51e-01  1.55e-01  6.25e-02  5.25e-02  3.04e-02  1.36e+05  8.80e+03 -1.00e+05
2016 04 04  1905   57482  68700   1.69e+01  1.58e-01  1.26e-01  7.74e-02  6.73e-02  4.53e-02  1.36e+05  8.93e+03 -1.00e+05
2016 04 04  1910   57482  69000   3.43e+01  3.56e-01  1.49e-01  9.70e-02  7.34e-02  3.06e-02  1.36e+05  9.22e+03 -1.00e+05
2016 04 04  1915   57482  69300   1.78e+01  1.36e-01  1.04e-01  5.46e-02  4.46e-02  2.25e-02  1.36e+05  9.33e+03 -1.00e+05
2016 04 04  1920   57482  69600   1.83e+01  1.79e-01  1.47e-01  9.84e-02  8.83e-02  3.66e-02  1.36e+05  9.44e+03 -1.00e+05
2016 04 04  1925   57482  69900   1.84e+01  1.72e-01  1.40e-01  9.07e-02  6.72e-02  2.85e-02  1.36e+05  9.52e+03 -1.00e+05
2016 04 04  1930   57482  70200   1.89e+01  2.18e-01  1.86e-01  1.35e-01  8.81e-02  3.84e-02  1.39e+05  9.71e+03 -1.00e+05
2016 04 04  1935   57482  70500   1.82e+01  1.36e-01  1.04e-01  5.46e-02  4.46e-02  2.25e-02  1.37e+05  9.60e+03 -1.00e+05
2016 04 04  1940   57482  70800   1.84e+01  1.68e-01  1.36e-01  8.66e-02  6.75e-02  4.28e-02  1.37e+05  9.71e+03 -1.00e+05
2016 04 04  1945   57482  71100   1.83e+01  1.36e-01  1.04e-01  5.46e-02  4.46e-02  2.25e-02  1.37e+05  9.67e+03 -1.00e+05
2016 04 04  1950   57482  71400   1.69e+01  1.66e-01  1.34e-01  8.53e-02  7.52e-02  2.29e-02  1.36e+05  9.32e+03 -1.00e+05
2016 04 04  1955   57482  71700   1.56e+01  2.43e-01  2.11e-01  1.61e-01  1.22e-01  4.47e-02  1.34e+05  8.75e+03 -1.00e+05
2016 04 04  2000   57482  72000   2.42e+01  2.69e-01  1.25e-01  7.24e-02  6.24e-02  4.04e-02  1.31e+05  8.39e+03 -1.00e+05
2016 04 04  2005   57482  72300   1.78e+01  2.13e-01  1.53e-01  9.92e-02  8.37e-02  6.02e-02  1.35e+05  8.68e+03 -1.00e+05
2016 04 04  2010   57482  72600   1.50e+01  1.87e-01  1.55e-01  1.05e-01  5.58e-02  2.25e-02  1.32e+05  8.44e+03 -1.00e+05
2016 04 04  2015   57482  72900   1.97e+01  2.29e-01  1.18e-01  5.46e-02  4.46e-02  2.25e-02  1.31e+05  8.24e+03 -1.00e+05
2016 04 04  2020   57482  73200   1.33e+01  1.73e-01  1.41e-01  9.23e-02  8.22e-02  6.02e-02  1.31e+05  8.19e+03 -1.00e+05
2016 04 04  2025   57482  73500   2.38e+01  2.52e-01  1.07e-01  5.46e-02  4.46e-02  2.25e-02  1.31e+05  8.32e+03 -1.00e+05
2016 04 04  2030   57482  73800   1.41e+01  2.13e-01  1.81e-01  1.11e-01  1.01e-01  4.06e-02  1.31e+05  8.36e+03 -1.00e+05
2016 04 04  2035   57482  74100   1.47e+01  1.55e-01  1.23e-01  7.39e-02  6.39e-02  4.18e-02  1.31e+05  8.36e+03 -1.00e+05
2016 04 04  2040   57482  74400   2.38e+01  2.52e-01  1.07e-01  5.46e-02  4.46e-02  2.25e-02  1.31e+05  8.18e+03 -1.00e+05
2016 04 04  2045   57482  74700   1.23e+01  2.10e-01  1.78e-01  9.29e-02  5.15e-02  2.25e-02  1.31e+05  7.84e+03 -1.00e+05
2016 04 04  2050   57482  75000   1.84e+01  3.28e-01  1.83e-01  1.13e-01  1.03e-01  7.20e-02  1.27e+05  7.50e+03 -1.00e+05
2016 04 04  2055   57482  75300   1.14e+01  1.70e-01  1.38e-01  5.46e-02  4.46e-02  2.25e-02  1.25e+05  7.24e+03 -1.00e+05
2016 04 04  2100   57482  75600   1.08e+01  2.04e-01  1.72e-01  9.72e-02  8.71e-02  6.51e-02  1.25e+05  7.12e+03 -1.00e+05
2016 04 04  2105   57482  75900   1.11e+01  1.53e-01  1.21e-01  7.20e-02  4.85e-02  2.25e-02  1.25e+05  7.12e+03 -1.00e+05
2016 04 04  2110   57482  76200   1.75e+01  4.65e-01  2.71e-01  9.71e-02  8.70e-02  6.50e-02  1.25e+05  7.06e+03 -1.00e+05
2016 04 04  2115   57482  76500   1.53e+01  2.95e-01  1.87e-01  1.25e-01  1.14e-01  4.87e-02  1.25e+05  7.15e+03 -1.00e+05
2016 04 04  2120   57482  76800   1.94e+01  3.15e-01  1.45e-01  9.16e-02  5.29e-02  2.25e-02  1.25e+05  7.09e+03 -1.00e+05
2016 04 04  2125   57482  77100   1.52e+01  3.41e-01  2.31e-01  5.46e-02  4.46e-02  2.25e-02  1.25e+05  7.09e+03 -1.00e+05
2016 04 04  2130   57482  77400   1.09e+01  1.82e-01  1.50e-01  6.54e-02  4.70e-02  2.25e-02  1.25e+05  6.99e+03 -1.00e+05
2016 04 04  2135   57482  77700   1.08e+01  1.86e-01  1.54e-01  1.03e-01  5.15e-02  2.25e-02  1.25e+05  6.98e+03 -1.00e+05
2016 04 04  2140   57482  78000   1.11e+01  1.86e-01  1.54e-01  1.05e-01  9.46e-02  7.26e-02  1.25e+05  7.13e+03 -1.00e+05
2016 04 04  2145   57482  78300   1.13e+01  1.98e-01  1.66e-01  1.17e-01  1.07e-01  4.26e-02  1.25e+05  7.02e+03 -1.00e+05
2016 04 04  2150   57482  78600   1.08e+01  1.36e-01  1.04e-01  5.46e-02  4.46e-02  2.25e-02  1.25e+05  6.99e+03 -1.00e+05
2016 04 04  2155   57482  78900   1.11e+01  1.68e-01  1.36e-01  8.73e-02  7.72e-02  5.52e-02  1.25e+05  6.89e+03 -1.00e+05
2016 04 04  2200   57482  79200   1.72e+01  3.49e-01  2.05e-01  1.36e-01  1.26e-01  4.90e-02  1.24e+05  6.89e+03 -1.00e+05
2016 04 04  2205   57482  79500   1.15e+01  1.46e-01  1.14e-01  6.50e-02  5.49e-02  3.29e-02  1.25e+05  6.92e+03 -1.00e+05
2016 04 04  2210   57482  79800   1.12e+01  1.81e-01  1.49e-01  6.75e-02  5.74e-02  3.54e-02  1.25e+05  6.89e+03 -1.00e+05
2016 04 04  2215   57482  80100   1.84e+01  3.43e-01  1.74e-01  7.85e-02  4.99e-02  2.25e-02  1.25e+05  6.92e+03 -1.00e+05
2016 04 04  2220   57482  80400   1.48e+01  2.74e-01  1.85e-01  1.26e-01  1.16e-01  7.78e-02  1.25e+05  6.96e+03 -1.00e+05
2016 04 04  2225   57482  80700   1.10e+01  2.33e-01  2.01e-01  7.24e-02  6.24e-02  4.04e-02  1.25e+05  7.02e+03 -1.00e+05
2016 04 04  2230   57482  81000   1.36e+01  2.84e-01  2.22e-01  5.46e-02  4.46e-02  2.25e-02  1.25e+05  7.01e+03 -1.00e+05
2016 04 04  2235   57482  81300   1.14e+01  1.36e-01  1.04e-01  5.46e-02  4.46e-02  2.25e-02  1.25e+05  6.99e+03 -1.00e+05
2016 04 04  2240   57482  81600   1.54e+01  2.77e-01  1.67e-01  1.02e-01  5.94e-02  3.04e-02  1.25e+05  7.01e+03 -1.00e+05
2016 04 04  2245   57482  81900   1.06e+01  1.76e-01  1.44e-01  9.44e-02  6.35e-02  3.54e-02  1.24e+05  6.86e+03 -1.00e+05
2016 04 04  2250   57482  82200   9.69e+00  1.36e-01  1.04e-01  5.46e-02  4.46e-02  2.25e-02  1.20e+05  6.57e+03 -1.00e+05
2016 04 04  2255   57482  82500   1.27e+01  2.92e-01  2.07e-01  1.49e-01  1.39e-01  5.27e-02  1.20e+05  6.53e+03 -1.00e+05
2016 04 04  2300   57482  82800   9.79e+00  1.36e-01  1.04e-01  5.51e-02  4.50e-02  2.30e-02  1.20e+05  6.54e+03 -1.00e+05
2016 04 04  2305   57482  83100   1.38e+01  2.68e-01  1.61e-01  9.87e-02  8.86e-02  6.66e-02  1.20e+05  6.40e+03 -1.00e+05
2016 04 04  2310   57482  83400   9.54e+00  1.36e-01  1.04e-01  5.46e-02  4.46e-02  2.25e-02  1.20e+05  6.37e+03 -1.00e+05
2016 04 04  2315   57482  83700   9.36e+00  1.94e-01  1.61e-01  1.15e-01  1.04e-01  5.03e-02  1.20e+05  6.30e+03 -1.00e+05
2016 04 04  2320   57482  84000   1.49e+01  4.15e-01  2.67e-01  6.27e-02  5.24e-02  3.03e-02  1.20e+05  6.25e+03 -1.00e+05
2016 04 04  2325   57482  84300   9.69e+00  1.96e-01  1.63e-01  1.17e-01  1.07e-01  5.95e-02  1.20e+05  6.20e+03 -1.00e+05
2016 04 04  2330   57482  84600   9.14e+00  2.72e-01  2.39e-01  1.41e-01  1.01e-01  6.99e-02  1.18e+05  6.07e+03 -1.00e+05
2016 04 04  2335   57482  84900   9.92e+00  1.61e-01  1.10e-01  6.03e-02  4.99e-02  2.78e-02  1.15e+05  5.96e+03 -1.00e+05
2016 04 04  2340   57482  85200   1.32e+01  3.04e-01  1.55e-01  8.68e-02  5.17e-02  2.24e-02  1.15e+05  5.78e+03 -1.00e+05
2016 04 04  2345   57482  85500   8.44e+00  2.48e-01  2.15e-01  1.06e-01  5.61e-02  2.24e-02  1.15e+05  5.68e+03 -1.00e+05
2016 04 04  2350   57482  85800   8.13e+00  1.84e-01  1.51e-01  1.05e-01  9.45e-02  7.24e-02  1.15e+05  5.58e+03 -1.00e+05
2016 04 04  2355   57482  86100   7.87e+00  2.73e-01  2.40e-01  5.49e-02  4.45e-02  2.24e-02  1.15e+05  5.50e+03 -1.00e+05
