:Data_list: 20160407_Gp_part_5m.txt
:Created: 2016 Apr 08 0011 UTC
# Prepared by the U.S. Dept. of Commerce, NOAA, Space Weather Prediction Center
# Please send comments and suggestions to SWPC.Webmaster@noaa.gov 
# 
# Label: P > 1 = Particles at >1 Mev
# Label: P > 5 = Particles at >5 Mev
# Label: P >10 = Particles at >10 Mev
# Label: P >30 = Particles at >30 Mev
# Label: P >50 = Particles at >50 Mev
# Label: P>100 = Particles at >100 Mev
# Label: E>0.8 = Electrons at >0.8 Mev
# Label: E>2.0 = Electrons at >2.0 Mev
# Label: E>4.0 = Electrons at >4.0 Mev
# Units: Particles = Protons/cm2-s-sr
# Units: Electrons = Electrons/cm2-s-sr
# Source: GOES-13
# Location: W075
# Missing data: -1.00e+05
#
#                      5-minute  GOES-13 Solar Particle and Electron Flux
#
#                 Modified Seconds
# UTC Date  Time   Julian  of the
# YR MO DA  HHMM    Day     Day     P > 1     P > 5     P >10     P >30     P >50     P>100     E>0.8     E>2.0     E>4.0
#-------------------------------------------------------------------------------------------------------------------------
2016 04 07  0000   57485      0   5.60e-01  2.14e-01  1.34e-01  8.52e-02  7.40e-02  3.32e-02  1.01e+04  1.32e+02 -1.00e+05
2016 04 07  0005   57485    300   2.32e-01  2.03e-01  1.75e-01  1.35e-01  1.24e-01  4.93e-02  9.50e+03  1.22e+02 -1.00e+05
2016 04 07  0010   57485    600   2.97e-01  2.63e-01  2.14e-01  1.13e-01  1.01e-01  7.86e-02  8.30e+03  9.61e+01 -1.00e+05
2016 04 07  0015   57485    900   2.82e-01  1.51e-01  1.22e-01  8.29e-02  7.16e-02  4.89e-02  5.61e+03  6.33e+01 -1.00e+05
2016 04 07  0020   57485   1200   3.40e-01  2.69e-01  2.40e-01  1.46e-01  1.26e-01  4.93e-02  3.98e+03  2.89e+01 -1.00e+05
2016 04 07  0025   57485   1500   3.45e-01  1.78e-01  1.50e-01  7.57e-02  5.13e-02  2.47e-02  3.95e+03  2.57e+01 -1.00e+05
2016 04 07  0030   57485   1800   3.30e-01  1.77e-01  1.48e-01  5.87e-02  4.74e-02  2.47e-02  4.17e+03  3.42e+01 -1.00e+05
2016 04 07  0035   57485   2100   2.07e-01  1.78e-01  1.50e-01  1.10e-01  9.90e-02  4.13e-02  4.05e+03  3.50e+01 -1.00e+05
2016 04 07  0040   57485   2400   1.55e-01  1.27e-01  9.83e-02  5.87e-02  4.74e-02  2.47e-02  3.50e+03  2.88e+01 -1.00e+05
2016 04 07  0045   57485   2700   2.16e-01  1.88e-01  1.60e-01  1.20e-01  1.09e-01  8.61e-02  2.87e+03  2.24e+01 -1.00e+05
2016 04 07  0050   57485   3000   2.58e-01  1.27e-01  9.83e-02  5.87e-02  4.74e-02  2.47e-02  3.20e+03  2.54e+01 -1.00e+05
2016 04 07  0055   57485   3300   6.33e-01  2.64e-01  1.66e-01  1.14e-01  9.40e-02  6.87e-02  4.54e+03  4.14e+01 -1.00e+05
2016 04 07  0100   57485   3600   6.01e-01  2.63e-01  1.52e-01  1.10e-01  9.90e-02  4.13e-02  4.77e+03  4.74e+01 -1.00e+05
2016 04 07  0105   57485   3900   3.00e-01  1.77e-01  1.48e-01  5.87e-02  4.74e-02  2.47e-02  5.07e+03  4.50e+01 -1.00e+05
2016 04 07  0110   57485   4200   4.34e-01  1.99e-01  1.70e-01  9.53e-02  5.57e-02  2.47e-02  4.45e+03  3.51e+01 -1.00e+05
2016 04 07  0115   57485   4500   5.75e-01  2.79e-01  2.50e-01  8.88e-02  5.42e-02  2.47e-02  4.39e+03  3.54e+01 -1.00e+05
2016 04 07  0120   57485   4800   6.56e-01  2.12e-01  1.18e-01  6.64e-02  5.51e-02  2.72e-02  2.75e+03  2.23e+01 -1.00e+05
2016 04 07  0125   57485   5100   9.15e-01  1.49e-01  1.21e-01  8.12e-02  6.99e-02  4.00e-02  2.64e+03  1.76e+01 -1.00e+05
2016 04 07  0130   57485   5400   7.20e-01  1.27e-01  9.83e-02  5.87e-02  4.74e-02  2.47e-02  3.63e+03  3.10e+01 -1.00e+05
2016 04 07  0135   57485   5700   6.03e-01  1.82e-01  1.54e-01  1.14e-01  9.40e-02  6.87e-02  4.28e+03  4.02e+01 -1.00e+05
2016 04 07  0140   57485   6000   8.59e-01  2.70e-01  1.69e-01  1.15e-01  6.01e-02  2.47e-02  5.19e+03  5.34e+01 -1.00e+05
2016 04 07  0145   57485   6300   6.10e-01  1.27e-01  9.83e-02  5.87e-02  4.74e-02  2.47e-02  5.93e+03  7.13e+01 -1.00e+05
2016 04 07  0150   57485   6600   6.02e-01  2.62e-01  2.33e-01  8.78e-02  7.66e-02  5.39e-02  5.35e+03  5.46e+01 -1.00e+05
2016 04 07  0155   57485   6900   9.12e-01  2.99e-01  1.71e-01  1.29e-01  1.18e-01  4.73e-02  5.57e+03  5.70e+01 -1.00e+05
2016 04 07  0200   57485   7200   8.67e-01  3.31e-01  3.03e-01  1.71e-01  1.56e-01  5.94e-02  5.70e+03  5.57e+01 -1.00e+05
2016 04 07  0205   57485   7500   9.64e-01  2.07e-01  1.00e-01  5.87e-02  4.74e-02  2.47e-02  5.31e+03  5.15e+01 -1.00e+05
2016 04 07  0210   57485   7800   7.11e-01  2.84e-01  2.33e-01  8.29e-02  7.16e-02  4.89e-02  5.95e+03  6.35e+01 -1.00e+05
2016 04 07  0215   57485   8100   5.51e-01  1.28e-01  9.97e-02  6.01e-02  4.89e-02  2.52e-02  6.18e+03  6.56e+01 -1.00e+05
2016 04 07  0220   57485   8400   6.47e-01  2.30e-01  2.02e-01  1.60e-01  1.05e-01  3.93e-02  5.67e+03  5.83e+01 -1.00e+05
2016 04 07  0225   57485   8700   5.77e-01  2.39e-01  2.10e-01  5.87e-02  4.74e-02  2.47e-02  5.79e+03  6.26e+01 -1.00e+05
2016 04 07  0230   57485   9000   5.28e-01  1.51e-01  1.23e-01  8.22e-02  5.27e-02  2.47e-02  5.40e+03  5.20e+01 -1.00e+05
2016 04 07  0235   57485   9300   1.02e+00  2.73e-01  1.46e-01  6.26e-02  4.83e-02  2.47e-02  6.22e+03  7.60e+01 -1.00e+05
2016 04 07  0240   57485   9600   5.32e-01  1.54e-01  1.02e-01  5.87e-02  4.74e-02  2.47e-02  6.05e+03  6.45e+01 -1.00e+05
2016 04 07  0245   57485   9900   4.06e-01  2.35e-01  2.06e-01  1.67e-01  1.55e-01  5.94e-02  4.90e+03  5.13e+01 -1.00e+05
2016 04 07  0250   57485  10200   7.63e-01  2.23e-01  1.22e-01  6.91e-02  4.98e-02  2.47e-02  4.88e+03  5.04e+01 -1.00e+05
2016 04 07  0255   57485  10500   4.87e-01  1.68e-01  1.39e-01  9.81e-02  5.42e-02  2.47e-02  4.48e+03  4.89e+01 -1.00e+05
2016 04 07  0300   57485  10800   9.19e-01  3.08e-01  1.70e-01  1.09e-01  6.97e-02  2.92e-02  4.63e+03  4.61e+01 -1.00e+05
2016 04 07  0305   57485  11100   1.34e+00  3.50e-01  1.32e-01  9.02e-02  7.71e-02  5.39e-02  4.41e+03  4.98e+01 -1.00e+05
2016 04 07  0310   57485  11400   9.28e-01  2.07e-01  1.00e-01  5.87e-02  4.74e-02  2.47e-02  4.30e+03  5.24e+01 -1.00e+05
2016 04 07  0315   57485  11700   8.62e-01  2.52e-01  1.52e-01  9.85e-02  5.98e-02  2.91e-02  3.92e+03  4.48e+01 -1.00e+05
2016 04 07  0320   57485  12000   7.59e-01  2.28e-01  1.60e-01  1.13e-01  1.02e-01  5.19e-02  3.96e+03  4.30e+01 -1.00e+05
2016 04 07  0325   57485  12300   6.89e-01  1.74e-01  1.45e-01  7.54e-02  6.42e-02  4.15e-02  3.81e+03  4.49e+01 -1.00e+05
2016 04 07  0330   57485  12600   6.69e-01  2.16e-01  1.15e-01  6.26e-02  4.83e-02  2.47e-02  3.76e+03  4.46e+01 -1.00e+05
2016 04 07  0335   57485  12900   5.71e-01  1.41e-01  1.12e-01  7.26e-02  6.14e-02  2.92e-02  4.05e+03  4.68e+01 -1.00e+05
2016 04 07  0340   57485  13200   6.93e-01  2.39e-01  2.10e-01  5.87e-02  4.74e-02  2.47e-02  3.75e+03  5.06e+01 -1.00e+05
2016 04 07  0345   57485  13500   6.53e-01  1.44e-01  1.16e-01  7.57e-02  5.13e-02  2.47e-02  3.44e+03  4.11e+01 -1.00e+05
2016 04 07  0350   57485  13800   7.38e-01  1.84e-01  1.55e-01  7.79e-02  6.67e-02  4.40e-02  3.52e+03  4.08e+01 -1.00e+05
2016 04 07  0355   57485  14100   8.23e-01  1.97e-01  1.69e-01  1.05e-01  9.39e-02  7.12e-02  3.53e+03  3.73e+01 -1.00e+05
2016 04 07  0400   57485  14400   6.08e-01  1.58e-01  1.30e-01  9.03e-02  7.91e-02  5.63e-02  3.40e+03  3.87e+01 -1.00e+05
2016 04 07  0405   57485  14700   4.60e-01  1.39e-01  1.10e-01  7.05e-02  5.93e-02  3.65e-02  3.36e+03  3.45e+01 -1.00e+05
2016 04 07  0410   57485  15000   1.04e+00  2.12e-01  1.11e-01  5.87e-02  4.74e-02  2.47e-02  3.22e+03  3.57e+01 -1.00e+05
2016 04 07  0415   57485  15300   1.21e+00  3.70e-01  2.10e-01  8.52e-02  7.40e-02  3.32e-02  3.18e+03  3.06e+01 -1.00e+05
2016 04 07  0420   57485  15600   6.72e-01  1.41e-01  1.12e-01  7.26e-02  6.14e-02  2.92e-02  3.21e+03  3.44e+01 -1.00e+05
2016 04 07  0425   57485  15900   5.05e-01  1.92e-01  1.63e-01  8.88e-02  5.42e-02  2.47e-02  3.49e+03  3.99e+01 -1.00e+05
2016 04 07  0430   57485  16200   7.93e-01  2.46e-01  1.45e-01  5.87e-02  4.74e-02  2.47e-02  3.74e+03  4.52e+01 -1.00e+05
2016 04 07  0435   57485  16500   6.05e-01  1.27e-01  9.83e-02  5.87e-02  4.74e-02  2.47e-02  3.78e+03  4.48e+01 -1.00e+05
2016 04 07  0440   57485  16800   5.14e-01  1.58e-01  1.29e-01  8.88e-02  5.42e-02  2.47e-02  3.66e+03  3.86e+01 -1.00e+05
2016 04 07  0445   57485  17100   5.83e-01  1.27e-01  9.83e-02  5.87e-02  4.74e-02  2.47e-02  3.81e+03  4.39e+01 -1.00e+05
2016 04 07  0450   57485  17400   5.76e-01  1.27e-01  9.83e-02  5.87e-02  4.74e-02  2.47e-02  3.95e+03  4.56e+01 -1.00e+05
2016 04 07  0455   57485  17700   5.89e-01  1.74e-01  1.45e-01  1.06e-01  9.02e-02  6.63e-02  3.92e+03  4.45e+01 -1.00e+05
2016 04 07  0500   57485  18000   8.10e-01  1.54e-01  1.02e-01  5.87e-02  4.74e-02  2.47e-02  3.83e+03  4.68e+01 -1.00e+05
2016 04 07  0505   57485  18300   5.47e-01  1.81e-01  1.53e-01  1.13e-01  9.72e-02  5.17e-02  3.72e+03  4.21e+01 -1.00e+05
2016 04 07  0510   57485  18600   8.13e-01  1.92e-01  1.63e-01  8.88e-02  5.42e-02  2.47e-02  3.56e+03  4.52e+01 -1.00e+05
2016 04 07  0515   57485  18900   6.65e-01  1.91e-01  1.62e-01  1.23e-01  1.12e-01  4.53e-02  3.30e+03  3.63e+01 -1.00e+05
2016 04 07  0520   57485  19200   1.21e+00  3.32e-01  2.34e-01  8.04e-02  6.92e-02  4.64e-02  3.30e+03  3.47e+01 -1.00e+05
2016 04 07  0525   57485  19500   1.09e+00  2.72e-01  1.17e-01  7.54e-02  6.42e-02  4.15e-02  3.24e+03  3.80e+01 -1.00e+05
2016 04 07  0530   57485  19800   4.60e-01  1.66e-01  1.37e-01  9.77e-02  8.65e-02  6.38e-02  3.11e+03  3.63e+01 -1.00e+05
2016 04 07  0535   57485  20100   5.70e-01  2.47e-01  2.18e-01  8.99e-02  6.04e-02  2.72e-02  3.13e+03  3.47e+01 -1.00e+05
2016 04 07  0540   57485  20400   5.91e-01  1.66e-01  1.38e-01  6.55e-02  5.43e-02  3.16e-02  3.01e+03  3.82e+01 -1.00e+05
2016 04 07  0545   57485  20700   6.92e-01  3.14e-01  2.86e-01  1.59e-01  1.20e-01  4.53e-02  2.93e+03  3.46e+01 -1.00e+05
2016 04 07  0550   57485  21000   7.41e-01  1.91e-01  1.63e-01  8.53e-02  7.41e-02  5.14e-02  2.93e+03  3.17e+01 -1.00e+05
2016 04 07  0555   57485  21300   5.50e-01  1.85e-01  1.33e-01  8.88e-02  5.42e-02  2.47e-02  2.84e+03  3.43e+01 -1.00e+05
2016 04 07  0600   57485  21600   5.45e-01  2.54e-01  2.25e-01  7.79e-02  6.67e-02  4.40e-02  2.98e+03  3.54e+01 -1.00e+05
2016 04 07  0605   57485  21900   7.47e-01  1.75e-01  1.47e-01  1.05e-01  5.43e-02  2.47e-02  3.19e+03  4.13e+01 -1.00e+05
2016 04 07  0610   57485  22200   8.27e-01  2.16e-01  1.72e-01  1.29e-01  1.18e-01  4.73e-02  3.20e+03  4.08e+01 -1.00e+05
2016 04 07  0615   57485  22500   5.34e-01  1.34e-01  1.05e-01  6.55e-02  5.43e-02  3.16e-02  3.30e+03  4.68e+01 -1.00e+05
2016 04 07  0620   57485  22800   1.61e+00  3.68e-01  1.71e-01  1.28e-01  7.56e-02  3.79e-02  3.46e+03  4.03e+01 -1.00e+05
2016 04 07  0625   57485  23100   1.04e+00  2.63e-01  1.50e-01  1.08e-01  9.36e-02  3.93e-02  3.45e+03  4.20e+01 -1.00e+05
2016 04 07  0630   57485  23400   6.26e-01  1.34e-01  1.05e-01  6.55e-02  5.43e-02  3.16e-02  2.91e+03  4.16e+01 -1.00e+05
2016 04 07  0635   57485  23700   7.79e-01  2.77e-01  2.48e-01  1.23e-01  1.12e-01  4.53e-02  3.88e+03  5.22e+01 -1.00e+05
2016 04 07  0640   57485  24000   5.33e-01  1.51e-01  1.23e-01  8.22e-02  5.27e-02  2.47e-02  5.11e+03  5.06e+01 -1.00e+05
2016 04 07  0645   57485  24300   9.88e-01  3.35e-01  3.06e-01  1.54e-01  1.43e-01  5.54e-02  2.70e+03  3.82e+01 -1.00e+05
2016 04 07  0650   57485  24600   9.64e-01  2.66e-01  2.15e-01  5.87e-02  4.74e-02  2.47e-02  2.86e+03  3.87e+01 -1.00e+05
2016 04 07  0655   57485  24900   9.21e-01  1.95e-01  1.44e-01  9.81e-02  5.42e-02  2.47e-02  3.09e+03  4.50e+01 -1.00e+05
2016 04 07  0700   57485  25200   1.29e+00  2.81e-01  2.04e-01  9.23e-02  8.11e-02  3.85e-02  3.22e+03  3.77e+01 -1.00e+05
2016 04 07  0705   57485  25500   6.33e-01  1.27e-01  9.83e-02  5.87e-02  4.74e-02  2.47e-02  2.37e+03  3.32e+01 -1.00e+05
2016 04 07  0710   57485  25800   1.18e+00  2.56e-01  1.00e-01  5.87e-02  4.74e-02  2.47e-02  2.83e+03  3.67e+01 -1.00e+05
2016 04 07  0715   57485  26100   7.18e-01  1.38e-01  1.09e-01  6.91e-02  4.98e-02  2.47e-02  3.11e+03  3.82e+01 -1.00e+05
2016 04 07  0720   57485  26400   8.13e-01  1.27e-01  9.83e-02  5.87e-02  4.74e-02  2.47e-02  2.97e+03  4.23e+01 -1.00e+05
2016 04 07  0725   57485  26700   7.39e-01  1.99e-01  1.71e-01  1.30e-01  9.38e-02  6.38e-02  2.93e+03  3.84e+01 -1.00e+05
2016 04 07  0730   57485  27000   7.21e-01  1.61e-01  1.32e-01  5.87e-02  4.74e-02  2.47e-02  2.87e+03  3.83e+01 -1.00e+05
2016 04 07  0735   57485  27300   1.47e+00  2.60e-01  1.05e-01  6.31e-02  5.18e-02  2.91e-02  3.02e+03  4.69e+01 -1.00e+05
2016 04 07  0740   57485  27600   6.56e-01  1.69e-01  1.41e-01  1.01e-01  8.79e-02  4.05e-02  4.16e+03  5.32e+01 -1.00e+05
2016 04 07  0745   57485  27900   7.99e-01  1.76e-01  1.47e-01  7.26e-02  6.14e-02  2.92e-02  4.12e+03  5.53e+01 -1.00e+05
2016 04 07  0750   57485  28200   1.44e+00  3.27e-01  1.42e-01  5.87e-02  4.74e-02  2.47e-02  3.71e+03  5.54e+01 -1.00e+05
2016 04 07  0755   57485  28500   1.28e+00  2.99e-01  1.84e-01  1.28e-01  1.17e-01  6.69e-02  4.51e+03  6.57e+01 -1.00e+05
2016 04 07  0800   57485  28800   6.61e-01  1.73e-01  1.45e-01  1.05e-01  9.39e-02  7.12e-02  4.56e+03  7.31e+01 -1.00e+05
2016 04 07  0805   57485  29100   6.53e-01  1.68e-01  1.40e-01  1.00e-01  8.90e-02  6.63e-02  4.84e+03  7.38e+01 -1.00e+05
2016 04 07  0810   57485  29400   8.67e-01  2.39e-01  2.10e-01  5.87e-02  4.74e-02  2.47e-02  5.29e+03  9.15e+01 -1.00e+05
2016 04 07  0815   57485  29700   1.28e+00  2.62e-01  1.61e-01  5.87e-02  4.74e-02  2.47e-02  5.81e+03  1.00e+02 -1.00e+05
2016 04 07  0820   57485  30000   1.25e+00  3.02e-01  1.71e-01  1.13e-01  9.31e-02  5.33e-02  6.03e+03  9.94e+01 -1.00e+05
2016 04 07  0825   57485  30300   1.19e+00  2.12e-01  1.08e-01  6.64e-02  5.51e-02  2.72e-02  6.02e+03  1.15e+02 -1.00e+05
2016 04 07  0830   57485  30600   9.20e-01  1.78e-01  1.49e-01  1.10e-01  9.83e-02  6.08e-02  6.32e+03  1.09e+02 -1.00e+05
2016 04 07  0835   57485  30900   9.24e-01  2.17e-01  1.89e-01  1.49e-01  1.37e-01  7.48e-02  6.66e+03  1.16e+02 -1.00e+05
2016 04 07  0840   57485  31200   1.08e+00  1.84e-01  1.55e-01  8.78e-02  7.66e-02  5.39e-02  6.99e+03  1.27e+02 -1.00e+05
2016 04 07  0845   57485  31500   1.16e+00  2.07e-01  1.00e-01  5.87e-02  4.74e-02  2.47e-02  7.21e+03  1.42e+02 -1.00e+05
2016 04 07  0850   57485  31800   1.33e+00  2.07e-01  1.00e-01  5.87e-02  4.74e-02  2.47e-02  7.95e+03  1.45e+02 -1.00e+05
2016 04 07  0855   57485  32100   1.91e+00  3.26e-01  1.95e-01  1.53e-01  1.18e-01  4.53e-02  7.81e+03  1.47e+02 -1.00e+05
2016 04 07  0900   57485  32400   1.61e+00  3.80e-01  1.98e-01  5.87e-02  4.74e-02  2.47e-02  7.61e+03  1.54e+02 -1.00e+05
2016 04 07  0905   57485  32700   1.08e+00  2.60e-01  2.05e-01  1.43e-01  1.30e-01  6.91e-02  7.96e+03  1.50e+02 -1.00e+05
2016 04 07  0910   57485  33000   9.17e-01  1.59e-01  1.30e-01  8.99e-02  6.04e-02  2.72e-02  7.65e+03  1.45e+02 -1.00e+05
2016 04 07  0915   57485  33300   1.96e+00  3.21e-01  1.33e-01  9.15e-02  8.02e-02  3.52e-02  6.55e+03  1.26e+02 -1.00e+05
2016 04 07  0920   57485  33600   1.58e+00  2.12e-01  1.11e-01  5.87e-02  4.74e-02  2.47e-02  5.83e+03  1.10e+02 -1.00e+05
2016 04 07  0925   57485  33900   1.33e+00  1.88e-01  1.37e-01  5.87e-02  4.74e-02  2.47e-02  5.37e+03  9.96e+01 -1.00e+05
2016 04 07  0930   57485  34200   8.68e-01  1.27e-01  9.83e-02  5.87e-02  4.74e-02  2.47e-02  5.19e+03  9.88e+01 -1.00e+05
2016 04 07  0935   57485  34500   1.36e+00  1.96e-01  1.68e-01  1.28e-01  9.81e-02  3.93e-02  5.12e+03  8.95e+01 -1.00e+05
2016 04 07  0940   57485  34800   1.63e+00  2.19e-01  1.12e-01  7.05e-02  5.93e-02  3.65e-02  5.16e+03  9.27e+01 -1.00e+05
2016 04 07  0945   57485  35100   1.71e+00  2.66e-01  2.15e-01  5.87e-02  4.74e-02  2.47e-02  5.47e+03  1.02e+02 -1.00e+05
2016 04 07  0950   57485  35400   1.61e+00  1.70e-01  1.41e-01  9.99e-02  5.61e-02  2.66e-02  5.60e+03  1.11e+02 -1.00e+05
2016 04 07  0955   57485  35700   1.51e+00  1.63e-01  1.35e-01  9.51e-02  8.39e-02  4.95e-02  5.93e+03  1.18e+02 -1.00e+05
2016 04 07  1000   57485  36000   1.35e+00  1.60e-01  1.26e-01  8.60e-02  7.48e-02  3.65e-02  5.84e+03  1.10e+02 -1.00e+05
2016 04 07  1005   57485  36300   1.40e+00  1.56e-01  1.27e-01  6.64e-02  5.51e-02  2.72e-02  4.98e+03  8.65e+01 -1.00e+05
2016 04 07  1010   57485  36600   1.69e+00  1.47e-01  1.18e-01  7.89e-02  6.77e-02  3.12e-02  4.62e+03  9.17e+01 -1.00e+05
2016 04 07  1015   57485  36900   1.45e+00  1.76e-01  1.47e-01  1.08e-01  9.64e-02  7.37e-02  5.20e+03  1.05e+02 -1.00e+05
2016 04 07  1020   57485  37200   1.62e+00  1.61e-01  1.32e-01  9.28e-02  8.15e-02  5.88e-02  6.29e+03  1.29e+02 -1.00e+05
2016 04 07  1025   57485  37500   1.45e+00  1.51e-01  1.23e-01  8.22e-02  5.27e-02  2.47e-02  6.30e+03  1.30e+02 -1.00e+05
2016 04 07  1030   57485  37800   1.59e+00  1.52e-01  1.24e-01  8.36e-02  5.45e-02  2.66e-02  5.90e+03  1.25e+02 -1.00e+05
2016 04 07  1035   57485  38100   1.85e+00  1.31e-01  1.02e-01  6.26e-02  4.83e-02  2.47e-02  6.05e+03  1.19e+02 -1.00e+05
2016 04 07  1040   57485  38400   1.66e+00  1.27e-01  9.83e-02  5.87e-02  4.74e-02  2.47e-02  5.70e+03  1.25e+02 -1.00e+05
2016 04 07  1045   57485  38700   1.98e+00  4.12e-01  3.83e-01  1.44e-01  8.13e-02  3.12e-02  6.42e+03  1.45e+02 -1.00e+05
2016 04 07  1050   57485  39000   2.03e+00  1.61e-01  1.32e-01  5.87e-02  4.74e-02  2.47e-02  8.31e+03  1.88e+02 -1.00e+05
2016 04 07  1055   57485  39300   2.41e+00  1.63e-01  1.35e-01  9.53e-02  8.40e-02  6.13e-02  8.25e+03  1.99e+02 -1.00e+05
2016 04 07  1100   57485  39600   2.86e+00  1.81e-01  1.31e-01  8.78e-02  7.66e-02  5.39e-02  9.19e+03  1.67e+02 -1.00e+05
2016 04 07  1105   57485  39900   2.45e+00  1.27e-01  9.83e-02  5.87e-02  4.74e-02  2.47e-02  4.58e+03  1.79e+02 -1.00e+05
2016 04 07  1110   57485  40200   2.59e+00  1.48e-01  1.20e-01  8.04e-02  6.92e-02  4.64e-02  6.87e+03  1.88e+02 -1.00e+05
2016 04 07  1115   57485  40500   2.68e+00  2.06e-01  1.78e-01  1.10e-01  9.90e-02  4.13e-02  8.09e+03  2.38e+02 -1.00e+05
2016 04 07  1120   57485  40800   2.38e+00  1.27e-01  9.83e-02  5.87e-02  4.74e-02  2.47e-02  8.53e+03  2.50e+02 -1.00e+05
2016 04 07  1125   57485  41100   5.89e+00  3.19e-01  1.41e-01  9.81e-02  5.42e-02  2.47e-02  8.30e+03  3.38e+02 -1.00e+05
2016 04 07  1130   57485  41400   3.14e+00  1.27e-01  9.83e-02  5.87e-02  4.74e-02  2.47e-02  7.73e+03  3.76e+02 -1.00e+05
2016 04 07  1135   57485  41700   4.06e+00  2.66e-01  2.15e-01  5.87e-02  4.74e-02  2.47e-02  8.20e+03  3.67e+02 -1.00e+05
2016 04 07  1140   57485  42000   5.13e+00  2.58e-01  1.57e-01  1.03e-01  5.43e-02  2.47e-02  9.13e+03  3.55e+02 -1.00e+05
2016 04 07  1145   57485  42300   3.35e+00  1.78e-01  1.50e-01  6.06e-02  4.94e-02  2.66e-02  8.84e+03  3.64e+02 -1.00e+05
2016 04 07  1150   57485  42600   7.32e+00  3.10e-01  1.53e-01  6.91e-02  4.98e-02  2.47e-02  9.05e+03  3.84e+02 -1.00e+05
2016 04 07  1155   57485  42900   7.52e+00  2.91e-01  1.60e-01  1.18e-01  9.20e-02  6.41e-02  9.72e+03  3.92e+02 -1.00e+05
2016 04 07  1200   57485  43200   7.84e+00  2.50e-01  1.18e-01  7.57e-02  5.13e-02  2.47e-02  9.85e+03  4.07e+02 -1.00e+05
2016 04 07  1205   57485  43500   4.22e+00  1.27e-01  9.83e-02  5.87e-02  4.74e-02  2.47e-02  1.08e+04  4.23e+02 -1.00e+05
2016 04 07  1210   57485  43800   4.44e+00  1.31e-01  1.02e-01  6.26e-02  4.83e-02  2.47e-02  1.26e+04  4.55e+02 -1.00e+05
2016 04 07  1215   57485  44100   4.75e+00  2.45e-01  2.17e-01  1.73e-01  1.62e-01  6.14e-02  1.23e+04  4.55e+02 -1.00e+05
2016 04 07  1220   57485  44400   4.96e+00  2.20e-01  1.91e-01  1.16e-01  6.19e-02  2.66e-02  1.22e+04  4.46e+02 -1.00e+05
2016 04 07  1225   57485  44700   8.62e+00  2.56e-01  1.00e-01  5.87e-02  4.74e-02  2.47e-02  1.22e+04  4.74e+02 -1.00e+05
2016 04 07  1230   57485  45000   5.50e+00  2.29e-01  1.77e-01  6.91e-02  4.98e-02  2.47e-02  1.35e+04  4.71e+02 -1.00e+05
2016 04 07  1235   57485  45300   1.02e+01  5.04e-01  2.80e-01  1.01e-01  5.43e-02  2.47e-02  1.33e+04  4.98e+02 -1.00e+05
2016 04 07  1240   57485  45600   5.60e+00  1.65e-01  1.13e-01  6.91e-02  4.98e-02  2.47e-02  1.33e+04  5.06e+02 -1.00e+05
2016 04 07  1245   57485  45900   8.16e+00  2.98e-01  1.74e-01  9.43e-02  6.85e-02  4.15e-02  1.48e+04  5.39e+02 -1.00e+05
2016 04 07  1250   57485  46200   1.00e+01  3.27e-01  1.42e-01  5.87e-02  4.74e-02  2.47e-02  1.65e+04  6.24e+02 -1.00e+05
2016 04 07  1255   57485  46500   8.66e+00  2.37e-01  1.08e-01  6.64e-02  5.51e-02  2.72e-02  1.45e+04  5.38e+02 -1.00e+05
2016 04 07  1300   57485  46800   7.06e+00  1.54e-01  1.02e-01  5.87e-02  4.74e-02  2.47e-02  1.48e+04  6.05e+02 -1.00e+05
2016 04 07  1305   57485  47100   1.02e+01  3.01e-01  1.45e-01  6.31e-02  5.18e-02  2.91e-02  1.76e+04  6.73e+02 -1.00e+05
2016 04 07  1310   57485  47400   5.87e+00  1.48e-01  1.20e-01  8.04e-02  6.92e-02  4.64e-02  1.67e+04  6.07e+02 -1.00e+05
2016 04 07  1315   57485  47700   6.31e+00  1.66e-01  1.37e-01  9.77e-02  8.65e-02  3.73e-02  1.69e+04  6.74e+02 -1.00e+05
2016 04 07  1320   57485  48000   7.85e+00  1.88e-01  1.37e-01  5.87e-02  4.74e-02  2.47e-02  1.85e+04  7.14e+02 -1.00e+05
2016 04 07  1325   57485  48300   6.49e+00  1.27e-01  9.83e-02  5.87e-02  4.74e-02  2.47e-02  1.95e+04  7.67e+02 -1.00e+05
2016 04 07  1330   57485  48600   6.91e+00  2.05e-01  1.77e-01  1.02e-01  5.72e-02  2.47e-02  2.07e+04  7.55e+02 -1.00e+05
2016 04 07  1335   57485  48900   7.43e+00  2.22e-01  1.93e-01  1.52e-01  8.94e-02  3.32e-02  1.76e+04  6.95e+02 -1.00e+05
2016 04 07  1340   57485  49200   9.92e+00  2.41e-01  1.43e-01  9.03e-02  7.91e-02  5.63e-02  1.91e+04  7.93e+02 -1.00e+05
2016 04 07  1345   57485  49500   7.66e+00  1.44e-01  1.16e-01  7.57e-02  5.13e-02  2.47e-02  2.13e+04  8.08e+02 -1.00e+05
2016 04 07  1350   57485  49800   8.47e+00  1.27e-01  9.83e-02  5.87e-02  4.74e-02  2.47e-02  2.04e+04  8.22e+02 -1.00e+05
2016 04 07  1355   57485  50100   1.08e+01  3.41e-01  1.99e-01  8.16e-02  7.04e-02  4.18e-02  2.04e+04  8.09e+02 -1.00e+05
2016 04 07  1400   57485  50400   1.12e+01  2.12e-01  1.11e-01  5.87e-02  4.74e-02  2.47e-02  2.09e+04  8.01e+02 -1.00e+05
2016 04 07  1405   57485  50700   7.96e+00  1.61e-01  1.32e-01  5.87e-02  4.74e-02  2.47e-02  2.08e+04  8.27e+02 -1.00e+05
2016 04 07  1410   57485  51000   7.86e+00  2.08e-01  1.80e-01  1.40e-01  1.15e-01  4.53e-02  2.17e+04  8.49e+02 -1.00e+05
2016 04 07  1415   57485  51300   9.98e+00  1.54e-01  1.02e-01  5.87e-02  4.74e-02  2.47e-02  2.19e+04  9.00e+02 -1.00e+05
2016 04 07  1420   57485  51600   8.26e+00  1.86e-01  1.58e-01  1.17e-01  6.97e-02  3.65e-02  2.29e+04  8.78e+02 -1.00e+05
2016 04 07  1425   57485  51900   1.26e+01  2.12e-01  1.11e-01  5.87e-02  4.74e-02  2.47e-02  2.20e+04  9.28e+02 -1.00e+05
2016 04 07  1430   57485  52200   8.70e+00  1.56e-01  1.28e-01  8.78e-02  6.70e-02  4.15e-02  2.19e+04  9.10e+02 -1.00e+05
2016 04 07  1435   57485  52500   1.55e+01  2.99e-01  1.42e-01  5.87e-02  4.74e-02  2.47e-02  2.32e+04  9.12e+02 -1.00e+05
2016 04 07  1440   57485  52800   8.53e+00  1.97e-01  1.69e-01  1.29e-01  1.18e-01  4.73e-02  2.14e+04  8.73e+02 -1.00e+05
2016 04 07  1445   57485  53100   1.80e+01  5.34e-01  2.49e-01  7.54e-02  6.42e-02  4.15e-02  2.24e+04  9.35e+02 -1.00e+05
2016 04 07  1450   57485  53400   1.44e+01  3.24e-01  2.23e-01  5.87e-02  4.74e-02  2.47e-02  2.43e+04  1.04e+03 -1.00e+05
2016 04 07  1455   57485  53700   1.04e+01  2.06e-01  1.77e-01  1.36e-01  8.74e-02  5.39e-02  2.45e+04  1.05e+03 -1.00e+05
2016 04 07  1500   57485  54000   1.12e+01  1.84e-01  1.55e-01  8.84e-02  6.71e-02  3.98e-02  2.45e+04  1.10e+03 -1.00e+05
2016 04 07  1505   57485  54300   1.11e+01  1.27e-01  9.83e-02  5.87e-02  4.74e-02  2.47e-02  2.33e+04  1.03e+03 -1.00e+05
2016 04 07  1510   57485  54600   1.26e+01  1.54e-01  1.02e-01  5.87e-02  4.74e-02  2.47e-02  2.31e+04  1.00e+03 -1.00e+05
2016 04 07  1515   57485  54900   1.10e+01  1.83e-01  1.50e-01  1.10e-01  9.83e-02  6.08e-02  2.24e+04  1.00e+03 -1.00e+05
2016 04 07  1520   57485  55200   1.79e+01  3.04e-01  1.71e-01  7.89e-02  6.77e-02  3.12e-02  2.45e+04  1.04e+03 -1.00e+05
2016 04 07  1525   57485  55500   2.16e+01  3.22e-01  1.45e-01  1.02e-01  5.72e-02  2.47e-02  2.35e+04  1.01e+03 -1.00e+05
2016 04 07  1530   57485  55800   1.25e+01  1.27e-01  9.83e-02  5.87e-02  4.74e-02  2.47e-02  2.40e+04  1.09e+03 -1.00e+05
2016 04 07  1535   57485  56100   1.13e+01  1.65e-01  1.37e-01  5.87e-02  4.74e-02  2.47e-02  2.43e+04  1.04e+03 -1.00e+05
2016 04 07  1540   57485  56400   1.85e+01  2.23e-01  1.22e-01  6.91e-02  4.98e-02  2.47e-02  2.57e+04  1.13e+03 -1.00e+05
2016 04 07  1545   57485  56700   1.27e+01  1.34e-01  1.05e-01  6.55e-02  5.43e-02  3.16e-02  2.58e+04  1.15e+03 -1.00e+05
2016 04 07  1550   57485  57000   1.49e+01  2.16e-01  1.72e-01  1.29e-01  1.18e-01  4.73e-02  2.54e+04  1.18e+03 -1.00e+05
2016 04 07  1555   57485  57300   1.30e+01  1.44e-01  1.16e-01  7.57e-02  5.13e-02  2.47e-02  2.51e+04  1.13e+03 -1.00e+05
2016 04 07  1600   57485  57600   1.80e+01  2.68e-01  1.72e-01  1.20e-01  1.09e-01  8.61e-02  2.46e+04  1.06e+03 -1.00e+05
2016 04 07  1605   57485  57900   1.23e+01  2.43e-01  2.14e-01  6.26e-02  4.83e-02  2.47e-02  2.37e+04  1.03e+03 -1.00e+05
2016 04 07  1610   57485  58200   1.27e+01  1.61e-01  1.33e-01  9.25e-02  6.61e-02  3.90e-02  2.45e+04  1.05e+03 -1.00e+05
2016 04 07  1615   57485  58500   1.27e+01  2.39e-01  2.10e-01  5.87e-02  4.74e-02  2.47e-02  2.46e+04  1.07e+03 -1.00e+05
2016 04 07  1620   57485  58800   1.21e+01  2.53e-01  2.25e-01  1.15e-01  8.07e-02  3.32e-02  2.43e+04  1.04e+03 -1.00e+05
2016 04 07  1625   57485  59100   1.17e+01  1.27e-01  9.83e-02  5.87e-02  4.74e-02  2.47e-02  2.33e+04  9.59e+02 -1.00e+05
2016 04 07  1630   57485  59400   1.24e+01  1.97e-01  1.69e-01  1.28e-01  8.87e-02  3.67e-02  2.28e+04  9.36e+02 -1.00e+05
2016 04 07  1635   57485  59700   1.21e+01  1.92e-01  1.63e-01  9.77e-02  8.65e-02  6.38e-02  2.24e+04  9.31e+02 -1.00e+05
2016 04 07  1640   57485  60000   1.83e+01  2.07e-01  1.00e-01  5.87e-02  4.74e-02  2.47e-02  2.25e+04  9.19e+02 -1.00e+05
2016 04 07  1645   57485  60300   1.85e+01  2.12e-01  1.08e-01  6.64e-02  5.51e-02  2.72e-02  2.28e+04  9.01e+02 -1.00e+05
2016 04 07  1650   57485  60600   2.05e+01  2.88e-01  1.42e-01  1.01e-01  8.97e-02  4.97e-02  2.15e+04  8.63e+02 -1.00e+05
2016 04 07  1655   57485  60900   1.22e+01  1.28e-01  9.97e-02  6.01e-02  4.89e-02  2.52e-02  2.30e+04  9.18e+02 -1.00e+05
2016 04 07  1700   57485  61200   1.28e+01  2.39e-01  2.10e-01  5.87e-02  4.74e-02  2.47e-02  2.19e+04  1.00e+03 -1.00e+05
2016 04 07  1705   57485  61500   1.23e+01  1.34e-01  1.06e-01  6.64e-02  5.51e-02  2.72e-02  2.44e+04  8.69e+02 -1.00e+05
2016 04 07  1710   57485  61800   1.06e+01  1.47e-01  1.18e-01  7.89e-02  6.77e-02  3.12e-02  1.80e+04  7.21e+02 -1.00e+05
2016 04 07  1715   57485  62100   1.26e+01  1.28e-01  9.97e-02  6.01e-02  4.89e-02  2.52e-02  2.20e+04  7.37e+02 -1.00e+05
2016 04 07  1720   57485  62400   1.15e+01  1.39e-01  1.10e-01  7.05e-02  5.93e-02  3.65e-02  1.84e+04  7.65e+02 -1.00e+05
2016 04 07  1725   57485  62700   1.71e+01  1.72e-01  1.22e-01  7.79e-02  6.67e-02  4.40e-02  2.63e+04  1.10e+03 -1.00e+05
2016 04 07  1730   57485  63000   1.30e+01  2.39e-01  2.10e-01  5.87e-02  4.74e-02  2.47e-02  2.42e+04  1.04e+03 -1.00e+05
2016 04 07  1735   57485  63300   1.14e+01  1.60e-01  1.31e-01  6.01e-02  4.89e-02  2.52e-02  2.30e+04  8.94e+02 -1.00e+05
2016 04 07  1740   57485  63600   1.38e+01  1.61e-01  1.32e-01  5.87e-02  4.74e-02  2.47e-02  2.87e+04  1.30e+03 -1.00e+05
2016 04 07  1745   57485  63900   2.74e+01  5.44e-01  2.35e-01  7.26e-02  6.14e-02  2.92e-02  2.99e+04  1.60e+03 -1.00e+05
2016 04 07  1750   57485  64200   1.47e+01  1.63e-01  1.35e-01  9.49e-02  7.63e-02  5.14e-02  3.75e+04  1.79e+03 -1.00e+05
2016 04 07  1755   57485  64500   1.50e+01  2.71e-01  2.43e-01  1.00e-01  8.90e-02  6.63e-02  3.50e+04  1.94e+03 -1.00e+05
2016 04 07  1800   57485  64800   1.69e+01  1.63e-01  1.12e-01  6.80e-02  5.68e-02  3.41e-02  3.58e+04  1.74e+03 -1.00e+05
2016 04 07  1805   57485  65100   1.46e+01  1.91e-01  1.62e-01  1.23e-01  1.12e-01  4.53e-02  3.60e+04  1.87e+03 -1.00e+05
2016 04 07  1810   57485  65400   1.17e+01  2.75e-01  2.26e-01  8.12e-02  6.99e-02  4.72e-02  2.85e+04  1.27e+03 -1.00e+05
2016 04 07  1815   57485  65700   1.96e+01  2.56e-01  1.00e-01  5.87e-02  4.74e-02  2.47e-02  2.85e+04  1.19e+03 -1.00e+05
2016 04 07  1820   57485  66000   1.33e+01  2.21e-01  1.93e-01  1.53e-01  1.42e-01  7.49e-02  3.46e+04  1.48e+03 -1.00e+05
2016 04 07  1825   57485  66300   2.47e+01  3.69e-01  1.64e-01  1.23e-01  1.11e-01  6.20e-02  2.96e+04  1.25e+03 -1.00e+05
2016 04 07  1830   57485  66600   1.49e+01  2.69e-01  2.39e-01  1.98e-01  1.48e-01  5.34e-02  3.34e+04  1.38e+03 -1.00e+05
2016 04 07  1835   57485  66900   1.56e+01  2.75e-01  2.47e-01  1.05e-01  9.39e-02  7.12e-02  4.04e+04  1.59e+03 -1.00e+05
2016 04 07  1840   57485  67200   2.31e+01  2.57e-01  1.02e-01  6.01e-02  4.89e-02  2.52e-02  4.36e+04  1.64e+03 -1.00e+05
2016 04 07  1845   57485  67500   1.07e+01  1.27e-01  9.83e-02  5.87e-02  4.74e-02  2.47e-02  4.02e+04  1.23e+03 -1.00e+05
2016 04 07  1850   57485  67800   1.20e+01  1.39e-01  1.10e-01  7.05e-02  5.93e-02  3.65e-02  4.14e+04  1.27e+03 -1.00e+05
2016 04 07  1855   57485  68100   1.18e+01  1.41e-01  1.13e-01  7.30e-02  6.17e-02  3.90e-02  4.52e+04  1.19e+03 -1.00e+05
2016 04 07  1900   57485  68400   1.80e+01  2.07e-01  1.00e-01  5.87e-02  4.74e-02  2.47e-02  4.34e+04  1.15e+03 -1.00e+05
2016 04 07  1905   57485  68700   1.04e+01  1.78e-01  1.50e-01  1.10e-01  9.90e-02  4.13e-02  4.27e+04  1.02e+03 -1.00e+05
2016 04 07  1910   57485  69000   8.60e+00  1.53e-01  1.25e-01  8.48e-02  7.02e-02  4.64e-02  4.18e+04  9.25e+02 -1.00e+05
2016 04 07  1915   57485  69300   1.12e+01  2.83e-01  1.99e-01  1.50e-01  1.38e-01  6.03e-02  4.02e+04  8.20e+02 -1.00e+05
2016 04 07  1920   57485  69600   8.53e+00  1.31e-01  1.02e-01  6.26e-02  4.83e-02  2.47e-02  4.03e+04  7.54e+02 -1.00e+05
2016 04 07  1925   57485  69900   1.00e+01  2.12e-01  1.11e-01  5.87e-02  4.74e-02  2.47e-02  3.77e+04  6.32e+02 -1.00e+05
2016 04 07  1930   57485  70200   1.30e+01  3.31e-01  1.47e-01  6.55e-02  5.43e-02  3.16e-02  3.48e+04  5.49e+02 -1.00e+05
2016 04 07  1935   57485  70500   8.19e+00  4.54e-01  3.04e-01  1.32e-01  8.28e-02  4.89e-02  3.12e+04  4.31e+02 -1.00e+05
2016 04 07  1940   57485  70800   5.35e+00  1.85e-01  1.56e-01  1.15e-01  6.01e-02  2.47e-02  2.79e+04  3.62e+02 -1.00e+05
2016 04 07  1945   57485  71100   4.49e+00  1.49e-01  1.21e-01  8.12e-02  6.99e-02  4.72e-02  2.50e+04  2.54e+02 -1.00e+05
2016 04 07  1950   57485  71400   1.10e+01  1.67e-01  1.39e-01  6.06e-02  4.94e-02  2.66e-02  2.57e+04  2.73e+02 -1.00e+05
2016 04 07  1955   57485  71700   5.28e+00  2.06e-01  1.54e-01  7.57e-02  5.13e-02  2.47e-02  1.85e+04  1.33e+02 -1.00e+05
2016 04 07  2000   57485  72000   2.62e+00  2.30e-01  2.02e-01  7.26e-02  6.14e-02  2.92e-02  1.39e+04  5.31e+01 -1.00e+05
2016 04 07  2005   57485  72300   1.59e+00  1.29e-01  1.00e-01  6.06e-02  4.94e-02  2.66e-02  9.32e+03  2.30e+01 -1.00e+05
2016 04 07  2010   57485  72600   1.15e+00  2.50e-01  2.21e-01  6.91e-02  4.98e-02  2.47e-02  6.26e+03  1.60e+01 -1.00e+05
2016 04 07  2015   57485  72900   1.17e+00  4.34e-01  2.10e-01  6.80e-02  5.68e-02  3.41e-02  2.14e+03  2.19e+00 -1.00e+05
2016 04 07  2020   57485  73200   6.82e-01  2.87e-01  2.58e-01  7.57e-02  5.13e-02  2.47e-02  4.33e+02  2.35e+00 -1.00e+05
2016 04 07  2025   57485  73500   8.67e-01  1.88e-01  1.60e-01  8.72e-02  5.92e-02  3.16e-02  3.61e+02  1.33e-01 -1.00e+05
2016 04 07  2030   57485  73800   7.52e-01  2.03e-01  1.74e-01  1.33e-01  8.34e-02  5.39e-02  3.77e+02  1.33e-01 -1.00e+05
2016 04 07  2035   57485  74100   8.75e-01  1.97e-01  1.69e-01  1.29e-01  1.18e-01  4.73e-02  3.97e+02  1.33e-01 -1.00e+05
2016 04 07  2040   57485  74400   1.49e+00  2.52e-01  1.45e-01  1.02e-01  5.72e-02  2.47e-02  5.71e+02  1.33e-01 -1.00e+05
2016 04 07  2045   57485  74700   7.92e-01  2.32e-01  1.35e-01  8.27e-02  7.15e-02  4.87e-02  5.38e+02  1.33e-01 -1.00e+05
2016 04 07  2050   57485  75000   6.40e-01  1.84e-01  1.34e-01  9.03e-02  7.91e-02  5.63e-02  3.63e+02  1.33e-01 -1.00e+05
2016 04 07  2055   57485  75300   2.41e+00  2.12e-01  1.11e-01  5.87e-02  4.74e-02  2.47e-02  3.17e+02  1.33e-01 -1.00e+05
2016 04 07  2100   57485  75600   6.85e+00  1.65e-01  1.36e-01  9.53e-02  5.57e-02  2.47e-02  4.13e+02  1.33e-01 -1.00e+05
2016 04 07  2105   57485  75900   3.37e+00  3.01e-01  2.49e-01  8.22e-02  5.27e-02  2.47e-02  3.79e+02  1.33e-01 -1.00e+05
2016 04 07  2110   57485  76200   9.25e+00  1.81e-01  1.31e-01  8.78e-02  7.66e-02  5.39e-02  5.65e+02  3.43e+00 -1.00e+05
2016 04 07  2115   57485  76500   5.25e+00  2.62e-01  1.61e-01  5.87e-02  4.74e-02  2.47e-02  5.33e+02  1.33e-01 -1.00e+05
2016 04 07  2120   57485  76800   5.14e+00  1.72e-01  1.43e-01  6.91e-02  4.98e-02  2.47e-02  5.44e+02  1.51e+00 -1.00e+05
2016 04 07  2125   57485  77100   4.08e+00  1.54e-01  1.02e-01  5.87e-02  4.74e-02  2.47e-02  3.98e+02  1.84e+00 -1.00e+05
2016 04 07  2130   57485  77400   1.36e+01  4.00e-01  2.49e-01  7.79e-02  6.67e-02  4.40e-02  2.83e+02  1.33e-01 -1.00e+05
2016 04 07  2135   57485  77700   1.27e+01  1.27e-01  9.83e-02  5.87e-02  4.74e-02  2.47e-02  2.16e+02  1.57e+00 -1.00e+05
2016 04 07  2140   57485  78000   1.15e+01  1.72e-01  1.44e-01  7.30e-02  6.17e-02  3.90e-02  2.14e+02  1.33e-01 -1.00e+05
2016 04 07  2145   57485  78300   1.21e+01  1.27e-01  9.83e-02  5.87e-02  4.74e-02  2.47e-02  3.29e+02  1.67e+00 -1.00e+05
2016 04 07  2150   57485  78600   1.34e+01  1.68e-01  1.40e-01  6.80e-02  5.68e-02  3.41e-02  5.23e+02  1.33e-01 -1.00e+05
2016 04 07  2155   57485  78900   1.61e+01  2.50e-01  1.43e-01  9.99e-02  5.61e-02  2.66e-02  7.68e+02  1.33e-01 -1.00e+05
2016 04 07  2200   57485  79200   8.90e+00  1.65e-01  1.37e-01  5.87e-02  4.74e-02  2.47e-02  9.77e+02  3.08e-01 -1.00e+05
2016 04 07  2205   57485  79500   7.66e+00  2.39e-01  2.10e-01  5.87e-02  4.74e-02  2.47e-02  1.16e+03  6.83e+00 -1.00e+05
2016 04 07  2210   57485  79800   8.53e+00  1.56e-01  1.28e-01  8.78e-02  6.70e-02  4.15e-02  1.18e+03  1.33e-01 -1.00e+05
2016 04 07  2215   57485  80100   1.49e+01  2.12e-01  1.11e-01  5.87e-02  4.74e-02  2.47e-02  1.48e+03  2.18e+00 -1.00e+05
2016 04 07  2220   57485  80400   1.18e+01  1.34e-01  1.05e-01  6.55e-02  5.43e-02  3.16e-02  1.45e+03  4.47e+00 -1.00e+05
2016 04 07  2225   57485  80700   1.34e+01  1.61e-01  1.32e-01  5.87e-02  4.74e-02  2.47e-02  1.70e+03  5.15e+00 -1.00e+05
2016 04 07  2230   57485  81000   9.70e+00  1.27e-01  9.83e-02  5.87e-02  4.74e-02  2.47e-02  1.78e+03  5.52e+00 -1.00e+05
2016 04 07  2235   57485  81300   1.19e+01  3.90e-01  2.45e-01  8.34e-02  5.90e-02  2.72e-02  1.91e+03  2.27e+00 -1.00e+05
2016 04 07  2240   57485  81600   7.48e+00  2.41e-01  1.49e-01  9.75e-02  8.62e-02  5.86e-02  1.99e+03  3.63e+00 -1.00e+05
2016 04 07  2245   57485  81900   3.73e+00  2.05e-01  1.76e-01  1.37e-01  1.25e-01  5.44e-02  1.59e+03  1.07e+00 -1.00e+05
2016 04 07  2250   57485  82200   2.96e+00  2.83e-01  2.54e-01  1.02e-01  5.62e-02  2.66e-02  1.69e+03  1.33e-01 -1.00e+05
2016 04 07  2255   57485  82500   3.69e+00  1.27e-01  9.83e-02  5.87e-02  4.74e-02  2.47e-02  2.03e+03  3.39e+00 -1.00e+05
2016 04 07  2300   57485  82800   3.20e+00  1.54e-01  1.02e-01  5.87e-02  4.74e-02  2.47e-02  1.77e+03  4.89e+00 -1.00e+05
2016 04 07  2305   57485  83100   1.92e+00  1.54e-01  1.02e-01  5.87e-02  4.74e-02  2.47e-02  1.14e+03  2.79e+00 -1.00e+05
2016 04 07  2310   57485  83400   1.41e+00  1.27e-01  9.83e-02  5.87e-02  4.74e-02  2.47e-02  1.19e+03  4.44e+00 -1.00e+05
2016 04 07  2315   57485  83700   2.82e+00  2.39e-01  1.09e-01  6.55e-02  5.43e-02  3.16e-02  1.23e+03  2.02e+00 -1.00e+05
2016 04 07  2320   57485  84000   2.10e+00  1.28e-01  9.94e-02  5.86e-02  4.74e-02  2.47e-02  1.29e+03  4.86e+00 -1.00e+05
2016 04 07  2325   57485  84300   2.24e+00  1.57e-01  1.29e-01  8.78e-02  7.66e-02  5.39e-02  1.61e+03  1.03e+00 -1.00e+05
2016 04 07  2330   57485  84600   3.32e+00  1.28e-01  9.94e-02  5.86e-02  4.74e-02  2.47e-02  1.64e+03  4.59e+00 -1.00e+05
2016 04 07  2335   57485  84900   3.46e+00  2.10e-01  1.34e-01  8.51e-02  7.39e-02  3.32e-02  1.57e+03  2.51e+00 -1.00e+05
2016 04 07  2340   57485  85200   1.97e+00  2.11e-01  1.82e-01  1.41e-01  1.30e-01  5.13e-02  1.74e+03  1.33e-01 -1.00e+05
2016 04 07  2345   57485  85500   2.31e+00  3.36e-01  1.71e-01  5.86e-02  4.74e-02  2.47e-02  1.79e+03  4.83e+00 -1.00e+05
2016 04 07  2350   57485  85800   1.11e+00  2.80e-01  1.31e-01  5.86e-02  4.74e-02  2.47e-02  7.06e+02  1.13e+00 -1.00e+05
2016 04 07  2355   57485  86100   6.92e-01  1.62e-01  1.33e-01  7.05e-02  5.93e-02  3.66e-02  4.69e+02  1.33e-01 -1.00e+05
