:Data_list: 20160808_Gs_part_5m.txt
:Created: 2016 Aug 09 0011 UTC
# Prepared by the U.S. Dept. of Commerce, NOAA, Space Weather Prediction Center
# Please send comments and suggestions to SWPC.Webmaster@noaa.gov 
# 
# Label: P > 1 = Particles at >1 Mev
# Label: P > 5 = Particles at >5 Mev
# Label: P >10 = Particles at >10 Mev
# Label: P >30 = Particles at >30 Mev
# Label: P >50 = Particles at >50 Mev
# Label: P>100 = Particles at >100 Mev
# Label: E>0.8 = Electrons at >0.8 Mev
# Label: E>2.0 = Electrons at >2.0 Mev
# Label: E>4.0 = Electrons at >4.0 Mev
# Units: Particles = Protons/cm2-s-sr
# Units: Electrons = Electrons/cm2-s-sr
# Source: GOES-15
# Location: W135
# Missing data: -1.00e+05
#
#                      5-minute  GOES-15 Solar Particle and Electron Flux
#
#                 Modified Seconds
# UTC Date  Time   Julian  of the
# YR MO DA  HHMM    Day     Day     P > 1     P > 5     P >10     P >30     P >50     P>100     E>0.8     E>2.0     E>4.0
#-------------------------------------------------------------------------------------------------------------------------
2016 08 08  0000   57608      0   9.80e+00  1.42e-01  1.07e-01  5.57e-02  4.61e-02  2.35e-02  1.34e+05  1.85e+04 -1.00e+05
2016 08 08  0005   57608    300   1.37e+01  2.47e-01  1.27e-01  6.07e-02  4.72e-02  2.35e-02  1.28e+05  1.65e+04 -1.00e+05
2016 08 08  0010   57608    600   1.59e+01  3.08e-01  1.09e-01  5.57e-02  4.61e-02  2.35e-02  1.19e+05  1.52e+04 -1.00e+05
2016 08 08  0015   57608    900   5.81e+00  1.50e-01  1.15e-01  6.38e-02  5.13e-02  2.78e-02  1.03e+05  1.09e+04 -1.00e+05
2016 08 08  0020   57608   1200   7.35e+00  2.80e-01  1.61e-01  9.35e-02  5.46e-02  2.35e-02  5.99e+04  4.00e+03 -1.00e+05
2016 08 08  0025   57608   1500   1.25e+01  3.17e-01  1.42e-01  8.69e-02  5.31e-02  2.35e-02  7.36e+04  5.73e+03 -1.00e+05
2016 08 08  0030   57608   1800   6.90e+00  1.73e-01  1.37e-01  6.75e-02  5.78e-02  3.52e-02  7.82e+04  5.99e+03 -1.00e+05
2016 08 08  0035   57608   2100   1.02e+01  2.53e-01  1.34e-01  6.73e-02  4.87e-02  2.35e-02  9.02e+04  7.89e+03 -1.00e+05
2016 08 08  0040   57608   2400   1.35e+01  3.24e-01  1.56e-01  8.04e-02  5.16e-02  2.35e-02  1.03e+05  1.03e+04 -1.00e+05
2016 08 08  0045   57608   2700   1.40e+01  3.92e-01  2.73e-01  2.05e-01  1.34e-01  4.34e-02  1.24e+05  1.47e+04 -1.00e+05
2016 08 08  0050   57608   3000   1.10e+01  2.83e-01  2.48e-01  9.59e-02  5.35e-02  2.35e-02  1.31e+05  1.67e+04 -1.00e+05
2016 08 08  0055   57608   3300   1.24e+01  2.47e-01  2.11e-01  6.25e-02  5.29e-02  3.02e-02  1.38e+05  1.84e+04 -1.00e+05
2016 08 08  0100   57608   3600   1.51e+01  1.89e-01  1.18e-01  6.07e-02  4.72e-02  2.35e-02  1.37e+05  1.84e+04 -1.00e+05
2016 08 08  0105   57608   3900   1.15e+01  1.54e-01  1.18e-01  6.73e-02  4.87e-02  2.35e-02  1.31e+05  1.68e+04 -1.00e+05
2016 08 08  0110   57608   4200   2.34e+01  7.03e-01  3.23e-01  5.49e-02  4.52e-02  2.29e-02  1.25e+05  1.50e+04 -1.00e+05
2016 08 08  0115   57608   4500   2.07e+01  6.34e-01  3.36e-01  8.85e-02  7.89e-02  3.37e-02  1.29e+05  1.60e+04 -1.00e+05
2016 08 08  0120   57608   4800   9.91e+00  1.55e-01  1.08e-01  5.49e-02  4.52e-02  2.29e-02  1.06e+05  1.07e+04 -1.00e+05
2016 08 08  0125   57608   5100   7.22e+00  1.49e-01  1.11e-01  5.95e-02  4.63e-02  2.29e-02  1.01e+05  8.63e+03 -1.00e+05
2016 08 08  0130   57608   5400   5.48e+00  2.15e-01  1.77e-01  1.03e-01  5.25e-02  2.29e-02  8.46e+04  6.21e+03 -1.00e+05
2016 08 08  0135   57608   5700   9.26e+00  2.47e-01  1.09e-01  5.49e-02  4.52e-02  2.29e-02  9.08e+04  7.06e+03 -1.00e+05
2016 08 08  0140   57608   6000   6.70e+00  3.70e-01  3.23e-01  9.22e-02  5.36e-02  2.29e-02  9.74e+04  8.00e+03 -1.00e+05
2016 08 08  0145   57608   6300   6.81e+00  2.56e-01  2.19e-01  7.28e-02  6.31e-02  4.08e-02  9.87e+04  8.33e+03 -1.00e+05
2016 08 08  0150   57608   6600   6.83e+00  1.72e-01  1.34e-01  8.23e-02  7.26e-02  3.17e-02  9.80e+04  8.43e+03 -1.00e+05
2016 08 08  0155   57608   6900   7.42e+00  3.08e-01  2.59e-01  1.25e-01  1.06e-01  4.18e-02  9.71e+04  8.29e+03 -1.00e+05
2016 08 08  0200   57608   7200   9.59e+00  2.47e-01  1.09e-01  5.49e-02  4.52e-02  2.29e-02  9.04e+04  6.97e+03 -1.00e+05
2016 08 08  0205   57608   7500   1.09e+01  2.96e-01  1.09e-01  5.49e-02  4.52e-02  2.29e-02  8.23e+04  5.93e+03 -1.00e+05
2016 08 08  0210   57608   7800   5.85e+00  2.19e-01  1.81e-01  1.30e-01  1.20e-01  5.91e-02  8.50e+04  6.00e+03 -1.00e+05
2016 08 08  0215   57608   8100   5.67e+00  1.44e-01  1.06e-01  5.49e-02  4.52e-02  2.29e-02  8.34e+04  5.86e+03 -1.00e+05
2016 08 08  0220   57608   8400   9.37e+00  5.35e-01  2.59e-01  6.60e-02  4.77e-02  2.29e-02  8.58e+04  6.08e+03 -1.00e+05
2016 08 08  0225   57608   8700   9.89e+00  4.55e-01  2.37e-01  6.78e-02  5.82e-02  3.59e-02  8.61e+04  6.18e+03 -1.00e+05
2016 08 08  0230   57608   9000   5.93e+00  1.44e-01  1.06e-01  5.49e-02  4.52e-02  2.29e-02  8.91e+04  6.62e+03 -1.00e+05
2016 08 08  0235   57608   9300   6.33e+00  1.71e-01  1.26e-01  7.28e-02  6.31e-02  4.08e-02  9.49e+04  7.33e+03 -1.00e+05
2016 08 08  0240   57608   9600   7.94e+00  3.01e-01  1.57e-01  6.60e-02  4.77e-02  2.29e-02  9.02e+04  6.94e+03 -1.00e+05
2016 08 08  0245   57608   9900   4.83e+00  1.69e-01  1.31e-01  7.99e-02  7.02e-02  4.48e-02  8.51e+04  6.09e+03 -1.00e+05
2016 08 08  0250   57608  10200   4.39e+00  1.50e-01  1.12e-01  6.04e-02  5.07e-02  2.84e-02  8.19e+04  5.42e+03 -1.00e+05
2016 08 08  0255   57608  10500   4.80e+00  1.44e-01  1.06e-01  5.49e-02  4.52e-02  2.29e-02  8.45e+04  5.81e+03 -1.00e+05
2016 08 08  0300   57608  10800   4.01e+00  1.67e-01  1.29e-01  7.77e-02  6.81e-02  4.58e-02  8.60e+04  5.85e+03 -1.00e+05
2016 08 08  0305   57608  11100   4.18e+00  3.20e-01  2.82e-01  5.49e-02  4.52e-02  2.29e-02  8.60e+04  5.73e+03 -1.00e+05
2016 08 08  0310   57608  11400   4.26e+00  3.55e-01  2.77e-01  7.60e-02  6.63e-02  2.97e-02  8.45e+04  5.46e+03 -1.00e+05
2016 08 08  0315   57608  11700   4.88e+00  2.70e-01  1.26e-01  5.49e-02  4.52e-02  2.29e-02  7.61e+04  4.59e+03 -1.00e+05
2016 08 08  0320   57608  12000   4.03e+00  2.12e-01  1.17e-01  5.49e-02  4.52e-02  2.29e-02  6.90e+04  3.82e+03 -1.00e+05
2016 08 08  0325   57608  12300   2.96e+00  1.44e-01  1.06e-01  5.49e-02  4.52e-02  2.29e-02  6.95e+04  3.62e+03 -1.00e+05
2016 08 08  0330   57608  12600   5.44e+00  3.41e-01  1.09e-01  5.49e-02  4.52e-02  2.29e-02  6.45e+04  3.29e+03 -1.00e+05
2016 08 08  0335   57608  12900   3.85e+00  2.95e-01  1.50e-01  5.95e-02  4.63e-02  2.29e-02  6.16e+04  3.04e+03 -1.00e+05
2016 08 08  0340   57608  13200   2.83e+00  2.09e-01  1.71e-01  1.20e-01  1.10e-01  4.38e-02  5.77e+04  2.66e+03 -1.00e+05
2016 08 08  0345   57608  13500   3.11e+00  3.36e-01  2.98e-01  7.53e-02  6.56e-02  4.33e-02  5.75e+04  2.68e+03 -1.00e+05
2016 08 08  0350   57608  13800   2.68e+00  1.97e-01  1.59e-01  1.06e-01  6.54e-02  3.59e-02  5.55e+04  2.52e+03 -1.00e+05
2016 08 08  0355   57608  14100   3.29e+00  2.75e-01  2.03e-01  1.45e-01  1.35e-01  5.19e-02  5.26e+04  2.31e+03 -1.00e+05
2016 08 08  0400   57608  14400   2.68e+00  1.44e-01  1.06e-01  5.49e-02  4.52e-02  2.29e-02  4.96e+04  2.09e+03 -1.00e+05
2016 08 08  0405   57608  14700   3.87e+00  2.70e-01  1.26e-01  5.49e-02  4.52e-02  2.29e-02  4.67e+04  1.84e+03 -1.00e+05
2016 08 08  0410   57608  15000   2.92e+00  2.72e-01  1.54e-01  8.85e-02  7.89e-02  3.37e-02  4.46e+04  1.64e+03 -1.00e+05
2016 08 08  0415   57608  15300   3.80e+00  3.28e-01  1.42e-01  6.35e-02  5.38e-02  2.57e-02  4.36e+04  1.57e+03 -1.00e+05
2016 08 08  0420   57608  15600   2.61e+00  2.17e-01  1.41e-01  8.28e-02  7.32e-02  3.40e-02  4.04e+04  1.42e+03 -1.00e+05
2016 08 08  0425   57608  15900   2.27e+00  1.77e-01  1.39e-01  5.49e-02  4.52e-02  2.29e-02  4.57e+04  1.72e+03 -1.00e+05
2016 08 08  0430   57608  16200   3.81e+00  2.85e-01  1.33e-01  5.49e-02  4.52e-02  2.29e-02  4.10e+04  1.45e+03 -1.00e+05
2016 08 08  0435   57608  16500   2.14e+00  2.28e-01  1.91e-01  1.38e-01  1.05e-01  3.98e-02  4.39e+04  1.67e+03 -1.00e+05
2016 08 08  0440   57608  16800   3.05e+00  2.13e-01  1.17e-01  5.54e-02  4.58e-02  2.35e-02  4.76e+04  1.85e+03 -1.00e+05
2016 08 08  0445   57608  17100   2.51e+00  2.59e-01  2.21e-01  7.49e-02  5.15e-02  2.37e-02  4.46e+04  1.77e+03 -1.00e+05
2016 08 08  0450   57608  17400   2.32e+00  2.17e-01  1.71e-01  9.80e-02  6.11e-02  3.09e-02  4.25e+04  1.64e+03 -1.00e+05
2016 08 08  0455   57608  17700   2.39e+00  2.49e-01  2.11e-01  1.59e-01  1.50e-01  6.36e-02  4.47e+04  1.77e+03 -1.00e+05
2016 08 08  0500   57608  18000   2.97e+00  3.10e-01  2.15e-01  5.49e-02  4.52e-02  2.29e-02  4.36e+04  1.71e+03 -1.00e+05
2016 08 08  0505   57608  18300   2.23e+00  2.06e-01  1.68e-01  1.07e-01  9.78e-02  7.55e-02  3.91e+04  1.51e+03 -1.00e+05
2016 08 08  0510   57608  18600   2.05e+00  1.44e-01  1.06e-01  5.49e-02  4.52e-02  2.29e-02  3.70e+04  1.58e+03 -1.00e+05
2016 08 08  0515   57608  18900   3.70e+00  2.76e-01  1.12e-01  5.79e-02  4.83e-02  2.60e-02  4.08e+04  1.72e+03 -1.00e+05
2016 08 08  0520   57608  19200   2.06e+00  1.83e-01  1.46e-01  9.37e-02  7.03e-02  2.97e-02  3.78e+04  1.74e+03 -1.00e+05
2016 08 08  0525   57608  19500   3.66e+00  3.19e-01  1.09e-01  5.49e-02  4.52e-02  2.29e-02  3.97e+04  1.70e+03 -1.00e+05
2016 08 08  0530   57608  19800   2.29e+00  2.15e-01  1.78e-01  1.26e-01  1.16e-01  4.58e-02  3.57e+04  1.62e+03 -1.00e+05
2016 08 08  0535   57608  20100   3.68e+00  3.73e-01  2.28e-01  5.95e-02  4.63e-02  2.29e-02  3.36e+04  1.41e+03 -1.00e+05
2016 08 08  0540   57608  20400   2.27e+00  1.55e-01  1.08e-01  5.49e-02  4.52e-02  2.29e-02  3.54e+04  1.61e+03 -1.00e+05
2016 08 08  0545   57608  20700   1.98e+00  1.97e-01  1.59e-01  1.07e-01  9.77e-02  3.98e-02  3.94e+04  1.83e+03 -1.00e+05
2016 08 08  0550   57608  21000   2.22e+00  1.66e-01  1.19e-01  6.60e-02  4.77e-02  2.29e-02  3.75e+04  1.82e+03 -1.00e+05
2016 08 08  0555   57608  21300   1.96e+00  1.84e-01  1.46e-01  9.48e-02  8.51e-02  3.58e-02  3.45e+04  1.63e+03 -1.00e+05
2016 08 08  0600   57608  21600   3.47e+00  2.70e-01  1.26e-01  5.49e-02  4.52e-02  2.29e-02  3.66e+04  1.69e+03 -1.00e+05
2016 08 08  0605   57608  21900   4.21e+00  4.26e-01  1.51e-01  9.68e-02  6.66e-02  3.84e-02  3.12e+04  1.49e+03 -1.00e+05
2016 08 08  0610   57608  22200   2.79e+00  2.17e-01  1.21e-01  5.95e-02  4.63e-02  2.29e-02  3.41e+04  1.64e+03 -1.00e+05
2016 08 08  0615   57608  22500   2.11e+00  1.59e-01  1.21e-01  6.97e-02  6.01e-02  2.77e-02  3.77e+04  1.82e+03 -1.00e+05
2016 08 08  0620   57608  22800   2.01e+00  1.87e-01  1.49e-01  9.75e-02  8.79e-02  6.56e-02  3.50e+04  1.79e+03 -1.00e+05
2016 08 08  0625   57608  23100   2.14e+00  1.55e-01  1.08e-01  5.49e-02  4.52e-02  2.29e-02  3.58e+04  1.83e+03 -1.00e+05
2016 08 08  0630   57608  23400   2.23e+00  1.91e-01  1.44e-01  5.79e-02  4.83e-02  2.60e-02  3.36e+04  1.73e+03 -1.00e+05
2016 08 08  0635   57608  23700   4.26e+00  3.98e-01  1.46e-01  7.28e-02  6.31e-02  4.08e-02  3.22e+04  1.65e+03 -1.00e+05
2016 08 08  0640   57608  24000   1.93e+00  1.55e-01  1.08e-01  5.49e-02  4.52e-02  2.29e-02  3.21e+04  1.66e+03 -1.00e+05
2016 08 08  0645   57608  24300   2.58e+00  2.31e-01  1.42e-01  7.46e-02  5.63e-02  2.57e-02  2.96e+04  1.59e+03 -1.00e+05
2016 08 08  0650   57608  24600   4.00e+00  6.01e-01  3.21e-01  5.49e-02  4.52e-02  2.29e-02  3.18e+04  1.70e+03 -1.00e+05
2016 08 08  0655   57608  24900   2.21e+00  1.85e-01  1.47e-01  9.44e-02  5.65e-02  2.60e-02  4.45e+04  3.01e+03 -1.00e+05
2016 08 08  0700   57608  25200   2.22e+00  1.72e-01  1.34e-01  8.23e-02  7.26e-02  3.17e-02  4.90e+04  3.27e+03 -1.00e+05
2016 08 08  0705   57608  25500   3.94e+00  3.48e-01  1.30e-01  6.40e-02  5.44e-02  2.79e-02  4.58e+04  3.03e+03 -1.00e+05
2016 08 08  0710   57608  25800   3.21e+00  2.70e-01  1.26e-01  5.49e-02  4.52e-02  2.29e-02  4.00e+04  2.63e+03 -1.00e+05
2016 08 08  0715   57608  26100   2.16e+00  2.94e-01  2.57e-01  8.37e-02  7.40e-02  2.32e-02  3.22e+04  2.05e+03 -1.00e+05
2016 08 08  0720   57608  26400   2.21e+00  1.50e-01  1.12e-01  6.04e-02  5.07e-02  2.84e-02  3.42e+04  2.26e+03 -1.00e+05
2016 08 08  0725   57608  26700   2.30e+00  2.30e-01  1.92e-01  7.61e-02  6.64e-02  3.01e-02  3.99e+04  2.68e+03 -1.00e+05
2016 08 08  0730   57608  27000   2.32e+00  1.56e-01  1.18e-01  6.60e-02  4.77e-02  2.29e-02  3.90e+04  2.65e+03 -1.00e+05
2016 08 08  0735   57608  27300   3.30e+00  2.73e-01  1.09e-01  5.49e-02  4.52e-02  2.29e-02  3.87e+04  2.64e+03 -1.00e+05
2016 08 08  0740   57608  27600   3.66e+00  3.68e-01  2.24e-01  5.49e-02  4.52e-02  2.29e-02  4.82e+04  3.43e+03 -1.00e+05
2016 08 08  0745   57608  27900   3.79e+00  2.59e-01  1.20e-01  6.60e-02  4.77e-02  2.29e-02  4.61e+04  3.42e+03 -1.00e+05
2016 08 08  0750   57608  28200   2.83e+00  2.12e-01  1.17e-01  5.49e-02  4.52e-02  2.29e-02  5.58e+04  4.64e+03 -1.00e+05
2016 08 08  0755   57608  28500   2.15e+00  2.22e-01  1.84e-01  1.32e-01  1.23e-01  4.78e-02  5.44e+04  4.54e+03 -1.00e+05
2016 08 08  0800   57608  28800   2.39e+00  2.91e-01  2.53e-01  1.01e-01  9.14e-02  3.78e-02  4.91e+04  4.01e+03 -1.00e+05
2016 08 08  0805   57608  29100   2.94e+00  3.10e-01  2.15e-01  5.49e-02  4.52e-02  2.29e-02  5.12e+04  4.25e+03 -1.00e+05
2016 08 08  0810   57608  29400   2.61e+00  2.00e-01  1.53e-01  9.88e-02  5.51e-02  2.29e-02  4.70e+04  3.66e+03 -1.00e+05
2016 08 08  0815   57608  29700   2.77e+00  2.12e-01  1.17e-01  5.49e-02  4.52e-02  2.29e-02  4.42e+04  3.76e+03 -1.00e+05
2016 08 08  0820   57608  30000   2.42e+00  3.39e-01  3.01e-01  7.26e-02  4.92e-02  2.29e-02  4.84e+04  3.81e+03 -1.00e+05
2016 08 08  0825   57608  30300   2.41e+00  1.77e-01  1.39e-01  5.49e-02  4.52e-02  2.29e-02  4.41e+04  3.61e+03 -1.00e+05
2016 08 08  0830   57608  30600   2.32e+00  3.41e-01  3.03e-01  7.90e-02  6.45e-02  4.08e-02  4.57e+04  3.67e+03 -1.00e+05
2016 08 08  0835   57608  30900   2.39e+00  1.44e-01  1.06e-01  5.49e-02  4.52e-02  2.29e-02  4.34e+04  3.38e+03 -1.00e+05
2016 08 08  0840   57608  31200   2.31e+00  2.00e-01  1.63e-01  1.10e-01  6.96e-02  3.84e-02  3.51e+04  2.94e+03 -1.00e+05
2016 08 08  0845   57608  31500   3.44e+00  2.70e-01  1.26e-01  5.49e-02  4.52e-02  2.29e-02  3.84e+04  2.94e+03 -1.00e+05
2016 08 08  0850   57608  31800   2.45e+00  1.76e-01  1.38e-01  8.57e-02  5.22e-02  2.29e-02  3.68e+04  2.95e+03 -1.00e+05
2016 08 08  0855   57608  32100   5.07e+00  3.29e-01  1.24e-01  6.97e-02  6.01e-02  2.77e-02  4.89e+04  4.54e+03 -1.00e+05
2016 08 08  0900   57608  32400   2.72e+00  1.65e-01  1.27e-01  7.49e-02  5.15e-02  2.37e-02  5.58e+04  5.54e+03 -1.00e+05
2016 08 08  0905   57608  32700   4.06e+00  2.12e-01  1.17e-01  5.49e-02  4.52e-02  2.29e-02  5.47e+04  5.31e+03 -1.00e+05
2016 08 08  0910   57608  33000   3.35e+00  1.89e-01  1.51e-01  1.00e-01  9.04e-02  6.81e-02  5.59e+04  5.51e+03 -1.00e+05
2016 08 08  0915   57608  33300   4.92e+00  4.12e-01  2.27e-01  5.49e-02  4.52e-02  2.29e-02  5.51e+04  5.14e+03 -1.00e+05
2016 08 08  0920   57608  33600   3.13e+00  2.14e-01  1.69e-01  9.86e-02  6.89e-02  4.08e-02  5.04e+04  4.61e+03 -1.00e+05
2016 08 08  0925   57608  33900   2.87e+00  1.78e-01  1.41e-01  7.28e-02  6.31e-02  4.08e-02  5.03e+04  4.40e+03 -1.00e+05
2016 08 08  0930   57608  34200   2.91e+00  1.78e-01  1.40e-01  8.85e-02  7.89e-02  3.37e-02  5.25e+04  4.70e+03 -1.00e+05
2016 08 08  0935   57608  34500   2.68e+00  1.55e-01  1.08e-01  5.49e-02  4.52e-02  2.29e-02  5.31e+04  4.69e+03 -1.00e+05
2016 08 08  0940   57608  34800   2.60e+00  1.55e-01  1.08e-01  5.49e-02  4.52e-02  2.29e-02  5.15e+04  4.42e+03 -1.00e+05
2016 08 08  0945   57608  35100   2.65e+00  2.07e-01  1.61e-01  1.06e-01  6.49e-02  3.34e-02  4.53e+04  3.74e+03 -1.00e+05
2016 08 08  0950   57608  35400   2.65e+00  1.69e-01  1.31e-01  7.91e-02  5.07e-02  2.29e-02  4.35e+04  3.48e+03 -1.00e+05
2016 08 08  0955   57608  35700   2.33e+00  1.60e-01  1.22e-01  7.00e-02  5.29e-02  2.84e-02  4.15e+04  3.28e+03 -1.00e+05
2016 08 08  1000   57608  36000   4.28e+00  3.74e-01  1.80e-01  1.26e-01  1.16e-01  6.62e-02  3.96e+04  3.20e+03 -1.00e+05
2016 08 08  1005   57608  36300   2.68e+00  1.70e-01  1.32e-01  8.06e-02  6.74e-02  2.97e-02  3.82e+04  2.95e+03 -1.00e+05
2016 08 08  1010   57608  36600   2.56e+00  2.04e-01  1.66e-01  1.14e-01  7.42e-02  4.33e-02  3.80e+04  2.98e+03 -1.00e+05
2016 08 08  1015   57608  36900   2.46e+00  2.15e-01  1.78e-01  1.26e-01  1.16e-01  4.58e-02  4.06e+04  3.08e+03 -1.00e+05
2016 08 08  1020   57608  37200   4.24e+00  4.12e-01  2.27e-01  5.49e-02  4.52e-02  2.29e-02  3.77e+04  2.95e+03 -1.00e+05
2016 08 08  1025   57608  37500   2.46e+00  1.55e-01  1.17e-01  6.52e-02  5.38e-02  3.09e-02  3.63e+04  2.62e+03 -1.00e+05
2016 08 08  1030   57608  37800   2.26e+00  1.95e-01  1.57e-01  5.95e-02  4.63e-02  2.29e-02  3.58e+04  2.69e+03 -1.00e+05
2016 08 08  1035   57608  38100   2.62e+00  1.55e-01  1.17e-01  6.52e-02  5.38e-02  3.09e-02  3.58e+04  2.51e+03 -1.00e+05
2016 08 08  1040   57608  38400   2.81e+00  1.83e-01  1.45e-01  9.22e-02  5.36e-02  2.29e-02  3.06e+04  2.21e+03 -1.00e+05
2016 08 08  1045   57608  38700   2.42e+00  1.46e-01  1.09e-01  5.72e-02  4.75e-02  2.37e-02  3.16e+04  2.23e+03 -1.00e+05
2016 08 08  1050   57608  39000   4.01e+00  3.38e-01  1.58e-01  7.91e-02  5.07e-02  2.29e-02  3.19e+04  2.20e+03 -1.00e+05
2016 08 08  1055   57608  39300   2.62e+00  2.52e-01  2.14e-01  1.61e-01  1.15e-01  6.58e-02  3.19e+04  2.30e+03 -1.00e+05
2016 08 08  1100   57608  39600   2.58e+00  1.63e-01  1.25e-01  5.72e-02  4.75e-02  2.37e-02  3.25e+04  2.21e+03 -1.00e+05
2016 08 08  1105   57608  39900   4.12e+00  4.90e-01  3.13e-01  2.57e-01  1.69e-01  5.19e-02  2.96e+04  2.01e+03 -1.00e+05
2016 08 08  1110   57608  40200   2.69e+00  2.04e-01  1.66e-01  1.14e-01  7.50e-02  4.42e-02  2.88e+04  1.91e+03 -1.00e+05
2016 08 08  1115   57608  40500   2.29e+00  3.55e-01  3.18e-01  1.26e-01  9.21e-02  3.58e-02  2.93e+04  1.94e+03 -1.00e+05
2016 08 08  1120   57608  40800   2.41e+00  1.62e-01  1.21e-01  6.35e-02  5.38e-02  2.57e-02  2.90e+04  1.98e+03 -1.00e+05
2016 08 08  1125   57608  41100   2.51e+00  3.38e-01  3.00e-01  7.77e-02  6.81e-02  4.58e-02  2.90e+04  1.97e+03 -1.00e+05
2016 08 08  1130   57608  41400   4.66e+00  6.03e-01  3.59e-01  9.22e-02  5.36e-02  2.29e-02  2.93e+04  2.03e+03 -1.00e+05
2016 08 08  1135   57608  41700   3.52e+00  2.37e-01  1.42e-01  5.95e-02  4.63e-02  2.29e-02  3.12e+04  2.23e+03 -1.00e+05
2016 08 08  1140   57608  42000   2.75e+00  1.90e-01  1.45e-01  7.49e-02  5.15e-02  2.37e-02  3.16e+04  2.27e+03 -1.00e+05
2016 08 08  1145   57608  42300   2.91e+00  2.61e-01  2.23e-01  7.26e-02  4.92e-02  2.29e-02  3.10e+04  2.25e+03 -1.00e+05
2016 08 08  1150   57608  42600   2.72e+00  1.98e-01  1.60e-01  9.21e-02  6.75e-02  4.08e-02  3.34e+04  2.48e+03 -1.00e+05
2016 08 08  1155   57608  42900   4.61e+00  3.68e-01  1.86e-01  1.32e-01  1.23e-01  4.78e-02  3.21e+04  2.37e+03 -1.00e+05
2016 08 08  1200   57608  43200   4.76e+00  3.18e-01  1.54e-01  9.88e-02  5.51e-02  2.29e-02  3.26e+04  2.40e+03 -1.00e+05
2016 08 08  1205   57608  43500   2.83e+00  1.56e-01  1.18e-01  6.60e-02  4.77e-02  2.29e-02  3.31e+04  2.46e+03 -1.00e+05
2016 08 08  1210   57608  43800   2.91e+00  2.50e-01  2.12e-01  6.35e-02  5.14e-02  2.84e-02  3.24e+04  2.43e+03 -1.00e+05
2016 08 08  1215   57608  44100   2.81e+00  1.44e-01  1.06e-01  5.49e-02  4.52e-02  2.29e-02  3.29e+04  2.48e+03 -1.00e+05
2016 08 08  1220   57608  44400   4.81e+00  2.86e-01  1.47e-01  9.22e-02  5.36e-02  2.29e-02  3.34e+04  2.46e+03 -1.00e+05
2016 08 08  1225   57608  44700   4.56e+00  3.60e-01  1.80e-01  9.92e-02  5.25e-02  2.29e-02  3.33e+04  2.56e+03 -1.00e+05
2016 08 08  1230   57608  45000   3.53e+00  2.54e-01  1.65e-01  6.35e-02  5.38e-02  2.57e-02  3.56e+04  2.70e+03 -1.00e+05
2016 08 08  1235   57608  45300   2.71e+00  1.76e-01  1.38e-01  8.57e-02  5.22e-02  2.29e-02  3.53e+04  2.66e+03 -1.00e+05
2016 08 08  1240   57608  45600   3.79e+00  2.44e-01  1.48e-01  8.57e-02  5.22e-02  2.29e-02  3.45e+04  2.70e+03 -1.00e+05
2016 08 08  1245   57608  45900   3.40e+00  1.65e-01  1.18e-01  6.53e-02  5.57e-02  3.34e-02  3.56e+04  2.75e+03 -1.00e+05
2016 08 08  1250   57608  46200   3.09e+00  2.47e-01  2.09e-01  5.95e-02  4.63e-02  2.29e-02  3.56e+04  2.85e+03 -1.00e+05
2016 08 08  1255   57608  46500   2.97e+00  3.56e-01  3.11e-01  9.01e-02  8.05e-02  5.82e-02  3.69e+04  2.94e+03 -1.00e+05
2016 08 08  1300   57608  46800   2.83e+00  1.60e-01  1.22e-01  7.03e-02  6.06e-02  3.84e-02  3.66e+04  3.02e+03 -1.00e+05
2016 08 08  1305   57608  47100   5.01e+00  2.72e-01  1.34e-01  7.91e-02  5.07e-02  2.29e-02  3.61e+04  2.91e+03 -1.00e+05
2016 08 08  1310   57608  47400   3.30e+00  3.13e-01  2.76e-01  1.12e-01  8.91e-02  3.58e-02  3.71e+04  3.02e+03 -1.00e+05
2016 08 08  1315   57608  47700   3.69e+00  1.55e-01  1.08e-01  5.49e-02  4.52e-02  2.29e-02  3.56e+04  2.82e+03 -1.00e+05
2016 08 08  1320   57608  48000   3.07e+00  1.49e-01  1.11e-01  5.95e-02  4.63e-02  2.29e-02  3.90e+04  3.39e+03 -1.00e+05
2016 08 08  1325   57608  48300   4.25e+00  2.12e-01  1.17e-01  5.49e-02  4.52e-02  2.29e-02  4.21e+04  3.62e+03 -1.00e+05
2016 08 08  1330   57608  48600   3.11e+00  2.13e-01  1.75e-01  1.22e-01  8.58e-02  5.57e-02  4.19e+04  3.66e+03 -1.00e+05
2016 08 08  1335   57608  48900   3.16e+00  1.45e-01  1.07e-01  5.54e-02  4.58e-02  2.35e-02  4.14e+04  3.78e+03 -1.00e+05
2016 08 08  1340   57608  49200   2.89e+00  1.44e-01  1.06e-01  5.49e-02  4.52e-02  2.29e-02  4.42e+04  4.06e+03 -1.00e+05
2016 08 08  1345   57608  49500   4.34e+00  3.02e-01  1.57e-01  8.57e-02  5.22e-02  2.29e-02  4.66e+04  4.23e+03 -1.00e+05
2016 08 08  1350   57608  49800   3.82e+00  3.18e-01  2.16e-01  1.51e-01  1.08e-01  3.98e-02  4.66e+04  4.43e+03 -1.00e+05
2016 08 08  1355   57608  50100   4.44e+00  3.68e-01  2.24e-01  5.49e-02  4.52e-02  2.29e-02  4.93e+04  4.68e+03 -1.00e+05
2016 08 08  1400   57608  50400   3.10e+00  3.45e-01  2.99e-01  9.44e-02  5.65e-02  2.60e-02  5.15e+04  5.24e+03 -1.00e+05
2016 08 08  1405   57608  50700   5.29e+00  3.58e-01  1.49e-01  9.51e-02  8.54e-02  6.31e-02  5.57e+04  5.68e+03 -1.00e+05
2016 08 08  1410   57608  51000   5.14e+00  5.66e-01  2.53e-01  7.91e-02  5.07e-02  2.29e-02  5.73e+04  5.91e+03 -1.00e+05
2016 08 08  1415   57608  51300   4.15e+00  2.69e-01  1.32e-01  7.77e-02  6.81e-02  4.58e-02  5.72e+04  5.71e+03 -1.00e+05
2016 08 08  1420   57608  51600   3.71e+00  2.70e-01  1.26e-01  5.49e-02  4.52e-02  2.29e-02  5.66e+04  5.97e+03 -1.00e+05
2016 08 08  1425   57608  51900   3.50e+00  2.35e-01  1.39e-01  5.79e-02  4.83e-02  2.60e-02  6.22e+04  6.52e+03 -1.00e+05
2016 08 08  1430   57608  52200   2.59e+00  2.52e-01  2.15e-01  6.78e-02  5.82e-02  3.59e-02  6.06e+04  6.29e+03 -1.00e+05
2016 08 08  1435   57608  52500   2.49e+00  1.89e-01  1.52e-01  9.88e-02  5.51e-02  2.29e-02  6.01e+04  6.54e+03 -1.00e+05
2016 08 08  1440   57608  52800   2.72e+00  1.89e-01  1.51e-01  7.91e-02  5.07e-02  2.29e-02  6.24e+04  6.44e+03 -1.00e+05
2016 08 08  1445   57608  53100   4.45e+00  2.90e-01  1.27e-01  7.28e-02  6.31e-02  4.08e-02  6.05e+04  6.42e+03 -1.00e+05
2016 08 08  1450   57608  53400   5.50e+00  6.35e-01  2.38e-01  5.95e-02  4.63e-02  2.29e-02  6.07e+04  6.10e+03 -1.00e+05
2016 08 08  1455   57608  53700   4.55e+00  3.29e-01  1.41e-01  8.61e-02  5.27e-02  2.35e-02  6.14e+04  5.99e+03 -1.00e+05
2016 08 08  1500   57608  54000   3.43e+00  2.51e-01  1.56e-01  9.25e-02  5.24e-02  2.29e-02  6.35e+04  6.56e+03 -1.00e+05
2016 08 08  1505   57608  54300   2.67e+00  1.56e-01  1.18e-01  6.60e-02  4.77e-02  2.29e-02  7.45e+04  7.95e+03 -1.00e+05
2016 08 08  1510   57608  54600   2.85e+00  1.55e-01  1.15e-01  6.35e-02  5.38e-02  2.57e-02  7.98e+04  9.18e+03 -1.00e+05
2016 08 08  1515   57608  54900   3.91e+00  2.68e-01  1.76e-01  1.05e-01  9.53e-02  7.30e-02  8.30e+04  9.53e+03 -1.00e+05
2016 08 08  1520   57608  55200   1.05e+01  6.26e-01  3.46e-01  7.91e-02  5.07e-02  2.29e-02  8.98e+04  1.02e+04 -1.00e+05
2016 08 08  1525   57608  55500   8.24e+01  2.16e-01  1.36e-01  7.66e-02  6.69e-02  3.20e-02  9.31e+04  1.06e+04 -1.00e+05
2016 08 08  1530   57608  55800   7.86e+01  2.78e-01  2.40e-01  1.12e-01  9.39e-02  3.78e-02  9.61e+04  1.09e+04 -1.00e+05
2016 08 08  1535   57608  56100   3.66e+01  2.17e-01  1.22e-01  6.04e-02  5.07e-02  2.84e-02  9.65e+04  1.08e+04 -1.00e+05
2016 08 08  1540   57608  56400   2.70e+01  3.63e-01  1.09e-01  5.49e-02  4.52e-02  2.29e-02  9.88e+04  1.10e+04 -1.00e+05
2016 08 08  1545   57608  56700   2.45e+01  3.09e-01  1.30e-01  7.60e-02  6.63e-02  2.97e-02  1.04e+05  1.15e+04 -1.00e+05
2016 08 08  1550   57608  57000   1.77e+01  2.70e-01  1.26e-01  5.49e-02  4.52e-02  2.29e-02  1.04e+05  1.16e+04 -1.00e+05
2016 08 08  1555   57608  57300   1.60e+01  4.78e-01  3.37e-01  1.00e-01  9.04e-02  6.81e-02  9.61e+04  1.02e+04 -1.00e+05
2016 08 08  1600   57608  57600   2.64e+01  3.22e-01  1.77e-01  8.57e-02  5.22e-02  2.29e-02  9.86e+04  1.02e+04 -1.00e+05
2016 08 08  1605   57608  57900   9.75e+01  1.90e-01  1.53e-01  1.01e-01  9.14e-02  3.78e-02  9.86e+04  1.00e+04 -1.00e+05
2016 08 08  1610   57608  58200   3.06e+02  2.43e-01  1.49e-01  7.03e-02  6.06e-02  3.84e-02  9.86e+04  9.87e+03 -1.00e+05
2016 08 08  1615   57608  58500   1.52e+02  1.83e-01  1.45e-01  9.26e-02  5.42e-02  2.35e-02  1.01e+05  1.03e+04 -1.00e+05
2016 08 08  1620   57608  58800   1.35e+02  4.12e-01  2.27e-01  5.49e-02  4.52e-02  2.29e-02  1.07e+05  1.13e+04 -1.00e+05
2016 08 08  1625   57608  59100   6.78e+01  3.45e-01  2.12e-01  6.97e-02  6.01e-02  2.77e-02  1.04e+05  1.08e+04 -1.00e+05
2016 08 08  1630   57608  59400   4.49e+01  1.77e-01  1.39e-01  5.49e-02  4.52e-02  2.29e-02  1.00e+05  1.03e+04 -1.00e+05
2016 08 08  1635   57608  59700   1.01e+02  3.03e-01  1.59e-01  5.49e-02  4.52e-02  2.29e-02  1.04e+05  1.09e+04 -1.00e+05
2016 08 08  1640   57608  60000   9.58e+01  1.72e-01  1.34e-01  8.27e-02  7.30e-02  5.07e-02  1.09e+05  1.22e+04 -1.00e+05
2016 08 08  1645   57608  60300   9.86e+01  3.20e-01  2.82e-01  5.49e-02  4.52e-02  2.29e-02  1.11e+05  1.32e+04 -1.00e+05
2016 08 08  1650   57608  60600   8.15e+01  2.53e-01  2.06e-01  5.49e-02  4.52e-02  2.29e-02  1.16e+05  1.46e+04 -1.00e+05
2016 08 08  1655   57608  60900   6.13e+01  1.44e-01  1.06e-01  5.49e-02  4.52e-02  2.29e-02  1.20e+05  1.55e+04 -1.00e+05
2016 08 08  1700   57608  61200   7.16e+01  1.56e-01  1.18e-01  6.60e-02  4.77e-02  2.29e-02  1.18e+05  1.52e+04 -1.00e+05
2016 08 08  1705   57608  61500   8.59e+01  2.88e-01  1.44e-01  7.26e-02  4.92e-02  2.29e-02  1.13e+05  1.39e+04 -1.00e+05
2016 08 08  1710   57608  61800   9.87e+01  2.96e-01  1.49e-01  9.48e-02  8.51e-02  3.58e-02  1.17e+05  1.52e+04 -1.00e+05
2016 08 08  1715   57608  62100   5.36e+01  1.52e-01  1.14e-01  6.29e-02  5.32e-02  3.09e-02  1.19e+05  1.63e+04 -1.00e+05
2016 08 08  1720   57608  62400   3.96e+01  2.22e-01  1.84e-01  1.32e-01  1.23e-01  4.78e-02  1.17e+05  1.60e+04 -1.00e+05
2016 08 08  1725   57608  62700   4.40e+01  3.28e-01  1.85e-01  8.27e-02  7.30e-02  5.07e-02  1.16e+05  1.55e+04 -1.00e+05
2016 08 08  1730   57608  63000   2.33e+01  1.52e-01  1.14e-01  6.29e-02  5.32e-02  3.09e-02  1.22e+05  1.77e+04 -1.00e+05
2016 08 08  1735   57608  63300   2.27e+01  2.28e-01  1.90e-01  9.63e-02  8.67e-02  4.17e-02  1.26e+05  1.92e+04 -1.00e+05
2016 08 08  1740   57608  63600   3.71e+01  4.17e-01  2.32e-01  5.99e-02  4.68e-02  2.35e-02  1.29e+05  1.98e+04 -1.00e+05
2016 08 08  1745   57608  63900   2.29e+01  1.64e-01  1.26e-01  5.49e-02  4.52e-02  2.29e-02  1.30e+05  2.02e+04 -1.00e+05
2016 08 08  1750   57608  64200   2.18e+01  2.67e-01  2.30e-01  7.26e-02  4.92e-02  2.29e-02  1.31e+05  2.08e+04 -1.00e+05
2016 08 08  1755   57608  64500   2.40e+01  2.45e-01  1.77e-01  1.20e-01  1.10e-01  6.60e-02  1.31e+05  2.09e+04 -1.00e+05
2016 08 08  1800   57608  64800   3.06e+01  3.05e-01  1.68e-01  1.13e-01  8.75e-02  6.06e-02  1.30e+05  2.03e+04 -1.00e+05
2016 08 08  1805   57608  65100   1.86e+01  1.91e-01  1.53e-01  1.01e-01  9.17e-02  5.44e-02  1.31e+05  2.13e+04 -1.00e+05
2016 08 08  1810   57608  65400   1.91e+01  1.77e-01  1.39e-01  8.76e-02  7.80e-02  5.57e-02  1.31e+05  2.18e+04 -1.00e+05
2016 08 08  1815   57608  65700   1.89e+01  1.90e-01  1.52e-01  8.37e-02  6.37e-02  3.84e-02  1.29e+05  2.06e+04 -1.00e+05
2016 08 08  1820   57608  66000   1.89e+01  1.69e-01  1.31e-01  7.91e-02  5.07e-02  2.29e-02  1.24e+05  1.89e+04 -1.00e+05
2016 08 08  1825   57608  66300   1.82e+01  2.67e-01  2.29e-01  7.91e-02  5.07e-02  2.29e-02  1.24e+05  1.89e+04 -1.00e+05
2016 08 08  1830   57608  66600   1.79e+01  2.15e-01  1.77e-01  1.13e-01  8.75e-02  6.06e-02  1.24e+05  1.91e+04 -1.00e+05
2016 08 08  1835   57608  66900   3.19e+01  3.19e-01  1.09e-01  5.49e-02  4.52e-02  2.29e-02  1.21e+05  1.83e+04 -1.00e+05
2016 08 08  1840   57608  67200   3.11e+01  3.27e-01  1.52e-01  8.02e-02  7.06e-02  4.83e-02  1.20e+05  1.83e+04 -1.00e+05
2016 08 08  1845   57608  67500   1.82e+01  1.98e-01  1.61e-01  5.79e-02  4.83e-02  2.60e-02  1.18e+05  1.74e+04 -1.00e+05
2016 08 08  1850   57608  67800   1.77e+01  1.78e-01  1.40e-01  8.77e-02  5.93e-02  2.57e-02  1.12e+05  1.61e+04 -1.00e+05
2016 08 08  1855   57608  68100   1.92e+01  1.69e-01  1.31e-01  7.91e-02  5.07e-02  2.29e-02  1.12e+05  1.57e+04 -1.00e+05
2016 08 08  1900   57608  68400   2.22e+01  2.63e-01  2.25e-01  1.73e-01  1.64e-01  9.50e-02  1.12e+05  1.57e+04 -1.00e+05
2016 08 08  1905   57608  68700   3.17e+01  2.90e-01  1.38e-01  5.95e-02  4.63e-02  2.29e-02  1.10e+05  1.60e+04 -1.00e+05
2016 08 08  1910   57608  69000   1.90e+01  2.47e-01  2.09e-01  6.50e-02  5.53e-02  3.16e-02  1.12e+05  1.62e+04 -1.00e+05
2016 08 08  1915   57608  69300   1.76e+01  2.47e-01  2.09e-01  5.95e-02  4.63e-02  2.29e-02  1.07e+05  1.50e+04 -1.00e+05
2016 08 08  1920   57608  69600   2.53e+01  3.31e-01  1.79e-01  1.07e-01  9.77e-02  3.98e-02  1.06e+05  1.45e+04 -1.00e+05
2016 08 08  1925   57608  69900   1.95e+01  1.44e-01  1.06e-01  5.49e-02  4.52e-02  2.29e-02  1.07e+05  1.47e+04 -1.00e+05
2016 08 08  1930   57608  70200   3.47e+01  3.34e-01  1.49e-01  9.43e-02  6.07e-02  2.57e-02  1.05e+05  1.47e+04 -1.00e+05
2016 08 08  1935   57608  70500   2.03e+01  1.68e-01  1.30e-01  7.89e-02  6.93e-02  4.11e-02  1.08e+05  1.49e+04 -1.00e+05
2016 08 08  1940   57608  70800   3.17e+01  2.47e-01  1.09e-01  5.49e-02  4.52e-02  2.29e-02  1.05e+05  1.44e+04 -1.00e+05
2016 08 08  1945   57608  71100   1.89e+01  3.20e-01  2.82e-01  5.49e-02  4.52e-02  2.29e-02  1.03e+05  1.40e+04 -1.00e+05
2016 08 08  1950   57608  71400   1.76e+01  1.53e-01  1.15e-01  6.35e-02  5.38e-02  2.57e-02  9.84e+04  1.30e+04 -1.00e+05
2016 08 08  1955   57608  71700   1.69e+01  2.90e-01  2.52e-01  1.56e-01  9.64e-02  3.37e-02  9.34e+04  1.18e+04 -1.00e+05
2016 08 08  2000   57608  72000   1.85e+01  2.78e-01  2.31e-01  7.91e-02  5.07e-02  2.29e-02  9.64e+04  1.21e+04 -1.00e+05
2016 08 08  2005   57608  72300   1.72e+01  1.44e-01  1.06e-01  5.49e-02  4.52e-02  2.29e-02  9.35e+04  1.22e+04 -1.00e+05
2016 08 08  2010   57608  72600   3.34e+01  2.66e-01  1.27e-01  7.26e-02  4.92e-02  2.29e-02  9.81e+04  1.29e+04 -1.00e+05
2016 08 08  2015   57608  72900   3.59e+01  2.70e-01  1.26e-01  5.49e-02  4.52e-02  2.29e-02  9.79e+04  1.29e+04 -1.00e+05
2016 08 08  2020   57608  73200   2.60e+01  1.60e-01  1.17e-01  6.45e-02  5.48e-02  2.98e-02  9.63e+04  1.34e+04 -1.00e+05
2016 08 08  2025   57608  73500   2.30e+01  1.44e-01  1.06e-01  5.49e-02  4.52e-02  2.29e-02  9.79e+04  1.33e+04 -1.00e+05
2016 08 08  2030   57608  73800   2.48e+01  3.73e-01  3.35e-01  1.10e-01  6.96e-02  3.84e-02  1.02e+05  1.41e+04 -1.00e+05
2016 08 08  2035   57608  74100   2.47e+01  2.15e-01  1.78e-01  1.26e-01  1.16e-01  4.58e-02  9.91e+04  1.39e+04 -1.00e+05
2016 08 08  2040   57608  74400   4.26e+01  3.45e-01  1.82e-01  1.26e-01  7.78e-02  4.83e-02  9.98e+04  1.42e+04 -1.00e+05
2016 08 08  2045   57608  74700   2.64e+01  2.44e-01  1.87e-01  1.31e-01  1.04e-01  4.39e-02  9.85e+04  1.34e+04 -1.00e+05
2016 08 08  2050   57608  75000   2.52e+01  2.07e-01  1.61e-01  1.06e-01  6.54e-02  3.59e-02  9.80e+04  1.33e+04 -1.00e+05
2016 08 08  2055   57608  75300   2.46e+01  3.20e-01  2.82e-01  5.49e-02  4.52e-02  2.29e-02  9.86e+04  1.32e+04 -1.00e+05
2016 08 08  2100   57608  75600   2.47e+01  3.20e-01  2.82e-01  5.49e-02  4.52e-02  2.29e-02  9.45e+04  1.31e+04 -1.00e+05
2016 08 08  2105   57608  75900   2.43e+01  2.62e-01  2.24e-01  7.18e-02  5.52e-02  3.09e-02  9.60e+04  1.27e+04 -1.00e+05
2016 08 08  2110   57608  76200   2.35e+01  1.60e-01  1.22e-01  7.03e-02  6.06e-02  3.84e-02  9.32e+04  1.27e+04 -1.00e+05
2016 08 08  2115   57608  76500   2.33e+01  1.70e-01  1.32e-01  8.07e-02  6.68e-02  4.33e-02  9.32e+04  1.20e+04 -1.00e+05
2016 08 08  2120   57608  76800   2.40e+01  2.12e-01  1.74e-01  1.21e-01  7.78e-02  4.83e-02  8.98e+04  1.17e+04 -1.00e+05
2016 08 08  2125   57608  77100   2.59e+01  2.86e-01  2.40e-01  9.21e-02  6.75e-02  4.08e-02  9.03e+04  1.16e+04 -1.00e+05
2016 08 08  2130   57608  77400   2.46e+01  4.34e-01  3.87e-01  1.08e-01  5.80e-02  2.84e-02  8.79e+04  1.13e+04 -1.00e+05
2016 08 08  2135   57608  77700   2.27e+01  1.44e-01  1.06e-01  5.49e-02  4.52e-02  2.29e-02  8.79e+04  1.10e+04 -1.00e+05
2016 08 08  2140   57608  78000   2.36e+01  3.61e-01  3.23e-01  9.43e-02  5.25e-02  2.29e-02  8.65e+04  1.08e+04 -1.00e+05
2016 08 08  2145   57608  78300   2.95e+01  2.55e-01  1.61e-01  8.43e-02  7.15e-02  4.83e-02  8.31e+04  1.04e+04 -1.00e+05
2016 08 08  2150   57608  78600   2.29e+01  2.17e-01  1.79e-01  1.26e-01  8.52e-02  5.57e-02  8.34e+04  1.04e+04 -1.00e+05
2016 08 08  2155   57608  78900   2.25e+01  1.69e-01  1.31e-01  5.99e-02  4.68e-02  2.35e-02  8.33e+04  1.03e+04 -1.00e+05
2016 08 08  2200   57608  79200   2.28e+01  1.44e-01  1.06e-01  5.49e-02  4.52e-02  2.29e-02  8.05e+04  9.94e+03 -1.00e+05
2016 08 08  2205   57608  79500   3.17e+01  2.72e-01  1.49e-01  8.23e-02  7.26e-02  3.17e-02  7.98e+04  9.57e+03 -1.00e+05
2016 08 08  2210   57608  79800   2.28e+01  2.03e-01  1.65e-01  1.13e-01  8.43e-02  3.37e-02  7.93e+04  9.54e+03 -1.00e+05
2016 08 08  2215   57608  80100   2.12e+01  1.86e-01  1.48e-01  8.27e-02  7.30e-02  5.07e-02  7.77e+04  9.12e+03 -1.00e+05
2016 08 08  2220   57608  80400   2.16e+01  1.53e-01  1.15e-01  6.35e-02  5.14e-02  2.84e-02  7.53e+04  8.86e+03 -1.00e+05
2016 08 08  2225   57608  80700   2.17e+01  1.55e-01  1.08e-01  5.49e-02  4.52e-02  2.29e-02  7.38e+04  8.32e+03 -1.00e+05
2016 08 08  2230   57608  81000   3.15e+01  3.04e-01  1.61e-01  7.53e-02  6.56e-02  4.33e-02  7.29e+04  7.97e+03 -1.00e+05
2016 08 08  2235   57608  81300   2.19e+01  1.89e-01  1.51e-01  9.77e-02  5.25e-02  2.29e-02  7.07e+04  8.16e+03 -1.00e+05
2016 08 08  2240   57608  81600   4.34e+01  6.97e-01  2.65e-01  6.83e-02  5.00e-02  2.37e-02  7.56e+04  8.25e+03 -1.00e+05
2016 08 08  2245   57608  81900   1.91e+01  2.83e-01  2.45e-01  8.57e-02  5.22e-02  2.29e-02  7.05e+04  8.16e+03 -1.00e+05
2016 08 08  2250   57608  82200   3.27e+01  3.13e-01  1.33e-01  5.49e-02  4.52e-02  2.29e-02  7.19e+04  7.86e+03 -1.00e+05
2016 08 08  2255   57608  82500   1.96e+01  1.44e-01  1.06e-01  5.49e-02  4.52e-02  2.29e-02  7.07e+04  7.71e+03 -1.00e+05
2016 08 08  2300   57608  82800   1.78e+01  1.97e-01  1.59e-01  1.07e-01  9.77e-02  3.98e-02  6.79e+04  7.31e+03 -1.00e+05
2016 08 08  2305   57608  83100   1.66e+01  1.74e-01  1.37e-01  8.52e-02  7.55e-02  5.32e-02  6.43e+04  6.87e+03 -1.00e+05
2016 08 08  2310   57608  83400   1.71e+01  1.79e-01  1.42e-01  9.01e-02  8.05e-02  5.82e-02  6.52e+04  6.76e+03 -1.00e+05
2016 08 08  2315   57608  83700   1.67e+01  1.46e-01  1.09e-01  5.72e-02  4.75e-02  2.37e-02  6.22e+04  6.54e+03 -1.00e+05
2016 08 08  2320   57608  84000   2.12e+01  2.84e-01  1.90e-01  1.27e-01  8.50e-02  5.32e-02  6.10e+04  6.44e+03 -1.00e+05
2016 08 08  2325   57608  84300   1.74e+01  3.35e-01  2.88e-01  6.04e-02  5.07e-02  2.84e-02  6.43e+04  6.29e+03 -1.00e+05
2016 08 08  2330   57608  84600   1.82e+01  1.80e-01  1.33e-01  7.91e-02  5.07e-02  2.29e-02  5.99e+04  6.07e+03 -1.00e+05
2016 08 08  2335   57608  84900   1.70e+01  1.56e-01  1.18e-01  6.60e-02  4.77e-02  2.29e-02  6.09e+04  5.96e+03 -1.00e+05
2016 08 08  2340   57608  85200   1.68e+01  2.63e-01  2.25e-01  7.91e-02  5.07e-02  2.29e-02  6.08e+04  5.89e+03 -1.00e+05
2016 08 08  2345   57608  85500   1.72e+01  1.82e-01  1.45e-01  7.26e-02  4.92e-02  2.29e-02  6.02e+04  5.86e+03 -1.00e+05
2016 08 08  2350   57608  85800   1.69e+01  1.72e-01  1.34e-01  8.27e-02  7.30e-02  5.07e-02  5.72e+04  5.55e+03 -1.00e+05
2016 08 08  2355   57608  86100   2.57e+01  3.35e-01  1.99e-01  1.43e-01  1.06e-01  7.55e-02  5.81e+04  5.43e+03 -1.00e+05
