:Data_list: 20160327_Gp_part_5m.txt
:Created: 2016 Mar 28 0011 UTC
# Prepared by the U.S. Dept. of Commerce, NOAA, Space Weather Prediction Center
# Please send comments and suggestions to SWPC.Webmaster@noaa.gov 
# 
# Label: P > 1 = Particles at >1 Mev
# Label: P > 5 = Particles at >5 Mev
# Label: P >10 = Particles at >10 Mev
# Label: P >30 = Particles at >30 Mev
# Label: P >50 = Particles at >50 Mev
# Label: P>100 = Particles at >100 Mev
# Label: E>0.8 = Electrons at >0.8 Mev
# Label: E>2.0 = Electrons at >2.0 Mev
# Label: E>4.0 = Electrons at >4.0 Mev
# Units: Particles = Protons/cm2-s-sr
# Units: Electrons = Electrons/cm2-s-sr
# Source: GOES-13
# Location: W075
# Missing data: -1.00e+05
#
#                      5-minute  GOES-13 Solar Particle and Electron Flux
#
#                 Modified Seconds
# UTC Date  Time   Julian  of the
# YR MO DA  HHMM    Day     Day     P > 1     P > 5     P >10     P >30     P >50     P>100     E>0.8     E>2.0     E>4.0
#-------------------------------------------------------------------------------------------------------------------------
2016 03 27  0000   57474      0   4.82e+00  2.82e-01  1.42e-01  1.04e-01  6.28e-02  3.48e-02  4.39e+03  9.46e+01 -1.00e+05
2016 03 27  0005   57474    300   3.86e+00  2.90e-01  1.67e-01  6.95e-02  5.88e-02  3.72e-02  4.19e+03  8.65e+01 -1.00e+05
2016 03 27  0010   57474    600   2.30e+00  2.81e-01  2.54e-01  1.51e-01  1.40e-01  5.41e-02  4.01e+03  8.42e+01 -1.00e+05
2016 03 27  0015   57474    900   3.67e+00  2.18e-01  1.02e-01  6.46e-02  5.39e-02  3.23e-02  4.14e+03  8.94e+01 -1.00e+05
2016 03 27  0020   57474   1200   3.33e+00  2.27e-01  1.14e-01  7.63e-02  5.55e-02  2.59e-02  4.72e+03  9.95e+01 -1.00e+05
2016 03 27  0025   57474   1500   1.82e+00  1.18e-01  9.17e-02  5.58e-02  4.51e-02  2.35e-02  4.23e+03  1.00e+02 -1.00e+05
2016 03 27  0030   57474   1800   2.46e+00  1.92e-01  1.53e-01  1.14e-01  9.31e-02  3.79e-02  3.76e+03  9.19e+01 -1.00e+05
2016 03 27  0035   57474   2100   1.78e+00  1.18e-01  9.17e-02  5.58e-02  4.51e-02  2.35e-02  4.59e+03  1.05e+02 -1.00e+05
2016 03 27  0040   57474   2400   1.61e+00  1.27e-01  1.00e-01  6.46e-02  5.39e-02  3.23e-02  4.41e+03  1.09e+02 -1.00e+05
2016 03 27  0045   57474   2700   1.79e+00  2.32e-01  2.06e-01  1.01e-01  5.15e-02  2.35e-02  3.87e+03  9.67e+01 -1.00e+05
2016 03 27  0050   57474   3000   1.31e+00  1.18e-01  9.17e-02  5.58e-02  4.51e-02  2.35e-02  3.53e+03  9.40e+01 -1.00e+05
2016 03 27  0055   57474   3300   1.55e+00  1.52e-01  1.25e-01  8.94e-02  7.87e-02  5.71e-02  4.49e+03  1.20e+02 -1.00e+05
2016 03 27  0100   57474   3600   2.17e+00  2.36e-01  1.39e-01  1.01e-01  9.02e-02  3.79e-02  3.82e+03  1.25e+02 -1.00e+05
2016 03 27  0105   57474   3900   1.57e+00  1.77e-01  1.51e-01  1.15e-01  1.04e-01  4.85e-02  3.32e+03  1.16e+02 -1.00e+05
2016 03 27  0110   57474   4200   1.57e+00  1.50e-01  1.24e-01  5.58e-02  4.51e-02  2.35e-02  3.58e+03  1.17e+02 -1.00e+05
2016 03 27  0115   57474   4500   1.63e+00  1.88e-01  1.62e-01  1.26e-01  1.15e-01  4.60e-02  3.13e+03  7.95e+01 -1.00e+05
2016 03 27  0120   57474   4800   1.81e+00  2.42e-01  1.67e-01  5.58e-02  4.51e-02  2.35e-02  3.20e+03  8.78e+01 -1.00e+05
2016 03 27  0125   57474   5100   9.56e-01  1.18e-01  9.17e-02  5.58e-02  4.51e-02  2.35e-02  3.13e+03  9.65e+01 -1.00e+05
2016 03 27  0130   57474   5400   1.00e+00  4.30e-01  3.77e-01  2.56e-01  1.67e-01  5.20e-02  2.39e+03  7.92e+01 -1.00e+05
2016 03 27  0135   57474   5700   5.83e-01  2.30e-01  1.14e-01  7.53e-02  4.95e-02  2.35e-02  1.41e+03  4.32e+01 -1.00e+05
2016 03 27  0140   57474   6000   8.03e-01  2.46e-01  1.23e-01  6.95e-02  5.88e-02  3.72e-02  6.36e+02  1.89e+01 -1.00e+05
2016 03 27  0145   57474   6300   5.83e-01  1.69e-01  1.43e-01  1.07e-01  9.64e-02  4.00e-02  3.83e+02  1.53e+01 -1.00e+05
2016 03 27  0150   57474   6600   1.03e+00  2.35e-01  1.11e-01  5.72e-02  4.65e-02  2.49e-02  4.18e+02  8.72e+00 -1.00e+05
2016 03 27  0155   57474   6900   1.60e+00  5.34e-01  1.57e-01  5.58e-02  4.51e-02  2.35e-02  4.71e+02  1.27e+01 -1.00e+05
2016 03 27  0200   57474   7200   5.76e-01  1.90e-01  1.64e-01  8.44e-02  7.37e-02  5.21e-02  5.85e+02  1.70e+01 -1.00e+05
2016 03 27  0205   57474   7500   1.33e+00  2.76e-01  9.31e-02  5.58e-02  4.51e-02  2.35e-02  8.25e+02  2.89e+01 -1.00e+05
2016 03 27  0210   57474   7800   9.57e-01  2.47e-01  1.93e-01  1.53e-01  1.42e-01  6.06e-02  9.80e+02  3.75e+01 -1.00e+05
2016 03 27  0215   57474   8100   1.12e+00  2.71e-01  2.45e-01  1.00e-01  6.77e-02  3.97e-02  9.90e+02  4.53e+01 -1.00e+05
2016 03 27  0220   57474   8400   7.60e-01  1.67e-01  1.40e-01  1.04e-01  7.23e-02  4.47e-02  1.17e+03  4.58e+01 -1.00e+05
2016 03 27  0225   57474   8700   7.62e-01  1.84e-01  1.58e-01  5.58e-02  4.51e-02  2.35e-02  1.37e+03  4.91e+01 -1.00e+05
2016 03 27  0230   57474   9000   7.73e-01  1.38e-01  1.12e-01  7.55e-02  5.66e-02  3.24e-02  1.34e+03  4.81e+01 -1.00e+05
2016 03 27  0235   57474   9300   7.67e-01  1.95e-01  1.68e-01  1.32e-01  1.22e-01  4.80e-02  1.57e+03  5.65e+01 -1.00e+05
2016 03 27  0240   57474   9600   2.16e+00  4.47e-01  1.74e-01  5.58e-02  4.51e-02  2.35e-02  1.87e+03  6.30e+01 -1.00e+05
2016 03 27  0245   57474   9900   7.43e-01  1.76e-01  1.49e-01  1.13e-01  1.03e-01  4.20e-02  1.77e+03  5.60e+01 -1.00e+05
2016 03 27  0250   57474  10200   5.60e-01  1.55e-01  1.28e-01  9.18e-02  6.39e-02  3.72e-02  1.64e+03  4.48e+01 -1.00e+05
2016 03 27  0255   57474  10500   1.23e+00  2.10e-01  9.34e-02  5.58e-02  4.51e-02  2.35e-02  1.74e+03  4.70e+01 -1.00e+05
2016 03 27  0300   57474  10800   5.15e-01  1.18e-01  9.17e-02  5.58e-02  4.51e-02  2.35e-02  1.71e+03  4.56e+01 -1.00e+05
2016 03 27  0305   57474  11100   7.10e-01  1.20e-01  9.31e-02  5.72e-02  4.65e-02  2.49e-02  1.62e+03  3.18e+01 -1.00e+05
2016 03 27  0310   57474  11400   1.08e+00  3.70e-01  1.47e-01  1.08e-01  5.68e-02  2.35e-02  1.89e+03  3.76e+01 -1.00e+05
2016 03 27  0315   57474  11700   6.44e-01  1.18e-01  9.17e-02  5.58e-02  4.51e-02  2.35e-02  1.87e+03  4.07e+01 -1.00e+05
2016 03 27  0320   57474  12000   1.10e+00  2.71e-01  1.50e-01  9.66e-02  8.41e-02  6.20e-02  1.98e+03  3.86e+01 -1.00e+05
2016 03 27  0325   57474  12300   1.07e+00  2.76e-01  1.64e-01  1.26e-01  1.15e-01  4.60e-02  1.73e+03  3.09e+01 -1.00e+05
2016 03 27  0330   57474  12600   8.10e-01  3.13e-01  1.89e-01  6.88e-02  4.80e-02  2.35e-02  1.74e+03  3.38e+01 -1.00e+05
2016 03 27  0335   57474  12900   9.84e-01  2.68e-01  1.44e-01  8.94e-02  5.37e-02  2.49e-02  1.55e+03  2.47e+01 -1.00e+05
2016 03 27  0340   57474  13200   6.65e-01  2.07e-01  1.37e-01  6.32e-02  5.25e-02  2.59e-02  1.49e+03  2.37e+01 -1.00e+05
2016 03 27  0345   57474  13500   1.06e+00  2.66e-01  1.42e-01  5.58e-02  4.51e-02  2.35e-02  1.38e+03  2.55e+01 -1.00e+05
2016 03 27  0350   57474  13800   5.60e-01  2.33e-01  2.06e-01  1.11e-01  9.99e-02  3.85e-02  1.47e+03  2.42e+01 -1.00e+05
2016 03 27  0355   57474  14100   6.16e-01  2.13e-01  1.87e-01  1.51e-01  1.40e-01  5.41e-02  1.58e+03  2.50e+01 -1.00e+05
2016 03 27  0400   57474  14400   5.71e-01  2.03e-01  1.77e-01  8.75e-02  7.68e-02  5.31e-02  1.55e+03  2.53e+01 -1.00e+05
2016 03 27  0405   57474  14700   5.99e-01  1.25e-01  9.83e-02  6.22e-02  4.65e-02  2.35e-02  1.59e+03  2.89e+01 -1.00e+05
2016 03 27  0410   57474  15000   8.47e-01  3.38e-01  2.62e-01  8.19e-02  5.09e-02  2.35e-02  1.61e+03  2.60e+01 -1.00e+05
2016 03 27  0415   57474  15300   5.26e-01  1.83e-01  1.56e-01  5.58e-02  4.51e-02  2.35e-02  1.51e+03  2.63e+01 -1.00e+05
2016 03 27  0420   57474  15600   8.12e-01  2.43e-01  1.93e-01  1.42e-01  1.20e-01  7.62e-02  1.54e+03  2.33e+01 -1.00e+05
2016 03 27  0425   57474  15900   7.26e-01  1.91e-01  1.36e-01  9.51e-02  7.43e-02  3.19e-02  1.52e+03  1.94e+01 -1.00e+05
2016 03 27  0430   57474  16200   6.73e-01  2.54e-01  2.01e-01  1.60e-01  1.50e-01  6.81e-02  1.50e+03  2.10e+01 -1.00e+05
2016 03 27  0435   57474  16500   4.96e-01  1.46e-01  1.20e-01  8.29e-02  5.23e-02  2.49e-02  1.44e+03  2.63e+01 -1.00e+05
2016 03 27  0440   57474  16800   5.16e-01  2.47e-01  2.20e-01  1.83e-01  1.44e-01  5.86e-02  1.51e+03  2.12e+01 -1.00e+05
2016 03 27  0445   57474  17100   7.69e-01  2.47e-01  1.24e-01  7.00e-02  4.92e-02  2.38e-02  1.46e+03  2.03e+01 -1.00e+05
2016 03 27  0450   57474  17400   8.53e-01  3.44e-01  3.18e-01  1.52e-01  1.16e-01  4.40e-02  1.37e+03  2.14e+01 -1.00e+05
2016 03 27  0455   57474  17700   5.01e-01  2.53e-01  1.31e-01  7.75e-02  6.64e-02  4.47e-02  1.14e+03  1.67e+01 -1.00e+05
2016 03 27  0500   57474  18000   5.69e-01  2.33e-01  9.33e-02  5.58e-02  4.51e-02  2.35e-02  1.19e+03  1.71e+01 -1.00e+05
2016 03 27  0505   57474  18300   7.78e-01  1.76e-01  1.00e-01  5.58e-02  4.51e-02  2.35e-02  1.14e+03  2.01e+01 -1.00e+05
2016 03 27  0510   57474  18600   1.05e+00  2.63e-01  1.48e-01  1.10e-01  9.49e-02  7.19e-02  1.11e+03  1.06e+01 -1.00e+05
2016 03 27  0515   57474  18900   1.19e+00  3.61e-01  1.39e-01  1.01e-01  8.33e-02  5.95e-02  1.14e+03  1.40e+01 -1.00e+05
2016 03 27  0520   57474  19200   6.40e-01  1.57e-01  1.30e-01  9.46e-02  8.39e-02  3.59e-02  1.20e+03  1.50e+01 -1.00e+05
2016 03 27  0525   57474  19500   5.40e-01  2.31e-01  2.04e-01  1.21e-01  1.10e-01  4.87e-02  1.42e+03  1.91e+01 -1.00e+05
2016 03 27  0530   57474  19800   4.52e-01  1.18e-01  9.17e-02  5.58e-02  4.51e-02  2.35e-02  1.64e+03  2.58e+01 -1.00e+05
2016 03 27  0535   57474  20100   1.02e+00  2.55e-01  9.32e-02  5.58e-02  4.51e-02  2.35e-02  1.51e+03  2.85e+01 -1.00e+05
2016 03 27  0540   57474  20400   1.35e+00  4.30e-01  1.89e-01  1.08e-01  9.75e-02  6.65e-02  1.56e+03  2.15e+01 -1.00e+05
2016 03 27  0545   57474  20700   9.26e-01  2.33e-01  1.09e-01  5.58e-02  4.51e-02  2.35e-02  1.44e+03  2.14e+01 -1.00e+05
2016 03 27  0550   57474  21000   6.71e-01  1.60e-01  1.34e-01  9.46e-02  8.39e-02  3.59e-02  1.49e+03  2.04e+01 -1.00e+05
2016 03 27  0555   57474  21300   6.93e-01  1.51e-01  1.24e-01  8.83e-02  7.76e-02  3.39e-02  1.37e+03  1.93e+01 -1.00e+05
2016 03 27  0600   57474  21600   4.32e-01  1.19e-01  9.29e-02  5.70e-02  4.63e-02  2.38e-02  1.23e+03  1.78e+01 -1.00e+05
2016 03 27  0605   57474  21900   5.16e-01  1.18e-01  9.17e-02  5.58e-02  4.51e-02  2.35e-02  1.25e+03  1.68e+01 -1.00e+05
2016 03 27  0610   57474  22200   7.15e-01  2.03e-01  1.76e-01  1.40e-01  1.09e-01  4.20e-02  1.33e+03  2.08e+01 -1.00e+05
2016 03 27  0615   57474  22500   7.66e-01  2.42e-01  2.16e-01  1.23e-01  9.78e-02  7.19e-02  1.36e+03  1.61e+01 -1.00e+05
2016 03 27  0620   57474  22800   4.78e-01  1.59e-01  1.32e-01  9.50e-02  5.39e-02  2.35e-02  1.29e+03  1.63e+01 -1.00e+05
2016 03 27  0625   57474  23100   7.19e-01  2.42e-01  1.39e-01  1.01e-01  8.06e-02  3.39e-02  1.57e+03  1.79e+01 -1.00e+05
2016 03 27  0630   57474  23400   6.72e-01  1.76e-01  1.49e-01  1.13e-01  1.03e-01  4.20e-02  1.46e+03  2.47e+01 -1.00e+05
2016 03 27  0635   57474  23700   4.54e-01  2.11e-01  1.84e-01  8.77e-02  7.25e-02  4.96e-02  1.48e+03  2.01e+01 -1.00e+05
2016 03 27  0640   57474  24000   1.06e+00  2.33e-01  9.33e-02  5.58e-02  4.51e-02  2.35e-02  1.56e+03  2.16e+01 -1.00e+05
2016 03 27  0645   57474  24300   6.43e-01  1.18e-01  9.17e-02  5.58e-02  4.51e-02  2.35e-02  1.45e+03  1.92e+01 -1.00e+05
2016 03 27  0650   57474  24600   8.28e-01  2.80e-01  2.04e-01  6.88e-02  4.80e-02  2.35e-02  1.39e+03  1.30e+01 -1.00e+05
2016 03 27  0655   57474  24900   5.57e-01  1.72e-01  1.45e-01  1.09e-01  9.85e-02  7.69e-02  1.19e+03  1.23e+01 -1.00e+05
2016 03 27  0700   57474  25200   7.48e-01  1.83e-01  1.56e-01  1.20e-01  9.32e-02  6.70e-02  1.26e+03  8.67e+00 -1.00e+05
2016 03 27  0705   57474  25500   6.21e-01  1.18e-01  9.17e-02  5.58e-02  4.51e-02  2.35e-02  1.23e+03  1.44e+01 -1.00e+05
2016 03 27  0710   57474  25800   8.75e-01  2.42e-01  1.67e-01  5.58e-02  4.51e-02  2.35e-02  1.18e+03  1.51e+01 -1.00e+05
2016 03 27  0715   57474  26100   1.40e+00  4.86e-01  2.20e-01  8.20e-02  7.13e-02  3.19e-02  1.38e+03  1.48e+01 -1.00e+05
2016 03 27  0720   57474  26400   5.45e-01  2.19e-01  1.92e-01  9.93e-02  8.86e-02  6.70e-02  1.24e+03  9.54e+00 -1.00e+05
2016 03 27  0725   57474  26700   4.05e-01  1.77e-01  1.18e-01  7.58e-02  6.51e-02  2.99e-02  1.26e+03  1.50e+01 -1.00e+05
2016 03 27  0730   57474  27000   6.71e-01  1.65e-01  1.39e-01  1.02e-01  5.54e-02  2.35e-02  1.06e+03  6.50e+00 -1.00e+05
2016 03 27  0735   57474  27300   1.05e+00  2.94e-01  1.32e-01  9.30e-02  5.15e-02  2.35e-02  7.74e+02  5.12e+00 -1.00e+05
2016 03 27  0740   57474  27600   7.59e-01  2.34e-01  1.60e-01  8.44e-02  7.37e-02  5.21e-02  1.00e+03  6.90e+00 -1.00e+05
2016 03 27  0745   57474  27900   5.58e-01  1.93e-01  1.66e-01  6.88e-02  4.80e-02  2.35e-02  9.69e+02  1.22e+01 -1.00e+05
2016 03 27  0750   57474  28200   3.08e-01  1.53e-01  1.26e-01  8.94e-02  5.84e-02  2.59e-02  9.74e+02  1.21e+01 -1.00e+05
2016 03 27  0755   57474  28500   4.63e-01  1.39e-01  1.13e-01  7.70e-02  6.63e-02  4.47e-02  9.28e+02  9.08e+00 -1.00e+05
2016 03 27  0800   57474  28800   4.76e-01  2.05e-01  1.78e-01  7.53e-02  4.95e-02  2.35e-02  8.15e+02  1.63e+01 -1.00e+05
2016 03 27  0805   57474  29100   5.64e-01  1.63e-01  1.37e-01  1.01e-01  8.10e-02  5.67e-02  1.16e+03  2.07e+01 -1.00e+05
2016 03 27  0810   57474  29400   5.66e-01  1.89e-01  1.14e-01  6.95e-02  5.88e-02  3.72e-02  1.97e+03  3.22e+01 -1.00e+05
2016 03 27  0815   57474  29700   1.00e+00  2.97e-01  9.30e-02  5.58e-02  4.51e-02  2.35e-02  1.57e+03  2.21e+01 -1.00e+05
2016 03 27  0820   57474  30000   4.43e-01  2.33e-01  2.07e-01  1.71e-01  1.60e-01  6.48e-02  1.05e+03  3.16e+00 -1.00e+05
2016 03 27  0825   57474  30300   6.02e-01  2.32e-01  2.05e-01  1.02e-01  5.54e-02  2.35e-02  6.13e+02  4.33e+00 -1.00e+05
2016 03 27  0830   57474  30600   7.17e-01  2.40e-01  1.25e-01  8.69e-02  7.62e-02  5.46e-02  5.50e+02  7.14e+00 -1.00e+05
2016 03 27  0835   57474  30900   4.64e-01  2.22e-01  1.95e-01  6.21e-02  5.14e-02  2.98e-02  1.12e+03  1.04e+01 -1.00e+05
2016 03 27  0840   57474  31200   4.85e-01  1.25e-01  9.83e-02  6.22e-02  4.65e-02  2.35e-02  3.36e+02  6.09e+00 -1.00e+05
2016 03 27  0845   57474  31500   5.89e-01  2.40e-01  1.16e-01  6.22e-02  4.65e-02  2.35e-02  1.87e+02  2.21e+00 -1.00e+05
2016 03 27  0850   57474  31800   2.99e-01  1.24e-01  9.80e-02  6.21e-02  5.14e-02  2.98e-02  2.97e+02  2.64e+00 -1.00e+05
2016 03 27  0855   57474  32100   2.90e-01  1.34e-01  1.08e-01  7.17e-02  6.10e-02  3.62e-02  2.71e+02  2.94e+00 -1.00e+05
2016 03 27  0900   57474  32400   4.35e-01  1.18e-01  9.17e-02  5.58e-02  4.51e-02  2.35e-02  1.22e+02  1.68e+00 -1.00e+05
2016 03 27  0905   57474  32700   3.87e-01  1.18e-01  9.17e-02  5.58e-02  4.51e-02  2.35e-02  1.65e+02  3.80e+00 -1.00e+05
2016 03 27  0910   57474  33000   7.50e-01  2.20e-01  1.94e-01  1.58e-01  1.47e-01  5.89e-02  2.95e+02  3.19e+00 -1.00e+05
2016 03 27  0915   57474  33300   3.85e-01  1.45e-01  1.19e-01  8.19e-02  5.09e-02  2.35e-02  5.47e+02  9.25e+00 -1.00e+05
2016 03 27  0920   57474  33600   7.94e-01  1.94e-01  1.68e-01  8.23e-02  7.16e-02  3.29e-02  9.23e+02  1.65e+01 -1.00e+05
2016 03 27  0925   57474  33900   9.02e-01  1.93e-01  1.66e-01  6.88e-02  4.80e-02  2.35e-02  1.09e+03  2.21e+01 -1.00e+05
2016 03 27  0930   57474  34200   6.98e-01  1.25e-01  9.83e-02  6.22e-02  4.65e-02  2.35e-02  9.99e+02  2.00e+01 -1.00e+05
2016 03 27  0935   57474  34500   9.59e-01  1.18e-01  9.17e-02  5.58e-02  4.51e-02  2.35e-02  1.03e+03  2.31e+01 -1.00e+05
2016 03 27  0940   57474  34800   1.32e+00  1.46e-01  1.19e-01  8.28e-02  5.69e-02  2.59e-02  1.35e+03  3.24e+01 -1.00e+05
2016 03 27  0945   57474  35100   1.65e+00  1.18e-01  9.17e-02  5.58e-02  4.51e-02  2.35e-02  1.55e+03  3.79e+01 -1.00e+05
2016 03 27  0950   57474  35400   1.45e+00  1.18e-01  9.17e-02  5.58e-02  4.51e-02  2.35e-02  1.68e+03  3.60e+01 -1.00e+05
2016 03 27  0955   57474  35700   1.78e+00  1.76e-01  1.50e-01  1.14e-01  1.03e-01  4.48e-02  1.74e+03  3.59e+01 -1.00e+05
2016 03 27  1000   57474  36000   2.77e+00  3.06e-01  1.82e-01  6.22e-02  4.65e-02  2.35e-02  1.76e+03  2.79e+01 -1.00e+05
2016 03 27  1005   57474  36300   2.54e+00  3.61e-01  1.74e-01  5.58e-02  4.51e-02  2.35e-02  1.67e+03  2.56e+01 -1.00e+05
2016 03 27  1010   57474  36600   1.58e+00  1.24e-01  9.80e-02  6.21e-02  5.14e-02  2.98e-02  1.63e+03  2.62e+01 -1.00e+05
2016 03 27  1015   57474  36900   1.35e+00  1.40e-01  1.13e-01  7.69e-02  5.86e-02  3.48e-02  1.87e+03  2.60e+01 -1.00e+05
2016 03 27  1020   57474  37200   1.03e+00  1.18e-01  9.17e-02  5.58e-02  4.51e-02  2.35e-02  2.06e+03  3.56e+01 -1.00e+05
2016 03 27  1025   57474  37500   8.16e-01  2.06e-01  1.66e-01  1.27e-01  9.60e-02  3.79e-02  2.00e+03  2.91e+01 -1.00e+05
2016 03 27  1030   57474  37800   1.30e+00  2.42e-01  1.67e-01  5.58e-02  4.51e-02  2.35e-02  1.90e+03  2.51e+01 -1.00e+05
2016 03 27  1035   57474  38100   8.33e-01  1.60e-01  1.34e-01  9.61e-02  5.15e-02  2.35e-02  1.81e+03  2.06e+01 -1.00e+05
2016 03 27  1040   57474  38400   1.85e+00  2.33e-01  9.33e-02  5.58e-02  4.51e-02  2.35e-02  1.66e+03  2.15e+01 -1.00e+05
2016 03 27  1045   57474  38700   1.75e+00  2.58e-01  1.90e-01  1.46e-01  1.20e-01  4.60e-02  1.60e+03  1.67e+01 -1.00e+05
2016 03 27  1050   57474  39000   1.20e+00  1.89e-01  1.14e-01  6.88e-02  4.80e-02  2.35e-02  1.72e+03  1.74e+01 -1.00e+05
2016 03 27  1055   57474  39300   1.30e+00  1.91e-01  1.65e-01  1.28e-01  8.92e-02  5.95e-02  1.75e+03  1.98e+01 -1.00e+05
2016 03 27  1100   57474  39600   9.70e-01  1.25e-01  9.84e-02  6.22e-02  4.65e-02  2.35e-02  1.72e+03  1.72e+01 -1.00e+05
2016 03 27  1105   57474  39900   8.98e-01  1.25e-01  9.83e-02  6.22e-02  4.65e-02  2.35e-02  1.77e+03  1.64e+01 -1.00e+05
2016 03 27  1110   57474  40200   1.36e+00  1.45e-01  1.18e-01  8.22e-02  6.65e-02  2.99e-02  1.84e+03  1.59e+01 -1.00e+05
2016 03 27  1115   57474  40500   1.22e+00  1.25e-01  9.83e-02  6.22e-02  4.65e-02  2.35e-02  1.83e+03  1.65e+01 -1.00e+05
2016 03 27  1120   57474  40800   1.31e+00  1.18e-01  9.17e-02  5.58e-02  4.51e-02  2.35e-02  1.93e+03  1.83e+01 -1.00e+05
2016 03 27  1125   57474  41100   1.75e+00  2.14e-01  1.01e-01  6.32e-02  5.25e-02  2.59e-02  1.87e+03  1.54e+01 -1.00e+05
2016 03 27  1130   57474  41400   1.45e+00  1.50e-01  1.24e-01  5.58e-02  4.51e-02  2.35e-02  1.79e+03  1.66e+01 -1.00e+05
2016 03 27  1135   57474  41700   1.66e+00  2.29e-01  2.03e-01  7.53e-02  4.95e-02  2.35e-02  1.78e+03  9.91e+00 -1.00e+05
2016 03 27  1140   57474  42000   2.37e+00  2.35e-01  1.26e-01  7.58e-02  6.51e-02  2.99e-02  1.78e+03  1.19e+01 -1.00e+05
2016 03 27  1145   57474  42300   1.43e+00  1.41e-01  1.14e-01  7.84e-02  6.77e-02  4.01e-02  1.67e+03  8.66e+00 -1.00e+05
2016 03 27  1150   57474  42600   2.01e+00  1.50e-01  1.24e-01  5.58e-02  4.51e-02  2.35e-02  1.70e+03  6.94e+00 -1.00e+05
2016 03 27  1155   57474  42900   4.23e+00  2.41e-01  1.18e-01  6.46e-02  5.39e-02  3.23e-02  2.16e+03  1.05e+01 -1.00e+05
2016 03 27  1200   57474  43200   2.52e+00  1.18e-01  9.17e-02  5.58e-02  4.51e-02  2.35e-02  2.38e+03  1.30e+01 -1.00e+05
2016 03 27  1205   57474  43500   4.74e+00  2.10e-01  9.34e-02  5.58e-02  4.51e-02  2.35e-02  2.35e+03  1.51e+01 -1.00e+05
2016 03 27  1210   57474  43800   2.57e+00  2.14e-01  1.87e-01  9.46e-02  8.39e-02  3.59e-02  2.50e+03  1.00e+01 -1.00e+05
2016 03 27  1215   57474  44100   2.45e+00  1.25e-01  9.84e-02  6.22e-02  4.65e-02  2.35e-02  2.56e+03  2.17e+01 -1.00e+05
2016 03 27  1220   57474  44400   2.62e+00  1.18e-01  9.17e-02  5.58e-02  4.51e-02  2.35e-02  2.76e+03  2.16e+01 -1.00e+05
2016 03 27  1225   57474  44700   4.15e+00  4.43e-01  2.18e-01  8.20e-02  7.13e-02  3.19e-02  2.69e+03  1.91e+01 -1.00e+05
2016 03 27  1230   57474  45000   2.86e+00  1.38e-01  1.12e-01  7.58e-02  6.51e-02  2.99e-02  2.70e+03  2.32e+01 -1.00e+05
2016 03 27  1235   57474  45300   4.74e+00  3.25e-01  2.01e-01  6.22e-02  4.65e-02  2.35e-02  3.04e+03  2.95e+01 -1.00e+05
2016 03 27  1240   57474  45600   3.39e+00  1.78e-01  1.13e-01  6.98e-02  5.91e-02  2.89e-02  2.87e+03  2.63e+01 -1.00e+05
2016 03 27  1245   57474  45900   2.87e+00  2.03e-01  1.77e-01  9.46e-02  8.39e-02  3.59e-02  2.60e+03  2.38e+01 -1.00e+05
2016 03 27  1250   57474  46200   4.22e+00  2.71e-01  1.50e-01  9.68e-02  8.61e-02  6.45e-02  2.69e+03  2.68e+01 -1.00e+05
2016 03 27  1255   57474  46500   2.67e+00  1.32e-01  1.05e-01  6.95e-02  5.88e-02  3.72e-02  2.57e+03  3.06e+01 -1.00e+05
2016 03 27  1300   57474  46800   3.70e+00  2.34e-01  1.21e-01  6.95e-02  5.88e-02  2.79e-02  2.64e+03  3.42e+01 -1.00e+05
2016 03 27  1305   57474  47100   3.47e+00  2.23e-01  1.48e-01  1.02e-01  5.54e-02  2.35e-02  2.60e+03  3.58e+01 -1.00e+05
2016 03 27  1310   57474  47400   3.71e+00  1.89e-01  1.14e-01  6.88e-02  4.80e-02  2.35e-02  2.81e+03  4.53e+01 -1.00e+05
2016 03 27  1315   57474  47700   2.86e+00  2.10e-01  1.84e-01  1.38e-01  1.28e-01  5.00e-02  2.86e+03  4.95e+01 -1.00e+05
2016 03 27  1320   57474  48000   2.73e+00  1.58e-01  1.32e-01  9.53e-02  6.95e-02  2.99e-02  2.98e+03  4.78e+01 -1.00e+05
2016 03 27  1325   57474  48300   4.67e+00  2.10e-01  9.34e-02  5.58e-02  4.51e-02  2.35e-02  3.04e+03  5.86e+01 -1.00e+05
2016 03 27  1330   57474  48600   3.60e+00  2.53e-01  1.29e-01  7.53e-02  4.95e-02  2.35e-02  2.98e+03  4.77e+01 -1.00e+05
2016 03 27  1335   57474  48900   2.93e+00  2.86e-01  2.60e-01  1.02e-01  5.54e-02  2.35e-02  3.24e+03  5.74e+01 -1.00e+05
2016 03 27  1340   57474  49200   6.13e+00  5.18e-01  2.07e-01  6.22e-02  4.65e-02  2.35e-02  3.23e+03  6.11e+01 -1.00e+05
2016 03 27  1345   57474  49500   3.20e+00  1.50e-01  1.24e-01  5.58e-02  4.51e-02  2.35e-02  3.30e+03  5.73e+01 -1.00e+05
2016 03 27  1350   57474  49800   3.15e+00  1.59e-01  1.33e-01  9.68e-02  8.61e-02  6.45e-02  3.45e+03  6.14e+01 -1.00e+05
2016 03 27  1355   57474  50100   3.80e+00  1.52e-01  1.25e-01  8.84e-02  5.24e-02  2.35e-02  3.58e+03  6.29e+01 -1.00e+05
2016 03 27  1400   57474  50400   4.07e+00  1.22e-01  9.55e-02  5.96e-02  4.89e-02  2.73e-02  3.67e+03  5.79e+01 -1.00e+05
2016 03 27  1405   57474  50700   6.11e+00  2.33e-01  1.09e-01  5.58e-02  4.51e-02  2.35e-02  3.49e+03  5.84e+01 -1.00e+05
2016 03 27  1410   57474  51000   4.03e+00  1.18e-01  9.17e-02  5.58e-02  4.51e-02  2.35e-02  3.52e+03  5.75e+01 -1.00e+05
2016 03 27  1415   57474  51300   8.67e+00  2.30e-01  1.67e-01  1.24e-01  1.14e-01  8.51e-02  3.79e+03  6.58e+01 -1.00e+05
2016 03 27  1420   57474  51600   8.50e+00  1.72e-01  1.45e-01  1.08e-01  6.36e-02  3.23e-02  4.38e+03  7.92e+01 -1.00e+05
2016 03 27  1425   57474  51900   1.10e+01  1.18e-01  9.17e-02  5.58e-02  4.51e-02  2.35e-02  5.44e+03  1.21e+02 -1.00e+05
2016 03 27  1430   57474  52200   9.05e+00  1.54e-01  1.28e-01  5.96e-02  4.89e-02  2.73e-02  5.29e+03  1.13e+02 -1.00e+05
2016 03 27  1435   57474  52500   7.75e+00  1.93e-01  1.66e-01  8.69e-02  7.62e-02  5.46e-02  4.94e+03  1.06e+02 -1.00e+05
2016 03 27  1440   57474  52800   1.27e+01  2.57e-01  1.41e-01  1.02e-01  5.54e-02  2.35e-02  5.29e+03  1.06e+02 -1.00e+05
2016 03 27  1445   57474  53100   7.44e+00  1.84e-01  1.58e-01  5.58e-02  4.51e-02  2.35e-02  5.23e+03  1.08e+02 -1.00e+05
2016 03 27  1450   57474  53400   8.30e+00  1.18e-01  9.17e-02  5.58e-02  4.51e-02  2.35e-02  5.22e+03  1.18e+02 -1.00e+05
2016 03 27  1455   57474  53700   1.29e+01  3.33e-01  2.09e-01  8.84e-02  5.24e-02  2.35e-02  5.26e+03  1.27e+02 -1.00e+05
2016 03 27  1500   57474  54000   6.41e+00  1.48e-01  1.22e-01  8.53e-02  6.24e-02  3.72e-02  5.21e+03  1.17e+02 -1.00e+05
2016 03 27  1505   57474  54300   5.48e+00  1.18e-01  9.17e-02  5.58e-02  4.51e-02  2.35e-02  5.07e+03  1.20e+02 -1.00e+05
2016 03 27  1510   57474  54600   5.05e+00  1.50e-01  1.24e-01  5.58e-02  4.51e-02  2.35e-02  5.01e+03  1.08e+02 -1.00e+05
2016 03 27  1515   57474  54900   4.21e+00  1.18e-01  9.17e-02  5.58e-02  4.51e-02  2.35e-02  4.67e+03  1.09e+02 -1.00e+05
2016 03 27  1520   57474  55200   7.23e+00  2.71e-01  1.99e-01  9.68e-02  8.61e-02  6.45e-02  4.66e+03  1.02e+02 -1.00e+05
2016 03 27  1525   57474  55500   9.93e+00  2.60e-01  1.01e-01  6.32e-02  5.25e-02  2.59e-02  4.62e+03  1.09e+02 -1.00e+05
2016 03 27  1530   57474  55800   1.21e+01  2.76e-01  9.31e-02  5.58e-02  4.51e-02  2.35e-02  4.76e+03  1.08e+02 -1.00e+05
2016 03 27  1535   57474  56100   9.30e+00  2.33e-01  1.09e-01  5.58e-02  4.51e-02  2.35e-02  4.68e+03  1.17e+02 -1.00e+05
2016 03 27  1540   57474  56400   7.37e+00  1.95e-01  1.21e-01  7.70e-02  6.63e-02  4.47e-02  4.65e+03  1.04e+02 -1.00e+05
2016 03 27  1545   57474  56700   5.59e+00  1.63e-01  1.37e-01  1.01e-01  9.04e-02  3.90e-02  4.59e+03  9.99e+01 -1.00e+05
2016 03 27  1550   57474  57000   5.82e+00  2.06e-01  1.57e-01  1.07e-01  8.76e-02  4.06e-02  4.44e+03  9.59e+01 -1.00e+05
2016 03 27  1555   57474  57300   5.16e+00  1.19e-01  9.29e-02  5.70e-02  4.63e-02  2.38e-02  4.39e+03  8.90e+01 -1.00e+05
2016 03 27  1600   57474  57600   8.85e+00  3.33e-01  2.09e-01  8.84e-02  5.24e-02  2.35e-02  4.53e+03  9.79e+01 -1.00e+05
2016 03 27  1605   57474  57900   9.70e+00  3.75e-01  1.80e-01  5.58e-02  4.51e-02  2.35e-02  4.57e+03  1.03e+02 -1.00e+05
2016 03 27  1610   57474  58200   8.23e+00  2.39e-01  1.91e-01  1.51e-01  1.40e-01  5.41e-02  4.88e+03  1.13e+02 -1.00e+05
2016 03 27  1615   57474  58500   6.50e+00  1.18e-01  9.17e-02  5.58e-02  4.51e-02  2.35e-02  4.84e+03  1.11e+02 -1.00e+05
2016 03 27  1620   57474  58800   1.64e+01  2.54e-01  1.15e-01  7.70e-02  6.63e-02  4.47e-02  5.48e+03  1.36e+02 -1.00e+05
2016 03 27  1625   57474  59100   1.31e+01  2.31e-01  1.55e-01  5.58e-02  4.51e-02  2.35e-02  6.01e+03  1.57e+02 -1.00e+05
2016 03 27  1630   57474  59400   1.05e+01  1.69e-01  1.43e-01  1.07e-01  9.64e-02  4.00e-02  6.43e+03  1.90e+02 -1.00e+05
2016 03 27  1635   57474  59700   1.85e+01  3.81e-01  1.94e-01  7.53e-02  4.95e-02  2.35e-02  6.92e+03  2.13e+02 -1.00e+05
2016 03 27  1640   57474  60000   1.19e+01  1.52e-01  1.25e-01  8.94e-02  7.87e-02  5.71e-02  7.26e+03  2.43e+02 -1.00e+05
2016 03 27  1645   57474  60300   1.69e+01  2.21e-01  1.48e-01  1.04e-01  9.35e-02  7.19e-02  8.23e+03  2.69e+02 -1.00e+05
2016 03 27  1650   57474  60600   1.42e+01  1.18e-01  9.17e-02  5.58e-02  4.51e-02  2.35e-02  9.09e+03  3.55e+02 -1.00e+05
2016 03 27  1655   57474  60900   1.74e+01  2.79e-01  1.56e-01  1.01e-01  5.79e-02  2.98e-02  8.89e+03  3.14e+02 -1.00e+05
2016 03 27  1700   57474  61200   1.25e+01  1.79e-01  1.53e-01  1.16e-01  8.86e-02  6.20e-02  8.75e+03  3.27e+02 -1.00e+05
2016 03 27  1705   57474  61500   1.54e+01  1.18e-01  9.17e-02  5.58e-02  4.51e-02  2.35e-02  9.23e+03  3.69e+02 -1.00e+05
2016 03 27  1710   57474  61800   1.70e+01  1.99e-01  1.72e-01  1.02e-01  7.10e-02  2.99e-02  9.02e+03  3.73e+02 -1.00e+05
2016 03 27  1715   57474  62100   1.84e+01  1.85e-01  1.35e-01  9.48e-02  7.91e-02  3.39e-02  8.54e+03  3.62e+02 -1.00e+05
2016 03 27  1720   57474  62400   1.80e+01  1.92e-01  1.58e-01  1.20e-01  9.94e-02  4.00e-02  8.63e+03  4.00e+02 -1.00e+05
2016 03 27  1725   57474  62700   2.75e+01  2.77e-01  1.55e-01  8.85e-02  7.28e-02  3.19e-02  8.14e+03  3.83e+02 -1.00e+05
2016 03 27  1730   57474  63000   1.50e+01  1.18e-01  9.17e-02  5.58e-02  4.51e-02  2.35e-02  7.66e+03  3.47e+02 -1.00e+05
2016 03 27  1735   57474  63300   2.32e+01  2.35e-01  1.32e-01  8.20e-02  7.13e-02  3.19e-02  7.33e+03  3.16e+02 -1.00e+05
2016 03 27  1740   57474  63600   1.47e+01  1.34e-01  1.08e-01  7.20e-02  6.13e-02  3.97e-02  6.87e+03  3.08e+02 -1.00e+05
2016 03 27  1745   57474  63900   2.12e+01  2.51e-01  1.28e-01  7.45e-02  6.38e-02  4.22e-02  6.16e+03  2.57e+02 -1.00e+05
2016 03 27  1750   57474  64200   1.37e+01  1.32e-01  1.05e-01  6.95e-02  5.88e-02  3.72e-02  5.63e+03  2.39e+02 -1.00e+05
2016 03 27  1755   57474  64500   3.04e+01  4.20e-01  2.12e-01  1.07e-01  9.60e-02  7.44e-02  5.45e+03  2.22e+02 -1.00e+05
2016 03 27  1800   57474  64800   1.18e+01  2.18e-01  1.92e-01  8.84e-02  5.24e-02  2.35e-02  4.98e+03  1.85e+02 -1.00e+05
2016 03 27  1805   57474  65100   1.04e+01  1.18e-01  9.17e-02  5.58e-02  4.51e-02  2.35e-02  4.95e+03  1.69e+02 -1.00e+05
2016 03 27  1810   57474  65400   7.69e+00  1.63e-01  1.36e-01  5.58e-02  4.51e-02  2.35e-02  4.69e+03  1.49e+02 -1.00e+05
2016 03 27  1815   57474  65700   8.76e+00  1.57e-01  1.30e-01  9.41e-02  7.57e-02  4.03e-02  5.02e+03  1.57e+02 -1.00e+05
2016 03 27  1820   57474  66000   1.08e+01  2.34e-01  2.07e-01  9.47e-02  7.93e-02  3.49e-02  5.06e+03  1.67e+02 -1.00e+05
2016 03 27  1825   57474  66300   1.80e+01  2.10e-01  9.46e-02  5.70e-02  4.63e-02  2.38e-02  4.80e+03  1.54e+02 -1.00e+05
2016 03 27  1830   57474  66600   9.08e+00  1.69e-01  1.43e-01  1.07e-01  9.60e-02  7.44e-02  4.33e+03  1.31e+02 -1.00e+05
2016 03 27  1835   57474  66900   6.56e+00  2.00e-01  1.62e-01  1.24e-01  1.13e-01  6.15e-02  4.21e+03  1.16e+02 -1.00e+05
2016 03 27  1840   57474  67200   3.67e+00  1.18e-01  9.17e-02  5.58e-02  4.51e-02  2.35e-02  3.27e+03  9.30e+01 -1.00e+05
2016 03 27  1845   57474  67500   3.77e+00  1.38e-01  1.12e-01  7.58e-02  6.51e-02  2.99e-02  2.99e+03  7.34e+01 -1.00e+05
2016 03 27  1850   57474  67800   5.82e+00  2.56e-01  1.84e-01  1.09e-01  9.85e-02  7.69e-02  2.91e+03  7.09e+01 -1.00e+05
2016 03 27  1855   57474  68100   3.85e+00  1.82e-01  1.56e-01  1.19e-01  7.76e-02  4.71e-02  2.79e+03  7.26e+01 -1.00e+05
2016 03 27  1900   57474  68400   4.67e+00  2.00e-01  1.26e-01  8.19e-02  7.12e-02  4.96e-02  2.62e+03  6.54e+01 -1.00e+05
2016 03 27  1905   57474  68700   3.20e+00  1.18e-01  9.17e-02  5.58e-02  4.51e-02  2.35e-02  2.42e+03  6.17e+01 -1.00e+05
2016 03 27  1910   57474  69000   2.43e+00  1.69e-01  1.43e-01  1.07e-01  9.64e-02  4.00e-02  2.19e+03  4.89e+01 -1.00e+05
2016 03 27  1915   57474  69300   1.98e+00  2.29e-01  2.03e-01  9.35e-02  8.28e-02  2.49e-02  1.93e+03  4.05e+01 -1.00e+05
2016 03 27  1920   57474  69600   1.68e+00  2.78e-01  1.54e-01  9.96e-02  5.99e-02  2.98e-02  1.55e+03  2.54e+01 -1.00e+05
2016 03 27  1925   57474  69900   1.73e+00  1.71e-01  1.44e-01  1.08e-01  8.20e-02  3.39e-02  1.40e+03  2.02e+01 -1.00e+05
2016 03 27  1930   57474  70200   1.29e+00  1.97e-01  1.71e-01  1.34e-01  8.29e-02  4.96e-02  1.50e+03  2.59e+01 -1.00e+05
2016 03 27  1935   57474  70500   1.30e+00  1.76e-01  1.00e-01  5.58e-02  4.51e-02  2.35e-02  1.45e+03  3.23e+01 -1.00e+05
2016 03 27  1940   57474  70800   1.06e+00  2.64e-01  1.25e-01  8.65e-02  5.69e-02  2.98e-02  1.21e+03  1.84e+01 -1.00e+05
2016 03 27  1945   57474  71100   7.68e-01  1.85e-01  1.58e-01  5.58e-02  4.51e-02  2.35e-02  1.15e+03  1.88e+01 -1.00e+05
2016 03 27  1950   57474  71400   8.07e-01  1.20e-01  9.31e-02  5.72e-02  4.65e-02  2.49e-02  1.18e+03  1.86e+01 -1.00e+05
2016 03 27  1955   57474  71700   9.96e-01  2.66e-01  1.42e-01  5.58e-02  4.51e-02  2.35e-02  1.17e+03  1.47e+01 -1.00e+05
2016 03 27  2000   57474  72000   1.80e+00  3.75e-01  1.80e-01  5.58e-02  4.51e-02  2.35e-02  1.13e+03  1.61e+01 -1.00e+05
2016 03 27  2005   57474  72300   8.27e-01  1.18e-01  9.17e-02  5.58e-02  4.51e-02  2.35e-02  1.15e+03  1.79e+01 -1.00e+05
2016 03 27  2010   57474  72600   1.22e+00  3.08e-01  1.84e-01  6.71e-02  5.64e-02  3.48e-02  1.15e+03  1.92e+01 -1.00e+05
2016 03 27  2015   57474  72900   6.81e-01  1.32e-01  1.05e-01  6.88e-02  4.80e-02  2.35e-02  1.10e+03  1.37e+01 -1.00e+05
2016 03 27  2020   57474  73200   9.39e-01  1.85e-01  1.58e-01  5.58e-02  4.51e-02  2.35e-02  1.21e+03  1.68e+01 -1.00e+05
2016 03 27  2025   57474  73500   1.74e+00  2.44e-01  1.29e-01  9.18e-02  8.11e-02  5.95e-02  1.24e+03  1.75e+01 -1.00e+05
2016 03 27  2030   57474  73800   1.43e+00  2.54e-01  1.39e-01  1.02e-01  9.10e-02  6.94e-02  1.24e+03  1.76e+01 -1.00e+05
2016 03 27  2035   57474  74100   8.34e-01  2.47e-01  2.21e-01  1.31e-01  1.07e-01  8.18e-02  1.16e+03  1.51e+01 -1.00e+05
2016 03 27  2040   57474  74400   9.88e-01  1.76e-01  1.00e-01  5.58e-02  4.51e-02  2.35e-02  1.13e+03  1.65e+01 -1.00e+05
2016 03 27  2045   57474  74700   9.40e-01  1.82e-01  1.56e-01  1.20e-01  1.09e-01  4.40e-02  1.31e+03  1.71e+01 -1.00e+05
2016 03 27  2050   57474  75000   7.76e-01  1.25e-01  9.83e-02  6.22e-02  4.65e-02  2.35e-02  1.30e+03  2.01e+01 -1.00e+05
2016 03 27  2055   57474  75300   1.09e+00  2.20e-01  1.94e-01  1.58e-01  1.47e-01  8.07e-02  1.17e+03  1.79e+01 -1.00e+05
2016 03 27  2100   57474  75600   8.08e-01  1.25e-01  9.83e-02  6.22e-02  4.65e-02  2.35e-02  1.11e+03  1.62e+01 -1.00e+05
2016 03 27  2105   57474  75900   1.08e+00  1.98e-01  1.51e-01  1.11e-01  1.00e-01  5.56e-02  1.10e+03  1.72e+01 -1.00e+05
2016 03 27  2110   57474  76200   1.32e+00  2.33e-01  1.09e-01  5.58e-02  4.51e-02  2.35e-02  1.02e+03  1.76e+01 -1.00e+05
2016 03 27  2115   57474  76500   7.97e-01  1.62e-01  1.36e-01  5.58e-02  4.51e-02  2.35e-02  9.47e+02  1.40e+01 -1.00e+05
2016 03 27  2120   57474  76800   9.98e-01  3.83e-01  3.08e-01  1.08e-01  5.68e-02  2.35e-02  9.21e+02  1.13e+01 -1.00e+05
2016 03 27  2125   57474  77100   6.16e-01  3.94e-01  3.19e-01  9.75e-02  5.15e-02  2.35e-02  8.98e+02  1.14e+01 -1.00e+05
2016 03 27  2130   57474  77400   4.00e-01  1.63e-01  1.37e-01  5.70e-02  4.63e-02  2.38e-02  8.59e+02  1.25e+01 -1.00e+05
2016 03 27  2135   57474  77700   6.77e-01  1.18e-01  9.17e-02  5.58e-02  4.51e-02  2.35e-02  8.07e+02  1.41e+01 -1.00e+05
2016 03 27  2140   57474  78000   5.29e-01  1.38e-01  1.12e-01  7.53e-02  4.95e-02  2.35e-02  7.40e+02  7.94e+00 -1.00e+05
2016 03 27  2145   57474  78300   4.14e-01  1.82e-01  1.56e-01  1.20e-01  1.09e-01  4.40e-02  7.33e+02  9.44e+00 -1.00e+05
2016 03 27  2150   57474  78600   5.85e-01  1.18e-01  9.17e-02  5.58e-02  4.51e-02  2.35e-02  7.18e+02  1.29e+01 -1.00e+05
2016 03 27  2155   57474  78900   8.11e-01  2.61e-01  1.47e-01  1.09e-01  9.85e-02  7.69e-02  6.22e+02  6.55e+00 -1.00e+05
2016 03 27  2200   57474  79200   7.32e-01  2.35e-01  1.37e-01  8.83e-02  7.76e-02  3.39e-02  6.20e+02  6.72e+00 -1.00e+05
2016 03 27  2205   57474  79500   5.94e-01  2.01e-01  1.75e-01  7.70e-02  6.63e-02  4.47e-02  7.69e+02  8.13e+00 -1.00e+05
2016 03 27  2210   57474  79800   1.37e+00  2.90e-01  1.07e-01  6.88e-02  4.80e-02  2.35e-02  6.86e+02  7.10e+00 -1.00e+05
2016 03 27  2215   57474  80100   4.86e-01  1.18e-01  9.17e-02  5.58e-02  4.51e-02  2.35e-02  7.48e+02  1.05e+01 -1.00e+05
2016 03 27  2220   57474  80400   5.41e-01  1.56e-01  1.27e-01  8.88e-02  7.81e-02  3.39e-02  7.38e+02  1.10e+01 -1.00e+05
2016 03 27  2225   57474  80700   8.28e-01  2.04e-01  1.76e-01  9.35e-02  7.19e-02  4.69e-02  7.26e+02  5.51e+00 -1.00e+05
2016 03 27  2230   57474  81000   1.05e+00  1.83e-01  1.40e-01  6.37e-02  5.30e-02  2.59e-02  6.18e+02  1.13e+01 -1.00e+05
2016 03 27  2235   57474  81300   8.29e-01  1.24e-01  9.51e-02  5.68e-02  4.54e-02  2.34e-02  7.08e+02  1.33e+01 -1.00e+05
2016 03 27  2240   57474  81600   5.30e-01  1.23e-01  9.41e-02  5.58e-02  4.52e-02  2.34e-02  7.44e+02  1.43e+01 -1.00e+05
2016 03 27  2245   57474  81900   5.68e-01  1.37e-01  1.08e-01  6.95e-02  5.88e-02  3.70e-02  6.33e+02  1.50e+01 -1.00e+05
2016 03 27  2250   57474  82200   4.83e-01  1.23e-01  9.41e-02  5.58e-02  4.52e-02  2.34e-02  6.58e+02  1.16e+01 -1.00e+05
2016 03 27  2255   57474  82500   1.21e+00  3.14e-01  1.19e-01  7.94e-02  6.87e-02  4.69e-02  6.17e+02  8.29e+00 -1.00e+05
2016 03 27  2300   57474  82800   1.03e+00  3.65e-01  2.68e-01  8.96e-02  5.28e-02  2.34e-02  6.00e+02  1.13e+01 -1.00e+05
2016 03 27  2305   57474  83100   1.51e-01  1.23e-01  9.41e-02  5.58e-02  4.52e-02  2.34e-02  5.43e+02  1.01e+01 -1.00e+05
2016 03 27  2310   57474  83400   7.13e-01  2.91e-01  1.17e-01  7.65e-02  4.99e-02  2.34e-02  5.18e+02  9.60e+00 -1.00e+05
2016 03 27  2315   57474  83700   5.33e-01  2.72e-01  2.44e-01  9.58e-02  6.09e-02  3.20e-02  4.62e+02  1.08e+01 -1.00e+05
2016 03 27  2320   57474  84000   8.80e-01  2.60e-01  1.64e-01  7.44e-02  6.38e-02  4.19e-02  4.61e+02  1.07e+01 -1.00e+05
2016 03 27  2325   57474  84300   4.95e-01  1.83e-01  1.54e-01  1.14e-01  7.04e-02  4.19e-02  4.80e+02  8.63e+00 -1.00e+05
2016 03 27  2330   57474  84600   5.61e-01  1.72e-01  1.44e-01  5.68e-02  4.54e-02  2.34e-02  5.98e+02  1.63e+01 -1.00e+05
2016 03 27  2335   57474  84900   4.01e-01  1.23e-01  9.41e-02  5.58e-02  4.52e-02  2.34e-02  5.58e+02  1.68e+01 -1.00e+05
2016 03 27  2340   57474  85200   4.07e-01  1.86e-01  1.57e-01  1.18e-01  7.55e-02  4.44e-02  6.61e+02  1.30e+01 -1.00e+05
2016 03 27  2345   57474  85500   4.67e-01  1.25e-01  9.60e-02  5.77e-02  4.66e-02  2.46e-02  5.45e+02  9.83e+00 -1.00e+05
2016 03 27  2350   57474  85800   4.77e-01  1.54e-01  1.06e-01  6.45e-02  5.39e-02  3.20e-02  5.63e+02  1.30e+01 -1.00e+05
2016 03 27  2355   57474  86100   3.13e-01  1.62e-01  1.33e-01  9.50e-02  8.44e-02  3.60e-02  5.99e+02  1.18e+01 -1.00e+05
