:Data_list: 20160527_Gs_part_5m.txt
:Created: 2016 May 28 0011 UTC
# Prepared by the U.S. Dept. of Commerce, NOAA, Space Weather Prediction Center
# Please send comments and suggestions to SWPC.Webmaster@noaa.gov 
# 
# Label: P > 1 = Particles at >1 Mev
# Label: P > 5 = Particles at >5 Mev
# Label: P >10 = Particles at >10 Mev
# Label: P >30 = Particles at >30 Mev
# Label: P >50 = Particles at >50 Mev
# Label: P>100 = Particles at >100 Mev
# Label: E>0.8 = Electrons at >0.8 Mev
# Label: E>2.0 = Electrons at >2.0 Mev
# Label: E>4.0 = Electrons at >4.0 Mev
# Units: Particles = Protons/cm2-s-sr
# Units: Electrons = Electrons/cm2-s-sr
# Source: GOES-15
# Location: W135
# Missing data: -1.00e+05
#
#                      5-minute  GOES-15 Solar Particle and Electron Flux
#
#                 Modified Seconds
# UTC Date  Time   Julian  of the
# YR MO DA  HHMM    Day     Day     P > 1     P > 5     P >10     P >30     P >50     P>100     E>0.8     E>2.0     E>4.0
#-------------------------------------------------------------------------------------------------------------------------
2016 05 27  0000   57535      0   3.43e+01  2.69e-01  1.04e-01  5.43e-02  4.54e-02  2.36e-02  2.88e+04  1.11e+03 -1.00e+05
2016 05 27  0005   57535    300   2.17e+01  1.33e-01  1.00e-01  5.30e-02  4.41e-02  2.24e-02  2.91e+04  1.11e+03 -1.00e+05
2016 05 27  0010   57535    600   3.32e+01  2.95e-01  1.32e-01  8.15e-02  7.27e-02  5.09e-02  2.92e+04  1.06e+03 -1.00e+05
2016 05 27  0015   57535    900   2.01e+01  1.68e-01  1.35e-01  8.75e-02  7.86e-02  3.34e-02  2.86e+04  1.07e+03 -1.00e+05
2016 05 27  0020   57535   1200   1.96e+01  1.67e-01  1.34e-01  8.64e-02  7.35e-02  3.14e-02  2.86e+04  1.02e+03 -1.00e+05
2016 05 27  0025   57535   1500   1.97e+01  2.60e-01  2.28e-01  5.30e-02  4.41e-02  2.24e-02  2.86e+04  1.01e+03 -1.00e+05
2016 05 27  0030   57535   1800   2.15e+01  1.98e-01  1.43e-01  9.09e-02  5.27e-02  2.24e-02  2.81e+04  9.87e+02 -1.00e+05
2016 05 27  0035   57535   2100   1.64e+01  1.52e-01  1.19e-01  7.13e-02  4.83e-02  2.24e-02  2.73e+04  9.45e+02 -1.00e+05
2016 05 27  0040   57535   2400   1.60e+01  1.63e-01  1.30e-01  8.23e-02  5.56e-02  2.86e-02  2.78e+04  9.33e+02 -1.00e+05
2016 05 27  0045   57535   2700   1.50e+01  2.34e-01  2.01e-01  1.53e-01  1.41e-01  7.08e-02  2.74e+04  9.08e+02 -1.00e+05
2016 05 27  0050   57535   3000   1.53e+01  1.57e-01  1.24e-01  7.66e-02  6.77e-02  4.59e-02  2.66e+04  8.85e+02 -1.00e+05
2016 05 27  0055   57535   3300   1.38e+01  1.73e-01  1.40e-01  9.11e-02  5.14e-02  2.24e-02  2.72e+04  8.76e+02 -1.00e+05
2016 05 27  0100   57535   3600   2.33e+01  2.81e-01  1.25e-01  7.49e-02  6.61e-02  2.94e-02  2.63e+04  8.14e+02 -1.00e+05
2016 05 27  0105   57535   3900   1.28e+01  1.78e-01  1.45e-01  6.63e-02  5.58e-02  3.36e-02  2.60e+04  7.99e+02 -1.00e+05
2016 05 27  0110   57535   4200   1.70e+01  2.65e-01  1.62e-01  5.30e-02  4.41e-02  2.24e-02  2.58e+04  7.55e+02 -1.00e+05
2016 05 27  0115   57535   4500   1.58e+01  3.58e-01  2.57e-01  7.41e-02  6.52e-02  4.35e-02  2.47e+04  7.29e+02 -1.00e+05
2016 05 27  0120   57535   4800   1.12e+01  1.64e-01  1.31e-01  8.35e-02  7.47e-02  2.25e-02  2.46e+04  6.92e+02 -1.00e+05
2016 05 27  0125   57535   5100   1.07e+01  1.82e-01  1.50e-01  5.30e-02  4.41e-02  2.24e-02  2.43e+04  6.76e+02 -1.00e+05
2016 05 27  0130   57535   5400   1.75e+01  2.88e-01  1.38e-01  8.75e-02  7.86e-02  3.34e-02  2.34e+04  6.49e+02 -1.00e+05
2016 05 27  0135   57535   5700   9.71e+00  1.33e-01  1.00e-01  5.30e-02  4.41e-02  2.24e-02  2.33e+04  6.38e+02 -1.00e+05
2016 05 27  0140   57535   6000   9.56e+00  1.69e-01  1.36e-01  8.75e-02  5.44e-02  2.34e-02  2.33e+04  6.37e+02 -1.00e+05
2016 05 27  0145   57535   6300   9.58e+00  2.51e-01  2.18e-01  6.87e-02  5.98e-02  2.74e-02  2.33e+04  6.96e+02 -1.00e+05
2016 05 27  0150   57535   6600   9.13e+00  2.56e-01  2.23e-01  1.76e-01  1.67e-01  8.62e-02  2.33e+04  7.43e+02 -1.00e+05
2016 05 27  0155   57535   6900   8.72e+00  1.33e-01  1.00e-01  5.30e-02  4.41e-02  2.24e-02  2.26e+04  7.81e+02 -1.00e+05
2016 05 27  0200   57535   7200   8.40e+00  1.34e-01  1.02e-01  5.43e-02  4.54e-02  2.36e-02  2.19e+04  8.25e+02 -1.00e+05
2016 05 27  0205   57535   7500   7.91e+00  1.59e-01  1.26e-01  5.30e-02  4.41e-02  2.24e-02  2.13e+04  7.93e+02 -1.00e+05
2016 05 27  0210   57535   7800   6.29e+00  1.68e-01  1.35e-01  8.71e-02  5.47e-02  2.61e-02  2.14e+04  7.26e+02 -1.00e+05
2016 05 27  0215   57535   8100   5.00e+00  1.62e-01  1.29e-01  8.15e-02  7.27e-02  5.09e-02  2.04e+04  6.73e+02 -1.00e+05
2016 05 27  0220   57535   8400   3.86e+00  1.54e-01  1.22e-01  5.24e-02  4.38e-02  2.23e-02  1.99e+04  6.18e+02 -1.00e+05
2016 05 27  0225   57535   8700   4.83e+00  3.21e-01  2.67e-01  1.59e-01  1.28e-01  4.74e-02  1.98e+04  5.93e+02 -1.00e+05
2016 05 27  0230   57535   9000   3.43e+00  1.89e-01  1.58e-01  1.08e-01  9.93e-02  3.83e-02  1.93e+04  5.38e+02 -1.00e+05
2016 05 27  0235   57535   9300   1.95e+00  1.76e-01  1.45e-01  9.47e-02  8.61e-02  6.46e-02  1.70e+04  4.37e+02 -1.00e+05
2016 05 27  0240   57535   9600   2.57e+00  2.71e-01  1.54e-01  5.40e-02  4.41e-02  2.23e-02  1.12e+04  2.10e+02 -1.00e+05
2016 05 27  0245   57535   9900   2.89e+00  3.39e-01  1.94e-01  1.40e-01  1.32e-01  6.24e-02  9.79e+03  1.74e+02 -1.00e+05
2016 05 27  0250   57535  10200   1.16e+00  2.38e-01  2.07e-01  5.40e-02  4.41e-02  2.23e-02  9.86e+03  1.52e+02 -1.00e+05
2016 05 27  0255   57535  10500   2.99e+00  2.55e-01  1.06e-01  5.24e-02  4.38e-02  2.23e-02  1.13e+04  1.69e+02 -1.00e+05
2016 05 27  0300   57535  10800   2.68e+00  2.77e-01  1.45e-01  7.18e-02  6.32e-02  4.17e-02  1.23e+04  1.78e+02 -1.00e+05
2016 05 27  0305   57535  11100   2.00e+00  2.71e-01  2.40e-01  1.26e-01  1.16e-01  4.54e-02  1.22e+04  1.80e+02 -1.00e+05
2016 05 27  0310   57535  11400   2.40e+00  1.83e-01  1.52e-01  6.06e-02  4.56e-02  2.23e-02  1.28e+04  1.90e+02 -1.00e+05
2016 05 27  0315   57535  11700   2.24e+00  1.86e-01  1.55e-01  1.05e-01  9.60e-02  7.45e-02  1.30e+04  1.89e+02 -1.00e+05
2016 05 27  0320   57535  12000   2.44e+00  2.43e-01  2.11e-01  6.00e-02  5.14e-02  2.99e-02  1.28e+04  1.89e+02 -1.00e+05
2016 05 27  0325   57535  12300   3.11e+00  1.34e-01  1.02e-01  5.24e-02  4.38e-02  2.23e-02  1.26e+04  1.84e+02 -1.00e+05
2016 05 27  0330   57535  12600   4.52e+00  2.77e-01  1.28e-01  7.49e-02  6.62e-02  4.48e-02  1.16e+04  1.55e+02 -1.00e+05
2016 05 27  0335   57535  12900   2.51e+00  1.81e-01  1.49e-01  9.94e-02  9.08e-02  3.74e-02  1.07e+04  1.26e+02 -1.00e+05
2016 05 27  0340   57535  13200   2.09e+00  1.56e-01  1.24e-01  7.43e-02  6.57e-02  2.93e-02  1.03e+04  1.06e+02 -1.00e+05
2016 05 27  0345   57535  13500   1.84e+00  1.36e-01  1.04e-01  5.40e-02  4.41e-02  2.23e-02  9.47e+03  9.38e+01 -1.00e+05
2016 05 27  0350   57535  13800   2.57e+00  3.35e-01  1.42e-01  6.00e-02  5.14e-02  2.99e-02  7.75e+03  6.21e+01 -1.00e+05
2016 05 27  0355   57535  14100   1.39e+00  1.77e-01  1.12e-01  5.55e-02  4.69e-02  2.33e-02  7.68e+03  7.45e+01 -1.00e+05
2016 05 27  0400   57535  14400   1.03e+00  1.41e-01  1.10e-01  6.00e-02  5.14e-02  2.99e-02  7.96e+03  7.75e+01 -1.00e+05
2016 05 27  0405   57535  14700   1.02e+00  1.78e-01  1.22e-01  6.81e-02  5.94e-02  2.73e-02  6.71e+03  6.03e+01 -1.00e+05
2016 05 27  0410   57535  15000   8.16e-01  1.34e-01  1.02e-01  5.24e-02  4.38e-02  2.23e-02  6.12e+03  4.82e+01 -1.00e+05
2016 05 27  0415   57535  15300   1.11e+00  2.55e-01  1.06e-01  5.24e-02  4.38e-02  2.23e-02  5.69e+03  4.07e+01 -1.00e+05
2016 05 27  0420   57535  15600   6.19e-01  1.75e-01  1.43e-01  9.32e-02  8.45e-02  3.54e-02  4.91e+03  2.57e+01 -1.00e+05
2016 05 27  0425   57535  15900   8.13e-01  2.34e-01  1.18e-01  5.24e-02  4.38e-02  2.23e-02  5.05e+03  2.89e+01 -1.00e+05
2016 05 27  0430   57535  16200   5.44e-01  1.68e-01  1.37e-01  8.69e-02  7.82e-02  3.33e-02  5.11e+03  3.05e+01 -1.00e+05
2016 05 27  0435   57535  16500   5.92e-01  2.37e-01  2.05e-01  5.24e-02  4.38e-02  2.23e-02  4.48e+03  2.11e+01 -1.00e+05
2016 05 27  0440   57535  16800   7.05e-01  2.77e-01  1.55e-01  1.02e-01  9.29e-02  3.43e-02  3.62e+03  1.10e+01 -1.00e+05
2016 05 27  0445   57535  17100   6.75e-01  3.02e-01  1.44e-01  6.18e-02  5.31e-02  2.53e-02  2.96e+03  8.57e+00 -1.00e+05
2016 05 27  0450   57535  17400   2.52e-01  1.77e-01  1.09e-01  5.24e-02  4.38e-02  2.23e-02  2.77e+03  6.30e+00 -1.00e+05
2016 05 27  0455   57535  17700   4.06e-01  1.34e-01  1.02e-01  5.24e-02  4.38e-02  2.23e-02  2.87e+03  1.10e+01 -1.00e+05
2016 05 27  0500   57535  18000   7.42e-01  2.86e-01  1.71e-01  8.69e-02  7.28e-02  4.97e-02  2.51e+03  7.17e+00 -1.00e+05
2016 05 27  0505   57535  18300   8.03e-01  4.05e-01  2.41e-01  6.75e-02  5.88e-02  3.73e-02  2.70e+03  1.33e+01 -1.00e+05
2016 05 27  0510   57535  18600   5.24e-01  1.69e-01  1.38e-01  8.68e-02  5.15e-02  2.23e-02  2.51e+03  1.19e+01 -1.00e+05
2016 05 27  0515   57535  18900   4.38e-01  1.77e-01  1.12e-01  5.55e-02  4.69e-02  2.33e-02  1.99e+03  1.10e+01 -1.00e+05
2016 05 27  0520   57535  19200   5.59e-01  1.54e-01  1.22e-01  5.24e-02  4.38e-02  2.23e-02  1.96e+03  8.07e+00 -1.00e+05
2016 05 27  0525   57535  19500   5.51e-01  2.34e-01  1.18e-01  5.24e-02  4.38e-02  2.23e-02  1.97e+03  1.10e+01 -1.00e+05
2016 05 27  0530   57535  19800   2.43e-01  1.36e-01  1.04e-01  5.40e-02  4.41e-02  2.23e-02  1.87e+03  5.25e+00 -1.00e+05
2016 05 27  0535   57535  20100   3.56e-01  2.12e-01  1.80e-01  1.30e-01  1.22e-01  6.76e-02  1.60e+03  3.68e+00 -1.00e+05
2016 05 27  0540   57535  20400   8.06e-01  3.09e-01  1.44e-01  6.25e-02  5.39e-02  3.24e-02  1.38e+03  6.01e+00 -1.00e+05
2016 05 27  0545   57535  20700   4.00e-01  1.56e-01  1.24e-01  7.37e-02  4.86e-02  2.23e-02  1.10e+03  1.79e+00 -1.00e+05
2016 05 27  0550   57535  21000   4.33e-01  1.49e-01  1.17e-01  6.75e-02  5.88e-02  3.73e-02  1.13e+03  2.20e+00 -1.00e+05
2016 05 27  0555   57535  21300   2.70e-01  2.37e-01  2.05e-01  5.24e-02  4.38e-02  2.23e-02  1.15e+03  5.05e+00 -1.00e+05
2016 05 27  0600   57535  21600   5.73e-01  2.29e-01  1.06e-01  5.24e-02  4.38e-02  2.23e-02  1.07e+03  1.09e+01 -1.00e+05
2016 05 27  0605   57535  21900   4.14e-01  1.54e-01  1.22e-01  5.24e-02  4.38e-02  2.23e-02  9.63e+02  5.45e+00 -1.00e+05
2016 05 27  0610   57535  22200   4.72e-01  2.43e-01  1.26e-01  6.06e-02  4.56e-02  2.23e-02  8.27e+02  6.28e+00 -1.00e+05
2016 05 27  0615   57535  22500   3.43e-01  1.34e-01  1.02e-01  5.24e-02  4.38e-02  2.23e-02  7.70e+02  6.90e+00 -1.00e+05
2016 05 27  0620   57535  22800   5.37e-01  1.63e-01  1.32e-01  8.16e-02  6.58e-02  4.23e-02  7.77e+02  4.31e+00 -1.00e+05
2016 05 27  0625   57535  23100   3.90e-01  1.65e-01  1.33e-01  8.34e-02  7.47e-02  2.25e-02  7.45e+02  6.55e+00 -1.00e+05
2016 05 27  0630   57535  23400   5.93e-01  2.88e-01  2.56e-01  2.04e-01  1.35e-01  4.34e-02  7.27e+02  6.10e+00 -1.00e+05
2016 05 27  0635   57535  23700   6.41e-01  2.72e-01  1.56e-01  8.92e-02  5.10e-02  2.23e-02  7.19e+02  4.58e+00 -1.00e+05
2016 05 27  0640   57535  24000   4.34e-01  1.56e-01  1.25e-01  7.49e-02  6.62e-02  4.48e-02  6.67e+02  4.99e+00 -1.00e+05
2016 05 27  0645   57535  24300   2.91e-01  1.34e-01  1.03e-01  5.26e-02  4.40e-02  2.25e-02  6.54e+02  6.37e+00 -1.00e+05
2016 05 27  0650   57535  24600   2.87e-01  1.80e-01  1.49e-01  7.62e-02  5.89e-02  3.48e-02  6.38e+02  9.73e-01 -1.00e+05
2016 05 27  0655   57535  24900   6.63e-01  4.33e-01  2.32e-01  5.51e-02  4.64e-02  2.49e-02  5.68e+02  4.38e+00 -1.00e+05
2016 05 27  0700   57535  25200   4.08e-01  2.26e-01  1.94e-01  1.27e-01  1.02e-01  3.95e-02  5.40e+02  7.50e-01 -1.00e+05
2016 05 27  0705   57535  25500   6.17e-01  3.92e-01  2.76e-01  8.92e-02  5.10e-02  2.23e-02  5.04e+02  1.57e+00 -1.00e+05
2016 05 27  0710   57535  25800   4.27e-01  1.64e-01  1.32e-01  8.23e-02  7.37e-02  5.22e-02  4.41e+02  1.59e+00 -1.00e+05
2016 05 27  0715   57535  26100   8.26e-01  3.89e-01  2.27e-01  5.55e-02  4.69e-02  2.33e-02  3.93e+02  1.25e+00 -1.00e+05
2016 05 27  0720   57535  26400   4.21e-01  2.30e-01  1.62e-01  8.02e-02  5.00e-02  2.23e-02  3.58e+02  5.87e+00 -1.00e+05
2016 05 27  0725   57535  26700   2.16e-01  1.79e-01  1.24e-01  6.96e-02  5.98e-02  2.74e-02  3.41e+02  2.65e+00 -1.00e+05
2016 05 27  0730   57535  27000   5.92e-01  2.96e-01  1.33e-01  5.55e-02  4.69e-02  2.33e-02  3.27e+02  1.38e+00 -1.00e+05
2016 05 27  0735   57535  27300   4.03e-01  1.56e-01  1.24e-01  7.37e-02  4.86e-02  2.23e-02  3.34e+02  4.26e+00 -1.00e+05
2016 05 27  0740   57535  27600   5.52e-01  3.46e-01  2.62e-01  1.64e-01  1.04e-01  3.54e-02  3.50e+02  2.37e+00 -1.00e+05
2016 05 27  0745   57535  27900   3.81e-01  3.05e-01  2.17e-01  1.57e-01  1.49e-01  6.11e-02  3.69e+02  1.63e+00 -1.00e+05
2016 05 27  0750   57535  28200   3.04e-01  1.46e-01  1.15e-01  6.50e-02  5.63e-02  3.48e-02  3.54e+02  6.60e+00 -1.00e+05
2016 05 27  0755   57535  28500   5.44e-01  2.03e-01  1.71e-01  1.21e-01  9.10e-02  6.34e-02  3.29e+02  1.33e-01 -1.00e+05
2016 05 27  0800   57535  28800   5.00e-01  2.65e-01  1.70e-01  1.08e-01  7.82e-02  3.13e-02  3.19e+02  1.59e+00 -1.00e+05
2016 05 27  0805   57535  29100   2.36e-01  1.56e-01  1.24e-01  7.37e-02  4.86e-02  2.23e-02  2.97e+02  3.16e+00 -1.00e+05
2016 05 27  0810   57535  29400   2.91e-01  2.11e-01  1.46e-01  8.98e-02  8.11e-02  5.96e-02  2.88e+02  4.16e+00 -1.00e+05
2016 05 27  0815   57535  29700   4.29e-01  1.65e-01  1.34e-01  8.31e-02  5.79e-02  2.53e-02  2.88e+02  2.72e+00 -1.00e+05
2016 05 27  0820   57535  30000   3.75e-01  2.74e-01  1.58e-01  6.71e-02  4.71e-02  2.23e-02  2.84e+02  4.17e+00 -1.00e+05
2016 05 27  0825   57535  30300   5.27e-01  1.84e-01  1.53e-01  1.02e-01  7.19e-02  2.93e-02  2.83e+02  3.14e+00 -1.00e+05
2016 05 27  0830   57535  30600   3.35e-01  1.78e-01  1.46e-01  9.46e-02  5.11e-02  2.23e-02  2.86e+02  3.29e+00 -1.00e+05
2016 05 27  0835   57535  30900   6.22e-01  2.84e-01  2.52e-01  9.33e-02  5.30e-02  2.23e-02  2.94e+02  6.65e+00 -1.00e+05
2016 05 27  0840   57535  31200   3.99e-01  1.94e-01  1.29e-01  7.26e-02  6.40e-02  4.25e-02  3.06e+02  3.58e+00 -1.00e+05
2016 05 27  0845   57535  31500   2.50e-01  2.21e-01  1.89e-01  1.22e-01  9.03e-02  6.21e-02  2.97e+02  4.27e+00 -1.00e+05
2016 05 27  0850   57535  31800   4.48e-01  1.94e-01  1.29e-01  7.26e-02  6.40e-02  4.25e-02  3.22e+02  5.25e+00 -1.00e+05
2016 05 27  0855   57535  32100   5.10e-01  1.43e-01  1.12e-01  6.18e-02  5.31e-02  2.53e-02  3.11e+02  3.78e+00 -1.00e+05
2016 05 27  0900   57535  32400   6.22e-01  3.22e-01  2.91e-01  2.38e-01  1.53e-01  4.74e-02  3.08e+02  1.33e-01 -1.00e+05
2016 05 27  0905   57535  32700   4.66e-01  1.51e-01  1.20e-01  6.95e-02  5.56e-02  2.91e-02  2.94e+02  2.65e+00 -1.00e+05
2016 05 27  0910   57535  33000   4.35e-01  1.54e-01  1.23e-01  7.26e-02  6.40e-02  4.25e-02  3.10e+02  2.73e+00 -1.00e+05
2016 05 27  0915   57535  33300   2.10e-01  1.81e-01  1.49e-01  9.89e-02  8.12e-02  5.71e-02  2.95e+02  4.22e+00 -1.00e+05
2016 05 27  0920   57535  33600   4.49e-01  1.71e-01  1.40e-01  8.98e-02  8.11e-02  5.96e-02  2.75e+02  3.80e+00 -1.00e+05
2016 05 27  0925   57535  33900   3.07e-01  1.80e-01  1.48e-01  9.83e-02  8.96e-02  6.81e-02  3.46e+02  1.60e+00 -1.00e+05
2016 05 27  0930   57535  34200   3.38e-01  1.74e-01  1.42e-01  9.11e-02  5.10e-02  2.23e-02  2.75e+02  6.10e+00 -1.00e+05
2016 05 27  0935   57535  34500   3.27e-01  1.77e-01  1.09e-01  5.24e-02  4.38e-02  2.23e-02  2.74e+02  3.35e+00 -1.00e+05
2016 05 27  0940   57535  34800   3.53e-01  1.34e-01  1.02e-01  5.24e-02  4.38e-02  2.23e-02  2.77e+02  4.00e+00 -1.00e+05
2016 05 27  0945   57535  35100   2.74e-01  2.04e-01  1.38e-01  8.23e-02  7.37e-02  5.22e-02  2.30e+02  3.01e+00 -1.00e+05
2016 05 27  0950   57535  35400   2.13e-01  1.83e-01  1.52e-01  6.61e-02  5.27e-02  2.99e-02  2.33e+02  5.17e+00 -1.00e+05
2016 05 27  0955   57535  35700   2.43e-01  2.13e-01  1.82e-01  1.32e-01  1.19e-01  5.29e-02  2.40e+02  3.37e+00 -1.00e+05
2016 05 27  1000   57535  36000   2.95e-01  1.87e-01  1.56e-01  8.02e-02  5.00e-02  2.23e-02  2.38e+02  4.72e+00 -1.00e+05
2016 05 27  1005   57535  36300   2.64e-01  1.63e-01  1.31e-01  8.02e-02  5.00e-02  2.23e-02  2.18e+02  3.38e+00 -1.00e+05
2016 05 27  1010   57535  36600   5.80e-01  2.94e-01  1.90e-01  1.25e-01  7.18e-02  2.73e-02  2.31e+02  3.35e+00 -1.00e+05
2016 05 27  1015   57535  36900   4.56e-01  1.49e-01  1.17e-01  6.75e-02  5.88e-02  3.73e-02  2.10e+02  3.23e+00 -1.00e+05
2016 05 27  1020   57535  37200   5.52e-01  2.27e-01  1.60e-01  1.02e-01  6.48e-02  3.48e-02  2.14e+02  4.84e+00 -1.00e+05
2016 05 27  1025   57535  37500   3.62e-01  1.99e-01  1.31e-01  7.37e-02  4.86e-02  2.23e-02  2.17e+02  4.03e+00 -1.00e+05
2016 05 27  1030   57535  37800   2.71e-01  1.37e-01  1.05e-01  5.51e-02  4.64e-02  2.49e-02  2.32e+02  3.84e+00 -1.00e+05
2016 05 27  1035   57535  38100   3.95e-01  2.12e-01  1.81e-01  1.31e-01  1.21e-01  6.21e-02  2.17e+02  3.25e+00 -1.00e+05
2016 05 27  1040   57535  38400   4.53e-01  1.87e-01  1.55e-01  8.28e-02  6.03e-02  3.48e-02  2.83e+02  1.79e+00 -1.00e+05
2016 05 27  1045   57535  38700   1.98e-01  1.69e-01  1.37e-01  8.73e-02  7.86e-02  5.71e-02  2.57e+02  2.73e+00 -1.00e+05
2016 05 27  1050   57535  39000   3.63e-01  1.67e-01  1.35e-01  6.25e-02  5.39e-02  3.24e-02  2.09e+02  6.66e+00 -1.00e+05
2016 05 27  1055   57535  39300   4.37e-01  2.87e-01  2.55e-01  2.03e-01  1.28e-01  5.99e-02  2.67e+02  2.64e+00 -1.00e+05
2016 05 27  1100   57535  39600   3.99e-01  1.60e-01  1.29e-01  5.40e-02  4.41e-02  2.23e-02  2.87e+02  6.20e+00 -1.00e+05
2016 05 27  1105   57535  39900   4.97e-01  1.34e-01  1.03e-01  5.26e-02  4.40e-02  2.25e-02  3.41e+02  5.42e+00 -1.00e+05
2016 05 27  1110   57535  40200   4.50e-01  2.97e-01  2.66e-01  2.14e-01  1.43e-01  4.54e-02  3.43e+02  4.22e+00 -1.00e+05
2016 05 27  1115   57535  40500   4.62e-01  3.41e-01  1.94e-01  1.39e-01  1.01e-01  7.20e-02  3.92e+02  1.06e+01 -1.00e+05
2016 05 27  1120   57535  40800   3.11e-01  1.57e-01  1.26e-01  7.55e-02  6.40e-02  4.17e-02  4.37e+02  1.23e+01 -1.00e+05
2016 05 27  1125   57535  41100   6.63e-01  2.80e-01  1.06e-01  5.24e-02  4.38e-02  2.23e-02  5.64e+02  2.07e+01 -1.00e+05
2016 05 27  1130   57535  41400   6.13e-01  1.76e-01  1.44e-01  9.29e-02  5.10e-02  2.23e-02  5.95e+02  2.09e+01 -1.00e+05
2016 05 27  1135   57535  41700   6.97e-01  2.16e-01  1.51e-01  9.47e-02  8.61e-02  6.46e-02  5.68e+02  2.04e+01 -1.00e+05
2016 05 27  1140   57535  42000   5.28e-01  1.77e-01  1.09e-01  5.24e-02  4.38e-02  2.23e-02  6.10e+02  2.30e+01 -1.00e+05
2016 05 27  1145   57535  42300   8.56e-01  4.06e-01  2.89e-01  9.11e-02  5.10e-02  2.23e-02  5.92e+02  1.67e+01 -1.00e+05
2016 05 27  1150   57535  42600   3.56e-01  1.34e-01  1.02e-01  5.24e-02  4.38e-02  2.23e-02  5.99e+02  1.51e+01 -1.00e+05
2016 05 27  1155   57535  42900   4.52e-01  1.81e-01  1.49e-01  9.94e-02  9.08e-02  3.74e-02  6.38e+02  1.74e+01 -1.00e+05
2016 05 27  1200   57535  43200   3.72e-01  1.34e-01  1.02e-01  5.24e-02  4.38e-02  2.23e-02  7.11e+02  1.88e+01 -1.00e+05
2016 05 27  1205   57535  43500   5.93e-01  2.19e-01  1.55e-01  9.94e-02  8.50e-02  6.19e-02  8.09e+02  2.00e+01 -1.00e+05
2016 05 27  1210   57535  43800   3.70e-01  1.36e-01  1.04e-01  5.40e-02  4.41e-02  2.23e-02  8.85e+02  2.55e+01 -1.00e+05
2016 05 27  1215   57535  44100   4.04e-01  1.72e-01  1.40e-01  8.92e-02  5.10e-02  2.23e-02  8.71e+02  2.37e+01 -1.00e+05
2016 05 27  1220   57535  44400   5.17e-01  2.04e-01  1.73e-01  1.22e-01  8.12e-02  3.13e-02  8.28e+02  1.85e+01 -1.00e+05
2016 05 27  1225   57535  44700   2.48e-01  2.19e-01  1.87e-01  1.36e-01  1.05e-01  7.64e-02  8.32e+02  2.05e+01 -1.00e+05
2016 05 27  1230   57535  45000   1.06e+00  3.54e-01  1.34e-01  8.02e-02  5.00e-02  2.23e-02  8.82e+02  2.53e+01 -1.00e+05
2016 05 27  1235   57535  45300   6.19e-01  2.75e-01  2.43e-01  8.92e-02  5.10e-02  2.23e-02  9.30e+02  2.43e+01 -1.00e+05
2016 05 27  1240   57535  45600   7.31e-01  3.21e-01  1.89e-01  1.14e-01  8.65e-02  5.96e-02  9.16e+02  2.38e+01 -1.00e+05
2016 05 27  1245   57535  45900   4.26e-01  1.63e-01  1.32e-01  8.16e-02  6.58e-02  4.23e-02  9.97e+02  2.46e+01 -1.00e+05
2016 05 27  1250   57535  46200   5.37e-01  1.96e-01  1.64e-01  1.14e-01  8.65e-02  5.96e-02  9.28e+02  2.60e+01 -1.00e+05
2016 05 27  1255   57535  46500   6.09e-01  2.59e-01  1.46e-01  8.12e-02  7.25e-02  5.11e-02  1.09e+03  2.92e+01 -1.00e+05
2016 05 27  1300   57535  46800   5.11e-01  1.83e-01  1.52e-01  6.96e-02  5.74e-02  3.48e-02  1.06e+03  3.77e+01 -1.00e+05
2016 05 27  1305   57535  47100   1.06e+00  3.54e-01  1.57e-01  1.02e-01  6.48e-02  3.48e-02  1.47e+03  4.73e+01 -1.00e+05
2016 05 27  1310   57535  47400   5.37e-01  1.70e-01  1.38e-01  8.85e-02  7.86e-02  3.33e-02  1.32e+03  5.22e+01 -1.00e+05
2016 05 27  1315   57535  47700   6.49e-01  2.44e-01  2.12e-01  1.62e-01  1.53e-01  5.75e-02  1.40e+03  4.96e+01 -1.00e+05
2016 05 27  1320   57535  48000   1.34e+00  3.44e-01  2.04e-01  1.33e-01  9.53e-02  4.47e-02  1.51e+03  5.73e+01 -1.00e+05
2016 05 27  1325   57535  48300   8.97e-01  1.56e-01  1.25e-01  7.49e-02  6.62e-02  4.48e-02  1.71e+03  6.21e+01 -1.00e+05
2016 05 27  1330   57535  48600   7.01e-01  2.20e-01  1.53e-01  9.46e-02  5.11e-02  2.23e-02  1.79e+03  5.83e+01 -1.00e+05
2016 05 27  1335   57535  48900   1.42e+00  2.86e-01  1.59e-01  1.06e-01  9.70e-02  3.94e-02  1.91e+03  5.92e+01 -1.00e+05
2016 05 27  1340   57535  49200   9.88e-01  1.93e-01  1.26e-01  7.00e-02  6.13e-02  3.98e-02  1.99e+03  5.92e+01 -1.00e+05
2016 05 27  1345   57535  49500   1.47e+00  3.06e-01  1.58e-01  1.04e-01  8.82e-02  6.46e-02  1.85e+03  5.08e+01 -1.00e+05
2016 05 27  1350   57535  49800   1.14e+00  1.87e-01  1.56e-01  8.02e-02  5.00e-02  2.23e-02  2.07e+03  5.62e+01 -1.00e+05
2016 05 27  1355   57535  50100   1.36e+00  2.06e-01  1.74e-01  1.25e-01  1.16e-01  4.54e-02  1.96e+03  5.63e+01 -1.00e+05
2016 05 27  1400   57535  50400   1.47e+00  1.59e-01  1.27e-01  5.24e-02  4.38e-02  2.23e-02  2.25e+03  6.72e+01 -1.00e+05
2016 05 27  1405   57535  50700   1.80e+00  2.80e-01  2.29e-01  1.74e-01  1.24e-01  7.89e-02  2.47e+03  7.19e+01 -1.00e+05
2016 05 27  1410   57535  51000   2.16e+00  3.41e-01  2.25e-01  5.76e-02  4.89e-02  2.74e-02  2.53e+03  8.13e+01 -1.00e+05
2016 05 27  1415   57535  51300   3.15e+00  2.70e-01  1.21e-01  6.75e-02  5.88e-02  3.73e-02  3.00e+03  9.21e+01 -1.00e+05
2016 05 27  1420   57535  51600   3.06e+00  2.64e-01  1.22e-01  6.81e-02  5.94e-02  2.73e-02  3.11e+03  9.58e+01 -1.00e+05
2016 05 27  1425   57535  51900   1.99e+00  2.81e-01  2.49e-01  1.08e-01  7.82e-02  3.13e-02  3.39e+03  9.76e+01 -1.00e+05
2016 05 27  1430   57535  52200   2.23e+00  2.16e-01  1.80e-01  9.32e-02  8.45e-02  3.54e-02  3.58e+03  9.72e+01 -1.00e+05
2016 05 27  1435   57535  52500   2.12e+00  3.53e-01  3.21e-01  2.68e-01  1.62e-01  5.51e-02  3.62e+03  9.52e+01 -1.00e+05
2016 05 27  1440   57535  52800   2.46e+00  2.32e-01  2.00e-01  1.32e-01  8.86e-02  5.71e-02  3.88e+03  1.05e+02 -1.00e+05
2016 05 27  1445   57535  53100   2.81e+00  2.69e-01  2.02e-01  8.81e-02  6.73e-02  4.23e-02  4.09e+03  1.04e+02 -1.00e+05
2016 05 27  1450   57535  53400   2.55e+00  1.55e-01  1.23e-01  7.35e-02  6.48e-02  4.33e-02  4.30e+03  1.16e+02 -1.00e+05
2016 05 27  1455   57535  53700   2.63e+00  1.99e-01  1.67e-01  1.17e-01  1.05e-01  6.70e-02  4.45e+03  1.12e+02 -1.00e+05
2016 05 27  1500   57535  54000   3.42e+00  1.78e-01  1.11e-01  5.40e-02  4.41e-02  2.23e-02  4.69e+03  1.14e+02 -1.00e+05
2016 05 27  1505   57535  54300   4.63e+00  3.56e-01  2.03e-01  1.30e-01  7.20e-02  2.73e-02  4.94e+03  1.24e+02 -1.00e+05
2016 05 27  1510   57535  54600   3.19e+00  1.42e-01  1.11e-01  6.06e-02  4.56e-02  2.23e-02  5.19e+03  1.31e+02 -1.00e+05
2016 05 27  1515   57535  54900   3.60e+00  1.98e-01  1.66e-01  1.14e-01  6.61e-02  3.73e-02  5.24e+03  1.31e+02 -1.00e+05
2016 05 27  1520   57535  55200   3.02e+00  1.49e-01  1.17e-01  6.71e-02  4.71e-02  2.23e-02  5.25e+03  1.36e+02 -1.00e+05
2016 05 27  1525   57535  55500   3.24e+00  1.76e-01  1.44e-01  9.29e-02  5.10e-02  2.23e-02  4.97e+03  1.21e+02 -1.00e+05
2016 05 27  1530   57535  55800   3.14e+00  2.35e-01  2.04e-01  1.53e-01  1.17e-01  4.34e-02  4.58e+03  1.11e+02 -1.00e+05
2016 05 27  1535   57535  56100   6.82e+00  2.80e-01  1.06e-01  5.24e-02  4.38e-02  2.23e-02  4.63e+03  1.05e+02 -1.00e+05
2016 05 27  1540   57535  56400   3.97e+00  1.64e-01  1.32e-01  8.23e-02  7.37e-02  5.22e-02  4.45e+03  9.87e+01 -1.00e+05
2016 05 27  1545   57535  56700   4.38e+00  3.00e-01  2.68e-01  1.10e-01  8.19e-02  5.47e-02  4.57e+03  9.56e+01 -1.00e+05
2016 05 27  1550   57535  57000   4.73e+00  3.89e-01  3.34e-01  1.23e-01  7.17e-02  2.73e-02  4.62e+03  1.00e+02 -1.00e+05
2016 05 27  1555   57535  57300   4.68e+00  2.40e-01  1.87e-01  1.31e-01  7.96e-02  3.31e-02  4.70e+03  1.07e+02 -1.00e+05
2016 05 27  1600   57535  57600   3.89e+00  1.78e-01  1.46e-01  9.46e-02  5.11e-02  2.23e-02  4.93e+03  1.09e+02 -1.00e+05
2016 05 27  1605   57535  57900   4.04e+00  1.91e-01  1.60e-01  1.08e-01  6.51e-02  3.28e-02  5.00e+03  1.12e+02 -1.00e+05
2016 05 27  1610   57535  58200   6.01e+00  2.49e-01  1.33e-01  6.71e-02  4.71e-02  2.23e-02  5.44e+03  1.18e+02 -1.00e+05
2016 05 27  1615   57535  58500   7.83e+00  3.03e-01  1.36e-01  5.24e-02  4.38e-02  2.23e-02  5.26e+03  1.16e+02 -1.00e+05
2016 05 27  1620   57535  58800   4.28e+00  1.34e-01  1.03e-01  5.26e-02  4.40e-02  2.25e-02  5.28e+03  1.17e+02 -1.00e+05
2016 05 27  1625   57535  59100   4.33e+00  1.42e-01  1.11e-01  6.06e-02  4.56e-02  2.23e-02  5.00e+03  1.04e+02 -1.00e+05
2016 05 27  1630   57535  59400   7.71e+00  3.41e-01  1.69e-01  1.14e-01  7.07e-02  3.84e-02  5.16e+03  1.02e+02 -1.00e+05
2016 05 27  1635   57535  59700   4.82e+00  1.54e-01  1.22e-01  7.24e-02  6.38e-02  4.23e-02  5.58e+03  1.20e+02 -1.00e+05
2016 05 27  1640   57535  60000   5.04e+00  1.86e-01  1.55e-01  1.05e-01  9.60e-02  7.45e-02  5.84e+03  1.29e+02 -1.00e+05
2016 05 27  1645   57535  60300   7.23e+00  3.18e-01  2.39e-01  1.78e-01  1.12e-01  3.74e-02  5.97e+03  1.28e+02 -1.00e+05
2016 05 27  1650   57535  60600   9.15e+00  2.76e-01  1.54e-01  9.94e-02  6.79e-02  3.98e-02  6.14e+03  1.33e+02 -1.00e+05
2016 05 27  1655   57535  60900   9.57e+00  2.79e-01  1.58e-01  1.05e-01  9.60e-02  7.45e-02  6.16e+03  1.38e+02 -1.00e+05
2016 05 27  1700   57535  61200   6.15e+00  1.41e-01  1.10e-01  6.00e-02  5.14e-02  2.99e-02  6.20e+03  1.36e+02 -1.00e+05
2016 05 27  1705   57535  61500   6.20e+00  2.79e-01  2.48e-01  1.08e-01  6.99e-02  3.48e-02  5.83e+03  1.18e+02 -1.00e+05
2016 05 27  1710   57535  61800   9.71e+00  2.86e-01  1.73e-01  1.08e-01  9.28e-02  6.95e-02  5.79e+03  1.10e+02 -1.00e+05
2016 05 27  1715   57535  62100   6.90e+00  1.74e-01  1.42e-01  9.23e-02  7.98e-02  5.71e-02  5.89e+03  1.20e+02 -1.00e+05
2016 05 27  1720   57535  62400   6.84e+00  1.63e-01  1.31e-01  8.02e-02  5.00e-02  2.23e-02  6.60e+03  1.37e+02 -1.00e+05
2016 05 27  1725   57535  62700   7.38e+00  2.32e-01  2.00e-01  1.32e-01  8.86e-02  5.71e-02  6.45e+03  1.49e+02 -1.00e+05
2016 05 27  1730   57535  63000   7.26e+00  1.34e-01  1.03e-01  5.26e-02  4.40e-02  2.25e-02  6.69e+03  1.62e+02 -1.00e+05
2016 05 27  1735   57535  63300   7.20e+00  1.59e-01  1.27e-01  7.74e-02  6.87e-02  4.72e-02  7.03e+03  1.82e+02 -1.00e+05
2016 05 27  1740   57535  63600   7.11e+00  1.81e-01  1.49e-01  9.75e-02  5.11e-02  2.23e-02  7.06e+03  1.78e+02 -1.00e+05
2016 05 27  1745   57535  63900   6.92e+00  1.59e-01  1.27e-01  7.74e-02  6.87e-02  4.72e-02  7.17e+03  1.85e+02 -1.00e+05
2016 05 27  1750   57535  64200   7.15e+00  2.59e-01  2.27e-01  7.37e-02  4.86e-02  2.23e-02  7.23e+03  1.78e+02 -1.00e+05
2016 05 27  1755   57535  64500   1.19e+01  2.75e-01  1.27e-01  7.26e-02  5.42e-02  2.99e-02  7.14e+03  1.80e+02 -1.00e+05
2016 05 27  1800   57535  64800   8.77e+00  2.44e-01  2.13e-01  1.53e-01  1.13e-01  4.34e-02  6.89e+03  1.67e+02 -1.00e+05
2016 05 27  1805   57535  65100   1.00e+01  3.24e-01  2.93e-01  1.14e-01  7.32e-02  4.23e-02  5.85e+03  1.42e+02 -1.00e+05
2016 05 27  1810   57535  65400   9.94e+00  1.69e-01  1.38e-01  8.69e-02  5.17e-02  2.25e-02  5.90e+03  1.46e+02 -1.00e+05
2016 05 27  1815   57535  65700   1.95e+01  4.05e-01  2.06e-01  1.51e-01  1.19e-01  5.45e-02  6.07e+03  1.51e+02 -1.00e+05
2016 05 27  1820   57535  66000   1.66e+01  2.64e-01  1.41e-01  8.68e-02  5.15e-02  2.23e-02  5.88e+03  1.55e+02 -1.00e+05
2016 05 27  1825   57535  66300   1.95e+01  3.22e-01  1.48e-01  9.33e-02  5.30e-02  2.23e-02  6.04e+03  1.61e+02 -1.00e+05
2016 05 27  1830   57535  66600   1.98e+01  3.49e-01  1.76e-01  1.20e-01  6.61e-02  3.73e-02  5.99e+03  1.63e+02 -1.00e+05
2016 05 27  1835   57535  66900   2.02e+01  3.70e-01  2.06e-01  1.52e-01  1.32e-01  4.95e-02  5.82e+03  1.50e+02 -1.00e+05
2016 05 27  1840   57535  67200   1.06e+01  1.49e-01  1.17e-01  6.71e-02  4.71e-02  2.23e-02  5.36e+03  1.41e+02 -1.00e+05
2016 05 27  1845   57535  67500   9.79e+00  2.01e-01  1.69e-01  1.19e-01  8.57e-02  5.71e-02  5.11e+03  1.56e+02 -1.00e+05
2016 05 27  1850   57535  67800   1.42e+01  2.46e-01  1.30e-01  6.43e-02  5.04e-02  2.74e-02  5.97e+03  1.86e+02 -1.00e+05
2016 05 27  1855   57535  68100   2.27e+01  5.52e-01  1.60e-01  8.48e-02  7.62e-02  5.47e-02  5.33e+03  1.84e+02 -1.00e+05
2016 05 27  1900   57535  68400   1.19e+01  2.26e-01  1.94e-01  7.37e-02  4.86e-02  2.23e-02  6.17e+03  2.12e+02 -1.00e+05
2016 05 27  1905   57535  68700   1.36e+01  2.62e-01  2.31e-01  8.02e-02  5.00e-02  2.23e-02  6.23e+03  2.19e+02 -1.00e+05
2016 05 27  1910   57535  69000   1.71e+01  1.81e-01  1.14e-01  5.76e-02  4.89e-02  2.74e-02  6.30e+03  2.12e+02 -1.00e+05
2016 05 27  1915   57535  69300   2.08e+01  2.51e-01  1.35e-01  6.90e-02  4.96e-02  2.49e-02  6.29e+03  1.94e+02 -1.00e+05
2016 05 27  1920   57535  69600   1.41e+01  1.49e-01  1.17e-01  6.71e-02  4.71e-02  2.23e-02  6.16e+03  1.83e+02 -1.00e+05
2016 05 27  1925   57535  69900   1.48e+01  2.00e-01  1.68e-01  1.18e-01  1.10e-01  4.34e-02  6.46e+03  1.82e+02 -1.00e+05
2016 05 27  1930   57535  70200   1.44e+01  1.36e-01  1.04e-01  5.40e-02  4.41e-02  2.23e-02  6.16e+03  1.58e+02 -1.00e+05
2016 05 27  1935   57535  70500   1.23e+01  2.45e-01  2.14e-01  1.64e-01  1.55e-01  8.68e-02  5.90e+03  1.43e+02 -1.00e+05
2016 05 27  1940   57535  70800   1.13e+01  1.46e-01  1.15e-01  6.50e-02  5.63e-02  3.48e-02  5.29e+03  1.18e+02 -1.00e+05
2016 05 27  1945   57535  71100   1.68e+01  2.78e-01  1.79e-01  1.15e-01  7.49e-02  2.93e-02  5.23e+03  1.01e+02 -1.00e+05
2016 05 27  1950   57535  71400   1.14e+01  2.19e-01  1.88e-01  6.71e-02  4.71e-02  2.23e-02  5.56e+03  1.09e+02 -1.00e+05
2016 05 27  1955   57535  71700   1.27e+01  2.38e-01  2.06e-01  1.54e-01  8.85e-02  3.13e-02  5.91e+03  1.15e+02 -1.00e+05
2016 05 27  2000   57535  72000   1.52e+01  2.20e-01  1.53e-01  6.75e-02  5.88e-02  3.73e-02  5.73e+03  1.07e+02 -1.00e+05
2016 05 27  2005   57535  72300   1.26e+01  1.56e-01  1.24e-01  7.37e-02  4.86e-02  2.23e-02  6.04e+03  1.12e+02 -1.00e+05
2016 05 27  2010   57535  72600   1.37e+01  1.59e-01  1.27e-01  5.24e-02  4.38e-02  2.23e-02  5.96e+03  1.07e+02 -1.00e+05
2016 05 27  2015   57535  72900   2.29e+01  3.52e-01  1.70e-01  6.25e-02  5.39e-02  3.24e-02  5.64e+03  9.15e+01 -1.00e+05
2016 05 27  2020   57535  73200   1.41e+01  1.67e-01  1.35e-01  8.51e-02  7.05e-02  4.72e-02  5.70e+03  9.19e+01 -1.00e+05
2016 05 27  2025   57535  73500   1.46e+01  1.77e-01  1.46e-01  9.60e-02  8.73e-02  4.65e-02  5.81e+03  9.60e+01 -1.00e+05
2016 05 27  2030   57535  73800   1.51e+01  1.97e-01  1.65e-01  9.71e-02  7.89e-02  5.47e-02  6.13e+03  9.47e+01 -1.00e+05
2016 05 27  2035   57535  74100   1.49e+01  2.22e-01  1.90e-01  1.39e-01  1.10e-01  4.52e-02  6.12e+03  9.79e+01 -1.00e+05
2016 05 27  2040   57535  74400   1.45e+01  1.49e-01  1.17e-01  6.75e-02  5.88e-02  3.73e-02  6.27e+03  9.46e+01 -1.00e+05
2016 05 27  2045   57535  74700   1.45e+01  1.78e-01  1.46e-01  9.53e-02  5.55e-02  2.49e-02  6.23e+03  9.20e+01 -1.00e+05
2016 05 27  2050   57535  75000   1.49e+01  3.74e-01  3.43e-01  1.19e-01  8.57e-02  5.71e-02  6.30e+03  9.42e+01 -1.00e+05
2016 05 27  2055   57535  75300   2.13e+01  3.39e-01  2.23e-01  5.51e-02  4.64e-02  2.49e-02  6.19e+03  9.47e+01 -1.00e+05
2016 05 27  2100   57535  75600   1.46e+01  2.19e-01  1.88e-01  6.71e-02  4.71e-02  2.23e-02  6.38e+03  9.68e+01 -1.00e+05
2016 05 27  2105   57535  75900   1.80e+01  2.47e-01  1.79e-01  9.77e-02  5.62e-02  2.74e-02  6.49e+03  9.55e+01 -1.00e+05
2016 05 27  2110   57535  76200   2.52e+01  3.62e-01  1.21e-01  6.75e-02  5.88e-02  3.73e-02  6.22e+03  9.36e+01 -1.00e+05
2016 05 27  2115   57535  76500   1.41e+01  2.66e-01  2.34e-01  8.02e-02  5.00e-02  2.23e-02  6.55e+03  1.01e+02 -1.00e+05
2016 05 27  2120   57535  76800   1.51e+01  1.49e-01  1.17e-01  6.71e-02  4.71e-02  2.23e-02  6.54e+03  1.06e+02 -1.00e+05
2016 05 27  2125   57535  77100   2.28e+01  2.57e-01  1.42e-01  7.74e-02  6.87e-02  4.72e-02  6.94e+03  1.04e+02 -1.00e+05
2016 05 27  2130   57535  77400   1.42e+01  1.69e-01  1.38e-01  8.68e-02  5.15e-02  2.23e-02  6.52e+03  1.04e+02 -1.00e+05
2016 05 27  2135   57535  77700   1.76e+01  2.45e-01  1.81e-01  1.24e-01  1.00e-01  7.45e-02  6.57e+03  9.31e+01 -1.00e+05
2016 05 27  2140   57535  78000   1.35e+01  1.59e-01  1.27e-01  7.74e-02  6.88e-02  4.73e-02  6.37e+03  8.43e+01 -1.00e+05
2016 05 27  2145   57535  78300   1.27e+01  3.45e-01  3.14e-01  9.59e-02  5.61e-02  2.74e-02  6.21e+03  8.72e+01 -1.00e+05
2016 05 27  2150   57535  78600   2.21e+01  2.72e-01  1.23e-01  6.96e-02  5.74e-02  3.48e-02  6.20e+03  8.84e+01 -1.00e+05
2016 05 27  2155   57535  78900   1.27e+01  3.41e-01  3.10e-01  2.58e-01  1.75e-01  5.35e-02  6.34e+03  8.95e+01 -1.00e+05
2016 05 27  2200   57535  79200   1.10e+01  1.42e-01  1.11e-01  6.06e-02  4.56e-02  2.23e-02  6.30e+03  8.62e+01 -1.00e+05
2016 05 27  2205   57535  79500   1.27e+01  2.37e-01  2.05e-01  1.55e-01  1.25e-01  8.02e-02  6.45e+03  9.38e+01 -1.00e+05
2016 05 27  2210   57535  79800   1.27e+01  1.49e-01  1.17e-01  6.71e-02  4.71e-02  2.23e-02  6.59e+03  1.11e+02 -1.00e+05
2016 05 27  2215   57535  80100   1.25e+01  2.49e-01  2.17e-01  6.75e-02  5.88e-02  3.73e-02  6.52e+03  1.10e+02 -1.00e+05
2016 05 27  2220   57535  80400   1.82e+01  2.76e-01  1.38e-01  5.40e-02  4.41e-02  2.23e-02  6.54e+03  1.09e+02 -1.00e+05
2016 05 27  2225   57535  80700   1.31e+01  3.02e-01  2.34e-01  7.37e-02  4.86e-02  2.23e-02  6.46e+03  1.12e+02 -1.00e+05
2016 05 27  2230   57535  81000   9.97e+00  1.72e-01  1.40e-01  9.02e-02  8.15e-02  4.63e-02  6.16e+03  1.03e+02 -1.00e+05
2016 05 27  2235   57535  81300   1.05e+01  2.53e-01  2.21e-01  7.14e-02  5.97e-02  3.73e-02  6.10e+03  1.04e+02 -1.00e+05
2016 05 27  2240   57535  81600   9.78e+00  1.44e-01  1.12e-01  6.25e-02  5.39e-02  3.24e-02  5.60e+03  9.16e+01 -1.00e+05
2016 05 27  2245   57535  81900   1.16e+01  2.72e-01  2.41e-01  8.69e-02  5.17e-02  2.25e-02  5.74e+03  8.96e+01 -1.00e+05
2016 05 27  2250   57535  82200   1.24e+01  4.22e-01  3.90e-01  1.17e-01  6.36e-02  2.53e-02  5.79e+03  8.50e+01 -1.00e+05
2016 05 27  2255   57535  82500   1.45e+01  3.03e-01  1.89e-01  1.23e-01  8.34e-02  5.47e-02  5.65e+03  8.38e+01 -1.00e+05
2016 05 27  2300   57535  82800   1.50e+01  3.37e-01  2.21e-01  5.24e-02  4.38e-02  2.23e-02  5.55e+03  8.99e+01 -1.00e+05
2016 05 27  2305   57535  83100   1.35e+01  2.90e-01  2.24e-01  6.75e-02  5.88e-02  3.73e-02  5.80e+03  8.67e+01 -1.00e+05
2016 05 27  2310   57535  83400   1.16e+01  2.79e-01  2.47e-01  9.33e-02  5.30e-02  2.23e-02  5.78e+03  9.12e+01 -1.00e+05
2016 05 27  2315   57535  83700   1.03e+01  1.34e-01  1.02e-01  5.24e-02  4.38e-02  2.23e-02  5.88e+03  8.84e+01 -1.00e+05
2016 05 27  2320   57535  84000   1.09e+01  1.93e-01  1.62e-01  1.12e-01  1.03e-01  4.14e-02  5.55e+03  8.36e+01 -1.00e+05
2016 05 27  2325   57535  84300   2.01e+01  3.22e-01  1.48e-01  9.33e-02  5.30e-02  2.23e-02  5.55e+03  7.71e+01 -1.00e+05
2016 05 27  2330   57535  84600   1.73e+01  2.53e-01  1.31e-01  7.74e-02  6.87e-02  4.72e-02  5.49e+03  7.71e+01 -1.00e+05
2016 05 27  2335   57535  84900   1.06e+01  2.37e-01  1.69e-01  8.68e-02  5.15e-02  2.23e-02  5.01e+03  6.79e+01 -1.00e+05
2016 05 27  2340   57535  85200   8.85e+00  1.34e-01  1.02e-01  5.24e-02  4.38e-02  2.23e-02  4.67e+03  5.91e+01 -1.00e+05
2016 05 27  2345   57535  85500   8.17e+00  4.24e-01  3.10e-01  7.43e-02  6.56e-02  4.41e-02  4.07e+03  4.18e+01 -1.00e+05
2016 05 27  2350   57535  85800   5.10e+00  2.17e-01  1.85e-01  1.35e-01  1.25e-01  7.67e-02  3.59e+03  3.01e+01 -1.00e+05
2016 05 27  2355   57535  86100   5.36e+00  1.59e-01  1.27e-01  7.74e-02  6.88e-02  4.73e-02  3.52e+03  3.38e+01 -1.00e+05
