:Data_list: 20160104_Gs_part_5m.txt
:Created: 2016 Jan 05 0011 UTC
# Prepared by the U.S. Dept. of Commerce, NOAA, Space Weather Prediction Center
# Please send comments and suggestions to SWPC.Webmaster@noaa.gov 
# 
# Label: P > 1 = Particles at >1 Mev
# Label: P > 5 = Particles at >5 Mev
# Label: P >10 = Particles at >10 Mev
# Label: P >30 = Particles at >30 Mev
# Label: P >50 = Particles at >50 Mev
# Label: P>100 = Particles at >100 Mev
# Label: E>0.8 = Electrons at >0.8 Mev
# Label: E>2.0 = Electrons at >2.0 Mev
# Label: E>4.0 = Electrons at >4.0 Mev
# Units: Particles = Protons/cm2-s-sr
# Units: Electrons = Electrons/cm2-s-sr
# Source: GOES-15
# Location: W135
# Missing data: -1.00e+05
#
#                      5-minute  GOES-15 Solar Particle and Electron Flux
#
#                 Modified Seconds
# UTC Date  Time   Julian  of the
# YR MO DA  HHMM    Day     Day     P > 1     P > 5     P >10     P >30     P >50     P>100     E>0.8     E>2.0     E>4.0
#-------------------------------------------------------------------------------------------------------------------------
2016 01 04  0000   57391      0   4.69e+01  2.35e-01  9.86e-02  5.05e-02  4.08e-02  2.09e-02  1.04e+05  6.41e+03 -1.00e+05
2016 01 04  0005   57391    300   3.98e+01  2.15e-01  1.06e-01  5.76e-02  4.79e-02  2.72e-02  1.03e+05  6.00e+03 -1.00e+05
2016 01 04  0010   57391    600   5.32e+01  7.91e-01  2.93e-01  5.05e-02  4.08e-02  2.09e-02  1.02e+05  5.73e+03 -1.00e+05
2016 01 04  0015   57391    900   3.39e+01  2.78e-01  1.78e-01  5.05e-02  4.08e-02  2.09e-02  1.03e+05  5.79e+03 -1.00e+05
2016 01 04  0020   57391   1200   3.26e+01  2.24e-01  1.26e-01  6.88e-02  5.91e-02  3.92e-02  1.01e+05  5.69e+03 -1.00e+05
2016 01 04  0025   57391   1500   2.68e+01  3.48e-01  2.97e-01  9.79e-02  4.67e-02  2.09e-02  9.95e+04  5.68e+03 -1.00e+05
2016 01 04  0030   57391   1800   4.73e+01  3.57e-01  1.52e-01  1.03e-01  7.65e-02  5.16e-02  1.02e+05  5.81e+03 -1.00e+05
2016 01 04  0035   57391   2100   2.36e+01  2.18e-01  1.89e-01  1.44e-01  1.35e-01  5.10e-02  1.04e+05  5.86e+03 -1.00e+05
2016 01 04  0040   57391   2400   4.48e+01  2.59e-01  9.85e-02  5.05e-02  4.08e-02  2.09e-02  9.95e+04  5.70e+03 -1.00e+05
2016 01 04  0045   57391   2700   3.36e+01  3.82e-01  3.02e-01  1.38e-01  7.97e-02  2.88e-02  9.95e+04  5.72e+03 -1.00e+05
2016 01 04  0050   57391   3000   4.53e+01  2.67e-01  1.35e-01  8.66e-02  5.84e-02  2.48e-02  1.00e+05  5.86e+03 -1.00e+05
2016 01 04  0055   57391   3300   2.69e+01  1.77e-01  1.49e-01  1.02e-01  6.27e-02  3.67e-02  9.86e+04  5.90e+03 -1.00e+05
2016 01 04  0100   57391   3600   5.66e+01  3.04e-01  9.83e-02  5.05e-02  4.08e-02  2.09e-02  9.86e+04  5.86e+03 -1.00e+05
2016 01 04  0105   57391   3900   6.47e+01  4.05e-01  9.79e-02  5.05e-02  4.08e-02  2.09e-02  9.86e+04  5.83e+03 -1.00e+05
2016 01 04  0110   57391   4200   3.05e+01  1.55e-01  1.14e-01  6.70e-02  5.40e-02  2.48e-02  9.86e+04  5.74e+03 -1.00e+05
2016 01 04  0115   57391   4500   2.79e+01  2.19e-01  1.90e-01  6.78e-02  4.47e-02  2.09e-02  9.86e+04  5.76e+03 -1.00e+05
2016 01 04  0120   57391   4800   5.66e+01  6.25e-01  3.20e-01  9.01e-02  4.68e-02  2.09e-02  9.86e+04  5.67e+03 -1.00e+05
2016 01 04  0125   57391   5100   5.17e+01  5.17e-01  2.02e-01  5.05e-02  4.08e-02  2.09e-02  9.85e+04  5.53e+03 -1.00e+05
2016 01 04  0130   57391   5400   3.03e+01  2.17e-01  1.68e-01  1.18e-01  7.51e-02  4.91e-02  9.83e+04  5.48e+03 -1.00e+05
2016 01 04  0135   57391   5700   4.28e+01  2.45e-01  1.35e-01  8.57e-02  4.68e-02  2.09e-02  9.84e+04  5.45e+03 -1.00e+05
2016 01 04  0140   57391   6000   4.10e+01  2.43e-01  1.34e-01  8.62e-02  7.65e-02  5.65e-02  9.35e+04  5.34e+03 -1.00e+05
2016 01 04  0145   57391   6300   4.92e+01  3.17e-01  1.57e-01  1.08e-01  7.56e-02  4.91e-02  9.32e+04  5.21e+03 -1.00e+05
2016 01 04  0150   57391   6600   4.30e+01  2.09e-01  9.87e-02  5.05e-02  4.08e-02  2.09e-02  9.32e+04  5.39e+03 -1.00e+05
2016 01 04  0155   57391   6900   4.80e+01  2.38e-01  1.02e-01  5.40e-02  4.43e-02  2.43e-02  9.32e+04  5.24e+03 -1.00e+05
2016 01 04  0200   57391   7200   4.27e+01  2.17e-01  1.07e-01  5.89e-02  4.92e-02  2.93e-02  9.32e+04  5.14e+03 -1.00e+05
2016 01 04  0205   57391   7500   3.86e+01  3.13e-01  1.69e-01  1.02e-01  5.48e-02  2.28e-02  8.95e+04  4.84e+03 -1.00e+05
2016 01 04  0210   57391   7800   3.81e+01  3.89e-01  2.56e-01  1.50e-01  1.11e-01  4.09e-02  9.11e+04  4.80e+03 -1.00e+05
2016 01 04  0215   57391   8100   4.64e+01  3.04e-01  9.83e-02  5.05e-02  4.08e-02  2.09e-02  8.83e+04  4.61e+03 -1.00e+05
2016 01 04  0220   57391   8400   4.87e+01  5.30e-01  2.12e-01  8.47e-02  6.66e-02  4.42e-02  8.79e+04  4.73e+03 -1.00e+05
2016 01 04  0225   57391   8700   3.06e+01  3.56e-01  2.56e-01  5.05e-02  4.08e-02  2.09e-02  8.79e+04  4.48e+03 -1.00e+05
2016 01 04  0230   57391   9000   3.96e+01  3.08e-01  1.02e-01  5.40e-02  4.43e-02  2.43e-02  8.64e+04  4.30e+03 -1.00e+05
2016 01 04  0235   57391   9300   4.49e+01  5.24e-01  2.02e-01  6.78e-02  4.47e-02  2.09e-02  8.49e+04  4.26e+03 -1.00e+05
2016 01 04  0240   57391   9600   3.55e+01  2.73e-01  1.37e-01  8.75e-02  4.91e-02  2.09e-02  8.33e+04  4.24e+03 -1.00e+05
2016 01 04  0245   57391   9900   3.79e+01  4.96e-01  2.38e-01  6.78e-02  4.47e-02  2.09e-02  8.33e+04  4.17e+03 -1.00e+05
2016 01 04  0250   57391  10200   3.38e+01  2.87e-01  1.72e-01  1.24e-01  1.14e-01  6.20e-02  8.33e+04  4.14e+03 -1.00e+05
2016 01 04  0255   57391  10500   2.38e+01  1.97e-01  1.47e-01  9.66e-02  5.39e-02  2.43e-02  8.33e+04  4.13e+03 -1.00e+05
2016 01 04  0300   57391  10800   4.16e+01  3.54e-01  1.42e-01  9.40e-02  8.44e-02  3.48e-02  8.33e+04  4.10e+03 -1.00e+05
2016 01 04  0305   57391  11100   3.52e+01  5.06e-01  2.53e-01  6.39e-02  5.42e-02  3.43e-02  8.33e+04  4.11e+03 -1.00e+05
2016 01 04  0310   57391  11400   4.62e+01  4.23e-01  1.36e-01  8.87e-02  7.90e-02  5.90e-02  8.31e+04  4.05e+03 -1.00e+05
2016 01 04  0315   57391  11700   3.33e+01  2.75e-01  1.38e-01  8.87e-02  4.68e-02  2.09e-02  8.27e+04  3.99e+03 -1.00e+05
2016 01 04  0320   57391  12000   3.90e+01  3.04e-01  9.83e-02  5.05e-02  4.08e-02  2.09e-02  8.13e+04  3.93e+03 -1.00e+05
2016 01 04  0325   57391  12300   4.19e+01  3.70e-01  1.04e-01  5.64e-02  4.67e-02  2.28e-02  7.98e+04  3.83e+03 -1.00e+05
2016 01 04  0330   57391  12600   3.99e+01  3.46e-01  9.81e-02  5.05e-02  4.08e-02  2.09e-02  7.93e+04  3.77e+03 -1.00e+05
2016 01 04  0335   57391  12900   4.27e+01  4.08e-01  1.01e-01  5.40e-02  4.43e-02  2.43e-02  7.89e+04  3.71e+03 -1.00e+05
2016 01 04  0340   57391  13200   3.14e+01  2.39e-01  1.03e-01  5.47e-02  4.18e-02  2.09e-02  7.91e+04  3.71e+03 -1.00e+05
2016 01 04  0345   57391  13500   3.57e+01  4.36e-01  2.00e-01  6.92e-02  5.35e-02  3.18e-02  7.55e+04  3.61e+03 -1.00e+05
2016 01 04  0350   57391  13800   4.46e+01  4.84e-01  1.41e-01  9.30e-02  7.04e-02  4.66e-02  7.50e+04  3.47e+03 -1.00e+05
2016 01 04  0355   57391  14100   4.37e+01  5.95e-01  1.96e-01  6.38e-02  4.65e-02  2.43e-02  7.30e+04  3.39e+03 -1.00e+05
2016 01 04  0400   57391  14400   4.21e+01  4.59e-01  1.35e-01  8.68e-02  5.37e-02  2.35e-02  7.13e+04  3.28e+03 -1.00e+05
2016 01 04  0405   57391  14700   4.33e+01  5.45e-01  1.53e-01  8.15e-02  7.18e-02  3.08e-02  7.13e+04  3.24e+03 -1.00e+05
2016 01 04  0410   57391  15000   3.78e+01  6.77e-01  2.79e-01  5.05e-02  4.08e-02  2.09e-02  7.13e+04  3.22e+03 -1.00e+05
2016 01 04  0415   57391  15300   2.51e+01  4.37e-01  2.75e-01  5.05e-02  4.08e-02  2.09e-02  7.05e+04  3.13e+03 -1.00e+05
2016 01 04  0420   57391  15600   2.61e+01  2.29e-01  1.19e-01  7.04e-02  4.80e-02  2.43e-02  6.82e+04  3.13e+03 -1.00e+05
2016 01 04  0425   57391  15900   2.83e+01  2.76e-01  1.42e-01  9.36e-02  8.39e-02  6.40e-02  6.79e+04  3.01e+03 -1.00e+05
2016 01 04  0430   57391  16200   2.97e+01  5.11e-01  2.23e-01  5.15e-02  4.18e-02  2.19e-02  6.56e+04  2.93e+03 -1.00e+05
2016 01 04  0435   57391  16500   3.47e+01  5.49e-01  2.46e-01  1.41e-01  1.22e-01  5.85e-02  6.53e+04  2.95e+03 -1.00e+05
2016 01 04  0440   57391  16800   4.01e+01  6.07e-01  1.84e-01  5.05e-02  4.08e-02  2.09e-02  6.53e+04  2.91e+03 -1.00e+05
2016 01 04  0445   57391  17100   3.38e+01  3.51e-01  1.03e-01  5.47e-02  4.18e-02  2.09e-02  6.67e+04  2.91e+03 -1.00e+05
2016 01 04  0450   57391  17400   2.99e+01  5.18e-01  1.87e-01  5.89e-02  4.92e-02  2.93e-02  6.45e+04  2.81e+03 -1.00e+05
2016 01 04  0455   57391  17700   3.15e+01  3.29e-01  1.02e-01  5.40e-02  4.43e-02  2.43e-02  6.31e+04  2.75e+03 -1.00e+05
2016 01 04  0500   57391  18000   2.73e+01  4.22e-01  1.84e-01  5.05e-02  4.08e-02  2.09e-02  6.42e+04  2.76e+03 -1.00e+05
2016 01 04  0505   57391  18300   2.00e+01  2.12e-01  1.13e-01  5.47e-02  4.18e-02  2.09e-02  6.41e+04  2.76e+03 -1.00e+05
2016 01 04  0510   57391  18600   3.45e+01  7.67e-01  3.19e-01  1.03e-01  8.98e-02  6.89e-02  6.26e+04  2.71e+03 -1.00e+05
2016 01 04  0515   57391  18900   3.82e+01  7.99e-01  1.81e-01  5.05e-02  4.08e-02  2.09e-02  6.26e+04  2.74e+03 -1.00e+05
2016 01 04  0520   57391  19200   3.21e+01  3.77e-01  1.09e-01  6.13e-02  4.32e-02  2.09e-02  6.27e+04  2.73e+03 -1.00e+05
2016 01 04  0525   57391  19500   2.41e+01  4.77e-01  2.77e-01  5.05e-02  4.08e-02  2.09e-02  6.28e+04  2.68e+03 -1.00e+05
2016 01 04  0530   57391  19800   2.49e+01  4.96e-01  2.78e-01  8.10e-02  4.77e-02  2.09e-02  6.13e+04  2.67e+03 -1.00e+05
2016 01 04  0535   57391  20100   3.72e+01  4.23e-01  9.78e-02  5.05e-02  4.08e-02  2.09e-02  5.92e+04  2.59e+03 -1.00e+05
2016 01 04  0540   57391  20400   3.17e+01  3.46e-01  9.81e-02  5.05e-02  4.08e-02  2.09e-02  5.62e+04  2.43e+03 -1.00e+05
2016 01 04  0545   57391  20700   3.47e+01  4.12e-01  1.43e-01  9.38e-02  4.68e-02  2.09e-02  5.42e+04  2.28e+03 -1.00e+05
2016 01 04  0550   57391  21000   3.34e+01  4.12e-01  1.44e-01  9.60e-02  6.72e-02  4.17e-02  5.17e+04  2.20e+03 -1.00e+05
2016 01 04  0555   57391  21300   2.30e+01  2.67e-01  1.55e-01  1.07e-01  9.69e-02  3.89e-02  5.01e+04  2.08e+03 -1.00e+05
2016 01 04  0600   57391  21600   3.10e+01  4.47e-01  1.23e-01  7.53e-02  6.56e-02  4.56e-02  4.64e+04  1.89e+03 -1.00e+05
2016 01 04  0605   57391  21900   3.40e+01  8.11e-01  1.96e-01  6.64e-02  5.67e-02  3.67e-02  4.16e+04  1.69e+03 -1.00e+05
2016 01 04  0610   57391  22200   3.12e+01  7.67e-01  2.83e-01  5.65e-02  4.68e-02  2.68e-02  4.03e+04  1.51e+03 -1.00e+05
2016 01 04  0615   57391  22500   3.49e+01  4.65e-01  1.04e-01  5.65e-02  4.68e-02  2.68e-02  3.74e+04  1.46e+03 -1.00e+05
2016 01 04  0620   57391  22800   2.94e+01  3.86e-01  1.20e-01  7.24e-02  6.28e-02  4.04e-02  4.17e+04  1.58e+03 -1.00e+05
2016 01 04  0625   57391  23100   2.32e+01  2.53e-01  1.17e-01  6.88e-02  5.91e-02  3.92e-02  4.09e+04  1.57e+03 -1.00e+05
2016 01 04  0630   57391  23400   3.42e+01  5.45e-01  9.74e-02  5.05e-02  4.08e-02  2.09e-02  3.79e+04  1.46e+03 -1.00e+05
2016 01 04  0635   57391  23700   1.94e+01  2.33e-01  1.23e-01  7.44e-02  4.62e-02  2.09e-02  4.16e+04  1.58e+03 -1.00e+05
2016 01 04  0640   57391  24000   2.27e+01  3.41e-01  1.58e-01  1.08e-01  6.23e-02  3.18e-02  4.17e+04  1.65e+03 -1.00e+05
2016 01 04  0645   57391  24300   2.79e+01  4.23e-01  9.78e-02  5.05e-02  4.08e-02  2.09e-02  4.13e+04  1.56e+03 -1.00e+05
2016 01 04  0650   57391  24600   2.40e+01  6.62e-01  2.98e-01  7.63e-02  6.66e-02  4.66e-02  4.31e+04  1.69e+03 -1.00e+05
2016 01 04  0655   57391  24900   3.14e+01  5.77e-01  9.73e-02  5.05e-02  4.08e-02  2.09e-02  4.20e+04  1.64e+03 -1.00e+05
2016 01 04  0700   57391  25200   2.71e+01  5.34e-01  1.52e-01  1.05e-01  9.16e-02  3.69e-02  4.15e+04  1.58e+03 -1.00e+05
2016 01 04  0705   57391  25500   1.71e+01  2.71e-01  1.48e-01  9.89e-02  7.57e-02  3.08e-02  4.12e+04  1.57e+03 -1.00e+05
2016 01 04  0710   57391  25800   2.48e+01  7.09e-01  2.87e-01  6.83e-02  5.87e-02  3.87e-02  4.34e+04  1.72e+03 -1.00e+05
2016 01 04  0715   57391  26100   2.21e+01  4.20e-01  1.33e-01  8.40e-02  4.68e-02  2.09e-02  4.04e+04  1.53e+03 -1.00e+05
2016 01 04  0720   57391  26400   1.95e+01  2.84e-01  1.25e-01  7.63e-02  6.28e-02  4.17e-02  4.35e+04  1.72e+03 -1.00e+05
2016 01 04  0725   57391  26700   2.53e+01  7.11e-01  2.18e-01  8.53e-02  7.44e-02  5.41e-02  4.38e+04  1.73e+03 -1.00e+05
2016 01 04  0730   57391  27000   2.35e+01  3.66e-01  9.80e-02  5.05e-02  4.08e-02  2.09e-02  4.46e+04  1.84e+03 -1.00e+05
2016 01 04  0735   57391  27300   2.57e+01  4.96e-01  1.52e-01  1.04e-01  6.27e-02  3.67e-02  4.27e+04  1.77e+03 -1.00e+05
2016 01 04  0740   57391  27600   2.48e+01  4.44e-01  1.18e-01  7.04e-02  4.80e-02  2.43e-02  3.99e+04  1.64e+03 -1.00e+05
2016 01 04  0745   57391  27900   2.29e+01  3.46e-01  9.81e-02  5.05e-02  4.08e-02  2.09e-02  3.69e+04  1.52e+03 -1.00e+05
2016 01 04  0750   57391  28200   2.23e+01  3.51e-01  1.03e-01  5.47e-02  4.18e-02  2.09e-02  3.74e+04  1.54e+03 -1.00e+05
2016 01 04  0755   57391  28500   2.01e+01  4.04e-01  1.16e-01  6.78e-02  4.47e-02  2.09e-02  3.48e+04  1.41e+03 -1.00e+05
2016 01 04  0800   57391  28800   1.25e+01  3.79e-01  2.07e-01  8.62e-02  7.65e-02  5.65e-02  3.20e+04  1.27e+03 -1.00e+05
2016 01 04  0805   57391  29100   2.00e+01  5.39e-01  1.92e-01  6.08e-02  4.97e-02  2.93e-02  3.49e+04  1.41e+03 -1.00e+05
2016 01 04  0810   57391  29400   1.80e+01  2.59e-01  9.85e-02  5.05e-02  4.08e-02  2.09e-02  3.59e+04  1.50e+03 -1.00e+05
2016 01 04  0815   57391  29700   2.62e+01  6.89e-01  1.94e-01  6.13e-02  4.32e-02  2.09e-02  3.69e+04  1.59e+03 -1.00e+05
2016 01 04  0820   57391  30000   2.17e+01  5.88e-01  3.15e-01  2.38e-01  1.52e-01  5.13e-02  3.76e+04  1.63e+03 -1.00e+05
2016 01 04  0825   57391  30300   2.52e+01  5.09e-01  1.31e-01  8.37e-02  7.40e-02  5.41e-02  3.78e+04  1.69e+03 -1.00e+05
2016 01 04  0830   57391  30600   1.75e+01  2.65e-01  1.04e-01  5.65e-02  4.68e-02  2.68e-02  3.96e+04  1.78e+03 -1.00e+05
2016 01 04  0835   57391  30900   2.24e+01  5.60e-01  1.65e-01  1.17e-01  8.72e-02  6.15e-02  3.96e+04  1.76e+03 -1.00e+05
2016 01 04  0840   57391  31200   1.70e+01  2.84e-01  1.23e-01  7.44e-02  4.62e-02  2.09e-02  3.82e+04  1.70e+03 -1.00e+05
2016 01 04  0845   57391  31500   1.45e+01  2.09e-01  9.87e-02  5.05e-02  4.08e-02  2.09e-02  3.94e+04  1.75e+03 -1.00e+05
2016 01 04  0850   57391  31800   2.10e+01  4.65e-01  1.77e-01  1.29e-01  1.20e-01  6.03e-02  3.96e+04  1.75e+03 -1.00e+05
2016 01 04  0855   57391  32100   2.10e+01  6.69e-01  3.26e-01  1.01e-01  9.08e-02  3.76e-02  3.80e+04  1.73e+03 -1.00e+05
2016 01 04  0900   57391  32400   1.97e+01  3.47e-01  9.91e-02  5.15e-02  4.18e-02  2.19e-02  3.76e+04  1.74e+03 -1.00e+05
2016 01 04  0905   57391  32700   1.95e+01  3.20e-01  1.14e-01  6.56e-02  4.88e-02  2.68e-02  3.76e+04  1.73e+03 -1.00e+05
2016 01 04  0910   57391  33000   1.72e+01  4.80e-01  2.35e-01  1.19e-01  1.09e-01  4.29e-02  3.76e+04  1.76e+03 -1.00e+05
2016 01 04  0915   57391  33300   1.76e+01  5.49e-01  2.31e-01  6.27e-02  5.30e-02  2.48e-02  3.76e+04  1.74e+03 -1.00e+05
2016 01 04  0920   57391  33600   1.82e+01  4.77e-01  2.41e-01  1.08e-01  6.23e-02  3.18e-02  3.89e+04  1.78e+03 -1.00e+05
2016 01 04  0925   57391  33900   1.63e+01  3.31e-01  1.64e-01  8.98e-02  8.02e-02  4.09e-02  3.96e+04  1.84e+03 -1.00e+05
2016 01 04  0930   57391  34200   1.67e+01  2.59e-01  9.85e-02  5.05e-02  4.08e-02  2.09e-02  3.96e+04  1.86e+03 -1.00e+05
2016 01 04  0935   57391  34500   1.89e+01  4.53e-01  1.92e-01  1.00e-01  9.07e-02  5.94e-02  3.98e+04  1.86e+03 -1.00e+05
2016 01 04  0940   57391  34800   1.77e+01  4.83e-01  1.88e-01  6.14e-02  5.17e-02  3.18e-02  4.09e+04  1.87e+03 -1.00e+05
2016 01 04  0945   57391  35100   1.05e+01  2.02e-01  1.56e-01  5.64e-02  4.67e-02  2.28e-02  3.97e+04  1.89e+03 -1.00e+05
2016 01 04  0950   57391  35400   2.10e+01  7.76e-01  2.51e-01  9.86e-02  8.89e-02  6.89e-02  3.93e+04  1.82e+03 -1.00e+05
2016 01 04  0955   57391  35700   1.34e+01  2.94e-01  1.66e-01  7.52e-02  6.55e-02  2.88e-02  3.76e+04  1.70e+03 -1.00e+05
2016 01 04  1000   57391  36000   1.99e+01  4.24e-01  1.36e-01  8.75e-02  4.91e-02  2.09e-02  3.63e+04  1.71e+03 -1.00e+05
2016 01 04  1005   57391  36300   1.43e+01  4.18e-01  2.11e-01  7.52e-02  6.55e-02  2.88e-02  3.72e+04  1.73e+03 -1.00e+05
2016 01 04  1010   57391  36600   2.25e+01  5.40e-01  1.61e-01  1.13e-01  7.48e-02  4.66e-02  3.76e+04  1.74e+03 -1.00e+05
2016 01 04  1015   57391  36900   1.74e+01  2.90e-01  1.11e-01  6.27e-02  5.30e-02  2.48e-02  3.77e+04  1.79e+03 -1.00e+05
2016 01 04  1020   57391  37200   2.53e+01  5.40e-01  1.27e-01  8.00e-02  7.03e-02  5.04e-02  3.92e+04  1.84e+03 -1.00e+05
2016 01 04  1025   57391  37500   2.06e+01  6.58e-01  2.92e-01  6.88e-02  5.91e-02  3.92e-02  4.04e+04  1.93e+03 -1.00e+05
2016 01 04  1030   57391  37800   1.76e+01  2.90e-01  1.11e-01  6.27e-02  5.30e-02  2.48e-02  4.00e+04  1.94e+03 -1.00e+05
2016 01 04  1035   57391  38100   2.42e+01  9.49e-01  3.58e-01  1.20e-01  8.41e-02  5.65e-02  3.85e+04  1.84e+03 -1.00e+05
2016 01 04  1040   57391  38400   1.98e+01  3.04e-01  9.83e-02  5.05e-02  4.08e-02  2.09e-02  3.68e+04  1.78e+03 -1.00e+05
2016 01 04  1045   57391  38700   1.99e+01  3.41e-01  1.41e-01  9.28e-02  6.48e-02  2.75e-02  3.80e+04  1.77e+03 -1.00e+05
2016 01 04  1050   57391  39000   2.36e+01  3.26e-01  9.82e-02  5.05e-02  4.08e-02  2.09e-02  3.39e+04  1.67e+03 -1.00e+05
2016 01 04  1055   57391  39300   2.34e+01  3.59e-01  1.12e-01  6.39e-02  5.42e-02  3.43e-02  3.58e+04  1.74e+03 -1.00e+05
2016 01 04  1100   57391  39600   1.74e+01  2.27e-01  1.17e-01  6.78e-02  4.47e-02  2.09e-02  3.76e+04  1.84e+03 -1.00e+05
2016 01 04  1105   57391  39900   2.32e+01  4.66e-01  2.01e-01  7.10e-02  5.58e-02  3.43e-02  3.76e+04  1.84e+03 -1.00e+05
2016 01 04  1110   57391  40200   2.37e+01  6.34e-01  2.96e-01  6.78e-02  4.47e-02  2.09e-02  3.74e+04  1.84e+03 -1.00e+05
2016 01 04  1115   57391  40500   2.32e+01  3.25e-01  1.19e-01  7.04e-02  4.80e-02  2.43e-02  3.76e+04  1.86e+03 -1.00e+05
2016 01 04  1120   57391  40800   1.96e+01  4.33e-01  2.39e-01  1.32e-01  1.22e-01  4.69e-02  3.76e+04  1.87e+03 -1.00e+05
2016 01 04  1125   57391  41100   2.48e+01  3.27e-01  9.92e-02  5.15e-02  4.18e-02  2.19e-02  3.76e+04  1.89e+03 -1.00e+05
2016 01 04  1130   57391  41400   2.52e+01  6.82e-01  2.92e-01  1.11e-01  1.02e-01  5.79e-02  3.94e+04  1.99e+03 -1.00e+05
2016 01 04  1135   57391  41700   2.45e+01  2.82e-01  9.84e-02  5.05e-02  4.08e-02  2.09e-02  4.04e+04  2.10e+03 -1.00e+05
2016 01 04  1140   57391  42000   2.30e+01  2.85e-01  1.34e-01  8.60e-02  6.80e-02  2.88e-02  4.08e+04  2.15e+03 -1.00e+05
2016 01 04  1145   57391  42300   1.92e+01  2.29e-01  1.30e-01  7.28e-02  5.81e-02  3.67e-02  4.05e+04  2.14e+03 -1.00e+05
2016 01 04  1150   57391  42600   3.38e+01  4.23e-01  9.78e-02  5.05e-02  4.08e-02  2.09e-02  4.16e+04  2.16e+03 -1.00e+05
2016 01 04  1155   57391  42900   2.98e+01  3.79e-01  1.43e-01  9.56e-02  8.60e-02  4.11e-02  4.23e+04  2.26e+03 -1.00e+05
2016 01 04  1200   57391  43200   2.08e+01  3.03e-01  2.06e-01  8.62e-02  7.65e-02  5.65e-02  4.40e+04  2.33e+03 -1.00e+05
2016 01 04  1205   57391  43500   3.39e+01  3.66e-01  9.80e-02  5.05e-02  4.08e-02  2.09e-02  4.40e+04  2.44e+03 -1.00e+05
2016 01 04  1210   57391  43800   3.97e+01  9.09e-01  3.76e-01  1.26e-01  7.15e-02  2.68e-02  4.40e+04  2.47e+03 -1.00e+05
2016 01 04  1215   57391  44100   3.40e+01  6.20e-01  3.15e-01  8.57e-02  4.68e-02  2.09e-02  4.48e+04  2.53e+03 -1.00e+05
2016 01 04  1220   57391  44400   2.88e+01  2.62e-01  1.26e-01  7.69e-02  4.95e-02  2.43e-02  4.58e+04  2.56e+03 -1.00e+05
2016 01 04  1225   57391  44700   3.50e+01  3.46e-01  9.81e-02  5.05e-02  4.08e-02  2.09e-02  4.64e+04  2.58e+03 -1.00e+05
2016 01 04  1230   57391  45000   1.63e+01  1.35e-01  1.06e-01  6.14e-02  5.17e-02  3.18e-02  4.69e+04  2.72e+03 -1.00e+05
2016 01 04  1235   57391  45300   2.26e+01  2.15e-01  1.16e-01  5.89e-02  4.92e-02  2.93e-02  4.92e+04  2.73e+03 -1.00e+05
2016 01 04  1240   57391  45600   3.19e+01  6.51e-01  2.85e-01  5.05e-02  4.08e-02  2.09e-02  4.93e+04  2.80e+03 -1.00e+05
2016 01 04  1245   57391  45900   3.03e+01  5.22e-01  2.38e-01  6.83e-02  5.87e-02  3.87e-02  4.93e+04  2.80e+03 -1.00e+05
2016 01 04  1250   57391  46200   2.74e+01  2.58e-01  1.37e-01  8.84e-02  7.87e-02  3.54e-02  4.95e+04  2.88e+03 -1.00e+05
2016 01 04  1255   57391  46500   3.84e+01  4.13e-01  1.26e-01  7.87e-02  6.91e-02  4.91e-02  5.10e+04  2.92e+03 -1.00e+05
2016 01 04  1300   57391  46800   3.49e+01  3.04e-01  9.83e-02  5.05e-02  4.08e-02  2.09e-02  5.19e+04  3.02e+03 -1.00e+05
2016 01 04  1305   57391  47100   1.70e+01  2.84e-01  2.55e-01  6.13e-02  4.32e-02  2.09e-02  5.29e+04  3.07e+03 -1.00e+05
2016 01 04  1310   57391  47400   3.55e+01  5.50e-01  2.78e-01  5.05e-02  4.08e-02  2.09e-02  5.42e+04  3.11e+03 -1.00e+05
2016 01 04  1315   57391  47700   2.55e+01  2.64e-01  1.48e-01  1.00e-01  9.06e-02  3.69e-02  5.19e+04  3.10e+03 -1.00e+05
2016 01 04  1320   57391  48000   1.82e+01  4.64e-01  2.64e-01  9.29e-02  6.47e-02  2.68e-02  5.19e+04  2.97e+03 -1.00e+05
2016 01 04  1325   57391  48300   2.67e+01  4.72e-01  2.16e-01  7.45e-02  6.04e-02  3.92e-02  5.19e+04  3.01e+03 -1.00e+05
2016 01 04  1330   57391  48600   2.14e+01  2.74e-01  1.39e-01  9.11e-02  8.14e-02  6.15e-02  5.12e+04  2.90e+03 -1.00e+05
2016 01 04  1335   57391  48900   3.09e+01  3.99e-01  1.12e-01  6.44e-02  5.43e-02  3.43e-02  5.36e+04  3.14e+03 -1.00e+05
2016 01 04  1340   57391  49200   3.16e+01  4.76e-01  2.09e-01  7.44e-02  4.62e-02  2.09e-02  5.51e+04  3.32e+03 -1.00e+05
2016 01 04  1345   57391  49500   3.27e+01  3.22e-01  1.17e-01  6.88e-02  5.91e-02  3.92e-02  5.64e+04  3.47e+03 -1.00e+05
2016 01 04  1350   57391  49800   2.03e+01  1.50e-01  9.93e-02  5.05e-02  4.08e-02  2.09e-02  5.76e+04  3.61e+03 -1.00e+05
2016 01 04  1355   57391  50100   3.30e+01  5.25e-01  2.12e-01  9.31e-02  8.34e-02  5.37e-02  6.05e+04  3.48e+03 -1.00e+05
2016 01 04  1400   57391  50400   2.63e+01  2.66e-01  1.38e-01  7.52e-02  6.55e-02  2.88e-02  5.70e+04  3.59e+03 -1.00e+05
2016 01 04  1405   57391  50700   2.04e+01  1.50e-01  9.93e-02  5.05e-02  4.08e-02  2.09e-02  6.49e+04  3.95e+03 -1.00e+05
2016 01 04  1410   57391  51000   2.18e+01  2.08e-01  1.59e-01  1.10e-01  7.79e-02  5.16e-02  6.38e+04  4.08e+03 -1.00e+05
2016 01 04  1415   57391  51300   3.54e+01  2.77e-01  1.16e-01  6.78e-02  4.47e-02  2.09e-02  6.60e+04  4.30e+03 -1.00e+05
2016 01 04  1420   57391  51600   2.86e+01  2.12e-01  1.30e-01  7.59e-02  6.62e-02  3.14e-02  6.97e+04  4.44e+03 -1.00e+05
2016 01 04  1425   57391  51900   3.39e+01  2.09e-01  9.87e-02  5.05e-02  4.08e-02  2.09e-02  7.13e+04  4.54e+03 -1.00e+05
2016 01 04  1430   57391  52200   3.92e+01  3.30e-01  1.69e-01  1.21e-01  1.12e-01  5.10e-02  7.13e+04  4.66e+03 -1.00e+05
2016 01 04  1435   57391  52500   2.72e+01  1.85e-01  1.34e-01  8.40e-02  4.68e-02  2.09e-02  7.13e+04  4.69e+03 -1.00e+05
2016 01 04  1440   57391  52800   4.00e+01  2.35e-01  9.86e-02  5.05e-02  4.08e-02  2.09e-02  6.96e+04  4.72e+03 -1.00e+05
2016 01 04  1445   57391  53100   2.42e+01  1.55e-01  1.26e-01  8.12e-02  7.15e-02  5.16e-02  7.15e+04  4.93e+03 -1.00e+05
2016 01 04  1450   57391  53400   2.48e+01  1.56e-01  1.27e-01  8.10e-02  4.77e-02  2.09e-02  7.41e+04  4.96e+03 -1.00e+05
2016 01 04  1455   57391  53700   3.14e+01  2.98e-01  2.48e-01  5.05e-02  4.08e-02  2.09e-02  7.16e+04  5.06e+03 -1.00e+05
2016 01 04  1500   57391  54000   5.87e+01  3.30e-01  1.03e-01  5.47e-02  4.18e-02  2.09e-02  7.34e+04  5.15e+03 -1.00e+05
2016 01 04  1505   57391  54300   2.81e+01  1.58e-01  1.29e-01  8.37e-02  7.40e-02  5.41e-02  7.53e+04  5.16e+03 -1.00e+05
2016 01 04  1510   57391  54600   4.82e+01  4.28e-01  2.53e-01  7.52e-02  6.55e-02  2.88e-02  7.23e+04  5.13e+03 -1.00e+05
2016 01 04  1515   57391  54900   3.34e+01  1.50e-01  9.93e-02  5.05e-02  4.08e-02  2.09e-02  7.52e+04  5.29e+03 -1.00e+05
2016 01 04  1520   57391  55200   5.14e+01  2.35e-01  9.86e-02  5.05e-02  4.08e-02  2.09e-02  7.57e+04  5.42e+03 -1.00e+05
2016 01 04  1525   57391  55500   5.54e+01  2.39e-01  1.03e-01  5.47e-02  4.18e-02  2.09e-02  7.80e+04  5.46e+03 -1.00e+05
2016 01 04  1530   57391  55800   3.34e+01  3.20e-01  2.91e-01  1.26e-01  7.15e-02  2.68e-02  7.71e+04  5.73e+03 -1.00e+05
2016 01 04  1535   57391  56100   3.66e+01  2.21e-01  1.92e-01  8.37e-02  7.40e-02  5.41e-02  7.93e+04  5.86e+03 -1.00e+05
2016 01 04  1540   57391  56400   5.78e+01  2.66e-01  1.22e-01  5.66e-02  4.69e-02  2.35e-02  7.93e+04  6.04e+03 -1.00e+05
2016 01 04  1545   57391  56700   3.74e+01  2.60e-01  2.31e-01  8.10e-02  4.77e-02  2.09e-02  7.94e+04  5.99e+03 -1.00e+05
2016 01 04  1550   57391  57000   3.67e+01  1.72e-01  1.43e-01  9.86e-02  8.89e-02  6.89e-02  7.90e+04  5.96e+03 -1.00e+05
2016 01 04  1555   57391  57300   7.64e+01  3.52e-01  1.46e-01  9.78e-02  6.95e-02  4.42e-02  8.16e+04  6.26e+03 -1.00e+05
2016 01 04  1600   57391  57600   4.02e+01  2.36e-01  2.07e-01  1.62e-01  1.52e-01  7.59e-02  8.41e+04  6.22e+03 -1.00e+05
2016 01 04  1605   57391  57900   3.96e+01  2.55e-01  2.27e-01  7.69e-02  4.95e-02  2.43e-02  7.63e+04  6.38e+03 -1.00e+05
2016 01 04  1610   57391  58200   4.19e+01  1.88e-01  1.59e-01  1.13e-01  7.26e-02  4.66e-02  9.08e+04  7.12e+03 -1.00e+05
2016 01 04  1615   57391  58500   5.98e+01  3.83e-01  2.84e-01  7.87e-02  5.18e-02  2.68e-02  8.66e+04  7.22e+03 -1.00e+05
2016 01 04  1620   57391  58800   6.42e+01  2.20e-01  1.10e-01  6.13e-02  4.32e-02  2.09e-02  8.93e+04  7.64e+03 -1.00e+05
2016 01 04  1625   57391  59100   4.22e+01  1.24e-01  9.54e-02  5.05e-02  4.08e-02  2.09e-02  9.76e+04  8.39e+03 -1.00e+05
2016 01 04  1630   57391  59400   6.33e+01  2.32e-01  1.33e-01  7.44e-02  4.62e-02  2.09e-02  9.86e+04  8.76e+03 -1.00e+05
2016 01 04  1635   57391  59700   4.67e+01  2.83e-01  2.54e-01  6.39e-02  5.42e-02  3.43e-02  9.81e+04  9.00e+03 -1.00e+05
2016 01 04  1640   57391  60000   6.59e+01  2.57e-01  1.59e-01  1.00e-01  6.27e-02  3.67e-02  1.03e+05  9.25e+03 -1.00e+05
2016 01 04  1645   57391  60300   6.43e+01  2.82e-01  1.83e-01  5.47e-02  4.18e-02  2.09e-02  1.02e+05  9.28e+03 -1.00e+05
2016 01 04  1650   57391  60600   4.97e+01  1.94e-01  1.47e-01  9.86e-02  8.89e-02  6.89e-02  1.04e+05  9.41e+03 -1.00e+05
2016 01 04  1655   57391  60900   7.47e+01  4.87e-01  2.88e-01  6.64e-02  5.67e-02  3.67e-02  1.04e+05  9.47e+03 -1.00e+05
2016 01 04  1700   57391  61200   7.24e+01  2.85e-01  1.26e-01  7.82e-02  6.85e-02  4.85e-02  1.03e+05  9.00e+03 -1.00e+05
2016 01 04  1705   57391  61500   7.29e+01  3.18e-01  1.35e-01  8.71e-02  7.67e-02  5.65e-02  9.14e+04  7.66e+03 -1.00e+05
2016 01 04  1710   57391  61800   7.38e+01  4.67e-01  2.29e-01  9.41e-02  5.06e-02  2.09e-02  9.67e+04  8.06e+03 -1.00e+05
2016 01 04  1715   57391  62100   6.83e+01  2.41e-01  1.05e-01  5.65e-02  4.68e-02  2.68e-02  1.01e+05  8.28e+03 -1.00e+05
2016 01 04  1720   57391  62400   9.00e+01  3.79e-01  1.11e-01  6.39e-02  5.42e-02  3.43e-02  9.87e+04  8.35e+03 -1.00e+05
2016 01 04  1725   57391  62700   6.36e+01  2.22e-01  1.12e-01  6.39e-02  5.42e-02  3.43e-02  9.86e+04  8.38e+03 -1.00e+05
2016 01 04  1730   57391  63000   8.28e+01  3.39e-01  1.12e-01  6.39e-02  5.42e-02  3.43e-02  9.92e+04  8.47e+03 -1.00e+05
2016 01 04  1735   57391  63300   4.12e+01  1.40e-01  1.11e-01  6.64e-02  5.67e-02  3.67e-02  9.91e+04  8.59e+03 -1.00e+05
2016 01 04  1740   57391  63600   7.33e+01  2.76e-01  1.27e-01  5.93e-02  4.27e-02  2.09e-02  1.01e+05  9.02e+03 -1.00e+05
2016 01 04  1745   57391  63900   4.43e+01  1.98e-01  1.70e-01  1.18e-01  1.01e-01  3.96e-02  9.99e+04  8.97e+03 -1.00e+05
2016 01 04  1750   57391  64200   4.36e+01  2.26e-01  1.97e-01  1.45e-01  1.28e-01  5.34e-02  1.01e+05  9.24e+03 -1.00e+05
2016 01 04  1755   57391  64500   7.11e+01  2.22e-01  1.08e-01  5.13e-02  4.10e-02  2.10e-02  9.97e+04  8.92e+03 -1.00e+05
2016 01 04  1800   57391  64800   5.33e+01  3.25e-01  2.74e-01  5.37e-02  4.35e-02  2.35e-02  1.00e+05  9.25e+03 -1.00e+05
2016 01 04  1805   57391  65100   5.37e+01  2.75e-01  2.27e-01  9.34e-02  8.31e-02  6.31e-02  1.02e+05  9.47e+03 -1.00e+05
2016 01 04  1810   57391  65400   4.90e+01  1.85e-01  1.36e-01  8.10e-02  7.07e-02  5.07e-02  1.04e+05  9.16e+03 -1.00e+05
2016 01 04  1815   57391  65700   4.31e+01  1.60e-01  1.31e-01  7.90e-02  6.88e-02  3.33e-02  1.04e+05  9.27e+03 -1.00e+05
2016 01 04  1820   57391  66000   4.29e+01  1.53e-01  1.24e-01  7.19e-02  5.91e-02  3.83e-02  1.04e+05  9.30e+03 -1.00e+05
2016 01 04  1825   57391  66300   4.30e+01  1.39e-01  1.10e-01  5.87e-02  4.84e-02  2.84e-02  1.02e+05  9.22e+03 -1.00e+05
2016 01 04  1830   57391  66600   4.58e+01  1.65e-01  1.36e-01  8.48e-02  7.45e-02  5.45e-02  1.02e+05  9.25e+03 -1.00e+05
2016 01 04  1835   57391  66900   1.01e+02  3.22e-01  1.07e-01  5.11e-02  4.09e-02  2.09e-02  1.04e+05  9.90e+03 -1.00e+05
2016 01 04  1840   57391  67200   1.14e+02  3.39e-01  1.47e-01  8.94e-02  4.67e-02  2.09e-02  1.10e+05  1.10e+04 -1.00e+05
2016 01 04  1845   57391  67500   6.82e+01  1.94e-01  1.46e-01  9.09e-02  8.06e-02  6.06e-02  1.12e+05  1.12e+04 -1.00e+05
2016 01 04  1850   57391  67800   6.74e+01  1.71e-01  1.22e-01  6.61e-02  5.59e-02  3.59e-02  1.06e+05  1.08e+04 -1.00e+05
2016 01 04  1855   57391  68100   6.79e+01  1.93e-01  1.42e-01  8.55e-02  4.86e-02  2.09e-02  1.09e+05  1.09e+04 -1.00e+05
2016 01 04  1900   57391  68400   5.74e+01  1.79e-01  1.50e-01  9.83e-02  8.81e-02  6.81e-02  1.09e+05  1.09e+04 -1.00e+05
2016 01 04  1905   57391  68700   1.02e+02  2.58e-01  1.16e-01  5.93e-02  4.27e-02  2.09e-02  1.09e+05  1.09e+04 -1.00e+05
2016 01 04  1910   57391  69000   5.53e+01  1.82e-01  1.53e-01  7.04e-02  6.02e-02  4.02e-02  1.09e+05  1.09e+04 -1.00e+05
2016 01 04  1915   57391  69300   5.69e+01  1.32e-01  1.03e-01  5.11e-02  4.09e-02  2.09e-02  1.09e+05  1.09e+04 -1.00e+05
2016 01 04  1920   57391  69600   5.63e+01  1.40e-01  1.11e-01  5.93e-02  4.90e-02  2.35e-02  1.09e+05  1.09e+04 -1.00e+05
2016 01 04  1925   57391  69900   5.35e+01  1.59e-01  1.30e-01  7.84e-02  6.82e-02  2.16e-02  1.09e+05  1.05e+04 -1.00e+05
2016 01 04  1930   57391  70200   9.68e+01  3.88e-01  2.09e-01  1.09e-01  9.86e-02  5.97e-02  1.09e+05  1.05e+04 -1.00e+05
2016 01 04  1935   57391  70500   5.18e+01  1.68e-01  1.39e-01  8.68e-02  6.01e-02  2.55e-02  1.09e+05  1.05e+04 -1.00e+05
2016 01 04  1940   57391  70800   5.13e+01  1.41e-01  1.12e-01  5.11e-02  4.09e-02  2.09e-02  1.09e+05  1.03e+04 -1.00e+05
2016 01 04  1945   57391  71100   5.06e+01  1.32e-01  1.03e-01  5.11e-02  4.09e-02  2.09e-02  1.09e+05  1.03e+04 -1.00e+05
2016 01 04  1950   57391  71400   8.50e+01  2.69e-01  1.21e-01  5.37e-02  4.35e-02  2.35e-02  1.09e+05  1.03e+04 -1.00e+05
2016 01 04  1955   57391  71700   7.67e+01  2.22e-01  1.08e-01  5.11e-02  4.09e-02  2.09e-02  1.07e+05  9.90e+03 -1.00e+05
2016 01 04  2000   57391  72000   7.12e+01  2.36e-01  1.38e-01  7.35e-02  6.33e-02  4.33e-02  1.06e+05  1.00e+04 -1.00e+05
2016 01 04  2005   57391  72300   5.50e+01  1.60e-01  1.31e-01  7.91e-02  6.84e-02  4.83e-02  1.09e+05  1.04e+04 -1.00e+05
2016 01 04  2010   57391  72600   5.77e+01  1.86e-01  1.57e-01  1.04e-01  7.80e-02  5.33e-02  1.09e+05  1.07e+04 -1.00e+05
2016 01 04  2015   57391  72900   5.45e+01  1.54e-01  1.25e-01  7.35e-02  6.33e-02  4.33e-02  1.06e+05  1.02e+04 -1.00e+05
2016 01 04  2020   57391  73200   5.31e+01  1.47e-01  1.18e-01  6.58e-02  4.42e-02  2.09e-02  1.04e+05  9.77e+03 -1.00e+05
2016 01 04  2025   57391  73500   7.55e+01  2.52e-01  1.55e-01  9.10e-02  7.68e-02  5.57e-02  1.04e+05  9.69e+03 -1.00e+05
2016 01 04  2030   57391  73800   6.60e+01  1.80e-01  1.31e-01  7.60e-02  6.58e-02  4.58e-02  1.04e+05  9.74e+03 -1.00e+05
2016 01 04  2035   57391  74100   7.97e+01  2.23e-01  1.24e-01  5.93e-02  4.27e-02  2.09e-02  1.04e+05  9.72e+03 -1.00e+05
2016 01 04  2040   57391  74400   1.10e+02  3.31e-01  1.22e-01  6.55e-02  5.53e-02  2.55e-02  1.04e+05  9.34e+03 -1.00e+05
2016 01 04  2045   57391  74700   5.19e+01  2.53e-01  2.24e-01  9.31e-02  6.64e-02  2.75e-02  1.01e+05  9.14e+03 -1.00e+05
2016 01 04  2050   57391  75000   1.00e+02  3.56e-01  1.51e-01  9.44e-02  8.42e-02  4.83e-02  9.84e+04  8.77e+03 -1.00e+05
2016 01 04  2055   57391  75300   9.81e+01  2.75e-01  1.07e-01  5.11e-02  4.09e-02  2.09e-02  9.86e+04  9.16e+03 -1.00e+05
2016 01 04  2100   57391  75600   5.16e+01  1.47e-01  1.18e-01  6.58e-02  4.42e-02  2.09e-02  9.86e+04  8.80e+03 -1.00e+05
2016 01 04  2105   57391  75900   5.23e+01  1.32e-01  1.03e-01  5.11e-02  4.09e-02  2.09e-02  9.86e+04  8.84e+03 -1.00e+05
2016 01 04  2110   57391  76200   6.42e+01  2.21e-01  1.67e-01  8.29e-02  7.27e-02  2.17e-02  9.86e+04  8.90e+03 -1.00e+05
2016 01 04  2115   57391  76500   5.32e+01  1.33e-01  1.04e-01  5.27e-02  4.12e-02  2.09e-02  9.82e+04  8.79e+03 -1.00e+05
2016 01 04  2120   57391  76800   5.11e+01  1.39e-01  1.10e-01  5.87e-02  4.84e-02  2.84e-02  9.38e+04  8.51e+03 -1.00e+05
2016 01 04  2125   57391  77100   7.12e+01  3.22e-01  2.34e-01  1.06e-01  6.45e-02  2.55e-02  9.37e+04  8.51e+03 -1.00e+05
2016 01 04  2130   57391  77400   5.22e+01  2.12e-01  1.83e-01  1.31e-01  1.04e-01  3.96e-02  9.58e+04  8.61e+03 -1.00e+05
2016 01 04  2135   57391  77700   8.41e+01  2.34e-01  1.20e-01  6.30e-02  4.75e-02  2.60e-02  9.40e+04  8.60e+03 -1.00e+05
2016 01 04  2140   57391  78000   5.25e+01  1.59e-01  1.30e-01  7.81e-02  6.78e-02  2.95e-02  9.32e+04  8.54e+03 -1.00e+05
2016 01 04  2145   57391  78300   5.12e+01  1.74e-01  1.45e-01  9.34e-02  8.31e-02  6.31e-02  9.34e+04  8.48e+03 -1.00e+05
2016 01 04  2150   57391  78600   7.11e+01  2.15e-01  1.16e-01  5.11e-02  4.09e-02  2.09e-02  9.32e+04  8.38e+03 -1.00e+05
2016 01 04  2155   57391  78900   8.44e+01  3.11e-01  1.63e-01  1.03e-01  9.29e-02  3.76e-02  9.32e+04  8.27e+03 -1.00e+05
2016 01 04  2200   57391  79200   4.62e+01  2.71e-01  2.42e-01  1.04e-01  9.39e-02  4.14e-02  9.32e+04  8.00e+03 -1.00e+05
2016 01 04  2205   57391  79500   5.43e+01  1.57e-01  1.07e-01  5.11e-02  4.09e-02  2.09e-02  9.32e+04  7.86e+03 -1.00e+05
2016 01 04  2210   57391  79800   7.24e+01  2.37e-01  1.23e-01  6.65e-02  5.21e-02  3.09e-02  9.30e+04  7.81e+03 -1.00e+05
2016 01 04  2215   57391  80100   4.38e+01  1.93e-01  1.64e-01  1.12e-01  9.00e-02  3.56e-02  8.86e+04  7.61e+03 -1.00e+05
2016 01 04  2220   57391  80400   7.70e+01  2.58e-01  1.22e-01  6.55e-02  5.53e-02  2.55e-02  9.11e+04  7.80e+03 -1.00e+05
2016 01 04  2225   57391  80700   4.51e+01  1.41e-01  1.12e-01  5.11e-02  4.09e-02  2.09e-02  9.24e+04  7.74e+03 -1.00e+05
2016 01 04  2230   57391  81000   4.46e+01  1.74e-01  1.45e-01  9.20e-02  5.01e-02  2.09e-02  9.03e+04  7.63e+03 -1.00e+05
2016 01 04  2235   57391  81300   4.36e+01  1.77e-01  1.49e-01  9.69e-02  8.67e-02  3.56e-02  8.83e+04  7.56e+03 -1.00e+05
2016 01 04  2240   57391  81600   4.40e+01  1.52e-01  1.24e-01  7.18e-02  6.16e-02  2.75e-02  8.79e+04  7.40e+03 -1.00e+05
2016 01 04  2245   57391  81900   7.35e+01  2.76e-01  1.36e-01  7.99e-02  6.96e-02  4.96e-02  8.79e+04  7.35e+03 -1.00e+05
2016 01 04  2250   57391  82200   6.76e+01  2.59e-01  1.45e-01  8.67e-02  4.69e-02  2.10e-02  8.79e+04  7.23e+03 -1.00e+05
2016 01 04  2255   57391  82500   4.08e+01  3.22e-01  2.94e-01  8.02e-02  6.29e-02  4.08e-02  8.79e+04  7.13e+03 -1.00e+05
2016 01 04  2300   57391  82800   7.03e+01  4.96e-01  2.98e-01  5.93e-02  4.90e-02  2.35e-02  8.79e+04  7.17e+03 -1.00e+05
2016 01 04  2305   57391  83100   8.20e+01  2.99e-01  1.07e-01  5.11e-02  4.09e-02  2.09e-02  8.80e+04  7.29e+03 -1.00e+05
2016 01 04  2310   57391  83400   5.79e+01  2.33e-01  1.35e-01  7.11e-02  6.08e-02  4.08e-02  8.79e+04  7.22e+03 -1.00e+05
2016 01 04  2315   57391  83700   4.11e+01  1.65e-01  1.36e-01  8.43e-02  7.41e-02  3.15e-02  8.79e+04  7.15e+03 -1.00e+05
2016 01 04  2320   57391  84000   4.11e+01  1.32e-01  1.03e-01  5.11e-02  4.09e-02  2.09e-02  8.79e+04  7.04e+03 -1.00e+05
2016 01 04  2325   57391  84300   4.11e+01  1.70e-01  1.42e-01  5.27e-02  4.12e-02  2.09e-02  8.79e+04  7.00e+03 -1.00e+05
2016 01 04  2330   57391  84600   4.72e+01  1.67e-01  1.16e-01  5.11e-02  4.09e-02  2.09e-02  8.78e+04  6.92e+03 -1.00e+05
2016 01 04  2335   57391  84900   3.85e+01  2.03e-01  1.74e-01  1.22e-01  1.12e-01  4.36e-02  8.46e+04  6.57e+03 -1.00e+05
2016 01 04  2340   57391  85200   5.21e+01  2.52e-01  1.55e-01  9.09e-02  8.06e-02  6.06e-02  8.33e+04  6.39e+03 -1.00e+05
2016 01 04  2345   57391  85500   3.79e+01  2.96e-01  2.67e-01  5.30e-02  4.28e-02  2.15e-02  8.33e+04  6.49e+03 -1.00e+05
2016 01 04  2350   57391  85800   5.33e+01  2.31e-01  1.33e-01  6.83e-02  5.45e-02  3.34e-02  8.35e+04  6.53e+03 -1.00e+05
2016 01 04  2355   57391  86100   4.27e+01  2.02e-01  1.53e-01  9.69e-02  7.05e-02  4.58e-02  8.33e+04  6.42e+03 -1.00e+05
