:Data_list: 20160910_Gp_part_5m.txt
:Created: 2016 Sep 11 0011 UTC
# Prepared by the U.S. Dept. of Commerce, NOAA, Space Weather Prediction Center
# Please send comments and suggestions to SWPC.Webmaster@noaa.gov 
# 
# Label: P > 1 = Particles at >1 Mev
# Label: P > 5 = Particles at >5 Mev
# Label: P >10 = Particles at >10 Mev
# Label: P >30 = Particles at >30 Mev
# Label: P >50 = Particles at >50 Mev
# Label: P>100 = Particles at >100 Mev
# Label: E>0.8 = Electrons at >0.8 Mev
# Label: E>2.0 = Electrons at >2.0 Mev
# Label: E>4.0 = Electrons at >4.0 Mev
# Units: Particles = Protons/cm2-s-sr
# Units: Electrons = Electrons/cm2-s-sr
# Source: GOES-13
# Location: W075
# Missing data: -1.00e+05
#
#                      5-minute  GOES-13 Solar Particle and Electron Flux
#
#                 Modified Seconds
# UTC Date  Time   Julian  of the
# YR MO DA  HHMM    Day     Day     P > 1     P > 5     P >10     P >30     P >50     P>100     E>0.8     E>2.0     E>4.0
#-------------------------------------------------------------------------------------------------------------------------
2016 09 10  0000   57641      0   6.64e+00  1.64e-01  1.30e-01  8.56e-02  7.08e-02  4.62e-02  1.44e+04  1.35e+03 -1.00e+05
2016 09 10  0005   57641    300   8.06e+00  2.25e-01  1.37e-01  8.34e-02  7.22e-02  4.87e-02  1.49e+04  1.38e+03 -1.00e+05
2016 09 10  0010   57641    600   6.85e+00  2.06e-01  1.72e-01  1.28e-01  1.17e-01  8.83e-02  1.48e+04  1.40e+03 -1.00e+05
2016 09 10  0015   57641    900   6.18e+00  1.64e-01  1.30e-01  8.62e-02  7.50e-02  5.15e-02  1.50e+04  1.41e+03 -1.00e+05
2016 09 10  0020   57641   1200   6.71e+00  1.86e-01  1.52e-01  1.06e-01  6.19e-02  2.89e-02  1.50e+04  1.42e+03 -1.00e+05
2016 09 10  0025   57641   1500   5.67e+00  1.49e-01  1.15e-01  7.04e-02  5.11e-02  2.52e-02  1.51e+04  1.43e+03 -1.00e+05
2016 09 10  0030   57641   1800   5.26e+00  2.05e-01  1.71e-01  7.92e-02  6.80e-02  3.14e-02  1.56e+04  1.52e+03 -1.00e+05
2016 09 10  0035   57641   2100   6.42e+00  1.39e-01  1.05e-01  6.00e-02  4.87e-02  2.52e-02  1.57e+04  1.54e+03 -1.00e+05
2016 09 10  0040   57641   2400   6.75e+00  1.44e-01  1.10e-01  6.61e-02  5.49e-02  3.14e-02  1.57e+04  1.55e+03 -1.00e+05
2016 09 10  0045   57641   2700   8.02e+00  2.62e-01  1.72e-01  1.16e-01  6.14e-02  2.52e-02  1.57e+04  1.57e+03 -1.00e+05
2016 09 10  0050   57641   3000   1.21e+01  4.00e-01  2.31e-01  9.57e-02  7.69e-02  5.12e-02  1.57e+04  1.56e+03 -1.00e+05
2016 09 10  0055   57641   3300   7.50e+00  2.45e-01  2.12e-01  9.58e-02  8.46e-02  6.11e-02  1.57e+04  1.54e+03 -1.00e+05
2016 09 10  0100   57641   3600   8.57e+00  2.19e-01  1.85e-01  1.02e-01  7.81e-02  3.34e-02  1.59e+04  1.57e+03 -1.00e+05
2016 09 10  0105   57641   3900   1.02e+01  3.44e-01  2.45e-01  1.88e-01  1.48e-01  8.54e-02  1.58e+04  1.59e+03 -1.00e+05
2016 09 10  0110   57641   4200   1.61e+01  2.63e-01  1.24e-01  6.00e-02  4.87e-02  2.52e-02  1.63e+04  1.62e+03 -1.00e+05
2016 09 10  0115   57641   4500   1.01e+01  1.71e-01  1.37e-01  9.33e-02  8.21e-02  5.86e-02  1.60e+04  1.60e+03 -1.00e+05
2016 09 10  0120   57641   4800   1.31e+01  2.92e-01  1.54e-01  9.05e-02  5.60e-02  2.54e-02  1.55e+04  1.53e+03 -1.00e+05
2016 09 10  0125   57641   5100   1.07e+01  2.85e-01  1.48e-01  8.56e-02  7.08e-02  4.62e-02  1.52e+04  1.48e+03 -1.00e+05
2016 09 10  0130   57641   5400   7.11e+00  1.38e-01  1.04e-01  6.00e-02  4.87e-02  2.52e-02  1.55e+04  1.50e+03 -1.00e+05
2016 09 10  0135   57641   5700   6.49e+00  2.38e-01  1.79e-01  1.31e-01  1.18e-01  7.02e-02  1.55e+04  1.50e+03 -1.00e+05
2016 09 10  0140   57641   6000   5.72e+00  2.50e-01  2.16e-01  1.72e-01  1.42e-01  5.36e-02  1.55e+04  1.49e+03 -1.00e+05
2016 09 10  0145   57641   6300   9.50e+00  2.38e-01  1.08e-01  6.00e-02  4.87e-02  2.52e-02  1.57e+04  1.52e+03 -1.00e+05
2016 09 10  0150   57641   6600   5.96e+00  1.84e-01  1.50e-01  1.04e-01  5.60e-02  2.52e-02  1.53e+04  1.48e+03 -1.00e+05
2016 09 10  0155   57641   6900   5.01e+00  2.06e-01  1.72e-01  1.27e-01  8.19e-02  5.12e-02  1.50e+04  1.48e+03 -1.00e+05
2016 09 10  0200   57641   7200   4.82e+00  1.38e-01  1.04e-01  6.00e-02  4.87e-02  2.52e-02  1.52e+04  1.47e+03 -1.00e+05
2016 09 10  0205   57641   7500   3.96e+00  1.39e-01  1.05e-01  6.00e-02  4.87e-02  2.52e-02  1.55e+04  1.50e+03 -1.00e+05
2016 09 10  0210   57641   7800   3.72e+00  1.43e-01  1.09e-01  6.43e-02  5.01e-02  2.54e-02  1.51e+04  1.46e+03 -1.00e+05
2016 09 10  0215   57641   8100   5.58e+00  3.57e-01  2.23e-01  1.21e-01  1.09e-01  8.59e-02  1.51e+04  1.43e+03 -1.00e+05
2016 09 10  0220   57641   8400   5.25e+00  2.38e-01  1.08e-01  6.00e-02  4.87e-02  2.52e-02  1.50e+04  1.43e+03 -1.00e+05
2016 09 10  0225   57641   8700   3.80e+00  1.48e-01  1.07e-01  6.00e-02  4.87e-02  2.52e-02  1.49e+04  1.44e+03 -1.00e+05
2016 09 10  0230   57641   9000   3.15e+00  2.13e-01  1.80e-01  1.36e-01  1.24e-01  4.95e-02  1.56e+04  1.49e+03 -1.00e+05
2016 09 10  0235   57641   9300   3.46e+00  1.38e-01  1.04e-01  6.00e-02  4.87e-02  2.52e-02  1.56e+04  1.49e+03 -1.00e+05
2016 09 10  0240   57641   9600   3.08e+00  2.07e-01  1.73e-01  1.28e-01  1.17e-01  6.21e-02  1.55e+04  1.48e+03 -1.00e+05
2016 09 10  0245   57641   9900   3.81e+00  1.50e-01  1.06e-01  5.99e-02  4.83e-02  2.50e-02  1.55e+04  1.49e+03 -1.00e+05
2016 09 10  0250   57641  10200   2.96e+00  1.96e-01  1.63e-01  1.18e-01  9.18e-02  3.76e-02  1.55e+04  1.49e+03 -1.00e+05
2016 09 10  0255   57641  10500   2.94e+00  1.70e-01  1.36e-01  9.19e-02  8.04e-02  5.71e-02  1.54e+04  1.48e+03 -1.00e+05
2016 09 10  0300   57641  10800   2.93e+00  1.65e-01  1.32e-01  8.69e-02  7.54e-02  5.21e-02  1.57e+04  1.51e+03 -1.00e+05
2016 09 10  0305   57641  11100   3.05e+00  2.57e-01  2.23e-01  1.52e-01  1.41e-01  6.65e-02  1.55e+04  1.49e+03 -1.00e+05
2016 09 10  0310   57641  11400   3.21e+00  2.23e-01  1.90e-01  1.44e-01  9.77e-02  3.76e-02  1.56e+04  1.45e+03 -1.00e+05
2016 09 10  0315   57641  11700   3.52e+00  1.56e-01  1.12e-01  6.54e-02  4.96e-02  2.50e-02  1.51e+04  1.44e+03 -1.00e+05
2016 09 10  0320   57641  12000   4.75e+00  2.65e-01  1.24e-01  5.99e-02  4.83e-02  2.50e-02  1.52e+04  1.42e+03 -1.00e+05
2016 09 10  0325   57641  12300   3.73e+00  2.43e-01  1.54e-01  9.97e-02  8.82e-02  6.49e-02  1.56e+04  1.45e+03 -1.00e+05
2016 09 10  0330   57641  12600   3.09e+00  1.92e-01  1.59e-01  6.15e-02  4.99e-02  2.55e-02  1.53e+04  1.43e+03 -1.00e+05
2016 09 10  0335   57641  12900   3.18e+00  1.80e-01  1.47e-01  5.99e-02  4.83e-02  2.50e-02  1.51e+04  1.42e+03 -1.00e+05
2016 09 10  0340   57641  13200   3.34e+00  1.86e-01  1.45e-01  9.93e-02  8.78e-02  6.45e-02  1.49e+04  1.39e+03 -1.00e+05
2016 09 10  0345   57641  13500   2.66e+00  1.38e-01  1.04e-01  5.99e-02  4.83e-02  2.50e-02  1.43e+04  1.35e+03 -1.00e+05
2016 09 10  0350   57641  13800   2.52e+00  1.38e-01  1.04e-01  5.99e-02  4.83e-02  2.50e-02  1.39e+04  1.29e+03 -1.00e+05
2016 09 10  0355   57641  14100   2.47e+00  1.68e-01  1.35e-01  5.99e-02  4.83e-02  2.50e-02  1.30e+04  1.21e+03 -1.00e+05
2016 09 10  0400   57641  14400   3.48e+00  2.32e-01  1.42e-01  8.69e-02  7.54e-02  5.21e-02  1.29e+04  1.18e+03 -1.00e+05
2016 09 10  0405   57641  14700   5.14e+00  7.43e-01  3.51e-01  1.26e-01  8.62e-02  5.46e-02  1.23e+04  1.15e+03 -1.00e+05
2016 09 10  0410   57641  15000   2.39e+00  2.46e-01  2.12e-01  9.63e-02  7.56e-02  4.96e-02  1.23e+04  1.13e+03 -1.00e+05
2016 09 10  0415   57641  15300   1.95e+00  1.80e-01  1.47e-01  5.99e-02  4.83e-02  2.50e-02  1.17e+04  1.11e+03 -1.00e+05
2016 09 10  0420   57641  15600   2.23e+00  3.12e-01  2.78e-01  8.44e-02  6.72e-02  4.22e-02  1.16e+04  1.07e+03 -1.00e+05
2016 09 10  0425   57641  15900   2.44e+00  2.77e-01  2.22e-01  1.74e-01  1.58e-01  5.98e-02  1.14e+04  1.09e+03 -1.00e+05
2016 09 10  0430   57641  16200   2.93e+00  2.80e-01  1.51e-01  1.04e-01  9.29e-02  6.96e-02  1.14e+04  1.38e+03 -1.00e+05
2016 09 10  0435   57641  16500   2.09e+00  2.02e-01  1.69e-01  1.24e-01  1.13e-01  4.57e-02  1.23e+04  1.69e+03 -1.00e+05
2016 09 10  0440   57641  16800   1.85e+00  2.40e-01  2.06e-01  1.62e-01  1.50e-01  5.78e-02  1.11e+04  1.66e+03 -1.00e+05
2016 09 10  0445   57641  17100   1.88e+00  3.06e-01  2.72e-01  7.95e-02  6.80e-02  4.47e-02  1.16e+04  1.65e+03 -1.00e+05
2016 09 10  0450   57641  17400   1.91e+00  1.50e-01  1.06e-01  5.99e-02  4.83e-02  2.50e-02  1.11e+04  1.64e+03 -1.00e+05
2016 09 10  0455   57641  17700   1.74e+00  1.64e-01  1.30e-01  8.51e-02  5.40e-02  2.50e-02  1.15e+04  1.72e+03 -1.00e+05
2016 09 10  0500   57641  18000   2.52e+00  3.24e-01  2.35e-01  1.19e-01  1.08e-01  8.43e-02  1.17e+04  1.75e+03 -1.00e+05
2016 09 10  0505   57641  18300   1.69e+00  1.54e-01  1.11e-01  6.47e-02  5.31e-02  2.98e-02  1.21e+04  1.77e+03 -1.00e+05
2016 09 10  0510   57641  18600   1.57e+00  1.68e-01  1.35e-01  5.99e-02  4.83e-02  2.50e-02  1.26e+04  1.78e+03 -1.00e+05
2016 09 10  0515   57641  18900   2.69e+00  4.77e-01  3.86e-01  1.22e-01  7.50e-02  4.47e-02  1.29e+04  1.76e+03 -1.00e+05
2016 09 10  0520   57641  19200   2.99e+00  3.21e-01  1.43e-01  9.69e-02  8.53e-02  6.20e-02  1.34e+04  1.81e+03 -1.00e+05
2016 09 10  0525   57641  19500   1.93e+00  1.43e-01  1.09e-01  6.47e-02  5.31e-02  2.98e-02  1.29e+04  1.77e+03 -1.00e+05
2016 09 10  0530   57641  19800   1.64e+00  1.84e-01  1.51e-01  1.05e-01  5.84e-02  2.50e-02  1.33e+04  1.78e+03 -1.00e+05
2016 09 10  0535   57641  20100   1.67e+00  1.80e-01  1.47e-01  5.99e-02  4.83e-02  2.50e-02  1.32e+04  1.76e+03 -1.00e+05
2016 09 10  0540   57641  20400   1.88e+00  2.49e-01  2.15e-01  1.71e-01  1.59e-01  7.07e-02  1.31e+04  1.76e+03 -1.00e+05
2016 09 10  0545   57641  20700   2.25e+00  3.07e-01  1.66e-01  1.00e-01  5.53e-02  2.50e-02  1.35e+04  1.71e+03 -1.00e+05
2016 09 10  0550   57641  21000   1.67e+00  1.92e-01  1.59e-01  1.14e-01  1.03e-01  7.94e-02  1.27e+04  1.67e+03 -1.00e+05
2016 09 10  0555   57641  21300   3.59e+00  3.34e-01  1.33e-01  8.69e-02  7.54e-02  5.21e-02  1.32e+04  1.68e+03 -1.00e+05
2016 09 10  0600   57641  21600   1.94e+00  1.84e-01  1.51e-01  1.05e-01  5.84e-02  2.50e-02  1.37e+04  1.67e+03 -1.00e+05
2016 09 10  0605   57641  21900   2.99e+00  2.97e-01  1.19e-01  7.21e-02  6.06e-02  3.73e-02  1.34e+04  1.61e+03 -1.00e+05
2016 09 10  0610   57641  22200   1.88e+00  1.68e-01  1.34e-01  8.94e-02  7.79e-02  5.46e-02  1.30e+04  1.57e+03 -1.00e+05
2016 09 10  0615   57641  22500   1.60e+00  1.44e-01  1.10e-01  6.54e-02  4.96e-02  2.50e-02  1.33e+04  1.52e+03 -1.00e+05
2016 09 10  0620   57641  22800   1.44e+00  1.38e-01  1.04e-01  5.99e-02  4.83e-02  2.50e-02  1.31e+04  1.47e+03 -1.00e+05
2016 09 10  0625   57641  23100   1.93e+00  2.92e-01  2.58e-01  1.36e-01  1.01e-01  3.35e-02  1.28e+04  1.40e+03 -1.00e+05
2016 09 10  0630   57641  23400   1.80e+00  1.76e-01  1.32e-01  8.51e-02  5.40e-02  2.50e-02  1.24e+04  1.31e+03 -1.00e+05
2016 09 10  0635   57641  23700   1.92e+00  2.53e-01  2.19e-01  1.75e-01  1.63e-01  8.53e-02  1.19e+04  1.25e+03 -1.00e+05
2016 09 10  0640   57641  24000   1.75e+00  2.03e-01  1.69e-01  1.24e-01  9.80e-02  3.96e-02  1.19e+04  1.21e+03 -1.00e+05
2016 09 10  0645   57641  24300   1.78e+00  1.38e-01  1.04e-01  5.99e-02  4.83e-02  2.50e-02  1.23e+04  1.23e+03 -1.00e+05
2016 09 10  0650   57641  24600   2.35e+00  3.03e-01  2.11e-01  5.99e-02  4.83e-02  2.50e-02  1.24e+04  1.29e+03 -1.00e+05
2016 09 10  0655   57641  24900   2.87e+00  2.86e-01  1.55e-01  1.07e-01  6.84e-02  3.73e-02  1.24e+04  1.27e+03 -1.00e+05
2016 09 10  0700   57641  25200   1.80e+00  3.02e-01  2.68e-01  7.46e-02  6.30e-02  3.97e-02  1.19e+04  1.15e+03 -1.00e+05
2016 09 10  0705   57641  25500   1.95e+00  1.50e-01  1.17e-01  7.21e-02  6.06e-02  3.73e-02  1.04e+04  9.39e+02 -1.00e+05
2016 09 10  0710   57641  25800   2.57e+00  4.32e-01  2.64e-01  8.65e-02  7.50e-02  3.36e-02  9.47e+03  8.79e+02 -1.00e+05
2016 09 10  0715   57641  26100   2.74e+00  1.93e-01  1.59e-01  1.14e-01  6.99e-02  3.73e-02  1.01e+04  8.92e+02 -1.00e+05
2016 09 10  0720   57641  26400   3.47e+00  3.13e-01  2.48e-01  1.55e-01  1.44e-01  5.58e-02  1.01e+04  9.10e+02 -1.00e+05
2016 09 10  0725   57641  26700   1.98e+00  1.57e-01  1.24e-01  7.85e-02  5.25e-02  2.50e-02  1.13e+04  1.06e+03 -1.00e+05
2016 09 10  0730   57641  27000   2.01e+00  1.38e-01  1.04e-01  5.99e-02  4.83e-02  2.50e-02  1.23e+04  1.16e+03 -1.00e+05
2016 09 10  0735   57641  27300   1.88e+00  1.51e-01  1.13e-01  6.77e-02  5.62e-02  2.76e-02  1.26e+04  1.21e+03 -1.00e+05
2016 09 10  0740   57641  27600   1.92e+00  1.40e-01  1.07e-01  6.22e-02  5.07e-02  2.74e-02  1.30e+04  1.23e+03 -1.00e+05
2016 09 10  0745   57641  27900   1.87e+00  1.38e-01  1.04e-01  5.99e-02  4.83e-02  2.50e-02  1.31e+04  1.23e+03 -1.00e+05
2016 09 10  0750   57641  28200   2.17e+00  1.54e-01  1.11e-01  6.47e-02  5.31e-02  2.98e-02  1.36e+04  1.26e+03 -1.00e+05
2016 09 10  0755   57641  28500   2.39e+00  2.14e-01  1.81e-01  1.05e-01  9.38e-02  3.96e-02  1.39e+04  1.25e+03 -1.00e+05
2016 09 10  0800   57641  28800   2.90e+00  2.23e-01  1.32e-01  7.70e-02  6.55e-02  4.22e-02  1.41e+04  1.24e+03 -1.00e+05
2016 09 10  0805   57641  29100   2.38e+00  1.38e-01  1.04e-01  5.99e-02  4.83e-02  2.50e-02  1.47e+04  1.30e+03 -1.00e+05
2016 09 10  0810   57641  29400   2.23e+00  1.76e-01  1.42e-01  9.69e-02  6.23e-02  3.23e-02  1.51e+04  1.29e+03 -1.00e+05
2016 09 10  0815   57641  29700   2.42e+00  1.62e-01  1.19e-01  7.20e-02  5.11e-02  2.50e-02  1.57e+04  1.32e+03 -1.00e+05
2016 09 10  0820   57641  30000   2.61e+00  2.74e-01  2.12e-01  1.62e-01  1.14e-01  5.44e-02  1.58e+04  1.33e+03 -1.00e+05
2016 09 10  0825   57641  30300   2.45e+00  3.10e-01  2.76e-01  8.45e-02  7.30e-02  4.96e-02  1.61e+04  1.38e+03 -1.00e+05
2016 09 10  0830   57641  30600   2.24e+00  1.67e-01  1.33e-01  8.84e-02  7.69e-02  4.08e-02  1.65e+04  1.37e+03 -1.00e+05
2016 09 10  0835   57641  30900   4.00e+00  2.44e-01  1.12e-01  6.54e-02  4.96e-02  2.50e-02  1.70e+04  1.42e+03 -1.00e+05
2016 09 10  0840   57641  31200   2.42e+00  1.64e-01  1.30e-01  8.51e-02  5.40e-02  2.50e-02  1.76e+04  1.45e+03 -1.00e+05
2016 09 10  0845   57641  31500   2.69e+00  3.23e-01  2.90e-01  1.02e-01  9.03e-02  6.70e-02  1.78e+04  1.46e+03 -1.00e+05
2016 09 10  0850   57641  31800   2.60e+00  1.76e-01  1.42e-01  9.75e-02  8.60e-02  5.38e-02  1.78e+04  1.46e+03 -1.00e+05
2016 09 10  0855   57641  32100   2.64e+00  1.78e-01  1.44e-01  9.89e-02  7.29e-02  3.16e-02  1.79e+04  1.51e+03 -1.00e+05
2016 09 10  0900   57641  32400   2.60e+00  2.32e-01  1.98e-01  1.02e-01  9.03e-02  6.70e-02  1.88e+04  1.56e+03 -1.00e+05
2016 09 10  0905   57641  32700   2.58e+00  1.38e-01  1.04e-01  5.99e-02  4.83e-02  2.50e-02  1.89e+04  1.59e+03 -1.00e+05
2016 09 10  0910   57641  33000   2.25e+00  1.38e-01  1.04e-01  5.99e-02  4.83e-02  2.50e-02  1.94e+04  1.60e+03 -1.00e+05
2016 09 10  0915   57641  33300   2.85e+00  1.82e-01  1.49e-01  1.04e-01  8.14e-02  4.63e-02  1.98e+04  1.61e+03 -1.00e+05
2016 09 10  0920   57641  33600   2.56e+00  1.78e-01  1.45e-01  9.92e-02  6.82e-02  2.96e-02  1.98e+04  1.64e+03 -1.00e+05
2016 09 10  0925   57641  33900   2.54e+00  1.82e-01  1.49e-01  1.04e-01  9.28e-02  6.95e-02  1.98e+04  1.66e+03 -1.00e+05
2016 09 10  0930   57641  34200   2.56e+00  1.96e-01  1.62e-01  1.18e-01  1.06e-01  4.37e-02  1.98e+04  1.67e+03 -1.00e+05
2016 09 10  0935   57641  34500   3.28e+00  1.68e-01  1.26e-01  7.95e-02  6.80e-02  4.47e-02  2.00e+04  1.68e+03 -1.00e+05
2016 09 10  0940   57641  34800   3.07e+00  2.30e-01  1.96e-01  7.90e-02  6.02e-02  3.48e-02  2.01e+04  1.67e+03 -1.00e+05
2016 09 10  0945   57641  35100   2.72e+00  1.38e-01  1.04e-01  5.99e-02  4.83e-02  2.50e-02  2.06e+04  1.69e+03 -1.00e+05
2016 09 10  0950   57641  35400   3.12e+00  1.38e-01  1.04e-01  5.99e-02  4.83e-02  2.50e-02  2.10e+04  1.79e+03 -1.00e+05
2016 09 10  0955   57641  35700   3.81e+00  2.95e-01  1.93e-01  1.36e-01  1.25e-01  6.96e-02  2.20e+04  1.89e+03 -1.00e+05
2016 09 10  1000   57641  36000   4.63e+00  2.92e-01  1.55e-01  9.23e-02  8.08e-02  5.75e-02  2.22e+04  1.91e+03 -1.00e+05
2016 09 10  1005   57641  36300   2.94e+00  2.25e-01  1.91e-01  1.46e-01  1.11e-01  7.80e-02  2.20e+04  1.90e+03 -1.00e+05
2016 09 10  1010   57641  36600   2.83e+00  1.90e-01  1.56e-01  1.12e-01  1.00e-01  7.69e-02  2.20e+04  1.92e+03 -1.00e+05
2016 09 10  1015   57641  36900   3.84e+00  2.60e-01  1.83e-01  1.29e-01  9.24e-02  5.02e-02  2.23e+04  1.94e+03 -1.00e+05
2016 09 10  1020   57641  37200   4.50e+00  3.12e-01  1.71e-01  1.05e-01  5.53e-02  2.50e-02  2.32e+04  1.99e+03 -1.00e+05
2016 09 10  1025   57641  37500   3.68e+00  3.10e-01  1.73e-01  1.09e-01  9.77e-02  7.44e-02  2.33e+04  2.01e+03 -1.00e+05
2016 09 10  1030   57641  37800   2.99e+00  2.00e-01  1.66e-01  1.22e-01  1.10e-01  5.82e-02  2.33e+04  2.04e+03 -1.00e+05
2016 09 10  1035   57641  38100   2.77e+00  1.40e-01  1.07e-01  6.22e-02  5.07e-02  2.74e-02  2.33e+04  2.07e+03 -1.00e+05
2016 09 10  1040   57641  38400   2.79e+00  1.89e-01  1.55e-01  1.09e-01  5.53e-02  2.50e-02  2.44e+04  2.09e+03 -1.00e+05
2016 09 10  1045   57641  38700   2.88e+00  2.23e-01  1.90e-01  1.04e-01  9.28e-02  6.95e-02  2.47e+04  2.19e+03 -1.00e+05
2016 09 10  1050   57641  39000   2.82e+00  1.98e-01  1.64e-01  1.19e-01  7.74e-02  3.16e-02  2.48e+04  2.20e+03 -1.00e+05
2016 09 10  1055   57641  39300   2.95e+00  2.02e-01  1.68e-01  7.40e-02  6.25e-02  2.96e-02  2.47e+04  2.16e+03 -1.00e+05
2016 09 10  1100   57641  39600   3.23e+00  2.78e-01  2.44e-01  1.99e-01  1.61e-01  6.86e-02  2.47e+04  2.19e+03 -1.00e+05
2016 09 10  1105   57641  39900   3.62e+00  2.92e-01  2.59e-01  6.22e-02  5.07e-02  2.74e-02  2.46e+04  2.23e+03 -1.00e+05
2016 09 10  1110   57641  40200   6.18e+00  3.07e-01  1.06e-01  5.99e-02  4.83e-02  2.50e-02  2.50e+04  2.22e+03 -1.00e+05
2016 09 10  1115   57641  40500   2.98e+00  1.85e-01  1.43e-01  9.63e-02  7.56e-02  4.96e-02  2.59e+04  2.28e+03 -1.00e+05
2016 09 10  1120   57641  40800   3.21e+00  1.65e-01  1.31e-01  8.65e-02  7.50e-02  3.36e-02  2.60e+04  2.33e+03 -1.00e+05
2016 09 10  1125   57641  41100   4.45e+00  2.67e-01  1.26e-01  6.22e-02  5.07e-02  2.74e-02  2.60e+04  2.33e+03 -1.00e+05
2016 09 10  1130   57641  41400   3.25e+00  2.32e-01  1.98e-01  1.53e-01  1.42e-01  7.01e-02  2.60e+04  2.37e+03 -1.00e+05
2016 09 10  1135   57641  41700   2.68e+00  1.90e-01  1.56e-01  1.12e-01  1.00e-01  4.17e-02  2.61e+04  2.38e+03 -1.00e+05
2016 09 10  1140   57641  42000   2.97e+00  1.50e-01  1.17e-01  7.21e-02  6.06e-02  3.73e-02  2.70e+04  2.39e+03 -1.00e+05
2016 09 10  1145   57641  42300   4.53e+00  2.83e-01  1.92e-01  7.46e-02  6.30e-02  3.97e-02  2.73e+04  2.43e+03 -1.00e+05
2016 09 10  1150   57641  42600   4.16e+00  2.33e-01  1.45e-01  9.09e-02  7.94e-02  5.61e-02  2.73e+04  2.43e+03 -1.00e+05
2016 09 10  1155   57641  42900   2.82e+00  1.68e-01  1.35e-01  5.99e-02  4.83e-02  2.50e-02  2.73e+04  2.46e+03 -1.00e+05
2016 09 10  1200   57641  43200   3.03e+00  2.15e-01  1.81e-01  1.36e-01  1.25e-01  7.14e-02  2.73e+04  2.44e+03 -1.00e+05
2016 09 10  1205   57641  43500   3.23e+00  2.24e-01  1.91e-01  1.45e-01  9.61e-02  6.20e-02  2.73e+04  2.49e+03 -1.00e+05
2016 09 10  1210   57641  43800   3.08e+00  1.68e-01  1.34e-01  8.94e-02  7.79e-02  5.46e-02  2.73e+04  2.46e+03 -1.00e+05
2016 09 10  1215   57641  44100   4.94e+00  2.77e-01  1.36e-01  7.20e-02  5.11e-02  2.50e-02  2.73e+04  2.50e+03 -1.00e+05
2016 09 10  1220   57641  44400   4.68e+00  2.48e-01  1.59e-01  1.04e-01  9.28e-02  6.95e-02  2.79e+04  2.59e+03 -1.00e+05
2016 09 10  1225   57641  44700   3.63e+00  1.89e-01  1.48e-01  1.02e-01  9.03e-02  6.70e-02  2.86e+04  2.68e+03 -1.00e+05
2016 09 10  1230   57641  45000   3.74e+00  1.63e-01  1.25e-01  7.98e-02  5.89e-02  2.76e-02  2.86e+04  2.66e+03 -1.00e+05
2016 09 10  1235   57641  45300   3.55e+00  1.71e-01  1.37e-01  9.24e-02  7.15e-02  3.16e-02  2.87e+04  2.68e+03 -1.00e+05
2016 09 10  1240   57641  45600   3.64e+00  1.84e-01  1.50e-01  1.05e-01  9.38e-02  3.96e-02  2.87e+04  2.71e+03 -1.00e+05
2016 09 10  1245   57641  45900   3.69e+00  1.73e-01  1.39e-01  9.39e-02  6.55e-02  3.73e-02  2.86e+04  2.65e+03 -1.00e+05
2016 09 10  1250   57641  46200   3.36e+00  2.40e-01  2.07e-01  1.62e-01  1.51e-01  5.95e-02  2.86e+04  2.67e+03 -1.00e+05
2016 09 10  1255   57641  46500   3.27e+00  1.38e-01  1.04e-01  5.99e-02  4.83e-02  2.50e-02  2.92e+04  2.74e+03 -1.00e+05
2016 09 10  1300   57641  46800   3.21e+00  1.38e-01  1.04e-01  5.99e-02  4.83e-02  2.50e-02  2.97e+04  2.79e+03 -1.00e+05
2016 09 10  1305   57641  47100   3.58e+00  1.96e-01  1.62e-01  1.18e-01  1.06e-01  4.37e-02  3.00e+04  2.91e+03 -1.00e+05
2016 09 10  1310   57641  47400   3.44e+00  2.36e-01  2.03e-01  7.20e-02  5.11e-02  2.50e-02  3.00e+04  2.95e+03 -1.00e+05
2016 09 10  1315   57641  47700   3.34e+00  1.50e-01  1.17e-01  7.21e-02  6.06e-02  3.73e-02  3.01e+04  3.02e+03 -1.00e+05
2016 09 10  1320   57641  48000   3.81e+00  1.94e-01  1.51e-01  1.04e-01  7.16e-02  4.22e-02  3.05e+04  3.09e+03 -1.00e+05
2016 09 10  1325   57641  48300   5.97e+00  5.32e-01  2.69e-01  1.14e-01  1.03e-01  7.94e-02  3.08e+04  3.15e+03 -1.00e+05
2016 09 10  1330   57641  48600   3.57e+00  2.34e-01  2.00e-01  1.55e-01  1.44e-01  5.58e-02  3.08e+04  3.18e+03 -1.00e+05
2016 09 10  1335   57641  48900   3.09e+00  1.38e-01  1.04e-01  5.99e-02  4.83e-02  2.50e-02  3.14e+04  3.31e+03 -1.00e+05
2016 09 10  1340   57641  49200   3.25e+00  1.38e-01  1.04e-01  5.99e-02  4.83e-02  2.50e-02  3.24e+04  3.47e+03 -1.00e+05
2016 09 10  1345   57641  49500   3.73e+00  2.27e-01  1.94e-01  1.49e-01  1.38e-01  5.37e-02  3.26e+04  3.51e+03 -1.00e+05
2016 09 10  1350   57641  49800   4.50e+00  2.19e-01  1.27e-01  7.21e-02  6.06e-02  3.73e-02  3.26e+04  3.55e+03 -1.00e+05
2016 09 10  1355   57641  50100   3.86e+00  2.36e-01  2.03e-01  6.22e-02  5.07e-02  2.74e-02  3.26e+04  3.55e+03 -1.00e+05
2016 09 10  1400   57641  50400   3.81e+00  2.12e-01  1.79e-01  5.99e-02  4.83e-02  2.50e-02  3.28e+04  3.56e+03 -1.00e+05
2016 09 10  1405   57641  50700   5.95e+00  4.51e-01  3.11e-01  1.17e-01  7.45e-02  4.22e-02  3.35e+04  3.61e+03 -1.00e+05
2016 09 10  1410   57641  51000   3.71e+00  1.64e-01  1.30e-01  8.51e-02  5.40e-02  2.50e-02  3.37e+04  3.63e+03 -1.00e+05
2016 09 10  1415   57641  51300   4.54e+00  2.56e-01  1.63e-01  1.06e-01  5.53e-02  2.50e-02  3.40e+04  3.65e+03 -1.00e+05
2016 09 10  1420   57641  51600   3.96e+00  2.24e-01  1.90e-01  7.46e-02  6.30e-02  3.97e-02  3.40e+04  3.75e+03 -1.00e+05
2016 09 10  1425   57641  51900   3.93e+00  2.05e-01  1.65e-01  1.19e-01  1.08e-01  8.43e-02  3.51e+04  3.84e+03 -1.00e+05
2016 09 10  1430   57641  52200   3.37e+00  1.52e-01  1.19e-01  7.40e-02  6.25e-02  2.96e-02  3.44e+04  3.85e+03 -1.00e+05
2016 09 10  1435   57641  52500   3.93e+00  2.89e-01  2.55e-01  2.09e-01  1.55e-01  9.38e-02  3.52e+04  3.93e+03 -1.00e+05
2016 09 10  1440   57641  52800   3.70e+00  1.40e-01  1.06e-01  6.15e-02  4.99e-02  2.55e-02  3.56e+04  4.00e+03 -1.00e+05
2016 09 10  1445   57641  53100   3.72e+00  1.82e-01  1.49e-01  1.02e-01  5.76e-02  2.74e-02  3.56e+04  4.07e+03 -1.00e+05
2016 09 10  1450   57641  53400   7.60e+00  3.54e-01  1.53e-01  1.05e-01  5.53e-02  2.50e-02  3.56e+04  4.08e+03 -1.00e+05
2016 09 10  1455   57641  53700   3.38e+00  1.40e-01  1.07e-01  6.22e-02  5.07e-02  2.74e-02  3.56e+04  4.15e+03 -1.00e+05
2016 09 10  1500   57641  54000   4.09e+00  1.43e-01  1.09e-01  6.47e-02  5.31e-02  2.98e-02  3.56e+04  4.19e+03 -1.00e+05
2016 09 10  1505   57641  54300   3.69e+00  1.79e-01  1.36e-01  8.91e-02  6.63e-02  3.97e-02  3.56e+04  4.19e+03 -1.00e+05
2016 09 10  1510   57641  54600   4.10e+00  1.76e-01  1.42e-01  9.69e-02  6.23e-02  3.23e-02  3.56e+04  4.13e+03 -1.00e+05
2016 09 10  1515   57641  54900   3.65e+00  1.70e-01  1.36e-01  9.19e-02  8.04e-02  5.71e-02  3.56e+04  4.17e+03 -1.00e+05
2016 09 10  1520   57641  55200   5.62e+00  2.78e-01  1.66e-01  1.08e-01  9.61e-02  4.87e-02  3.56e+04  4.25e+03 -1.00e+05
2016 09 10  1525   57641  55500   4.97e+00  2.07e-01  1.15e-01  5.99e-02  4.83e-02  2.50e-02  3.56e+04  4.25e+03 -1.00e+05
2016 09 10  1530   57641  55800   3.93e+00  2.40e-01  2.06e-01  1.61e-01  1.40e-01  5.37e-02  3.56e+04  4.24e+03 -1.00e+05
2016 09 10  1535   57641  56100   3.69e+00  1.51e-01  1.17e-01  7.24e-02  5.87e-02  3.48e-02  3.56e+04  4.26e+03 -1.00e+05
2016 09 10  1540   57641  56400   3.79e+00  1.53e-01  1.19e-01  7.46e-02  6.30e-02  3.97e-02  3.56e+04  4.27e+03 -1.00e+05
2016 09 10  1545   57641  56700   3.87e+00  1.74e-01  1.41e-01  9.57e-02  6.78e-02  3.97e-02  3.58e+04  4.25e+03 -1.00e+05
2016 09 10  1550   57641  57000   4.78e+00  2.89e-01  2.03e-01  1.49e-01  1.23e-01  4.77e-02  3.56e+04  4.25e+03 -1.00e+05
2016 09 10  1555   57641  57300   6.96e+00  2.96e-01  1.41e-01  9.44e-02  8.29e-02  5.96e-02  3.57e+04  4.25e+03 -1.00e+05
2016 09 10  1600   57641  57600   3.77e+00  2.28e-01  1.94e-01  1.50e-01  1.38e-01  7.73e-02  3.56e+04  4.23e+03 -1.00e+05
2016 09 10  1605   57641  57900   4.32e+00  3.62e-01  3.29e-01  1.39e-01  9.48e-02  6.45e-02  3.56e+04  4.20e+03 -1.00e+05
2016 09 10  1610   57641  58200   4.51e+00  1.96e-01  1.55e-01  1.09e-01  9.77e-02  7.44e-02  3.57e+04  4.19e+03 -1.00e+05
2016 09 10  1615   57641  58500   4.06e+00  1.38e-01  1.04e-01  5.99e-02  4.83e-02  2.50e-02  3.56e+04  4.22e+03 -1.00e+05
2016 09 10  1620   57641  58800   3.97e+00  2.10e-01  1.66e-01  1.18e-01  6.14e-02  2.50e-02  3.56e+04  4.14e+03 -1.00e+05
2016 09 10  1625   57641  59100   4.41e+00  2.84e-01  2.51e-01  9.16e-02  5.55e-02  2.50e-02  3.56e+04  4.16e+03 -1.00e+05
2016 09 10  1630   57641  59400   6.08e+00  3.20e-01  2.00e-01  1.38e-01  8.66e-02  3.36e-02  3.56e+04  4.15e+03 -1.00e+05
2016 09 10  1635   57641  59700   5.30e+00  3.10e-01  2.20e-01  9.93e-02  8.78e-02  6.45e-02  3.56e+04  4.17e+03 -1.00e+05
2016 09 10  1640   57641  60000   5.40e+00  2.46e-01  1.56e-01  1.02e-01  9.03e-02  6.70e-02  3.56e+04  4.14e+03 -1.00e+05
2016 09 10  1645   57641  60300   4.30e+00  1.76e-01  1.43e-01  9.75e-02  7.01e-02  4.22e-02  3.56e+04  4.13e+03 -1.00e+05
2016 09 10  1650   57641  60600   4.14e+00  1.60e-01  1.27e-01  8.20e-02  7.05e-02  4.72e-02  3.56e+04  4.08e+03 -1.00e+05
2016 09 10  1655   57641  60900   6.32e+00  3.06e-01  1.86e-01  1.25e-01  8.36e-02  3.36e-02  3.56e+04  4.13e+03 -1.00e+05
2016 09 10  1700   57641  61200   4.28e+00  1.68e-01  1.27e-01  8.11e-02  6.96e-02  4.63e-02  3.56e+04  4.07e+03 -1.00e+05
2016 09 10  1705   57641  61500   3.97e+00  1.68e-01  1.34e-01  8.97e-02  7.41e-02  4.96e-02  3.56e+04  4.03e+03 -1.00e+05
2016 09 10  1710   57641  61800   4.20e+00  1.60e-01  1.27e-01  8.21e-02  7.06e-02  3.88e-02  3.56e+04  3.97e+03 -1.00e+05
2016 09 10  1715   57641  62100   4.36e+00  1.78e-01  1.44e-01  9.90e-02  6.84e-02  3.13e-02  3.56e+04  4.08e+03 -1.00e+05
2016 09 10  1720   57641  62400   5.90e+00  2.67e-01  1.75e-01  1.18e-01  6.14e-02  2.50e-02  3.56e+04  4.04e+03 -1.00e+05
2016 09 10  1725   57641  62700   4.00e+00  1.77e-01  1.43e-01  9.87e-02  8.57e-02  6.20e-02  3.56e+04  4.17e+03 -1.00e+05
2016 09 10  1730   57641  63000   4.14e+00  2.01e-01  1.67e-01  5.99e-02  4.83e-02  2.50e-02  3.56e+04  4.16e+03 -1.00e+05
2016 09 10  1735   57641  63300   4.11e+00  1.43e-01  1.09e-01  6.47e-02  5.31e-02  2.98e-02  3.56e+04  4.25e+03 -1.00e+05
2016 09 10  1740   57641  63600   3.89e+00  1.38e-01  1.04e-01  5.99e-02  4.83e-02  2.50e-02  3.57e+04  4.30e+03 -1.00e+05
2016 09 10  1745   57641  63900   3.32e+00  3.51e-01  3.18e-01  1.37e-01  1.11e-01  4.37e-02  3.56e+04  4.29e+03 -1.00e+05
2016 09 10  1750   57641  64200   3.45e+00  2.34e-01  2.00e-01  8.20e-02  5.70e-02  2.98e-02  3.59e+04  4.30e+03 -1.00e+05
2016 09 10  1755   57641  64500   2.93e+00  1.98e-01  1.64e-01  1.18e-01  6.14e-02  2.50e-02  3.56e+04  4.19e+03 -1.00e+05
2016 09 10  1800   57641  64800   4.44e+00  3.51e-01  2.13e-01  1.49e-01  1.09e-01  7.69e-02  3.56e+04  4.18e+03 -1.00e+05
2016 09 10  1805   57641  65100   3.30e+00  1.68e-01  1.34e-01  8.94e-02  7.79e-02  5.46e-02  3.56e+04  4.22e+03 -1.00e+05
2016 09 10  1810   57641  65400   2.94e+00  1.44e-01  1.10e-01  6.54e-02  4.96e-02  2.50e-02  3.59e+04  4.27e+03 -1.00e+05
2016 09 10  1815   57641  65700   3.33e+00  2.13e-01  1.69e-01  5.99e-02  4.83e-02  2.50e-02  3.56e+04  4.18e+03 -1.00e+05
2016 09 10  1820   57641  66000   3.67e+00  2.55e-01  1.66e-01  1.12e-01  1.00e-01  7.69e-02  3.40e+04  4.00e+03 -1.00e+05
2016 09 10  1825   57641  66300   3.79e+00  1.50e-01  1.06e-01  5.99e-02  4.83e-02  2.50e-02  3.44e+04  3.99e+03 -1.00e+05
2016 09 10  1830   57641  66600   4.06e+00  1.53e-01  1.19e-01  7.46e-02  6.30e-02  3.97e-02  3.66e+04  4.21e+03 -1.00e+05
2016 09 10  1835   57641  66900   3.47e+00  1.38e-01  1.04e-01  5.99e-02  4.83e-02  2.50e-02  3.56e+04  4.12e+03 -1.00e+05
2016 09 10  1840   57641  67200   3.72e+00  1.90e-01  1.56e-01  1.12e-01  1.00e-01  7.69e-02  3.56e+04  4.18e+03 -1.00e+05
2016 09 10  1845   57641  67500   5.32e+00  2.83e-01  1.43e-01  7.95e-02  6.80e-02  4.47e-02  3.56e+04  4.17e+03 -1.00e+05
2016 09 10  1850   57641  67800   3.53e+00  2.27e-01  1.94e-01  1.49e-01  1.38e-01  5.37e-02  3.56e+04  4.20e+03 -1.00e+05
2016 09 10  1855   57641  68100   3.86e+00  1.50e-01  1.06e-01  5.99e-02  4.83e-02  2.50e-02  3.56e+04  4.21e+03 -1.00e+05
2016 09 10  1900   57641  68400   3.67e+00  1.64e-01  1.31e-01  8.55e-02  6.17e-02  3.48e-02  3.56e+04  4.30e+03 -1.00e+05
2016 09 10  1905   57641  68700   3.97e+00  1.87e-01  1.53e-01  6.54e-02  4.96e-02  2.50e-02  3.57e+04  4.30e+03 -1.00e+05
2016 09 10  1910   57641  69000   3.62e+00  1.38e-01  1.04e-01  5.99e-02  4.83e-02  2.50e-02  3.56e+04  4.24e+03 -1.00e+05
2016 09 10  1915   57641  69300   3.70e+00  2.32e-01  1.98e-01  8.45e-02  7.30e-02  4.96e-02  3.50e+04  4.14e+03 -1.00e+05
2016 09 10  1920   57641  69600   3.02e+00  1.90e-01  1.56e-01  1.12e-01  1.00e-01  4.17e-02  3.41e+04  4.04e+03 -1.00e+05
2016 09 10  1925   57641  69900   3.22e+00  2.16e-01  1.82e-01  9.69e-02  8.53e-02  6.20e-02  3.29e+04  3.93e+03 -1.00e+05
2016 09 10  1930   57641  70200   3.76e+00  2.89e-01  2.56e-01  6.15e-02  4.99e-02  2.55e-02  3.45e+04  4.14e+03 -1.00e+05
2016 09 10  1935   57641  70500   4.44e+00  2.02e-01  1.62e-01  1.17e-01  1.05e-01  8.18e-02  3.52e+04  4.05e+03 -1.00e+05
2016 09 10  1940   57641  70800   4.37e+00  1.50e-01  1.06e-01  5.99e-02  4.83e-02  2.50e-02  3.36e+04  3.92e+03 -1.00e+05
2016 09 10  1945   57641  71100   7.86e+00  3.04e-01  1.48e-01  1.00e-01  5.53e-02  2.50e-02  3.30e+04  3.85e+03 -1.00e+05
2016 09 10  1950   57641  71400   4.71e+00  1.50e-01  1.17e-01  7.20e-02  5.11e-02  2.50e-02  3.39e+04  3.81e+03 -1.00e+05
2016 09 10  1955   57641  71700   4.84e+00  1.64e-01  1.30e-01  8.51e-02  5.40e-02  2.50e-02  3.30e+04  3.80e+03 -1.00e+05
2016 09 10  2000   57641  72000   4.75e+00  1.84e-01  1.51e-01  1.05e-01  6.61e-02  3.48e-02  3.28e+04  3.85e+03 -1.00e+05
2016 09 10  2005   57641  72300   9.39e+00  4.69e-01  2.06e-01  7.21e-02  6.06e-02  3.73e-02  3.37e+04  3.88e+03 -1.00e+05
2016 09 10  2010   57641  72600   5.03e+00  1.57e-01  1.24e-01  7.85e-02  5.25e-02  2.50e-02  3.34e+04  3.87e+03 -1.00e+05
2016 09 10  2015   57641  72900   9.79e+00  3.09e-01  1.31e-01  8.45e-02  7.30e-02  4.96e-02  3.27e+04  3.91e+03 -1.00e+05
2016 09 10  2020   57641  73200   6.15e+00  2.02e-01  1.68e-01  1.22e-01  8.15e-02  4.96e-02  3.33e+04  3.92e+03 -1.00e+05
2016 09 10  2025   57641  73500   6.77e+00  2.55e-01  2.21e-01  1.74e-01  9.93e-02  3.56e-02  3.28e+04  3.88e+03 -1.00e+05
2016 09 10  2030   57641  73800   6.90e+00  3.24e-01  2.90e-01  1.02e-01  9.04e-02  6.70e-02  3.37e+04  3.96e+03 -1.00e+05
2016 09 10  2035   57641  74100   7.28e+00  1.87e-01  1.53e-01  1.09e-01  9.71e-02  7.38e-02  3.33e+04  4.00e+03 -1.00e+05
2016 09 10  2040   57641  74400   8.06e+00  1.85e-01  1.51e-01  1.07e-01  9.52e-02  7.19e-02  3.30e+04  4.04e+03 -1.00e+05
2016 09 10  2045   57641  74700   7.07e+00  1.40e-01  1.07e-01  6.22e-02  5.07e-02  2.74e-02  3.32e+04  3.98e+03 -1.00e+05
2016 09 10  2050   57641  75000   1.38e+01  2.95e-01  1.52e-01  1.05e-01  8.40e-02  3.56e-02  3.27e+04  4.01e+03 -1.00e+05
2016 09 10  2055   57641  75300   8.90e+00  1.38e-01  1.04e-01  5.99e-02  4.83e-02  2.50e-02  3.26e+04  3.93e+03 -1.00e+05
2016 09 10  2100   57641  75600   9.67e+00  3.98e-01  3.17e-01  1.32e-01  7.42e-02  2.96e-02  3.27e+04  4.16e+03 -1.00e+05
2016 09 10  2105   57641  75900   7.25e+00  2.15e-01  1.81e-01  1.37e-01  1.25e-01  4.97e-02  3.30e+04  4.27e+03 -1.00e+05
2016 09 10  2110   57641  76200   9.31e+00  3.24e-01  1.95e-01  7.95e-02  6.37e-02  2.96e-02  3.28e+04  4.26e+03 -1.00e+05
2016 09 10  2115   57641  76500   7.58e+00  4.09e-01  2.88e-01  1.19e-01  1.07e-01  6.90e-02  3.27e+04  4.38e+03 -1.00e+05
2016 09 10  2120   57641  76800   4.04e+00  1.57e-01  1.24e-01  7.85e-02  5.25e-02  2.50e-02  3.26e+04  4.30e+03 -1.00e+05
2016 09 10  2125   57641  77100   8.67e+00  3.24e-01  1.46e-01  9.93e-02  8.78e-02  6.45e-02  3.26e+04  4.29e+03 -1.00e+05
2016 09 10  2130   57641  77400   5.90e+00  1.50e-01  1.06e-01  5.99e-02  4.83e-02  2.50e-02  3.26e+04  4.26e+03 -1.00e+05
2016 09 10  2135   57641  77700   4.94e+00  2.09e-01  1.75e-01  1.30e-01  9.08e-02  5.96e-02  3.26e+04  4.22e+03 -1.00e+05
2016 09 10  2140   57641  78000   5.39e+00  2.10e-01  1.66e-01  1.18e-01  6.14e-02  2.50e-02  3.26e+04  4.21e+03 -1.00e+05
2016 09 10  2145   57641  78300   5.40e+00  2.47e-01  2.13e-01  1.68e-01  1.57e-01  6.15e-02  3.19e+04  4.19e+03 -1.00e+05
2016 09 10  2150   57641  78600   1.04e+01  5.26e-01  3.31e-01  1.02e-01  6.15e-02  2.98e-02  3.13e+04  4.12e+03 -1.00e+05
2016 09 10  2155   57641  78900   6.35e+00  2.36e-01  1.79e-01  1.29e-01  1.06e-01  4.89e-02  3.13e+04  4.10e+03 -1.00e+05
2016 09 10  2200   57641  79200   5.62e+00  1.62e-01  1.19e-01  7.20e-02  5.11e-02  2.50e-02  3.12e+04  4.06e+03 -1.00e+05
2016 09 10  2205   57641  79500   8.71e+00  2.38e-01  1.06e-01  5.99e-02  4.83e-02  2.50e-02  3.04e+04  4.02e+03 -1.00e+05
2016 09 10  2210   57641  79800   5.57e+00  1.38e-01  1.04e-01  5.99e-02  4.83e-02  2.50e-02  3.00e+04  4.03e+03 -1.00e+05
2016 09 10  2215   57641  80100   6.37e+00  2.12e-01  1.79e-01  5.99e-02  4.83e-02  2.50e-02  3.00e+04  3.96e+03 -1.00e+05
2016 09 10  2220   57641  80400   7.41e+00  2.72e-01  1.82e-01  1.26e-01  8.62e-02  5.46e-02  2.99e+04  3.86e+03 -1.00e+05
2016 09 10  2225   57641  80700   5.81e+00  1.95e-01  1.61e-01  1.14e-01  5.52e-02  2.50e-02  3.00e+04  3.94e+03 -1.00e+05
2016 09 10  2230   57641  81000   7.12e+00  2.30e-01  1.86e-01  6.54e-02  4.96e-02  2.50e-02  3.00e+04  3.93e+03 -1.00e+05
2016 09 10  2235   57641  81300   6.64e+00  1.58e-01  1.25e-01  8.03e-02  6.87e-02  3.16e-02  3.04e+04  4.07e+03 -1.00e+05
2016 09 10  2240   57641  81600   5.56e+00  1.46e-01  1.12e-01  6.77e-02  5.62e-02  2.76e-02  3.05e+04  4.07e+03 -1.00e+05
2016 09 10  2245   57641  81900   5.60e+00  1.60e-01  1.27e-01  8.20e-02  7.05e-02  4.72e-02  2.88e+04  3.94e+03 -1.00e+05
2016 09 10  2250   57641  82200   5.70e+00  2.95e-01  2.61e-01  1.15e-01  9.33e-02  6.70e-02  3.05e+04  4.00e+03 -1.00e+05
2016 09 10  2255   57641  82500   5.89e+00  3.03e-01  2.69e-01  1.05e-01  5.84e-02  2.50e-02  2.77e+04  3.51e+03 -1.00e+05
2016 09 10  2300   57641  82800   6.35e+00  1.90e-01  1.56e-01  1.12e-01  1.00e-01  7.69e-02  2.39e+04  3.01e+03 -1.00e+05
2016 09 10  2305   57641  83100   6.48e+00  2.75e-01  2.41e-01  1.21e-01  6.59e-02  2.98e-02  1.93e+04  2.38e+03 -1.00e+05
2016 09 10  2310   57641  83400   4.76e+00  1.58e-01  1.24e-01  7.95e-02  6.80e-02  4.47e-02  2.07e+04  2.56e+03 -1.00e+05
2016 09 10  2315   57641  83700   6.06e+00  2.02e-01  1.68e-01  6.15e-02  4.99e-02  2.55e-02  1.98e+04  2.48e+03 -1.00e+05
2016 09 10  2320   57641  84000   7.35e+00  2.56e-01  1.65e-01  1.09e-01  7.86e-02  4.96e-02  1.93e+04  2.37e+03 -1.00e+05
2016 09 10  2325   57641  84300   5.86e+00  1.58e-01  1.24e-01  7.95e-02  6.80e-02  4.47e-02  2.29e+04  2.83e+03 -1.00e+05
2016 09 10  2330   57641  84600   5.80e+00  1.75e-01  1.33e-01  8.69e-02  7.54e-02  5.21e-02  2.45e+04  2.99e+03 -1.00e+05
2016 09 10  2335   57641  84900   1.21e+01  3.67e-01  1.66e-01  1.18e-01  6.14e-02  2.50e-02  2.49e+04  3.04e+03 -1.00e+05
2016 09 10  2340   57641  85200   7.67e+00  2.21e-01  1.88e-01  1.43e-01  1.31e-01  5.17e-02  2.59e+04  3.13e+03 -1.00e+05
2016 09 10  2345   57641  85500   6.76e+00  2.19e-01  1.85e-01  9.89e-02  7.29e-02  3.16e-02  2.52e+04  3.08e+03 -1.00e+05
2016 09 10  2350   57641  85800   6.32e+00  1.58e-01  1.24e-01  7.95e-02  6.80e-02  4.47e-02  2.47e+04  3.03e+03 -1.00e+05
2016 09 10  2355   57641  86100   1.03e+01  2.65e-01  1.31e-01  6.77e-02  5.62e-02  2.76e-02  2.48e+04  3.05e+03 -1.00e+05
