:Data_list: 20160427_Gp_part_5m.txt
:Created: 2016 Apr 28 0011 UTC
# Prepared by the U.S. Dept. of Commerce, NOAA, Space Weather Prediction Center
# Please send comments and suggestions to SWPC.Webmaster@noaa.gov 
# 
# Label: P > 1 = Particles at >1 Mev
# Label: P > 5 = Particles at >5 Mev
# Label: P >10 = Particles at >10 Mev
# Label: P >30 = Particles at >30 Mev
# Label: P >50 = Particles at >50 Mev
# Label: P>100 = Particles at >100 Mev
# Label: E>0.8 = Electrons at >0.8 Mev
# Label: E>2.0 = Electrons at >2.0 Mev
# Label: E>4.0 = Electrons at >4.0 Mev
# Units: Particles = Protons/cm2-s-sr
# Units: Electrons = Electrons/cm2-s-sr
# Source: GOES-13
# Location: W075
# Missing data: -1.00e+05
#
#                      5-minute  GOES-13 Solar Particle and Electron Flux
#
#                 Modified Seconds
# UTC Date  Time   Julian  of the
# YR MO DA  HHMM    Day     Day     P > 1     P > 5     P >10     P >30     P >50     P>100     E>0.8     E>2.0     E>4.0
#-------------------------------------------------------------------------------------------------------------------------
2016 04 27  0000   57505      0   2.71e+00  1.69e-01  1.42e-01  1.05e-01  9.37e-02  3.92e-02  8.52e+03  3.73e+01 -1.00e+05
2016 04 27  0005   57505    300   2.69e+00  1.51e-01  1.23e-01  8.59e-02  7.49e-02  3.32e-02  8.47e+03  4.05e+01 -1.00e+05
2016 04 27  0010   57505    600   2.76e+00  1.36e-01  1.08e-01  7.09e-02  4.85e-02  2.37e-02  8.48e+03  3.93e+01 -1.00e+05
2016 04 27  0015   57505    900   3.61e+00  1.82e-01  1.23e-01  8.07e-02  6.98e-02  4.82e-02  8.58e+03  3.36e+01 -1.00e+05
2016 04 27  0020   57505   1200   3.26e+00  2.54e-01  1.97e-01  1.02e-01  5.90e-02  2.51e-02  8.53e+03  3.54e+01 -1.00e+05
2016 04 27  0025   57505   1500   5.29e+00  3.06e-01  1.29e-01  9.06e-02  7.97e-02  5.81e-02  8.70e+03  3.54e+01 -1.00e+05
2016 04 27  0030   57505   1800   2.71e+00  2.44e-01  2.16e-01  7.96e-02  6.86e-02  3.12e-02  8.43e+03  3.91e+01 -1.00e+05
2016 04 27  0035   57505   2100   3.70e+00  2.19e-01  1.10e-01  5.78e-02  4.56e-02  2.37e-02  8.57e+03  3.44e+01 -1.00e+05
2016 04 27  0040   57505   2400   2.50e+00  2.13e-01  1.85e-01  9.81e-02  8.71e-02  6.56e-02  8.30e+03  3.60e+01 -1.00e+05
2016 04 27  0045   57505   2700   2.79e+00  2.73e-01  2.45e-01  1.57e-01  1.04e-01  7.05e-02  8.25e+03  2.92e+01 -1.00e+05
2016 04 27  0050   57505   3000   2.42e+00  1.23e-01  9.54e-02  5.85e-02  4.75e-02  2.59e-02  8.17e+03  3.33e+01 -1.00e+05
2016 04 27  0055   57505   3300   2.44e+00  1.36e-01  1.08e-01  7.09e-02  4.85e-02  2.37e-02  7.81e+03  3.15e+01 -1.00e+05
2016 04 27  0100   57505   3600   2.29e+00  1.46e-01  1.18e-01  8.07e-02  6.98e-02  4.82e-02  7.52e+03  2.78e+01 -1.00e+05
2016 04 27  0105   57505   3900   2.13e+00  1.29e-01  1.02e-01  6.44e-02  4.70e-02  2.37e-02  7.49e+03  2.72e+01 -1.00e+05
2016 04 27  0110   57505   4200   2.21e+00  1.65e-01  1.37e-01  5.62e-02  4.52e-02  2.37e-02  7.12e+03  2.73e+01 -1.00e+05
2016 04 27  0115   57505   4500   2.15e+00  1.21e-01  9.31e-02  5.62e-02  4.52e-02  2.37e-02  7.27e+03  2.81e+01 -1.00e+05
2016 04 27  0120   57505   4800   2.23e+00  1.50e-01  1.22e-01  8.40e-02  5.15e-02  2.37e-02  7.15e+03  2.26e+01 -1.00e+05
2016 04 27  0125   57505   5100   2.53e+00  2.19e-01  1.58e-01  5.62e-02  4.52e-02  2.37e-02  6.88e+03  2.66e+01 -1.00e+05
2016 04 27  0130   57505   5400   2.69e+00  2.24e-01  1.64e-01  6.34e-02  5.24e-02  3.09e-02  6.90e+03  2.34e+01 -1.00e+05
2016 04 27  0135   57505   5700   2.71e+00  1.73e-01  1.13e-01  6.96e-02  5.38e-02  3.09e-02  6.76e+03  2.26e+01 -1.00e+05
2016 04 27  0140   57505   6000   1.91e+00  1.21e-01  9.31e-02  5.62e-02  4.52e-02  2.37e-02  6.79e+03  2.77e+01 -1.00e+05
2016 04 27  0145   57505   6300   1.82e+00  2.78e-01  2.51e-01  2.11e-01  1.24e-01  4.13e-02  6.89e+03  2.27e+01 -1.00e+05
2016 04 27  0150   57505   6600   1.54e+00  1.21e-01  9.31e-02  5.62e-02  4.52e-02  2.37e-02  6.86e+03  2.33e+01 -1.00e+05
2016 04 27  0155   57505   6900   2.01e+00  1.64e-01  1.37e-01  9.77e-02  5.15e-02  2.37e-02  6.52e+03  2.08e+01 -1.00e+05
2016 04 27  0200   57505   7200   2.05e+00  2.32e-01  2.04e-01  1.67e-01  1.51e-01  7.53e-02  6.28e+03  1.70e+01 -1.00e+05
2016 04 27  0205   57505   7500   1.69e+00  1.91e-01  1.64e-01  9.46e-02  6.72e-02  2.92e-02  6.50e+03  1.89e+01 -1.00e+05
2016 04 27  0210   57505   7800   1.60e+00  1.70e-01  1.42e-01  7.33e-02  6.24e-02  2.92e-02  6.01e+03  1.62e+01 -1.00e+05
2016 04 27  0215   57505   8100   1.97e+00  1.95e-01  1.34e-01  9.06e-02  5.30e-02  2.37e-02  5.73e+03  1.92e+01 -1.00e+05
2016 04 27  0220   57505   8400   2.70e+00  2.04e-01  9.48e-02  5.62e-02  4.52e-02  2.37e-02  6.10e+03  1.76e+01 -1.00e+05
2016 04 27  0225   57505   8700   2.60e+00  2.57e-01  1.24e-01  8.57e-02  7.47e-02  5.32e-02  5.62e+03  2.09e+01 -1.00e+05
2016 04 27  0230   57505   9000   3.05e+00  2.51e-01  9.46e-02  5.62e-02  4.52e-02  2.37e-02  5.68e+03  2.04e+01 -1.00e+05
2016 04 27  0235   57505   9300   2.01e+00  1.95e-01  1.34e-01  9.06e-02  5.30e-02  2.37e-02  5.86e+03  1.87e+01 -1.00e+05
2016 04 27  0240   57505   9600   1.40e+00  1.21e-01  9.31e-02  5.62e-02  4.52e-02  2.37e-02  6.14e+03  2.11e+01 -1.00e+05
2016 04 27  0245   57505   9900   2.19e+00  3.09e-01  1.67e-01  5.62e-02  4.52e-02  2.37e-02  6.09e+03  2.38e+01 -1.00e+05
2016 04 27  0250   57505  10200   2.12e+00  3.80e-01  1.75e-01  6.44e-02  4.70e-02  2.37e-02  6.13e+03  1.71e+01 -1.00e+05
2016 04 27  0255   57505  10500   1.45e+00  1.64e-01  1.37e-01  9.83e-02  7.26e-02  4.64e-02  6.27e+03  1.99e+01 -1.00e+05
2016 04 27  0300   57505  10800   1.53e+00  1.69e-01  1.41e-01  1.03e-01  9.19e-02  3.86e-02  5.74e+03  1.86e+01 -1.00e+05
2016 04 27  0305   57505  11100   1.40e+00  1.22e-01  9.48e-02  5.69e-02  4.57e-02  2.38e-02  5.48e+03  1.56e+01 -1.00e+05
2016 04 27  0310   57505  11400   1.50e+00  1.50e-01  1.22e-01  8.45e-02  7.33e-02  5.14e-02  5.50e+03  1.55e+01 -1.00e+05
2016 04 27  0315   57505  11700   1.30e+00  1.22e-01  9.48e-02  5.69e-02  4.57e-02  2.38e-02  4.98e+03  1.88e+01 -1.00e+05
2016 04 27  0320   57505  12000   1.32e+00  1.28e-01  1.00e-01  6.23e-02  4.70e-02  2.38e-02  5.06e+03  1.89e+01 -1.00e+05
2016 04 27  0325   57505  12300   1.50e+00  2.21e-01  1.22e-01  7.17e-02  6.06e-02  2.86e-02  5.07e+03  1.41e+01 -1.00e+05
2016 04 27  0330   57505  12600   1.19e+00  3.88e-01  3.60e-01  2.04e-01  1.58e-01  5.68e-02  4.85e+03  1.10e+01 -1.00e+05
2016 04 27  0335   57505  12900   1.02e+00  1.87e-01  1.60e-01  1.22e-01  1.11e-01  4.47e-02  4.60e+03  1.13e+01 -1.00e+05
2016 04 27  0340   57505  13200   1.57e+00  2.73e-01  1.63e-01  5.69e-02  4.57e-02  2.38e-02  4.40e+03  1.32e+01 -1.00e+05
2016 04 27  0345   57505  13500   8.81e-01  1.46e-01  1.18e-01  7.98e-02  6.27e-02  3.90e-02  4.15e+03  8.14e+00 -1.00e+05
2016 04 27  0350   57505  13800   7.11e-01  1.22e-01  9.48e-02  5.69e-02  4.57e-02  2.38e-02  4.05e+03  9.18e+00 -1.00e+05
2016 04 27  0355   57505  14100   1.20e+00  2.46e-01  1.37e-01  9.69e-02  8.57e-02  6.38e-02  4.07e+03  1.20e+01 -1.00e+05
2016 04 27  0400   57505  14400   9.13e-01  2.50e-01  2.23e-01  5.69e-02  4.57e-02  2.38e-02  4.50e+03  2.16e+01 -1.00e+05
2016 04 27  0405   57505  14700   1.76e+00  2.76e-01  9.64e-02  5.69e-02  4.57e-02  2.38e-02  4.61e+03  2.58e+01 -1.00e+05
2016 04 27  0410   57505  15000   9.28e-01  1.67e-01  1.40e-01  1.01e-01  6.16e-02  3.16e-02  4.51e+03  2.22e+01 -1.00e+05
2016 04 27  0415   57505  15300   8.02e-01  1.22e-01  9.48e-02  5.69e-02  4.57e-02  2.38e-02  4.15e+03  2.00e+01 -1.00e+05
2016 04 27  0420   57505  15600   9.16e-01  1.72e-01  1.45e-01  5.69e-02  4.57e-02  2.38e-02  4.34e+03  2.03e+01 -1.00e+05
2016 04 27  0425   57505  15900   1.69e+00  2.46e-01  1.11e-01  7.11e-02  5.07e-02  2.45e-02  4.59e+03  2.02e+01 -1.00e+05
2016 04 27  0430   57505  16200   9.92e-01  1.22e-01  9.48e-02  5.69e-02  4.57e-02  2.38e-02  4.86e+03  2.38e+01 -1.00e+05
2016 04 27  0435   57505  16500   1.20e+00  1.22e-01  9.48e-02  5.69e-02  4.57e-02  2.38e-02  5.18e+03  2.75e+01 -1.00e+05
2016 04 27  0440   57505  16800   1.87e+00  2.25e-01  1.45e-01  9.73e-02  8.62e-02  3.87e-02  5.20e+03  2.46e+01 -1.00e+05
2016 04 27  0445   57505  17100   2.47e+00  2.57e-01  9.93e-02  5.97e-02  4.86e-02  2.66e-02  5.93e+03  2.73e+01 -1.00e+05
2016 04 27  0450   57505  17400   1.37e+00  2.57e-01  1.44e-01  9.06e-02  7.95e-02  2.53e-02  5.41e+03  2.69e+01 -1.00e+05
2016 04 27  0455   57505  17700   1.26e+00  1.55e-01  1.27e-01  8.94e-02  7.83e-02  5.63e-02  4.72e+03  1.64e+01 -1.00e+05
2016 04 27  0500   57505  18000   1.28e+00  1.63e-01  1.01e-01  5.69e-02  4.57e-02  2.38e-02  5.13e+03  2.17e+01 -1.00e+05
2016 04 27  0505   57505  18300   9.94e-01  2.53e-01  2.25e-01  5.97e-02  4.86e-02  2.66e-02  5.01e+03  1.79e+01 -1.00e+05
2016 04 27  0510   57505  18600   1.33e+00  2.72e-01  1.24e-01  8.42e-02  7.31e-02  3.26e-02  5.05e+03  2.08e+01 -1.00e+05
2016 04 27  0515   57505  18900   1.08e+00  3.03e-01  2.75e-01  1.07e-01  5.21e-02  2.38e-02  5.10e+03  1.75e+01 -1.00e+05
2016 04 27  0520   57505  19200   1.63e+00  2.55e-01  1.26e-01  8.67e-02  7.55e-02  4.20e-02  4.77e+03  1.34e+01 -1.00e+05
2016 04 27  0525   57505  19500   9.60e-01  1.55e-01  1.27e-01  8.94e-02  7.83e-02  5.63e-02  4.98e+03  1.49e+01 -1.00e+05
2016 04 27  0530   57505  19800   6.17e-01  1.50e-01  1.22e-01  8.37e-02  6.33e-02  2.86e-02  4.99e+03  1.84e+01 -1.00e+05
2016 04 27  0535   57505  20100   8.77e-01  1.57e-01  1.30e-01  9.12e-02  6.33e-02  3.65e-02  5.10e+03  1.60e+01 -1.00e+05
2016 04 27  0540   57505  20400   5.99e-01  1.22e-01  9.48e-02  5.69e-02  4.57e-02  2.38e-02  4.77e+03  1.26e+01 -1.00e+05
2016 04 27  0545   57505  20700   1.52e+00  3.05e-01  1.49e-01  1.09e-01  9.81e-02  7.62e-02  4.64e+03  1.04e+01 -1.00e+05
2016 04 27  0550   57505  21000   5.35e-01  1.69e-01  1.41e-01  1.02e-01  5.58e-02  2.38e-02  4.66e+03  1.44e+01 -1.00e+05
2016 04 27  0555   57505  21300   7.22e-01  1.52e-01  1.25e-01  8.64e-02  6.42e-02  3.90e-02  4.54e+03  1.24e+01 -1.00e+05
2016 04 27  0600   57505  21600   1.61e+00  5.51e-01  2.44e-01  8.43e-02  7.32e-02  3.29e-02  4.60e+03  1.38e+01 -1.00e+05
2016 04 27  0605   57505  21900   8.63e-01  2.06e-01  1.79e-01  1.41e-01  1.30e-01  5.07e-02  4.43e+03  1.57e+01 -1.00e+05
2016 04 27  0610   57505  22200   6.98e-01  1.38e-01  1.10e-01  7.21e-02  6.10e-02  3.90e-02  4.37e+03  1.64e+01 -1.00e+05
2016 04 27  0615   57505  22500   8.02e-01  2.83e-01  2.55e-01  1.69e-01  1.58e-01  7.19e-02  4.15e+03  1.03e+01 -1.00e+05
2016 04 27  0620   57505  22800   1.06e+00  2.60e-01  1.50e-01  9.54e-02  5.22e-02  2.38e-02  4.08e+03  1.35e+01 -1.00e+05
2016 04 27  0625   57505  23100   8.78e-01  2.93e-01  1.76e-01  1.21e-01  1.01e-01  4.06e-02  3.89e+03  8.75e+00 -1.00e+05
2016 04 27  0630   57505  23400   6.81e-01  1.22e-01  9.48e-02  5.69e-02  4.57e-02  2.38e-02  3.85e+03  9.12e+00 -1.00e+05
2016 04 27  0635   57505  23700   7.87e-01  1.98e-01  1.70e-01  8.94e-02  7.83e-02  5.63e-02  3.95e+03  8.98e+00 -1.00e+05
2016 04 27  0640   57505  24000   4.84e-01  2.08e-01  1.80e-01  1.43e-01  1.31e-01  5.83e-02  4.01e+03  8.80e+00 -1.00e+05
2016 04 27  0645   57505  24300   7.76e-01  2.59e-01  2.32e-01  8.81e-02  7.69e-02  4.75e-02  3.86e+03  1.07e+01 -1.00e+05
2016 04 27  0650   57505  24600   7.51e-01  1.95e-01  1.67e-01  1.28e-01  8.93e-02  5.92e-02  3.97e+03  9.17e+00 -1.00e+05
2016 04 27  0655   57505  24900   5.90e-01  1.48e-01  1.21e-01  8.20e-02  5.14e-02  2.38e-02  3.76e+03  9.10e+00 -1.00e+05
2016 04 27  0700   57505  25200   3.81e-01  1.66e-01  1.38e-01  1.00e-01  8.90e-02  4.97e-02  3.78e+03  5.51e+00 -1.00e+05
2016 04 27  0705   57505  25500   8.19e-01  2.23e-01  1.13e-01  5.97e-02  4.86e-02  2.66e-02  3.59e+03  3.96e+00 -1.00e+05
2016 04 27  0710   57505  25800   5.13e-01  2.16e-01  1.88e-01  8.37e-02  6.33e-02  2.86e-02  3.51e+03  2.46e+00 -1.00e+05
2016 04 27  0715   57505  26100   7.46e-01  1.25e-01  9.76e-02  5.97e-02  4.86e-02  2.66e-02  3.14e+03  1.40e-01 -1.00e+05
2016 04 27  0720   57505  26400   6.32e-01  1.22e-01  9.48e-02  5.69e-02  4.57e-02  2.38e-02  3.22e+03  3.61e+00 -1.00e+05
2016 04 27  0725   57505  26700   1.04e+00  3.48e-01  2.38e-01  5.69e-02  4.57e-02  2.38e-02  2.54e+03  1.99e+00 -1.00e+05
2016 04 27  0730   57505  27000   5.38e-01  1.48e-01  1.21e-01  8.27e-02  7.15e-02  4.96e-02  2.44e+03  1.33e-01 -1.00e+05
2016 04 27  0735   57505  27300   8.42e-01  3.12e-01  2.52e-01  8.70e-02  7.58e-02  5.39e-02  2.32e+03  1.09e+00 -1.00e+05
2016 04 27  0740   57505  27600   5.53e-01  1.34e-01  1.06e-01  6.79e-02  5.43e-02  3.16e-02  2.00e+03  8.36e-01 -1.00e+05
2016 04 27  0745   57505  27900   6.44e-01  1.56e-01  1.28e-01  8.94e-02  6.10e-02  3.41e-02  2.06e+03  1.33e-01 -1.00e+05
2016 04 27  0750   57505  28200   6.23e-01  1.22e-01  9.48e-02  5.69e-02  4.57e-02  2.38e-02  1.77e+03  2.15e+00 -1.00e+05
2016 04 27  0755   57505  28500   5.50e-01  2.18e-01  1.90e-01  1.12e-01  1.01e-01  7.86e-02  2.14e+03  1.33e-01 -1.00e+05
2016 04 27  0800   57505  28800   5.52e-01  2.06e-01  1.78e-01  9.93e-02  8.82e-02  6.63e-02  2.18e+03  1.25e+00 -1.00e+05
2016 04 27  0805   57505  29100   4.91e-01  1.94e-01  1.66e-01  1.28e-01  1.17e-01  4.69e-02  2.50e+03  2.78e+00 -1.00e+05
2016 04 27  0810   57505  29400   5.90e-01  2.15e-01  1.88e-01  1.09e-01  9.81e-02  7.62e-02  2.72e+03  1.28e+00 -1.00e+05
2016 04 27  0815   57505  29700   7.58e-01  2.16e-01  1.56e-01  1.12e-01  8.34e-02  5.63e-02  2.13e+03  7.39e+00 -1.00e+05
2016 04 27  0820   57505  30000   8.95e-01  1.94e-01  1.66e-01  8.70e-02  7.58e-02  5.39e-02  2.61e+03  1.29e+01 -1.00e+05
2016 04 27  0825   57505  30300   1.97e+00  2.25e-01  1.63e-01  6.89e-02  4.84e-02  2.38e-02  2.41e+03  1.55e+01 -1.00e+05
2016 04 27  0830   57505  30600   2.30e+00  2.81e-01  1.22e-01  8.20e-02  5.14e-02  2.38e-02  2.59e+03  1.61e+01 -1.00e+05
2016 04 27  0835   57505  30900   1.75e+00  2.92e-01  2.64e-01  1.09e-01  9.81e-02  7.62e-02  2.56e+03  1.40e+01 -1.00e+05
2016 04 27  0840   57505  31200   2.64e+00  2.45e-01  2.17e-01  1.05e-01  9.43e-02  4.81e-02  3.05e+03  1.99e+01 -1.00e+05
2016 04 27  0845   57505  31500   3.01e+00  1.72e-01  1.45e-01  5.69e-02  4.57e-02  2.38e-02  3.16e+03  1.88e+01 -1.00e+05
2016 04 27  0850   57505  31800   3.07e+00  1.40e-01  1.12e-01  7.46e-02  6.34e-02  4.15e-02  3.62e+03  2.64e+01 -1.00e+05
2016 04 27  0855   57505  32100   3.04e+00  1.35e-01  1.07e-01  6.96e-02  5.85e-02  3.65e-02  4.55e+03  3.29e+01 -1.00e+05
2016 04 27  0900   57505  32400   2.62e+00  1.55e-01  1.27e-01  8.85e-02  5.29e-02  2.38e-02  5.15e+03  3.73e+01 -1.00e+05
2016 04 27  0905   57505  32700   3.55e+00  3.96e-01  2.87e-01  1.07e-01  7.64e-02  4.89e-02  5.53e+03  3.57e+01 -1.00e+05
2016 04 27  0910   57505  33000   4.22e+00  2.55e-01  9.65e-02  5.69e-02  4.57e-02  2.38e-02  5.91e+03  4.22e+01 -1.00e+05
2016 04 27  0915   57505  33300   2.41e+00  2.38e-01  2.11e-01  1.71e-01  1.05e-01  3.66e-02  6.07e+03  3.98e+01 -1.00e+05
2016 04 27  0920   57505  33600   2.16e+00  1.42e-01  1.14e-01  7.54e-02  4.99e-02  2.38e-02  6.24e+03  3.54e+01 -1.00e+05
2016 04 27  0925   57505  33900   2.36e+00  1.43e-01  1.15e-01  7.71e-02  6.59e-02  4.40e-02  6.34e+03  3.67e+01 -1.00e+05
2016 04 27  0930   57505  34200   2.55e+00  1.79e-01  1.52e-01  1.14e-01  9.23e-02  6.75e-02  6.76e+03  3.67e+01 -1.00e+05
2016 04 27  0935   57505  34500   3.58e+00  2.08e-01  9.67e-02  5.69e-02  4.57e-02  2.38e-02  6.71e+03  3.70e+01 -1.00e+05
2016 04 27  0940   57505  34800   1.96e+00  1.35e-01  1.07e-01  6.96e-02  5.85e-02  3.65e-02  6.51e+03  3.54e+01 -1.00e+05
2016 04 27  0945   57505  35100   2.13e+00  1.45e-01  1.17e-01  7.95e-02  6.84e-02  4.64e-02  6.93e+03  4.27e+01 -1.00e+05
2016 04 27  0950   57505  35400   2.13e+00  2.70e-01  2.42e-01  7.54e-02  4.99e-02  2.38e-02  7.19e+03  4.24e+01 -1.00e+05
2016 04 27  0955   57505  35700   2.09e+00  1.69e-01  1.41e-01  1.02e-01  5.58e-02  2.38e-02  6.88e+03  4.06e+01 -1.00e+05
2016 04 27  1000   57505  36000   2.29e+00  2.50e-01  2.23e-01  5.69e-02  4.57e-02  2.38e-02  7.01e+03  4.27e+01 -1.00e+05
2016 04 27  1005   57505  36300   2.30e+00  1.50e-01  1.22e-01  8.42e-02  7.31e-02  3.26e-02  6.91e+03  4.34e+01 -1.00e+05
2016 04 27  1010   57505  36600   2.49e+00  1.42e-01  1.14e-01  7.54e-02  4.99e-02  2.38e-02  6.49e+03  3.76e+01 -1.00e+05
2016 04 27  1015   57505  36900   4.06e+00  3.70e-01  2.59e-01  7.92e-02  5.49e-02  2.91e-02  6.96e+03  4.29e+01 -1.00e+05
2016 04 27  1020   57505  37200   2.46e+00  3.11e-01  2.83e-01  1.19e-01  7.15e-02  3.90e-02  7.12e+03  4.01e+01 -1.00e+05
2016 04 27  1025   57505  37500   2.45e+00  2.50e-01  2.23e-01  5.69e-02  4.57e-02  2.38e-02  7.51e+03  4.72e+01 -1.00e+05
2016 04 27  1030   57505  37800   2.89e+00  2.18e-01  1.58e-01  1.14e-01  8.57e-02  5.88e-02  7.82e+03  4.85e+01 -1.00e+05
2016 04 27  1035   57505  38100   2.63e+00  1.79e-01  1.51e-01  1.13e-01  1.02e-01  7.74e-02  8.12e+03  4.81e+01 -1.00e+05
2016 04 27  1040   57505  38400   3.34e+00  1.68e-01  1.06e-01  6.22e-02  5.10e-02  2.91e-02  8.47e+03  5.52e+01 -1.00e+05
2016 04 27  1045   57505  38700   2.61e+00  2.50e-01  2.23e-01  5.69e-02  4.57e-02  2.38e-02  8.38e+03  5.34e+01 -1.00e+05
2016 04 27  1050   57505  39000   2.58e+00  1.48e-01  1.21e-01  8.20e-02  5.14e-02  2.38e-02  8.26e+03  5.31e+01 -1.00e+05
2016 04 27  1055   57505  39300   2.59e+00  1.22e-01  9.48e-02  5.69e-02  4.57e-02  2.38e-02  8.51e+03  5.81e+01 -1.00e+05
2016 04 27  1100   57505  39600   2.72e+00  1.69e-01  1.41e-01  1.03e-01  9.19e-02  3.86e-02  8.86e+03  5.96e+01 -1.00e+05
2016 04 27  1105   57505  39900   2.42e+00  1.96e-01  1.68e-01  8.94e-02  7.83e-02  5.63e-02  8.91e+03  5.59e+01 -1.00e+05
2016 04 27  1110   57505  40200   2.44e+00  2.10e-01  1.82e-01  1.44e-01  1.33e-01  6.56e-02  8.79e+03  5.31e+01 -1.00e+05
2016 04 27  1115   57505  40500   2.47e+00  1.44e-01  1.16e-01  7.80e-02  6.68e-02  3.06e-02  8.89e+03  6.10e+01 -1.00e+05
2016 04 27  1120   57505  40800   2.58e+00  2.02e-01  1.74e-01  9.44e-02  8.32e-02  6.13e-02  9.31e+03  6.25e+01 -1.00e+05
2016 04 27  1125   57505  41100   4.26e+00  2.20e-01  1.10e-01  5.69e-02  4.57e-02  2.38e-02  9.48e+03  6.89e+01 -1.00e+05
2016 04 27  1130   57505  41400   2.77e+00  1.28e-01  1.00e-01  6.23e-02  4.70e-02  2.38e-02  9.79e+03  7.04e+01 -1.00e+05
2016 04 27  1135   57505  41700   3.74e+00  1.63e-01  1.01e-01  5.69e-02  4.57e-02  2.38e-02  9.40e+03  6.96e+01 -1.00e+05
2016 04 27  1140   57505  42000   2.71e+00  1.50e-01  1.22e-01  8.42e-02  7.31e-02  3.26e-02  9.41e+03  6.47e+01 -1.00e+05
2016 04 27  1145   57505  42300   3.56e+00  2.46e-01  1.37e-01  8.45e-02  7.33e-02  5.14e-02  9.85e+03  6.72e+01 -1.00e+05
2016 04 27  1150   57505  42600   3.73e+00  2.20e-01  1.10e-01  5.69e-02  4.57e-02  2.38e-02  9.93e+03  7.41e+01 -1.00e+05
2016 04 27  1155   57505  42900   2.93e+00  2.78e-01  2.50e-01  2.11e-01  1.60e-01  5.68e-02  1.04e+04  6.93e+01 -1.00e+05
2016 04 27  1200   57505  43200   3.37e+00  2.48e-01  2.05e-01  1.62e-01  9.61e-02  4.40e-02  1.03e+04  7.39e+01 -1.00e+05
2016 04 27  1205   57505  43500   2.84e+00  3.23e-01  2.96e-01  1.37e-01  9.48e-02  6.38e-02  1.04e+04  7.70e+01 -1.00e+05
2016 04 27  1210   57505  43800   5.31e+00  4.25e-01  1.97e-01  9.51e-02  5.43e-02  2.38e-02  1.05e+04  7.94e+01 -1.00e+05
2016 04 27  1215   57505  44100   2.80e+00  1.37e-01  1.09e-01  7.15e-02  5.89e-02  3.65e-02  1.04e+04  7.68e+01 -1.00e+05
2016 04 27  1220   57505  44400   5.27e+00  2.08e-01  9.67e-02  5.69e-02  4.57e-02  2.38e-02  1.06e+04  8.59e+01 -1.00e+05
2016 04 27  1225   57505  44700   4.34e+00  2.46e-01  1.37e-01  8.45e-02  7.33e-02  5.14e-02  1.09e+04  8.91e+01 -1.00e+05
2016 04 27  1230   57505  45000   2.63e+00  1.38e-01  1.10e-01  7.21e-02  6.10e-02  3.90e-02  1.07e+04  8.24e+01 -1.00e+05
2016 04 27  1235   57505  45300   3.17e+00  1.68e-01  1.06e-01  6.22e-02  5.10e-02  2.91e-02  1.08e+04  8.78e+01 -1.00e+05
2016 04 27  1240   57505  45600   2.81e+00  1.51e-01  1.23e-01  8.54e-02  7.43e-02  5.23e-02  1.10e+04  8.70e+01 -1.00e+05
2016 04 27  1245   57505  45900   3.12e+00  1.22e-01  9.48e-02  5.69e-02  4.57e-02  2.38e-02  1.15e+04  9.62e+01 -1.00e+05
2016 04 27  1250   57505  46200   3.58e+00  1.65e-01  1.24e-01  8.42e-02  7.31e-02  3.26e-02  1.14e+04  9.89e+01 -1.00e+05
2016 04 27  1255   57505  46500   4.15e+00  2.60e-01  1.52e-01  9.93e-02  8.82e-02  6.63e-02  1.17e+04  9.53e+01 -1.00e+05
2016 04 27  1300   57505  46800   4.46e+00  2.60e-01  1.31e-01  8.42e-02  7.31e-02  3.26e-02  1.08e+04  9.58e+01 -1.00e+05
2016 04 27  1305   57505  47100   3.59e+00  1.56e-01  1.28e-01  9.05e-02  7.94e-02  3.46e-02  1.11e+04  9.16e+01 -1.00e+05
2016 04 27  1310   57505  47400   3.37e+00  1.22e-01  9.48e-02  5.69e-02  4.57e-02  2.38e-02  1.09e+04  9.70e+01 -1.00e+05
2016 04 27  1315   57505  47700   4.16e+00  2.40e-01  2.13e-01  1.73e-01  1.22e-01  4.47e-02  1.14e+04  8.95e+01 -1.00e+05
2016 04 27  1320   57505  48000   7.54e+00  2.86e-01  1.29e-01  8.94e-02  7.83e-02  5.63e-02  1.22e+04  1.05e+02 -1.00e+05
2016 04 27  1325   57505  48300   5.27e+00  1.63e-01  1.01e-01  5.69e-02  4.57e-02  2.38e-02  1.25e+04  1.12e+02 -1.00e+05
2016 04 27  1330   57505  48600   4.84e+00  1.22e-01  9.48e-02  5.69e-02  4.57e-02  2.38e-02  1.30e+04  1.19e+02 -1.00e+05
2016 04 27  1335   57505  48900   4.31e+00  1.25e-01  9.76e-02  5.97e-02  4.86e-02  2.66e-02  1.28e+04  1.13e+02 -1.00e+05
2016 04 27  1340   57505  49200   6.17e+00  2.53e-01  1.43e-01  8.88e-02  5.32e-02  2.42e-02  1.30e+04  1.22e+02 -1.00e+05
2016 04 27  1345   57505  49500   7.33e+00  2.20e-01  1.09e-01  6.89e-02  4.84e-02  2.38e-02  1.31e+04  1.22e+02 -1.00e+05
2016 04 27  1350   57505  49800   4.90e+00  2.26e-01  1.92e-01  1.53e-01  1.42e-01  5.47e-02  1.37e+04  1.28e+02 -1.00e+05
2016 04 27  1355   57505  50100   4.28e+00  1.22e-01  9.48e-02  5.69e-02  4.57e-02  2.38e-02  1.38e+04  1.33e+02 -1.00e+05
2016 04 27  1400   57505  50400   4.34e+00  1.35e-01  1.07e-01  6.96e-02  5.85e-02  3.65e-02  1.38e+04  1.27e+02 -1.00e+05
2016 04 27  1405   57505  50700   4.82e+00  1.48e-01  1.20e-01  8.21e-02  6.55e-02  4.16e-02  1.46e+04  1.44e+02 -1.00e+05
2016 04 27  1410   57505  51000   4.43e+00  1.72e-01  1.45e-01  5.69e-02  4.57e-02  2.38e-02  1.48e+04  1.51e+02 -1.00e+05
2016 04 27  1415   57505  51300   3.94e+00  1.35e-01  1.07e-01  6.89e-02  4.84e-02  2.38e-02  1.51e+04  1.55e+02 -1.00e+05
2016 04 27  1420   57505  51600   5.59e+00  1.63e-01  1.01e-01  5.69e-02  4.57e-02  2.38e-02  1.57e+04  1.75e+02 -1.00e+05
2016 04 27  1425   57505  51900   4.42e+00  1.22e-01  9.48e-02  5.69e-02  4.57e-02  2.38e-02  1.63e+04  1.78e+02 -1.00e+05
2016 04 27  1430   57505  52200   4.60e+00  2.42e-01  2.14e-01  1.76e-01  1.65e-01  7.75e-02  1.60e+04  1.84e+02 -1.00e+05
2016 04 27  1435   57505  52500   4.12e+00  1.42e-01  1.14e-01  7.54e-02  4.99e-02  2.38e-02  1.63e+04  1.90e+02 -1.00e+05
2016 04 27  1440   57505  52800   4.05e+00  1.43e-01  1.15e-01  7.71e-02  6.59e-02  4.40e-02  1.63e+04  1.91e+02 -1.00e+05
2016 04 27  1445   57505  53100   3.84e+00  2.28e-01  2.00e-01  1.12e-01  1.01e-01  7.37e-02  1.63e+04  1.89e+02 -1.00e+05
2016 04 27  1450   57505  53400   5.08e+00  2.24e-01  1.55e-01  1.09e-01  9.82e-02  4.06e-02  1.57e+04  1.91e+02 -1.00e+05
2016 04 27  1455   57505  53700   3.74e+00  1.81e-01  1.53e-01  1.16e-01  1.04e-01  4.27e-02  1.48e+04  1.77e+02 -1.00e+05
2016 04 27  1500   57505  54000   1.76e+01  2.53e-01  1.44e-01  9.19e-02  8.08e-02  5.88e-02  1.52e+04  1.93e+02 -1.00e+05
2016 04 27  1505   57505  54300   8.49e+00  1.94e-01  1.66e-01  1.28e-01  1.17e-01  4.67e-02  1.60e+04  1.99e+02 -1.00e+05
2016 04 27  1510   57505  54600   1.94e+01  2.09e-01  1.81e-01  1.44e-01  1.32e-01  6.20e-02  1.53e+04  1.85e+02 -1.00e+05
2016 04 27  1515   57505  54900   2.72e+01  2.28e-01  1.17e-01  6.47e-02  5.35e-02  3.16e-02  1.47e+04  1.82e+02 -1.00e+05
2016 04 27  1520   57505  55200   3.18e+01  1.35e-01  1.07e-01  6.96e-02  5.85e-02  3.65e-02  1.80e+04  2.13e+02 -1.00e+05
2016 04 27  1525   57505  55500   3.70e+01  2.27e-01  1.17e-01  7.71e-02  6.59e-02  4.40e-02  1.77e+04  2.04e+02 -1.00e+05
2016 04 27  1530   57505  55800   3.99e+01  1.58e-01  1.30e-01  9.24e-02  7.89e-02  5.63e-02  1.78e+04  2.13e+02 -1.00e+05
2016 04 27  1535   57505  56100   6.98e+01  3.69e-01  1.92e-01  1.51e-01  1.04e-01  6.80e-02  1.96e+04  2.15e+02 -1.00e+05
2016 04 27  1540   57505  56400   4.31e+01  1.65e-01  1.37e-01  5.69e-02  4.57e-02  2.38e-02  1.96e+04  2.29e+02 -1.00e+05
2016 04 27  1545   57505  56700   4.11e+01  1.78e-01  1.50e-01  6.23e-02  4.70e-02  2.38e-02  2.06e+04  2.42e+02 -1.00e+05
2016 04 27  1550   57505  57000   4.12e+01  2.68e-01  2.41e-01  7.95e-02  6.84e-02  4.64e-02  2.22e+04  2.62e+02 -1.00e+05
2016 04 27  1555   57505  57300   4.76e+01  2.12e-01  1.85e-01  1.47e-01  1.36e-01  7.48e-02  2.30e+04  2.84e+02 -1.00e+05
2016 04 27  1600   57505  57600   3.92e+01  1.77e-01  1.49e-01  1.12e-01  1.00e-01  7.19e-02  2.32e+04  2.79e+02 -1.00e+05
2016 04 27  1605   57505  57900   7.01e+01  2.80e-01  1.74e-01  1.34e-01  1.18e-01  4.67e-02  2.29e+04  2.75e+02 -1.00e+05
2016 04 27  1610   57505  58200   3.80e+01  1.38e-01  1.10e-01  7.21e-02  6.10e-02  3.90e-02  2.37e+04  2.95e+02 -1.00e+05
2016 04 27  1615   57505  58500   5.82e+01  2.42e-01  1.82e-01  9.08e-02  5.51e-02  2.45e-02  2.47e+04  3.26e+02 -1.00e+05
2016 04 27  1620   57505  58800   3.86e+01  1.28e-01  1.00e-01  6.23e-02  4.70e-02  2.38e-02  2.55e+04  3.49e+02 -1.00e+05
2016 04 27  1625   57505  59100  -1.00e+05 -1.00e+05 -1.00e+05 -1.00e+05 -1.00e+05 -1.00e+05 -1.00e+05 -1.00e+05 -1.00e+05
2016 04 27  1630   57505  59400  -1.00e+05 -1.00e+05 -1.00e+05 -1.00e+05 -1.00e+05 -1.00e+05 -1.00e+05 -1.00e+05 -1.00e+05
2016 04 27  1635   57505  59700   6.05e+01  2.81e-01  1.72e-01  1.17e-01  6.92e-02  3.65e-02  2.31e+04  2.77e+02 -1.00e+05
2016 04 27  1640   57505  60000   3.50e+01  1.70e-01  1.42e-01  1.04e-01  9.32e-02  6.62e-02  2.33e+04  2.87e+02 -1.00e+05
2016 04 27  1645   57505  60300   5.48e+01  2.50e-01  1.90e-01  1.46e-01  1.35e-01  7.11e-02  2.32e+04  2.87e+02 -1.00e+05
2016 04 27  1650   57505  60600   3.34e+01  1.87e-01  1.60e-01  1.22e-01  1.11e-01  4.47e-02  2.16e+04  2.55e+02 -1.00e+05
2016 04 27  1655   57505  60900   3.39e+01  1.30e-01  1.03e-01  6.47e-02  5.35e-02  3.16e-02  2.05e+04  2.38e+02 -1.00e+05
2016 04 27  1700   57505  61200   5.93e+01  3.78e-01  1.97e-01  6.23e-02  4.70e-02  2.38e-02  2.27e+04  2.79e+02 -1.00e+05
2016 04 27  1705   57505  61500   5.60e+01  2.26e-01  1.15e-01  6.23e-02  4.70e-02  2.38e-02  2.15e+04  2.61e+02 -1.00e+05
2016 04 27  1710   57505  61800   6.71e+01  2.60e-01  1.05e-01  6.54e-02  5.43e-02  2.65e-02  2.22e+04  2.84e+02 -1.00e+05
2016 04 27  1715   57505  62100   4.17e+01  2.50e-01  2.23e-01  5.69e-02  4.57e-02  2.38e-02  2.37e+04  3.02e+02 -1.00e+05
2016 04 27  1720   57505  62400   7.32e+01  3.17e-01  1.16e-01  7.57e-02  5.02e-02  2.42e-02  2.26e+04  2.81e+02 -1.00e+05
2016 04 27  1725   57505  62700   3.45e+01  2.06e-01  1.79e-01  1.41e-01  1.30e-01  5.07e-02  2.16e+04  2.66e+02 -1.00e+05
2016 04 27  1730   57505  63000   3.64e+01  1.85e-01  1.58e-01  1.20e-01  1.07e-01  5.21e-02  2.24e+04  2.69e+02 -1.00e+05
2016 04 27  1735   57505  63300   3.46e+01  1.48e-01  1.21e-01  8.27e-02  7.16e-02  4.92e-02  2.19e+04  2.67e+02 -1.00e+05
2016 04 27  1740   57505  63600   3.40e+01  2.90e-01  2.62e-01  1.07e-01  9.56e-02  7.37e-02  2.20e+04  2.63e+02 -1.00e+05
2016 04 27  1745   57505  63900   3.12e+01  1.22e-01  9.48e-02  5.69e-02  4.57e-02  2.38e-02  2.09e+04  2.45e+02 -1.00e+05
2016 04 27  1750   57505  64200   3.11e+01  1.65e-01  1.37e-01  9.95e-02  8.82e-02  6.63e-02  2.08e+04  2.44e+02 -1.00e+05
2016 04 27  1755   57505  64500   3.10e+01  2.85e-01  2.57e-01  1.05e-01  9.40e-02  7.21e-02  2.10e+04  2.51e+02 -1.00e+05
2016 04 27  1800   57505  64800   3.20e+01  1.22e-01  9.48e-02  5.69e-02  4.57e-02  2.38e-02  2.09e+04  2.52e+02 -1.00e+05
2016 04 27  1805   57505  65100   2.96e+01  1.38e-01  1.10e-01  7.22e-02  6.11e-02  3.07e-02  2.07e+04  2.47e+02 -1.00e+05
2016 04 27  1810   57505  65400   5.74e+01  2.75e-01  1.65e-01  1.11e-01  6.77e-02  3.65e-02  2.19e+04  2.70e+02 -1.00e+05
2016 04 27  1815   57505  65700   4.24e+01  1.40e-01  1.12e-01  7.46e-02  6.34e-02  4.15e-02  2.28e+04  3.02e+02 -1.00e+05
2016 04 27  1820   57505  66000   3.53e+01  1.88e-01  1.61e-01  1.22e-01  8.17e-02  5.14e-02  2.08e+04  2.56e+02 -1.00e+05
2016 04 27  1825   57505  66300   3.85e+01  2.05e-01  1.43e-01  5.72e-02  4.61e-02  2.42e-02  2.18e+04  2.67e+02 -1.00e+05
2016 04 27  1830   57505  66600   2.79e+01  1.77e-01  1.49e-01  6.22e-02  5.10e-02  2.91e-02  2.07e+04  2.55e+02 -1.00e+05
2016 04 27  1835   57505  66900   2.54e+01  1.22e-01  9.48e-02  5.69e-02  4.57e-02  2.38e-02  2.07e+04  2.59e+02 -1.00e+05
2016 04 27  1840   57505  67200   2.50e+01  1.62e-01  1.34e-01  9.51e-02  5.43e-02  2.38e-02  2.12e+04  2.56e+02 -1.00e+05
2016 04 27  1845   57505  67500   2.36e+01  1.57e-01  1.29e-01  9.05e-02  5.99e-02  2.65e-02  2.08e+04  2.57e+02 -1.00e+05
2016 04 27  1850   57505  67800   2.71e+01  1.63e-01  1.01e-01  5.72e-02  4.61e-02  2.42e-02  2.08e+04  2.52e+02 -1.00e+05
2016 04 27  1855   57505  68100   2.91e+01  2.20e-01  1.10e-01  5.69e-02  4.57e-02  2.38e-02  2.03e+04  2.46e+02 -1.00e+05
2016 04 27  1900   57505  68400   2.29e+01  2.35e-01  1.73e-01  5.69e-02  4.57e-02  2.38e-02  1.99e+04  2.33e+02 -1.00e+05
2016 04 27  1905   57505  68700   1.54e+01  1.62e-01  1.35e-01  9.68e-02  8.56e-02  3.66e-02  1.95e+04  2.20e+02 -1.00e+05
2016 04 27  1910   57505  69000   2.55e+01  3.43e-01  2.06e-01  1.10e-01  7.32e-02  4.40e-02  1.97e+04  2.29e+02 -1.00e+05
2016 04 27  1915   57505  69300   1.59e+01  1.77e-01  1.49e-01  1.01e-01  8.99e-02  5.34e-02  2.00e+04  2.29e+02 -1.00e+05
2016 04 27  1920   57505  69600   1.76e+01  1.79e-01  1.52e-01  7.74e-02  5.70e-02  2.65e-02  2.03e+04  2.37e+02 -1.00e+05
2016 04 27  1925   57505  69900   1.73e+01  1.75e-01  1.48e-01  1.10e-01  9.44e-02  7.12e-02  2.03e+04  2.48e+02 -1.00e+05
2016 04 27  1930   57505  70200   1.80e+01  1.40e-01  1.12e-01  7.46e-02  6.34e-02  4.15e-02  2.07e+04  2.38e+02 -1.00e+05
2016 04 27  1935   57505  70500   1.77e+01  1.22e-01  9.48e-02  5.69e-02  4.57e-02  2.38e-02  2.04e+04  2.40e+02 -1.00e+05
2016 04 27  1940   57505  70800   1.69e+01  1.72e-01  1.45e-01  5.69e-02  4.57e-02  2.38e-02  2.05e+04  2.48e+02 -1.00e+05
2016 04 27  1945   57505  71100   1.61e+01  1.67e-01  1.40e-01  1.02e-01  9.07e-02  6.87e-02  1.98e+04  2.32e+02 -1.00e+05
2016 04 27  1950   57505  71400   1.44e+01  1.42e-01  1.14e-01  7.54e-02  4.99e-02  2.38e-02  1.97e+04  2.35e+02 -1.00e+05
2016 04 27  1955   57505  71700   1.89e+01  2.91e-01  2.29e-01  5.69e-02  4.57e-02  2.38e-02  1.96e+04  2.20e+02 -1.00e+05
2016 04 27  2000   57505  72000   1.27e+01  2.72e-01  2.44e-01  1.47e-01  1.36e-01  5.27e-02  1.86e+04  2.05e+02 -1.00e+05
2016 04 27  2005   57505  72300   1.86e+01  2.27e-01  1.17e-01  7.71e-02  6.59e-02  4.40e-02  1.79e+04  2.04e+02 -1.00e+05
2016 04 27  2010   57505  72600   1.17e+01  1.81e-01  1.53e-01  1.14e-01  7.24e-02  4.15e-02  1.78e+04  1.94e+02 -1.00e+05
2016 04 27  2015   57505  72900   9.88e+00  1.45e-01  1.18e-01  7.92e-02  5.49e-02  2.91e-02  1.72e+04  1.86e+02 -1.00e+05
2016 04 27  2020   57505  73200   1.09e+01  2.91e-01  2.29e-01  5.69e-02  4.57e-02  2.38e-02  1.64e+04  1.71e+02 -1.00e+05
2016 04 27  2025   57505  73500   1.24e+01  2.56e-01  1.21e-01  8.10e-02  5.72e-02  3.16e-02  1.55e+04  1.48e+02 -1.00e+05
2016 04 27  2030   57505  73800   9.62e+00  2.83e-01  1.72e-01  6.89e-02  4.84e-02  2.38e-02  1.50e+04  1.50e+02 -1.00e+05
2016 04 27  2035   57505  74100   7.00e+00  1.45e-01  1.17e-01  7.95e-02  6.84e-02  4.64e-02  1.50e+04  1.52e+02 -1.00e+05
2016 04 27  2040   57505  74400   8.98e+00  2.26e-01  1.15e-01  6.23e-02  4.70e-02  2.38e-02  1.50e+04  1.47e+02 -1.00e+05
2016 04 27  2045   57505  74700   5.79e+00  1.70e-01  1.42e-01  1.02e-01  5.22e-02  2.38e-02  1.45e+04  1.35e+02 -1.00e+05
2016 04 27  2050   57505  75000   5.18e+00  1.88e-01  1.61e-01  1.22e-01  8.17e-02  5.14e-02  1.40e+04  1.27e+02 -1.00e+05
2016 04 27  2055   57505  75300   6.93e+00  2.25e-01  1.14e-01  7.46e-02  6.34e-02  4.15e-02  1.37e+04  1.31e+02 -1.00e+05
2016 04 27  2100   57505  75600   3.93e+00  1.25e-01  9.70e-02  5.92e-02  4.80e-02  2.45e-02  1.35e+04  1.13e+02 -1.00e+05
2016 04 27  2105   57505  75900   3.49e+00  1.35e-01  1.07e-01  6.96e-02  5.85e-02  3.65e-02  1.34e+04  1.16e+02 -1.00e+05
2016 04 27  2110   57505  76200   3.39e+00  2.33e-01  2.06e-01  1.17e-01  6.14e-02  2.66e-02  1.36e+04  1.11e+02 -1.00e+05
2016 04 27  2115   57505  76500   6.85e+00  3.28e-01  1.57e-01  5.69e-02  4.57e-02  2.38e-02  1.37e+04  1.14e+02 -1.00e+05
2016 04 27  2120   57505  76800   3.67e+00  1.22e-01  9.48e-02  5.69e-02  4.57e-02  2.38e-02  1.37e+04  1.07e+02 -1.00e+05
2016 04 27  2125   57505  77100   3.89e+00  1.22e-01  9.48e-02  5.69e-02  4.57e-02  2.38e-02  1.38e+04  1.19e+02 -1.00e+05
2016 04 27  2130   57505  77400   3.57e+00  2.05e-01  1.77e-01  8.85e-02  5.29e-02  2.38e-02  1.37e+04  1.12e+02 -1.00e+05
2016 04 27  2135   57505  77700   3.30e+00  1.22e-01  9.48e-02  5.69e-02  4.57e-02  2.38e-02  1.36e+04  1.08e+02 -1.00e+05
2016 04 27  2140   57505  78000   4.87e+00  2.70e-01  1.64e-01  1.23e-01  7.25e-02  3.07e-02  1.32e+04  1.03e+02 -1.00e+05
2016 04 27  2145   57505  78300   5.51e+00  2.55e-01  9.65e-02  5.69e-02  4.57e-02  2.38e-02  1.34e+04  9.73e+01 -1.00e+05
2016 04 27  2150   57505  78600   2.83e+00  2.40e-01  2.12e-01  1.74e-01  1.63e-01  6.84e-02  1.36e+04  1.03e+02 -1.00e+05
2016 04 27  2155   57505  78900   2.52e+00  1.91e-01  1.63e-01  1.24e-01  9.44e-02  2.92e-02  1.33e+04  9.74e+01 -1.00e+05
2016 04 27  2200   57505  79200   3.43e+00  2.08e-01  9.67e-02  5.69e-02  4.57e-02  2.38e-02  1.27e+04  9.93e+01 -1.00e+05
2016 04 27  2205   57505  79500   2.45e+00  1.47e-01  1.19e-01  8.13e-02  7.02e-02  4.37e-02  1.28e+04  9.82e+01 -1.00e+05
2016 04 27  2210   57505  79800   2.50e+00  1.75e-01  1.48e-01  5.69e-02  4.57e-02  2.38e-02  1.32e+04  9.72e+01 -1.00e+05
2016 04 27  2215   57505  80100   2.59e+00  1.22e-01  9.48e-02  5.69e-02  4.57e-02  2.38e-02  1.36e+04  1.04e+02 -1.00e+05
2016 04 27  2220   57505  80400   2.74e+00  1.95e-01  1.36e-01  9.19e-02  8.08e-02  5.88e-02  1.30e+04  8.77e+01 -1.00e+05
2016 04 27  2225   57505  80700   2.23e+00  1.54e-01  1.26e-01  8.81e-02  7.69e-02  4.75e-02  1.28e+04  8.73e+01 -1.00e+05
2016 04 27  2230   57505  81000   4.61e+00  3.72e-01  1.30e-01  8.42e-02  7.31e-02  3.26e-02  1.23e+04  8.10e+01 -1.00e+05
2016 04 27  2235   57505  81300   2.21e+00  2.00e-01  1.73e-01  1.34e-01  1.09e-01  4.27e-02  1.23e+04  8.34e+01 -1.00e+05
2016 04 27  2240   57505  81600   2.88e+00  2.41e-01  1.40e-01  1.01e-01  8.95e-02  5.15e-02  1.22e+04  7.51e+01 -1.00e+05
2016 04 27  2245   57505  81900   1.80e+00  1.78e-01  1.51e-01  6.26e-02  4.73e-02  2.42e-02  1.16e+04  7.28e+01 -1.00e+05
2016 04 27  2250   57505  82200   2.61e+00  2.83e-01  1.85e-01  1.34e-01  1.23e-01  4.87e-02  1.17e+04  7.51e+01 -1.00e+05
2016 04 27  2255   57505  82500   2.09e+00  1.22e-01  9.48e-02  5.69e-02  4.57e-02  2.38e-02  1.23e+04  7.90e+01 -1.00e+05
2016 04 27  2300   57505  82800   2.86e+00  1.72e-01  1.11e-01  6.71e-02  5.60e-02  3.41e-02  1.21e+04  7.28e+01 -1.00e+05
2016 04 27  2305   57505  83100   2.39e+00  1.92e-01  1.64e-01  7.57e-02  5.02e-02  2.42e-02  1.25e+04  8.53e+01 -1.00e+05
2016 04 27  2310   57505  83400   2.18e+00  1.77e-01  1.50e-01  5.92e-02  4.80e-02  2.45e-02  1.25e+04  8.29e+01 -1.00e+05
2016 04 27  2315   57505  83700   2.79e+00  2.27e-01  1.16e-01  7.54e-02  4.99e-02  2.38e-02  1.12e+04  7.03e+01 -1.00e+05
2016 04 27  2320   57505  84000   3.02e+00  2.55e-01  9.65e-02  5.69e-02  4.57e-02  2.38e-02  1.11e+04  6.59e+01 -1.00e+05
2016 04 27  2325   57505  84300   1.82e+00  1.22e-01  9.48e-02  5.69e-02  4.57e-02  2.38e-02  1.14e+04  7.29e+01 -1.00e+05
2016 04 27  2330   57505  84600   3.12e+00  2.32e-01  9.66e-02  5.69e-02  4.57e-02  2.38e-02  1.25e+04  8.05e+01 -1.00e+05
2016 04 27  2335   57505  84900   1.75e+00  1.64e-01  1.36e-01  9.73e-02  5.66e-02  2.45e-02  1.19e+04  6.61e+01 -1.00e+05
2016 04 27  2340   57505  85200   3.32e+00  2.30e-01  1.20e-01  6.71e-02  5.60e-02  3.41e-02  1.23e+04  7.52e+01 -1.00e+05
2016 04 27  2345   57505  85500   2.38e+00  1.37e-01  1.10e-01  7.17e-02  6.06e-02  2.86e-02  1.31e+04  7.47e+01 -1.00e+05
2016 04 27  2350   57505  85800   3.01e+00  2.24e-01  1.55e-01  1.09e-01  9.82e-02  4.06e-02  1.33e+04  8.66e+01 -1.00e+05
2016 04 27  2355   57505  86100   1.93e+00  1.60e-01  1.32e-01  9.44e-02  8.32e-02  6.13e-02  1.17e+04  6.69e+01 -1.00e+05
