:Data_list: 20160919_Gp_part_5m.txt
:Created: 2016 Sep 20 0011 UTC
# Prepared by the U.S. Dept. of Commerce, NOAA, Space Weather Prediction Center
# Please send comments and suggestions to SWPC.Webmaster@noaa.gov 
# 
# Label: P > 1 = Particles at >1 Mev
# Label: P > 5 = Particles at >5 Mev
# Label: P >10 = Particles at >10 Mev
# Label: P >30 = Particles at >30 Mev
# Label: P >50 = Particles at >50 Mev
# Label: P>100 = Particles at >100 Mev
# Label: E>0.8 = Electrons at >0.8 Mev
# Label: E>2.0 = Electrons at >2.0 Mev
# Label: E>4.0 = Electrons at >4.0 Mev
# Units: Particles = Protons/cm2-s-sr
# Units: Electrons = Electrons/cm2-s-sr
# Source: GOES-13
# Location: W075
# Missing data: -1.00e+05
#
#                      5-minute  GOES-13 Solar Particle and Electron Flux
#
#                 Modified Seconds
# UTC Date  Time   Julian  of the
# YR MO DA  HHMM    Day     Day     P > 1     P > 5     P >10     P >30     P >50     P>100     E>0.8     E>2.0     E>4.0
#-------------------------------------------------------------------------------------------------------------------------
2016 09 19  0000   57650      0   5.03e+00  2.85e-01  2.01e-01  1.00e-01  8.74e-02  6.27e-02  3.89e+02  1.33e-01 -1.00e+05
2016 09 19  0005   57650    300   6.60e+00  3.10e-01  1.76e-01  1.14e-01  8.49e-02  5.53e-02  4.06e+02  1.33e-01 -1.00e+05
2016 09 19  0010   57650    600   5.45e+00  2.03e-01  1.74e-01  1.31e-01  9.48e-02  3.84e-02  4.15e+02  1.33e-01 -1.00e+05
2016 09 19  0015   57650    900   4.77e+00  1.46e-01  1.08e-01  6.35e-02  5.11e-02  2.65e-02  4.10e+02  1.02e+00 -1.00e+05
2016 09 19  0020   57650   1200   7.14e+00  4.49e-01  2.51e-01  1.17e-01  1.05e-01  8.00e-02  3.81e+02  1.33e-01 -1.00e+05
2016 09 19  0025   57650   1500   3.20e+00  2.33e-01  2.04e-01  8.77e-02  7.53e-02  5.07e-02  4.03e+02  1.33e-01 -1.00e+05
2016 09 19  0030   57650   1800   3.42e+00  1.98e-01  1.69e-01  1.20e-01  6.98e-02  3.79e-02  3.96e+02  1.33e-01 -1.00e+05
2016 09 19  0035   57650   2100   5.38e+00  2.77e-01  1.41e-01  7.57e-02  6.27e-02  3.79e-02  3.84e+02  3.05e+00 -1.00e+05
2016 09 19  0040   57650   2400   2.89e+00  2.23e-01  1.93e-01  1.51e-01  1.38e-01  5.45e-02  3.64e+02  1.33e-01 -1.00e+05
2016 09 19  0045   57650   2700   3.12e+00  2.53e-01  2.24e-01  1.25e-01  1.13e-01  4.64e-02  3.69e+02  1.43e+00 -1.00e+05
2016 09 19  0050   57650   3000   2.59e+00  1.35e-01  1.06e-01  6.35e-02  5.11e-02  2.65e-02  3.52e+02  2.18e+00 -1.00e+05
2016 09 19  0055   57650   3300   6.26e+00  3.62e-01  2.29e-01  9.97e-02  8.73e-02  6.27e-02  3.10e+02  1.33e-01 -1.00e+05
2016 09 19  0100   57650   3600   6.64e+00  2.94e-01  2.56e-01  1.03e-01  6.31e-02  3.05e-02  2.92e+02  1.33e-01 -1.00e+05
2016 09 19  0105   57650   3900   6.68e+00  1.53e-01  1.23e-01  8.06e-02  5.50e-02  2.65e-02  3.05e+02  1.04e+00 -1.00e+05
2016 09 19  0110   57650   4200   6.34e+00  3.27e-01  2.98e-01  1.47e-01  1.06e-01  7.26e-02  3.01e+02  1.33e-01 -1.00e+05
2016 09 19  0115   57650   4500   6.58e+00  2.01e-01  1.72e-01  9.47e-02  8.24e-02  5.77e-02  2.65e+02  1.33e-01 -1.00e+05
2016 09 19  0120   57650   4800   1.06e+01  4.93e-01  2.31e-01  8.98e-02  7.74e-02  5.28e-02  2.62e+02  1.33e-01 -1.00e+05
2016 09 19  0125   57650   5100   1.01e+01  5.21e-01  2.89e-01  1.00e-01  5.94e-02  2.65e-02  2.86e+02  1.33e-01 -1.00e+05
2016 09 19  0130   57650   5400   5.41e+00  1.67e-01  1.37e-01  9.37e-02  5.79e-02  2.65e-02  2.62e+02  6.68e-01 -1.00e+05
2016 09 19  0135   57650   5700   9.13e+00  5.94e-01  2.93e-01  9.72e-02  7.52e-02  4.44e-02  2.42e+02  1.33e-01 -1.00e+05
2016 09 19  0140   57650   6000   4.12e+00  2.15e-01  1.85e-01  1.43e-01  1.17e-01  4.64e-02  2.44e+02  1.33e-01 -1.00e+05
2016 09 19  0145   57650   6300   7.94e+00  2.49e-01  1.22e-01  7.74e-02  6.50e-02  4.04e-02  2.49e+02  5.04e-01 -1.00e+05
2016 09 19  0150   57650   6600   5.54e+00  1.35e-01  1.06e-01  6.35e-02  5.11e-02  2.65e-02  2.40e+02  1.33e-01 -1.00e+05
2016 09 19  0155   57650   6900   5.05e+00  1.35e-01  1.06e-01  6.35e-02  5.11e-02  2.65e-02  2.38e+02  7.37e-01 -1.00e+05
2016 09 19  0200   57650   7200   8.07e+00  4.73e-01  2.10e-01  9.84e-02  8.61e-02  6.15e-02  2.59e+02  1.33e-01 -1.00e+05
2016 09 19  0205   57650   7500   4.24e+00  2.01e-01  1.72e-01  9.47e-02  8.24e-02  5.77e-02  2.70e+02  1.33e-01 -1.00e+05
2016 09 19  0210   57650   7800   4.01e+00  1.44e-01  1.15e-01  7.24e-02  6.01e-02  3.54e-02  2.78e+02  1.33e-01 -1.00e+05
2016 09 19  0215   57650   8100   3.32e+00  1.94e-01  1.64e-01  1.20e-01  6.38e-02  2.65e-02  2.88e+02  1.33e-01 -1.00e+05
2016 09 19  0220   57650   8400   7.56e+00  5.13e-01  1.79e-01  6.35e-02  5.11e-02  2.65e-02  2.99e+02  1.03e+00 -1.00e+05
2016 09 19  0225   57650   8700   3.54e+00  2.68e-01  2.38e-01  1.94e-01  1.43e-01  5.25e-02  2.99e+02  1.33e-01 -1.00e+05
2016 09 19  0230   57650   9000   2.96e+00  1.53e-01  1.23e-01  8.06e-02  5.50e-02  2.65e-02  3.12e+02  1.33e-01 -1.00e+05
2016 09 19  0235   57650   9300   4.60e+00  4.11e-01  1.34e-01  8.98e-02  7.74e-02  5.28e-02  3.17e+02  1.17e+00 -1.00e+05
2016 09 19  0240   57650   9600   2.06e+00  1.35e-01  1.06e-01  6.35e-02  5.11e-02  2.65e-02  3.26e+02  1.33e-01 -1.00e+05
2016 09 19  0245   57650   9900   2.32e+00  2.33e-01  2.04e-01  7.99e-02  6.75e-02  4.29e-02  3.23e+02  1.33e-01 -1.00e+05
2016 09 19  0250   57650  10200   2.94e+00  1.47e-01  1.18e-01  7.53e-02  6.30e-02  3.03e-02  3.25e+02  1.33e-01 -1.00e+05
2016 09 19  0255   57650  10500   3.93e+00  2.88e-01  2.01e-01  6.35e-02  5.11e-02  2.65e-02  3.20e+02  2.51e+00 -1.00e+05
2016 09 19  0300   57650  10800   3.38e+00  2.10e-01  1.23e-01  6.35e-02  5.11e-02  2.65e-02  3.31e+02  1.14e+00 -1.00e+05
2016 09 19  0305   57650  11100   2.23e+00  1.35e-01  1.06e-01  6.35e-02  5.11e-02  2.65e-02  3.32e+02  3.20e-01 -1.00e+05
2016 09 19  0310   57650  11400   2.56e+00  1.55e-01  1.26e-01  7.99e-02  6.75e-02  4.29e-02  3.29e+02  1.33e-01 -1.00e+05
2016 09 19  0315   57650  11700   2.43e+00  2.82e-01  2.53e-01  8.06e-02  5.50e-02  2.65e-02  3.28e+02  1.33e-01 -1.00e+05
2016 09 19  0320   57650  12000   2.89e+00  2.40e-01  1.12e-01  6.75e-02  5.20e-02  2.65e-02  3.23e+02  2.03e+00 -1.00e+05
2016 09 19  0325   57650  12300   2.92e+00  2.97e-01  1.09e-01  6.30e-02  5.09e-02  2.64e-02  3.21e+02  2.66e+00 -1.00e+05
2016 09 19  0330   57650  12600   1.53e+00  1.55e-01  1.23e-01  7.82e-02  5.43e-02  2.64e-02  3.25e+02  1.33e-01 -1.00e+05
2016 09 19  0335   57650  12900   1.73e+00  1.39e-01  1.07e-01  6.30e-02  5.09e-02  2.64e-02  3.30e+02  1.33e-01 -1.00e+05
2016 09 19  0340   57650  13200   3.48e+00  2.76e-01  1.11e-01  6.48e-02  5.27e-02  2.82e-02  3.25e+02  3.13e+00 -1.00e+05
2016 09 19  0345   57650  13500   2.06e+00  1.46e-01  1.14e-01  6.97e-02  5.76e-02  3.31e-02  3.24e+02  3.65e-01 -1.00e+05
2016 09 19  0350   57650  13800   3.28e+00  2.61e-01  1.45e-01  9.78e-02  5.87e-02  2.64e-02  3.30e+02  1.33e-01 -1.00e+05
2016 09 19  0355   57650  14100   2.09e+00  1.65e-01  1.33e-01  8.88e-02  7.67e-02  5.22e-02  3.33e+02  1.33e-01 -1.00e+05
2016 09 19  0400   57650  14400   2.14e+00  2.39e-01  1.92e-01  1.45e-01  1.33e-01  5.26e-02  3.28e+02  1.33e-01 -1.00e+05
2016 09 19  0405   57650  14700   1.97e+00  1.76e-01  1.18e-01  6.95e-02  5.74e-02  2.85e-02  3.18e+02  3.05e-01 -1.00e+05
2016 09 19  0410   57650  15000   2.69e+00  2.99e-01  1.35e-01  8.89e-02  7.68e-02  5.23e-02  3.32e+02  1.33e-01 -1.00e+05
2016 09 19  0415   57650  15300   1.78e+00  1.79e-01  1.47e-01  1.03e-01  9.09e-02  6.64e-02  3.35e+02  4.24e-01 -1.00e+05
2016 09 19  0420   57650  15600   2.03e+00  1.76e-01  1.13e-01  6.30e-02  5.09e-02  2.64e-02  3.29e+02  1.21e+00 -1.00e+05
2016 09 19  0425   57650  15900   1.55e+00  1.86e-01  1.54e-01  1.10e-01  9.07e-02  3.85e-02  3.41e+02  1.33e-01 -1.00e+05
2016 09 19  0430   57650  16200   1.69e+00  1.39e-01  1.07e-01  6.30e-02  5.09e-02  2.64e-02  3.41e+02  2.16e+00 -1.00e+05
2016 09 19  0435   57650  16500   2.01e+00  2.34e-01  1.27e-01  6.95e-02  5.74e-02  2.85e-02  3.38e+02  1.33e-01 -1.00e+05
2016 09 19  0440   57650  16800   1.91e+00  2.20e-01  1.65e-01  1.17e-01  1.05e-01  3.81e-02  3.39e+02  1.33e-01 -1.00e+05
2016 09 19  0445   57650  17100   1.37e+00  1.39e-01  1.07e-01  6.30e-02  5.09e-02  2.64e-02  3.55e+02  1.33e-01 -1.00e+05
2016 09 19  0450   57650  17400   1.42e+00  1.63e-01  1.31e-01  8.71e-02  7.50e-02  5.05e-02  3.49e+02  1.33e-01 -1.00e+05
2016 09 19  0455   57650  17700   1.66e+00  2.15e-01  1.84e-01  9.01e-02  7.27e-02  3.75e-02  3.45e+02  1.33e-01 -1.00e+05
2016 09 19  0500   57650  18000   2.08e+00  1.85e-01  1.26e-01  7.75e-02  6.54e-02  3.73e-02  3.53e+02  1.33e-01 -1.00e+05
2016 09 19  0505   57650  18300   1.64e+00  1.99e-01  1.67e-01  1.22e-01  9.84e-02  4.05e-02  3.60e+02  1.33e-01 -1.00e+05
2016 09 19  0510   57650  18600   1.80e+00  2.19e-01  1.59e-01  1.09e-01  9.73e-02  7.28e-02  3.60e+02  1.33e-01 -1.00e+05
2016 09 19  0515   57650  18900   1.82e+00  2.10e-01  1.49e-01  9.92e-02  8.15e-02  5.54e-02  3.51e+02  1.33e-01 -1.00e+05
2016 09 19  0520   57650  19200   2.06e+00  3.84e-01  2.72e-01  6.30e-02  5.09e-02  2.64e-02  3.53e+02  1.06e+00 -1.00e+05
2016 09 19  0525   57650  19500   1.56e+00  2.14e-01  1.83e-01  1.38e-01  1.26e-01  5.06e-02  3.44e+02  2.70e-01 -1.00e+05
2016 09 19  0530   57650  19800   1.88e+00  1.76e-01  1.13e-01  6.30e-02  5.09e-02  2.64e-02  3.47e+02  1.33e-01 -1.00e+05
2016 09 19  0535   57650  20100   1.69e+00  1.39e-01  1.07e-01  6.30e-02  5.09e-02  2.64e-02  3.41e+02  8.90e-01 -1.00e+05
2016 09 19  0540   57650  20400   1.84e+00  3.25e-01  2.94e-01  1.53e-01  1.35e-01  5.26e-02  3.29e+02  1.33e-01 -1.00e+05
2016 09 19  0545   57650  20700   1.78e+00  1.88e-01  1.56e-01  1.12e-01  9.97e-02  7.52e-02  3.19e+02  1.33e-01 -1.00e+05
2016 09 19  0550   57650  21000   1.94e+00  2.57e-01  1.98e-01  1.49e-01  1.37e-01  6.86e-02  3.35e+02  1.33e-01 -1.00e+05
2016 09 19  0555   57650  21300   2.35e+00  2.26e-01  1.10e-01  6.30e-02  5.09e-02  2.64e-02  3.41e+02  2.50e+00 -1.00e+05
2016 09 19  0600   57650  21600   1.90e+00  1.78e-01  1.45e-01  1.01e-01  8.87e-02  3.85e-02  3.30e+02  1.33e-01 -1.00e+05
2016 09 19  0605   57650  21900   1.47e+00  1.95e-01  1.64e-01  1.20e-01  1.08e-01  4.46e-02  3.19e+02  1.33e-01 -1.00e+05
2016 09 19  0610   57650  22200   2.67e+00  4.02e-01  2.21e-01  9.45e-02  8.24e-02  5.79e-02  3.13e+02  1.33e-01 -1.00e+05
2016 09 19  0615   57650  22500   1.76e+00  1.76e-01  1.13e-01  6.30e-02  5.09e-02  2.64e-02  3.17e+02  1.33e-01 -1.00e+05
2016 09 19  0620   57650  22800   2.12e+00  3.09e-01  1.21e-01  7.47e-02  6.26e-02  3.81e-02  3.00e+02  1.33e-01 -1.00e+05
2016 09 19  0625   57650  23100   1.41e+00  1.77e-01  1.45e-01  1.01e-01  8.87e-02  3.85e-02  2.80e+02  2.45e-01 -1.00e+05
2016 09 19  0630   57650  23400   1.29e+00  1.48e-01  1.16e-01  7.22e-02  6.01e-02  3.56e-02  2.89e+02  1.33e-01 -1.00e+05
2016 09 19  0635   57650  23700   1.43e+00  1.73e-01  1.41e-01  9.70e-02  8.49e-02  6.04e-02  2.92e+02  1.33e-01 -1.00e+05
2016 09 19  0640   57650  24000   2.67e+00  2.37e-01  1.21e-01  7.47e-02  6.26e-02  3.81e-02  2.60e+02  1.54e-01 -1.00e+05
2016 09 19  0645   57650  24300   1.62e+00  1.63e-01  1.31e-01  8.71e-02  7.50e-02  5.05e-02  2.73e+02  1.33e-01 -1.00e+05
2016 09 19  0650   57650  24600   2.20e+00  2.26e-01  1.10e-01  6.30e-02  5.09e-02  2.64e-02  2.66e+02  2.16e+00 -1.00e+05
2016 09 19  0655   57650  24900   1.40e+00  1.95e-01  1.64e-01  1.20e-01  1.08e-01  4.46e-02  2.71e+02  1.33e-01 -1.00e+05
2016 09 19  0700   57650  25200   1.79e+00  2.31e-01  1.69e-01  1.18e-01  7.03e-02  3.56e-02  2.87e+02  1.33e-01 -1.00e+05
2016 09 19  0705   57650  25500   1.50e+00  1.92e-01  1.60e-01  9.46e-02  8.25e-02  3.65e-02  2.61e+02  1.33e-01 -1.00e+05
2016 09 19  0710   57650  25800   1.48e+00  1.55e-01  1.23e-01  7.82e-02  5.43e-02  2.64e-02  2.49e+02  1.33e-01 -1.00e+05
2016 09 19  0715   57650  26100   1.46e+00  1.39e-01  1.07e-01  6.30e-02  5.09e-02  2.64e-02  2.60e+02  1.33e-01 -1.00e+05
2016 09 19  0720   57650  26400   2.19e+00  2.83e-01  1.71e-01  1.11e-01  6.17e-02  2.64e-02  2.35e+02  1.33e-01 -1.00e+05
2016 09 19  0725   57650  26700   2.65e+00  2.94e-01  1.52e-01  1.04e-01  6.02e-02  2.64e-02  2.05e+02  1.33e-01 -1.00e+05
2016 09 19  0730   57650  27000   1.64e+00  1.76e-01  1.13e-01  6.30e-02  5.09e-02  2.64e-02  1.97e+02  3.55e-01 -1.00e+05
2016 09 19  0735   57650  27300   2.12e+00  2.26e-01  1.10e-01  6.30e-02  5.09e-02  2.64e-02  2.17e+02  1.33e-01 -1.00e+05
2016 09 19  0740   57650  27600   1.44e+00  2.92e-01  2.61e-01  1.53e-01  1.09e-01  7.52e-02  2.65e+02  1.33e-01 -1.00e+05
2016 09 19  0745   57650  27900   1.32e+00  1.48e-01  1.16e-01  7.22e-02  6.01e-02  3.56e-02  2.88e+02  2.05e-01 -1.00e+05
2016 09 19  0750   57650  28200   1.53e+00  2.34e-01  1.27e-01  6.95e-02  5.74e-02  2.85e-02  2.55e+02  2.77e+00 -1.00e+05
2016 09 19  0755   57650  28500   1.52e+00  3.15e-01  2.83e-01  1.51e-01  1.39e-01  5.60e-02  2.38e+02  1.33e-01 -1.00e+05
2016 09 19  0800   57650  28800   2.74e+00  3.70e-01  1.61e-01  1.13e-01  6.25e-02  3.07e-02  2.78e+02  1.33e-01 -1.00e+05
2016 09 19  0805   57650  29100   1.23e+00  3.05e-01  2.73e-01  8.21e-02  7.00e-02  4.55e-02  3.02e+02  1.33e-01 -1.00e+05
2016 09 19  0810   57650  29400   1.54e+00  2.83e-01  1.71e-01  1.11e-01  6.17e-02  2.64e-02  3.01e+02  2.35e+00 -1.00e+05
2016 09 19  0815   57650  29700   1.13e+00  1.39e-01  1.07e-01  6.30e-02  5.09e-02  2.64e-02  4.54e+02  7.05e+00 -1.00e+05
2016 09 19  0820   57650  30000   1.02e+00  1.39e-01  1.07e-01  6.30e-02  5.09e-02  2.64e-02  6.58e+02  1.38e+01 -1.00e+05
2016 09 19  0825   57650  30300   1.26e+00  1.76e-01  1.13e-01  6.30e-02  5.09e-02  2.64e-02  7.10e+02  1.58e+01 -1.00e+05
2016 09 19  0830   57650  30600   1.38e+00  2.26e-01  1.94e-01  1.49e-01  1.04e-01  4.05e-02  7.42e+02  1.41e+01 -1.00e+05
2016 09 19  0835   57650  30900   1.10e+00  1.46e-01  1.14e-01  7.03e-02  5.82e-02  3.16e-02  7.12e+02  2.17e+01 -1.00e+05
2016 09 19  0840   57650  31200   1.55e+00  2.88e-01  1.76e-01  1.15e-01  5.82e-02  2.64e-02  6.69e+02  1.67e+01 -1.00e+05
2016 09 19  0845   57650  31500   1.37e+00  3.72e-01  3.40e-01  1.48e-01  1.09e-01  4.26e-02  6.00e+02  1.80e+01 -1.00e+05
2016 09 19  0850   57650  31800   1.56e+00  2.26e-01  1.66e-01  1.17e-01  1.05e-01  8.02e-02  4.65e+02  1.25e+01 -1.00e+05
2016 09 19  0855   57650  32100   1.22e+00  2.19e-01  1.87e-01  7.22e-02  6.01e-02  3.56e-02  4.01e+02  1.21e+01 -1.00e+05
2016 09 19  0900   57650  32400   2.71e+00  3.81e-01  1.52e-01  1.05e-01  7.79e-02  4.90e-02  3.17e+02  6.20e+00 -1.00e+05
2016 09 19  0905   57650  32700   1.54e+00  2.34e-01  1.22e-01  6.30e-02  5.09e-02  2.64e-02  3.12e+02  9.81e+00 -1.00e+05
2016 09 19  0910   57650  33000   1.08e+00  1.75e-01  1.44e-01  9.95e-02  8.74e-02  6.29e-02  2.98e+02  1.09e+01 -1.00e+05
2016 09 19  0915   57650  33300   1.17e+00  1.65e-01  1.34e-01  8.96e-02  7.75e-02  5.30e-02  3.09e+02  8.76e+00 -1.00e+05
2016 09 19  0920   57650  33600   1.99e+00  2.26e-01  1.10e-01  6.30e-02  5.09e-02  2.64e-02  3.27e+02  1.36e+01 -1.00e+05
2016 09 19  0925   57650  33900   1.50e+00  2.36e-01  1.59e-01  1.07e-01  9.50e-02  4.05e-02  3.68e+02  1.30e+01 -1.00e+05
2016 09 19  0930   57650  34200   1.17e+00  2.92e-01  2.60e-01  6.51e-02  5.13e-02  2.64e-02  3.83e+02  1.29e+01 -1.00e+05
2016 09 19  0935   57650  34500   1.36e+00  1.41e-01  1.09e-01  6.51e-02  5.13e-02  2.64e-02  3.66e+02  1.04e+01 -1.00e+05
2016 09 19  0940   57650  34800   2.00e+00  2.70e-01  1.59e-01  1.00e-01  7.61e-02  4.80e-02  3.78e+02  7.79e+00 -1.00e+05
2016 09 19  0945   57650  35100   1.84e+00  2.49e-01  1.38e-01  7.96e-02  6.75e-02  4.30e-02  3.94e+02  7.51e+00 -1.00e+05
2016 09 19  0950   57650  35400   1.53e+00  2.97e-01  2.65e-01  7.22e-02  6.01e-02  3.56e-02  3.45e+02  1.23e+01 -1.00e+05
2016 09 19  0955   57650  35700   1.86e+00  2.67e-01  1.58e-01  9.95e-02  8.74e-02  6.29e-02  3.16e+02  7.83e+00 -1.00e+05
2016 09 19  1000   57650  36000   2.03e+00  3.40e-01  1.76e-01  1.28e-01  7.65e-02  4.06e-02  3.24e+02  4.88e+00 -1.00e+05
2016 09 19  1005   57650  36300   1.10e+00  1.62e-01  1.30e-01  8.61e-02  7.40e-02  4.85e-02  3.70e+02  5.63e+00 -1.00e+05
2016 09 19  1010   57650  36600   1.29e+00  3.13e-01  2.81e-01  9.20e-02  7.99e-02  5.54e-02  3.67e+02  7.32e+00 -1.00e+05
2016 09 19  1015   57650  36900   1.61e+00  3.25e-01  2.94e-01  1.04e-01  8.07e-02  5.30e-02  3.35e+02  1.00e+01 -1.00e+05
2016 09 19  1020   57650  37200   1.70e+00  3.52e-01  3.21e-01  1.17e-01  6.31e-02  2.64e-02  4.02e+02  1.09e+01 -1.00e+05
2016 09 19  1025   57650  37500   1.36e+00  1.46e-01  1.14e-01  6.97e-02  5.76e-02  3.31e-02  4.48e+02  1.24e+01 -1.00e+05
2016 09 19  1030   57650  37800   1.89e+00  2.34e-01  1.22e-01  6.30e-02  5.09e-02  2.64e-02  4.39e+02  1.73e+01 -1.00e+05
2016 09 19  1035   57650  38100   1.35e+00  1.87e-01  1.24e-01  7.47e-02  6.26e-02  3.81e-02  4.76e+02  1.28e+01 -1.00e+05
2016 09 19  1040   57650  38400   2.01e+00  3.80e-01  3.17e-01  1.14e-01  5.82e-02  2.64e-02  4.52e+02  1.05e+01 -1.00e+05
2016 09 19  1045   57650  38700   1.52e+00  1.48e-01  1.16e-01  7.16e-02  5.28e-02  2.64e-02  4.53e+02  1.59e+01 -1.00e+05
2016 09 19  1050   57650  39000   1.50e+00  1.39e-01  1.07e-01  6.30e-02  5.09e-02  2.64e-02  4.83e+02  1.66e+01 -1.00e+05
2016 09 19  1055   57650  39300   2.89e+00  2.97e-01  1.09e-01  6.30e-02  5.09e-02  2.64e-02  5.73e+02  1.98e+01 -1.00e+05
2016 09 19  1100   57650  39600   1.36e+00  1.73e-01  1.41e-01  9.70e-02  8.49e-02  6.04e-02  5.09e+02  1.57e+01 -1.00e+05
2016 09 19  1105   57650  39900   1.58e+00  2.38e-01  2.06e-01  1.61e-01  1.17e-01  4.46e-02  4.26e+02  1.32e+01 -1.00e+05
2016 09 19  1110   57650  40200   2.54e+00  1.39e-01  1.07e-01  6.30e-02  5.09e-02  2.64e-02  4.53e+02  2.38e+01 -1.00e+05
2016 09 19  1115   57650  40500   2.68e+00  2.71e-01  2.08e-01  8.47e-02  5.58e-02  2.64e-02  5.12e+02  2.44e+01 -1.00e+05
2016 09 19  1120   57650  40800   1.82e+00  1.39e-01  1.07e-01  6.30e-02  5.09e-02  2.64e-02  5.86e+02  2.56e+01 -1.00e+05
2016 09 19  1125   57650  41100   1.93e+00  1.58e-01  1.26e-01  8.21e-02  7.00e-02  4.55e-02  7.50e+02  3.23e+01 -1.00e+05
2016 09 19  1130   57650  41400   1.69e+00  1.73e-01  1.41e-01  9.71e-02  8.50e-02  6.05e-02  8.14e+02  3.65e+01 -1.00e+05
2016 09 19  1135   57650  41700   2.10e+00  2.37e-01  2.05e-01  9.01e-02  7.80e-02  4.13e-02  7.97e+02  3.64e+01 -1.00e+05
2016 09 19  1140   57650  42000   2.57e+00  1.58e-01  1.26e-01  8.20e-02  6.99e-02  3.25e-02  6.48e+02  3.25e+01 -1.00e+05
2016 09 19  1145   57650  42300   1.46e+00  1.55e-01  1.23e-01  7.82e-02  5.43e-02  2.64e-02  7.78e+02  4.14e+01 -1.00e+05
2016 09 19  1150   57650  42600   2.22e+00  2.61e-01  1.99e-01  7.96e-02  6.75e-02  4.30e-02  8.19e+02  4.52e+01 -1.00e+05
2016 09 19  1155   57650  42900   1.64e+00  1.39e-01  1.07e-01  6.30e-02  5.09e-02  2.64e-02  7.51e+02  4.42e+01 -1.00e+05
2016 09 19  1200   57650  43200   1.49e+00  1.39e-01  1.07e-01  6.30e-02  5.09e-02  2.64e-02  6.70e+02  4.48e+01 -1.00e+05
2016 09 19  1205   57650  43500   3.83e+00  2.97e-01  1.09e-01  6.30e-02  5.09e-02  2.64e-02  6.34e+02  4.74e+01 -1.00e+05
2016 09 19  1210   57650  43800   1.46e+00  2.17e-01  1.85e-01  6.97e-02  5.76e-02  3.31e-02  5.97e+02  4.95e+01 -1.00e+05
2016 09 19  1215   57650  44100   1.17e+00  1.95e-01  1.64e-01  1.20e-01  1.08e-01  4.46e-02  6.20e+02  4.81e+01 -1.00e+05
2016 09 19  1220   57650  44400   2.60e+00  2.38e-01  1.51e-01  9.67e-02  8.29e-02  3.65e-02  5.98e+02  4.73e+01 -1.00e+05
2016 09 19  1225   57650  44700   1.90e+00  2.40e-01  2.09e-01  9.95e-02  8.74e-02  6.29e-02  6.25e+02  5.65e+01 -1.00e+05
2016 09 19  1230   57650  45000   4.80e+00  3.62e-01  1.31e-01  8.47e-02  5.58e-02  2.64e-02  6.37e+02  6.16e+01 -1.00e+05
2016 09 19  1235   57650  45300   2.38e+00  2.12e-01  1.80e-01  6.30e-02  5.09e-02  2.64e-02  6.40e+02  4.36e+01 -1.00e+05
2016 09 19  1240   57650  45600   2.00e+00  1.83e-01  1.51e-01  6.30e-02  5.09e-02  2.64e-02  5.59e+02  3.92e+01 -1.00e+05
2016 09 19  1245   57650  45900   2.04e+00  1.88e-01  1.57e-01  1.11e-01  6.17e-02  2.64e-02  5.46e+02  3.19e+01 -1.00e+05
2016 09 19  1250   57650  46200   2.70e+00  2.79e-01  1.71e-01  1.12e-01  8.67e-02  5.83e-02  5.87e+02  3.93e+01 -1.00e+05
2016 09 19  1255   57650  46500   1.80e+00  1.41e-01  1.09e-01  6.51e-02  5.13e-02  2.64e-02  6.50e+02  5.36e+01 -1.00e+05
2016 09 19  1300   57650  46800   2.03e+00  1.83e-01  1.51e-01  6.30e-02  5.09e-02  2.64e-02  6.84e+02  4.61e+01 -1.00e+05
2016 09 19  1305   57650  47100   3.09e+00  2.26e-01  1.10e-01  6.30e-02  5.09e-02  2.64e-02  6.80e+02  4.56e+01 -1.00e+05
2016 09 19  1310   57650  47400   2.14e+00  2.00e-01  1.68e-01  8.20e-02  6.99e-02  3.25e-02  8.01e+02  6.36e+01 -1.00e+05
2016 09 19  1315   57650  47700   2.02e+00  1.39e-01  1.07e-01  6.30e-02  5.09e-02  2.64e-02  9.50e+02  7.12e+01 -1.00e+05
2016 09 19  1320   57650  48000   2.51e+00  1.68e-01  1.36e-01  9.13e-02  5.72e-02  2.64e-02  9.65e+02  7.72e+01 -1.00e+05
2016 09 19  1325   57650  48300   2.42e+00  1.43e-01  1.11e-01  6.73e-02  5.52e-02  3.07e-02  1.02e+03  9.62e+01 -1.00e+05
2016 09 19  1330   57650  48600   3.33e+00  1.76e-01  1.13e-01  6.30e-02  5.09e-02  2.64e-02  8.97e+02  8.51e+01 -1.00e+05
2016 09 19  1335   57650  48900   4.14e+00  3.57e-01  2.10e-01  1.46e-01  1.33e-01  5.58e-02  8.26e+02  7.25e+01 -1.00e+05
2016 09 19  1340   57650  49200   2.66e+00  1.61e-01  1.30e-01  8.55e-02  7.08e-02  4.55e-02  8.61e+02  7.11e+01 -1.00e+05
2016 09 19  1345   57650  49500   5.11e+00  2.51e-01  1.09e-01  6.30e-02  5.09e-02  2.64e-02  9.16e+02  7.35e+01 -1.00e+05
2016 09 19  1350   57650  49800   3.85e+00  1.76e-01  1.13e-01  6.30e-02  5.09e-02  2.64e-02  1.01e+03  7.91e+01 -1.00e+05
2016 09 19  1355   57650  50100   2.74e+00  2.31e-01  1.99e-01  8.71e-02  7.50e-02  5.05e-02  9.96e+02  7.09e+01 -1.00e+05
2016 09 19  1400   57650  50400   2.95e+00  2.70e-01  2.38e-01  1.92e-01  1.48e-01  5.46e-02  1.08e+03  7.37e+01 -1.00e+05
2016 09 19  1405   57650  50700   4.76e+00  3.14e-01  1.72e-01  1.24e-01  6.46e-02  2.64e-02  1.13e+03  8.14e+01 -1.00e+05
2016 09 19  1410   57650  51000   3.37e+00  2.13e-01  1.73e-01  1.03e-01  9.10e-02  4.72e-02  1.26e+03  8.69e+01 -1.00e+05
2016 09 19  1415   57650  51300   3.58e+00  2.56e-01  2.24e-01  8.47e-02  5.58e-02  2.64e-02  1.36e+03  9.86e+01 -1.00e+05
2016 09 19  1420   57650  51600   4.95e+00  2.57e-01  1.55e-01  9.75e-02  6.86e-02  3.05e-02  1.38e+03  9.98e+01 -1.00e+05
2016 09 19  1425   57650  51900   5.50e+00  3.66e-01  1.58e-01  1.12e-01  9.97e-02  7.52e-02  1.23e+03  9.07e+01 -1.00e+05
2016 09 19  1430   57650  52200   3.58e+00  2.36e-01  1.24e-01  6.51e-02  5.13e-02  2.64e-02  1.08e+03  7.06e+01 -1.00e+05
2016 09 19  1435   57650  52500   2.65e+00  2.78e-01  2.46e-01  1.22e-01  9.84e-02  4.05e-02  1.07e+03  6.80e+01 -1.00e+05
2016 09 19  1440   57650  52800   4.34e+00  2.34e-01  1.22e-01  6.30e-02  5.09e-02  2.64e-02  9.93e+02  7.21e+01 -1.00e+05
2016 09 19  1445   57650  53100   2.84e+00  1.39e-01  1.07e-01  6.30e-02  5.09e-02  2.64e-02  7.82e+02  4.73e+01 -1.00e+05
2016 09 19  1450   57650  53400   4.09e+00  3.13e-01  1.72e-01  1.26e-01  1.14e-01  4.66e-02  6.56e+02  3.95e+01 -1.00e+05
2016 09 19  1455   57650  53700   2.83e+00  2.20e-01  1.57e-01  1.05e-01  5.82e-02  2.64e-02  6.48e+02  3.63e+01 -1.00e+05
2016 09 19  1500   57650  54000   2.99e+00  3.35e-01  2.73e-01  7.47e-02  6.26e-02  3.81e-02  5.68e+02  2.26e+01 -1.00e+05
2016 09 19  1505   57650  54300   2.42e+00  2.11e-01  1.79e-01  1.34e-01  9.91e-02  6.78e-02  6.16e+02  2.76e+01 -1.00e+05
2016 09 19  1510   57650  54600   3.82e+00  2.34e-01  1.22e-01  6.30e-02  5.09e-02  2.64e-02  6.20e+02  3.12e+01 -1.00e+05
2016 09 19  1515   57650  54900   2.88e+00  1.63e-01  1.31e-01  8.71e-02  7.50e-02  5.05e-02  6.47e+02  3.00e+01 -1.00e+05
2016 09 19  1520   57650  55200   4.37e+00  3.46e-01  1.89e-01  1.21e-01  9.61e-02  6.78e-02  7.09e+02  3.38e+01 -1.00e+05
2016 09 19  1525   57650  55500   5.72e+00  3.25e-01  1.16e-01  6.97e-02  5.76e-02  3.31e-02  7.15e+02  3.29e+01 -1.00e+05
2016 09 19  1530   57650  55800   5.66e+00  4.61e-01  2.51e-01  1.89e-01  1.09e-01  3.85e-02  7.57e+02  3.23e+01 -1.00e+05
2016 09 19  1535   57650  56100   2.52e+00  2.12e-01  1.80e-01  6.30e-02  5.09e-02  2.64e-02  7.14e+02  3.89e+01 -1.00e+05
2016 09 19  1540   57650  56400   2.60e+00  2.60e-01  2.28e-01  1.70e-01  1.56e-01  7.65e-02  6.70e+02  2.92e+01 -1.00e+05
2016 09 19  1545   57650  56700   3.98e+00  2.71e-01  1.68e-01  1.10e-01  7.17e-02  3.18e-02  6.67e+02  3.01e+01 -1.00e+05
2016 09 19  1550   57650  57000   2.72e+00  1.75e-01  1.43e-01  9.78e-02  5.87e-02  2.64e-02  6.94e+02  3.76e+01 -1.00e+05
2016 09 19  1555   57650  57300   2.43e+00  1.39e-01  1.07e-01  6.32e-02  5.11e-02  2.64e-02  6.45e+02  3.53e+01 -1.00e+05
2016 09 19  1600   57650  57600   2.50e+00  3.03e-01  2.71e-01  7.96e-02  6.75e-02  4.30e-02  6.43e+02  2.74e+01 -1.00e+05
2016 09 19  1605   57650  57900   2.85e+00  1.68e-01  1.36e-01  9.13e-02  5.72e-02  2.64e-02  6.41e+02  2.78e+01 -1.00e+05
2016 09 19  1610   57650  58200   2.59e+00  1.95e-01  1.64e-01  1.18e-01  6.34e-02  2.64e-02  6.04e+02  2.30e+01 -1.00e+05
2016 09 19  1615   57650  58500   2.46e+00  2.57e-01  2.25e-01  1.34e-01  1.22e-01  7.72e-02  5.79e+02  2.25e+01 -1.00e+05
2016 09 19  1620   57650  58800   2.58e+00  1.63e-01  1.31e-01  8.71e-02  7.50e-02  5.05e-02  5.76e+02  2.81e+01 -1.00e+05
2016 09 19  1625   57650  59100   2.88e+00  2.50e-01  2.18e-01  1.12e-01  9.97e-02  7.52e-02  5.41e+02  2.37e+01 -1.00e+05
2016 09 19  1630   57650  59400   2.74e+00  2.10e-01  1.78e-01  1.34e-01  1.22e-01  7.91e-02  5.36e+02  2.31e+01 -1.00e+05
2016 09 19  1635   57650  59700   2.80e+00  1.53e-01  1.21e-01  7.72e-02  6.51e-02  4.06e-02  5.05e+02  1.95e+01 -1.00e+05
2016 09 19  1640   57650  60000   3.61e+00  1.85e-01  1.22e-01  7.22e-02  6.01e-02  3.56e-02  4.44e+02  1.69e+01 -1.00e+05
2016 09 19  1645   57650  60300   2.65e+00  1.55e-01  1.23e-01  7.82e-02  5.43e-02  2.64e-02  4.02e+02  1.88e+01 -1.00e+05
2016 09 19  1650   57650  60600   2.31e+00  1.87e-01  1.55e-01  1.10e-01  8.22e-02  5.30e-02  3.77e+02  1.67e+01 -1.00e+05
2016 09 19  1655   57650  60900   3.77e+00  3.00e-01  1.89e-01  1.30e-01  7.88e-02  4.30e-02  3.57e+02  1.68e+01 -1.00e+05
2016 09 19  1700   57650  61200   2.47e+00  1.39e-01  1.07e-01  6.30e-02  5.09e-02  2.64e-02  3.45e+02  1.90e+01 -1.00e+05
2016 09 19  1705   57650  61500   2.79e+00  1.39e-01  1.07e-01  6.30e-02  5.09e-02  2.64e-02  2.78e+02  1.43e+01 -1.00e+05
2016 09 19  1710   57650  61800   2.95e+00  2.75e-01  2.43e-01  1.24e-01  6.46e-02  2.64e-02  2.57e+02  6.48e+00 -1.00e+05
2016 09 19  1715   57650  62100   2.85e+00  1.82e-01  1.50e-01  1.04e-01  6.02e-02  2.64e-02  2.63e+02  5.08e+00 -1.00e+05
2016 09 19  1720   57650  62400   2.61e+00  1.39e-01  1.07e-01  6.30e-02  5.09e-02  2.64e-02  2.52e+02  4.24e+00 -1.00e+05
2016 09 19  1725   57650  62700   2.04e+00  4.15e-01  3.83e-01  1.20e-01  6.69e-02  2.85e-02  2.20e+02  1.83e+00 -1.00e+05
2016 09 19  1730   57650  63000   1.56e+00  1.39e-01  1.07e-01  6.30e-02  5.09e-02  2.64e-02  2.44e+02  5.68e+00 -1.00e+05
2016 09 19  1735   57650  63300   1.59e+00  1.68e-01  1.36e-01  9.13e-02  5.72e-02  2.64e-02  2.28e+02  4.45e+00 -1.00e+05
2016 09 19  1740   57650  63600   1.81e+00  2.33e-01  2.01e-01  1.57e-01  1.45e-01  5.67e-02  2.78e+02  5.86e+00 -1.00e+05
2016 09 19  1745   57650  63900   1.67e+00  1.63e-01  1.31e-01  8.71e-02  7.50e-02  5.05e-02  2.83e+02  6.31e+00 -1.00e+05
2016 09 19  1750   57650  64200   2.32e+00  1.76e-01  1.13e-01  6.30e-02  5.09e-02  2.64e-02  2.48e+02  4.29e+00 -1.00e+05
2016 09 19  1755   57650  64500   1.65e+00  2.33e-01  2.01e-01  1.57e-01  1.45e-01  5.67e-02  2.37e+02  5.71e+00 -1.00e+05
2016 09 19  1800   57650  64800   2.39e+00  3.36e-01  2.73e-01  7.16e-02  5.28e-02  2.64e-02  2.13e+02  9.26e-01 -1.00e+05
2016 09 19  1805   57650  65100   2.19e+00  3.27e-01  2.64e-01  6.30e-02  5.09e-02  2.64e-02  1.98e+02  2.13e+00 -1.00e+05
2016 09 19  1810   57650  65400   2.53e+00  2.49e-01  1.37e-01  7.82e-02  5.43e-02  2.64e-02  1.82e+02  3.43e+00 -1.00e+05
2016 09 19  1815   57650  65700   1.55e+00  1.39e-01  1.07e-01  6.32e-02  5.11e-02  2.64e-02  1.76e+02  1.32e+00 -1.00e+05
2016 09 19  1820   57650  66000   1.46e+00  2.90e-01  2.58e-01  6.30e-02  5.09e-02  2.64e-02  1.65e+02  1.66e+00 -1.00e+05
2016 09 19  1825   57650  66300   1.62e+00  1.39e-01  1.07e-01  6.30e-02  5.09e-02  2.64e-02  1.66e+02  3.87e+00 -1.00e+05
2016 09 19  1830   57650  66600   1.12e+00  2.31e-01  2.00e-01  1.56e-01  1.43e-01  7.25e-02  1.54e+02  1.90e+00 -1.00e+05
2016 09 19  1835   57650  66900   1.31e+00  1.43e-01  1.11e-01  6.73e-02  5.52e-02  3.07e-02  1.44e+02  6.72e-01 -1.00e+05
2016 09 19  1840   57650  67200   1.59e+00  3.41e-01  3.10e-01  1.21e-01  8.83e-02  5.79e-02  1.43e+02  1.33e-01 -1.00e+05
2016 09 19  1845   57650  67500   1.14e+00  1.83e-01  1.51e-01  6.30e-02  5.09e-02  2.64e-02  1.37e+02  2.36e+00 -1.00e+05
2016 09 19  1850   57650  67800   1.28e+00  2.90e-01  2.58e-01  6.30e-02  5.09e-02  2.64e-02  1.40e+02  2.29e+00 -1.00e+05
2016 09 19  1855   57650  68100   1.55e+00  1.48e-01  1.16e-01  7.16e-02  5.28e-02  2.64e-02  1.29e+02  2.74e+00 -1.00e+05
2016 09 19  1900   57650  68400   1.46e+00  2.41e-01  2.09e-01  9.13e-02  5.72e-02  2.64e-02  1.24e+02  9.62e-01 -1.00e+05
2016 09 19  1905   57650  68700   1.14e+00  1.75e-01  1.43e-01  9.91e-02  8.70e-02  5.44e-02  1.25e+02  1.33e-01 -1.00e+05
2016 09 19  1910   57650  69000   1.64e+00  2.01e-01  1.38e-01  8.78e-02  5.98e-02  3.07e-02  1.32e+02  7.68e-01 -1.00e+05
2016 09 19  1915   57650  69300   1.62e+00  2.34e-01  1.22e-01  6.30e-02  5.09e-02  2.64e-02  1.13e+02  1.52e+00 -1.00e+05
2016 09 19  1920   57650  69600   1.98e+00  3.27e-01  2.64e-01  6.30e-02  5.09e-02  2.64e-02  1.10e+02  3.18e-01 -1.00e+05
2016 09 19  1925   57650  69900   1.95e+00  2.47e-01  1.36e-01  7.72e-02  6.51e-02  4.06e-02  1.14e+02  1.33e-01 -1.00e+05
2016 09 19  1930   57650  70200   2.02e+00  2.34e-01  1.22e-01  6.30e-02  5.09e-02  2.64e-02  1.08e+02  1.33e-01 -1.00e+05
2016 09 19  1935   57650  70500   2.01e+00  2.26e-01  1.10e-01  6.30e-02  5.09e-02  2.64e-02  9.80e+01  1.44e+00 -1.00e+05
2016 09 19  1940   57650  70800   1.72e+00  3.03e-01  2.71e-01  1.17e-01  8.26e-02  3.45e-02  1.01e+02  1.33e-01 -1.00e+05
2016 09 19  1945   57650  71100   3.21e+00  3.06e-01  1.18e-01  7.22e-02  6.01e-02  3.56e-02  1.04e+02  6.86e-01 -1.00e+05
2016 09 19  1950   57650  71400   2.54e+00  2.34e-01  1.22e-01  6.30e-02  5.09e-02  2.64e-02  9.95e+01  1.74e+00 -1.00e+05
2016 09 19  1955   57650  71700   2.61e+00  2.34e-01  1.22e-01  6.30e-02  5.09e-02  2.64e-02  9.40e+01  2.83e+00 -1.00e+05
2016 09 19  2000   57650  72000   3.17e+00  2.53e-01  1.11e-01  6.48e-02  5.27e-02  2.82e-02  9.20e+01  9.72e-01 -1.00e+05
2016 09 19  2005   57650  72300   3.17e+00  4.00e-01  2.98e-01  1.11e-01  7.15e-02  3.05e-02  8.95e+01  1.33e-01 -1.00e+05
2016 09 19  2010   57650  72600   2.80e+00  1.78e-01  1.46e-01  1.02e-01  8.98e-02  6.53e-02  8.87e+01  1.33e-01 -1.00e+05
2016 09 19  2015   57650  72900   2.98e+00  2.90e-01  2.58e-01  6.30e-02  5.09e-02  2.64e-02  8.94e+01  1.20e+00 -1.00e+05
2016 09 19  2020   57650  73200   3.11e+00  3.09e-01  2.77e-01  8.71e-02  7.50e-02  5.05e-02  8.48e+01  1.33e-01 -1.00e+05
2016 09 19  2025   57650  73500   3.43e+00  2.14e-01  1.82e-01  7.16e-02  5.28e-02  2.64e-02  8.04e+01  1.33e-01 -1.00e+05
2016 09 19  2030   57650  73800   7.08e+00  3.13e-01  1.72e-01  1.26e-01  1.14e-01  4.66e-02  7.42e+01  1.33e-01 -1.00e+05
2016 09 19  2035   57650  74100   4.68e+00  2.29e-01  1.98e-01  9.95e-02  8.74e-02  6.29e-02  7.25e+01  1.33e-01 -1.00e+05
2016 09 19  2040   57650  74400   4.55e+00  2.87e-01  2.55e-01  1.49e-01  1.37e-01  7.05e-02  7.04e+01  1.33e-01 -1.00e+05
2016 09 19  2045   57650  74700   4.77e+00  1.39e-01  1.07e-01  6.30e-02  5.09e-02  2.64e-02  7.31e+01  1.33e-01 -1.00e+05
2016 09 19  2050   57650  75000   4.51e+00  1.68e-01  1.36e-01  9.13e-02  5.72e-02  2.64e-02  7.33e+01  3.61e-01 -1.00e+05
2016 09 19  2055   57650  75300   4.39e+00  2.23e-01  1.91e-01  1.01e-01  8.87e-02  3.85e-02  7.33e+01  1.33e-01 -1.00e+05
2016 09 19  2100   57650  75600   3.99e+00  1.93e-01  1.61e-01  1.17e-01  1.05e-01  8.02e-02  7.53e+01  1.33e-01 -1.00e+05
2016 09 19  2105   57650  75900   4.43e+00  2.11e-01  1.80e-01  1.01e-01  8.87e-02  3.85e-02  8.19e+01  1.33e-01 -1.00e+05
2016 09 19  2110   57650  76200   4.45e+00  2.70e-01  2.39e-01  1.93e-01  1.39e-01  5.06e-02  7.91e+01  1.33e-01 -1.00e+05
2016 09 19  2115   57650  76500   3.81e+00  2.04e-01  1.72e-01  7.58e-02  6.37e-02  3.05e-02  7.59e+01  1.33e-01 -1.00e+05
2016 09 19  2120   57650  76800   4.03e+00  1.58e-01  1.26e-01  8.20e-02  6.99e-02  3.25e-02  9.40e+01  1.33e-01 -1.00e+05
2016 09 19  2125   57650  77100   4.13e+00  2.58e-01  2.26e-01  1.82e-01  1.70e-01  6.47e-02  7.87e+01  1.33e-01 -1.00e+05
2016 09 19  2130   57650  77400   5.84e+00  3.08e-01  1.96e-01  6.48e-02  5.27e-02  2.82e-02  7.17e+01  4.34e-01 -1.00e+05
2016 09 19  2135   57650  77700   4.24e+00  1.48e-01  1.16e-01  7.16e-02  5.28e-02  2.64e-02  7.75e+01  1.41e-01 -1.00e+05
2016 09 19  2140   57650  78000   5.52e+00  3.25e-01  2.65e-01  7.03e-02  5.82e-02  3.16e-02  7.77e+01  1.33e-01 -1.00e+05
2016 09 19  2145   57650  78300   4.05e+00  1.75e-01  1.43e-01  9.78e-02  5.87e-02  2.64e-02  6.18e+01  1.33e-01 -1.00e+05
2016 09 19  2150   57650  78600   4.51e+00  1.76e-01  1.13e-01  6.30e-02  5.09e-02  2.64e-02  5.91e+01  1.33e-01 -1.00e+05
2016 09 19  2155   57650  78900   4.10e+00  2.07e-01  1.46e-01  9.70e-02  8.49e-02  6.04e-02  5.81e+01  1.33e-01 -1.00e+05
2016 09 19  2200   57650  79200   3.76e+00  2.13e-01  1.81e-01  7.22e-02  6.01e-02  3.56e-02  6.05e+01  1.33e-01 -1.00e+05
2016 09 19  2205   57650  79500   6.26e+00  1.55e-01  1.23e-01  7.82e-02  5.43e-02  2.64e-02  7.28e+01  1.33e-01 -1.00e+05
2016 09 19  2210   57650  79800   4.95e+00  1.48e-01  1.16e-01  7.22e-02  6.01e-02  3.56e-02  6.31e+01  2.39e-01 -1.00e+05
2016 09 19  2215   57650  80100   4.16e+00  1.55e-01  1.23e-01  7.82e-02  5.43e-02  2.64e-02  6.02e+01  5.28e-01 -1.00e+05
2016 09 19  2220   57650  80400   4.43e+00  3.65e-01  3.34e-01  1.49e-01  1.11e-01  7.90e-02  5.81e+01  1.33e-01 -1.00e+05
2016 09 19  2225   57650  80700   4.07e+00  1.68e-01  1.37e-01  9.15e-02  5.75e-02  2.64e-02  5.80e+01  9.90e-01 -1.00e+05
2016 09 19  2230   57650  81000   5.95e+00  3.49e-01  1.97e-01  6.30e-02  5.09e-02  2.64e-02  5.78e+01  1.51e+00 -1.00e+05
2016 09 19  2235   57650  81300   3.48e+00  2.14e-01  1.82e-01  6.51e-02  5.13e-02  2.64e-02  6.33e+01  1.33e-01 -1.00e+05
2016 09 19  2240   57650  81600   4.00e+00  2.12e-01  1.80e-01  6.30e-02  5.09e-02  2.64e-02  6.33e+01  1.49e+00 -1.00e+05
2016 09 19  2245   57650  81900   5.48e+00  1.89e-01  1.58e-01  1.13e-01  1.01e-01  4.26e-02  6.04e+01  1.33e-01 -1.00e+05
2016 09 19  2250   57650  82200   4.37e+00  1.41e-01  1.09e-01  6.51e-02  5.13e-02  2.64e-02  5.46e+01  1.50e+00 -1.00e+05
2016 09 19  2255   57650  82500   5.12e+00  2.12e-01  1.80e-01  6.30e-02  5.09e-02  2.64e-02  5.72e+01  1.33e-01 -1.00e+05
2016 09 19  2300   57650  82800   5.85e+00  2.37e-01  1.26e-01  6.73e-02  5.52e-02  3.07e-02  5.68e+01  1.33e-01 -1.00e+05
2016 09 19  2305   57650  83100   4.66e+00  1.82e-01  1.51e-01  1.06e-01  9.08e-02  6.53e-02  5.83e+01  1.33e-01 -1.00e+05
2016 09 19  2310   57650  83400   4.56e+00  1.39e-01  1.07e-01  6.30e-02  5.09e-02  2.64e-02  5.32e+01  1.33e-01 -1.00e+05
2016 09 19  2315   57650  83700   8.04e+00  2.34e-01  1.22e-01  6.30e-02  5.09e-02  2.64e-02  5.51e+01  2.08e+00 -1.00e+05
2016 09 19  2320   57650  84000   6.13e+00  1.76e-01  1.13e-01  6.30e-02  5.09e-02  2.64e-02  4.95e+01  3.03e-01 -1.00e+05
2016 09 19  2325   57650  84300   5.23e+00  1.48e-01  1.16e-01  7.22e-02  6.01e-02  3.56e-02  4.99e+01  2.56e-01 -1.00e+05
2016 09 19  2330   57650  84600   8.03e+00  1.59e-01  1.28e-01  8.31e-02  6.06e-02  3.31e-02  6.15e+01  1.33e-01 -1.00e+05
2016 09 19  2335   57650  84900   7.21e+00  2.23e-01  1.60e-01  1.09e-01  6.65e-02  3.31e-02  5.47e+01  1.33e-01 -1.00e+05
2016 09 19  2340   57650  85200   5.17e+00  1.56e-01  1.24e-01  7.96e-02  6.75e-02  4.30e-02  5.44e+01  1.33e-01 -1.00e+05
2016 09 19  2345   57650  85500   5.85e+00  1.64e-01  1.32e-01  8.83e-02  7.62e-02  3.45e-02  5.54e+01  1.33e-01 -1.00e+05
2016 09 19  2350   57650  85800   5.08e+00  2.72e-01  2.40e-01  1.96e-01  1.76e-01  7.89e-02  4.74e+01  1.33e-01 -1.00e+05
2016 09 19  2355   57650  86100   5.89e+00  1.76e-01  1.13e-01  6.30e-02  5.09e-02  2.64e-02  3.89e+01  1.33e-01 -1.00e+05
