:Data_list: 20160115_Gs_part_5m.txt
:Created: 2016 Jan 16 0011 UTC
# Prepared by the U.S. Dept. of Commerce, NOAA, Space Weather Prediction Center
# Please send comments and suggestions to SWPC.Webmaster@noaa.gov 
# 
# Label: P > 1 = Particles at >1 Mev
# Label: P > 5 = Particles at >5 Mev
# Label: P >10 = Particles at >10 Mev
# Label: P >30 = Particles at >30 Mev
# Label: P >50 = Particles at >50 Mev
# Label: P>100 = Particles at >100 Mev
# Label: E>0.8 = Electrons at >0.8 Mev
# Label: E>2.0 = Electrons at >2.0 Mev
# Label: E>4.0 = Electrons at >4.0 Mev
# Units: Particles = Protons/cm2-s-sr
# Units: Electrons = Electrons/cm2-s-sr
# Source: GOES-15
# Location: W135
# Missing data: -1.00e+05
#
#                      5-minute  GOES-15 Solar Particle and Electron Flux
#
#                 Modified Seconds
# UTC Date  Time   Julian  of the
# YR MO DA  HHMM    Day     Day     P > 1     P > 5     P >10     P >30     P >50     P>100     E>0.8     E>2.0     E>4.0
#-------------------------------------------------------------------------------------------------------------------------
2016 01 15  0000   57402      0   1.36e+01  1.65e-01  1.39e-01  9.66e-02  5.60e-02  3.06e-02  8.79e+04  4.16e+03 -1.00e+05
2016 01 15  0005   57402    300   1.33e+01  2.05e-01  1.79e-01  9.67e-02  8.69e-02  3.57e-02  8.79e+04  4.08e+03 -1.00e+05
2016 01 15  0010   57402    600   1.36e+01  1.27e-01  9.25e-02  5.01e-02  4.03e-02  2.07e-02  8.79e+04  4.10e+03 -1.00e+05
2016 01 15  0015   57402    900   2.04e+01  1.95e-01  9.64e-02  5.25e-02  4.27e-02  2.32e-02  8.79e+04  4.08e+03 -1.00e+05
2016 01 15  0020   57402   1200   1.31e+01  1.27e-01  9.25e-02  5.01e-02  4.03e-02  2.07e-02  8.54e+04  3.90e+03 -1.00e+05
2016 01 15  0025   57402   1500   1.27e+01  2.67e-01  2.41e-01  9.79e-02  5.68e-02  2.81e-02  8.35e+04  3.93e+03 -1.00e+05
2016 01 15  0030   57402   1800   1.28e+01  1.17e-01  9.10e-02  5.01e-02  4.03e-02  2.07e-02  8.79e+04  3.96e+03 -1.00e+05
2016 01 15  0035   57402   2100   2.91e+01  3.09e-01  9.36e-02  5.01e-02  4.03e-02  2.07e-02  8.79e+04  4.00e+03 -1.00e+05
2016 01 15  0040   57402   2400   1.33e+01  2.04e-01  1.78e-01  8.51e-02  7.53e-02  3.53e-02  8.68e+04  3.96e+03 -1.00e+05
2016 01 15  0045   57402   2700   1.29e+01  2.25e-01  1.99e-01  1.22e-01  1.12e-01  4.37e-02  8.33e+04  3.87e+03 -1.00e+05
2016 01 15  0050   57402   3000   1.21e+01  1.89e-01  1.64e-01  1.06e-01  9.39e-02  3.77e-02  8.33e+04  3.77e+03 -1.00e+05
2016 01 15  0055   57402   3300   1.24e+01  1.27e-01  9.25e-02  5.01e-02  4.03e-02  2.07e-02  8.25e+04  3.57e+03 -1.00e+05
2016 01 15  0100   57402   3600   1.12e+01  1.46e-01  1.20e-01  7.90e-02  6.93e-02  2.17e-02  7.93e+04  3.47e+03 -1.00e+05
2016 01 15  0105   57402   3900   1.54e+01  2.01e-01  1.18e-01  6.64e-02  4.40e-02  2.07e-02  7.93e+04  3.41e+03 -1.00e+05
2016 01 15  0110   57402   4200   1.12e+01  3.75e-01  3.41e-01  9.66e-02  5.60e-02  3.06e-02  7.93e+04  3.28e+03 -1.00e+05
2016 01 15  0115   57402   4500   1.02e+01  1.26e-01  1.00e-01  5.90e-02  4.93e-02  2.36e-02  7.93e+04  3.26e+03 -1.00e+05
2016 01 15  0120   57402   4800   1.00e+01  1.68e-01  1.42e-01  9.91e-02  5.14e-02  2.07e-02  7.93e+04  3.25e+03 -1.00e+05
2016 01 15  0125   57402   5100   9.73e+00  1.51e-01  1.17e-01  5.01e-02  4.03e-02  2.07e-02  7.93e+04  3.17e+03 -1.00e+05
2016 01 15  0130   57402   5400   8.46e+00  1.17e-01  9.10e-02  5.01e-02  4.03e-02  2.07e-02  7.93e+04  3.08e+03 -1.00e+05
2016 01 15  0135   57402   5700   8.63e+00  1.50e-01  1.24e-01  5.25e-02  4.27e-02  2.32e-02  7.92e+04  2.98e+03 -1.00e+05
2016 01 15  0140   57402   6000   7.88e+00  1.17e-01  9.10e-02  5.01e-02  4.03e-02  2.07e-02  7.56e+04  2.91e+03 -1.00e+05
2016 01 15  0145   57402   6300   7.87e+00  1.19e-01  9.34e-02  5.25e-02  4.27e-02  2.32e-02  7.53e+04  2.85e+03 -1.00e+05
2016 01 15  0150   57402   6600   7.01e+00  1.34e-01  1.08e-01  6.64e-02  4.40e-02  2.07e-02  7.53e+04  2.75e+03 -1.00e+05
2016 01 15  0155   57402   6900   6.72e+00  1.17e-01  9.10e-02  5.01e-02  4.03e-02  2.07e-02  7.53e+04  2.69e+03 -1.00e+05
2016 01 15  0200   57402   7200   6.60e+00  2.36e-01  2.10e-01  6.64e-02  4.40e-02  2.07e-02  7.53e+04  2.63e+03 -1.00e+05
2016 01 15  0205   57402   7500   6.20e+00  1.82e-01  1.56e-01  1.15e-01  1.06e-01  4.17e-02  7.47e+04  2.56e+03 -1.00e+05
2016 01 15  0210   57402   7800   6.00e+00  1.70e-01  1.44e-01  1.03e-01  9.32e-02  3.77e-02  7.29e+04  2.50e+03 -1.00e+05
2016 01 15  0215   57402   8100   1.00e+01  3.97e-01  2.23e-01  5.74e-02  4.77e-02  2.81e-02  7.13e+04  2.45e+03 -1.00e+05
2016 01 15  0220   57402   8400   7.13e+00  2.09e-01  1.26e-01  5.01e-02  4.03e-02  2.07e-02  7.13e+04  2.34e+03 -1.00e+05
2016 01 15  0225   57402   8700   4.67e+00  1.82e-01  1.56e-01  8.30e-02  7.26e-02  5.29e-02  7.13e+04  2.23e+03 -1.00e+05
2016 01 15  0230   57402   9000   4.40e+00  1.34e-01  1.08e-01  6.64e-02  4.40e-02  2.07e-02  7.13e+04  2.21e+03 -1.00e+05
2016 01 15  0235   57402   9300   9.60e+00  2.99e-01  1.05e-01  6.16e-02  4.48e-02  2.32e-02  7.11e+04  2.21e+03 -1.00e+05
2016 01 15  0240   57402   9600   6.20e+00  1.84e-01  1.01e-01  5.01e-02  4.03e-02  2.07e-02  7.04e+04  2.19e+03 -1.00e+05
2016 01 15  0245   57402   9900   4.25e+00  1.58e-01  1.32e-01  5.01e-02  4.03e-02  2.07e-02  6.85e+04  2.15e+03 -1.00e+05
2016 01 15  0250   57402  10200   4.22e+00  1.37e-01  1.11e-01  6.98e-02  6.01e-02  4.05e-02  6.79e+04  2.13e+03 -1.00e+05
2016 01 15  0255   57402  10500   4.64e+00  1.44e-01  1.18e-01  7.73e-02  6.75e-02  4.79e-02  6.79e+04  2.11e+03 -1.00e+05
2016 01 15  0300   57402  10800   4.15e+00  1.29e-01  1.03e-01  6.24e-02  5.26e-02  3.31e-02  6.79e+04  2.14e+03 -1.00e+05
2016 01 15  0305   57402  11100   6.91e+00  3.03e-01  1.74e-01  8.47e-02  7.49e-02  5.54e-02  6.73e+04  2.11e+03 -1.00e+05
2016 01 15  0310   57402  11400   7.97e+00  3.50e-01  1.80e-01  1.12e-01  9.57e-02  3.95e-02  6.59e+04  2.11e+03 -1.00e+05
2016 01 15  0315   57402  11700   4.61e+00  2.19e-01  1.93e-01  5.01e-02  4.03e-02  2.07e-02  6.79e+04  2.10e+03 -1.00e+05
2016 01 15  0320   57402  12000   4.62e+00  1.47e-01  1.21e-01  7.97e-02  7.00e-02  5.04e-02  6.63e+04  2.09e+03 -1.00e+05
2016 01 15  0325   57402  12300   3.94e+00  1.17e-01  9.10e-02  5.01e-02  4.03e-02  2.07e-02  6.54e+04  2.03e+03 -1.00e+05
2016 01 15  0330   57402  12600   3.86e+00  1.29e-01  1.03e-01  6.23e-02  5.00e-02  2.36e-02  6.51e+04  1.93e+03 -1.00e+05
2016 01 15  0335   57402  12900   6.69e+00  3.92e-01  2.17e-01  5.01e-02  4.03e-02  2.07e-02  6.45e+04  1.89e+03 -1.00e+05
2016 01 15  0340   57402  13200   4.30e+00  1.27e-01  9.25e-02  5.01e-02  4.03e-02  2.07e-02  6.33e+04  1.91e+03 -1.00e+05
2016 01 15  0345   57402  13500   4.23e+00  1.75e-01  1.49e-01  1.08e-01  9.79e-02  5.60e-02  6.41e+04  1.95e+03 -1.00e+05
2016 01 15  0350   57402  13800   4.00e+00  1.41e-01  1.15e-01  7.29e-02  4.55e-02  2.07e-02  6.35e+04  1.94e+03 -1.00e+05
2016 01 15  0355   57402  14100   4.26e+00  1.42e-01  1.16e-01  7.48e-02  6.50e-02  4.54e-02  6.32e+04  1.92e+03 -1.00e+05
2016 01 15  0400   57402  14400   7.23e+00  2.16e-01  1.18e-01  7.29e-02  4.55e-02  2.07e-02  6.25e+04  1.92e+03 -1.00e+05
2016 01 15  0405   57402  14700   4.92e+00  2.19e-01  1.93e-01  5.01e-02  4.03e-02  2.07e-02  6.19e+04  1.94e+03 -1.00e+05
2016 01 15  0410   57402  15000   4.51e+00  1.17e-01  9.10e-02  5.01e-02  4.03e-02  2.07e-02  6.23e+04  1.92e+03 -1.00e+05
2016 01 15  0415   57402  15300   5.98e+00  2.09e-01  1.26e-01  5.01e-02  4.03e-02  2.07e-02  5.99e+04  1.83e+03 -1.00e+05
2016 01 15  0420   57402  15600   4.00e+00  1.47e-01  1.21e-01  5.01e-02  4.03e-02  2.07e-02  5.96e+04  1.73e+03 -1.00e+05
2016 01 15  0425   57402  15900   3.90e+00  1.34e-01  1.08e-01  6.74e-02  5.76e-02  3.80e-02  5.96e+04  1.75e+03 -1.00e+05
2016 01 15  0430   57402  16200   3.94e+00  2.51e-01  2.25e-01  8.96e-02  7.99e-02  6.03e-02  5.99e+04  1.79e+03 -1.00e+05
2016 01 15  0435   57402  16500   3.93e+00  1.92e-01  1.66e-01  1.25e-01  1.15e-01  5.65e-02  5.99e+04  1.80e+03 -1.00e+05
2016 01 15  0440   57402  16800   4.14e+00  1.17e-01  9.10e-02  5.01e-02  4.03e-02  2.07e-02  5.67e+04  1.65e+03 -1.00e+05
2016 01 15  0445   57402  17100   8.83e+00  3.04e-01  1.11e-01  6.77e-02  5.80e-02  3.84e-02  5.53e+04  1.57e+03 -1.00e+05
2016 01 15  0450   57402  17400   7.17e+00  2.19e-01  9.39e-02  5.01e-02  4.03e-02  2.07e-02  5.34e+04  1.50e+03 -1.00e+05
2016 01 15  0455   57402  17700   5.19e+00  2.37e-01  2.06e-01  7.09e-02  6.11e-02  4.16e-02  5.48e+04  1.53e+03 -1.00e+05
2016 01 15  0500   57402  18000   9.12e+00  2.94e-01  1.24e-01  5.01e-02  4.03e-02  2.07e-02  5.67e+04  1.64e+03 -1.00e+05
2016 01 15  0505   57402  18300   8.61e+00  2.31e-01  1.06e-01  6.24e-02  5.26e-02  3.31e-02  5.76e+04  1.74e+03 -1.00e+05
2016 01 15  0510   57402  18600   5.05e+00  1.68e-01  1.42e-01  5.01e-02  4.03e-02  2.07e-02  5.76e+04  1.75e+03 -1.00e+05
2016 01 15  0515   57402  18900   5.00e+00  1.57e-01  1.31e-01  8.87e-02  4.61e-02  2.07e-02  5.88e+04  1.80e+03 -1.00e+05
2016 01 15  0520   57402  19200   9.20e+00  2.89e-01  1.18e-01  7.47e-02  6.49e-02  4.54e-02  5.95e+04  1.85e+03 -1.00e+05
2016 01 15  0525   57402  19500   8.83e+00  2.56e-01  1.12e-01  6.85e-02  5.63e-02  2.56e-02  5.99e+04  1.84e+03 -1.00e+05
2016 01 15  0530   57402  19800   4.78e+00  1.47e-01  1.21e-01  5.01e-02  4.03e-02  2.07e-02  5.99e+04  1.87e+03 -1.00e+05
2016 01 15  0535   57402  20100   4.77e+00  1.17e-01  9.10e-02  5.01e-02  4.03e-02  2.07e-02  5.96e+04  1.87e+03 -1.00e+05
2016 01 15  0540   57402  20400   8.40e+00  2.19e-01  9.39e-02  5.01e-02  4.03e-02  2.07e-02  6.20e+04  1.92e+03 -1.00e+05
2016 01 15  0545   57402  20700   4.33e+00  1.22e-01  9.59e-02  5.50e-02  4.52e-02  2.56e-02  6.09e+04  1.90e+03 -1.00e+05
2016 01 15  0550   57402  21000   4.34e+00  1.17e-01  9.10e-02  5.01e-02  4.03e-02  2.07e-02  5.99e+04  1.89e+03 -1.00e+05
2016 01 15  0555   57402  21300   4.60e+00  1.42e-01  1.16e-01  7.53e-02  6.56e-02  4.23e-02  6.08e+04  1.91e+03 -1.00e+05
2016 01 15  0600   57402  21600   4.97e+00  1.59e-01  1.33e-01  7.05e-02  5.64e-02  3.55e-02  6.26e+04  1.95e+03 -1.00e+05
2016 01 15  0605   57402  21900   9.39e+00  2.72e-01  1.03e-01  5.90e-02  4.93e-02  2.36e-02  6.16e+04  1.96e+03 -1.00e+05
2016 01 15  0610   57402  22200   6.67e+00  1.84e-01  1.01e-01  5.01e-02  4.03e-02  2.07e-02  6.16e+04  1.95e+03 -1.00e+05
2016 01 15  0615   57402  22500   4.99e+00  1.95e-01  1.61e-01  9.26e-02  4.99e-02  2.07e-02  5.99e+04  1.96e+03 -1.00e+05
2016 01 15  0620   57402  22800   8.50e+00  4.02e-01  2.27e-01  5.98e-02  4.25e-02  2.07e-02  5.99e+04  1.92e+03 -1.00e+05
2016 01 15  0625   57402  23100   4.32e+00  1.47e-01  1.21e-01  7.97e-02  7.00e-02  5.04e-02  5.99e+04  1.90e+03 -1.00e+05
2016 01 15  0630   57402  23400   4.53e+00  1.27e-01  1.01e-01  6.04e-02  5.07e-02  2.91e-02  6.01e+04  1.92e+03 -1.00e+05
2016 01 15  0635   57402  23700   5.67e+00  2.09e-01  1.26e-01  5.01e-02  4.03e-02  2.07e-02  6.07e+04  1.92e+03 -1.00e+05
2016 01 15  0640   57402  24000   4.45e+00  1.38e-01  1.05e-01  6.24e-02  5.26e-02  3.31e-02  5.99e+04  1.89e+03 -1.00e+05
2016 01 15  0645   57402  24300   5.87e+00  2.36e-01  1.24e-01  5.01e-02  4.03e-02  2.07e-02  5.99e+04  1.89e+03 -1.00e+05
2016 01 15  0650   57402  24600   7.35e+00  2.19e-01  9.39e-02  5.01e-02  4.03e-02  2.07e-02  5.89e+04  1.84e+03 -1.00e+05
2016 01 15  0655   57402  24900   8.05e+00  3.67e-01  1.39e-01  9.51e-02  8.53e-02  5.20e-02  5.82e+04  1.82e+03 -1.00e+05
2016 01 15  0700   57402  25200   7.50e+00  2.64e-01  1.28e-01  8.41e-02  7.44e-02  3.17e-02  5.61e+04  1.69e+03 -1.00e+05
2016 01 15  0705   57402  25500   4.15e+00  1.64e-01  1.38e-01  6.74e-02  5.76e-02  3.80e-02  5.48e+04  1.67e+03 -1.00e+05
2016 01 15  0710   57402  25800   4.19e+00  2.87e-01  2.61e-01  1.28e-01  9.63e-02  7.02e-02  5.53e+04  1.63e+03 -1.00e+05
2016 01 15  0715   57402  26100   3.54e+00  1.34e-01  1.08e-01  6.64e-02  4.40e-02  2.07e-02  5.46e+04  1.60e+03 -1.00e+05
2016 01 15  0720   57402  26400   4.73e+00  2.38e-01  1.70e-01  1.20e-01  7.32e-02  2.94e-02  5.45e+04  1.54e+03 -1.00e+05
2016 01 15  0725   57402  26700   3.56e+00  1.27e-01  9.25e-02  5.01e-02  4.03e-02  2.07e-02  5.20e+04  1.51e+03 -1.00e+05
2016 01 15  0730   57402  27000   3.34e+00  1.27e-01  9.25e-02  5.01e-02  4.03e-02  2.07e-02  5.19e+04  1.49e+03 -1.00e+05
2016 01 15  0735   57402  27300   2.65e+00  1.41e-01  1.15e-01  5.01e-02  4.03e-02  2.07e-02  5.17e+04  1.43e+03 -1.00e+05
2016 01 15  0740   57402  27600   2.40e+00  1.60e-01  1.34e-01  9.11e-02  4.61e-02  2.07e-02  4.95e+04  1.43e+03 -1.00e+05
2016 01 15  0745   57402  27900   3.00e+00  1.91e-01  1.09e-01  5.74e-02  4.77e-02  2.81e-02  4.87e+04  1.36e+03 -1.00e+05
2016 01 15  0750   57402  28200   3.70e+00  2.94e-01  1.24e-01  5.01e-02  4.03e-02  2.07e-02  4.66e+04  1.22e+03 -1.00e+05
2016 01 15  0755   57402  28500   1.92e+00  1.54e-01  1.28e-01  8.59e-02  4.61e-02  2.07e-02  4.43e+04  1.15e+03 -1.00e+05
2016 01 15  0800   57402  28800   1.95e+00  1.17e-01  9.10e-02  5.01e-02  4.03e-02  2.07e-02  4.40e+04  1.13e+03 -1.00e+05
2016 01 15  0805   57402  29100   3.03e+00  2.66e-01  1.42e-01  9.73e-02  7.01e-02  4.54e-02  4.29e+04  1.07e+03 -1.00e+05
2016 01 15  0810   57402  29400   1.75e+00  2.19e-01  1.93e-01  5.01e-02  4.03e-02  2.07e-02  4.19e+04  1.05e+03 -1.00e+05
2016 01 15  0815   57402  29700   1.95e+00  2.55e-01  1.73e-01  6.24e-02  5.26e-02  3.31e-02  4.16e+04  1.02e+03 -1.00e+05
2016 01 15  0820   57402  30000   1.58e+00  1.59e-01  1.33e-01  6.53e-02  5.56e-02  2.56e-02  4.16e+04  1.02e+03 -1.00e+05
2016 01 15  0825   57402  30300   1.37e+00  1.76e-01  1.50e-01  1.09e-01  9.94e-02  3.97e-02  4.16e+04  1.00e+03 -1.00e+05
2016 01 15  0830   57402  30600   2.29e+00  2.55e-01  1.45e-01  1.00e-01  7.80e-02  3.17e-02  4.23e+04  1.04e+03 -1.00e+05
2016 01 15  0835   57402  30900   1.33e+00  2.14e-01  1.88e-01  1.47e-01  1.37e-01  5.18e-02  4.24e+04  1.03e+03 -1.00e+05
2016 01 15  0840   57402  31200   1.62e+00  1.95e-01  1.69e-01  1.28e-01  1.18e-01  4.58e-02  4.43e+04  1.12e+03 -1.00e+05
2016 01 15  0845   57402  31500   1.49e+00  1.31e-01  1.05e-01  6.34e-02  4.71e-02  2.56e-02  4.39e+04  1.12e+03 -1.00e+05
2016 01 15  0850   57402  31800   2.56e+00  2.19e-01  9.39e-02  5.01e-02  4.03e-02  2.07e-02  4.40e+04  1.13e+03 -1.00e+05
2016 01 15  0855   57402  32100   1.42e+00  1.95e-01  1.69e-01  8.41e-02  7.44e-02  3.17e-02  4.27e+04  1.09e+03 -1.00e+05
2016 01 15  0900   57402  32400   2.22e+00  1.84e-01  1.01e-01  5.01e-02  4.03e-02  2.07e-02  4.40e+04  1.11e+03 -1.00e+05
2016 01 15  0905   57402  32700   3.00e+00  2.94e-01  1.24e-01  5.01e-02  4.03e-02  2.07e-02  4.40e+04  1.12e+03 -1.00e+05
2016 01 15  0910   57402  33000   2.00e+00  2.09e-01  1.26e-01  5.01e-02  4.03e-02  2.07e-02  4.44e+04  1.13e+03 -1.00e+05
2016 01 15  0915   57402  33300   3.66e+00  3.70e-01  1.25e-01  5.25e-02  4.27e-02  2.32e-02  4.60e+04  1.15e+03 -1.00e+05
2016 01 15  0920   57402  33600   1.82e+00  2.87e-01  2.61e-01  2.19e-01  1.72e-01  7.61e-02  4.57e+04  1.17e+03 -1.00e+05
2016 01 15  0925   57402  33900   1.73e+00  1.92e-01  1.66e-01  9.91e-02  5.14e-02  2.07e-02  4.40e+04  1.17e+03 -1.00e+05
2016 01 15  0930   57402  34200   1.80e+00  2.63e-01  2.29e-01  7.29e-02  4.55e-02  2.07e-02  4.40e+04  1.20e+03 -1.00e+05
2016 01 15  0935   57402  34500   1.56e+00  1.45e-01  1.19e-01  7.78e-02  6.81e-02  2.97e-02  4.40e+04  1.19e+03 -1.00e+05
2016 01 15  0940   57402  34800   2.98e+00  2.80e-01  1.42e-01  7.48e-02  6.50e-02  4.54e-02  4.40e+04  1.13e+03 -1.00e+05
2016 01 15  0945   57402  35100   1.56e+00  1.52e-01  1.26e-01  8.48e-02  7.50e-02  5.54e-02  4.40e+04  1.15e+03 -1.00e+05
2016 01 15  0950   57402  35400   1.55e+00  1.39e-01  1.13e-01  7.24e-02  6.27e-02  4.31e-02  4.40e+04  1.21e+03 -1.00e+05
2016 01 15  0955   57402  35700   1.68e+00  1.92e-01  1.60e-01  1.17e-01  8.16e-02  5.45e-02  4.40e+04  1.22e+03 -1.00e+05
2016 01 15  1000   57402  36000   2.24e+00  1.96e-01  9.73e-02  5.33e-02  4.10e-02  2.07e-02  4.40e+04  1.23e+03 -1.00e+05
2016 01 15  1005   57402  36300   2.62e+00  2.61e-01  1.32e-01  7.24e-02  6.27e-02  4.31e-02  4.40e+04  1.24e+03 -1.00e+05
2016 01 15  1010   57402  36600   1.54e+00  1.70e-01  1.44e-01  1.03e-01  9.36e-02  3.95e-02  4.48e+04  1.27e+03 -1.00e+05
2016 01 15  1015   57402  36900   1.70e+00  2.20e-01  1.94e-01  1.52e-01  1.09e-01  3.97e-02  4.49e+04  1.27e+03 -1.00e+05
2016 01 15  1020   57402  37200   3.48e+00  2.66e-01  9.38e-02  5.01e-02  4.03e-02  2.07e-02  4.66e+04  1.30e+03 -1.00e+05
2016 01 15  1025   57402  37500   2.37e+00  1.84e-01  1.01e-01  5.01e-02  4.03e-02  2.07e-02  4.61e+04  1.28e+03 -1.00e+05
2016 01 15  1030   57402  37800   1.90e+00  1.98e-01  1.73e-01  7.39e-02  5.94e-02  3.84e-02  4.60e+04  1.29e+03 -1.00e+05
2016 01 15  1035   57402  38100   1.68e+00  1.58e-01  1.32e-01  5.01e-02  4.03e-02  2.07e-02  4.48e+04  1.27e+03 -1.00e+05
2016 01 15  1040   57402  38400   1.51e+00  1.41e-01  1.15e-01  5.01e-02  4.03e-02  2.07e-02  4.52e+04  1.29e+03 -1.00e+05
2016 01 15  1045   57402  38700   1.79e+00  1.27e-01  9.25e-02  5.01e-02  4.03e-02  2.07e-02  4.45e+04  1.25e+03 -1.00e+05
2016 01 15  1050   57402  39000   1.83e+00  1.52e-01  1.21e-01  7.88e-02  6.91e-02  4.95e-02  4.40e+04  1.24e+03 -1.00e+05
2016 01 15  1055   57402  39300   1.60e+00  2.24e-01  1.98e-01  8.36e-02  5.93e-02  3.55e-02  4.66e+04  1.32e+03 -1.00e+05
2016 01 15  1100   57402  39600   1.74e+00  1.87e-01  1.61e-01  1.08e-01  8.64e-02  6.34e-02  4.66e+04  1.34e+03 -1.00e+05
2016 01 15  1105   57402  39900   2.58e+00  2.05e-01  1.23e-01  7.23e-02  6.26e-02  4.30e-02  4.69e+04  1.41e+03 -1.00e+05
2016 01 15  1110   57402  40200   2.10e+00  2.60e-01  2.34e-01  1.09e-01  9.94e-02  3.97e-02  4.92e+04  1.44e+03 -1.00e+05
2016 01 15  1115   57402  40500   3.35e+00  3.40e-01  2.40e-01  1.95e-01  1.23e-01  3.97e-02  4.93e+04  1.48e+03 -1.00e+05
2016 01 15  1120   57402  40800   3.54e+00  2.19e-01  9.39e-02  5.01e-02  4.03e-02  2.07e-02  4.93e+04  1.47e+03 -1.00e+05
2016 01 15  1125   57402  41100   2.06e+00  1.28e-01  1.02e-01  6.09e-02  5.12e-02  3.09e-02  4.93e+04  1.55e+03 -1.00e+05
2016 01 15  1130   57402  41400   3.61e+00  3.00e-01  1.61e-01  1.17e-01  1.07e-01  7.30e-02  4.94e+04  1.57e+03 -1.00e+05
2016 01 15  1135   57402  41700   2.10e+00  1.41e-01  1.15e-01  7.39e-02  6.42e-02  3.68e-02  5.11e+04  1.61e+03 -1.00e+05
2016 01 15  1140   57402  42000   2.16e+00  1.26e-01  1.00e-01  5.90e-02  4.93e-02  2.36e-02  5.13e+04  1.61e+03 -1.00e+05
2016 01 15  1145   57402  42300   2.08e+00  1.54e-01  1.28e-01  8.59e-02  4.61e-02  2.07e-02  5.16e+04  1.59e+03 -1.00e+05
2016 01 15  1150   57402  42600   3.80e+00  2.77e-01  1.28e-01  8.47e-02  7.49e-02  5.54e-02  4.96e+04  1.60e+03 -1.00e+05
2016 01 15  1155   57402  42900   2.41e+00  1.56e-01  1.30e-01  8.82e-02  6.07e-02  2.56e-02  4.93e+04  1.58e+03 -1.00e+05
2016 01 15  1200   57402  43200   4.01e+00  2.92e-01  1.52e-01  8.01e-02  5.47e-02  3.06e-02  5.05e+04  1.66e+03 -1.00e+05
2016 01 15  1205   57402  43500   2.48e+00  1.73e-01  1.39e-01  9.46e-02  5.10e-02  2.56e-02  5.13e+04  1.63e+03 -1.00e+05
2016 01 15  1210   57402  43800   2.20e+00  2.23e-01  1.97e-01  5.33e-02  4.10e-02  2.07e-02  5.13e+04  1.63e+03 -1.00e+05
2016 01 15  1215   57402  44100   2.19e+00  1.65e-01  1.39e-01  9.07e-02  8.09e-02  5.73e-02  5.19e+04  1.66e+03 -1.00e+05
2016 01 15  1220   57402  44400   3.06e+00  1.96e-01  1.13e-01  6.24e-02  5.26e-02  3.31e-02  5.19e+04  1.70e+03 -1.00e+05
2016 01 15  1225   57402  44700   2.45e+00  1.69e-01  1.35e-01  5.33e-02  4.10e-02  2.07e-02  5.41e+04  1.74e+03 -1.00e+05
2016 01 15  1230   57402  45000   2.48e+00  1.82e-01  1.56e-01  1.15e-01  1.05e-01  8.06e-02  5.46e+04  1.72e+03 -1.00e+05
2016 01 15  1235   57402  45300   4.73e+00  5.15e-01  2.49e-01  9.24e-02  7.70e-02  5.57e-02  5.46e+04  1.75e+03 -1.00e+05
2016 01 15  1240   57402  45600   2.28e+00  1.69e-01  1.43e-01  1.01e-01  6.37e-02  2.56e-02  5.47e+04  1.80e+03 -1.00e+05
2016 01 15  1245   57402  45900   2.45e+00  1.41e-01  1.15e-01  5.01e-02  4.03e-02  2.07e-02  5.63e+04  1.85e+03 -1.00e+05
2016 01 15  1250   57402  46200   3.33e+00  2.45e-01  1.76e-01  8.09e-02  6.47e-02  3.13e-02  5.71e+04  1.88e+03 -1.00e+05
2016 01 15  1255   57402  46500   2.63e+00  1.94e-01  1.68e-01  1.27e-01  1.06e-01  6.63e-02  5.56e+04  1.86e+03 -1.00e+05
2016 01 15  1300   57402  46800   4.70e+00  3.01e-01  1.33e-01  6.24e-02  5.26e-02  3.31e-02  5.73e+04  1.94e+03 -1.00e+05
2016 01 15  1305   57402  47100   3.43e+00  2.73e-01  1.97e-01  5.90e-02  4.93e-02  2.36e-02  5.73e+04  2.03e+03 -1.00e+05
2016 01 15  1310   57402  47400   2.76e+00  1.61e-01  1.36e-01  9.46e-02  8.48e-02  6.53e-02  5.78e+04  2.05e+03 -1.00e+05
2016 01 15  1315   57402  47700   2.82e+00  1.60e-01  1.34e-01  5.28e-02  4.30e-02  2.16e-02  5.99e+04  2.20e+03 -1.00e+05
2016 01 15  1320   57402  48000   3.22e+00  2.41e-01  2.15e-01  7.59e-02  6.34e-02  4.30e-02  6.12e+04  2.20e+03 -1.00e+05
2016 01 15  1325   57402  48300   2.98e+00  1.42e-01  1.16e-01  7.47e-02  4.77e-02  2.32e-02  6.26e+04  2.28e+03 -1.00e+05
2016 01 15  1330   57402  48600   3.28e+00  1.19e-01  9.34e-02  5.25e-02  4.27e-02  2.32e-02  6.26e+04  2.36e+03 -1.00e+05
2016 01 15  1335   57402  48900   3.91e+00  1.52e-01  1.19e-01  7.73e-02  6.75e-02  4.79e-02  6.26e+04  2.45e+03 -1.00e+05
2016 01 15  1340   57402  49200   3.43e+00  1.46e-01  1.20e-01  7.89e-02  6.89e-02  4.92e-02  6.34e+04  2.43e+03 -1.00e+05
2016 01 15  1345   57402  49500   6.28e+00  4.07e-01  2.72e-01  1.10e-01  7.31e-02  4.54e-02  6.52e+04  2.54e+03 -1.00e+05
2016 01 15  1350   57402  49800   4.07e+00  2.53e-01  2.27e-01  1.86e-01  1.65e-01  7.98e-02  6.50e+04  2.57e+03 -1.00e+05
2016 01 15  1355   57402  50100   6.12e+00  2.53e-01  1.73e-01  1.09e-01  9.19e-02  7.02e-02  6.57e+04  2.73e+03 -1.00e+05
2016 01 15  1400   57402  50400   4.51e+00  1.51e-01  1.25e-01  5.98e-02  4.25e-02  2.07e-02  6.79e+04  2.82e+03 -1.00e+05
2016 01 15  1405   57402  50700   4.84e+00  2.88e-01  2.63e-01  2.19e-01  1.39e-01  4.37e-02  6.79e+04  2.86e+03 -1.00e+05
2016 01 15  1410   57402  51000   1.23e+01  6.65e-01  1.99e-01  5.99e-02  5.02e-02  3.06e-02  6.79e+04  2.92e+03 -1.00e+05
2016 01 15  1415   57402  51300   4.95e+00  1.36e-01  1.02e-01  5.99e-02  5.02e-02  3.06e-02  6.79e+04  2.89e+03 -1.00e+05
2016 01 15  1420   57402  51600   6.55e+00  2.09e-01  1.26e-01  5.01e-02  4.03e-02  2.07e-02  6.79e+04  2.85e+03 -1.00e+05
2016 01 15  1425   57402  51900   4.64e+00  1.33e-01  1.07e-01  6.58e-02  5.60e-02  2.74e-02  6.79e+04  2.86e+03 -1.00e+05
2016 01 15  1430   57402  52200   4.86e+00  2.06e-01  1.80e-01  7.97e-02  7.00e-02  5.04e-02  6.79e+04  2.82e+03 -1.00e+05
2016 01 15  1435   57402  52500   7.85e+00  2.43e-01  1.45e-01  9.91e-02  5.14e-02  2.07e-02  6.79e+04  2.83e+03 -1.00e+05
2016 01 15  1440   57402  52800   8.50e+00  2.37e-01  1.25e-01  5.25e-02  4.27e-02  2.32e-02  6.79e+04  2.89e+03 -1.00e+05
2016 01 15  1445   57402  53100   5.58e+00  2.29e-01  2.03e-01  1.61e-01  1.43e-01  6.64e-02  7.01e+04  2.97e+03 -1.00e+05
2016 01 15  1450   57402  53400   8.84e+00  2.74e-01  1.44e-01  8.48e-02  7.50e-02  5.54e-02  7.13e+04  3.07e+03 -1.00e+05
2016 01 15  1455   57402  53700   5.88e+00  1.41e-01  1.15e-01  5.01e-02  4.03e-02  2.07e-02  7.13e+04  3.25e+03 -1.00e+05
2016 01 15  1500   57402  54000   6.30e+00  1.41e-01  1.15e-01  7.35e-02  5.32e-02  3.06e-02  7.19e+04  3.28e+03 -1.00e+05
2016 01 15  1505   57402  54300   6.50e+00  1.90e-01  1.64e-01  7.23e-02  6.26e-02  4.30e-02  7.52e+04  3.36e+03 -1.00e+05
2016 01 15  1510   57402  54600   8.09e+00  2.44e-01  1.75e-01  1.25e-01  7.44e-02  3.13e-02  7.51e+04  3.34e+03 -1.00e+05
2016 01 15  1515   57402  54900   6.44e+00  1.17e-01  9.10e-02  5.01e-02  4.03e-02  2.07e-02  7.53e+04  3.44e+03 -1.00e+05
2016 01 15  1520   57402  55200   6.63e+00  2.05e-01  1.79e-01  1.38e-01  1.20e-01  4.58e-02  7.53e+04  3.47e+03 -1.00e+05
2016 01 15  1525   57402  55500   5.95e+00  2.01e-01  1.75e-01  1.33e-01  9.02e-02  3.37e-02  7.53e+04  3.49e+03 -1.00e+05
2016 01 15  1530   57402  55800   6.81e+00  1.27e-01  9.25e-02  5.01e-02  4.03e-02  2.07e-02  7.53e+04  3.46e+03 -1.00e+05
2016 01 15  1535   57402  56100   8.41e+00  3.10e-01  2.34e-01  9.50e-02  5.74e-02  2.36e-02  7.53e+04  3.46e+03 -1.00e+05
2016 01 15  1540   57402  56400   6.35e+00  2.64e-01  2.38e-01  1.95e-01  1.49e-01  5.54e-02  7.53e+04  3.47e+03 -1.00e+05
2016 01 15  1545   57402  56700   6.82e+00  1.71e-01  1.45e-01  1.03e-01  6.38e-02  3.55e-02  7.53e+04  3.53e+03 -1.00e+05
2016 01 15  1550   57402  57000   6.89e+00  1.42e-01  1.16e-01  7.48e-02  6.50e-02  4.54e-02  7.53e+04  3.54e+03 -1.00e+05
2016 01 15  1555   57402  57300   1.12e+01  2.65e-01  1.55e-01  8.54e-02  6.17e-02  3.80e-02  7.53e+04  3.62e+03 -1.00e+05
2016 01 15  1600   57402  57600   7.11e+00  1.98e-01  1.72e-01  1.30e-01  9.43e-02  5.75e-02  7.53e+04  3.61e+03 -1.00e+05
2016 01 15  1605   57402  57900   7.37e+00  2.14e-01  1.88e-01  1.31e-01  9.31e-02  6.53e-02  7.53e+04  3.65e+03 -1.00e+05
2016 01 15  1610   57402  58200   1.44e+01  2.66e-01  9.38e-02  5.01e-02  4.03e-02  2.07e-02  7.53e+04  3.66e+03 -1.00e+05
2016 01 15  1615   57402  58500   7.33e+00  1.17e-01  9.10e-02  5.01e-02  4.03e-02  2.07e-02  7.80e+04  3.75e+03 -1.00e+05
2016 01 15  1620   57402  58800   1.18e+01  2.97e-01  1.68e-01  1.09e-01  9.19e-02  7.02e-02  7.53e+04  3.64e+03 -1.00e+05
2016 01 15  1625   57402  59100   8.71e+00  1.22e-01  9.59e-02  5.50e-02  4.52e-02  2.56e-02  7.90e+04  3.91e+03 -1.00e+05
2016 01 15  1630   57402  59400   9.37e+00  1.60e-01  1.34e-01  9.20e-02  6.31e-02  3.80e-02  7.88e+04  4.01e+03 -1.00e+05
2016 01 15  1635   57402  59700   9.59e+00  1.56e-01  1.30e-01  8.82e-02  6.07e-02  2.56e-02  8.04e+04  4.12e+03 -1.00e+05
2016 01 15  1640   57402  60000   9.93e+00  1.71e-01  1.45e-01  1.03e-01  8.49e-02  6.28e-02  8.05e+04  4.21e+03 -1.00e+05
2016 01 15  1645   57402  60300   1.94e+01  2.56e-01  1.15e-01  7.16e-02  6.18e-02  2.76e-02  7.94e+04  4.21e+03 -1.00e+05
2016 01 15  1650   57402  60600   1.01e+01  2.22e-01  1.96e-01  7.39e-02  6.42e-02  3.68e-02  8.03e+04  4.22e+03 -1.00e+05
2016 01 15  1655   57402  60900   1.51e+01  2.61e-01  1.81e-01  8.96e-02  7.99e-02  6.03e-02  8.09e+04  4.25e+03 -1.00e+05
2016 01 15  1700   57402  61200   1.13e+01  1.78e-01  1.52e-01  1.11e-01  1.01e-01  4.70e-02  8.33e+04  4.44e+03 -1.00e+05
2016 01 15  1705   57402  61500   1.16e+01  1.34e-01  1.08e-01  6.74e-02  5.76e-02  3.80e-02  8.33e+04  4.54e+03 -1.00e+05
2016 01 15  1710   57402  61800   1.13e+01  1.38e-01  1.13e-01  7.16e-02  6.18e-02  2.76e-02  8.33e+04  4.52e+03 -1.00e+05
2016 01 15  1715   57402  62100   1.15e+01  1.47e-01  1.19e-01  6.72e-02  5.74e-02  3.29e-02  8.33e+04  4.49e+03 -1.00e+05
2016 01 15  1720   57402  62400   1.14e+01  1.80e-01  1.54e-01  7.78e-02  6.81e-02  2.97e-02  8.33e+04  4.44e+03 -1.00e+05
2016 01 15  1725   57402  62700   1.19e+01  1.20e-01  9.37e-02  5.28e-02  4.30e-02  2.16e-02  8.33e+04  4.55e+03 -1.00e+05
2016 01 15  1730   57402  63000   1.72e+01  1.98e-01  1.16e-01  6.49e-02  5.51e-02  3.55e-02  8.33e+04  4.64e+03 -1.00e+05
2016 01 15  1735   57402  63300   1.57e+01  2.99e-01  2.44e-01  1.96e-01  1.48e-01  5.18e-02  8.34e+04  4.66e+03 -1.00e+05
2016 01 15  1740   57402  63600   2.39e+01  4.92e-01  2.54e-01  9.26e-02  7.10e-02  4.79e-02  8.37e+04  4.70e+03 -1.00e+05
2016 01 15  1745   57402  63900   1.66e+01  2.53e-01  1.70e-01  9.26e-02  4.99e-02  2.07e-02  8.40e+04  4.68e+03 -1.00e+05
2016 01 15  1750   57402  64200   1.26e+01  1.38e-01  1.13e-01  7.16e-02  6.18e-02  2.76e-02  8.72e+04  4.74e+03 -1.00e+05
2016 01 15  1755   57402  64500   1.26e+01  1.66e-01  1.40e-01  9.86e-02  8.50e-02  4.65e-02  8.79e+04  4.76e+03 -1.00e+05
2016 01 15  1800   57402  64800   2.33e+01  2.84e-01  1.36e-01  9.21e-02  8.24e-02  6.28e-02  8.79e+04  4.81e+03 -1.00e+05
2016 01 15  1805   57402  65100   1.27e+01  1.40e-01  1.14e-01  7.30e-02  6.32e-02  3.31e-02  8.79e+04  4.84e+03 -1.00e+05
2016 01 15  1810   57402  65400   1.21e+01  1.45e-01  1.19e-01  5.33e-02  4.10e-02  2.07e-02  8.79e+04  4.81e+03 -1.00e+05
2016 01 15  1815   57402  65700   1.19e+01  2.28e-01  2.02e-01  8.16e-02  7.19e-02  4.43e-02  8.75e+04  4.74e+03 -1.00e+05
2016 01 15  1820   57402  66000   1.18e+01  1.41e-01  1.15e-01  7.29e-02  4.55e-02  2.07e-02  8.74e+04  4.68e+03 -1.00e+05
2016 01 15  1825   57402  66300   1.60e+01  2.38e-01  1.68e-01  1.18e-01  8.56e-02  5.00e-02  8.70e+04  4.67e+03 -1.00e+05
2016 01 15  1830   57402  66600   1.25e+01  1.51e-01  1.17e-01  5.01e-02  4.03e-02  2.07e-02  8.60e+04  4.69e+03 -1.00e+05
2016 01 15  1835   57402  66900   1.58e+01  2.10e-01  1.35e-01  8.33e-02  6.47e-02  4.28e-02  8.56e+04  4.65e+03 -1.00e+05
2016 01 15  1840   57402  67200   2.12e+01  4.52e-01  2.22e-01  7.32e-02  5.86e-02  3.78e-02  8.33e+04  4.44e+03 -1.00e+05
2016 01 15  1845   57402  67500   1.06e+01  1.62e-01  1.36e-01  5.43e-02  4.10e-02  2.06e-02  8.33e+04  4.30e+03 -1.00e+05
2016 01 15  1850   57402  67800   9.87e+00  1.19e-01  9.23e-02  4.96e-02  4.00e-02  2.06e-02  8.33e+04  4.26e+03 -1.00e+05
2016 01 15  1855   57402  68100   1.05e+01  1.44e-01  1.18e-01  7.32e-02  6.25e-02  4.29e-02  8.33e+04  4.31e+03 -1.00e+05
2016 01 15  1900   57402  68400   1.32e+01  2.93e-01  2.32e-01  1.82e-01  1.41e-01  5.85e-02  8.33e+04  4.34e+03 -1.00e+05
2016 01 15  1905   57402  68700   1.27e+01  1.47e-01  1.19e-01  4.96e-02  4.00e-02  2.06e-02  8.45e+04  4.63e+03 -1.00e+05
2016 01 15  1910   57402  69000   1.29e+01  1.29e-01  1.03e-01  4.96e-02  4.00e-02  2.06e-02  8.79e+04  4.88e+03 -1.00e+05
2016 01 15  1915   57402  69300   2.01e+01  2.62e-01  1.58e-01  1.01e-01  7.24e-02  2.93e-02  8.79e+04  4.98e+03 -1.00e+05
2016 01 15  1920   57402  69600   2.38e+01  2.23e-01  1.00e-01  5.43e-02  4.10e-02  2.06e-02  8.79e+04  4.99e+03 -1.00e+05
2016 01 15  1925   57402  69900   2.68e+01  3.09e-01  1.43e-01  9.73e-02  8.76e-02  6.25e-02  8.79e+04  5.07e+03 -1.00e+05
2016 01 15  1930   57402  70200   1.59e+01  1.78e-01  1.08e-01  5.78e-02  4.81e-02  2.32e-02  8.59e+04  4.74e+03 -1.00e+05
2016 01 15  1935   57402  70500   1.76e+01  2.35e-01  1.10e-01  4.96e-02  4.00e-02  2.06e-02  8.33e+04  4.55e+03 -1.00e+05
2016 01 15  1940   57402  70800   1.22e+01  1.45e-01  1.19e-01  7.59e-02  6.62e-02  4.69e-02  8.49e+04  4.65e+03 -1.00e+05
2016 01 15  1945   57402  71100   1.20e+01  1.29e-01  1.02e-01  5.94e-02  4.97e-02  3.04e-02  8.45e+04  4.69e+03 -1.00e+05
2016 01 15  1950   57402  71400   1.19e+01  1.19e-01  9.23e-02  4.96e-02  4.00e-02  2.06e-02  8.38e+04  4.69e+03 -1.00e+05
2016 01 15  1955   57402  71700   1.56e+01  1.78e-01  1.01e-01  4.96e-02  4.00e-02  2.06e-02  8.33e+04  4.63e+03 -1.00e+05
2016 01 15  2000   57402  72000   1.18e+01  1.80e-01  1.53e-01  1.11e-01  1.01e-01  7.20e-02  8.41e+04  4.68e+03 -1.00e+05
2016 01 15  2005   57402  72300   2.79e+01  3.60e-01  1.05e-01  5.94e-02  4.97e-02  3.04e-02  8.59e+04  4.78e+03 -1.00e+05
2016 01 15  2010   57402  72600   2.40e+01  3.15e-01  1.03e-01  5.78e-02  4.81e-02  2.32e-02  8.33e+04  4.58e+03 -1.00e+05
2016 01 15  2015   57402  72900   1.61e+01  3.36e-01  2.52e-01  1.96e-01  1.15e-01  3.73e-02  8.33e+04  4.47e+03 -1.00e+05
2016 01 15  2020   57402  73200   1.18e+01  1.78e-01  1.51e-01  1.07e-01  6.05e-02  3.04e-02  8.33e+04  4.53e+03 -1.00e+05
2016 01 15  2025   57402  73500   2.49e+01  3.10e-01  9.51e-02  4.96e-02  4.00e-02  2.06e-02  8.34e+04  4.65e+03 -1.00e+05
2016 01 15  2030   57402  73800   1.14e+01  1.51e-01  1.24e-01  8.05e-02  4.69e-02  2.06e-02  8.33e+04  4.56e+03 -1.00e+05
2016 01 15  2035   57402  74100   1.13e+01  1.65e-01  1.38e-01  9.46e-02  6.61e-02  2.73e-02  8.33e+04  4.50e+03 -1.00e+05
2016 01 15  2040   57402  74400   1.12e+01  1.65e-01  1.38e-01  9.55e-02  8.58e-02  6.65e-02  8.33e+04  4.57e+03 -1.00e+05
2016 01 15  2045   57402  74700   1.14e+01  1.43e-01  1.16e-01  7.36e-02  6.39e-02  4.00e-02  8.33e+04  4.65e+03 -1.00e+05
2016 01 15  2050   57402  75000   1.31e+01  1.74e-01  1.48e-01  1.03e-01  5.66e-02  2.32e-02  8.59e+04  4.95e+03 -1.00e+05
2016 01 15  2055   57402  75300   1.42e+01  1.77e-01  1.51e-01  1.08e-01  9.83e-02  3.94e-02  8.79e+04  5.14e+03 -1.00e+05
2016 01 15  2100   57402  75600   1.33e+01  1.19e-01  9.23e-02  4.96e-02  4.00e-02  2.06e-02  8.79e+04  5.14e+03 -1.00e+05
2016 01 15  2105   57402  75900   1.41e+01  3.30e-01  3.04e-01  1.16e-01  6.50e-02  2.53e-02  8.79e+04  5.10e+03 -1.00e+05
2016 01 15  2110   57402  76200   1.35e+01  3.87e-01  3.60e-01  1.84e-01  1.21e-01  5.21e-02  8.65e+04  5.06e+03 -1.00e+05
2016 01 15  2115   57402  76500   1.26e+01  1.90e-01  1.63e-01  6.43e-02  5.47e-02  3.53e-02  8.34e+04  4.90e+03 -1.00e+05
2016 01 15  2120   57402  76800   1.34e+01  2.26e-01  1.99e-01  7.14e-02  5.63e-02  3.53e-02  8.48e+04  4.97e+03 -1.00e+05
2016 01 15  2125   57402  77100   1.28e+01  1.20e-01  9.25e-02  4.96e-02  4.00e-02  2.06e-02  8.40e+04  4.91e+03 -1.00e+05
2016 01 15  2130   57402  77400   1.20e+01  2.16e-01  1.90e-01  1.47e-01  1.28e-01  8.01e-02  8.33e+04  4.87e+03 -1.00e+05
2016 01 15  2135   57402  77700   1.52e+01  2.14e-01  1.37e-01  8.39e-02  4.57e-02  2.06e-02  8.33e+04  4.73e+03 -1.00e+05
2016 01 15  2140   57402  78000   1.75e+01  2.77e-01  1.54e-01  6.73e-02  5.76e-02  3.80e-02  8.33e+04  4.68e+03 -1.00e+05
2016 01 15  2145   57402  78300   2.00e+01  3.64e-01  2.00e-01  5.15e-02  4.18e-02  2.12e-02  8.33e+04  4.72e+03 -1.00e+05
2016 01 15  2150   57402  78600   1.31e+01  1.57e-01  1.30e-01  4.96e-02  4.00e-02  2.06e-02  8.61e+04  4.98e+03 -1.00e+05
2016 01 15  2155   57402  78900   2.09e+01  2.62e-01  1.63e-01  1.07e-01  9.71e-02  5.74e-02  8.79e+04  5.31e+03 -1.00e+05
2016 01 15  2200   57402  79200   2.24e+01  2.81e-01  1.55e-01  9.36e-02  4.99e-02  2.06e-02  8.79e+04  5.25e+03 -1.00e+05
2016 01 15  2205   57402  79500   2.88e+01  3.11e-01  1.48e-01  1.01e-01  6.76e-02  2.73e-02  8.79e+04  5.46e+03 -1.00e+05
2016 01 15  2210   57402  79800   1.55e+01  1.69e-01  1.42e-01  9.88e-02  7.78e-02  5.51e-02  8.79e+04  5.53e+03 -1.00e+05
2016 01 15  2215   57402  80100   1.51e+01  1.76e-01  1.49e-01  1.06e-01  9.30e-02  3.73e-02  8.79e+04  5.45e+03 -1.00e+05
2016 01 15  2220   57402  80400   1.39e+01  1.20e-01  9.25e-02  4.96e-02  4.00e-02  2.06e-02  8.79e+04  5.26e+03 -1.00e+05
2016 01 15  2225   57402  80700   1.32e+01  1.66e-01  1.40e-01  4.96e-02  4.00e-02  2.06e-02  8.79e+04  5.14e+03 -1.00e+05
2016 01 15  2230   57402  81000   2.23e+01  2.50e-01  1.20e-01  6.08e-02  4.25e-02  2.06e-02  8.73e+04  5.02e+03 -1.00e+05
2016 01 15  2235   57402  81300   1.74e+01  2.05e-01  1.28e-01  4.96e-02  4.00e-02  2.06e-02  8.72e+04  5.01e+03 -1.00e+05
2016 01 15  2240   57402  81600   2.35e+01  2.91e-01  1.20e-01  7.39e-02  4.54e-02  2.06e-02  8.57e+04  4.99e+03 -1.00e+05
2016 01 15  2245   57402  81900   1.22e+01  1.57e-01  1.30e-01  4.96e-02  4.00e-02  2.06e-02  8.43e+04  4.87e+03 -1.00e+05
2016 01 15  2250   57402  82200   1.20e+01  2.37e-01  2.11e-01  8.75e-02  7.72e-02  5.76e-02  8.39e+04  4.83e+03 -1.00e+05
2016 01 15  2255   57402  82500   1.13e+01  1.78e-01  1.51e-01  1.08e-01  8.94e-02  6.75e-02  8.33e+04  4.71e+03 -1.00e+05
2016 01 15  2300   57402  82800   1.09e+01  1.19e-01  9.23e-02  4.96e-02  4.00e-02  2.06e-02  8.33e+04  4.59e+03 -1.00e+05
2016 01 15  2305   57402  83100   1.98e+01  4.39e-01  2.15e-01  7.26e-02  5.08e-02  2.79e-02  8.33e+04  4.53e+03 -1.00e+05
2016 01 15  2310   57402  83400   1.13e+01  2.24e-01  1.98e-01  7.39e-02  4.54e-02  2.06e-02  8.33e+04  4.51e+03 -1.00e+05
2016 01 15  2315   57402  83700   1.92e+01  2.60e-01  1.13e-01  6.68e-02  5.71e-02  3.78e-02  8.33e+04  4.49e+03 -1.00e+05
2016 01 15  2320   57402  84000   1.13e+01  1.40e-01  1.13e-01  7.03e-02  6.06e-02  2.73e-02  8.33e+04  4.50e+03 -1.00e+05
2016 01 15  2325   57402  84300   1.17e+01  1.67e-01  1.40e-01  9.75e-02  8.79e-02  6.62e-02  8.33e+04  4.49e+03 -1.00e+05
2016 01 15  2330   57402  84600   1.54e+01  1.89e-01  1.13e-01  6.08e-02  4.25e-02  2.06e-02  8.33e+04  4.57e+03 -1.00e+05
2016 01 15  2335   57402  84900   1.67e+01  2.40e-01  1.15e-01  5.44e-02  4.48e-02  2.54e-02  8.33e+04  4.51e+03 -1.00e+05
2016 01 15  2340   57402  85200   1.96e+01  2.98e-01  1.69e-01  1.23e-01  1.10e-01  5.96e-02  8.33e+04  4.54e+03 -1.00e+05
2016 01 15  2345   57402  85500   1.43e+01  2.16e-01  1.42e-01  8.91e-02  7.94e-02  6.01e-02  8.33e+04  4.44e+03 -1.00e+05
2016 01 15  2350   57402  85800   2.15e+01  3.30e-01  1.17e-01  7.13e-02  6.17e-02  4.23e-02  8.33e+04  4.39e+03 -1.00e+05
2016 01 15  2355   57402  86100   1.06e+01  2.11e-01  1.84e-01  6.08e-02  4.25e-02  2.06e-02  8.33e+04  4.39e+03 -1.00e+05
