:Data_list: 20160816_Gs_part_5m.txt
:Created: 2016 Aug 17 0011 UTC
# Prepared by the U.S. Dept. of Commerce, NOAA, Space Weather Prediction Center
# Please send comments and suggestions to SWPC.Webmaster@noaa.gov 
# 
# Label: P > 1 = Particles at >1 Mev
# Label: P > 5 = Particles at >5 Mev
# Label: P >10 = Particles at >10 Mev
# Label: P >30 = Particles at >30 Mev
# Label: P >50 = Particles at >50 Mev
# Label: P>100 = Particles at >100 Mev
# Label: E>0.8 = Electrons at >0.8 Mev
# Label: E>2.0 = Electrons at >2.0 Mev
# Label: E>4.0 = Electrons at >4.0 Mev
# Units: Particles = Protons/cm2-s-sr
# Units: Electrons = Electrons/cm2-s-sr
# Source: GOES-15
# Location: W135
# Missing data: -1.00e+05
#
#                      5-minute  GOES-15 Solar Particle and Electron Flux
#
#                 Modified Seconds
# UTC Date  Time   Julian  of the
# YR MO DA  HHMM    Day     Day     P > 1     P > 5     P >10     P >30     P >50     P>100     E>0.8     E>2.0     E>4.0
#-------------------------------------------------------------------------------------------------------------------------
2016 08 16  0000   57616      0   1.98e+01  1.63e-01  1.30e-01  8.07e-02  7.13e-02  3.12e-02  1.04e+05  1.29e+04 -1.00e+05
2016 08 16  0005   57616    300   2.05e+01  1.87e-01  1.54e-01  1.03e-01  5.58e-02  2.66e-02  1.04e+05  1.28e+04 -1.00e+05
2016 08 16  0010   57616    600   1.98e+01  2.53e-01  2.20e-01  1.61e-01  1.19e-01  4.33e-02  1.04e+05  1.28e+04 -1.00e+05
2016 08 16  0015   57616    900   1.93e+01  2.56e-01  2.23e-01  1.73e-01  1.41e-01  5.13e-02  1.04e+05  1.26e+04 -1.00e+05
2016 08 16  0020   57616   1200   1.99e+01  2.88e-01  2.39e-01  8.02e-02  7.09e-02  4.89e-02  1.00e+05  1.22e+04 -1.00e+05
2016 08 16  0025   57616   1500   1.80e+01  1.72e-01  1.39e-01  8.98e-02  8.05e-02  2.28e-02  1.02e+05  1.22e+04 -1.00e+05
2016 08 16  0030   57616   1800   1.99e+01  2.96e-01  2.48e-01  1.10e-01  8.53e-02  5.88e-02  1.01e+05  1.22e+04 -1.00e+05
2016 08 16  0035   57616   2100   2.38e+01  2.25e-01  1.26e-01  6.53e-02  4.83e-02  2.41e-02  9.86e+04  1.20e+04 -1.00e+05
2016 08 16  0040   57616   2400   1.89e+01  1.92e-01  1.42e-01  5.54e-02  4.61e-02  2.41e-02  9.86e+04  1.18e+04 -1.00e+05
2016 08 16  0045   57616   2700   2.86e+01  3.84e-01  2.14e-01  1.62e-01  1.53e-01  5.74e-02  9.86e+04  1.15e+04 -1.00e+05
2016 08 16  0050   57616   3000   1.56e+01  1.36e-01  1.03e-01  5.39e-02  4.46e-02  2.26e-02  9.86e+04  1.14e+04 -1.00e+05
2016 08 16  0055   57616   3300   1.50e+01  1.36e-01  1.03e-01  5.39e-02  4.46e-02  2.26e-02  9.86e+04  1.11e+04 -1.00e+05
2016 08 16  0100   57616   3600   1.52e+01  1.78e-01  1.45e-01  9.54e-02  8.26e-02  4.90e-02  9.86e+04  1.10e+04 -1.00e+05
2016 08 16  0105   57616   3900   1.47e+01  1.82e-01  1.48e-01  9.95e-02  9.01e-02  3.72e-02  9.86e+04  1.09e+04 -1.00e+05
2016 08 16  0110   57616   4200   2.34e+01  2.74e-01  1.50e-01  9.73e-02  7.99e-02  3.32e-02  9.86e+04  1.09e+04 -1.00e+05
2016 08 16  0115   57616   4500   1.40e+01  1.77e-01  1.44e-01  9.45e-02  7.22e-02  4.64e-02  9.86e+04  1.07e+04 -1.00e+05
2016 08 16  0120   57616   4800   1.41e+01  1.36e-01  1.03e-01  5.39e-02  4.46e-02  2.26e-02  9.86e+04  1.04e+04 -1.00e+05
2016 08 16  0125   57616   5100   1.44e+01  1.67e-01  1.34e-01  8.51e-02  7.58e-02  5.38e-02  9.81e+04  1.03e+04 -1.00e+05
2016 08 16  0130   57616   5400   1.61e+01  1.79e-01  1.30e-01  7.72e-02  5.68e-02  3.15e-02  9.38e+04  1.03e+04 -1.00e+05
2016 08 16  0135   57616   5700   1.48e+01  2.62e-01  2.29e-01  7.03e-02  6.10e-02  3.90e-02  9.32e+04  1.02e+04 -1.00e+05
2016 08 16  0140   57616   6000   1.36e+01  1.36e-01  1.03e-01  5.39e-02  4.46e-02  2.26e-02  9.32e+04  1.01e+04 -1.00e+05
2016 08 16  0145   57616   6300   1.36e+01  2.59e-01  2.26e-01  8.39e-02  5.13e-02  2.26e-02  9.32e+04  9.94e+03 -1.00e+05
2016 08 16  0150   57616   6600   1.31e+01  1.96e-01  1.63e-01  5.50e-02  4.53e-02  2.30e-02  9.32e+04  9.74e+03 -1.00e+05
2016 08 16  0155   57616   6900   1.36e+01  2.79e-01  2.46e-01  6.12e-02  5.16e-02  2.93e-02  9.32e+04  9.69e+03 -1.00e+05
2016 08 16  0200   57616   7200   1.35e+01  1.34e-01  1.01e-01  5.50e-02  4.53e-02  2.30e-02  9.32e+04  9.40e+03 -1.00e+05
2016 08 16  0205   57616   7500   1.34e+01  2.77e-01  2.44e-01  6.43e-02  5.47e-02  3.03e-02  9.32e+04  9.29e+03 -1.00e+05
2016 08 16  0210   57616   7800   1.31e+01  3.25e-01  2.92e-01  9.88e-02  5.52e-02  2.30e-02  9.32e+04  9.27e+03 -1.00e+05
2016 08 16  0215   57616   8100   1.89e+01  3.26e-01  1.82e-01  5.69e-02  4.72e-02  2.36e-02  9.21e+04  9.11e+03 -1.00e+05
2016 08 16  0220   57616   8400   1.41e+01  1.94e-01  1.46e-01  5.50e-02  4.53e-02  2.30e-02  9.20e+04  9.07e+03 -1.00e+05
2016 08 16  0225   57616   8700   1.24e+01  1.66e-01  1.33e-01  5.50e-02  4.53e-02  2.30e-02  8.79e+04  8.83e+03 -1.00e+05
2016 08 16  0230   57616   9000   1.21e+01  2.66e-01  2.33e-01  1.04e-01  9.42e-02  4.97e-02  8.79e+04  8.78e+03 -1.00e+05
2016 08 16  0235   57616   9300   1.43e+01  2.64e-01  2.08e-01  1.07e-01  9.74e-02  3.97e-02  8.79e+04  8.80e+03 -1.00e+05
2016 08 16  0240   57616   9600   1.18e+01  1.82e-01  1.49e-01  7.57e-02  6.60e-02  2.97e-02  8.79e+04  8.44e+03 -1.00e+05
2016 08 16  0245   57616   9900   1.15e+01  2.37e-01  2.04e-01  1.32e-01  1.22e-01  4.78e-02  8.79e+04  8.29e+03 -1.00e+05
2016 08 16  0250   57616  10200   1.48e+01  2.15e-01  1.19e-01  6.12e-02  5.16e-02  2.93e-02  8.79e+04  8.02e+03 -1.00e+05
2016 08 16  0255   57616  10500   1.05e+01  1.84e-01  1.50e-01  1.04e-01  8.52e-02  4.93e-02  8.79e+04  7.89e+03 -1.00e+05
2016 08 16  0300   57616  10800   1.03e+01  2.83e-01  2.50e-01  6.62e-02  5.65e-02  3.42e-02  8.78e+04  7.79e+03 -1.00e+05
2016 08 16  0305   57616  11100   1.74e+01  2.69e-01  1.10e-01  6.12e-02  5.16e-02  2.93e-02  8.78e+04  7.58e+03 -1.00e+05
2016 08 16  0310   57616  11400   9.38e+00  1.34e-01  1.01e-01  5.50e-02  4.53e-02  2.30e-02  8.35e+04  7.40e+03 -1.00e+05
2016 08 16  0315   57616  11700   1.37e+01  2.67e-01  1.21e-01  5.50e-02  4.53e-02  2.30e-02  8.33e+04  7.22e+03 -1.00e+05
2016 08 16  0320   57616  12000   8.82e+00  1.67e-01  1.34e-01  8.73e-02  5.89e-02  2.56e-02  8.33e+04  7.04e+03 -1.00e+05
2016 08 16  0325   57616  12300   1.40e+01  4.28e-01  2.00e-01  5.50e-02  4.53e-02  2.30e-02  8.33e+04  6.96e+03 -1.00e+05
2016 08 16  0330   57616  12600   8.11e+00  1.96e-01  1.63e-01  5.50e-02  4.53e-02  2.30e-02  8.32e+04  6.81e+03 -1.00e+05
2016 08 16  0335   57616  12900   8.36e+00  1.52e-01  1.19e-01  7.26e-02  4.93e-02  2.30e-02  8.22e+04  6.76e+03 -1.00e+05
2016 08 16  0340   57616  13200   1.16e+01  2.99e-01  1.69e-01  7.59e-02  6.63e-02  3.06e-02  7.93e+04  6.62e+03 -1.00e+05
2016 08 16  0345   57616  13500   7.73e+00  1.34e-01  1.01e-01  5.50e-02  4.53e-02  2.30e-02  7.93e+04  6.45e+03 -1.00e+05
2016 08 16  0350   57616  13800   7.29e+00  1.34e-01  1.01e-01  5.50e-02  4.53e-02  2.30e-02  7.93e+04  6.35e+03 -1.00e+05
2016 08 16  0355   57616  14100   9.16e+00  3.93e-01  3.17e-01  1.26e-01  8.22e-02  3.17e-02  7.79e+04  6.20e+03 -1.00e+05
2016 08 16  0400   57616  14400   1.23e+01  4.74e-01  2.04e-01  5.63e-02  4.66e-02  2.43e-02  7.73e+04  6.07e+03 -1.00e+05
2016 08 16  0405   57616  14700   6.34e+00  1.34e-01  1.01e-01  5.50e-02  4.53e-02  2.30e-02  7.53e+04  5.95e+03 -1.00e+05
2016 08 16  0410   57616  15000   6.70e+00  1.87e-01  1.54e-01  1.08e-01  9.86e-02  4.44e-02  7.53e+04  5.84e+03 -1.00e+05
2016 08 16  0415   57616  15300   8.15e+00  2.10e-01  1.12e-01  5.50e-02  4.53e-02  2.30e-02  7.53e+04  5.76e+03 -1.00e+05
2016 08 16  0420   57616  15600   5.99e+00  3.06e-01  2.73e-01  1.20e-01  7.59e-02  2.97e-02  7.17e+04  5.67e+03 -1.00e+05
2016 08 16  0425   57616  15900   8.74e+00  2.67e-01  1.28e-01  6.31e-02  5.35e-02  2.56e-02  7.13e+04  5.53e+03 -1.00e+05
2016 08 16  0430   57616  16200   1.01e+01  3.32e-01  1.49e-01  9.98e-02  5.64e-02  2.43e-02  7.13e+04  5.43e+03 -1.00e+05
2016 08 16  0435   57616  16500   5.15e+00  2.22e-01  1.89e-01  8.43e-02  6.44e-02  3.92e-02  7.13e+04  5.36e+03 -1.00e+05
2016 08 16  0440   57616  16800   7.97e+00  3.50e-01  1.78e-01  5.50e-02  4.53e-02  2.30e-02  6.86e+04  5.15e+03 -1.00e+05
2016 08 16  0445   57616  17100   5.22e+00  1.52e-01  1.04e-01  5.50e-02  4.53e-02  2.30e-02  6.84e+04  5.14e+03 -1.00e+05
2016 08 16  0450   57616  17400   4.68e+00  3.08e-01  2.74e-01  1.26e-01  1.16e-01  4.58e-02  6.76e+04  5.03e+03 -1.00e+05
2016 08 16  0455   57616  17700   4.31e+00  2.16e-01  1.83e-01  1.37e-01  1.23e-01  4.78e-02  6.53e+04  4.90e+03 -1.00e+05
2016 08 16  0500   57616  18000   4.60e+00  1.52e-01  1.04e-01  5.50e-02  4.53e-02  2.30e-02  6.53e+04  4.81e+03 -1.00e+05
2016 08 16  0505   57616  18300   3.92e+00  1.80e-01  1.47e-01  1.01e-01  9.11e-02  3.77e-02  6.52e+04  4.76e+03 -1.00e+05
2016 08 16  0510   57616  18600   3.56e+00  1.52e-01  1.19e-01  7.26e-02  4.93e-02  2.30e-02  6.52e+04  4.73e+03 -1.00e+05
2016 08 16  0515   57616  18900   3.32e+00  1.75e-01  1.42e-01  9.44e-02  5.26e-02  2.30e-02  6.41e+04  4.58e+03 -1.00e+05
2016 08 16  0520   57616  19200   3.62e+00  3.23e-01  2.77e-01  9.84e-02  8.87e-02  6.64e-02  6.27e+04  4.51e+03 -1.00e+05
2016 08 16  0525   57616  19500   3.02e+00  1.46e-01  1.12e-01  6.60e-02  4.78e-02  2.30e-02  6.10e+04  4.37e+03 -1.00e+05
2016 08 16  0530   57616  19800   2.87e+00  1.96e-01  1.63e-01  5.50e-02  4.53e-02  2.30e-02  6.04e+04  4.31e+03 -1.00e+05
2016 08 16  0535   57616  20100   2.54e+00  1.66e-01  1.33e-01  5.50e-02  4.53e-02  2.30e-02  5.94e+04  4.25e+03 -1.00e+05
2016 08 16  0540   57616  20400   2.82e+00  1.34e-01  1.01e-01  5.50e-02  4.53e-02  2.30e-02  5.93e+04  4.19e+03 -1.00e+05
2016 08 16  0545   57616  20700   3.62e+00  2.73e-01  1.78e-01  7.86e-02  6.89e-02  4.66e-02  5.89e+04  4.18e+03 -1.00e+05
2016 08 16  0550   57616  21000   4.72e+00  4.11e-01  1.79e-01  5.50e-02  4.53e-02  2.30e-02  5.73e+04  4.05e+03 -1.00e+05
2016 08 16  0555   57616  21300   4.50e+00  4.49e-01  3.05e-01  1.01e-01  5.71e-02  2.36e-02  5.73e+04  4.16e+03 -1.00e+05
2016 08 16  0600   57616  21600   2.87e+00  1.65e-01  1.32e-01  8.60e-02  7.64e-02  5.40e-02  5.74e+04  4.24e+03 -1.00e+05
2016 08 16  0605   57616  21900   3.37e+00  2.11e-01  1.14e-01  5.63e-02  4.66e-02  2.43e-02  5.84e+04  4.24e+03 -1.00e+05
2016 08 16  0610   57616  22200   4.05e+00  3.29e-01  1.91e-01  1.26e-01  1.16e-01  4.58e-02  5.93e+04  4.33e+03 -1.00e+05
2016 08 16  0615   57616  22500   2.53e+00  1.96e-01  1.63e-01  5.50e-02  4.53e-02  2.30e-02  5.73e+04  4.30e+03 -1.00e+05
2016 08 16  0620   57616  22800   3.42e+00  2.84e-01  1.40e-01  7.36e-02  6.40e-02  4.17e-02  5.85e+04  4.32e+03 -1.00e+05
2016 08 16  0625   57616  23100   2.39e+00  1.88e-01  1.55e-01  8.02e-02  6.70e-02  2.97e-02  5.73e+04  4.29e+03 -1.00e+05
2016 08 16  0630   57616  23400   3.60e+00  4.44e-01  2.63e-01  7.39e-02  6.08e-02  2.76e-02  5.73e+04  4.32e+03 -1.00e+05
2016 08 16  0635   57616  23700   1.81e+00  1.60e-01  1.27e-01  8.11e-02  7.14e-02  4.91e-02  5.69e+04  4.18e+03 -1.00e+05
2016 08 16  0640   57616  24000   1.73e+00  1.36e-01  1.03e-01  5.69e-02  4.72e-02  2.36e-02  5.46e+04  4.09e+03 -1.00e+05
2016 08 16  0645   57616  24300   1.57e+00  1.34e-01  1.01e-01  5.50e-02  4.53e-02  2.30e-02  5.50e+04  4.13e+03 -1.00e+05
2016 08 16  0650   57616  24600   1.57e+00  1.53e-01  1.20e-01  7.36e-02  6.40e-02  4.17e-02  5.52e+04  4.21e+03 -1.00e+05
2016 08 16  0655   57616  24900   1.02e+00  1.49e-01  1.15e-01  6.94e-02  5.98e-02  2.76e-02  4.91e+04  3.64e+03 -1.00e+05
2016 08 16  0700   57616  25200   1.53e+00  2.10e-01  1.12e-01  5.50e-02  4.53e-02  2.30e-02  4.15e+04  2.87e+03 -1.00e+05
2016 08 16  0705   57616  25500   2.37e+00  2.73e-01  1.39e-01  9.10e-02  8.13e-02  5.90e-02  4.54e+04  3.27e+03 -1.00e+05
2016 08 16  0710   57616  25800   1.86e+00  3.08e-01  1.03e-01  5.50e-02  4.53e-02  2.30e-02  4.28e+04  3.08e+03 -1.00e+05
2016 08 16  0715   57616  26100   1.46e+00  1.39e-01  1.06e-01  5.95e-02  4.63e-02  2.30e-02  4.32e+04  3.07e+03 -1.00e+05
2016 08 16  0720   57616  26400   2.37e+00  3.93e-01  2.49e-01  1.27e-01  8.36e-02  5.40e-02  4.17e+04  2.99e+03 -1.00e+05
2016 08 16  0725   57616  26700   1.54e+00  1.57e-01  1.08e-01  5.95e-02  4.63e-02  2.30e-02  4.29e+04  3.13e+03 -1.00e+05
2016 08 16  0730   57616  27000   1.81e+00  2.14e-01  1.17e-01  5.95e-02  4.63e-02  2.30e-02  4.40e+04  3.24e+03 -1.00e+05
2016 08 16  0735   57616  27300   1.18e+00  2.77e-01  2.44e-01  6.43e-02  5.47e-02  3.03e-02  4.45e+04  3.35e+03 -1.00e+05
2016 08 16  0740   57616  27600   1.37e+00  1.34e-01  1.01e-01  5.50e-02  4.53e-02  2.30e-02  4.46e+04  3.39e+03 -1.00e+05
2016 08 16  0745   57616  27900   1.42e+00  1.58e-01  1.25e-01  7.86e-02  6.89e-02  4.66e-02  4.41e+04  3.34e+03 -1.00e+05
2016 08 16  0750   57616  28200   1.30e+00  2.79e-01  2.46e-01  5.95e-02  4.63e-02  2.30e-02  4.48e+04  3.37e+03 -1.00e+05
2016 08 16  0755   57616  28500   1.30e+00  1.55e-01  1.22e-01  7.56e-02  6.60e-02  4.36e-02  4.40e+04  3.35e+03 -1.00e+05
2016 08 16  0800   57616  28800   1.38e+00  2.26e-01  1.90e-01  1.43e-01  1.25e-01  4.78e-02  4.62e+04  3.53e+03 -1.00e+05
2016 08 16  0805   57616  29100   1.44e+00  1.46e-01  1.12e-01  6.60e-02  4.78e-02  2.30e-02  4.66e+04  3.65e+03 -1.00e+05
2016 08 16  0810   57616  29400   1.56e+00  1.80e-01  1.47e-01  9.90e-02  5.39e-02  2.43e-02  4.66e+04  3.76e+03 -1.00e+05
2016 08 16  0815   57616  29700   2.39e+00  4.93e-01  2.43e-01  5.50e-02  4.53e-02  2.30e-02  4.66e+04  3.76e+03 -1.00e+05
2016 08 16  0820   57616  30000   1.26e+00  2.65e-01  2.31e-01  9.93e-02  8.11e-02  3.37e-02  4.66e+04  3.71e+03 -1.00e+05
2016 08 16  0825   57616  30300   1.71e+00  2.82e-01  2.34e-01  8.55e-02  5.90e-02  3.18e-02  4.66e+04  3.77e+03 -1.00e+05
2016 08 16  0830   57616  30600   2.12e+00  2.91e-01  1.47e-01  8.11e-02  7.14e-02  4.91e-02  4.74e+04  3.81e+03 -1.00e+05
2016 08 16  0835   57616  30900   2.62e+00  2.77e-01  1.42e-01  9.22e-02  5.37e-02  2.30e-02  4.66e+04  3.80e+03 -1.00e+05
2016 08 16  0840   57616  31200   2.42e+00  2.88e-01  1.54e-01  1.06e-01  9.62e-02  7.39e-02  4.66e+04  3.81e+03 -1.00e+05
2016 08 16  0845   57616  31500   1.31e+00  1.52e-01  1.19e-01  7.26e-02  4.93e-02  2.30e-02  4.66e+04  3.79e+03 -1.00e+05
2016 08 16  0850   57616  31800   1.60e+00  2.26e-01  1.93e-01  8.96e-02  7.14e-02  4.66e-02  4.76e+04  3.91e+03 -1.00e+05
2016 08 16  0855   57616  32100   1.56e+00  1.99e-01  1.65e-01  1.19e-01  9.03e-02  3.57e-02  4.93e+04  4.05e+03 -1.00e+05
2016 08 16  0900   57616  32400   2.39e+00  2.51e-01  1.24e-01  7.57e-02  6.60e-02  2.97e-02  4.93e+04  4.04e+03 -1.00e+05
2016 08 16  0905   57616  32700   2.18e+00  3.47e-01  2.03e-01  1.36e-01  8.96e-02  5.65e-02  4.93e+04  4.05e+03 -1.00e+05
2016 08 16  0910   57616  33000   1.32e+00  1.34e-01  1.01e-01  5.50e-02  4.53e-02  2.30e-02  4.75e+04  3.93e+03 -1.00e+05
2016 08 16  0915   57616  33300   1.30e+00  1.34e-01  1.01e-01  5.50e-02  4.53e-02  2.30e-02  4.67e+04  3.90e+03 -1.00e+05
2016 08 16  0920   57616  33600   1.44e+00  2.50e-01  2.17e-01  1.70e-01  1.26e-01  4.58e-02  4.67e+04  3.82e+03 -1.00e+05
2016 08 16  0925   57616  33900   1.41e+00  2.14e-01  1.80e-01  1.34e-01  1.14e-01  7.02e-02  4.66e+04  3.93e+03 -1.00e+05
2016 08 16  0930   57616  34200   1.33e+00  2.05e-01  1.72e-01  1.26e-01  1.16e-01  4.58e-02  4.83e+04  3.96e+03 -1.00e+05
2016 08 16  0935   57616  34500   1.76e+00  2.88e-01  1.54e-01  1.06e-01  9.62e-02  7.39e-02  4.80e+04  4.09e+03 -1.00e+05
2016 08 16  0940   57616  34800   1.35e+00  1.90e-01  1.57e-01  6.87e-02  5.90e-02  3.67e-02  4.70e+04  4.06e+03 -1.00e+05
2016 08 16  0945   57616  35100   1.53e+00  2.10e-01  1.12e-01  5.50e-02  4.53e-02  2.30e-02  4.66e+04  4.07e+03 -1.00e+05
2016 08 16  0950   57616  35400   1.31e+00  1.50e-01  1.17e-01  7.12e-02  6.15e-02  3.92e-02  4.66e+04  4.09e+03 -1.00e+05
2016 08 16  0955   57616  35700   1.51e+00  1.67e-01  1.34e-01  8.66e-02  5.35e-02  2.43e-02  4.66e+04  4.03e+03 -1.00e+05
2016 08 16  1000   57616  36000   2.09e+00  2.54e-01  1.30e-01  8.20e-02  7.23e-02  3.17e-02  4.66e+04  3.97e+03 -1.00e+05
2016 08 16  1005   57616  36300   1.53e+00  2.52e-01  2.19e-01  1.13e-01  6.88e-02  3.92e-02  4.64e+04  3.99e+03 -1.00e+05
2016 08 16  1010   57616  36600   1.42e+00  2.26e-01  1.92e-01  9.20e-02  8.15e-02  5.90e-02  4.72e+04  4.10e+03 -1.00e+05
2016 08 16  1015   57616  36900   1.70e+00  2.14e-01  1.66e-01  5.50e-02  4.53e-02  2.30e-02  4.66e+04  4.05e+03 -1.00e+05
2016 08 16  1020   57616  37200   1.31e+00  1.68e-01  1.34e-01  8.85e-02  7.88e-02  5.65e-02  4.55e+04  3.85e+03 -1.00e+05
2016 08 16  1025   57616  37500   1.83e+00  4.26e-01  2.65e-01  1.12e-01  8.40e-02  3.37e-02  4.62e+04  3.86e+03 -1.00e+05
2016 08 16  1030   57616  37800   2.09e+00  4.73e-01  2.02e-01  5.50e-02  4.53e-02  2.30e-02  4.66e+04  3.94e+03 -1.00e+05
2016 08 16  1035   57616  38100   1.01e+00  1.66e-01  1.33e-01  5.50e-02  4.53e-02  2.30e-02  4.58e+04  3.82e+03 -1.00e+05
2016 08 16  1040   57616  38400   8.52e-01  1.86e-01  1.53e-01  1.07e-01  9.74e-02  3.97e-02  4.53e+04  3.81e+03 -1.00e+05
2016 08 16  1045   57616  38700   1.42e+00  4.07e-01  2.61e-01  5.50e-02  4.53e-02  2.30e-02  4.64e+04  3.82e+03 -1.00e+05
2016 08 16  1050   57616  39000   9.29e-01  1.59e-01  1.26e-01  8.02e-02  7.05e-02  4.71e-02  4.50e+04  3.76e+03 -1.00e+05
2016 08 16  1055   57616  39300   1.04e+00  1.36e-01  1.03e-01  5.69e-02  4.72e-02  2.36e-02  4.54e+04  3.72e+03 -1.00e+05
2016 08 16  1100   57616  39600   8.13e-01  1.46e-01  1.12e-01  6.60e-02  4.78e-02  2.30e-02  4.37e+04  3.54e+03 -1.00e+05
2016 08 16  1105   57616  39900   1.44e+00  3.49e-01  2.52e-01  5.50e-02  4.53e-02  2.30e-02  4.39e+04  3.46e+03 -1.00e+05
2016 08 16  1110   57616  40200   8.73e-01  1.34e-01  1.01e-01  5.50e-02  4.53e-02  2.30e-02  4.18e+04  3.41e+03 -1.00e+05
2016 08 16  1115   57616  40500   8.55e-01  3.40e-01  3.07e-01  9.62e-02  5.26e-02  2.30e-02  4.18e+04  3.36e+03 -1.00e+05
2016 08 16  1120   57616  40800   6.16e-01  1.43e-01  1.10e-01  6.40e-02  5.22e-02  2.93e-02  3.88e+04  3.07e+03 -1.00e+05
2016 08 16  1125   57616  41100   1.16e+00  2.47e-01  1.18e-01  6.94e-02  5.98e-02  2.76e-02  3.98e+04  3.05e+03 -1.00e+05
2016 08 16  1130   57616  41400   9.82e-01  1.87e-01  1.54e-01  6.94e-02  5.98e-02  2.76e-02  4.13e+04  3.20e+03 -1.00e+05
2016 08 16  1135   57616  41700   1.15e+00  3.28e-01  2.82e-01  1.30e-01  9.59e-02  6.64e-02  4.18e+04  3.32e+03 -1.00e+05
2016 08 16  1140   57616  42000   1.10e+00  1.43e-01  1.10e-01  6.40e-02  5.22e-02  2.93e-02  4.19e+04  3.38e+03 -1.00e+05
2016 08 16  1145   57616  42300   1.11e+00  2.14e-01  1.66e-01  5.50e-02  4.53e-02  2.30e-02  4.18e+04  3.43e+03 -1.00e+05
2016 08 16  1150   57616  42600   1.34e+00  3.38e-01  2.53e-01  8.05e-02  6.23e-02  2.76e-02  4.24e+04  3.40e+03 -1.00e+05
2016 08 16  1155   57616  42900   1.17e+00  1.96e-01  1.63e-01  5.50e-02  4.53e-02  2.30e-02  4.35e+04  3.51e+03 -1.00e+05
2016 08 16  1200   57616  43200   1.40e+00  2.21e-01  1.87e-01  8.60e-02  7.64e-02  5.40e-02  3.12e+04  2.85e+03 -1.00e+05
2016 08 16  1205   57616  43500   8.49e-01  1.34e-01  1.01e-01  5.50e-02  4.53e-02  2.30e-02  3.56e+04  2.82e+03 -1.00e+05
2016 08 16  1210   57616  43800   9.66e-01  1.59e-01  1.25e-01  7.94e-02  6.98e-02  4.75e-02  3.51e+04  2.80e+03 -1.00e+05
2016 08 16  1215   57616  44100   7.86e-01  2.02e-01  1.69e-01  5.50e-02  4.53e-02  2.30e-02  3.45e+04  2.67e+03 -1.00e+05
2016 08 16  1220   57616  44400   7.79e-01  1.34e-01  1.01e-01  5.50e-02  4.53e-02  2.30e-02  3.56e+04  2.66e+03 -1.00e+05
2016 08 16  1225   57616  44700   1.17e+00  1.46e-01  1.12e-01  6.60e-02  4.78e-02  2.30e-02  3.40e+04  2.63e+03 -1.00e+05
2016 08 16  1230   57616  45000   8.60e-01  1.43e-01  1.10e-01  6.37e-02  5.41e-02  3.18e-02  3.35e+04  2.65e+03 -1.00e+05
2016 08 16  1235   57616  45300   9.23e-01  2.11e-01  1.78e-01  1.32e-01  1.22e-01  4.78e-02  3.54e+04  2.61e+03 -1.00e+05
2016 08 16  1240   57616  45600   8.92e-01  1.34e-01  1.01e-01  5.50e-02  4.53e-02  2.30e-02  3.63e+04  2.48e+03 -1.00e+05
2016 08 16  1245   57616  45900   1.15e+00  1.46e-01  1.12e-01  6.60e-02  4.78e-02  2.30e-02  3.62e+04  2.50e+03 -1.00e+05
2016 08 16  1250   57616  46200   2.01e+00  6.25e-01  2.64e-01  8.11e-02  5.27e-02  2.36e-02  3.98e+04  2.61e+03 -1.00e+05
2016 08 16  1255   57616  46500   1.13e+00  4.28e-01  3.94e-01  1.06e-01  5.26e-02  2.30e-02  4.06e+04  2.83e+03 -1.00e+05
2016 08 16  1300   57616  46800   1.44e+00  1.45e-01  1.12e-01  6.62e-02  5.65e-02  3.42e-02  4.25e+04  2.99e+03 -1.00e+05
2016 08 16  1305   57616  47100   2.76e+00  3.87e-01  1.82e-01  1.33e-01  8.49e-02  5.16e-02  4.40e+04  3.11e+03 -1.00e+05
2016 08 16  1310   57616  47400   1.31e+00  1.34e-01  1.01e-01  5.50e-02  4.53e-02  2.30e-02  4.40e+04  3.07e+03 -1.00e+05
2016 08 16  1315   57616  47700   1.34e+00  1.55e-01  1.22e-01  7.61e-02  6.64e-02  4.41e-02  4.40e+04  2.99e+03 -1.00e+05
2016 08 16  1320   57616  48000   2.20e+00  3.27e-01  1.96e-01  1.31e-01  8.51e-02  4.00e-02  4.24e+04  2.81e+03 -1.00e+05
2016 08 16  1325   57616  48300   1.11e+00  1.34e-01  1.01e-01  5.50e-02  4.53e-02  2.30e-02  4.21e+04  2.72e+03 -1.00e+05
2016 08 16  1330   57616  48600   1.61e+00  2.47e-01  2.13e-01  1.03e-01  5.26e-02  2.30e-02  4.29e+04  2.85e+03 -1.00e+05
2016 08 16  1335   57616  48900   1.84e+00  2.50e-01  1.55e-01  9.84e-02  8.87e-02  6.64e-02  4.21e+04  2.91e+03 -1.00e+05
2016 08 16  1340   57616  49200   1.71e+00  1.96e-01  1.63e-01  5.50e-02  4.53e-02  2.30e-02  4.20e+04  2.98e+03 -1.00e+05
2016 08 16  1345   57616  49500   1.60e+00  1.88e-01  1.55e-01  1.08e-01  8.13e-02  5.40e-02  4.01e+04  2.82e+03 -1.00e+05
2016 08 16  1350   57616  49800   1.65e+00  2.05e-01  1.72e-01  1.26e-01  1.16e-01  4.58e-02  3.87e+04  2.70e+03 -1.00e+05
2016 08 16  1355   57616  50100   2.16e+00  1.67e-01  1.34e-01  8.79e-02  6.91e-02  4.41e-02  4.31e+04  2.95e+03 -1.00e+05
2016 08 16  1400   57616  50400   2.72e+00  1.86e-01  1.52e-01  5.50e-02  4.53e-02  2.30e-02  4.57e+04  3.34e+03 -1.00e+05
2016 08 16  1405   57616  50700   4.40e+00  3.42e-01  1.98e-01  1.31e-01  9.04e-02  5.90e-02  4.70e+04  3.57e+03 -1.00e+05
2016 08 16  1410   57616  51000   7.57e+00  5.70e-01  2.23e-01  7.36e-02  6.40e-02  4.17e-02  4.78e+04  3.50e+03 -1.00e+05
2016 08 16  1415   57616  51300   4.70e+00  2.01e-01  1.68e-01  5.95e-02  4.63e-02  2.30e-02  4.84e+04  3.55e+03 -1.00e+05
2016 08 16  1420   57616  51600   4.83e+00  1.82e-01  1.49e-01  7.12e-02  6.15e-02  3.92e-02  4.92e+04  3.61e+03 -1.00e+05
2016 08 16  1425   57616  51900   4.89e+00  1.63e-01  1.30e-01  8.35e-02  7.39e-02  5.16e-02  4.63e+04  3.46e+03 -1.00e+05
2016 08 16  1430   57616  52200   5.23e+00  1.77e-01  1.44e-01  9.62e-02  5.26e-02  2.30e-02  4.46e+04  3.31e+03 -1.00e+05
2016 08 16  1435   57616  52500   4.64e+00  1.77e-01  1.43e-01  5.50e-02  4.53e-02  2.30e-02  4.61e+04  3.25e+03 -1.00e+05
2016 08 16  1440   57616  52800   4.75e+00  2.40e-01  2.07e-01  1.02e-01  9.24e-02  7.00e-02  4.60e+04  3.21e+03 -1.00e+05
2016 08 16  1445   57616  53100   5.32e+00  1.34e-01  1.01e-01  5.50e-02  4.53e-02  2.30e-02  4.66e+04  3.16e+03 -1.00e+05
2016 08 16  1450   57616  53400   8.38e+00  2.78e-01  1.33e-01  6.60e-02  4.78e-02  2.30e-02  4.66e+04  3.11e+03 -1.00e+05
2016 08 16  1455   57616  53700   8.55e+00  2.64e-01  1.28e-01  7.91e-02  5.08e-02  2.30e-02  4.54e+04  2.96e+03 -1.00e+05
2016 08 16  1500   57616  54000   5.68e+00  2.21e-01  1.87e-01  1.41e-01  1.32e-01  6.18e-02  4.62e+04  3.01e+03 -1.00e+05
2016 08 16  1505   57616  54300   6.46e+00  1.52e-01  1.19e-01  7.26e-02  4.93e-02  2.30e-02  4.72e+04  3.03e+03 -1.00e+05
2016 08 16  1510   57616  54600   7.98e+00  1.59e-01  1.26e-01  7.95e-02  6.53e-02  4.17e-02  4.91e+04  3.12e+03 -1.00e+05
2016 08 16  1515   57616  54900   1.43e+01  3.64e-01  2.20e-01  1.70e-01  1.04e-01  3.57e-02  4.83e+04  3.21e+03 -1.00e+05
2016 08 16  1520   57616  55200   8.39e+00  1.34e-01  1.01e-01  5.50e-02  4.53e-02  2.30e-02  5.19e+04  3.40e+03 -1.00e+05
2016 08 16  1525   57616  55500   9.42e+00  1.55e-01  1.22e-01  7.61e-02  6.64e-02  4.41e-02  5.40e+04  3.66e+03 -1.00e+05
2016 08 16  1530   57616  55800   1.09e+01  1.34e-01  1.01e-01  5.50e-02  4.53e-02  2.30e-02  5.46e+04  3.87e+03 -1.00e+05
2016 08 16  1535   57616  56100   1.13e+01  1.34e-01  1.01e-01  5.50e-02  4.53e-02  2.30e-02  5.68e+04  4.07e+03 -1.00e+05
2016 08 16  1540   57616  56400   1.27e+01  3.06e-01  2.73e-01  8.57e-02  5.22e-02  2.30e-02  5.98e+04  4.18e+03 -1.00e+05
2016 08 16  1545   57616  56700   2.12e+01  4.33e-01  1.89e-01  7.06e-02  6.10e-02  3.23e-02  5.99e+04  4.25e+03 -1.00e+05
2016 08 16  1550   57616  57000   1.29e+01  1.79e-01  1.46e-01  9.78e-02  5.26e-02  2.30e-02  5.99e+04  4.26e+03 -1.00e+05
2016 08 16  1555   57616  57300   1.29e+01  1.34e-01  1.01e-01  5.50e-02  4.53e-02  2.30e-02  5.99e+04  4.32e+03 -1.00e+05
2016 08 16  1600   57616  57600   1.41e+01  1.93e-01  1.60e-01  1.12e-01  6.63e-02  3.67e-02  6.01e+04  4.43e+03 -1.00e+05
2016 08 16  1605   57616  57900   1.46e+01  1.34e-01  1.01e-01  5.50e-02  4.53e-02  2.30e-02  6.00e+04  4.51e+03 -1.00e+05
2016 08 16  1610   57616  58200   1.44e+01  1.34e-01  1.01e-01  5.50e-02  4.53e-02  2.30e-02  5.99e+04  4.47e+03 -1.00e+05
2016 08 16  1615   57616  58500   1.76e+01  2.40e-01  1.87e-01  1.37e-01  1.10e-01  4.45e-02  5.79e+04  4.37e+03 -1.00e+05
2016 08 16  1620   57616  58800   1.59e+01  1.36e-01  1.02e-01  5.63e-02  4.66e-02  2.43e-02  5.65e+04  4.27e+03 -1.00e+05
2016 08 16  1625   57616  59100   2.41e+01  2.95e-01  1.85e-01  1.25e-01  9.65e-02  3.77e-02  5.73e+04  4.29e+03 -1.00e+05
2016 08 16  1630   57616  59400   2.47e+01  3.07e-01  2.10e-01  6.60e-02  4.78e-02  2.30e-02  5.73e+04  4.40e+03 -1.00e+05
2016 08 16  1635   57616  59700   1.88e+01  2.02e-01  1.68e-01  7.12e-02  6.15e-02  3.92e-02  5.74e+04  4.37e+03 -1.00e+05
2016 08 16  1640   57616  60000   2.06e+01  2.27e-01  1.94e-01  9.38e-02  8.39e-02  6.15e-02  5.98e+04  4.52e+03 -1.00e+05
2016 08 16  1645   57616  60300   3.76e+01  3.35e-01  1.52e-01  1.02e-01  5.26e-02  2.30e-02  5.99e+04  4.53e+03 -1.00e+05
2016 08 16  1650   57616  60600   2.16e+01  2.85e-01  2.52e-01  7.48e-02  6.51e-02  4.28e-02  6.18e+04  4.76e+03 -1.00e+05
2016 08 16  1655   57616  60900   3.80e+01  2.40e-01  1.05e-01  5.69e-02  4.72e-02  2.36e-02  6.27e+04  4.87e+03 -1.00e+05
2016 08 16  1700   57616  61200   2.37e+01  2.28e-01  1.95e-01  8.57e-02  5.22e-02  2.30e-02  6.52e+04  5.11e+03 -1.00e+05
2016 08 16  1705   57616  61500   3.29e+01  2.52e-01  1.55e-01  5.50e-02  4.53e-02  2.30e-02  6.36e+04  4.88e+03 -1.00e+05
2016 08 16  1710   57616  61800   3.87e+01  3.06e-01  1.67e-01  1.18e-01  1.00e-01  4.07e-02  6.43e+04  4.85e+03 -1.00e+05
2016 08 16  1715   57616  62100   3.68e+01  3.18e-01  1.75e-01  1.09e-01  8.91e-02  6.40e-02  6.53e+04  4.92e+03 -1.00e+05
2016 08 16  1720   57616  62400   2.49e+01  2.09e-01  1.76e-01  8.85e-02  7.88e-02  5.65e-02  6.53e+04  4.98e+03 -1.00e+05
2016 08 16  1725   57616  62700   2.52e+01  2.13e-01  1.79e-01  1.32e-01  8.84e-02  3.37e-02  6.53e+04  4.90e+03 -1.00e+05
2016 08 16  1730   57616  63000   2.87e+01  1.72e-01  1.25e-01  7.61e-02  6.64e-02  4.41e-02  6.53e+04  5.01e+03 -1.00e+05
2016 08 16  1735   57616  63300   2.71e+01  1.80e-01  1.46e-01  6.87e-02  5.90e-02  3.67e-02  6.68e+04  5.10e+03 -1.00e+05
2016 08 16  1740   57616  63600   2.83e+01  1.34e-01  1.01e-01  5.50e-02  4.53e-02  2.30e-02  6.53e+04  5.01e+03 -1.00e+05
2016 08 16  1745   57616  63900   2.94e+01  2.28e-01  1.95e-01  8.57e-02  5.22e-02  2.30e-02  6.53e+04  4.75e+03 -1.00e+05
2016 08 16  1750   57616  64200   4.99e+01  2.61e-01  1.27e-01  7.86e-02  6.89e-02  4.66e-02  6.49e+04  4.55e+03 -1.00e+05
2016 08 16  1755   57616  64500   4.69e+01  2.67e-01  1.21e-01  5.50e-02  4.53e-02  2.30e-02  6.53e+04  4.43e+03 -1.00e+05
2016 08 16  1800   57616  64800   3.29e+01  1.59e-01  1.26e-01  7.97e-02  7.00e-02  4.53e-02  6.35e+04  4.21e+03 -1.00e+05
2016 08 16  1805   57616  65100   3.39e+01  2.35e-01  2.01e-01  9.22e-02  5.37e-02  2.30e-02  6.26e+04  4.12e+03 -1.00e+05
2016 08 16  1810   57616  65400   3.77e+01  1.97e-01  1.49e-01  9.88e-02  5.52e-02  2.30e-02  6.27e+04  4.19e+03 -1.00e+05
2016 08 16  1815   57616  65700   3.47e+01  2.42e-01  2.09e-01  8.61e-02  6.68e-02  4.17e-02  6.28e+04  4.23e+03 -1.00e+05
2016 08 16  1820   57616  66000   3.36e+01  1.39e-01  1.06e-01  5.95e-02  4.63e-02  2.30e-02  6.27e+04  4.11e+03 -1.00e+05
2016 08 16  1825   57616  66300   5.33e+01  2.86e-01  1.42e-01  7.61e-02  6.64e-02  4.41e-02  6.27e+04  4.15e+03 -1.00e+05
2016 08 16  1830   57616  66600   3.71e+01  1.43e-01  1.10e-01  6.37e-02  5.41e-02  3.18e-02  6.28e+04  4.12e+03 -1.00e+05
2016 08 16  1835   57616  66900   3.72e+01  1.34e-01  1.01e-01  5.50e-02  4.53e-02  2.30e-02  6.29e+04  4.24e+03 -1.00e+05
2016 08 16  1840   57616  67200   3.90e+01  1.34e-01  1.01e-01  5.50e-02  4.53e-02  2.30e-02  6.31e+04  4.09e+03 -1.00e+05
2016 08 16  1845   57616  67500   3.92e+01  3.32e-01  2.99e-01  1.10e-01  5.25e-02  2.30e-02  6.23e+04  4.14e+03 -1.00e+05
2016 08 16  1850   57616  67800   6.01e+01  5.05e-01  3.65e-01  1.09e-01  6.34e-02  2.56e-02  6.26e+04  4.23e+03 -1.00e+05
2016 08 16  1855   57616  68100   4.13e+01  1.34e-01  1.01e-01  5.50e-02  4.53e-02  2.30e-02  6.28e+04  4.25e+03 -1.00e+05
2016 08 16  1900   57616  68400   4.05e+01  1.74e-01  1.41e-01  9.38e-02  6.28e-02  3.42e-02  6.26e+04  4.22e+03 -1.00e+05
2016 08 16  1905   57616  68700   4.47e+01  1.77e-01  1.30e-01  8.13e-02  6.76e-02  4.41e-02  6.26e+04  4.25e+03 -1.00e+05
2016 08 16  1910   57616  69000   5.05e+01  2.84e-01  2.13e-01  1.59e-01  9.62e-02  3.37e-02  6.25e+04  4.24e+03 -1.00e+05
2016 08 16  1915   57616  69300   8.94e+01  3.71e-01  1.03e-01  5.50e-02  4.53e-02  2.30e-02  6.21e+04  4.26e+03 -1.00e+05
2016 08 16  1920   57616  69600   4.27e+01  2.74e-01  2.41e-01  5.50e-02  4.53e-02  2.30e-02  6.02e+04  3.90e+03 -1.00e+05
2016 08 16  1925   57616  69900   7.70e+01  3.18e-01  1.69e-01  1.19e-01  8.07e-02  3.17e-02  6.02e+04  4.05e+03 -1.00e+05
2016 08 16  1930   57616  70200   5.06e+01  1.52e-01  1.04e-01  5.50e-02  4.53e-02  2.30e-02  6.21e+04  4.30e+03 -1.00e+05
2016 08 16  1935   57616  70500   4.75e+01  1.34e-01  1.01e-01  5.50e-02  4.53e-02  2.30e-02  6.26e+04  4.38e+03 -1.00e+05
2016 08 16  1940   57616  70800   4.80e+01  2.50e-01  2.17e-01  1.69e-01  1.31e-01  4.78e-02  6.26e+04  4.45e+03 -1.00e+05
2016 08 16  1945   57616  71100   4.91e+01  1.58e-01  1.25e-01  7.86e-02  6.89e-02  4.66e-02  6.49e+04  4.67e+03 -1.00e+05
2016 08 16  1950   57616  71400   5.06e+01  2.43e-01  2.10e-01  1.64e-01  1.54e-01  5.88e-02  6.42e+04  4.51e+03 -1.00e+05
2016 08 16  1955   57616  71700   5.21e+01  2.86e-01  2.53e-01  8.76e-02  5.41e-02  2.36e-02  6.25e+04  4.72e+03 -1.00e+05
2016 08 16  2000   57616  72000   6.14e+01  1.91e-01  1.42e-01  9.22e-02  5.37e-02  2.30e-02  6.62e+04  4.94e+03 -1.00e+05
2016 08 16  2005   57616  72300   9.86e+01  3.85e-01  1.83e-01  6.12e-02  5.16e-02  2.93e-02  6.27e+04  4.53e+03 -1.00e+05
2016 08 16  2010   57616  72600   6.95e+01  3.11e-01  2.51e-01  2.00e-01  1.68e-01  6.63e-02  6.16e+04  4.73e+03 -1.00e+05
2016 08 16  2015   57616  72900   1.04e+02  5.18e-01  3.25e-01  1.16e-01  8.51e-02  5.65e-02  6.53e+04  5.02e+03 -1.00e+05
2016 08 16  2020   57616  73200   1.17e+02  3.24e-01  1.42e-01  9.34e-02  8.38e-02  6.15e-02  6.61e+04  5.12e+03 -1.00e+05
2016 08 16  2025   57616  73500   6.35e+01  2.74e-01  2.41e-01  5.50e-02  4.53e-02  2.30e-02  6.36e+04  5.09e+03 -1.00e+05
2016 08 16  2030   57616  73800   6.42e+01  2.45e-01  2.12e-01  1.31e-01  1.12e-01  4.38e-02  6.56e+04  5.37e+03 -1.00e+05
2016 08 16  2035   57616  74100   6.80e+01  2.11e-01  1.78e-01  1.32e-01  1.22e-01  4.78e-02  6.64e+04  5.30e+03 -1.00e+05
2016 08 16  2040   57616  74400   6.76e+01  1.70e-01  1.37e-01  9.12e-02  8.15e-02  5.92e-02  6.08e+04  5.03e+03 -1.00e+05
2016 08 16  2045   57616  74700   6.94e+01  1.75e-01  1.42e-01  9.44e-02  5.26e-02  2.30e-02  6.14e+04  5.06e+03 -1.00e+05
2016 08 16  2050   57616  75000   7.22e+01  1.39e-01  1.06e-01  5.95e-02  4.63e-02  2.30e-02  6.25e+04  5.27e+03 -1.00e+05
2016 08 16  2055   57616  75300   1.46e+02  3.91e-01  1.65e-01  1.16e-01  8.51e-02  5.65e-02  6.35e+04  5.43e+03 -1.00e+05
2016 08 16  2100   57616  75600   9.99e+01  3.53e-01  2.56e-01  7.71e-02  5.52e-02  2.93e-02  6.43e+04  5.48e+03 -1.00e+05
2016 08 16  2105   57616  75900   7.58e+01  3.14e-01  2.81e-01  1.07e-01  6.34e-02  2.56e-02  6.23e+04  5.58e+03 -1.00e+05
2016 08 16  2110   57616  76200   1.33e+02  3.50e-01  1.78e-01  5.50e-02  4.53e-02  2.30e-02  6.76e+04  5.65e+03 -1.00e+05
2016 08 16  2115   57616  76500   7.32e+01  1.79e-01  1.46e-01  9.88e-02  5.52e-02  2.30e-02  6.24e+04  5.53e+03 -1.00e+05
2016 08 16  2120   57616  76800   9.55e+01  2.50e-01  1.55e-01  9.84e-02  8.87e-02  6.64e-02  6.32e+04  5.40e+03 -1.00e+05
2016 08 16  2125   57616  77100   1.39e+02  3.21e-01  1.62e-01  1.13e-01  8.05e-02  5.16e-02  6.54e+04  5.56e+03 -1.00e+05
2016 08 16  2130   57616  77400   8.48e+01  1.73e-01  1.40e-01  9.26e-02  5.25e-02  2.30e-02  6.97e+04  6.61e+03 -1.00e+05
2016 08 16  2135   57616  77700   6.82e+01  2.08e-01  1.75e-01  9.45e-02  8.48e-02  3.57e-02  7.20e+04  5.89e+03 -1.00e+05
2016 08 16  2140   57616  78000   9.26e+01  2.96e-01  1.38e-01  9.01e-02  8.04e-02  5.81e-02  7.17e+04  6.37e+03 -1.00e+05
2016 08 16  2145   57616  78300   6.30e+01  3.31e-01  2.83e-01  9.26e-02  5.25e-02  2.30e-02  7.61e+04  6.16e+03 -1.00e+05
2016 08 16  2150   57616  78600   4.74e+01  1.90e-01  1.44e-01  9.59e-02  8.63e-02  6.40e-02  7.37e+04  5.71e+03 -1.00e+05
2016 08 16  2155   57616  78900   6.20e+01  2.37e-01  1.43e-01  8.60e-02  7.64e-02  5.40e-02  7.52e+04  6.55e+03 -1.00e+05
2016 08 16  2200   57616  79200   5.89e+01  2.13e-01  1.66e-01  1.16e-01  7.61e-02  4.66e-02  8.33e+04  6.88e+03 -1.00e+05
2016 08 16  2205   57616  79500   4.96e+01  2.93e-01  2.59e-01  1.18e-01  8.74e-02  5.90e-02  7.94e+04  7.19e+03 -1.00e+05
2016 08 16  2210   57616  79800   5.37e+01  3.47e-01  3.13e-01  9.44e-02  5.26e-02  2.30e-02  8.62e+04  7.70e+03 -1.00e+05
2016 08 16  2215   57616  80100   5.41e+01  2.07e-01  1.74e-01  6.87e-02  5.90e-02  3.67e-02  8.79e+04  7.91e+03 -1.00e+05
2016 08 16  2220   57616  80400   5.72e+01  1.93e-01  1.59e-01  6.34e-02  5.37e-02  2.66e-02  8.75e+04  8.08e+03 -1.00e+05
2016 08 16  2225   57616  80700   5.92e+01  3.13e-01  2.79e-01  9.22e-02  5.37e-02  2.30e-02  8.79e+04  8.14e+03 -1.00e+05
2016 08 16  2230   57616  81000   5.96e+01  1.55e-01  1.22e-01  7.61e-02  6.64e-02  4.41e-02  8.75e+04  8.22e+03 -1.00e+05
2016 08 16  2235   57616  81300   5.63e+01  3.50e-01  3.17e-01  1.28e-01  7.92e-02  3.80e-02  8.39e+04  7.64e+03 -1.00e+05
2016 08 16  2240   57616  81600   8.67e+01  3.08e-01  2.11e-01  5.95e-02  4.63e-02  2.30e-02  8.45e+04  7.90e+03 -1.00e+05
2016 08 16  2245   57616  81900   1.19e+02  3.64e-01  1.55e-01  1.07e-01  9.74e-02  3.97e-02  8.44e+04  7.82e+03 -1.00e+05
2016 08 16  2250   57616  82200   6.04e+01  1.40e-01  1.07e-01  6.12e-02  5.16e-02  2.93e-02  8.19e+04  7.83e+03 -1.00e+05
2016 08 16  2255   57616  82500   6.17e+01  1.97e-01  1.64e-01  7.61e-02  6.64e-02  4.41e-02  8.23e+04  7.81e+03 -1.00e+05
2016 08 16  2300   57616  82800   6.20e+01  2.11e-01  1.78e-01  7.36e-02  6.40e-02  4.17e-02  7.93e+04  7.51e+03 -1.00e+05
2016 08 16  2305   57616  83100   5.92e+01  4.01e-01  3.68e-01  2.07e-01  1.36e-01  4.38e-02  7.84e+04  7.21e+03 -1.00e+05
2016 08 16  2310   57616  83400   5.09e+01  1.79e-01  1.46e-01  9.92e-02  6.97e-02  4.17e-02  7.27e+04  6.52e+03 -1.00e+05
2016 08 16  2315   57616  83700   7.08e+01  6.17e-01  3.38e-01  1.22e-01  9.99e-02  7.39e-02  7.16e+04  5.52e+03 -1.00e+05
2016 08 16  2320   57616  84000   3.70e+01  1.36e-01  1.02e-01  5.63e-02  4.66e-02  2.43e-02  6.35e+04  4.89e+03 -1.00e+05
2016 08 16  2325   57616  84300   3.81e+01  1.92e-01  1.47e-01  9.84e-02  8.87e-02  6.64e-02  5.85e+04  4.31e+03 -1.00e+05
2016 08 16  2330   57616  84600   3.78e+01  2.19e-01  1.72e-01  1.23e-01  8.11e-02  5.16e-02  5.23e+04  3.61e+03 -1.00e+05
2016 08 16  2335   57616  84900   5.91e+01  2.39e-01  1.03e-01  5.50e-02  4.53e-02  2.30e-02  4.71e+04  3.25e+03 -1.00e+05
2016 08 16  2340   57616  85200   3.60e+01  2.44e-01  2.10e-01  1.63e-01  1.16e-01  4.82e-02  4.48e+04  2.89e+03 -1.00e+05
2016 08 16  2345   57616  85500   4.65e+01  2.28e-01  1.31e-01  7.26e-02  4.93e-02  2.30e-02  4.00e+04  2.57e+03 -1.00e+05
2016 08 16  2350   57616  85800   3.78e+01  2.06e-01  1.58e-01  1.09e-01  6.80e-02  3.67e-02  3.78e+04  2.59e+03 -1.00e+05
2016 08 16  2355   57616  86100   3.82e+01  2.95e-01  2.47e-01  5.88e-02  4.91e-02  2.68e-02  3.63e+04  2.44e+03 -1.00e+05
