:Data_list: 20160419_Gp_part_5m.txt
:Created: 2016 Apr 20 0011 UTC
# Prepared by the U.S. Dept. of Commerce, NOAA, Space Weather Prediction Center
# Please send comments and suggestions to SWPC.Webmaster@noaa.gov 
# 
# Label: P > 1 = Particles at >1 Mev
# Label: P > 5 = Particles at >5 Mev
# Label: P >10 = Particles at >10 Mev
# Label: P >30 = Particles at >30 Mev
# Label: P >50 = Particles at >50 Mev
# Label: P>100 = Particles at >100 Mev
# Label: E>0.8 = Electrons at >0.8 Mev
# Label: E>2.0 = Electrons at >2.0 Mev
# Label: E>4.0 = Electrons at >4.0 Mev
# Units: Particles = Protons/cm2-s-sr
# Units: Electrons = Electrons/cm2-s-sr
# Source: GOES-13
# Location: W075
# Missing data: -1.00e+05
#
#                      5-minute  GOES-13 Solar Particle and Electron Flux
#
#                 Modified Seconds
# UTC Date  Time   Julian  of the
# YR MO DA  HHMM    Day     Day     P > 1     P > 5     P >10     P >30     P >50     P>100     E>0.8     E>2.0     E>4.0
#-------------------------------------------------------------------------------------------------------------------------
2016 04 19  0000   57497      0   6.23e+00  7.08e-01  2.45e-01  8.75e-02  7.64e-02  5.39e-02  5.31e+03  1.29e+02 -1.00e+05
2016 04 19  0005   57497    300   7.50e+00  5.73e-01  1.77e-01  1.35e-01  1.24e-01  4.90e-02  5.27e+03  1.23e+02 -1.00e+05
2016 04 19  0010   57497    600   7.54e+00  9.68e-01  2.48e-01  5.86e-02  4.73e-02  2.46e-02  5.15e+03  1.20e+02 -1.00e+05
2016 04 19  0015   57497    900   7.16e+00  4.98e-01  1.41e-01  9.37e-02  5.52e-02  2.46e-02  5.16e+03  1.19e+02 -1.00e+05
2016 04 19  0020   57497   1200   7.54e+00  5.24e-01  1.36e-01  8.96e-02  7.83e-02  4.79e-02  5.16e+03  1.19e+02 -1.00e+05
2016 04 19  0025   57497   1500   6.67e+00  5.08e-01  1.16e-01  6.94e-02  5.18e-02  2.70e-02  5.18e+03  1.11e+02 -1.00e+05
2016 04 19  0030   57497   1800   1.00e+01  1.44e+00  2.87e-01  6.10e-02  4.78e-02  2.46e-02  5.10e+03  1.19e+02 -1.00e+05
2016 04 19  0035   57497   2100   1.07e+01  1.59e+00  2.51e-01  6.10e-02  4.97e-02  2.70e-02  4.96e+03  1.18e+02 -1.00e+05
2016 04 19  0040   57497   2400   8.14e+00  5.06e-01  1.35e-01  8.87e-02  6.55e-02  2.93e-02  4.95e+03  1.13e+02 -1.00e+05
2016 04 19  0045   57497   2700   6.29e+00  3.66e-01  1.23e-01  7.59e-02  6.45e-02  4.18e-02  4.98e+03  1.16e+02 -1.00e+05
2016 04 19  0050   57497   3000   7.26e+00  3.88e-01  1.05e-01  5.86e-02  4.73e-02  2.46e-02  4.78e+03  1.13e+02 -1.00e+05
2016 04 19  0055   57497   3300   8.24e+00  5.97e-01  2.06e-01  1.59e-01  1.04e-01  6.91e-02  4.86e+03  1.14e+02 -1.00e+05
2016 04 19  0100   57497   3600   8.65e+00  5.80e-01  1.38e-01  9.19e-02  7.39e-02  4.92e-02  4.88e+03  1.18e+02 -1.00e+05
2016 04 19  0105   57497   3900   8.45e+00  8.50e-01  2.69e-01  1.01e-01  8.34e-02  3.89e-02  4.90e+03  1.18e+02 -1.00e+05
2016 04 19  0110   57497   4200   6.67e+00  5.65e-01  1.95e-01  6.10e-02  4.78e-02  2.46e-02  4.86e+03  1.17e+02 -1.00e+05
2016 04 19  0115   57497   4500   1.03e+01  8.23e-01  1.45e-01  9.76e-02  5.41e-02  2.46e-02  4.83e+03  1.15e+02 -1.00e+05
2016 04 19  0120   57497   4800   8.57e+00  6.09e-01  1.34e-01  8.72e-02  5.37e-02  2.46e-02  4.90e+03  1.08e+02 -1.00e+05
2016 04 19  0125   57497   5100   7.70e+00  5.63e-01  1.05e-01  5.86e-02  4.73e-02  2.46e-02  4.84e+03  1.15e+02 -1.00e+05
2016 04 19  0130   57497   5400   8.37e+00  5.92e-01  1.34e-01  8.83e-02  7.69e-02  5.42e-02  4.81e+03  1.09e+02 -1.00e+05
2016 04 19  0135   57497   5700   9.12e+00  1.10e+00  4.50e-01  1.08e-01  6.39e-02  3.44e-02  4.77e+03  1.04e+02 -1.00e+05
2016 04 19  0140   57497   6000   8.08e+00  8.06e-01  2.74e-01  8.05e-02  6.92e-02  3.49e-02  4.66e+03  1.07e+02 -1.00e+05
2016 04 19  0145   57497   6300   1.03e+01  1.19e+00  2.23e-01  9.68e-02  8.55e-02  5.36e-02  4.70e+03  1.02e+02 -1.00e+05
2016 04 19  0150   57497   6600   8.78e+00  8.75e-01  2.04e-01  6.10e-02  4.78e-02  2.46e-02  4.57e+03  1.04e+02 -1.00e+05
2016 04 19  0155   57497   6900   7.83e+00  9.86e-01  4.34e-01  1.15e-01  6.19e-02  2.70e-02  4.67e+03  1.06e+02 -1.00e+05
2016 04 19  0200   57497   7200   8.08e+00  9.77e-01  2.58e-01  6.27e-02  5.01e-02  2.70e-02  4.55e+03  1.07e+02 -1.00e+05
2016 04 19  0205   57497   7500   7.92e+00  7.80e-01  1.95e-01  5.86e-02  4.73e-02  2.46e-02  4.49e+03  1.08e+02 -1.00e+05
2016 04 19  0210   57497   7800   6.49e+00  5.46e-01  2.65e-01  1.40e-01  1.28e-01  6.40e-02  4.63e+03  1.01e+02 -1.00e+05
2016 04 19  0215   57497   8100   8.95e+00  5.12e-01  1.21e-01  7.41e-02  5.08e-02  2.46e-02  4.49e+03  1.10e+02 -1.00e+05
2016 04 19  0220   57497   8400   8.01e+00  4.88e-01  1.14e-01  6.75e-02  4.93e-02  2.46e-02  4.46e+03  1.03e+02 -1.00e+05
2016 04 19  0225   57497   8700   8.30e+00  5.63e-01  1.67e-01  1.20e-01  1.09e-01  5.61e-02  4.50e+03  1.04e+02 -1.00e+05
2016 04 19  0230   57497   9000   7.85e+00  8.70e-01  3.34e-01  1.03e-01  5.41e-02  2.46e-02  4.49e+03  1.03e+02 -1.00e+05
2016 04 19  0235   57497   9300   6.83e+00  7.07e-01  3.20e-01  1.03e-01  9.18e-02  6.91e-02  4.46e+03  1.03e+02 -1.00e+05
2016 04 19  0240   57497   9600   7.51e+00  4.80e-01  1.41e-01  9.37e-02  5.52e-02  2.46e-02  4.54e+03  1.03e+02 -1.00e+05
2016 04 19  0245   57497   9900   7.39e+00  8.85e-01  2.96e-01  6.75e-02  4.93e-02  2.46e-02  4.69e+03  1.04e+02 -1.00e+05
2016 04 19  0250   57497  10200   7.92e+00  9.30e-01  2.90e-01  6.27e-02  5.01e-02  2.70e-02  4.61e+03  9.30e+01 -1.00e+05
2016 04 19  0255   57497  10500   7.73e+00  5.63e-01  1.05e-01  5.86e-02  4.73e-02  2.46e-02  4.71e+03  9.87e+01 -1.00e+05
2016 04 19  0300   57497  10800   6.89e+00  7.94e-01  2.14e-01  8.06e-02  5.23e-02  2.46e-02  4.69e+03  1.01e+02 -1.00e+05
2016 04 19  0305   57497  11100   7.54e+00  9.48e-01  1.95e-01  5.86e-02  4.73e-02  2.46e-02  4.54e+03  9.75e+01 -1.00e+05
2016 04 19  0310   57497  11400   8.03e+00  6.45e-01  2.07e-01  7.83e-02  6.70e-02  4.43e-02  4.43e+03  9.48e+01 -1.00e+05
2016 04 19  0315   57497  11700   9.29e+00  5.14e-01  1.05e-01  5.86e-02  4.73e-02  2.46e-02  4.25e+03  8.96e+01 -1.00e+05
2016 04 19  0320   57497  12000   9.42e+00  8.23e-01  2.87e-01  5.86e-02  4.73e-02  2.46e-02  4.09e+03  9.01e+01 -1.00e+05
2016 04 19  0325   57497  12300   9.29e+00  4.45e-01  1.62e-01  1.13e-01  5.96e-02  2.46e-02  4.03e+03  9.29e+01 -1.00e+05
2016 04 19  0330   57497  12600   1.12e+01  5.65e-01  1.07e-01  6.10e-02  4.78e-02  2.46e-02  3.89e+03  9.08e+01 -1.00e+05
2016 04 19  0335   57497  12900   1.10e+01  5.18e-01  1.09e-01  6.27e-02  5.01e-02  2.70e-02  3.94e+03  8.67e+01 -1.00e+05
2016 04 19  0340   57497  13200   1.12e+01  7.44e-01  2.08e-01  7.41e-02  5.08e-02  2.46e-02  3.97e+03  8.75e+01 -1.00e+05
2016 04 19  0345   57497  13500   8.68e+00  3.98e-01  1.55e-01  1.07e-01  5.82e-02  2.46e-02  4.05e+03  8.77e+01 -1.00e+05
2016 04 19  0350   57497  13800   9.02e+00  4.10e-01  1.47e-01  1.01e-01  8.93e-02  6.66e-02  4.09e+03  9.26e+01 -1.00e+05
2016 04 19  0355   57497  14100   1.14e+01  8.04e-01  1.88e-01  1.42e-01  1.31e-01  5.14e-02  4.15e+03  8.76e+01 -1.00e+05
2016 04 19  0400   57497  14400   9.72e+00  5.33e-01  1.41e-01  9.37e-02  5.52e-02  2.46e-02  4.19e+03  9.08e+01 -1.00e+05
2016 04 19  0405   57497  14700   1.13e+01  1.24e+00  4.27e-01  1.00e-01  5.67e-02  2.46e-02  4.23e+03  9.15e+01 -1.00e+05
2016 04 19  0410   57497  15000   1.10e+01  5.46e-01  1.21e-01  7.41e-02  5.08e-02  2.46e-02  4.19e+03  9.43e+01 -1.00e+05
2016 04 19  0415   57497  15300   9.22e+00  4.30e-01  1.48e-01  1.01e-01  8.55e-02  6.16e-02  4.23e+03  9.02e+01 -1.00e+05
2016 04 19  0420   57497  15600   1.11e+01  8.08e-01  2.48e-01  9.84e-02  8.71e-02  3.74e-02  4.24e+03  9.42e+01 -1.00e+05
2016 04 19  0425   57497  15900   7.02e+00  2.64e-01  1.35e-01  8.77e-02  6.70e-02  3.84e-02  4.23e+03  9.36e+01 -1.00e+05
2016 04 19  0430   57497  16200   1.20e+01  1.38e+00  5.08e-01  1.07e-01  5.82e-02  2.46e-02  4.23e+03  9.61e+01 -1.00e+05
2016 04 19  0435   57497  16500   9.68e+00  4.42e-01  1.21e-01  7.41e-02  5.08e-02  2.46e-02  4.16e+03  9.57e+01 -1.00e+05
2016 04 19  0440   57497  16800   9.31e+00  6.24e-01  2.28e-01  9.37e-02  5.52e-02  2.46e-02  4.22e+03  9.19e+01 -1.00e+05
2016 04 19  0445   57497  17100   1.07e+01  8.60e-01  2.23e-01  8.83e-02  7.69e-02  5.42e-02  4.18e+03  9.86e+01 -1.00e+05
2016 04 19  0450   57497  17400   1.05e+01  4.90e-01  1.45e-01  9.84e-02  8.71e-02  3.74e-02  4.27e+03  9.28e+01 -1.00e+05
2016 04 19  0455   57497  17700   8.72e+00  3.69e-01  1.05e-01  5.86e-02  4.73e-02  2.46e-02  4.25e+03  1.01e+02 -1.00e+05
2016 04 19  0500   57497  18000   9.13e+00  5.66e-01  2.41e-01  9.47e-02  8.34e-02  2.60e-02  4.23e+03  9.64e+01 -1.00e+05
2016 04 19  0505   57497  18300   9.95e+00  6.81e-01  2.87e-01  5.86e-02  4.73e-02  2.46e-02  4.17e+03  9.77e+01 -1.00e+05
2016 04 19  0510   57497  18600   8.31e+00  3.16e-01  1.39e-01  9.15e-02  8.01e-02  5.52e-02  4.04e+03  9.35e+01 -1.00e+05
2016 04 19  0515   57497  18900   1.15e+01  4.81e-01  1.07e-01  6.08e-02  4.94e-02  2.53e-02  3.94e+03  9.28e+01 -1.00e+05
2016 04 19  0520   57497  19200   8.73e+00  3.38e-01  1.38e-01  9.07e-02  7.94e-02  5.67e-02  4.00e+03  9.73e+01 -1.00e+05
2016 04 19  0525   57497  19500   9.71e+00  4.06e-01  1.49e-01  1.02e-01  7.32e-02  3.13e-02  3.92e+03  9.87e+01 -1.00e+05
2016 04 19  0530   57497  19800   1.04e+01  7.19e-01  1.95e-01  5.86e-02  4.73e-02  2.46e-02  3.92e+03  9.52e+01 -1.00e+05
2016 04 19  0535   57497  20100   9.56e+00  8.23e-01  2.87e-01  5.86e-02  4.73e-02  2.46e-02  4.04e+03  9.59e+01 -1.00e+05
2016 04 19  0540   57497  20400   9.63e+00  3.88e-01  1.05e-01  5.86e-02  4.73e-02  2.46e-02  3.99e+03  9.93e+01 -1.00e+05
2016 04 19  0545   57497  20700   1.06e+01  8.72e-01  3.10e-01  8.06e-02  5.23e-02  2.46e-02  4.07e+03  9.57e+01 -1.00e+05
2016 04 19  0550   57497  21000   9.39e+00  7.56e-01  3.03e-01  7.41e-02  5.08e-02  2.46e-02  4.05e+03  9.54e+01 -1.00e+05
2016 04 19  0555   57497  21300   9.56e+00  4.14e-01  1.32e-01  8.53e-02  7.24e-02  4.92e-02  4.06e+03  9.87e+01 -1.00e+05
2016 04 19  0600   57497  21600   7.25e+00  3.40e-01  1.96e-01  1.49e-01  1.37e-01  5.35e-02  4.06e+03  9.67e+01 -1.00e+05
2016 04 19  0605   57497  21900   9.11e+00  4.84e-01  1.95e-01  1.47e-01  9.79e-02  3.74e-02  4.07e+03  9.47e+01 -1.00e+05
2016 04 19  0610   57497  22200   1.06e+01  9.60e-01  2.90e-01  8.72e-02  5.37e-02  2.46e-02  4.07e+03  9.87e+01 -1.00e+05
2016 04 19  0615   57497  22500   9.70e+00  4.69e-01  1.65e-01  1.18e-01  1.07e-01  4.70e-02  4.09e+03  9.97e+01 -1.00e+05
2016 04 19  0620   57497  22800   8.55e+00  5.29e-01  1.88e-01  1.21e-01  8.72e-02  3.53e-02  4.18e+03  1.01e+02 -1.00e+05
2016 04 19  0625   57497  23100   7.88e+00  3.69e-01  1.48e-01  1.00e-01  7.77e-02  5.17e-02  4.17e+03  9.86e+01 -1.00e+05
2016 04 19  0630   57497  23400   9.25e+00  8.51e-01  3.46e-01  1.20e-01  7.13e-02  4.18e-02  4.26e+03  1.02e+02 -1.00e+05
2016 04 19  0635   57497  23700   7.51e+00  4.36e-01  1.55e-01  1.08e-01  9.67e-02  7.40e-02  4.31e+03  1.05e+02 -1.00e+05
2016 04 19  0640   57497  24000   5.77e+00  4.23e-01  2.87e-01  8.38e-02  7.25e-02  4.77e-02  4.38e+03  1.00e+02 -1.00e+05
2016 04 19  0645   57497  24300   5.57e+00  3.96e-01  2.56e-01  7.60e-02  5.32e-02  2.70e-02  4.42e+03  1.06e+02 -1.00e+05
2016 04 19  0650   57497  24600   7.30e+00  3.58e-01  1.15e-01  6.75e-02  4.93e-02  2.46e-02  4.42e+03  1.13e+02 -1.00e+05
2016 04 19  0655   57497  24900   9.21e+00  4.78e-01  1.21e-01  7.41e-02  5.08e-02  2.46e-02  4.41e+03  1.10e+02 -1.00e+05
2016 04 19  0700   57497  25200   7.94e+00  7.23e-01  3.28e-01  1.06e-01  6.36e-02  3.19e-02  4.44e+03  1.11e+02 -1.00e+05
2016 04 19  0705   57497  25500   9.03e+00  7.34e-01  2.45e-01  1.12e-01  6.50e-02  3.19e-02  4.47e+03  1.10e+02 -1.00e+05
2016 04 19  0710   57497  25800   8.64e+00  5.42e-01  1.17e-01  7.09e-02  5.96e-02  3.69e-02  4.53e+03  1.19e+02 -1.00e+05
2016 04 19  0715   57497  26100   5.65e+00  3.59e-01  2.17e-01  1.70e-01  1.59e-01  7.04e-02  4.64e+03  1.16e+02 -1.00e+05
2016 04 19  0720   57497  26400   8.20e+00  3.92e-01  1.48e-01  1.00e-01  5.67e-02  2.46e-02  4.54e+03  1.15e+02 -1.00e+05
2016 04 19  0725   57497  26700   9.20e+00  9.39e-01  3.52e-01  8.72e-02  5.37e-02  2.46e-02  4.44e+03  1.15e+02 -1.00e+05
2016 04 19  0730   57497  27000   9.10e+00  4.38e-01  1.17e-01  7.09e-02  5.96e-02  3.69e-02  4.40e+03  1.09e+02 -1.00e+05
2016 04 19  0735   57497  27300   1.01e+01  8.60e-01  3.02e-01  7.83e-02  6.70e-02  4.43e-02  4.33e+03  1.14e+02 -1.00e+05
2016 04 19  0740   57497  27600   6.69e+00  2.66e-01  1.11e-01  6.35e-02  5.22e-02  2.94e-02  4.43e+03  1.13e+02 -1.00e+05
2016 04 19  0745   57497  27900   8.31e+00  7.99e-01  2.46e-01  5.86e-02  4.73e-02  2.46e-02  4.38e+03  1.17e+02 -1.00e+05
2016 04 19  0750   57497  28200   7.01e+00  3.50e-01  1.39e-01  9.21e-02  8.08e-02  3.53e-02  4.41e+03  1.19e+02 -1.00e+05
2016 04 19  0755   57497  28500   8.74e+00  4.49e-01  1.39e-01  9.21e-02  8.08e-02  3.53e-02  4.51e+03  1.23e+02 -1.00e+05
2016 04 19  0800   57497  28800   7.36e+00  3.33e-01  1.10e-01  6.35e-02  5.22e-02  2.94e-02  4.46e+03  1.14e+02 -1.00e+05
2016 04 19  0805   57497  29100   5.63e+00  3.75e-01  2.09e-01  1.27e-01  8.39e-02  3.33e-02  4.64e+03  1.20e+02 -1.00e+05
2016 04 19  0810   57497  29400   7.55e+00  4.18e-01  1.35e-01  8.83e-02  6.93e-02  4.43e-02  4.57e+03  1.20e+02 -1.00e+05
2016 04 19  0815   57497  29700   7.98e+00  4.26e-01  1.05e-01  5.86e-02  4.73e-02  2.46e-02  4.69e+03  1.19e+02 -1.00e+05
2016 04 19  0820   57497  30000   4.45e+00  2.08e-01  1.16e-01  6.10e-02  4.97e-02  2.70e-02  4.72e+03  1.23e+02 -1.00e+05
2016 04 19  0825   57497  30300   6.99e+00  8.08e-01  4.12e-01  1.03e-01  5.41e-02  2.46e-02  4.73e+03  1.31e+02 -1.00e+05
2016 04 19  0830   57497  30600   6.04e+00  2.71e-01  1.15e-01  6.75e-02  4.93e-02  2.46e-02  4.73e+03  1.35e+02 -1.00e+05
2016 04 19  0835   57497  30900   3.16e+00  2.91e-01  2.61e-01  6.75e-02  4.93e-02  2.46e-02  4.92e+03  1.30e+02 -1.00e+05
2016 04 19  0840   57497  31200   5.15e+00  3.69e-01  2.29e-01  1.64e-01  1.28e-01  5.83e-02  4.74e+03  1.22e+02 -1.00e+05
2016 04 19  0845   57497  31500   7.04e+00  8.74e-01  4.32e-01  1.13e-01  5.96e-02  2.46e-02  4.72e+03  1.26e+02 -1.00e+05
2016 04 19  0850   57497  31800   3.61e+00  2.95e-01  2.66e-01  7.59e-02  6.45e-02  4.18e-02  4.95e+03  1.32e+02 -1.00e+05
2016 04 19  0855   57497  32100   5.47e+00  3.35e-01  1.95e-01  7.46e-02  5.85e-02  3.44e-02  4.97e+03  1.34e+02 -1.00e+05
2016 04 19  0900   57497  32400   6.28e+00  4.11e-01  2.08e-01  7.41e-02  5.08e-02  2.46e-02  4.98e+03  1.41e+02 -1.00e+05
2016 04 19  0905   57497  32700   6.79e+00  3.31e-01  1.31e-01  8.42e-02  7.29e-02  5.02e-02  5.07e+03  1.37e+02 -1.00e+05
2016 04 19  0910   57497  33000   5.55e+00  2.74e-01  1.18e-01  7.09e-02  5.96e-02  3.69e-02  5.17e+03  1.44e+02 -1.00e+05
2016 04 19  0915   57497  33300   6.92e+00  4.85e-01  1.94e-01  6.10e-02  4.97e-02  2.70e-02  5.22e+03  1.45e+02 -1.00e+05
2016 04 19  0920   57497  33600   3.63e+00  1.48e-01  1.05e-01  5.86e-02  4.73e-02  2.46e-02  5.27e+03  1.47e+02 -1.00e+05
2016 04 19  0925   57497  33900   5.56e+00  3.21e-01  1.27e-01  8.00e-02  6.87e-02  3.31e-02  5.28e+03  1.49e+02 -1.00e+05
2016 04 19  0930   57497  34200   3.37e+00  2.19e-01  1.77e-01  5.86e-02  4.73e-02  2.46e-02  5.49e+03  1.53e+02 -1.00e+05
2016 04 19  0935   57497  34500   4.63e+00  2.63e-01  1.23e-01  5.86e-02  4.73e-02  2.46e-02  5.49e+03  1.52e+02 -1.00e+05
2016 04 19  0940   57497  34800   6.12e+00  5.34e-01  2.26e-01  6.10e-02  4.78e-02  2.46e-02  5.49e+03  1.55e+02 -1.00e+05
2016 04 19  0945   57497  35100   3.21e+00  1.48e-01  1.05e-01  5.86e-02  4.73e-02  2.46e-02  5.50e+03  1.49e+02 -1.00e+05
2016 04 19  0950   57497  35400   4.80e+00  2.67e-01  1.28e-01  6.35e-02  5.22e-02  2.94e-02  5.52e+03  1.66e+02 -1.00e+05
2016 04 19  0955   57497  35700   6.09e+00  3.23e-01  1.21e-01  7.41e-02  5.08e-02  2.46e-02  5.51e+03  1.56e+02 -1.00e+05
2016 04 19  1000   57497  36000   3.07e+00  1.48e-01  1.05e-01  5.86e-02  4.73e-02  2.46e-02  5.67e+03  1.57e+02 -1.00e+05
2016 04 19  1005   57497  36300   5.36e+00  6.02e-01  3.36e-01  1.07e-01  5.82e-02  2.46e-02  5.80e+03  1.61e+02 -1.00e+05
2016 04 19  1010   57497  36600   5.20e+00  3.37e-01  1.15e-01  6.75e-02  4.93e-02  2.46e-02  5.81e+03  1.68e+02 -1.00e+05
2016 04 19  1015   57497  36900   4.37e+00  2.42e-01  1.11e-01  6.35e-02  5.22e-02  2.94e-02  5.84e+03  1.71e+02 -1.00e+05
2016 04 19  1020   57497  37200   2.42e+00  1.62e-01  1.32e-01  8.82e-02  7.69e-02  4.24e-02  5.95e+03  1.76e+02 -1.00e+05
2016 04 19  1025   57497  37500   2.46e+00  2.19e-01  1.90e-01  7.41e-02  5.08e-02  2.46e-02  6.12e+03  1.73e+02 -1.00e+05
2016 04 19  1030   57497  37800   2.86e+00  1.93e-01  1.51e-01  1.05e-01  9.24e-02  3.32e-02  6.12e+03  1.64e+02 -1.00e+05
2016 04 19  1035   57497  38100   3.86e+00  3.55e-01  2.63e-01  5.86e-02  4.73e-02  2.46e-02  6.06e+03  1.71e+02 -1.00e+05
2016 04 19  1040   57497  38400   5.48e+00  3.58e-01  1.35e-01  8.72e-02  5.37e-02  2.46e-02  6.07e+03  1.70e+02 -1.00e+05
2016 04 19  1045   57497  38700   5.79e+00  3.28e-01  1.05e-01  5.86e-02  4.73e-02  2.46e-02  5.93e+03  1.80e+02 -1.00e+05
2016 04 19  1050   57497  39000   3.81e+00  4.36e-01  2.98e-01  8.83e-02  6.93e-02  4.43e-02  5.87e+03  1.80e+02 -1.00e+05
2016 04 19  1055   57497  39300   4.59e+00  4.63e-01  2.14e-01  8.33e-02  7.20e-02  4.92e-02  6.13e+03  1.78e+02 -1.00e+05
2016 04 19  1100   57497  39600   4.97e+00  4.95e-01  2.60e-01  8.58e-02  7.45e-02  3.33e-02  6.15e+03  1.74e+02 -1.00e+05
2016 04 19  1105   57497  39900   4.87e+00  2.37e-01  1.06e-01  5.86e-02  4.73e-02  2.46e-02  6.23e+03  1.84e+02 -1.00e+05
2016 04 19  1110   57497  40200   3.01e+00  1.41e-01  1.12e-01  6.75e-02  4.93e-02  2.46e-02  6.03e+03  1.88e+02 -1.00e+05
2016 04 19  1115   57497  40500   3.80e+00  2.05e-01  1.14e-01  5.86e-02  4.73e-02  2.46e-02  6.19e+03  1.86e+02 -1.00e+05
2016 04 19  1120   57497  40800   4.91e+00  2.64e-01  1.52e-01  1.05e-01  9.33e-02  3.94e-02  6.22e+03  1.91e+02 -1.00e+05
2016 04 19  1125   57497  41100   2.93e+00  1.32e-01  1.03e-01  5.86e-02  4.73e-02  2.46e-02  6.36e+03  1.96e+02 -1.00e+05
2016 04 19  1130   57497  41400   2.65e+00  1.32e-01  1.03e-01  5.86e-02  4.73e-02  2.46e-02  6.63e+03  2.06e+02 -1.00e+05
2016 04 19  1135   57497  41700   2.76e+00  2.75e-01  2.45e-01  1.35e-01  8.74e-02  5.42e-02  6.82e+03  2.04e+02 -1.00e+05
2016 04 19  1140   57497  42000   4.56e+00  2.91e-01  1.35e-01  8.77e-02  6.15e-02  3.44e-02  6.83e+03  2.13e+02 -1.00e+05
2016 04 19  1145   57497  42300   4.80e+00  5.96e-01  2.52e-01  7.96e-02  6.83e-02  3.13e-02  7.00e+03  2.15e+02 -1.00e+05
2016 04 19  1150   57497  42600   2.78e+00  2.77e-01  1.85e-01  5.86e-02  4.73e-02  2.46e-02  7.16e+03  2.28e+02 -1.00e+05
2016 04 19  1155   57497  42900   3.34e+00  4.82e-01  2.87e-01  6.10e-02  4.78e-02  2.46e-02  7.24e+03  2.33e+02 -1.00e+05
2016 04 19  1200   57497  43200   2.74e+00  2.05e-01  1.14e-01  5.86e-02  4.73e-02  2.46e-02  7.49e+03  2.29e+02 -1.00e+05
2016 04 19  1205   57497  43500   2.76e+00  3.28e-01  2.11e-01  1.64e-01  1.45e-01  5.55e-02  7.46e+03  2.28e+02 -1.00e+05
2016 04 19  1210   57497  43800   2.84e+00  3.14e-01  1.36e-01  8.83e-02  6.93e-02  4.43e-02  7.45e+03  2.49e+02 -1.00e+05
2016 04 19  1215   57497  44100   2.73e+00  2.73e-01  1.42e-01  9.37e-02  5.52e-02  2.46e-02  8.22e+03  2.64e+02 -1.00e+05
2016 04 19  1220   57497  44400   2.78e+00  2.53e-01  1.33e-01  8.58e-02  7.45e-02  3.33e-02  8.22e+03  2.72e+02 -1.00e+05
2016 04 19  1225   57497  44700   1.51e+00  1.55e-01  1.26e-01  8.06e-02  5.23e-02  2.46e-02  8.32e+03  2.82e+02 -1.00e+05
2016 04 19  1230   57497  45000   1.63e+00  1.62e-01  1.33e-01  8.83e-02  7.69e-02  5.42e-02  8.82e+03  2.87e+02 -1.00e+05
2016 04 19  1235   57497  45300   1.51e+00  2.07e-01  1.77e-01  1.32e-01  1.05e-01  4.50e-02  8.65e+03  2.88e+02 -1.00e+05
2016 04 19  1240   57497  45600   1.51e+00  2.03e-01  1.74e-01  1.30e-01  1.18e-01  4.74e-02  8.61e+03  2.91e+02 -1.00e+05
2016 04 19  1245   57497  45900   1.53e+00  2.04e-01  1.74e-01  5.86e-02  4.73e-02  2.46e-02  8.91e+03  3.00e+02 -1.00e+05
2016 04 19  1250   57497  46200   1.39e+00  1.68e-01  1.39e-01  9.37e-02  5.52e-02  2.46e-02  8.89e+03  2.91e+02 -1.00e+05
2016 04 19  1255   57497  46500   1.84e+00  2.05e-01  1.14e-01  5.86e-02  4.73e-02  2.46e-02  9.25e+03  3.09e+02 -1.00e+05
2016 04 19  1300   57497  46800   1.73e+00  2.36e-01  1.45e-01  8.95e-02  6.38e-02  3.69e-02  9.03e+03  2.98e+02 -1.00e+05
2016 04 19  1305   57497  47100   2.41e+00  2.75e-01  1.44e-01  9.57e-02  5.77e-02  2.70e-02  9.26e+03  3.05e+02 -1.00e+05
2016 04 19  1310   57497  47400   2.41e+00  3.12e-01  1.58e-01  1.11e-01  9.92e-02  7.65e-02  9.26e+03  2.96e+02 -1.00e+05
2016 04 19  1315   57497  47700   1.15e+00  1.55e-01  1.13e-01  6.60e-02  5.46e-02  3.19e-02  9.32e+03  3.11e+02 -1.00e+05
2016 04 19  1320   57497  48000   2.96e+00  3.18e-01  1.40e-01  9.32e-02  8.19e-02  5.92e-02  9.41e+03  3.08e+02 -1.00e+05
2016 04 19  1325   57497  48300   1.81e+00  2.08e-01  1.27e-01  7.38e-02  6.24e-02  3.10e-02  9.28e+03  3.08e+02 -1.00e+05
2016 04 19  1330   57497  48600   2.63e+00  6.19e-01  4.09e-01  1.28e-01  7.36e-02  2.93e-02  9.33e+03  3.08e+02 -1.00e+05
2016 04 19  1335   57497  48900   3.15e+00  5.48e-01  2.84e-01  6.08e-02  4.94e-02  2.53e-02  9.21e+03  3.14e+02 -1.00e+05
2016 04 19  1340   57497  49200   3.68e+00  5.62e-01  1.92e-01  5.86e-02  4.73e-02  2.46e-02  9.13e+03  3.09e+02 -1.00e+05
2016 04 19  1345   57497  49500   1.64e+00  2.40e-01  2.11e-01  1.66e-01  1.55e-01  7.76e-02  8.97e+03  3.05e+02 -1.00e+05
2016 04 19  1350   57497  49800   2.81e+00  2.62e-01  1.06e-01  5.86e-02  4.73e-02  2.46e-02  8.95e+03  3.26e+02 -1.00e+05
2016 04 19  1355   57497  50100   1.83e+00  2.08e-01  1.54e-01  1.05e-01  9.33e-02  3.94e-02  8.94e+03  3.18e+02 -1.00e+05
2016 04 19  1400   57497  50400   2.91e+00  2.64e-01  1.08e-01  6.10e-02  4.78e-02  2.46e-02  9.10e+03  3.18e+02 -1.00e+05
2016 04 19  1405   57497  50700   2.62e+00  3.06e-01  1.66e-01  6.12e-02  4.99e-02  2.70e-02  8.94e+03  3.18e+02 -1.00e+05
2016 04 19  1410   57497  51000   3.31e+00  4.71e-01  2.08e-01  7.41e-02  5.08e-02  2.46e-02  8.90e+03  3.27e+02 -1.00e+05
2016 04 19  1415   57497  51300   2.20e+00  2.15e-01  1.23e-01  6.75e-02  4.93e-02  2.46e-02  8.98e+03  3.07e+02 -1.00e+05
2016 04 19  1420   57497  51600   1.73e+00  1.72e-01  1.42e-01  9.82e-02  8.68e-02  6.41e-02  8.94e+03  3.28e+02 -1.00e+05
2016 04 19  1425   57497  51900   2.73e+00  2.37e-01  1.06e-01  5.86e-02  4.73e-02  2.46e-02  9.11e+03  3.29e+02 -1.00e+05
2016 04 19  1430   57497  52200   2.91e+00  3.14e-01  1.74e-01  5.86e-02  4.73e-02  2.46e-02  8.90e+03  3.42e+02 -1.00e+05
2016 04 19  1435   57497  52500   2.00e+00  3.23e-01  2.83e-01  9.57e-02  8.44e-02  6.16e-02  8.93e+03  3.21e+02 -1.00e+05
2016 04 19  1440   57497  52800   3.93e+00  3.58e-01  1.15e-01  6.75e-02  4.93e-02  2.46e-02  8.98e+03  3.41e+02 -1.00e+05
2016 04 19  1445   57497  53100   1.70e+00  1.35e-01  1.05e-01  6.10e-02  4.78e-02  2.46e-02  9.28e+03  3.45e+02 -1.00e+05
2016 04 19  1450   57497  53400   2.38e+00  2.67e-01  1.78e-01  1.23e-01  1.12e-01  4.54e-02  9.30e+03  3.51e+02 -1.00e+05
2016 04 19  1455   57497  53700   1.94e+00  1.32e-01  1.03e-01  5.86e-02  4.73e-02  2.46e-02  9.35e+03  3.52e+02 -1.00e+05
2016 04 19  1500   57497  54000   3.86e+00  2.64e-01  1.08e-01  6.10e-02  4.97e-02  2.70e-02  9.38e+03  3.33e+02 -1.00e+05
2016 04 19  1505   57497  54300   1.78e+00  1.71e-01  1.42e-01  9.73e-02  8.09e-02  5.67e-02  9.10e+03  3.58e+02 -1.00e+05
2016 04 19  1510   57497  54600   3.18e+00  2.79e-01  1.24e-01  7.62e-02  5.29e-02  2.53e-02  9.40e+03  3.60e+02 -1.00e+05
2016 04 19  1515   57497  54900   2.09e+00  1.74e-01  1.45e-01  9.92e-02  5.41e-02  2.46e-02  9.41e+03  3.48e+02 -1.00e+05
2016 04 19  1520   57497  55200   1.71e+00  1.32e-01  1.03e-01  5.86e-02  4.73e-02  2.46e-02  9.41e+03  3.50e+02 -1.00e+05
2016 04 19  1525   57497  55500   2.07e+00  1.73e-01  1.44e-01  5.86e-02  4.73e-02  2.46e-02  9.41e+03  3.50e+02 -1.00e+05
2016 04 19  1530   57497  55800   2.04e+00  1.48e-01  1.07e-01  6.08e-02  4.94e-02  2.53e-02  9.41e+03  3.48e+02 -1.00e+05
2016 04 19  1535   57497  56100   2.53e+00  3.32e-01  2.52e-01  7.33e-02  6.20e-02  2.93e-02  9.41e+03  3.59e+02 -1.00e+05
2016 04 19  1540   57497  56400   2.48e+00  2.97e-01  2.08e-01  8.71e-02  7.48e-02  5.17e-02  9.41e+03  3.60e+02 -1.00e+05
2016 04 19  1545   57497  56700   1.94e+00  1.78e-01  1.49e-01  1.05e-01  9.33e-02  3.94e-02  9.41e+03  3.53e+02 -1.00e+05
2016 04 19  1550   57497  57000   2.08e+00  1.92e-01  1.62e-01  1.18e-01  1.07e-01  8.39e-02  9.41e+03  3.65e+02 -1.00e+05
2016 04 19  1555   57497  57300   3.25e+00  4.21e-01  2.82e-01  7.09e-02  5.96e-02  3.69e-02  9.42e+03  3.56e+02 -1.00e+05
2016 04 19  1600   57497  57600   1.82e+00  1.42e-01  1.13e-01  6.84e-02  5.71e-02  3.44e-02  9.41e+03  3.49e+02 -1.00e+05
2016 04 19  1605   57497  57900   2.94e+00  3.39e-01  2.16e-01  1.42e-01  1.31e-01  5.14e-02  9.41e+03  3.52e+02 -1.00e+05
2016 04 19  1610   57497  58200   1.94e+00  1.61e-01  1.32e-01  8.72e-02  7.59e-02  3.87e-02  9.41e+03  3.60e+02 -1.00e+05
2016 04 19  1615   57497  58500   2.01e+00  1.32e-01  1.03e-01  5.86e-02  4.73e-02  2.46e-02  9.41e+03  3.57e+02 -1.00e+05
2016 04 19  1620   57497  58800   2.59e+00  3.55e-01  2.63e-01  5.86e-02  4.73e-02  2.46e-02  9.41e+03  3.63e+02 -1.00e+05
2016 04 19  1625   57497  59100   3.58e+00  3.20e-01  1.27e-01  7.96e-02  6.83e-02  3.13e-02  9.41e+03  3.64e+02 -1.00e+05
2016 04 19  1630   57497  59400   1.98e+00  2.04e-01  1.74e-01  5.86e-02  4.73e-02  2.46e-02  9.42e+03  3.69e+02 -1.00e+05
2016 04 19  1635   57497  59700   2.23e+00  1.84e-01  1.41e-01  9.37e-02  5.52e-02  2.46e-02  9.46e+03  3.69e+02 -1.00e+05
2016 04 19  1640   57497  60000   3.49e+00  2.46e-01  1.15e-01  6.75e-02  4.93e-02  2.46e-02  9.61e+03  3.61e+02 -1.00e+05
2016 04 19  1645   57497  60300   2.32e+00  2.46e-01  2.16e-01  1.71e-01  1.33e-01  4.94e-02  9.41e+03  3.70e+02 -1.00e+05
2016 04 19  1650   57497  60600   2.35e+00  2.46e-01  2.17e-01  1.71e-01  1.33e-01  4.94e-02  9.41e+03  3.65e+02 -1.00e+05
2016 04 19  1655   57497  60900   2.29e+00  2.22e-01  1.93e-01  1.49e-01  1.37e-01  5.35e-02  9.41e+03  3.67e+02 -1.00e+05
2016 04 19  1700   57497  61200   2.36e+00  1.32e-01  1.03e-01  5.86e-02  4.73e-02  2.46e-02  9.49e+03  3.71e+02 -1.00e+05
2016 04 19  1705   57497  61500   2.84e+00  2.05e-01  1.14e-01  5.86e-02  4.73e-02  2.46e-02  9.42e+03  3.76e+02 -1.00e+05
2016 04 19  1710   57497  61800   2.58e+00  2.81e-01  2.45e-01  9.56e-02  6.21e-02  2.73e-02  9.42e+03  3.71e+02 -1.00e+05
2016 04 19  1715   57497  62100   2.15e+00  2.13e-01  1.83e-01  1.39e-01  1.28e-01  4.93e-02  9.45e+03  3.57e+02 -1.00e+05
2016 04 19  1720   57497  62400   1.81e+00  1.55e-01  1.26e-01  8.06e-02  5.23e-02  2.46e-02  9.44e+03  3.61e+02 -1.00e+05
2016 04 19  1725   57497  62700   2.00e+00  1.32e-01  1.03e-01  5.86e-02  4.73e-02  2.46e-02  9.42e+03  3.64e+02 -1.00e+05
2016 04 19  1730   57497  63000   2.00e+00  1.84e-01  1.54e-01  5.86e-02  4.73e-02  2.46e-02  9.41e+03  3.58e+02 -1.00e+05
2016 04 19  1735   57497  63300   2.58e+00  2.16e-01  1.40e-01  8.77e-02  7.64e-02  4.06e-02  9.46e+03  3.66e+02 -1.00e+05
2016 04 19  1740   57497  63600   2.08e+00  2.03e-01  1.74e-01  1.30e-01  1.18e-01  4.74e-02  9.42e+03  3.56e+02 -1.00e+05
2016 04 19  1745   57497  63900   1.94e+00  2.19e-01  1.90e-01  7.41e-02  5.08e-02  2.46e-02  9.41e+03  3.61e+02 -1.00e+05
2016 04 19  1750   57497  64200   1.85e+00  1.75e-01  1.46e-01  1.00e-01  5.67e-02  2.46e-02  9.41e+03  3.50e+02 -1.00e+05
2016 04 19  1755   57497  64500   3.25e+00  3.47e-01  1.93e-01  1.44e-01  1.00e-01  6.77e-02  9.41e+03  3.45e+02 -1.00e+05
2016 04 19  1800   57497  64800   1.80e+00  1.48e-01  1.05e-01  5.86e-02  4.73e-02  2.46e-02  9.39e+03  3.53e+02 -1.00e+05
2016 04 19  1805   57497  65100   1.93e+00  1.68e-01  1.39e-01  9.41e-02  7.75e-02  3.87e-02  9.28e+03  3.51e+02 -1.00e+05
2016 04 19  1810   57497  65400   2.05e+00  2.32e-01  2.02e-01  1.58e-01  1.47e-01  6.82e-02  9.37e+03  3.47e+02 -1.00e+05
2016 04 19  1815   57497  65700   1.74e+00  1.68e-01  1.39e-01  9.43e-02  7.71e-02  3.69e-02  9.22e+03  3.45e+02 -1.00e+05
2016 04 19  1820   57497  66000   2.07e+00  1.77e-01  1.47e-01  1.03e-01  9.18e-02  6.91e-02  8.96e+03  3.44e+02 -1.00e+05
2016 04 19  1825   57497  66300   1.96e+00  2.22e-01  1.93e-01  9.82e-02  8.68e-02  6.41e-02  8.99e+03  3.46e+02 -1.00e+05
2016 04 19  1830   57497  66600   2.01e+00  1.62e-01  1.33e-01  8.83e-02  7.69e-02  5.42e-02  8.96e+03  3.47e+02 -1.00e+05
2016 04 19  1835   57497  66900   2.95e+00  4.08e-01  3.10e-01  1.11e-01  9.96e-02  4.14e-02  8.91e+03  3.37e+02 -1.00e+05
2016 04 19  1840   57497  67200   3.45e+00  5.01e-01  3.11e-01  9.32e-02  8.19e-02  5.92e-02  8.91e+03  3.38e+02 -1.00e+05
2016 04 19  1845   57497  67500   1.99e+00  1.41e-01  1.12e-01  6.75e-02  5.62e-02  2.90e-02  8.91e+03  3.36e+02 -1.00e+05
2016 04 19  1850   57497  67800   2.16e+00  2.31e-01  2.01e-01  9.32e-02  8.19e-02  5.92e-02  8.91e+03  3.35e+02 -1.00e+05
2016 04 19  1855   57497  68100   3.09e+00  2.28e-01  1.37e-01  8.06e-02  5.23e-02  2.46e-02  8.91e+03  3.42e+02 -1.00e+05
2016 04 19  1900   57497  68400   2.97e+00  3.22e-01  1.94e-01  7.33e-02  6.20e-02  2.93e-02  8.91e+03  3.34e+02 -1.00e+05
2016 04 19  1905   57497  68700   3.02e+00  3.56e-01  2.19e-01  1.55e-01  1.44e-01  7.90e-02  8.88e+03  3.33e+02 -1.00e+05
2016 04 19  1910   57497  69000   2.14e+00  2.22e-01  1.93e-01  1.48e-01  1.28e-01  7.67e-02  8.79e+03  3.25e+02 -1.00e+05
2016 04 19  1915   57497  69300   2.12e+00  2.17e-01  1.88e-01  8.35e-02  7.22e-02  4.94e-02  8.72e+03  3.29e+02 -1.00e+05
2016 04 19  1920   57497  69600   1.93e+00  2.03e-01  1.74e-01  1.28e-01  7.91e-02  3.13e-02  8.61e+03  3.31e+02 -1.00e+05
2016 04 19  1925   57497  69900   2.76e+00  3.10e-01  2.22e-01  1.06e-01  9.43e-02  7.15e-02  8.57e+03  3.37e+02 -1.00e+05
2016 04 19  1930   57497  70200   2.13e+00  1.98e-01  1.60e-01  1.14e-01  9.83e-02  7.43e-02  8.49e+03  3.23e+02 -1.00e+05
2016 04 19  1935   57497  70500   3.49e+00  3.30e-01  1.92e-01  8.83e-02  7.69e-02  5.42e-02  8.50e+03  3.21e+02 -1.00e+05
2016 04 19  1940   57497  70800   2.13e+00  1.96e-01  1.66e-01  1.21e-01  8.24e-02  3.33e-02  8.50e+03  3.08e+02 -1.00e+05
2016 04 19  1945   57497  71100   2.68e+00  2.82e-01  2.52e-01  5.86e-02  4.73e-02  2.46e-02  8.33e+03  3.20e+02 -1.00e+05
2016 04 19  1950   57497  71400   3.31e+00  3.12e-01  2.24e-01  1.08e-01  9.67e-02  7.40e-02  8.44e+03  3.18e+02 -1.00e+05
2016 04 19  1955   57497  71700   2.49e+00  2.82e-01  2.52e-01  5.86e-02  4.73e-02  2.46e-02  8.44e+03  3.22e+02 -1.00e+05
2016 04 19  2000   57497  72000   2.52e+00  1.64e-01  1.28e-01  8.25e-02  5.92e-02  2.73e-02  8.20e+03  3.13e+02 -1.00e+05
2016 04 19  2005   57497  72300   5.22e+00  3.57e-01  1.55e-01  1.07e-01  5.82e-02  2.46e-02  8.18e+03  3.24e+02 -1.00e+05
2016 04 19  2010   57497  72600   4.07e+00  2.53e-01  1.22e-01  7.41e-02  5.08e-02  2.46e-02  8.17e+03  3.17e+02 -1.00e+05
2016 04 19  2015   57497  72900   4.43e+00  3.00e-01  1.70e-01  1.22e-01  8.45e-02  5.42e-02  8.15e+03  3.14e+02 -1.00e+05
2016 04 19  2020   57497  73200   2.87e+00  2.12e-01  1.83e-01  1.38e-01  1.25e-01  4.94e-02  8.14e+03  3.15e+02 -1.00e+05
2016 04 19  2025   57497  73500   2.72e+00  1.98e-01  1.68e-01  1.23e-01  7.90e-02  4.68e-02  8.14e+03  3.10e+02 -1.00e+05
2016 04 19  2030   57497  73800   2.94e+00  1.71e-01  1.30e-01  8.33e-02  7.20e-02  4.92e-02  8.13e+03  3.13e+02 -1.00e+05
2016 04 19  2035   57497  74100   3.61e+00  3.22e-01  2.48e-01  9.50e-02  7.17e-02  3.13e-02  7.97e+03  3.15e+02 -1.00e+05
2016 04 19  2040   57497  74400   2.84e+00  1.40e-01  1.11e-01  6.63e-02  5.47e-02  3.19e-02  7.86e+03  3.07e+02 -1.00e+05
2016 04 19  2045   57497  74700   2.50e+00  1.32e-01  1.03e-01  5.86e-02  4.73e-02  2.46e-02  7.92e+03  3.07e+02 -1.00e+05
2016 04 19  2050   57497  75000   3.61e+00  2.54e-01  1.86e-01  1.01e-01  8.99e-02  4.83e-02  7.87e+03  3.06e+02 -1.00e+05
2016 04 19  2055   57497  75300   3.59e+00  2.28e-01  1.37e-01  8.06e-02  5.23e-02  2.46e-02  7.84e+03  3.09e+02 -1.00e+05
2016 04 19  2100   57497  75600   4.95e+00  2.50e-01  1.22e-01  7.50e-02  6.34e-02  3.47e-02  7.74e+03  3.05e+02 -1.00e+05
2016 04 19  2105   57497  75900   3.13e+00  1.32e-01  1.03e-01  5.86e-02  4.73e-02  2.46e-02  7.57e+03  3.11e+02 -1.00e+05
2016 04 19  2110   57497  76200   4.02e+00  2.42e-01  1.99e-01  8.06e-02  5.23e-02  2.46e-02  7.61e+03  2.99e+02 -1.00e+05
2016 04 19  2115   57497  76500   3.92e+00  5.12e-01  4.83e-01  2.33e-01  1.40e-01  4.54e-02  7.49e+03  2.94e+02 -1.00e+05
2016 04 19  2120   57497  76800   3.20e+00  1.32e-01  1.03e-01  5.86e-02  4.73e-02  2.46e-02  7.50e+03  3.00e+02 -1.00e+05
2016 04 19  2125   57497  77100   4.67e+00  3.43e-01  2.50e-01  1.93e-01  1.53e-01  8.45e-02  7.47e+03  2.95e+02 -1.00e+05
2016 04 19  2130   57497  77400   3.34e+00  1.32e-01  1.03e-01  5.86e-02  4.73e-02  2.46e-02  7.47e+03  3.02e+02 -1.00e+05
2016 04 19  2135   57497  77700   3.42e+00  2.03e-01  1.74e-01  1.30e-01  1.18e-01  4.74e-02  7.49e+03  2.95e+02 -1.00e+05
2016 04 19  2140   57497  78000   4.07e+00  2.68e-01  1.77e-01  7.09e-02  5.96e-02  3.69e-02  7.47e+03  2.82e+02 -1.00e+05
2016 04 19  2145   57497  78300   3.85e+00  2.26e-01  1.70e-01  1.21e-01  1.10e-01  5.80e-02  7.48e+03  2.86e+02 -1.00e+05
2016 04 19  2150   57497  78600   3.10e+00  1.55e-01  1.26e-01  8.06e-02  5.23e-02  2.46e-02  7.34e+03  2.82e+02 -1.00e+05
2016 04 19  2155   57497  78900   3.07e+00  1.48e-01  1.19e-01  7.41e-02  5.08e-02  2.46e-02  7.16e+03  2.80e+02 -1.00e+05
2016 04 19  2200   57497  79200   3.60e+00  1.59e-01  1.30e-01  8.58e-02  7.45e-02  5.17e-02  7.16e+03  2.74e+02 -1.00e+05
2016 04 19  2205   57497  79500   3.61e+00  1.41e-01  1.12e-01  6.75e-02  4.93e-02  2.46e-02  7.17e+03  2.85e+02 -1.00e+05
2016 04 19  2210   57497  79800   3.62e+00  1.85e-01  1.55e-01  1.11e-01  9.96e-02  4.14e-02  7.00e+03  2.82e+02 -1.00e+05
2016 04 19  2215   57497  80100   3.66e+00  1.50e-01  1.21e-01  7.64e-02  6.08e-02  3.69e-02  7.07e+03  2.66e+02 -1.00e+05
2016 04 19  2220   57497  80400   4.01e+00  1.57e-01  1.15e-01  6.89e-02  5.76e-02  3.45e-02  6.97e+03  2.82e+02 -1.00e+05
2016 04 19  2225   57497  80700   4.59e+00  1.57e-01  1.15e-01  6.84e-02  5.71e-02  3.44e-02  6.83e+03  2.78e+02 -1.00e+05
2016 04 19  2230   57497  81000   7.28e+00  2.84e-01  1.28e-01  8.06e-02  5.23e-02  2.46e-02  6.84e+03  2.67e+02 -1.00e+05
2016 04 19  2235   57497  81300   4.57e+00  1.64e-01  1.21e-01  7.41e-02  5.08e-02  2.46e-02  6.83e+03  2.78e+02 -1.00e+05
2016 04 19  2240   57497  81600   4.02e+00  1.49e-01  1.20e-01  7.59e-02  6.45e-02  4.18e-02  6.83e+03  2.74e+02 -1.00e+05
2016 04 19  2245   57497  81900   4.24e+00  2.23e-01  1.94e-01  8.33e-02  7.20e-02  4.92e-02  6.59e+03  2.61e+02 -1.00e+05
2016 04 19  2250   57497  82200   4.63e+00  1.76e-01  1.46e-01  1.02e-01  9.08e-02  5.19e-02  6.49e+03  2.55e+02 -1.00e+05
2016 04 19  2255   57497  82500   4.83e+00  1.72e-01  1.42e-01  9.81e-02  8.68e-02  2.61e-02  6.49e+03  2.53e+02 -1.00e+05
2016 04 19  2300   57497  82800   8.29e+00  3.17e-01  1.63e-01  1.15e-01  1.04e-01  8.14e-02  6.40e+03  2.67e+02 -1.00e+05
2016 04 19  2305   57497  83100   6.66e+00  2.65e-01  1.57e-01  9.84e-02  8.71e-02  3.74e-02  6.21e+03  2.59e+02 -1.00e+05
2016 04 19  2310   57497  83400   4.90e+00  1.82e-01  1.53e-01  1.07e-01  5.82e-02  2.46e-02  6.16e+03  2.55e+02 -1.00e+05
2016 04 19  2315   57497  83700   5.04e+00  1.73e-01  1.44e-01  9.97e-02  8.47e-02  4.63e-02  6.16e+03  2.52e+02 -1.00e+05
2016 04 19  2320   57497  84000   7.88e+00  3.74e-01  2.38e-01  1.15e-01  1.04e-01  8.14e-02  6.16e+03  2.51e+02 -1.00e+05
2016 04 19  2325   57497  84300   8.10e+00  3.25e-01  1.87e-01  1.22e-01  8.45e-02  5.42e-02  6.21e+03  2.49e+02 -1.00e+05
2016 04 19  2330   57497  84600   4.93e+00  3.01e-01  2.72e-01  8.33e-02  7.20e-02  4.92e-02  6.28e+03  2.54e+02 -1.00e+05
2016 04 19  2335   57497  84900   4.99e+00  2.28e-01  1.99e-01  1.55e-01  1.43e-01  5.55e-02  6.07e+03  2.57e+02 -1.00e+05
2016 04 19  2340   57497  85200   5.21e+00  2.04e-01  1.74e-01  5.86e-02  4.73e-02  2.46e-02  6.15e+03  2.47e+02 -1.00e+05
2016 04 19  2345   57497  85500   4.90e+00  2.46e-01  2.16e-01  1.70e-01  1.06e-01  5.01e-02  6.05e+03  2.50e+02 -1.00e+05
2016 04 19  2350   57497  85800   5.29e+00  2.26e-01  1.86e-01  1.38e-01  9.21e-02  5.92e-02  5.84e+03  2.43e+02 -1.00e+05
2016 04 19  2355   57497  86100   5.68e+00  2.97e-01  2.55e-01  5.86e-02  4.73e-02  2.46e-02  5.82e+03  2.45e+02 -1.00e+05
