:Data_list: 20160908_Gs_part_5m.txt
:Created: 2016 Sep 09 0011 UTC
# Prepared by the U.S. Dept. of Commerce, NOAA, Space Weather Prediction Center
# Please send comments and suggestions to SWPC.Webmaster@noaa.gov 
# 
# Label: P > 1 = Particles at >1 Mev
# Label: P > 5 = Particles at >5 Mev
# Label: P >10 = Particles at >10 Mev
# Label: P >30 = Particles at >30 Mev
# Label: P >50 = Particles at >50 Mev
# Label: P>100 = Particles at >100 Mev
# Label: E>0.8 = Electrons at >0.8 Mev
# Label: E>2.0 = Electrons at >2.0 Mev
# Label: E>4.0 = Electrons at >4.0 Mev
# Units: Particles = Protons/cm2-s-sr
# Units: Electrons = Electrons/cm2-s-sr
# Source: GOES-15
# Location: W135
# Missing data: -1.00e+05
#
#                      5-minute  GOES-15 Solar Particle and Electron Flux
#
#                 Modified Seconds
# UTC Date  Time   Julian  of the
# YR MO DA  HHMM    Day     Day     P > 1     P > 5     P >10     P >30     P >50     P>100     E>0.8     E>2.0     E>4.0
#-------------------------------------------------------------------------------------------------------------------------
2016 09 08  0000   57639      0   1.15e+01  2.19e-01  1.32e-01  7.10e-02  6.10e-02  2.79e-02  1.26e+05  2.46e+04 -1.00e+05
2016 09 08  0005   57639    300   9.29e+00  1.50e-01  1.17e-01  6.47e-02  5.47e-02  2.59e-02  1.28e+05  2.49e+04 -1.00e+05
2016 09 08  0010   57639    600   1.36e+01  2.34e-01  1.34e-01  6.07e-02  4.61e-02  2.27e-02  1.30e+05  2.51e+04 -1.00e+05
2016 09 08  0015   57639    900   1.01e+01  2.59e-01  2.26e-01  8.35e-02  5.94e-02  2.81e-02  1.28e+05  2.41e+04 -1.00e+05
2016 09 08  0020   57639   1200   1.93e+01  3.46e-01  1.10e-01  5.47e-02  4.48e-02  2.27e-02  1.21e+05  2.21e+04 -1.00e+05
2016 09 08  0025   57639   1500   1.10e+01  2.34e-01  1.84e-01  1.19e-01  6.21e-02  3.31e-02  1.23e+05  2.16e+04 -1.00e+05
2016 09 08  0030   57639   1800   9.87e+00  1.84e-01  1.33e-01  7.77e-02  5.41e-02  2.81e-02  1.18e+05  2.02e+04 -1.00e+05
2016 09 08  0035   57639   2100   1.02e+01  2.18e-01  1.19e-01  5.47e-02  4.48e-02  2.27e-02  1.15e+05  1.85e+04 -1.00e+05
2016 09 08  0040   57639   2400   1.56e+01  3.27e-01  1.37e-01  8.03e-02  5.05e-02  2.27e-02  1.23e+05  2.11e+04 -1.00e+05
2016 09 08  0045   57639   2700   9.25e+00  2.33e-01  2.00e-01  6.07e-02  4.61e-02  2.27e-02  1.28e+05  2.30e+04 -1.00e+05
2016 09 08  0050   57639   3000   9.15e+00  1.91e-01  1.58e-01  1.06e-01  9.13e-02  6.77e-02  1.31e+05  2.43e+04 -1.00e+05
2016 09 08  0055   57639   3300   1.72e+01  3.22e-01  1.22e-01  5.47e-02  4.48e-02  2.27e-02  1.32e+05  2.40e+04 -1.00e+05
2016 09 08  0100   57639   3600   1.29e+01  2.18e-01  1.19e-01  5.47e-02  4.48e-02  2.27e-02  1.27e+05  2.31e+04 -1.00e+05
2016 09 08  0105   57639   3900   1.21e+01  1.99e-01  1.48e-01  9.20e-02  5.17e-02  2.27e-02  1.31e+05  2.48e+04 -1.00e+05
2016 09 08  0110   57639   4200   1.21e+01  1.90e-01  1.41e-01  8.01e-02  6.43e-02  4.05e-02  1.18e+05  2.08e+04 -1.00e+05
2016 09 08  0115   57639   4500   1.58e+01  2.00e-01  1.50e-01  9.34e-02  5.35e-02  2.27e-02  1.02e+05  1.92e+04 -1.00e+05
2016 09 08  0120   57639   4800   2.17e+01  2.70e-01  1.22e-01  5.47e-02  4.48e-02  2.27e-02  1.24e+05  2.22e+04 -1.00e+05
2016 09 08  0125   57639   5100   1.46e+01  1.59e-01  1.26e-01  7.38e-02  4.91e-02  2.27e-02  1.06e+05  2.01e+04 -1.00e+05
2016 09 08  0130   57639   5400   1.45e+01  1.46e-01  1.13e-01  6.07e-02  4.61e-02  2.27e-02  1.16e+05  2.19e+04 -1.00e+05
2016 09 08  0135   57639   5700   2.42e+01  3.26e-01  1.92e-01  1.34e-01  7.36e-02  2.79e-02  1.23e+05  2.30e+04 -1.00e+05
2016 09 08  0140   57639   6000   1.77e+01  3.47e-01  2.51e-01  9.05e-02  8.05e-02  2.31e-02  1.16e+05  2.19e+04 -1.00e+05
2016 09 08  0145   57639   6300   1.84e+01  4.41e-01  2.93e-01  5.47e-02  4.48e-02  2.27e-02  1.24e+05  2.36e+04 -1.00e+05
2016 09 08  0150   57639   6600   2.17e+01  2.52e-01  1.10e-01  5.47e-02  4.48e-02  2.27e-02  1.27e+05  2.49e+04 -1.00e+05
2016 09 08  0155   57639   6900   1.83e+01  3.01e-01  1.10e-01  5.47e-02  4.48e-02  2.27e-02  1.17e+05  2.13e+04 -1.00e+05
2016 09 08  0200   57639   7200   1.18e+01  2.19e-01  1.27e-01  6.47e-02  5.47e-02  2.59e-02  1.20e+05  2.17e+04 -1.00e+05
2016 09 08  0205   57639   7500   8.35e+00  2.11e-01  1.78e-01  1.26e-01  1.05e-01  5.32e-02  1.17e+05  2.03e+04 -1.00e+05
2016 09 08  0210   57639   7800   8.74e+00  2.32e-01  1.99e-01  1.47e-01  1.17e-01  4.40e-02  1.11e+05  1.92e+04 -1.00e+05
2016 09 08  0215   57639   8100   6.57e+00  2.12e-01  1.79e-01  6.02e-02  5.02e-02  2.81e-02  1.16e+05  2.05e+04 -1.00e+05
2016 09 08  0220   57639   8400   7.10e+00  1.53e-01  1.19e-01  6.76e-02  5.76e-02  3.55e-02  1.18e+05  2.04e+04 -1.00e+05
2016 09 08  0225   57639   8700   6.57e+00  2.13e-01  1.80e-01  1.28e-01  1.03e-01  4.00e-02  1.15e+05  2.05e+04 -1.00e+05
2016 09 08  0230   57639   9000   6.47e+00  1.40e-01  1.07e-01  5.47e-02  4.48e-02  2.27e-02  1.15e+05  2.01e+04 -1.00e+05
2016 09 08  0235   57639   9300   5.67e+00  2.23e-01  1.90e-01  1.38e-01  1.28e-01  6.49e-02  1.08e+05  1.79e+04 -1.00e+05
2016 09 08  0240   57639   9600   5.92e+00  2.27e-01  1.94e-01  5.47e-02  4.48e-02  2.27e-02  1.03e+05  1.58e+04 -1.00e+05
2016 09 08  0245   57639   9900   5.68e+00  1.94e-01  1.61e-01  1.08e-01  6.71e-02  3.80e-02  9.65e+04  1.45e+04 -1.00e+05
2016 09 08  0250   57639  10200   1.09e+01  4.97e-01  2.25e-01  5.52e-02  4.50e-02  2.28e-02  8.85e+04  1.20e+04 -1.00e+05
2016 09 08  0255   57639  10500   9.66e+00  2.71e-01  1.40e-01  8.40e-02  5.15e-02  2.28e-02  8.95e+04  1.22e+04 -1.00e+05
2016 09 08  0300   57639  10800   6.09e+00  2.36e-01  2.02e-01  5.59e-02  4.58e-02  2.36e-02  8.35e+04  1.10e+04 -1.00e+05
2016 09 08  0305   57639  11100   6.90e+00  3.17e-01  2.83e-01  8.50e-02  7.49e-02  4.30e-02  8.32e+04  1.09e+04 -1.00e+05
2016 09 08  0310   57639  11400   6.89e+00  2.61e-01  2.26e-01  1.07e-01  9.22e-02  5.98e-02  7.91e+04  1.03e+04 -1.00e+05
2016 09 08  0315   57639  11700   1.12e+01  3.28e-01  1.46e-01  9.06e-02  5.30e-02  2.28e-02  7.95e+04  1.00e+04 -1.00e+05
2016 09 08  0320   57639  12000   6.64e+00  2.54e-01  1.24e-01  5.52e-02  4.50e-02  2.28e-02  7.28e+04  8.82e+03 -1.00e+05
2016 09 08  0325   57639  12300   4.53e+00  1.51e-01  1.16e-01  6.44e-02  4.71e-02  2.28e-02  6.87e+04  8.32e+03 -1.00e+05
2016 09 08  0330   57639  12600   3.60e+00  2.38e-01  2.04e-01  5.84e-02  4.83e-02  2.60e-02  5.74e+04  6.49e+03 -1.00e+05
2016 09 08  0335   57639  12900   2.63e+00  1.41e-01  1.07e-01  5.52e-02  4.50e-02  2.28e-02  5.69e+04  6.21e+03 -1.00e+05
2016 09 08  0340   57639  13200   2.66e+00  1.84e-01  1.50e-01  9.66e-02  5.20e-02  2.28e-02  5.28e+04  6.05e+03 -1.00e+05
2016 09 08  0345   57639  13500   2.46e+00  2.74e-01  2.40e-01  8.40e-02  5.15e-02  2.28e-02  5.59e+04  6.74e+03 -1.00e+05
2016 09 08  0350   57639  13800   1.92e+00  1.41e-01  1.07e-01  5.52e-02  4.50e-02  2.28e-02  3.32e+04  3.45e+03 -1.00e+05
2016 09 08  0355   57639  14100   1.96e+00  1.85e-01  1.50e-01  9.81e-02  7.06e-02  2.94e-02  3.21e+04  3.03e+03 -1.00e+05
2016 09 08  0400   57639  14400   2.16e+00  1.61e-01  1.26e-01  5.78e-02  4.56e-02  2.28e-02  4.12e+04  4.36e+03 -1.00e+05
2016 09 08  0405   57639  14700   2.13e+00  1.52e-01  1.17e-01  6.58e-02  5.57e-02  3.35e-02  4.64e+04  5.00e+03 -1.00e+05
2016 09 08  0410   57639  15000   2.57e+00  1.41e-01  1.07e-01  5.52e-02  4.50e-02  2.28e-02  4.99e+04  5.33e+03 -1.00e+05
2016 09 08  0415   57639  15300   2.17e+00  2.39e-01  2.04e-01  1.21e-01  1.11e-01  4.96e-02  3.81e+04  3.54e+03 -1.00e+05
2016 09 08  0420   57639  15600   3.26e+00  2.76e-01  1.19e-01  6.44e-02  4.71e-02  2.28e-02  1.98e+04  1.43e+03 -1.00e+05
2016 09 08  0425   57639  15900   3.73e+00  3.23e-01  1.92e-01  6.49e-02  4.78e-02  2.36e-02  2.58e+04  1.84e+03 -1.00e+05
2016 09 08  0430   57639  16200   4.36e+00  2.72e-01  1.18e-01  6.32e-02  5.31e-02  2.54e-02  2.60e+04  2.22e+03 -1.00e+05
2016 09 08  0435   57639  16500   2.78e+00  2.97e-01  2.62e-01  8.20e-02  7.19e-02  3.14e-02  3.13e+04  2.51e+03 -1.00e+05
2016 09 08  0440   57639  16800   2.92e+00  1.41e-01  1.07e-01  5.52e-02  4.50e-02  2.28e-02  3.54e+04  3.14e+03 -1.00e+05
2016 09 08  0445   57639  17100   3.14e+00  3.29e-01  2.94e-01  7.27e-02  5.04e-02  2.34e-02  4.00e+04  3.57e+03 -1.00e+05
2016 09 08  0450   57639  17400   4.51e+00  2.60e-01  1.66e-01  1.03e-01  9.13e-02  3.75e-02  5.49e+04  5.73e+03 -1.00e+05
2016 09 08  0455   57639  17700   3.50e+00  1.54e-01  1.20e-01  6.83e-02  5.82e-02  3.59e-02  7.94e+04  1.01e+04 -1.00e+05
2016 09 08  0500   57639  18000   3.08e+00  2.01e-01  1.66e-01  9.71e-02  5.45e-02  2.28e-02  6.89e+04  8.25e+03 -1.00e+05
2016 09 08  0505   57639  18300   4.11e+00  2.54e-01  1.24e-01  5.52e-02  4.50e-02  2.28e-02  5.61e+04  5.76e+03 -1.00e+05
2016 09 08  0510   57639  18600   2.79e+00  1.41e-01  1.07e-01  5.52e-02  4.50e-02  2.28e-02  5.62e+04  5.29e+03 -1.00e+05
2016 09 08  0515   57639  18900   3.40e+00  1.99e-01  1.49e-01  9.46e-02  8.44e-02  3.55e-02  5.23e+04  4.87e+03 -1.00e+05
2016 09 08  0520   57639  19200   3.71e+00  2.57e-01  1.63e-01  1.01e-01  9.07e-02  3.75e-02  4.95e+04  4.29e+03 -1.00e+05
2016 09 08  0525   57639  19500   3.89e+00  2.41e-01  1.10e-01  5.52e-02  4.50e-02  2.28e-02  4.71e+04  4.10e+03 -1.00e+05
2016 09 08  0530   57639  19800   2.65e+00  1.59e-01  1.25e-01  5.96e-02  4.74e-02  2.34e-02  4.67e+04  3.77e+03 -1.00e+05
2016 09 08  0535   57639  20100   4.34e+00  2.64e-01  1.33e-01  7.75e-02  5.00e-02  2.28e-02  4.78e+04  4.06e+03 -1.00e+05
2016 09 08  0540   57639  20400   4.39e+00  3.37e-01  1.10e-01  5.52e-02  4.50e-02  2.28e-02  4.48e+04  3.63e+03 -1.00e+05
2016 09 08  0545   57639  20700   2.27e+00  1.58e-01  1.23e-01  5.52e-02  4.50e-02  2.28e-02  4.20e+04  3.27e+03 -1.00e+05
2016 09 08  0550   57639  21000   2.13e+00  2.15e-01  1.54e-01  9.78e-02  7.54e-02  3.14e-02  3.37e+04  2.78e+03 -1.00e+05
2016 09 08  0555   57639  21300   2.05e+00  3.16e-01  1.85e-01  5.52e-02  4.50e-02  2.28e-02  3.21e+04  3.13e+03 -1.00e+05
2016 09 08  0600   57639  21600   1.76e+00  2.41e-01  1.59e-01  5.52e-02  4.50e-02  2.28e-02  3.24e+04  3.94e+03 -1.00e+05
2016 09 08  0605   57639  21900   1.68e+00  1.57e-01  1.22e-01  5.70e-02  4.68e-02  2.34e-02  3.57e+04  4.08e+03 -1.00e+05
2016 09 08  0610   57639  22200   4.13e+00  2.41e-01  1.10e-01  5.52e-02  4.50e-02  2.28e-02  3.86e+04  4.44e+03 -1.00e+05
2016 09 08  0615   57639  22500   4.20e+00  1.41e-01  1.07e-01  5.52e-02  4.50e-02  2.28e-02  4.66e+04  5.34e+03 -1.00e+05
2016 09 08  0620   57639  22800   5.16e+00  2.91e-01  2.10e-01  5.52e-02  4.50e-02  2.28e-02  4.41e+04  5.14e+03 -1.00e+05
2016 09 08  0625   57639  23100   3.76e+00  2.06e-01  1.71e-01  1.14e-01  9.72e-02  7.31e-02  3.66e+04  3.81e+03 -1.00e+05
2016 09 08  0630   57639  23400   4.64e+00  2.94e-01  2.60e-01  9.11e-02  5.37e-02  2.36e-02  4.13e+04  4.73e+03 -1.00e+05
2016 09 08  0635   57639  23700   1.03e+01  3.92e-01  2.16e-01  1.61e-01  1.29e-01  4.76e-02  5.75e+04  6.94e+03 -1.00e+05
2016 09 08  0640   57639  24000   5.31e+00  1.61e-01  1.26e-01  5.78e-02  4.56e-02  2.28e-02  5.62e+04  6.98e+03 -1.00e+05
2016 09 08  0645   57639  24300   4.67e+00  1.76e-01  1.41e-01  7.82e-02  6.81e-02  4.59e-02  4.95e+04  5.37e+03 -1.00e+05
2016 09 08  0650   57639  24600   6.35e+00  3.00e-01  2.22e-01  7.77e-02  6.75e-02  4.53e-02  4.24e+04  4.53e+03 -1.00e+05
2016 09 08  0655   57639  24900   6.69e+00  3.76e-01  3.42e-01  1.61e-01  1.29e-01  4.99e-02  6.20e+04  7.37e+03 -1.00e+05
2016 09 08  0700   57639  25200   1.23e+01  3.97e-01  2.24e-01  5.52e-02  4.50e-02  2.28e-02  6.35e+04  8.12e+03 -1.00e+05
2016 09 08  0705   57639  25500   8.98e+00  2.00e-01  1.30e-01  7.21e-02  5.99e-02  2.74e-02  6.22e+04  7.22e+03 -1.00e+05
2016 09 08  0710   57639  25800   8.07e+00  2.18e-01  1.38e-01  7.82e-02  6.81e-02  4.59e-02  5.76e+04  6.15e+03 -1.00e+05
2016 09 08  0715   57639  26100   5.04e+00  2.10e-01  1.75e-01  9.06e-02  8.05e-02  5.82e-02  5.37e+04  5.24e+03 -1.00e+05
2016 09 08  0720   57639  26400   5.23e+00  1.41e-01  1.07e-01  5.52e-02  4.50e-02  2.28e-02  5.71e+04  5.68e+03 -1.00e+05
2016 09 08  0725   57639  26700   3.89e+00  2.64e-01  2.29e-01  9.06e-02  8.05e-02  5.82e-02  4.49e+04  4.01e+03 -1.00e+05
2016 09 08  0730   57639  27000   2.99e+00  1.70e-01  1.35e-01  7.08e-02  6.06e-02  3.84e-02  3.96e+04  3.00e+03 -1.00e+05
2016 09 08  0735   57639  27300   4.40e+00  2.62e-01  1.32e-01  6.34e-02  5.32e-02  3.10e-02  4.08e+04  3.16e+03 -1.00e+05
2016 09 08  0740   57639  27600   3.16e+00  2.21e-01  1.86e-01  7.21e-02  5.71e-02  3.35e-02  4.56e+04  3.72e+03 -1.00e+05
2016 09 08  0745   57639  27900   5.98e+00  3.26e-01  1.80e-01  1.24e-01  8.13e-02  3.14e-02  4.77e+04  4.26e+03 -1.00e+05
2016 09 08  0750   57639  28200   2.96e+00  1.41e-01  1.07e-01  5.52e-02  4.50e-02  2.28e-02  4.79e+04  4.07e+03 -1.00e+05
2016 09 08  0755   57639  28500   2.69e+00  1.59e-01  1.25e-01  7.11e-02  6.09e-02  3.35e-02  4.72e+04  3.96e+03 -1.00e+05
2016 09 08  0800   57639  28800   4.33e+00  2.41e-01  1.10e-01  5.52e-02  4.50e-02  2.28e-02  4.55e+04  3.93e+03 -1.00e+05
2016 09 08  0805   57639  29100   2.38e+00  2.36e-01  2.01e-01  5.52e-02  4.50e-02  2.28e-02  4.34e+04  3.56e+03 -1.00e+05
2016 09 08  0810   57639  29400   2.34e+00  1.41e-01  1.07e-01  5.52e-02  4.50e-02  2.28e-02  4.03e+04  3.33e+03 -1.00e+05
2016 09 08  0815   57639  29700   3.48e+00  2.93e-01  1.38e-01  8.32e-02  7.31e-02  5.09e-02  4.10e+04  3.40e+03 -1.00e+05
2016 09 08  0820   57639  30000   2.07e+00  2.45e-01  2.11e-01  6.44e-02  4.71e-02  2.28e-02  3.70e+04  3.12e+03 -1.00e+05
2016 09 08  0825   57639  30300   2.15e+00  2.29e-01  1.94e-01  9.64e-02  8.24e-02  5.91e-02  3.84e+04  3.58e+03 -1.00e+05
2016 09 08  0830   57639  30600   2.98e+00  6.86e-01  4.56e-01  1.03e-01  5.77e-02  2.85e-02  3.54e+04  3.09e+03 -1.00e+05
2016 09 08  0835   57639  30900   2.11e+00  2.50e-01  1.69e-01  5.59e-02  4.58e-02  2.36e-02  3.61e+04  3.26e+03 -1.00e+05
2016 09 08  0840   57639  31200   1.75e+00  1.41e-01  1.07e-01  5.52e-02  4.50e-02  2.28e-02  3.68e+04  3.31e+03 -1.00e+05
2016 09 08  0845   57639  31500   1.99e+00  2.89e-01  2.54e-01  9.46e-02  8.44e-02  3.55e-02  3.70e+04  3.34e+03 -1.00e+05
2016 09 08  0850   57639  31800   1.93e+00  1.58e-01  1.23e-01  5.52e-02  4.50e-02  2.28e-02  4.11e+04  3.80e+03 -1.00e+05
2016 09 08  0855   57639  32100   3.10e+00  3.09e-01  1.80e-01  1.10e-01  6.36e-02  3.10e-02  4.10e+04  3.79e+03 -1.00e+05
2016 09 08  0900   57639  32400   2.00e+00  1.70e-01  1.36e-01  8.42e-02  7.32e-02  3.57e-02  4.19e+04  3.87e+03 -1.00e+05
2016 09 08  0905   57639  32700   1.79e+00  3.09e-01  2.74e-01  1.34e-01  8.83e-02  5.58e-02  4.29e+04  3.90e+03 -1.00e+05
2016 09 08  0910   57639  33000   1.56e+00  1.41e-01  1.07e-01  5.52e-02  4.50e-02  2.28e-02  4.18e+04  3.82e+03 -1.00e+05
2016 09 08  0915   57639  33300   3.07e+00  3.74e-01  1.26e-01  7.09e-02  4.86e-02  2.28e-02  4.11e+04  3.59e+03 -1.00e+05
2016 09 08  0920   57639  33600   1.45e+00  1.41e-01  1.07e-01  5.52e-02  4.50e-02  2.28e-02  3.90e+04  3.43e+03 -1.00e+05
2016 09 08  0925   57639  33900   1.30e+00  3.19e-01  2.84e-01  1.23e-01  9.09e-02  3.55e-02  4.05e+04  3.45e+03 -1.00e+05
2016 09 08  0930   57639  34200   2.24e+00  2.72e-01  1.30e-01  5.52e-02  4.50e-02  2.28e-02  3.73e+04  3.20e+03 -1.00e+05
2016 09 08  0935   57639  34500   1.98e+00  2.70e-01  1.40e-01  7.09e-02  4.86e-02  2.28e-02  3.72e+04  3.14e+03 -1.00e+05
2016 09 08  0940   57639  34800   2.57e+00  4.14e-01  1.46e-01  9.11e-02  7.48e-02  5.08e-02  3.60e+04  3.08e+03 -1.00e+05
2016 09 08  0945   57639  35100   1.13e+00  1.44e-01  1.09e-01  5.78e-02  4.56e-02  2.28e-02  3.39e+04  2.95e+03 -1.00e+05
2016 09 08  0950   57639  35400   1.14e+00  1.49e-01  1.15e-01  6.32e-02  5.31e-02  2.54e-02  2.87e+04  2.47e+03 -1.00e+05
2016 09 08  0955   57639  35700   1.01e+00  2.48e-01  2.14e-01  1.60e-01  9.57e-02  3.35e-02  2.94e+04  2.48e+03 -1.00e+05
2016 09 08  1000   57639  36000   1.67e+00  2.91e-01  1.60e-01  1.04e-01  5.59e-02  2.28e-02  3.13e+04  2.86e+03 -1.00e+05
2016 09 08  1005   57639  36300   1.16e+00  1.91e-01  1.57e-01  1.04e-01  5.59e-02  2.28e-02  3.19e+04  2.75e+03 -1.00e+05
2016 09 08  1010   57639  36600   1.48e+00  4.16e-01  3.00e-01  9.22e-02  8.21e-02  4.87e-02  3.46e+04  3.26e+03 -1.00e+05
2016 09 08  1015   57639  36900   1.12e+00  2.08e-01  1.74e-01  1.22e-01  1.10e-01  4.35e-02  4.00e+04  5.14e+03 -1.00e+05
2016 09 08  1020   57639  37200   1.76e+00  2.30e-01  1.60e-01  1.02e-01  8.49e-02  5.23e-02  4.86e+04  7.18e+03 -1.00e+05
2016 09 08  1025   57639  37500   1.39e+00  1.44e-01  1.10e-01  5.84e-02  4.83e-02  2.60e-02  5.60e+04  7.82e+03 -1.00e+05
2016 09 08  1030   57639  37800   1.59e+00  1.97e-01  1.62e-01  1.11e-01  1.01e-01  5.47e-02  5.66e+04  7.93e+03 -1.00e+05
2016 09 08  1035   57639  38100   1.69e+00  2.52e-01  2.17e-01  8.92e-02  7.69e-02  4.85e-02  4.15e+04  5.05e+03 -1.00e+05
2016 09 08  1040   57639  38400   1.15e+01  1.57e-01  1.22e-01  7.08e-02  6.06e-02  3.84e-02  3.83e+04  4.53e+03 -1.00e+05
2016 09 08  1045   57639  38700   3.61e+01  2.91e-01  2.11e-01  1.41e-01  8.98e-02  5.58e-02  4.27e+04  5.23e+03 -1.00e+05
2016 09 08  1050   57639  39000   2.82e+01  1.41e-01  1.07e-01  5.52e-02  4.50e-02  2.28e-02  4.05e+04  4.93e+03 -1.00e+05
2016 09 08  1055   57639  39300   2.52e+01  1.82e-01  1.47e-01  9.53e-02  6.62e-02  3.84e-02  3.45e+04  3.62e+03 -1.00e+05
2016 09 08  1100   57639  39600   7.88e+01  1.51e-01  1.16e-01  6.44e-02  4.71e-02  2.28e-02  3.62e+04  3.68e+03 -1.00e+05
2016 09 08  1105   57639  39900   9.95e+01  2.50e-01  1.72e-01  1.12e-01  9.49e-02  7.06e-02  4.00e+04  4.10e+03 -1.00e+05
2016 09 08  1110   57639  40200   3.23e+01  2.85e-01  2.50e-01  1.99e-01  1.89e-01  8.90e-02  4.69e+04  4.70e+03 -1.00e+05
2016 09 08  1115   57639  40500   2.84e+01  2.16e-01  1.34e-01  5.84e-02  4.83e-02  2.60e-02  5.74e+04  6.11e+03 -1.00e+05
2016 09 08  1120   57639  40800   1.92e+01  2.23e-01  1.42e-01  8.16e-02  5.54e-02  2.85e-02  6.16e+04  6.78e+03 -1.00e+05
2016 09 08  1125   57639  41100   1.45e+01  3.36e-01  2.06e-01  6.09e-02  5.07e-02  2.85e-02  6.33e+04  7.04e+03 -1.00e+05
2016 09 08  1130   57639  41400   7.80e+00  1.70e-01  1.35e-01  8.34e-02  5.77e-02  3.10e-02  6.65e+04  7.47e+03 -1.00e+05
2016 09 08  1135   57639  41700   1.16e+01  2.71e-01  1.40e-01  8.40e-02  5.15e-02  2.28e-02  7.13e+04  8.26e+03 -1.00e+05
2016 09 08  1140   57639  42000   1.00e+01  3.65e-01  2.36e-01  7.82e-02  6.81e-02  4.59e-02  7.09e+04  7.92e+03 -1.00e+05
2016 09 08  1145   57639  42300   6.38e+00  2.17e-01  1.82e-01  1.30e-01  9.24e-02  3.55e-02  6.38e+04  6.77e+03 -1.00e+05
2016 09 08  1150   57639  42600   1.10e+01  2.67e-01  1.10e-01  5.52e-02  4.50e-02  2.28e-02  5.96e+04  5.82e+03 -1.00e+05
2016 09 08  1155   57639  42900   6.33e+00  1.81e-01  1.46e-01  9.46e-02  8.44e-02  3.55e-02  5.75e+04  5.43e+03 -1.00e+05
2016 09 08  1200   57639  43200   6.49e+00  1.44e-01  1.09e-01  5.78e-02  4.56e-02  2.28e-02  5.21e+04  4.73e+03 -1.00e+05
2016 09 08  1205   57639  43500   5.12e+00  1.41e-01  1.07e-01  5.52e-02  4.50e-02  2.28e-02  5.32e+04  4.88e+03 -1.00e+05
2016 09 08  1210   57639  43800   4.76e+00  1.65e-01  1.30e-01  7.87e-02  6.14e-02  2.74e-02  5.39e+04  4.97e+03 -1.00e+05
2016 09 08  1215   57639  44100   5.02e+00  1.84e-01  1.49e-01  9.80e-02  8.79e-02  6.57e-02  5.42e+04  5.12e+03 -1.00e+05
2016 09 08  1220   57639  44400   4.79e+00  1.81e-01  1.46e-01  9.33e-02  5.20e-02  2.28e-02  5.48e+04  5.11e+03 -1.00e+05
2016 09 08  1225   57639  44700   4.57e+00  1.87e-01  1.52e-01  1.01e-01  9.07e-02  3.75e-02  5.66e+04  5.36e+03 -1.00e+05
2016 09 08  1230   57639  45000   4.02e+00  1.67e-01  1.32e-01  8.04e-02  6.09e-02  3.59e-02  5.60e+04  5.20e+03 -1.00e+05
2016 09 08  1235   57639  45300   5.39e+00  2.71e-01  1.43e-01  7.52e-02  6.50e-02  4.28e-02  5.12e+04  4.75e+03 -1.00e+05
2016 09 08  1240   57639  45600   4.62e+00  2.09e-01  1.28e-01  6.83e-02  5.82e-02  3.59e-02  4.98e+04  4.59e+03 -1.00e+05
2016 09 08  1245   57639  45900   3.72e+00  1.71e-01  1.36e-01  8.45e-02  6.84e-02  3.36e-02  4.97e+04  4.43e+03 -1.00e+05
2016 09 08  1250   57639  46200   5.08e+00  3.40e-01  2.12e-01  1.42e-01  9.21e-02  5.82e-02  4.77e+04  4.17e+03 -1.00e+05
2016 09 08  1255   57639  46500   3.59e+00  1.64e-01  1.30e-01  7.75e-02  5.00e-02  2.28e-02  4.72e+04  3.93e+03 -1.00e+05
2016 09 08  1300   57639  46800   4.66e+00  1.97e-01  1.15e-01  5.52e-02  4.50e-02  2.28e-02  4.88e+04  4.26e+03 -1.00e+05
2016 09 08  1305   57639  47100   7.77e+00  3.79e-01  1.34e-01  6.02e-02  4.86e-02  2.60e-02  4.94e+04  4.32e+03 -1.00e+05
2016 09 08  1310   57639  47400   6.41e+00  3.05e-01  1.75e-01  1.20e-01  1.10e-01  4.41e-02  5.18e+04  4.73e+03 -1.00e+05
2016 09 08  1315   57639  47700   4.72e+00  2.07e-01  1.42e-01  8.50e-02  6.77e-02  2.94e-02  5.30e+04  4.93e+03 -1.00e+05
2016 09 08  1320   57639  48000   4.21e+00  1.41e-01  1.07e-01  5.52e-02  4.50e-02  2.28e-02  5.46e+04  5.26e+03 -1.00e+05
2016 09 08  1325   57639  48300   3.66e+00  1.58e-01  1.23e-01  5.52e-02  4.50e-02  2.28e-02  5.79e+04  5.68e+03 -1.00e+05
2016 09 08  1330   57639  48600   6.09e+00  3.21e-01  1.39e-01  8.40e-02  5.15e-02  2.28e-02  5.67e+04  5.48e+03 -1.00e+05
2016 09 08  1335   57639  48900   3.46e+00  1.41e-01  1.07e-01  5.52e-02  4.50e-02  2.28e-02  5.74e+04  5.36e+03 -1.00e+05
2016 09 08  1340   57639  49200   6.98e+00  3.95e-01  1.26e-01  7.09e-02  4.86e-02  2.28e-02  5.70e+04  5.33e+03 -1.00e+05
2016 09 08  1345   57639  49500   5.57e+00  2.95e-01  1.53e-01  7.75e-02  5.00e-02  2.28e-02  5.46e+04  5.15e+03 -1.00e+05
2016 09 08  1350   57639  49800   3.34e+00  1.77e-01  1.42e-01  9.10e-02  7.88e-02  3.35e-02  5.22e+04  5.00e+03 -1.00e+05
2016 09 08  1355   57639  50100   4.88e+00  2.41e-01  1.10e-01  5.52e-02  4.50e-02  2.28e-02  5.10e+04  4.76e+03 -1.00e+05
2016 09 08  1400   57639  50400   4.30e+00  1.99e-01  1.18e-01  5.78e-02  4.56e-02  2.28e-02  5.42e+04  5.11e+03 -1.00e+05
2016 09 08  1405   57639  50700   7.00e+00  3.92e-01  1.46e-01  9.14e-02  8.12e-02  5.90e-02  5.48e+04  5.21e+03 -1.00e+05
2016 09 08  1410   57639  51000   7.01e+00  3.65e-01  1.38e-01  8.34e-02  5.77e-02  3.10e-02  5.78e+04  5.76e+03 -1.00e+05
2016 09 08  1415   57639  51300   3.63e+00  1.41e-01  1.07e-01  5.52e-02  4.50e-02  2.28e-02  6.00e+04  6.04e+03 -1.00e+05
2016 09 08  1420   57639  51600   6.16e+00  2.74e-01  1.44e-01  7.56e-02  6.17e-02  3.84e-02  6.73e+04  7.09e+03 -1.00e+05
2016 09 08  1425   57639  51900   5.06e+00  2.06e-01  1.24e-01  6.44e-02  4.71e-02  2.28e-02  7.12e+04  7.73e+03 -1.00e+05
2016 09 08  1430   57639  52200   6.73e+00  2.41e-01  1.10e-01  5.52e-02  4.50e-02  2.28e-02  7.67e+04  9.02e+03 -1.00e+05
2016 09 08  1435   57639  52500   4.34e+00  1.41e-01  1.07e-01  5.52e-02  4.50e-02  2.28e-02  8.26e+04  1.02e+04 -1.00e+05
2016 09 08  1440   57639  52800   4.40e+00  1.42e-01  1.07e-01  5.59e-02  4.58e-02  2.36e-02  8.29e+04  1.03e+04 -1.00e+05
2016 09 08  1445   57639  53100   4.52e+00  1.64e-01  1.29e-01  7.78e-02  6.76e-02  3.73e-02  8.34e+04  1.06e+04 -1.00e+05
2016 09 08  1450   57639  53400   3.98e+00  2.07e-01  1.72e-01  1.19e-01  7.69e-02  4.77e-02  8.33e+04  1.07e+04 -1.00e+05
2016 09 08  1455   57639  53700   7.21e+00  3.41e-01  1.74e-01  1.19e-01  1.09e-01  6.41e-02  8.77e+04  1.14e+04 -1.00e+05
2016 09 08  1500   57639  54000   5.63e+00  2.86e-01  2.06e-01  9.11e-02  7.48e-02  5.08e-02  9.15e+04  1.21e+04 -1.00e+05
2016 09 08  1505   57639  54300   4.48e+00  1.69e-01  1.35e-01  8.32e-02  7.30e-02  5.08e-02  9.33e+04  1.29e+04 -1.00e+05
2016 09 08  1510   57639  54600   4.59e+00  1.91e-01  1.56e-01  1.04e-01  8.17e-02  3.35e-02  9.85e+04  1.40e+04 -1.00e+05
2016 09 08  1515   57639  54900   1.11e+01  7.64e-01  2.46e-01  5.52e-02  4.50e-02  2.28e-02  1.01e+05  1.48e+04 -1.00e+05
2016 09 08  1520   57639  55200   4.97e+00  1.58e-01  1.24e-01  5.59e-02  4.58e-02  2.36e-02  1.04e+05  1.53e+04 -1.00e+05
2016 09 08  1525   57639  55500   5.13e+00  1.41e-01  1.07e-01  5.52e-02  4.50e-02  2.28e-02  1.04e+05  1.59e+04 -1.00e+05
2016 09 08  1530   57639  55800   6.92e+00  1.98e-01  1.27e-01  6.95e-02  5.94e-02  2.74e-02  1.06e+05  1.66e+04 -1.00e+05
2016 09 08  1535   57639  56100   7.93e+00  2.69e-01  1.39e-01  7.08e-02  6.06e-02  3.84e-02  1.09e+05  1.68e+04 -1.00e+05
2016 09 08  1540   57639  56400   8.01e+00  2.44e-01  1.13e-01  5.78e-02  4.56e-02  2.28e-02  1.09e+05  1.80e+04 -1.00e+05
2016 09 08  1545   57639  56700   4.99e+00  2.28e-01  1.94e-01  1.42e-01  1.19e-01  4.55e-02  1.09e+05  1.85e+04 -1.00e+05
2016 09 08  1550   57639  57000   5.17e+00  1.44e-01  1.09e-01  5.78e-02  4.56e-02  2.28e-02  1.11e+05  1.91e+04 -1.00e+05
2016 09 08  1555   57639  57300   5.65e+00  1.41e-01  1.07e-01  5.52e-02  4.50e-02  2.28e-02  1.15e+05  1.98e+04 -1.00e+05
2016 09 08  1600   57639  57600   6.96e+00  1.81e-01  1.46e-01  9.41e-02  7.16e-02  4.59e-02  1.19e+05  2.17e+04 -1.00e+05
2016 09 08  1605   57639  57900   7.43e+00  2.36e-01  2.01e-01  5.52e-02  4.50e-02  2.28e-02  1.20e+05  2.30e+04 -1.00e+05
2016 09 08  1610   57639  58200   7.70e+00  2.03e-01  1.68e-01  8.40e-02  7.38e-02  5.16e-02  1.20e+05  2.35e+04 -1.00e+05
2016 09 08  1615   57639  58500   8.21e+00  3.15e-01  2.81e-01  1.05e-01  6.45e-02  3.35e-02  1.24e+05  2.54e+04 -1.00e+05
2016 09 08  1620   57639  58800   8.16e+00  3.17e-01  2.82e-01  5.78e-02  4.56e-02  2.28e-02  1.25e+05  2.65e+04 -1.00e+05
2016 09 08  1625   57639  59100   1.06e+01  2.60e-01  1.90e-01  1.32e-01  1.22e-01  4.81e-02  1.25e+05  2.62e+04 -1.00e+05
2016 09 08  1630   57639  59400   7.94e+00  2.70e-01  2.35e-01  9.80e-02  8.79e-02  6.57e-02  1.20e+05  2.57e+04 -1.00e+05
2016 09 08  1635   57639  59700   8.14e+00  1.83e-01  1.49e-01  6.34e-02  5.32e-02  3.10e-02  1.21e+05  2.60e+04 -1.00e+05
2016 09 08  1640   57639  60000   8.62e+00  2.08e-01  1.73e-01  1.21e-01  8.31e-02  2.32e-02  1.20e+05  2.56e+04 -1.00e+05
2016 09 08  1645   57639  60300   8.34e+00  1.41e-01  1.07e-01  5.52e-02  4.50e-02  2.28e-02  1.13e+05  2.36e+04 -1.00e+05
2016 09 08  1650   57639  60600   8.05e+00  1.41e-01  1.07e-01  5.52e-02  4.50e-02  2.28e-02  1.12e+05  2.34e+04 -1.00e+05
2016 09 08  1655   57639  60900   7.94e+00  2.86e-01  2.51e-01  1.04e-01  5.59e-02  2.28e-02  1.06e+05  2.20e+04 -1.00e+05
2016 09 08  1700   57639  61200   7.35e+00  1.57e-01  1.22e-01  7.08e-02  6.06e-02  3.84e-02  1.04e+05  2.12e+04 -1.00e+05
2016 09 08  1705   57639  61500   7.08e+00  1.75e-01  1.41e-01  5.52e-02  4.50e-02  2.28e-02  9.93e+04  1.99e+04 -1.00e+05
2016 09 08  1710   57639  61800   1.18e+01  5.33e-01  3.22e-01  9.80e-02  7.07e-02  3.00e-02  9.32e+04  1.85e+04 -1.00e+05
2016 09 08  1715   57639  62100   1.15e+01  4.33e-01  2.24e-01  5.52e-02  4.50e-02  2.28e-02  9.32e+04  1.78e+04 -1.00e+05
2016 09 08  1720   57639  62400   6.61e+00  3.53e-01  3.19e-01  9.33e-02  5.20e-02  2.28e-02  9.23e+04  1.75e+04 -1.00e+05
2016 09 08  1725   57639  62700   6.67e+00  1.62e-01  1.27e-01  7.58e-02  6.56e-02  4.34e-02  9.61e+04  1.85e+04 -1.00e+05
2016 09 08  1730   57639  63000   6.74e+00  1.56e-01  1.21e-01  6.95e-02  5.94e-02  2.74e-02  9.73e+04  1.94e+04 -1.00e+05
2016 09 08  1735   57639  63300   1.01e+01  2.71e-01  1.40e-01  5.52e-02  4.50e-02  2.28e-02  9.83e+04  1.95e+04 -1.00e+05
2016 09 08  1740   57639  63600   6.38e+00  3.14e-01  2.79e-01  5.52e-02  4.50e-02  2.28e-02  9.08e+04  1.83e+04 -1.00e+05
2016 09 08  1745   57639  63900   7.34e+00  1.90e-01  1.55e-01  9.56e-02  8.54e-02  6.32e-02  9.86e+04  2.02e+04 -1.00e+05
2016 09 08  1750   57639  64200   1.23e+01  2.59e-01  1.29e-01  6.09e-02  5.07e-02  2.85e-02  9.58e+04  2.02e+04 -1.00e+05
2016 09 08  1755   57639  64500   1.58e+01  4.82e-01  2.41e-01  7.09e-02  4.86e-02  2.28e-02  9.71e+04  1.99e+04 -1.00e+05
2016 09 08  1800   57639  64800   8.54e+00  1.62e-01  1.27e-01  7.58e-02  6.56e-02  4.34e-02  9.86e+04  2.03e+04 -1.00e+05
2016 09 08  1805   57639  65100   8.14e+00  1.41e-01  1.07e-01  5.52e-02  4.50e-02  2.28e-02  9.78e+04  2.07e+04 -1.00e+05
2016 09 08  1810   57639  65400   8.56e+00  1.67e-01  1.33e-01  6.44e-02  4.71e-02  2.28e-02  1.03e+05  2.15e+04 -1.00e+05
2016 09 08  1815   57639  65700   1.17e+01  2.55e-01  1.73e-01  9.50e-02  5.20e-02  2.28e-02  9.86e+04  2.10e+04 -1.00e+05
2016 09 08  1820   57639  66000   1.09e+01  1.97e-01  1.15e-01  5.52e-02  4.50e-02  2.28e-02  9.82e+04  2.04e+04 -1.00e+05
2016 09 08  1825   57639  66300   8.87e+00  3.24e-01  2.89e-01  6.83e-02  5.82e-02  3.59e-02  8.97e+04  1.81e+04 -1.00e+05
2016 09 08  1830   57639  66600   9.78e+00  2.06e-01  1.71e-01  1.20e-01  1.10e-01  4.35e-02  9.10e+04  1.82e+04 -1.00e+05
2016 09 08  1835   57639  66900   9.08e+00  1.52e-01  1.17e-01  6.58e-02  5.57e-02  3.35e-02  9.32e+04  1.84e+04 -1.00e+05
2016 09 08  1840   57639  67200   1.31e+01  1.99e-01  1.18e-01  5.78e-02  4.56e-02  2.28e-02  9.38e+04  1.90e+04 -1.00e+05
2016 09 08  1845   57639  67500   1.63e+01  3.93e-01  2.24e-01  1.49e-01  1.38e-01  6.68e-02  8.93e+04  1.68e+04 -1.00e+05
2016 09 08  1850   57639  67800   1.83e+01  1.97e-01  1.15e-01  5.52e-02  4.50e-02  2.28e-02  9.26e+04  1.86e+04 -1.00e+05
2016 09 08  1855   57639  68100   1.40e+01  3.11e-01  2.76e-01  9.06e-02  5.30e-02  2.28e-02  9.32e+04  1.82e+04 -1.00e+05
2016 09 08  1900   57639  68400   1.26e+01  1.84e-01  1.50e-01  9.71e-02  5.45e-02  2.28e-02  9.16e+04  1.81e+04 -1.00e+05
2016 09 08  1905   57639  68700   1.30e+01  2.01e-01  1.67e-01  1.14e-01  8.39e-02  5.58e-02  8.75e+04  1.66e+04 -1.00e+05
2016 09 08  1910   57639  69000   2.05e+01  3.95e-01  1.47e-01  9.31e-02  8.29e-02  6.07e-02  8.48e+04  1.59e+04 -1.00e+05
2016 09 08  1915   57639  69300   1.02e+01  3.93e-01  3.59e-01  1.09e-01  6.39e-02  3.47e-02  8.79e+04  1.62e+04 -1.00e+05
2016 09 08  1920   57639  69600  -1.00e+05 -1.00e+05 -1.00e+05 -1.00e+05 -1.00e+05 -1.00e+05 -1.00e+05 -1.00e+05 -1.00e+05
2016 09 08  1925   57639  69900   9.55e+00  2.19e-01  1.85e-01  1.33e-01  1.05e-01  4.05e-02  8.43e+04  1.51e+04 -1.00e+05
2016 09 08  1930   57639  70200   9.76e+00  2.52e-01  2.17e-01  7.58e-02  6.56e-02  4.34e-02  7.65e+04  1.34e+04 -1.00e+05
2016 09 08  1935   57639  70500   1.23e+01  1.81e-01  1.46e-01  9.33e-02  5.20e-02  2.28e-02  8.29e+04  1.46e+04 -1.00e+05
2016 09 08  1940   57639  70800   1.24e+01  2.58e-01  2.24e-01  1.72e-01  1.62e-01  6.94e-02  8.30e+04  1.50e+04 -1.00e+05
2016 09 08  1945   57639  71100   1.33e+01  1.58e-01  1.23e-01  5.52e-02  4.50e-02  2.28e-02  8.13e+04  1.46e+04 -1.00e+05
2016 09 08  1950   57639  71400   1.33e+01  1.95e-01  1.61e-01  7.58e-02  6.56e-02  4.34e-02  8.29e+04  1.49e+04 -1.00e+05
2016 09 08  1955   57639  71700   1.50e+01  2.77e-01  2.23e-01  1.51e-01  1.41e-01  5.36e-02  8.07e+04  1.43e+04 -1.00e+05
2016 09 08  2000   57639  72000   1.20e+01  1.79e-01  1.44e-01  9.31e-02  8.29e-02  6.07e-02  8.13e+04  1.43e+04 -1.00e+05
2016 09 08  2005   57639  72300   1.14e+01  1.77e-01  1.42e-01  9.10e-02  7.88e-02  3.35e-02  7.64e+04  1.30e+04 -1.00e+05
2016 09 08  2010   57639  72600   1.21e+01  1.98e-01  1.63e-01  1.11e-01  7.92e-02  5.08e-02  7.87e+04  1.36e+04 -1.00e+05
2016 09 08  2015   57639  72900   1.90e+01  2.88e-01  1.58e-01  7.33e-02  5.16e-02  2.60e-02  7.96e+04  1.39e+04 -1.00e+05
2016 09 08  2020   57639  73200   1.27e+01  2.44e-01  2.10e-01  6.58e-02  5.57e-02  3.35e-02  7.96e+04  1.43e+04 -1.00e+05
2016 09 08  2025   57639  73500   1.25e+01  1.74e-01  1.40e-01  8.83e-02  7.82e-02  3.35e-02  7.80e+04  1.38e+04 -1.00e+05
2016 09 08  2030   57639  73800   1.66e+01  2.55e-01  1.70e-01  1.09e-01  8.13e-02  2.32e-02  7.84e+04  1.38e+04 -1.00e+05
2016 09 08  2035   57639  74100   1.19e+01  2.01e-01  1.66e-01  9.71e-02  5.45e-02  2.28e-02  7.70e+04  1.34e+04 -1.00e+05
2016 09 08  2040   57639  74400   1.22e+01  3.30e-01  2.95e-01  7.58e-02  6.56e-02  4.34e-02  7.61e+04  1.34e+04 -1.00e+05
2016 09 08  2045   57639  74700   1.04e+01  2.15e-01  1.80e-01  1.29e-01  1.12e-01  4.35e-02  7.20e+04  1.20e+04 -1.00e+05
2016 09 08  2050   57639  75000   1.13e+01  2.14e-01  1.79e-01  1.28e-01  1.09e-01  5.31e-02  7.16e+04  1.19e+04 -1.00e+05
2016 09 08  2055   57639  75300   1.54e+01  2.35e-01  1.54e-01  8.04e-02  6.09e-02  3.59e-02  7.26e+04  1.19e+04 -1.00e+05
2016 09 08  2100   57639  75600   1.13e+01  1.82e-01  1.47e-01  9.47e-02  5.83e-02  2.85e-02  7.08e+04  1.18e+04 -1.00e+05
2016 09 08  2105   57639  75900   1.65e+01  2.41e-01  1.10e-01  5.52e-02  4.50e-02  2.28e-02  7.12e+04  1.16e+04 -1.00e+05
2016 09 08  2110   57639  76200   1.13e+01  2.60e-01  2.26e-01  7.98e-02  5.31e-02  2.60e-02  7.13e+04  1.18e+04 -1.00e+05
2016 09 08  2115   57639  76500   1.13e+01  1.62e-01  1.27e-01  7.60e-02  6.59e-02  4.37e-02  7.26e+04  1.23e+04 -1.00e+05
2016 09 08  2120   57639  76800   1.46e+01  2.56e-01  1.76e-01  1.02e-01  6.76e-02  3.84e-02  7.27e+04  1.24e+04 -1.00e+05
2016 09 08  2125   57639  77100   1.24e+01  1.95e-01  1.60e-01  9.11e-02  5.37e-02  2.36e-02  7.53e+04  1.28e+04 -1.00e+05
2016 09 08  2130   57639  77400   1.11e+01  1.41e-01  1.07e-01  5.52e-02  4.50e-02  2.28e-02  7.46e+04  1.27e+04 -1.00e+05
2016 09 08  2135   57639  77700   1.63e+01  2.57e-01  1.27e-01  5.78e-02  4.56e-02  2.28e-02  7.56e+04  1.31e+04 -1.00e+05
2016 09 08  2140   57639  78000   1.19e+01  1.41e-01  1.07e-01  5.52e-02  4.50e-02  2.28e-02  7.95e+04  1.42e+04 -1.00e+05
2016 09 08  2145   57639  78300   1.13e+01  1.80e-01  1.46e-01  9.35e-02  6.38e-02  3.59e-02  7.66e+04  1.41e+04 -1.00e+05
2016 09 08  2150   57639  78600   2.03e+01  2.62e-01  1.32e-01  6.34e-02  5.32e-02  3.10e-02  8.14e+04  1.50e+04 -1.00e+05
2016 09 08  2155   57639  78900   2.10e+01  5.26e-01  3.35e-01  8.07e-02  7.05e-02  4.83e-02  7.93e+04  1.44e+04 -1.00e+05
2016 09 08  2200   57639  79200   1.33e+01  2.31e-01  1.97e-01  1.45e-01  1.35e-01  5.40e-02  7.35e+04  1.31e+04 -1.00e+05
2016 09 08  2205   57639  79500   1.30e+01  1.72e-01  1.37e-01  7.33e-02  6.31e-02  4.09e-02  7.37e+04  1.28e+04 -1.00e+05
2016 09 08  2210   57639  79800   1.57e+01  1.97e-01  1.15e-01  5.52e-02  4.50e-02  2.28e-02  7.13e+04  1.20e+04 -1.00e+05
2016 09 08  2215   57639  80100   1.15e+01  1.72e-01  1.37e-01  8.57e-02  7.55e-02  5.33e-02  6.87e+04  1.08e+04 -1.00e+05
2016 09 08  2220   57639  80400   1.08e+01  1.49e-01  1.15e-01  6.32e-02  5.31e-02  2.54e-02  6.72e+04  1.06e+04 -1.00e+05
2016 09 08  2225   57639  80700   1.31e+01  2.13e-01  1.32e-01  5.52e-02  4.50e-02  2.28e-02  6.59e+04  1.01e+04 -1.00e+05
2016 09 08  2230   57639  81000   9.39e+00  1.41e-01  1.07e-01  5.52e-02  4.50e-02  2.28e-02  6.48e+04  9.83e+03 -1.00e+05
2016 09 08  2235   57639  81300   8.66e+00  1.71e-01  1.37e-01  8.46e-02  5.22e-02  2.36e-02  6.51e+04  9.81e+03 -1.00e+05
2016 09 08  2240   57639  81600   7.97e+00  1.41e-01  1.07e-01  5.52e-02  4.50e-02  2.28e-02  6.37e+04  9.77e+03 -1.00e+05
2016 09 08  2245   57639  81900   9.09e+00  1.58e-01  1.23e-01  5.52e-02  4.50e-02  2.28e-02  6.62e+04  1.02e+04 -1.00e+05
2016 09 08  2250   57639  82200   9.11e+00  1.94e-01  1.60e-01  9.06e-02  5.30e-02  2.28e-02  6.58e+04  1.02e+04 -1.00e+05
2016 09 08  2255   57639  82500   8.62e+00  2.26e-01  1.91e-01  1.40e-01  1.29e-01  5.38e-02  6.46e+04  9.86e+03 -1.00e+05
2016 09 08  2300   57639  82800   9.42e+00  1.83e-01  1.48e-01  9.50e-02  5.20e-02  2.28e-02  6.60e+04  1.00e+04 -1.00e+05
2016 09 08  2305   57639  83100   9.17e+00  1.89e-01  1.54e-01  1.01e-01  5.98e-02  2.85e-02  6.53e+04  1.01e+04 -1.00e+05
2016 09 08  2310   57639  83400   9.10e+00  1.88e-01  1.53e-01  1.02e-01  8.87e-02  6.57e-02  6.46e+04  9.79e+03 -1.00e+05
2016 09 08  2315   57639  83700   7.97e+00  1.41e-01  1.07e-01  5.52e-02  4.50e-02  2.28e-02  6.26e+04  9.32e+03 -1.00e+05
2016 09 08  2320   57639  84000   7.99e+00  1.57e-01  1.22e-01  7.08e-02  6.06e-02  3.84e-02  6.20e+04  9.05e+03 -1.00e+05
2016 09 08  2325   57639  84300   7.51e+00  3.14e-01  2.79e-01  5.52e-02  4.50e-02  2.28e-02  5.94e+04  8.41e+03 -1.00e+05
2016 09 08  2330   57639  84600   8.37e+00  2.63e-01  1.82e-01  1.04e-01  5.59e-02  2.28e-02  5.60e+04  7.57e+03 -1.00e+05
2016 09 08  2335   57639  84900   1.10e+01  2.67e-01  1.10e-01  5.52e-02  4.50e-02  2.28e-02  5.43e+04  6.85e+03 -1.00e+05
2016 09 08  2340   57639  85200   1.14e+01  3.08e-01  1.51e-01  9.50e-02  5.20e-02  2.28e-02  5.33e+04  6.74e+03 -1.00e+05
2016 09 08  2345   57639  85500   6.39e+00  1.62e-01  1.27e-01  7.58e-02  6.56e-02  4.34e-02  5.26e+04  6.56e+03 -1.00e+05
2016 09 08  2350   57639  85800   6.45e+00  1.79e-01  1.45e-01  9.30e-02  7.22e-02  4.69e-02  5.18e+04  6.31e+03 -1.00e+05
2016 09 08  2355   57639  86100   6.20e+00  1.61e-01  1.27e-01  7.52e-02  6.50e-02  4.28e-02  4.99e+04  5.99e+03 -1.00e+05
