:Data_list: 20160503_Gs_part_5m.txt
:Created: 2016 May 04 0011 UTC
# Prepared by the U.S. Dept. of Commerce, NOAA, Space Weather Prediction Center
# Please send comments and suggestions to SWPC.Webmaster@noaa.gov 
# 
# Label: P > 1 = Particles at >1 Mev
# Label: P > 5 = Particles at >5 Mev
# Label: P >10 = Particles at >10 Mev
# Label: P >30 = Particles at >30 Mev
# Label: P >50 = Particles at >50 Mev
# Label: P>100 = Particles at >100 Mev
# Label: E>0.8 = Electrons at >0.8 Mev
# Label: E>2.0 = Electrons at >2.0 Mev
# Label: E>4.0 = Electrons at >4.0 Mev
# Units: Particles = Protons/cm2-s-sr
# Units: Electrons = Electrons/cm2-s-sr
# Source: GOES-15
# Location: W135
# Missing data: -1.00e+05
#
#                      5-minute  GOES-15 Solar Particle and Electron Flux
#
#                 Modified Seconds
# UTC Date  Time   Julian  of the
# YR MO DA  HHMM    Day     Day     P > 1     P > 5     P >10     P >30     P >50     P>100     E>0.8     E>2.0     E>4.0
#-------------------------------------------------------------------------------------------------------------------------
2016 05 03  0000   57511      0   2.18e+01  3.26e-01  1.14e-01  6.02e-02  4.53e-02  2.21e-02  6.50e+04  3.27e+03 -1.00e+05
2016 05 03  0005   57511    300   1.47e+01  2.73e-01  1.07e-01  5.38e-02  4.39e-02  2.21e-02  5.04e+04  2.16e+03 -1.00e+05
2016 05 03  0010   57511    600   9.32e+00  2.48e-01  1.07e-01  5.38e-02  4.39e-02  2.21e-02  4.28e+04  1.10e+03 -1.00e+05
2016 05 03  0015   57511    900   1.86e+01  1.64e-01  1.31e-01  5.38e-02  4.39e-02  2.21e-02  4.00e+04  1.11e+03 -1.00e+05
2016 05 03  0020   57511   1200   1.97e+01  3.26e-01  2.10e-01  1.10e-01  9.04e-02  3.61e-02  4.42e+04  1.36e+03 -1.00e+05
2016 05 03  0025   57511   1500   2.11e+01  3.09e-01  1.59e-01  6.02e-02  4.53e-02  2.21e-02  4.74e+04  1.57e+03 -1.00e+05
2016 05 03  0030   57511   1800   2.75e+01  2.80e-01  1.14e-01  6.02e-02  4.53e-02  2.21e-02  4.90e+04  1.58e+03 -1.00e+05
2016 05 03  0035   57511   2100   1.47e+01  1.66e-01  1.33e-01  8.30e-02  7.30e-02  2.24e-02  6.27e+04  2.44e+03 -1.00e+05
2016 05 03  0040   57511   2400   1.89e+01  1.37e-01  1.04e-01  5.38e-02  4.39e-02  2.21e-02  6.03e+04  2.47e+03 -1.00e+05
2016 05 03  0045   57511   2700   2.00e+01  1.93e-01  1.60e-01  9.09e-02  8.09e-02  5.92e-02  7.43e+04  3.09e+03 -1.00e+05
2016 05 03  0050   57511   3000   1.97e+01  1.68e-01  1.35e-01  8.49e-02  7.49e-02  3.21e-02  6.54e+04  2.74e+03 -1.00e+05
2016 05 03  0055   57511   3300   3.22e+01  3.01e-01  1.52e-01  8.10e-02  7.10e-02  4.93e-02  6.24e+04  2.54e+03 -1.00e+05
2016 05 03  0100   57511   3600   2.22e+01  1.61e-01  1.07e-01  5.38e-02  4.39e-02  2.21e-02  7.04e+04  2.79e+03 -1.00e+05
2016 05 03  0105   57511   3900   1.72e+01  3.46e-01  3.13e-01  9.87e-02  6.35e-02  2.61e-02  6.48e+04  2.59e+03 -1.00e+05
2016 05 03  0110   57511   4200   2.89e+01  3.05e-01  1.19e-01  6.61e-02  5.61e-02  2.61e-02  6.56e+04  2.51e+03 -1.00e+05
2016 05 03  0115   57511   4500   1.60e+01  1.72e-01  1.39e-01  5.38e-02  4.39e-02  2.21e-02  7.51e+04  3.11e+03 -1.00e+05
2016 05 03  0120   57511   4800   1.86e+01  2.45e-01  1.43e-01  5.38e-02  4.39e-02  2.21e-02  6.85e+04  2.75e+03 -1.00e+05
2016 05 03  0125   57511   5100   1.48e+01  1.93e-01  1.43e-01  8.96e-02  7.97e-02  5.79e-02  6.87e+04  2.50e+03 -1.00e+05
2016 05 03  0130   57511   5400   2.59e+01  3.29e-01  1.46e-01  9.18e-02  6.68e-02  2.81e-02  6.58e+04  2.51e+03 -1.00e+05
2016 05 03  0135   57511   5700   2.25e+01  3.03e-01  1.57e-01  1.04e-01  9.38e-02  3.82e-02  6.81e+04  2.46e+03 -1.00e+05
2016 05 03  0140   57511   6000   1.14e+01  1.79e-01  1.46e-01  9.41e-02  5.07e-02  2.21e-02  6.01e+04  2.09e+03 -1.00e+05
2016 05 03  0145   57511   6300   2.33e+01  4.44e-01  2.17e-01  6.02e-02  4.53e-02  2.21e-02  5.77e+04  1.89e+03 -1.00e+05
2016 05 03  0150   57511   6600   2.02e+01  3.44e-01  1.28e-01  6.61e-02  5.61e-02  2.61e-02  6.03e+04  1.86e+03 -1.00e+05
2016 05 03  0155   57511   6900   2.07e+01  4.25e-01  2.34e-01  5.38e-02  4.39e-02  2.21e-02  5.98e+04  1.98e+03 -1.00e+05
2016 05 03  0200   57511   7200   2.02e+01  3.69e-01  1.13e-01  6.02e-02  4.53e-02  2.21e-02  6.00e+04  1.83e+03 -1.00e+05
2016 05 03  0205   57511   7500   9.02e+00  1.87e-01  1.54e-01  5.98e-02  4.99e-02  2.41e-02  5.90e+04  1.81e+03 -1.00e+05
2016 05 03  0210   57511   7800   7.68e+00  1.64e-01  1.31e-01  5.38e-02  4.39e-02  2.21e-02  5.44e+04  1.58e+03 -1.00e+05
2016 05 03  0215   57511   8100   7.81e+00  1.49e-01  1.16e-01  6.61e-02  5.61e-02  2.61e-02  5.41e+04  1.52e+03 -1.00e+05
2016 05 03  0220   57511   8400   4.96e+00  1.37e-01  1.04e-01  5.38e-02  4.39e-02  2.21e-02  4.37e+04  1.11e+03 -1.00e+05
2016 05 03  0225   57511   8700   5.83e+00  3.45e-01  2.10e-01  1.41e-01  1.27e-01  4.82e-02  2.84e+04  5.21e+02 -1.00e+05
2016 05 03  0230   57511   9000   4.12e+00  1.37e-01  1.04e-01  5.38e-02  4.39e-02  2.21e-02  3.85e+04  7.51e+02 -1.00e+05
2016 05 03  0235   57511   9300   4.81e+00  2.94e-01  2.28e-01  1.41e-01  1.09e-01  5.11e-02  3.49e+04  6.65e+02 -1.00e+05
2016 05 03  0240   57511   9600   6.43e+00  3.83e-01  1.96e-01  1.42e-01  1.17e-01  4.42e-02  3.38e+04  5.79e+02 -1.00e+05
2016 05 03  0245   57511   9900   3.84e+00  3.55e-01  3.22e-01  9.83e-02  8.84e-02  6.66e-02  4.09e+04  7.98e+02 -1.00e+05
2016 05 03  0250   57511  10200   4.65e+00  1.79e-01  1.46e-01  9.58e-02  8.59e-02  6.42e-02  5.46e+04  1.35e+03 -1.00e+05
2016 05 03  0255   57511  10500   6.04e+00  1.64e-01  1.31e-01  5.38e-02  4.39e-02  2.21e-02  6.64e+04  1.97e+03 -1.00e+05
2016 05 03  0300   57511  10800   5.51e+00  1.49e-01  1.16e-01  6.61e-02  5.61e-02  2.61e-02  6.74e+04  1.97e+03 -1.00e+05
2016 05 03  0305   57511  11100   5.94e+00  1.37e-01  1.04e-01  5.38e-02  4.39e-02  2.21e-02  7.19e+04  2.25e+03 -1.00e+05
2016 05 03  0310   57511  11400   1.20e+01  4.23e-01  1.07e-01  5.38e-02  4.39e-02  2.21e-02  6.69e+04  2.00e+03 -1.00e+05
2016 05 03  0315   57511  11700   4.34e+00  1.37e-01  1.04e-01  5.38e-02  4.39e-02  2.21e-02  5.99e+04  1.57e+03 -1.00e+05
2016 05 03  0320   57511  12000   3.90e+00  1.64e-01  1.31e-01  7.99e-02  4.97e-02  2.21e-02  5.22e+04  1.19e+03 -1.00e+05
2016 05 03  0325   57511  12300   6.21e+00  2.97e-01  1.07e-01  5.38e-02  4.39e-02  2.21e-02  5.23e+04  1.17e+03 -1.00e+05
2016 05 03  0330   57511  12600   2.95e+00  1.64e-01  1.31e-01  5.38e-02  4.39e-02  2.21e-02  4.84e+04  1.07e+03 -1.00e+05
2016 05 03  0335   57511  12900   2.16e+00  2.42e-01  2.09e-01  5.38e-02  4.39e-02  2.21e-02  3.70e+04  6.71e+02 -1.00e+05
2016 05 03  0340   57511  13200   2.61e+00  1.37e-01  1.04e-01  5.38e-02  4.39e-02  2.21e-02  4.45e+04  8.95e+02 -1.00e+05
2016 05 03  0345   57511  13500   2.61e+00  2.94e-01  2.61e-01  8.30e-02  7.30e-02  2.24e-02  4.57e+04  9.67e+02 -1.00e+05
2016 05 03  0350   57511  13800   2.87e+00  3.03e-01  1.52e-01  5.38e-02  4.39e-02  2.21e-02  3.96e+04  7.19e+02 -1.00e+05
2016 05 03  0355   57511  14100   1.93e+00  1.37e-01  1.04e-01  5.38e-02  4.39e-02  2.21e-02  4.41e+04  8.73e+02 -1.00e+05
2016 05 03  0400   57511  14400   1.93e+00  1.61e-01  1.29e-01  7.86e-02  6.87e-02  3.01e-02  3.75e+04  6.94e+02 -1.00e+05
2016 05 03  0405   57511  14700   2.73e+00  2.18e-01  1.16e-01  5.38e-02  4.39e-02  2.21e-02  3.70e+04  6.52e+02 -1.00e+05
2016 05 03  0410   57511  15000   4.23e+00  3.12e-01  1.64e-01  9.34e-02  8.34e-02  6.17e-02  5.23e+04  1.08e+03 -1.00e+05
2016 05 03  0415   57511  15300   4.52e+00  1.37e-01  1.04e-01  5.38e-02  4.39e-02  2.21e-02  9.02e+04  3.64e+03 -1.00e+05
2016 05 03  0420   57511  15600   7.94e+00  1.74e-01  1.22e-01  6.86e-02  5.87e-02  3.69e-02  1.05e+05  5.16e+03 -1.00e+05
2016 05 03  0425   57511  15900   6.42e+00  1.88e-01  1.34e-01  5.38e-02  4.39e-02  2.21e-02  9.02e+04  3.69e+03 -1.00e+05
2016 05 03  0430   57511  16200   8.09e+00  1.37e-01  1.04e-01  5.38e-02  4.39e-02  2.21e-02  1.10e+05  5.85e+03 -1.00e+05
2016 05 03  0435   57511  16500   9.73e+00  1.37e-01  1.04e-01  5.38e-02  4.39e-02  2.21e-02  1.13e+05  6.53e+03 -1.00e+05
2016 05 03  0440   57511  16800   1.27e+01  1.62e-01  1.29e-01  7.86e-02  6.87e-02  3.01e-02  1.11e+05  6.13e+03 -1.00e+05
2016 05 03  0445   57511  17100   2.05e+01  2.76e-01  1.25e-01  5.38e-02  4.39e-02  2.21e-02  9.48e+04  4.81e+03 -1.00e+05
2016 05 03  0450   57511  17400   1.11e+01  3.13e-01  1.68e-01  7.93e-02  5.43e-02  2.41e-02  6.70e+04  2.06e+03 -1.00e+05
2016 05 03  0455   57511  17700   1.31e+01  3.23e-01  2.21e-01  5.38e-02  4.39e-02  2.21e-02  7.84e+04  3.07e+03 -1.00e+05
2016 05 03  0500   57511  18000   1.86e+01  3.82e-01  1.69e-01  1.16e-01  1.06e-01  4.22e-02  9.23e+04  4.09e+03 -1.00e+05
2016 05 03  0505   57511  18300   9.85e+00  2.31e-01  1.98e-01  1.48e-01  1.38e-01  7.58e-02  8.85e+04  4.31e+03 -1.00e+05
2016 05 03  0510   57511  18600   9.14e+00  2.20e-01  1.87e-01  7.74e-02  6.06e-02  3.69e-02  7.77e+04  3.04e+03 -1.00e+05
2016 05 03  0515   57511  18900   8.34e+00  1.37e-01  1.04e-01  5.38e-02  4.39e-02  2.21e-02  6.68e+04  2.42e+03 -1.00e+05
2016 05 03  0520   57511  19200   7.65e+00  1.64e-01  1.31e-01  5.38e-02  4.39e-02  2.21e-02  5.68e+04  1.67e+03 -1.00e+05
2016 05 03  0525   57511  19500   6.75e+00  1.37e-01  1.04e-01  5.38e-02  4.39e-02  2.21e-02  5.00e+04  1.31e+03 -1.00e+05
2016 05 03  0530   57511  19800   5.13e+00  3.51e-01  3.18e-01  9.34e-02  8.34e-02  6.17e-02  3.99e+04  8.62e+02 -1.00e+05
2016 05 03  0535   57511  20100   5.38e+00  2.00e-01  1.67e-01  1.16e-01  6.70e-02  2.61e-02  5.04e+04  1.26e+03 -1.00e+05
2016 05 03  0540   57511  20400   4.72e+00  1.37e-01  1.04e-01  5.38e-02  4.39e-02  2.21e-02  4.76e+04  1.25e+03 -1.00e+05
2016 05 03  0545   57511  20700   4.80e+00  1.61e-01  1.07e-01  5.38e-02  4.39e-02  2.21e-02  4.74e+04  1.21e+03 -1.00e+05
2016 05 03  0550   57511  21000   3.55e+00  1.86e-01  1.54e-01  1.03e-01  8.12e-02  4.30e-02  4.57e+04  1.20e+03 -1.00e+05
2016 05 03  0555   57511  21300   3.96e+00  1.99e-01  1.66e-01  1.16e-01  1.06e-01  4.22e-02  4.82e+04  1.35e+03 -1.00e+05
2016 05 03  0600   57511  21600   6.48e+00  3.19e-01  1.53e-01  9.83e-02  5.96e-02  2.95e-02  4.84e+04  1.40e+03 -1.00e+05
2016 05 03  0605   57511  21900   3.22e+00  1.86e-01  1.32e-01  5.38e-02  4.39e-02  2.21e-02  4.26e+04  1.12e+03 -1.00e+05
2016 05 03  0610   57511  22200   2.80e+00  1.37e-01  1.04e-01  5.38e-02  4.39e-02  2.21e-02  4.34e+04  1.16e+03 -1.00e+05
2016 05 03  0615   57511  22500   2.46e+00  1.94e-01  1.41e-01  6.02e-02  4.53e-02  2.21e-02  4.11e+04  1.05e+03 -1.00e+05
2016 05 03  0620   57511  22800   3.10e+00  2.89e-01  1.38e-01  6.68e-02  4.68e-02  2.21e-02  3.85e+04  9.17e+02 -1.00e+05
2016 05 03  0625   57511  23100   3.72e+00  3.12e-01  1.45e-01  9.07e-02  5.07e-02  2.21e-02  4.19e+04  1.12e+03 -1.00e+05
2016 05 03  0630   57511  23400   2.51e+00  1.61e-01  1.07e-01  5.38e-02  4.39e-02  2.21e-02  3.87e+04  1.02e+03 -1.00e+05
2016 05 03  0635   57511  23700   2.45e+00  3.09e-01  1.59e-01  8.64e-02  5.12e-02  2.21e-02  3.28e+04  6.98e+02 -1.00e+05
2016 05 03  0640   57511  24000   2.11e+00  1.42e-01  1.09e-01  5.87e-02  4.87e-02  2.70e-02  4.15e+04  1.30e+03 -1.00e+05
2016 05 03  0645   57511  24300   3.20e+00  3.87e-01  2.37e-01  6.02e-02  4.53e-02  2.21e-02  4.74e+04  1.52e+03 -1.00e+05
2016 05 03  0650   57511  24600   1.57e+00  2.10e-01  1.77e-01  7.36e-02  6.36e-02  4.19e-02  3.68e+04  1.06e+03 -1.00e+05
2016 05 03  0655   57511  24900   1.54e+00  1.37e-01  1.04e-01  5.38e-02  4.39e-02  2.21e-02  3.31e+04  9.28e+02 -1.00e+05
2016 05 03  0700   57511  25200   1.64e+00  1.37e-01  1.04e-01  5.38e-02  4.39e-02  2.21e-02  3.12e+04  8.74e+02 -1.00e+05
2016 05 03  0705   57511  25500   3.14e+00  5.98e-01  3.27e-01  9.81e-02  7.31e-02  3.01e-02  3.09e+04  7.80e+02 -1.00e+05
2016 05 03  0710   57511  25800   2.04e+00  1.81e-01  1.30e-01  7.62e-02  6.61e-02  4.43e-02  3.05e+04  9.04e+02 -1.00e+05
2016 05 03  0715   57511  26100   2.72e+00  3.32e-01  1.82e-01  1.10e-01  6.80e-02  3.69e-02  3.27e+04  9.07e+02 -1.00e+05
2016 05 03  0720   57511  26400   1.57e+00  1.61e-01  1.07e-01  5.38e-02  4.39e-02  2.21e-02  3.01e+04  7.95e+02 -1.00e+05
2016 05 03  0725   57511  26700   1.69e+00  1.49e-01  1.16e-01  6.61e-02  5.61e-02  2.61e-02  3.14e+04  8.80e+02 -1.00e+05
2016 05 03  0730   57511  27000   2.20e+00  3.03e-01  1.52e-01  5.38e-02  4.39e-02  2.21e-02  3.09e+04  8.93e+02 -1.00e+05
2016 05 03  0735   57511  27300   1.12e+00  1.37e-01  1.04e-01  5.38e-02  4.39e-02  2.21e-02  3.11e+04  9.87e+02 -1.00e+05
2016 05 03  0740   57511  27600   2.77e+00  3.87e-01  1.47e-01  6.02e-02  4.53e-02  2.21e-02  3.03e+04  8.88e+02 -1.00e+05
2016 05 03  0745   57511  27900   1.34e+00  1.74e-01  1.21e-01  6.68e-02  4.68e-02  2.21e-02  3.05e+04  9.45e+02 -1.00e+05
2016 05 03  0750   57511  28200   1.38e+00  1.37e-01  1.04e-01  5.38e-02  4.39e-02  2.21e-02  2.55e+04  9.47e+02 -1.00e+05
2016 05 03  0755   57511  28500   5.95e+00  3.23e-01  2.21e-01  5.38e-02  4.39e-02  2.21e-02  3.43e+04  1.25e+03 -1.00e+05
2016 05 03  0800   57511  28800   4.48e+00  2.18e-01  1.16e-01  5.38e-02  4.39e-02  2.21e-02  3.48e+04  1.41e+03 -1.00e+05
2016 05 03  0805   57511  29100   4.23e+00  4.28e-01  2.77e-01  9.95e-02  5.42e-02  2.21e-02  3.88e+04  1.75e+03 -1.00e+05
2016 05 03  0810   57511  29400   2.92e+00  1.61e-01  1.07e-01  5.38e-02  4.39e-02  2.21e-02  4.15e+04  1.79e+03 -1.00e+05
2016 05 03  0815   57511  29700   2.00e+00  1.64e-01  1.31e-01  5.38e-02  4.39e-02  2.21e-02  3.64e+04  1.48e+03 -1.00e+05
2016 05 03  0820   57511  30000   2.72e+00  2.18e-01  1.16e-01  5.38e-02  4.39e-02  2.21e-02  3.25e+04  1.23e+03 -1.00e+05
2016 05 03  0825   57511  30300   3.10e+00  3.02e-01  1.62e-01  1.08e-01  7.90e-02  5.18e-02  2.79e+04  1.04e+03 -1.00e+05
2016 05 03  0830   57511  30600   2.57e+00  1.61e-01  1.07e-01  5.38e-02  4.39e-02  2.21e-02  3.45e+04  1.30e+03 -1.00e+05
2016 05 03  0835   57511  30900   3.17e+00  2.57e-01  1.58e-01  9.58e-02  8.59e-02  6.42e-02  3.26e+04  1.31e+03 -1.00e+05
2016 05 03  0840   57511  31200   3.24e+00  1.95e-01  1.44e-01  9.09e-02  8.09e-02  5.92e-02  3.30e+04  1.36e+03 -1.00e+05
2016 05 03  0845   57511  31500   3.36e+00  3.19e-01  2.86e-01  7.25e-02  5.76e-02  2.61e-02  3.52e+04  1.37e+03 -1.00e+05
2016 05 03  0850   57511  31800   2.66e+00  1.61e-01  1.07e-01  5.38e-02  4.39e-02  2.21e-02  3.18e+04  1.19e+03 -1.00e+05
2016 05 03  0855   57511  32100   2.91e+00  1.68e-01  1.35e-01  8.49e-02  7.49e-02  3.21e-02  3.27e+04  1.31e+03 -1.00e+05
2016 05 03  0900   57511  32400   4.68e+00  2.49e-01  1.47e-01  5.87e-02  4.87e-02  2.70e-02  3.82e+04  1.44e+03 -1.00e+05
2016 05 03  0905   57511  32700   4.23e+00  2.25e-01  1.33e-01  7.25e-02  5.76e-02  2.61e-02  3.69e+04  1.42e+03 -1.00e+05
2016 05 03  0910   57511  33000   4.69e+00  2.73e-01  1.07e-01  5.38e-02  4.39e-02  2.21e-02  3.72e+04  1.34e+03 -1.00e+05
2016 05 03  0915   57511  33300   2.81e+00  2.26e-01  1.93e-01  1.43e-01  1.33e-01  5.75e-02  3.62e+04  1.29e+03 -1.00e+05
2016 05 03  0920   57511  33600   2.70e+00  1.72e-01  1.39e-01  8.91e-02  7.92e-02  4.85e-02  3.57e+04  1.23e+03 -1.00e+05
2016 05 03  0925   57511  33900   2.53e+00  1.87e-01  1.54e-01  1.04e-01  8.89e-02  3.61e-02  3.26e+04  1.14e+03 -1.00e+05
2016 05 03  0930   57511  34200   3.45e+00  1.99e-01  1.66e-01  1.16e-01  1.06e-01  4.22e-02  3.46e+04  1.22e+03 -1.00e+05
2016 05 03  0935   57511  34500   6.17e+00  3.71e-01  2.25e-01  5.98e-02  4.99e-02  2.41e-02  3.16e+04  1.06e+03 -1.00e+05
2016 05 03  0940   57511  34800   4.02e+00  1.47e-01  1.14e-01  6.36e-02  5.37e-02  3.20e-02  3.28e+04  1.09e+03 -1.00e+05
2016 05 03  0945   57511  35100   3.84e+00  1.37e-01  1.04e-01  5.38e-02  4.39e-02  2.21e-02  3.78e+04  1.35e+03 -1.00e+05
2016 05 03  0950   57511  35400   4.20e+00  1.61e-01  1.07e-01  5.38e-02  4.39e-02  2.21e-02  4.29e+04  1.60e+03 -1.00e+05
2016 05 03  0955   57511  35700   3.64e+00  1.64e-01  1.31e-01  7.99e-02  4.97e-02  2.21e-02  4.40e+04  1.70e+03 -1.00e+05
2016 05 03  1000   57511  36000   3.37e+00  2.05e-01  1.72e-01  1.23e-01  1.13e-01  4.42e-02  4.62e+04  1.85e+03 -1.00e+05
2016 05 03  1005   57511  36300   5.37e+00  3.39e-01  2.09e-01  1.41e-01  1.31e-01  5.02e-02  4.77e+04  1.92e+03 -1.00e+05
2016 05 03  1010   57511  36600   6.82e+00  3.42e-01  1.07e-01  5.38e-02  4.39e-02  2.21e-02  4.68e+04  1.86e+03 -1.00e+05
2016 05 03  1015   57511  36900   3.65e+00  1.62e-01  1.29e-01  5.38e-02  4.39e-02  2.21e-02  4.90e+04  1.93e+03 -1.00e+05
2016 05 03  1020   57511  37200   6.19e+00  2.97e-01  1.07e-01  5.38e-02  4.39e-02  2.21e-02  4.93e+04  1.98e+03 -1.00e+05
2016 05 03  1025   57511  37500   7.21e+00  3.42e-01  1.07e-01  5.38e-02  4.39e-02  2.21e-02  4.97e+04  1.94e+03 -1.00e+05
2016 05 03  1030   57511  37800   3.50e+00  2.42e-01  2.09e-01  5.38e-02  4.39e-02  2.21e-02  4.93e+04  1.95e+03 -1.00e+05
2016 05 03  1035   57511  38100   3.25e+00  1.37e-01  1.04e-01  5.38e-02  4.39e-02  2.21e-02  4.85e+04  1.78e+03 -1.00e+05
2016 05 03  1040   57511  38400   3.28e+00  1.63e-01  1.30e-01  6.03e-02  5.03e-02  2.58e-02  4.69e+04  1.92e+03 -1.00e+05
2016 05 03  1045   57511  38700   5.95e+00  3.00e-01  1.34e-01  7.99e-02  4.97e-02  2.21e-02  5.45e+04  2.18e+03 -1.00e+05
2016 05 03  1050   57511  39000   3.18e+00  1.50e-01  1.17e-01  6.68e-02  4.68e-02  2.21e-02  5.19e+04  2.19e+03 -1.00e+05
2016 05 03  1055   57511  39300   4.41e+00  2.76e-01  1.25e-01  5.38e-02  4.39e-02  2.21e-02  4.95e+04  2.10e+03 -1.00e+05
2016 05 03  1100   57511  39600   3.01e+00  1.37e-01  1.04e-01  5.38e-02  4.39e-02  2.21e-02  5.27e+04  2.15e+03 -1.00e+05
2016 05 03  1105   57511  39900   5.48e+00  3.28e-01  1.40e-01  5.38e-02  4.39e-02  2.21e-02  5.75e+04  2.65e+03 -1.00e+05
2016 05 03  1110   57511  40200   3.29e+00  2.42e-01  2.09e-01  5.38e-02  4.39e-02  2.21e-02  5.79e+04  2.64e+03 -1.00e+05
2016 05 03  1115   57511  40500   3.56e+00  3.14e-01  2.82e-01  7.33e-02  6.33e-02  3.17e-02  5.80e+04  2.77e+03 -1.00e+05
2016 05 03  1120   57511  40800   4.11e+00  2.20e-01  1.38e-01  7.86e-02  6.87e-02  3.01e-02  6.19e+04  2.97e+03 -1.00e+05
2016 05 03  1125   57511  41100   4.93e+00  2.79e-01  1.68e-01  1.04e-01  9.38e-02  3.82e-02  6.26e+04  3.08e+03 -1.00e+05
2016 05 03  1130   57511  41400   3.45e+00  1.47e-01  1.14e-01  6.36e-02  5.37e-02  3.20e-02  6.26e+04  3.05e+03 -1.00e+05
2016 05 03  1135   57511  41700   3.40e+00  1.37e-01  1.04e-01  5.38e-02  4.39e-02  2.21e-02  5.86e+04  2.88e+03 -1.00e+05
2016 05 03  1140   57511  42000   3.27e+00  1.37e-01  1.04e-01  5.38e-02  4.39e-02  2.21e-02  6.25e+04  3.12e+03 -1.00e+05
2016 05 03  1145   57511  42300   3.30e+00  2.24e-01  1.91e-01  1.41e-01  1.31e-01  5.02e-02  6.27e+04  3.13e+03 -1.00e+05
2016 05 03  1150   57511  42600   3.46e+00  1.74e-01  1.41e-01  9.09e-02  8.09e-02  5.92e-02  6.17e+04  3.05e+03 -1.00e+05
2016 05 03  1155   57511  42900   3.36e+00  1.52e-01  1.19e-01  6.91e-02  5.68e-02  3.44e-02  6.11e+04  3.04e+03 -1.00e+05
2016 05 03  1200   57511  43200   6.08e+00  3.09e-01  1.44e-01  9.09e-02  8.09e-02  5.92e-02  6.32e+04  3.16e+03 -1.00e+05
2016 05 03  1205   57511  43500   3.03e+00  1.96e-01  1.63e-01  1.13e-01  1.02e-01  7.11e-02  6.26e+04  3.23e+03 -1.00e+05
2016 05 03  1210   57511  43800   3.29e+00  1.49e-01  1.16e-01  6.61e-02  5.62e-02  3.44e-02  6.28e+04  3.27e+03 -1.00e+05
2016 05 03  1215   57511  44100   3.17e+00  1.44e-01  1.11e-01  6.12e-02  5.12e-02  2.95e-02  6.47e+04  3.37e+03 -1.00e+05
2016 05 03  1220   57511  44400   3.23e+00  1.56e-01  1.23e-01  7.25e-02  5.76e-02  2.61e-02  6.27e+04  3.28e+03 -1.00e+05
2016 05 03  1225   57511  44700   5.60e+00  4.21e-01  2.70e-01  9.30e-02  5.27e-02  2.21e-02  6.46e+04  3.43e+03 -1.00e+05
2016 05 03  1230   57511  45000   5.67e+00  4.72e-01  2.81e-01  9.95e-02  5.42e-02  2.21e-02  6.53e+04  3.37e+03 -1.00e+05
2016 05 03  1235   57511  45300   3.77e+00  1.91e-01  1.58e-01  7.99e-02  4.97e-02  2.21e-02  6.34e+04  3.29e+03 -1.00e+05
2016 05 03  1240   57511  45600   5.51e+00  3.04e-01  2.15e-01  1.54e-01  1.30e-01  5.18e-02  6.46e+04  3.40e+03 -1.00e+05
2016 05 03  1245   57511  45900   5.99e+00  2.76e-01  1.25e-01  5.38e-02  4.39e-02  2.21e-02  6.53e+04  3.48e+03 -1.00e+05
2016 05 03  1250   57511  46200   7.20e+00  3.58e-01  1.24e-01  7.03e-02  5.14e-02  2.70e-02  6.67e+04  3.56e+03 -1.00e+05
2016 05 03  1255   57511  46500   4.01e+00  2.33e-01  2.00e-01  6.68e-02  4.68e-02  2.21e-02  6.58e+04  3.51e+03 -1.00e+05
2016 05 03  1300   57511  46800   3.53e+00  1.64e-01  1.31e-01  5.38e-02  4.39e-02  2.21e-02  6.64e+04  3.61e+03 -1.00e+05
2016 05 03  1305   57511  47100   3.57e+00  1.85e-01  1.52e-01  1.02e-01  8.53e-02  6.17e-02  6.78e+04  3.75e+03 -1.00e+05
2016 05 03  1310   57511  47400   3.90e+00  1.61e-01  1.07e-01  5.38e-02  4.39e-02  2.21e-02  6.58e+04  3.42e+03 -1.00e+05
2016 05 03  1315   57511  47700   3.40e+00  1.76e-01  1.43e-01  9.34e-02  8.34e-02  6.17e-02  6.34e+04  3.44e+03 -1.00e+05
2016 05 03  1320   57511  48000   3.56e+00  1.37e-01  1.04e-01  5.38e-02  4.39e-02  2.21e-02  6.69e+04  3.51e+03 -1.00e+05
2016 05 03  1325   57511  48300   7.26e+00  3.91e-01  1.54e-01  7.27e-02  6.15e-02  3.94e-02  6.60e+04  3.72e+03 -1.00e+05
2016 05 03  1330   57511  48600   3.96e+00  3.62e-01  3.29e-01  1.05e-01  9.00e-02  6.66e-02  6.92e+04  3.65e+03 -1.00e+05
2016 05 03  1335   57511  48900   4.13e+00  1.96e-01  1.43e-01  5.38e-02  4.39e-02  2.21e-02  6.60e+04  3.66e+03 -1.00e+05
2016 05 03  1340   57511  49200   4.15e+00  2.70e-01  2.38e-01  1.46e-01  1.37e-01  7.03e-02  7.09e+04  3.88e+03 -1.00e+05
2016 05 03  1345   57511  49500   4.03e+00  1.76e-01  1.43e-01  9.34e-02  8.34e-02  6.17e-02  7.13e+04  3.86e+03 -1.00e+05
2016 05 03  1350   57511  49800   3.89e+00  1.37e-01  1.04e-01  5.38e-02  4.39e-02  2.21e-02  7.13e+04  3.89e+03 -1.00e+05
2016 05 03  1355   57511  50100   4.42e+00  2.04e-01  1.71e-01  9.30e-02  5.27e-02  2.21e-02  7.14e+04  4.01e+03 -1.00e+05
2016 05 03  1400   57511  50400   4.34e+00  2.22e-01  1.90e-01  1.13e-01  6.49e-02  3.20e-02  7.28e+04  4.08e+03 -1.00e+05
2016 05 03  1405   57511  50700   7.60e+00  3.21e-01  1.54e-01  9.95e-02  5.42e-02  2.21e-02  7.22e+04  4.16e+03 -1.00e+05
2016 05 03  1410   57511  51000   4.50e+00  1.79e-01  1.46e-01  9.59e-02  7.06e-02  4.43e-02  7.40e+04  4.17e+03 -1.00e+05
2016 05 03  1415   57511  51300   4.65e+00  2.49e-01  2.17e-01  6.36e-02  5.37e-02  3.20e-02  7.52e+04  4.34e+03 -1.00e+05
2016 05 03  1420   57511  51600   4.43e+00  2.42e-01  2.09e-01  5.38e-02  4.39e-02  2.21e-02  7.53e+04  4.38e+03 -1.00e+05
2016 05 03  1425   57511  51900   5.26e+00  1.74e-01  1.22e-01  6.86e-02  5.87e-02  3.69e-02  7.53e+04  4.50e+03 -1.00e+05
2016 05 03  1430   57511  52200   7.17e+00  2.48e-01  1.07e-01  5.38e-02  4.39e-02  2.21e-02  7.78e+04  4.79e+03 -1.00e+05
2016 05 03  1435   57511  52500   4.63e+00  1.69e-01  1.36e-01  8.56e-02  6.05e-02  2.61e-02  7.93e+04  5.02e+03 -1.00e+05
2016 05 03  1440   57511  52800   5.12e+00  2.11e-01  1.58e-01  1.03e-01  6.06e-02  3.20e-02  8.02e+04  5.21e+03 -1.00e+05
2016 05 03  1445   57511  53100   4.78e+00  2.04e-01  1.71e-01  9.30e-02  5.27e-02  2.21e-02  8.25e+04  5.35e+03 -1.00e+05
2016 05 03  1450   57511  53400   5.40e+00  2.04e-01  1.51e-01  9.71e-02  6.51e-02  3.69e-02  8.33e+04  5.59e+03 -1.00e+05
2016 05 03  1455   57511  53700   4.81e+00  1.98e-01  1.65e-01  1.14e-01  7.27e-02  4.19e-02  8.50e+04  5.80e+03 -1.00e+05
2016 05 03  1500   57511  54000   4.96e+00  1.54e-01  1.21e-01  7.11e-02  6.11e-02  3.94e-02  8.79e+04  6.01e+03 -1.00e+05
2016 05 03  1505   57511  54300   4.93e+00  1.54e-01  1.21e-01  7.11e-02  6.11e-02  3.94e-02  8.79e+04  6.17e+03 -1.00e+05
2016 05 03  1510   57511  54600   4.84e+00  1.71e-01  1.39e-01  8.81e-02  6.77e-02  4.29e-02  9.19e+04  6.69e+03 -1.00e+05
2016 05 03  1515   57511  54900   6.32e+00  1.86e-01  1.32e-01  5.38e-02  4.39e-02  2.21e-02  9.22e+04  6.94e+03 -1.00e+05
2016 05 03  1520   57511  55200   5.45e+00  1.91e-01  1.58e-01  7.99e-02  4.97e-02  2.21e-02  9.32e+04  7.11e+03 -1.00e+05
2016 05 03  1525   57511  55500   5.69e+00  1.80e-01  1.28e-01  7.44e-02  6.38e-02  4.19e-02  9.32e+04  7.29e+03 -1.00e+05
2016 05 03  1530   57511  55800   9.84e+00  3.32e-01  1.26e-01  7.24e-02  6.24e-02  2.81e-02  9.32e+04  7.56e+03 -1.00e+05
2016 05 03  1535   57511  56100   5.28e+00  1.78e-01  1.45e-01  9.53e-02  8.39e-02  6.17e-02  9.79e+04  7.95e+03 -1.00e+05
2016 05 03  1540   57511  56400   5.16e+00  1.61e-01  1.29e-01  7.85e-02  6.86e-02  4.68e-02  9.86e+04  8.20e+03 -1.00e+05
2016 05 03  1545   57511  56700   5.26e+00  1.69e-01  1.36e-01  8.59e-02  7.60e-02  5.42e-02  9.86e+04  8.33e+03 -1.00e+05
2016 05 03  1550   57511  57000   7.59e+00  2.19e-01  1.21e-01  5.98e-02  4.99e-02  2.41e-02  1.00e+05  8.62e+03 -1.00e+05
2016 05 03  1555   57511  57300   5.09e+00  1.57e-01  1.24e-01  7.37e-02  6.38e-02  3.35e-02  1.02e+05  8.58e+03 -1.00e+05
2016 05 03  1600   57511  57600   5.67e+00  1.57e-01  1.24e-01  7.33e-02  4.83e-02  2.21e-02  9.86e+04  8.53e+03 -1.00e+05
2016 05 03  1605   57511  57900   6.26e+00  2.07e-01  1.56e-01  8.10e-02  7.10e-02  4.93e-02  1.03e+05  8.97e+03 -1.00e+05
2016 05 03  1610   57511  58200   6.32e+00  1.63e-01  1.10e-01  5.62e-02  4.63e-02  2.45e-02  1.02e+05  8.69e+03 -1.00e+05
2016 05 03  1615   57511  58500   6.36e+00  1.81e-01  1.29e-01  7.60e-02  6.61e-02  4.43e-02  1.03e+05  8.96e+03 -1.00e+05
2016 05 03  1620   57511  58800   8.67e+00  2.96e-01  1.45e-01  7.33e-02  4.83e-02  2.21e-02  1.04e+05  9.04e+03 -1.00e+05
2016 05 03  1625   57511  59100   8.75e+00  2.48e-01  1.07e-01  5.38e-02  4.39e-02  2.21e-02  1.04e+05  9.46e+03 -1.00e+05
2016 05 03  1630   57511  59400   6.44e+00  1.97e-01  1.38e-01  8.30e-02  7.30e-02  2.24e-02  1.06e+05  9.66e+03 -1.00e+05
2016 05 03  1635   57511  59700   5.63e+00  1.51e-01  1.19e-01  6.86e-02  5.87e-02  3.69e-02  1.06e+05  9.63e+03 -1.00e+05
2016 05 03  1640   57511  60000   7.73e+00  2.81e-01  1.95e-01  1.35e-01  1.25e-01  4.82e-02  1.04e+05  9.56e+03 -1.00e+05
2016 05 03  1645   57511  60300   6.08e+00  2.53e-01  2.20e-01  6.86e-02  5.87e-02  3.69e-02  1.04e+05  9.36e+03 -1.00e+05
2016 05 03  1650   57511  60600   6.72e+00  1.75e-01  1.43e-01  9.26e-02  8.26e-02  3.96e-02  1.04e+05  9.35e+03 -1.00e+05
2016 05 03  1655   57511  60900   6.60e+00  1.43e-01  1.10e-01  5.98e-02  4.99e-02  2.41e-02  1.04e+05  9.45e+03 -1.00e+05
2016 05 03  1700   57511  61200   6.85e+00  1.49e-01  1.17e-01  6.65e-02  5.66e-02  2.78e-02  1.09e+05  9.86e+03 -1.00e+05
2016 05 03  1705   57511  61500   6.98e+00  1.72e-01  1.39e-01  5.38e-02  4.39e-02  2.21e-02  1.09e+05  1.00e+04 -1.00e+05
2016 05 03  1710   57511  61800   7.31e+00  1.89e-01  1.56e-01  1.05e-01  6.89e-02  3.94e-02  1.12e+05  1.03e+04 -1.00e+05
2016 05 03  1715   57511  62100   7.22e+00  1.84e-01  1.51e-01  1.01e-01  9.09e-02  6.91e-02  1.15e+05  1.06e+04 -1.00e+05
2016 05 03  1720   57511  62400   7.17e+00  1.78e-01  1.45e-01  9.54e-02  8.55e-02  6.37e-02  1.15e+05  1.09e+04 -1.00e+05
2016 05 03  1725   57511  62700   7.06e+00  1.84e-01  1.51e-01  9.95e-02  5.42e-02  2.21e-02  1.15e+05  1.08e+04 -1.00e+05
2016 05 03  1730   57511  63000   7.82e+00  1.88e-01  1.34e-01  5.38e-02  4.39e-02  2.21e-02  1.15e+05  1.07e+04 -1.00e+05
2016 05 03  1735   57511  63300   1.00e+01  2.36e-01  1.35e-01  7.21e-02  5.37e-02  2.95e-02  1.15e+05  1.04e+04 -1.00e+05
2016 05 03  1740   57511  63600   8.42e+00  2.70e-01  2.37e-01  9.18e-02  6.68e-02  2.81e-02  1.17e+05  1.08e+04 -1.00e+05
2016 05 03  1745   57511  63900   9.30e+00  2.75e-01  2.42e-01  8.64e-02  5.12e-02  2.21e-02  1.20e+05  1.13e+04 -1.00e+05
2016 05 03  1750   57511  64200   1.03e+01  1.61e-01  1.07e-01  5.38e-02  4.39e-02  2.21e-02  1.19e+05  1.05e+04 -1.00e+05
2016 05 03  1755   57511  64500   1.84e+01  3.71e-01  1.62e-01  8.35e-02  7.35e-02  5.18e-02  1.24e+05  1.17e+04 -1.00e+05
2016 05 03  1800   57511  64800   1.95e+01  4.23e-01  2.04e-01  8.49e-02  7.49e-02  3.21e-02  1.26e+05  1.17e+04 -1.00e+05
2016 05 03  1805   57511  65100   1.79e+01  2.73e-01  1.07e-01  5.38e-02  4.39e-02  2.21e-02  1.25e+05  1.17e+04 -1.00e+05
2016 05 03  1810   57511  65400   9.62e+00  3.08e-01  2.75e-01  7.24e-02  6.24e-02  2.81e-02  1.25e+05  1.13e+04 -1.00e+05
2016 05 03  1815   57511  65700   1.04e+01  2.66e-01  2.12e-01  5.38e-02  4.39e-02  2.21e-02  1.25e+05  1.17e+04 -1.00e+05
2016 05 03  1820   57511  66000   8.61e+00  2.65e-01  2.32e-01  8.35e-02  7.35e-02  5.18e-02  1.25e+05  1.19e+04 -1.00e+05
2016 05 03  1825   57511  66300   8.08e+00  1.37e-01  1.04e-01  5.38e-02  4.39e-02  2.21e-02  1.29e+05  1.25e+04 -1.00e+05
2016 05 03  1830   57511  66600   1.38e+01  3.06e-01  1.47e-01  6.02e-02  4.53e-02  2.21e-02  1.31e+05  1.31e+04 -1.00e+05
2016 05 03  1835   57511  66900   8.09e+00  1.54e-01  1.21e-01  7.11e-02  6.11e-02  3.94e-02  1.31e+05  1.34e+04 -1.00e+05
2016 05 03  1840   57511  67200   1.07e+01  2.31e-01  1.30e-01  6.68e-02  4.68e-02  2.21e-02  1.31e+05  1.35e+04 -1.00e+05
2016 05 03  1845   57511  67500   9.28e+00  2.51e-01  1.98e-01  7.33e-02  4.83e-02  2.21e-02  1.31e+05  1.38e+04 -1.00e+05
2016 05 03  1850   57511  67800   8.20e+00  1.64e-01  1.31e-01  5.38e-02  4.39e-02  2.21e-02  1.36e+05  1.41e+04 -1.00e+05
2016 05 03  1855   57511  68100   1.33e+01  2.99e-01  1.40e-01  5.38e-02  4.39e-02  2.21e-02  1.36e+05  1.41e+04 -1.00e+05
2016 05 03  1900   57511  68400   7.78e+00  1.84e-01  1.51e-01  1.01e-01  9.13e-02  6.96e-02  1.36e+05  1.44e+04 -1.00e+05
2016 05 03  1905   57511  68700   8.22e+00  2.71e-01  2.38e-01  1.87e-01  1.42e-01  5.02e-02  1.36e+05  1.43e+04 -1.00e+05
2016 05 03  1910   57511  69000   7.91e+00  1.37e-01  1.04e-01  5.38e-02  4.39e-02  2.21e-02  1.36e+05  1.47e+04 -1.00e+05
2016 05 03  1915   57511  69300   8.07e+00  1.85e-01  1.52e-01  1.02e-01  9.22e-02  6.53e-02  1.36e+05  1.51e+04 -1.00e+05
2016 05 03  1920   57511  69600   1.13e+01  2.64e-01  1.65e-01  1.03e-01  9.33e-02  7.16e-02  1.36e+05  1.53e+04 -1.00e+05
2016 05 03  1925   57511  69900   1.14e+01  2.20e-01  1.19e-01  5.62e-02  4.63e-02  2.45e-02  1.43e+05  1.60e+04 -1.00e+05
2016 05 03  1930   57511  70200   1.61e+01  3.97e-01  1.64e-01  8.59e-02  7.60e-02  5.42e-02  1.40e+05  1.57e+04 -1.00e+05
2016 05 03  1935   57511  70500   1.18e+01  2.45e-01  1.43e-01  7.99e-02  4.97e-02  2.21e-02  1.43e+05  1.60e+04 -1.00e+05
2016 05 03  1940   57511  70800   8.13e+00  1.77e-01  1.44e-01  6.68e-02  4.68e-02  2.21e-02  1.43e+05  1.66e+04 -1.00e+05
2016 05 03  1945   57511  71100   8.66e+00  2.20e-01  1.87e-01  6.68e-02  4.68e-02  2.21e-02  1.43e+05  1.66e+04 -1.00e+05
2016 05 03  1950   57511  71400   8.20e+00  1.72e-01  1.39e-01  5.38e-02  4.39e-02  2.21e-02  1.43e+05  1.69e+04 -1.00e+05
2016 05 03  1955   57511  71700   1.32e+01  2.76e-01  1.25e-01  5.38e-02  4.39e-02  2.21e-02  1.43e+05  1.70e+04 -1.00e+05
2016 05 03  2000   57511  72000   8.05e+00  1.57e-01  1.24e-01  7.33e-02  4.83e-02  2.21e-02  1.43e+05  1.67e+04 -1.00e+05
2016 05 03  2005   57511  72300   1.33e+01  3.33e-01  1.74e-01  8.64e-02  5.12e-02  2.21e-02  1.43e+05  1.67e+04 -1.00e+05
2016 05 03  2010   57511  72600   8.32e+00  1.37e-01  1.04e-01  5.38e-02  4.39e-02  2.21e-02  1.43e+05  1.67e+04 -1.00e+05
2016 05 03  2015   57511  72900   8.25e+00  1.55e-01  1.22e-01  7.21e-02  5.37e-02  2.95e-02  1.43e+05  1.67e+04 -1.00e+05
2016 05 03  2020   57511  73200   8.28e+00  1.51e-01  1.19e-01  6.86e-02  5.87e-02  3.69e-02  1.43e+05  1.69e+04 -1.00e+05
2016 05 03  2025   57511  73500   1.10e+01  2.20e-01  1.38e-01  7.86e-02  6.87e-02  3.01e-02  1.43e+05  1.71e+04 -1.00e+05
2016 05 03  2030   57511  73800   1.11e+01  2.52e-01  1.50e-01  8.64e-02  5.12e-02  2.21e-02  1.43e+05  1.67e+04 -1.00e+05
2016 05 03  2035   57511  74100   1.10e+01  2.29e-01  1.28e-01  6.61e-02  5.62e-02  3.44e-02  1.43e+05  1.67e+04 -1.00e+05
2016 05 03  2040   57511  74400   7.96e+00  1.37e-01  1.04e-01  5.38e-02  4.39e-02  2.21e-02  1.43e+05  1.67e+04 -1.00e+05
2016 05 03  2045   57511  74700   1.37e+01  4.25e-01  2.34e-01  5.38e-02  4.39e-02  2.21e-02  1.43e+05  1.73e+04 -1.00e+05
2016 05 03  2050   57511  75000   8.75e+00  2.05e-01  1.72e-01  1.23e-01  1.13e-01  4.42e-02  1.43e+05  1.72e+04 -1.00e+05
2016 05 03  2055   57511  75300   1.01e+01  2.71e-01  2.21e-01  9.83e-02  8.84e-02  6.66e-02  1.43e+05  1.77e+04 -1.00e+05
2016 05 03  2100   57511  75600   8.40e+00  1.66e-01  1.33e-01  8.35e-02  7.35e-02  5.18e-02  1.43e+05  1.74e+04 -1.00e+05
2016 05 03  2105   57511  75900   1.50e+01  3.19e-01  1.54e-01  1.01e-01  9.09e-02  6.91e-02  1.43e+05  1.73e+04 -1.00e+05
2016 05 03  2110   57511  76200   9.63e+00  1.54e-01  1.21e-01  7.11e-02  6.11e-02  3.94e-02  1.43e+05  1.77e+04 -1.00e+05
2016 05 03  2115   57511  76500   1.39e+01  2.76e-01  1.25e-01  5.38e-02  4.39e-02  2.21e-02  1.43e+05  1.68e+04 -1.00e+05
2016 05 03  2120   57511  76800   1.22e+01  3.23e-01  2.21e-01  5.38e-02  4.39e-02  2.21e-02  1.43e+05  1.67e+04 -1.00e+05
2016 05 03  2125   57511  77100   8.97e+00  1.36e-01  1.02e-01  5.26e-02  4.30e-02  2.17e-02  1.43e+05  1.61e+04 -1.00e+05
2016 05 03  2130   57511  77400   9.35e+00  2.18e-01  1.80e-01  9.12e-02  4.99e-02  2.17e-02  1.40e+05  1.57e+04 -1.00e+05
2016 05 03  2135   57511  77700   8.31e+00  2.08e-01  1.74e-01  1.25e-01  1.15e-01  5.57e-02  1.36e+05  1.53e+04 -1.00e+05
2016 05 03  2140   57511  78000   8.85e+00  1.74e-01  1.40e-01  9.07e-02  8.12e-02  5.98e-02  1.39e+05  1.56e+04 -1.00e+05
2016 05 03  2145   57511  78300   8.36e+00  1.83e-01  1.49e-01  9.84e-02  5.34e-02  2.17e-02  1.36e+05  1.52e+04 -1.00e+05
2016 05 03  2150   57511  78600   1.40e+01  4.89e-01  3.27e-01  1.09e-01  9.91e-02  6.07e-02  1.36e+05  1.51e+04 -1.00e+05
2016 05 03  2155   57511  78900   1.34e+01  2.60e-01  1.30e-01  7.79e-02  6.84e-02  4.70e-02  1.36e+05  1.50e+04 -1.00e+05
2016 05 03  2200   57511  79200   8.15e+00  1.36e-01  1.02e-01  5.26e-02  4.30e-02  2.17e-02  1.36e+05  1.46e+04 -1.00e+05
2016 05 03  2205   57511  79500   8.63e+00  1.76e-01  1.42e-01  9.12e-02  4.99e-02  2.17e-02  1.36e+05  1.49e+04 -1.00e+05
2016 05 03  2210   57511  79800   1.23e+01  2.93e-01  1.57e-01  5.26e-02  4.30e-02  2.17e-02  1.38e+05  1.50e+04 -1.00e+05
2016 05 03  2215   57511  80100   8.47e+00  2.75e-01  2.41e-01  1.90e-01  1.16e-01  3.78e-02  1.36e+05  1.48e+04 -1.00e+05
2016 05 03  2220   57511  80400   9.00e+00  2.14e-01  1.80e-01  1.31e-01  1.21e-01  5.77e-02  1.36e+05  1.49e+04 -1.00e+05
2016 05 03  2225   57511  80700   8.81e+00  1.74e-01  1.39e-01  5.26e-02  4.30e-02  2.17e-02  1.38e+05  1.49e+04 -1.00e+05
2016 05 03  2230   57511  81000   8.80e+00  1.72e-01  1.34e-01  5.88e-02  4.92e-02  2.78e-02  1.36e+05  1.47e+04 -1.00e+05
2016 05 03  2235   57511  81300   8.24e+00  2.88e-01  2.53e-01  9.84e-02  8.88e-02  6.75e-02  1.36e+05  1.46e+04 -1.00e+05
2016 05 03  2240   57511  81600   8.38e+00  1.44e-01  1.09e-01  6.00e-02  4.57e-02  2.29e-02  1.36e+05  1.47e+04 -1.00e+05
2016 05 03  2245   57511  81900   7.26e+00  1.62e-01  1.28e-01  5.26e-02  4.30e-02  2.17e-02  1.36e+05  1.46e+04 -1.00e+05
2016 05 03  2250   57511  82200   6.80e+00  1.56e-01  1.22e-01  7.22e-02  4.75e-02  2.17e-02  1.33e+05  1.40e+04 -1.00e+05
2016 05 03  2255   57511  82500   7.88e+00  1.64e-01  1.30e-01  8.11e-02  7.15e-02  5.01e-02  1.36e+05  1.44e+04 -1.00e+05
2016 05 03  2300   57511  82800   8.21e+00  1.88e-01  1.54e-01  1.03e-01  6.70e-02  3.77e-02  1.36e+05  1.42e+04 -1.00e+05
2016 05 03  2305   57511  83100   1.60e+01  3.31e-01  1.04e-01  5.26e-02  4.30e-02  2.17e-02  1.36e+05  1.44e+04 -1.00e+05
2016 05 03  2310   57511  83400   1.02e+01  2.38e-01  1.54e-01  9.59e-02  8.64e-02  6.50e-02  1.36e+05  1.38e+04 -1.00e+05
2016 05 03  2315   57511  83700   7.62e+00  1.49e-01  1.14e-01  6.52e-02  5.56e-02  2.57e-02  1.35e+05  1.34e+04 -1.00e+05
2016 05 03  2320   57511  84000   8.84e+00  2.26e-01  1.57e-01  1.01e-01  8.63e-02  4.93e-02  1.31e+05  1.28e+04 -1.00e+05
2016 05 03  2325   57511  84300   1.33e+01  6.45e-01  3.47e-01  9.84e-02  5.34e-02  2.17e-02  1.31e+05  1.22e+04 -1.00e+05
2016 05 03  2330   57511  84600   7.24e+00  1.36e-01  1.02e-01  5.26e-02  4.31e-02  2.17e-02  1.30e+05  1.18e+04 -1.00e+05
2016 05 03  2335   57511  84900   7.09e+00  2.09e-01  1.75e-01  6.00e-02  4.57e-02  2.29e-02  1.29e+05  1.17e+04 -1.00e+05
2016 05 03  2340   57511  85200   9.06e+00  2.42e-01  1.59e-01  1.01e-01  9.13e-02  6.99e-02  1.25e+05  1.13e+04 -1.00e+05
2016 05 03  2345   57511  85500   8.74e+00  2.43e-01  1.58e-01  9.87e-02  6.78e-02  4.02e-02  1.25e+05  1.13e+04 -1.00e+05
2016 05 03  2350   57511  85800   6.65e+00  1.51e-01  1.16e-01  6.73e-02  5.77e-02  3.39e-02  1.25e+05  1.10e+04 -1.00e+05
2016 05 03  2355   57511  86100   6.27e+00  1.61e-01  1.27e-01  7.77e-02  6.82e-02  2.97e-02  1.25e+05  1.08e+04 -1.00e+05
