:Data_list: 20160101_Gs_part_5m.txt
:Created: 2016 Jan 02 0011 UTC
# Prepared by the U.S. Dept. of Commerce, NOAA, Space Weather Prediction Center
# Please send comments and suggestions to SWPC.Webmaster@noaa.gov 
# 
# Label: P > 1 = Particles at >1 Mev
# Label: P > 5 = Particles at >5 Mev
# Label: P >10 = Particles at >10 Mev
# Label: P >30 = Particles at >30 Mev
# Label: P >50 = Particles at >50 Mev
# Label: P>100 = Particles at >100 Mev
# Label: E>0.8 = Electrons at >0.8 Mev
# Label: E>2.0 = Electrons at >2.0 Mev
# Label: E>4.0 = Electrons at >4.0 Mev
# Units: Particles = Protons/cm2-s-sr
# Units: Electrons = Electrons/cm2-s-sr
# Source: GOES-15
# Location: W135
# Missing data: -1.00e+05
#
#                      5-minute  GOES-15 Solar Particle and Electron Flux
#
#                 Modified Seconds
# UTC Date  Time   Julian  of the
# YR MO DA  HHMM    Day     Day     P > 1     P > 5     P >10     P >30     P >50     P>100     E>0.8     E>2.0     E>4.0
#-------------------------------------------------------------------------------------------------------------------------
2016 01 01  0000   57388      0   5.20e+00  3.05e-01  9.80e-02  5.17e-02  4.12e-02  2.10e-02  3.23e+03  4.99e+01 -1.00e+05
2016 01 01  0005   57388    300   2.56e+00  1.24e-01  9.54e-02  5.17e-02  4.12e-02  2.10e-02  3.36e+03  4.50e+01 -1.00e+05
2016 01 01  0010   57388    600   2.23e+00  1.35e-01  1.06e-01  6.25e-02  5.20e-02  2.45e-02  3.35e+03  5.25e+01 -1.00e+05
2016 01 01  0015   57388    900   3.16e+00  3.34e-01  2.29e-01  8.91e-02  4.71e-02  2.10e-02  3.37e+03  5.69e+01 -1.00e+05
2016 01 01  0020   57388   1200   1.73e+00  1.24e-01  9.54e-02  5.17e-02  4.12e-02  2.10e-02  4.77e+03  9.23e+01 -1.00e+05
2016 01 01  0025   57388   1500   1.64e+00  1.41e-01  1.12e-01  6.83e-02  4.49e-02  2.10e-02  4.91e+03  7.38e+01 -1.00e+05
2016 01 01  0030   57388   1800   2.62e+00  1.24e-01  9.54e-02  5.17e-02  4.12e-02  2.10e-02  4.61e+03  6.03e+01 -1.00e+05
2016 01 01  0035   57388   2100   3.39e+00  1.84e-01  1.28e-01  5.17e-02  4.12e-02  2.10e-02  2.53e+03  3.05e+01 -1.00e+05
2016 01 01  0040   57388   2400   2.61e+00  1.24e-01  9.54e-02  5.17e-02  4.12e-02  2.10e-02  2.73e+03  3.16e+01 -1.00e+05
2016 01 01  0045   57388   2700   3.82e+00  2.43e-01  1.02e-01  5.17e-02  4.12e-02  2.10e-02  2.56e+03  2.73e+01 -1.00e+05
2016 01 01  0050   57388   3000   2.01e+00  1.24e-01  9.54e-02  5.17e-02  4.12e-02  2.10e-02  1.35e+03  1.31e+01 -1.00e+05
2016 01 01  0055   57388   3300   2.34e+00  1.24e-01  9.54e-02  5.17e-02  4.12e-02  2.10e-02  1.66e+03  1.57e+01 -1.00e+05
2016 01 01  0100   57388   3600   2.63e+00  1.56e-01  1.00e-01  5.17e-02  4.12e-02  2.10e-02  3.24e+03  3.45e+01 -1.00e+05
2016 01 01  0105   57388   3900   3.06e+00  1.56e-01  1.00e-01  5.17e-02  4.12e-02  2.10e-02  4.28e+03  4.90e+01 -1.00e+05
2016 01 01  0110   57388   4200   2.37e+00  1.24e-01  9.54e-02  5.17e-02  4.12e-02  2.10e-02  4.75e+03  5.03e+01 -1.00e+05
2016 01 01  0115   57388   4500   3.00e+00  1.86e-01  1.57e-01  6.17e-02  4.35e-02  2.10e-02  2.51e+03  2.41e+01 -1.00e+05
2016 01 01  0120   57388   4800   5.28e+00  1.56e-01  1.00e-01  5.17e-02  4.12e-02  2.10e-02  2.12e+03  2.20e+01 -1.00e+05
2016 01 01  0125   57388   5100   6.20e+00  1.31e-01  1.02e-01  5.52e-02  4.20e-02  2.10e-02  3.98e+03  3.67e+01 -1.00e+05
2016 01 01  0130   57388   5400   7.41e+00  1.59e-01  1.04e-01  5.17e-02  4.12e-02  2.10e-02  4.52e+03  5.07e+01 -1.00e+05
2016 01 01  0135   57388   5700   6.81e+00  1.30e-01  1.01e-01  5.76e-02  4.71e-02  2.68e-02  5.20e+03  6.66e+01 -1.00e+05
2016 01 01  0140   57388   6000   8.08e+00  1.24e-01  9.54e-02  5.17e-02  4.12e-02  2.10e-02  5.97e+03  7.74e+01 -1.00e+05
2016 01 01  0145   57388   6300   1.71e+01  2.47e-01  1.92e-01  6.50e-02  5.45e-02  3.43e-02  5.61e+03  6.57e+01 -1.00e+05
2016 01 01  0150   57388   6600   4.58e+01  2.83e-01  9.81e-02  5.17e-02  4.12e-02  2.10e-02  5.29e+03  7.22e+01 -1.00e+05
2016 01 01  0155   57388   6900   4.50e+01  1.24e-01  9.54e-02  5.17e-02  4.12e-02  2.10e-02  9.52e+03  1.21e+02 -1.00e+05
2016 01 01  0200   57388   7200   4.28e+01  1.27e-01  9.87e-02  5.17e-02  4.12e-02  2.10e-02  1.15e+04  1.59e+02 -1.00e+05
2016 01 01  0205   57388   7500   3.34e+01  1.28e-01  9.99e-02  5.63e-02  4.58e-02  2.24e-02  1.29e+04  1.65e+02 -1.00e+05
2016 01 01  0210   57388   7800   3.53e+01  2.05e-01  1.77e-01  5.17e-02  4.12e-02  2.10e-02  1.16e+04  1.43e+02 -1.00e+05
2016 01 01  0215   57388   8100   3.91e+01  1.59e-01  1.04e-01  5.17e-02  4.12e-02  2.10e-02  1.11e+04  1.41e+02 -1.00e+05
2016 01 01  0220   57388   8400   2.83e+01  1.24e-01  9.54e-02  5.17e-02  4.12e-02  2.10e-02  1.25e+04  1.49e+02 -1.00e+05
2016 01 01  0225   57388   8700   2.90e+01  1.24e-01  9.54e-02  5.17e-02  4.12e-02  2.10e-02  1.19e+04  1.35e+02 -1.00e+05
2016 01 01  0230   57388   9000   2.88e+01  1.74e-01  1.46e-01  5.26e-02  4.21e-02  2.19e-02  1.36e+04  1.37e+02 -1.00e+05
2016 01 01  0235   57388   9300   2.78e+01  1.24e-01  9.54e-02  5.17e-02  4.12e-02  2.10e-02  1.40e+04  1.52e+02 -1.00e+05
2016 01 01  0240   57388   9600   2.86e+01  1.28e-01  9.95e-02  5.26e-02  4.21e-02  2.19e-02  1.44e+04  1.51e+02 -1.00e+05
2016 01 01  0245   57388   9900   2.58e+01  1.51e-01  1.23e-01  7.48e-02  4.64e-02  2.10e-02  1.53e+04  1.63e+02 -1.00e+05
2016 01 01  0250   57388  10200   3.05e+01  1.84e-01  1.28e-01  5.17e-02  4.12e-02  2.10e-02  1.57e+04  1.67e+02 -1.00e+05
2016 01 01  0255   57388  10500   2.93e+01  1.59e-01  1.04e-01  5.17e-02  4.12e-02  2.10e-02  2.13e+04  2.37e+02 -1.00e+05
2016 01 01  0300   57388  10800   2.16e+01  2.43e-01  2.14e-01  7.48e-02  4.64e-02  2.10e-02  1.85e+04  1.98e+02 -1.00e+05
2016 01 01  0305   57388  11100   2.72e+01  2.13e-01  1.09e-01  5.17e-02  4.12e-02  2.10e-02  1.68e+04  1.73e+02 -1.00e+05
2016 01 01  0310   57388  11400   1.62e+01  1.27e-01  9.87e-02  5.17e-02  4.12e-02  2.10e-02  1.97e+04  2.05e+02 -1.00e+05
2016 01 01  0315   57388  11700   1.24e+01  1.73e-01  1.45e-01  5.17e-02  4.12e-02  2.10e-02  2.21e+04  2.35e+02 -1.00e+05
2016 01 01  0320   57388  12000   1.04e+01  1.24e-01  9.54e-02  5.17e-02  4.12e-02  2.10e-02  2.01e+04  2.04e+02 -1.00e+05
2016 01 01  0325   57388  12300   8.79e+00  1.63e-01  1.35e-01  5.17e-02  4.12e-02  2.10e-02  1.87e+04  1.83e+02 -1.00e+05
2016 01 01  0330   57388  12600   1.14e+01  2.58e-01  1.22e-01  7.49e-02  6.44e-02  4.42e-02  1.79e+04  1.71e+02 -1.00e+05
2016 01 01  0335   57388  12900   4.62e+00  1.85e-01  1.56e-01  1.08e-01  9.80e-02  4.65e-02  1.49e+04  1.52e+02 -1.00e+05
2016 01 01  0340   57388  13200   7.58e+00  3.08e-01  1.02e-01  5.52e-02  4.20e-02  2.10e-02  1.10e+04  1.43e+02 -1.00e+05
2016 01 01  0345   57388  13500   3.74e+00  1.24e-01  9.54e-02  5.17e-02  4.12e-02  2.10e-02  1.21e+04  1.77e+02 -1.00e+05
2016 01 01  0350   57388  13800   3.99e+00  1.84e-01  1.28e-01  5.17e-02  4.12e-02  2.10e-02  1.29e+04  1.95e+02 -1.00e+05
2016 01 01  0355   57388  14100   2.84e+00  1.24e-01  9.54e-02  5.17e-02  4.12e-02  2.10e-02  1.32e+04  1.86e+02 -1.00e+05
2016 01 01  0400   57388  14400   2.97e+00  1.24e-01  9.54e-02  5.17e-02  4.12e-02  2.10e-02  1.55e+04  2.26e+02 -1.00e+05
2016 01 01  0405   57388  14700   2.45e+00  1.24e-01  9.54e-02  5.17e-02  4.12e-02  2.10e-02  1.38e+04  1.83e+02 -1.00e+05
2016 01 01  0410   57388  15000   2.68e+00  1.56e-01  1.00e-01  5.17e-02  4.12e-02  2.10e-02  1.49e+04  1.82e+02 -1.00e+05
2016 01 01  0415   57388  15300   1.90e+00  1.24e-01  9.54e-02  5.17e-02  4.12e-02  2.10e-02  1.55e+04  1.56e+02 -1.00e+05
2016 01 01  0420   57388  15600   2.13e+00  1.56e-01  1.00e-01  5.17e-02  4.12e-02  2.10e-02  1.38e+04  1.15e+02 -1.00e+05
2016 01 01  0425   57388  15900   1.76e+00  1.69e-01  1.41e-01  7.00e-02  5.95e-02  3.92e-02  1.54e+04  1.27e+02 -1.00e+05
2016 01 01  0430   57388  16200   3.48e+00  4.13e-01  1.97e-01  5.17e-02  4.12e-02  2.10e-02  1.39e+04  1.10e+02 -1.00e+05
2016 01 01  0435   57388  16500   1.89e+00  1.83e-01  1.54e-01  5.17e-02  4.12e-02  2.10e-02  1.48e+04  1.21e+02 -1.00e+05
2016 01 01  0440   57388  16800   2.50e+00  2.13e-01  1.09e-01  5.17e-02  4.12e-02  2.10e-02  1.92e+04  1.60e+02 -1.00e+05
2016 01 01  0445   57388  17100   1.68e+00  1.54e-01  1.26e-01  8.14e-02  4.79e-02  2.10e-02  1.89e+04  1.38e+02 -1.00e+05
2016 01 01  0450   57388  17400   2.93e+00  2.40e-01  1.02e-01  5.52e-02  4.20e-02  2.10e-02  1.77e+04  1.12e+02 -1.00e+05
2016 01 01  0455   57388  17700   1.82e+00  1.96e-01  1.40e-01  5.17e-02  4.12e-02  2.10e-02  1.55e+04  9.02e+01 -1.00e+05
2016 01 01  0500   57388  18000   1.83e+00  2.06e-01  1.78e-01  6.83e-02  4.49e-02  2.10e-02  2.21e+04  1.43e+02 -1.00e+05
2016 01 01  0505   57388  18300   1.99e+00  1.27e-01  9.87e-02  5.17e-02  4.12e-02  2.10e-02  2.37e+04  1.64e+02 -1.00e+05
2016 01 01  0510   57388  18600   2.27e+00  1.24e-01  9.54e-02  5.17e-02  4.12e-02  2.10e-02  2.42e+04  1.76e+02 -1.00e+05
2016 01 01  0515   57388  18900   3.37e+00  2.24e-01  1.19e-01  6.17e-02  4.35e-02  2.10e-02  2.24e+04  1.49e+02 -1.00e+05
2016 01 01  0520   57388  19200   3.65e+00  3.25e-01  1.57e-01  5.17e-02  4.12e-02  2.10e-02  2.31e+04  1.68e+02 -1.00e+05
2016 01 01  0525   57388  19500   3.52e+00  2.44e-01  1.40e-01  8.14e-02  4.79e-02  2.10e-02  2.24e+04  1.60e+02 -1.00e+05
2016 01 01  0530   57388  19800   5.22e+00  3.33e-01  1.48e-01  1.01e-01  5.87e-02  2.93e-02  2.88e+04  2.56e+02 -1.00e+05
2016 01 01  0535   57388  20100   2.45e+00  1.27e-01  9.87e-02  5.17e-02  4.12e-02  2.10e-02  2.84e+04  2.81e+02 -1.00e+05
2016 01 01  0540   57388  20400   2.76e+00  1.24e-01  9.54e-02  5.17e-02  4.12e-02  2.10e-02  2.70e+04  2.49e+02 -1.00e+05
2016 01 01  0545   57388  20700   2.57e+00  1.24e-01  9.54e-02  5.17e-02  4.12e-02  2.10e-02  2.60e+04  2.36e+02 -1.00e+05
2016 01 01  0550   57388  21000   3.19e+00  1.56e-01  1.00e-01  5.17e-02  4.12e-02  2.10e-02  2.38e+04  1.89e+02 -1.00e+05
2016 01 01  0555   57388  21300   2.45e+00  2.06e-01  1.78e-01  6.83e-02  4.49e-02  2.10e-02  2.18e+04  1.61e+02 -1.00e+05
2016 01 01  0600   57388  21600   2.61e+00  1.24e-01  9.54e-02  5.17e-02  4.12e-02  2.10e-02  2.33e+04  1.94e+02 -1.00e+05
2016 01 01  0605   57388  21900   2.33e+00  1.27e-01  9.87e-02  5.17e-02  4.12e-02  2.10e-02  2.14e+04  1.75e+02 -1.00e+05
2016 01 01  0610   57388  22200   2.21e+00  1.52e-01  1.23e-01  5.17e-02  4.12e-02  2.10e-02  1.93e+04  1.43e+02 -1.00e+05
2016 01 01  0615   57388  22500   2.58e+00  1.24e-01  9.54e-02  5.17e-02  4.12e-02  2.10e-02  1.96e+04  1.58e+02 -1.00e+05
2016 01 01  0620   57388  22800   3.62e+00  1.56e-01  1.00e-01  5.17e-02  4.12e-02  2.10e-02  2.10e+04  1.92e+02 -1.00e+05
2016 01 01  0625   57388  23100   4.92e+00  2.43e-01  1.02e-01  5.17e-02  4.12e-02  2.10e-02  2.03e+04  1.92e+02 -1.00e+05
2016 01 01  0630   57388  23400   5.68e+00  2.91e-01  1.06e-01  6.01e-02  4.96e-02  2.93e-02  1.55e+04  1.26e+02 -1.00e+05
2016 01 01  0635   57388  23700   4.82e+00  3.65e-01  1.58e-01  5.17e-02  4.12e-02  2.10e-02  1.53e+04  1.27e+02 -1.00e+05
2016 01 01  0640   57388  24000   3.30e+00  1.56e-01  1.00e-01  5.17e-02  4.12e-02  2.10e-02  1.74e+04  1.64e+02 -1.00e+05
2016 01 01  0645   57388  24300   2.84e+00  1.24e-01  9.54e-02  5.17e-02  4.12e-02  2.10e-02  1.74e+04  1.55e+02 -1.00e+05
2016 01 01  0650   57388  24600   3.41e+00  1.52e-01  1.23e-01  7.97e-02  6.91e-02  4.89e-02  1.94e+04  1.97e+02 -1.00e+05
2016 01 01  0655   57388  24900   5.57e+00  2.37e-01  1.82e-01  5.17e-02  4.12e-02  2.10e-02  2.05e+04  2.28e+02 -1.00e+05
2016 01 01  0700   57388  25200   7.25e+00  2.14e-01  1.10e-01  5.26e-02  4.21e-02  2.19e-02  1.91e+04  2.18e+02 -1.00e+05
2016 01 01  0705   57388  25500   8.73e+00  2.60e-01  9.82e-02  5.17e-02  4.12e-02  2.10e-02  1.75e+04  1.76e+02 -1.00e+05
2016 01 01  0710   57388  25800   1.11e+01  2.27e-01  1.13e-01  6.17e-02  4.35e-02  2.10e-02  1.73e+04  1.67e+02 -1.00e+05
2016 01 01  0715   57388  26100   1.15e+01  2.15e-01  1.24e-01  6.88e-02  5.83e-02  2.65e-02  1.94e+04  2.08e+02 -1.00e+05
2016 01 01  0720   57388  26400   6.57e+00  1.24e-01  9.54e-02  5.17e-02  4.12e-02  2.10e-02  1.91e+04  1.96e+02 -1.00e+05
2016 01 01  0725   57388  26700   6.50e+00  1.82e-01  1.28e-01  7.99e-02  6.94e-02  4.91e-02  1.95e+04  2.06e+02 -1.00e+05
2016 01 01  0730   57388  27000   3.56e+00  1.24e-01  9.54e-02  5.17e-02  4.12e-02  2.10e-02  2.12e+04  2.31e+02 -1.00e+05
2016 01 01  0735   57388  27300   6.08e+00  2.68e-01  1.02e-01  5.17e-02  4.12e-02  2.10e-02  2.25e+04  2.62e+02 -1.00e+05
2016 01 01  0740   57388  27600   3.77e+00  1.59e-01  1.04e-01  5.51e-02  4.46e-02  2.44e-02  2.27e+04  2.65e+02 -1.00e+05
2016 01 01  0745   57388  27900   4.94e+00  2.61e-01  9.91e-02  5.26e-02  4.21e-02  2.19e-02  2.31e+04  2.72e+02 -1.00e+05
2016 01 01  0750   57388  28200   2.86e+00  1.54e-01  1.26e-01  8.14e-02  4.79e-02  2.10e-02  2.29e+04  2.74e+02 -1.00e+05
2016 01 01  0755   57388  28500   4.56e+00  2.70e-01  1.09e-01  6.17e-02  4.35e-02  2.10e-02  2.18e+04  2.80e+02 -1.00e+05
2016 01 01  0800   57388  28800   2.96e+00  2.03e-01  1.50e-01  1.02e-01  9.17e-02  7.14e-02  2.18e+04  2.64e+02 -1.00e+05
2016 01 01  0805   57388  29100   2.44e+00  1.37e-01  1.09e-01  6.17e-02  4.35e-02  2.10e-02  2.17e+04  2.65e+02 -1.00e+05
2016 01 01  0810   57388  29400   2.34e+00  1.24e-01  9.54e-02  5.17e-02  4.12e-02  2.10e-02  2.31e+04  2.76e+02 -1.00e+05
2016 01 01  0815   57388  29700   9.59e+00  3.04e-01  2.01e-01  6.50e-02  5.45e-02  3.43e-02  4.15e+04  6.46e+02 -1.00e+05
2016 01 01  0820   57388  30000   1.86e+01  2.42e-01  1.31e-01  8.48e-02  7.43e-02  5.41e-02  5.40e+04  1.04e+03 -1.00e+05
2016 01 01  0825   57388  30300   1.09e+01  2.24e-01  1.12e-01  6.50e-02  5.45e-02  3.43e-02  4.50e+04  7.74e+02 -1.00e+05
2016 01 01  0830   57388  30600   1.15e+01  2.10e-01  9.84e-02  5.17e-02  4.12e-02  2.10e-02  4.88e+04  8.37e+02 -1.00e+05
2016 01 01  0835   57388  30900   7.68e+00  1.24e-01  9.54e-02  5.17e-02  4.12e-02  2.10e-02  5.23e+04  9.91e+02 -1.00e+05
2016 01 01  0840   57388  31200   1.22e+01  2.60e-01  9.82e-02  5.17e-02  4.12e-02  2.10e-02  4.90e+04  8.85e+02 -1.00e+05
2016 01 01  0845   57388  31500   6.70e+00  2.10e-01  1.81e-01  5.76e-02  4.71e-02  2.68e-02  5.00e+04  9.11e+02 -1.00e+05
2016 01 01  0850   57388  31800   1.30e+01  5.63e-01  2.94e-01  1.24e-01  8.52e-02  3.25e-02  4.84e+04  8.98e+02 -1.00e+05
2016 01 01  0855   57388  32100   4.84e+00  1.35e-01  1.06e-01  6.25e-02  5.20e-02  3.18e-02  4.24e+04  7.16e+02 -1.00e+05
2016 01 01  0900   57388  32400   9.31e+00  2.14e-01  1.10e-01  5.26e-02  4.21e-02  2.19e-02  4.22e+04  7.07e+02 -1.00e+05
2016 01 01  0905   57388  32700   1.22e+01  2.36e-01  9.83e-02  5.17e-02  4.12e-02  2.10e-02  4.15e+04  6.71e+02 -1.00e+05
2016 01 01  0910   57388  33000   5.27e+00  1.34e-01  1.05e-01  6.01e-02  4.96e-02  2.93e-02  4.02e+04  6.68e+02 -1.00e+05
2016 01 01  0915   57388  33300   6.99e+00  1.56e-01  1.00e-01  5.17e-02  4.12e-02  2.10e-02  4.72e+04  8.26e+02 -1.00e+05
2016 01 01  0920   57388  33600   8.99e+00  2.28e-01  1.15e-01  6.83e-02  4.49e-02  2.10e-02  5.04e+04  9.05e+02 -1.00e+05
2016 01 01  0925   57388  33900   6.47e+00  2.39e-01  2.11e-01  1.48e-01  1.30e-01  4.86e-02  5.35e+04  9.82e+02 -1.00e+05
2016 01 01  0930   57388  34200   7.58e+00  1.24e-01  9.54e-02  5.17e-02  4.12e-02  2.10e-02  5.83e+04  1.17e+03 -1.00e+05
2016 01 01  0935   57388  34500   9.95e+00  1.57e-01  1.10e-01  6.25e-02  5.20e-02  2.45e-02  6.17e+04  1.31e+03 -1.00e+05
2016 01 01  0940   57388  34800   7.35e+00  2.20e-01  1.91e-01  7.00e-02  5.95e-02  3.92e-02  5.71e+04  1.10e+03 -1.00e+05
2016 01 01  0945   57388  35100   7.71e+00  1.27e-01  9.87e-02  5.17e-02  4.12e-02  2.10e-02  5.87e+04  1.16e+03 -1.00e+05
2016 01 01  0950   57388  35400   8.12e+00  1.24e-01  9.54e-02  5.17e-02  4.12e-02  2.10e-02  5.66e+04  1.08e+03 -1.00e+05
2016 01 01  0955   57388  35700   1.78e+01  2.78e-01  1.28e-01  8.13e-02  7.08e-02  3.05e-02  5.95e+04  1.18e+03 -1.00e+05
2016 01 01  1000   57388  36000   1.41e+01  2.14e-01  1.02e-01  5.51e-02  4.46e-02  2.44e-02  6.05e+04  1.17e+03 -1.00e+05
2016 01 01  1005   57388  36300   1.33e+01  1.56e-01  1.00e-01  5.17e-02  4.12e-02  2.10e-02  6.79e+04  1.45e+03 -1.00e+05
2016 01 01  1010   57388  36600   1.61e+01  2.34e-01  1.22e-01  7.48e-02  4.64e-02  2.10e-02  6.78e+04  1.42e+03 -1.00e+05
2016 01 01  1015   57388  36900   2.00e+01  4.83e-01  2.35e-01  6.01e-02  4.96e-02  2.93e-02  6.94e+04  1.47e+03 -1.00e+05
2016 01 01  1020   57388  37200   2.14e+01  4.39e-01  1.60e-01  5.17e-02  4.12e-02  2.10e-02  6.92e+04  1.46e+03 -1.00e+05
2016 01 01  1025   57388  37500   1.05e+01  1.74e-01  1.45e-01  1.01e-01  5.87e-02  2.93e-02  6.71e+04  1.34e+03 -1.00e+05
2016 01 01  1030   57388  37800   1.02e+01  2.05e-01  1.77e-01  5.17e-02  4.12e-02  2.10e-02  6.62e+04  1.31e+03 -1.00e+05
2016 01 01  1035   57388  38100   1.06e+01  1.25e-01  9.63e-02  5.26e-02  4.21e-02  2.19e-02  6.77e+04  1.35e+03 -1.00e+05
2016 01 01  1040   57388  38400   1.37e+01  3.25e-01  2.21e-01  6.83e-02  4.49e-02  2.10e-02  6.41e+04  1.18e+03 -1.00e+05
2016 01 01  1045   57388  38700   1.41e+01  2.45e-01  1.34e-01  8.73e-02  7.68e-02  5.66e-02  6.27e+04  1.13e+03 -1.00e+05
2016 01 01  1050   57388  39000   1.38e+01  2.82e-01  1.71e-01  1.23e-01  8.10e-02  5.16e-02  6.44e+04  1.17e+03 -1.00e+05
2016 01 01  1055   57388  39300   7.95e+00  1.30e-01  1.01e-01  5.51e-02  4.46e-02  2.44e-02  6.15e+04  1.08e+03 -1.00e+05
2016 01 01  1100   57388  39600   9.09e+00  1.96e-01  1.43e-01  9.47e-02  8.42e-02  6.40e-02  6.10e+04  1.06e+03 -1.00e+05
2016 01 01  1105   57388  39900   6.66e+00  1.78e-01  1.50e-01  1.06e-01  9.59e-02  3.86e-02  5.78e+04  9.72e+02 -1.00e+05
2016 01 01  1110   57388  40200   1.11e+01  4.09e-01  2.18e-01  6.75e-02  5.70e-02  3.67e-02  5.61e+04  9.00e+02 -1.00e+05
2016 01 01  1115   57388  40500   1.27e+01  2.99e-01  1.37e-01  8.91e-02  4.71e-02  2.10e-02  5.49e+04  8.92e+02 -1.00e+05
2016 01 01  1120   57388  40800   6.44e+00  1.91e-01  1.63e-01  1.18e-01  7.41e-02  4.42e-02  5.34e+04  8.45e+02 -1.00e+05
2016 01 01  1125   57388  41100   8.25e+00  2.47e-01  1.92e-01  6.50e-02  5.45e-02  3.43e-02  5.33e+04  8.32e+02 -1.00e+05
2016 01 01  1130   57388  41400   7.17e+00  1.44e-01  1.16e-01  6.83e-02  4.49e-02  2.10e-02  5.37e+04  8.37e+02 -1.00e+05
2016 01 01  1135   57388  41700   8.50e+00  1.80e-01  1.25e-01  7.61e-02  5.51e-02  3.18e-02  5.64e+04  9.00e+02 -1.00e+05
2016 01 01  1140   57388  42000   1.24e+01  2.10e-01  9.84e-02  5.17e-02  4.12e-02  2.10e-02  5.35e+04  8.30e+02 -1.00e+05
2016 01 01  1145   57388  42300   8.03e+00  1.52e-01  1.23e-01  5.17e-02  4.12e-02  2.10e-02  5.12e+04  7.69e+02 -1.00e+05
2016 01 01  1150   57388  42600   8.44e+00  1.24e-01  9.54e-02  5.17e-02  4.12e-02  2.10e-02  4.59e+04  6.40e+02 -1.00e+05
2016 01 01  1155   57388  42900   7.29e+00  1.24e-01  9.54e-02  5.17e-02  4.12e-02  2.10e-02  4.85e+04  6.99e+02 -1.00e+05
2016 01 01  1200   57388  43200   7.87e+00  1.24e-01  9.54e-02  5.17e-02  4.12e-02  2.10e-02  5.04e+04  7.24e+02 -1.00e+05
2016 01 01  1205   57388  43500   7.47e+00  1.24e-01  9.54e-02  5.17e-02  4.12e-02  2.10e-02  5.11e+04  7.60e+02 -1.00e+05
2016 01 01  1210   57388  43800   8.11e+00  2.05e-01  1.77e-01  5.17e-02  4.12e-02  2.10e-02  5.00e+04  7.39e+02 -1.00e+05
2016 01 01  1215   57388  44100   8.66e+00  2.40e-01  1.84e-01  5.51e-02  4.46e-02  2.44e-02  5.29e+04  8.34e+02 -1.00e+05
2016 01 01  1220   57388  44400   6.84e+00  1.24e-01  9.54e-02  5.17e-02  4.12e-02  2.10e-02  5.59e+04  9.21e+02 -1.00e+05
2016 01 01  1225   57388  44700   7.00e+00  2.00e-01  1.71e-01  5.17e-02  4.12e-02  2.10e-02  5.98e+04  1.02e+03 -1.00e+05
2016 01 01  1230   57388  45000   1.13e+01  2.17e-01  1.03e-01  5.17e-02  4.12e-02  2.10e-02  5.59e+04  9.21e+02 -1.00e+05
2016 01 01  1235   57388  45300   6.64e+00  2.22e-01  1.94e-01  6.83e-02  4.49e-02  2.10e-02  5.46e+04  8.75e+02 -1.00e+05
2016 01 01  1240   57388  45600   6.06e+00  1.27e-01  9.87e-02  5.51e-02  4.46e-02  2.44e-02  5.70e+04  9.57e+02 -1.00e+05
2016 01 01  1245   57388  45900   9.07e+00  2.30e-01  1.19e-01  7.25e-02  6.19e-02  4.17e-02  6.11e+04  1.11e+03 -1.00e+05
2016 01 01  1250   57388  46200   5.66e+00  1.28e-01  9.99e-02  5.63e-02  4.58e-02  2.24e-02  6.26e+04  1.16e+03 -1.00e+05
2016 01 01  1255   57388  46500   5.72e+00  1.24e-01  9.54e-02  5.17e-02  4.12e-02  2.10e-02  6.52e+04  1.26e+03 -1.00e+05
2016 01 01  1300   57388  46800   5.72e+00  1.44e-01  1.16e-01  7.25e-02  6.19e-02  4.17e-02  6.56e+04  1.30e+03 -1.00e+05
2016 01 01  1305   57388  47100   6.72e+00  2.31e-01  1.66e-01  1.16e-01  1.05e-01  5.22e-02  6.70e+04  1.35e+03 -1.00e+05
2016 01 01  1310   57388  47400   5.31e+00  2.49e-01  2.21e-01  9.75e-02  6.18e-02  3.43e-02  7.08e+04  1.47e+03 -1.00e+05
2016 01 01  1315   57388  47700   6.73e+00  1.66e-01  1.11e-01  6.17e-02  4.35e-02  2.10e-02  7.13e+04  1.53e+03 -1.00e+05
2016 01 01  1320   57388  48000   6.65e+00  1.60e-01  1.04e-01  5.52e-02  4.20e-02  2.10e-02  7.13e+04  1.56e+03 -1.00e+05
2016 01 01  1325   57388  48300   6.18e+00  2.18e-01  1.77e-01  1.31e-01  1.21e-01  4.66e-02  7.13e+04  1.53e+03 -1.00e+05
2016 01 01  1330   57388  48600   7.95e+00  2.17e-01  1.12e-01  5.17e-02  4.12e-02  2.10e-02  7.13e+04  1.55e+03 -1.00e+05
2016 01 01  1335   57388  48900   9.30e+00  2.10e-01  9.84e-02  5.17e-02  4.12e-02  2.10e-02  7.13e+04  1.61e+03 -1.00e+05
2016 01 01  1340   57388  49200   8.43e+00  2.13e-01  1.09e-01  5.17e-02  4.12e-02  2.10e-02  7.16e+04  1.59e+03 -1.00e+05
2016 01 01  1345   57388  49500   5.14e+00  1.24e-01  9.54e-02  5.17e-02  4.12e-02  2.10e-02  7.39e+04  1.66e+03 -1.00e+05
2016 01 01  1350   57388  49800   5.26e+00  1.24e-01  9.54e-02  5.17e-02  4.12e-02  2.10e-02  7.53e+04  1.69e+03 -1.00e+05
2016 01 01  1355   57388  50100   7.80e+00  2.37e-01  1.33e-01  7.48e-02  4.64e-02  2.10e-02  7.53e+04  1.72e+03 -1.00e+05
2016 01 01  1400   57388  50400   8.03e+00  2.13e-01  1.09e-01  5.17e-02  4.12e-02  2.10e-02  7.53e+04  1.73e+03 -1.00e+05
2016 01 01  1405   57388  50700   5.41e+00  1.74e-01  1.46e-01  1.02e-01  9.17e-02  7.14e-02  7.53e+04  1.74e+03 -1.00e+05
2016 01 01  1410   57388  51000   5.18e+00  2.05e-01  1.77e-01  5.17e-02  4.12e-02  2.10e-02  7.57e+04  1.77e+03 -1.00e+05
2016 01 01  1415   57388  51300   5.64e+00  1.24e-01  9.54e-02  5.17e-02  4.12e-02  2.10e-02  7.62e+04  1.78e+03 -1.00e+05
2016 01 01  1420   57388  51600   9.33e+00  2.24e-01  1.19e-01  6.17e-02  4.35e-02  2.10e-02  7.49e+04  1.78e+03 -1.00e+05
2016 01 01  1425   57388  51900   8.24e+00  1.35e-01  1.07e-01  6.30e-02  5.21e-02  3.18e-02  7.57e+04  1.75e+03 -1.00e+05
2016 01 01  1430   57388  52200   9.48e+00  1.24e-01  9.54e-02  5.17e-02  4.12e-02  2.10e-02  7.53e+04  1.70e+03 -1.00e+05
2016 01 01  1435   57388  52500   1.11e+01  1.24e-01  9.54e-02  5.17e-02  4.12e-02  2.10e-02  7.53e+04  1.66e+03 -1.00e+05
2016 01 01  1440   57388  52800   1.35e+01  1.24e-01  9.54e-02  5.17e-02  4.12e-02  2.10e-02  7.54e+04  1.68e+03 -1.00e+05
2016 01 01  1445   57388  53100   1.31e+01  2.33e-01  2.04e-01  1.45e-01  1.35e-01  5.50e-02  7.61e+04  1.66e+03 -1.00e+05
2016 01 01  1450   57388  53400   1.24e+01  1.40e-01  1.11e-01  6.75e-02  5.70e-02  3.67e-02  7.89e+04  1.72e+03 -1.00e+05
2016 01 01  1455   57388  53700   2.67e+01  5.07e-01  2.03e-01  6.01e-02  4.96e-02  2.93e-02  7.76e+04  1.67e+03 -1.00e+05
2016 01 01  1500   57388  54000   1.20e+01  2.18e-01  1.89e-01  6.75e-02  5.70e-02  3.67e-02  7.93e+04  1.73e+03 -1.00e+05
2016 01 01  1505   57388  54300   1.15e+01  1.40e-01  1.11e-01  6.75e-02  5.70e-02  3.67e-02  8.25e+04  1.86e+03 -1.00e+05
2016 01 01  1510   57388  54600   1.13e+01  1.67e-01  1.38e-01  9.47e-02  8.42e-02  6.40e-02  8.37e+04  1.95e+03 -1.00e+05
2016 01 01  1515   57388  54900   1.11e+01  1.24e-01  9.54e-02  5.17e-02  4.12e-02  2.10e-02  8.57e+04  2.02e+03 -1.00e+05
2016 01 01  1520   57388  55200   1.08e+01  2.06e-01  1.78e-01  6.89e-02  4.58e-02  2.19e-02  8.79e+04  2.06e+03 -1.00e+05
2016 01 01  1525   57388  55500   1.10e+01  1.43e-01  1.14e-01  7.06e-02  6.01e-02  3.99e-02  8.79e+04  2.18e+03 -1.00e+05
2016 01 01  1530   57388  55800   1.06e+01  1.90e-01  1.61e-01  1.18e-01  1.07e-01  5.96e-02  8.81e+04  2.24e+03 -1.00e+05
2016 01 01  1535   57388  56100   1.03e+01  1.47e-01  1.19e-01  7.51e-02  6.46e-02  2.85e-02  9.03e+04  2.31e+03 -1.00e+05
2016 01 01  1540   57388  56400   1.02e+01  1.27e-01  9.87e-02  5.17e-02  4.12e-02  2.10e-02  9.32e+04  2.41e+03 -1.00e+05
2016 01 01  1545   57388  56700   2.18e+01  4.16e-01  1.90e-01  1.42e-01  9.88e-02  6.89e-02  9.32e+04  2.42e+03 -1.00e+05
2016 01 01  1550   57388  57000   9.63e+00  1.24e-01  9.54e-02  5.17e-02  4.12e-02  2.10e-02  9.22e+04  2.33e+03 -1.00e+05
2016 01 01  1555   57388  57300   9.97e+00  2.08e-01  1.80e-01  1.35e-01  8.95e-02  5.90e-02  9.32e+04  2.37e+03 -1.00e+05
2016 01 01  1600   57388  57600   9.44e+00  1.27e-01  9.87e-02  5.17e-02  4.12e-02  2.10e-02  9.32e+04  2.39e+03 -1.00e+05
2016 01 01  1605   57388  57900   1.01e+01  1.92e-01  1.53e-01  1.07e-01  9.69e-02  6.47e-02  9.32e+04  2.46e+03 -1.00e+05
2016 01 01  1610   57388  58200   1.42e+01  3.50e-01  2.11e-01  1.47e-01  1.37e-01  6.41e-02  9.32e+04  2.48e+03 -1.00e+05
2016 01 01  1615   57388  58500   9.42e+00  2.01e-01  1.64e-01  7.51e-02  6.46e-02  2.85e-02  9.32e+04  2.47e+03 -1.00e+05
2016 01 01  1620   57388  58800   8.34e+00  1.69e-01  1.41e-01  9.72e-02  8.67e-02  6.65e-02  9.54e+04  2.57e+03 -1.00e+05
2016 01 01  1625   57388  59100   1.26e+01  2.13e-01  1.09e-01  5.17e-02  4.12e-02  2.10e-02  9.67e+04  2.64e+03 -1.00e+05
2016 01 01  1630   57388  59400   1.35e+01  3.58e-01  1.91e-01  6.17e-02  4.35e-02  2.10e-02  9.47e+04  2.61e+03 -1.00e+05
2016 01 01  1635   57388  59700   1.57e+01  3.15e-01  1.26e-01  7.95e-02  6.90e-02  2.18e-02  9.86e+04  2.65e+03 -1.00e+05
2016 01 01  1640   57388  60000   8.16e+00  1.30e-01  1.01e-01  5.76e-02  4.71e-02  2.68e-02  9.80e+04  2.66e+03 -1.00e+05
2016 01 01  1645   57388  60300   1.02e+01  1.56e-01  1.00e-01  5.17e-02  4.12e-02  2.10e-02  9.81e+04  2.62e+03 -1.00e+05
2016 01 01  1650   57388  60600   8.86e+00  2.25e-01  1.97e-01  7.74e-02  6.69e-02  4.67e-02  9.86e+04  2.62e+03 -1.00e+05
2016 01 01  1655   57388  60900   9.32e+00  1.58e-01  1.26e-01  8.13e-02  7.08e-02  3.05e-02  9.81e+04  2.65e+03 -1.00e+05
2016 01 01  1700   57388  61200   8.71e+00  1.34e-01  1.06e-01  6.17e-02  4.35e-02  2.10e-02  9.81e+04  2.68e+03 -1.00e+05
2016 01 01  1705   57388  61500   1.49e+01  2.53e-01  1.18e-01  7.13e-02  6.08e-02  3.63e-02  9.86e+04  2.69e+03 -1.00e+05
2016 01 01  1710   57388  61800   8.43e+00  1.24e-01  9.54e-02  5.17e-02  4.12e-02  2.10e-02  9.85e+04  2.62e+03 -1.00e+05
2016 01 01  1715   57388  62100   1.71e+01  3.15e-01  1.31e-01  8.48e-02  7.43e-02  5.41e-02  9.86e+04  2.69e+03 -1.00e+05
2016 01 01  1720   57388  62400   8.98e+00  2.05e-01  1.77e-01  5.17e-02  4.12e-02  2.10e-02  9.86e+04  2.70e+03 -1.00e+05
2016 01 01  1725   57388  62700   1.27e+01  2.36e-01  1.08e-01  4.75e-02  3.80e-02  1.96e-02  9.86e+04  2.80e+03 -1.00e+05
2016 01 01  1730   57388  63000   8.11e+00  1.51e-01  1.20e-01  7.70e-02  6.76e-02  4.91e-02  9.86e+04  2.93e+03 -1.00e+05
2016 01 01  1735   57388  63300   8.32e+00  1.93e-01  1.62e-01  7.21e-02  6.26e-02  4.42e-02  1.02e+05  3.01e+03 -1.00e+05
2016 01 01  1740   57388  63600   8.76e+00  1.48e-01  1.18e-01  4.75e-02  3.80e-02  1.96e-02  1.04e+05  3.26e+03 -1.00e+05
2016 01 01  1745   57388  63900   9.00e+00  1.63e-01  1.32e-01  8.86e-02  7.91e-02  4.78e-02  1.05e+05  3.36e+03 -1.00e+05
2016 01 01  1750   57388  64200   8.76e+00  1.79e-01  1.48e-01  9.22e-02  5.95e-02  3.43e-02  1.04e+05  3.24e+03 -1.00e+05
2016 01 01  1755   57388  64500   1.09e+01  2.48e-01  1.70e-01  1.17e-01  7.08e-02  4.17e-02  1.04e+05  3.19e+03 -1.00e+05
2016 01 01  1800   57388  64800   1.35e+01  3.94e-01  2.76e-01  2.28e-01  1.41e-01  4.35e-02  1.04e+05  3.13e+03 -1.00e+05
2016 01 01  1805   57388  65100   1.12e+01  3.00e-01  1.97e-01  1.40e-01  1.13e-01  7.05e-02  1.04e+05  3.12e+03 -1.00e+05
2016 01 01  1810   57388  65400   7.40e+00  2.23e-01  1.92e-01  1.03e-01  9.37e-02  7.53e-02  1.02e+05  2.95e+03 -1.00e+05
2016 01 01  1815   57388  65700   7.96e+00  1.22e-01  9.07e-02  4.75e-02  3.80e-02  1.96e-02  1.03e+05  3.07e+03 -1.00e+05
2016 01 01  1820   57388  66000   8.54e+00  1.57e-01  1.26e-01  8.21e-02  5.33e-02  2.93e-02  1.08e+05  3.53e+03 -1.00e+05
2016 01 01  1825   57388  66300   9.27e+00  1.34e-01  1.03e-01  5.97e-02  5.02e-02  3.18e-02  1.09e+05  3.58e+03 -1.00e+05
2016 01 01  1830   57388  66600   8.40e+00  1.65e-01  1.35e-01  8.83e-02  7.88e-02  6.04e-02  1.04e+05  3.19e+03 -1.00e+05
2016 01 01  1835   57388  66900   8.15e+00  1.81e-01  1.50e-01  1.06e-01  6.62e-02  3.08e-02  1.04e+05  3.23e+03 -1.00e+05
2016 01 01  1840   57388  67200   1.26e+01  2.37e-01  1.18e-01  5.93e-02  4.98e-02  2.34e-02  1.02e+05  3.13e+03 -1.00e+05
2016 01 01  1845   57388  67500   8.81e+00  1.29e-01  9.79e-02  5.48e-02  4.53e-02  2.69e-02  1.03e+05  3.16e+03 -1.00e+05
2016 01 01  1850   57388  67800   2.00e+01  3.39e-01  1.25e-01  7.95e-02  7.00e-02  5.16e-02  1.03e+05  3.10e+03 -1.00e+05
2016 01 01  1855   57388  68100   1.03e+01  2.27e-01  1.96e-01  6.93e-02  5.90e-02  4.03e-02  1.03e+05  3.09e+03 -1.00e+05
2016 01 01  1900   57388  68400   1.11e+01  2.02e-01  1.71e-01  1.28e-01  1.19e-01  4.55e-02  1.06e+05  3.23e+03 -1.00e+05
2016 01 01  1905   57388  68700   1.12e+01  3.39e-01  3.08e-01  2.63e-01  1.72e-01  6.06e-02  1.06e+05  3.19e+03 -1.00e+05
2016 01 01  1910   57388  69000   1.23e+01  1.48e-01  1.18e-01  4.75e-02  3.80e-02  1.96e-02  1.09e+05  3.38e+03 -1.00e+05
2016 01 01  1915   57388  69300   1.34e+01  1.92e-01  1.61e-01  1.17e-01  1.02e-01  3.95e-02  1.16e+05  3.88e+03 -1.00e+05
2016 01 01  1920   57388  69600   1.18e+01  1.50e-01  1.19e-01  7.58e-02  6.63e-02  2.06e-02  1.12e+05  3.65e+03 -1.00e+05
2016 01 01  1925   57388  69900   1.18e+01  1.53e-01  1.22e-01  7.91e-02  6.96e-02  2.07e-02  1.12e+05  3.63e+03 -1.00e+05
2016 01 01  1930   57388  70200   1.29e+01  1.23e-01  9.20e-02  4.88e-02  3.83e-02  1.96e-02  1.17e+05  4.00e+03 -1.00e+05
2016 01 01  1935   57388  70500   1.77e+01  1.99e-01  1.68e-01  7.19e-02  6.24e-02  2.74e-02  1.30e+05  5.35e+03 -1.00e+05
2016 01 01  1940   57388  70800   1.63e+01  2.16e-01  1.85e-01  4.88e-02  3.83e-02  1.96e-02  1.31e+05  5.33e+03 -1.00e+05
2016 01 01  1945   57388  71100   1.50e+01  2.36e-01  2.05e-01  7.46e-02  6.51e-02  4.67e-02  1.25e+05  5.02e+03 -1.00e+05
2016 01 01  1950   57388  71400   1.28e+01  1.58e-01  1.27e-01  7.49e-02  6.52e-02  4.67e-02  1.22e+05  4.59e+03 -1.00e+05
2016 01 01  1955   57388  71700   1.33e+01  2.42e-01  2.11e-01  1.67e-01  1.40e-01  6.23e-02  1.22e+05  4.55e+03 -1.00e+05
2016 01 01  2000   57388  72000   1.77e+01  1.42e-01  1.11e-01  5.48e-02  4.53e-02  2.69e-02  1.31e+05  5.72e+03 -1.00e+05
2016 01 01  2005   57388  72300   3.00e+01  2.56e-01  1.30e-01  6.96e-02  6.01e-02  4.17e-02  1.49e+05  7.82e+03 -1.00e+05
2016 01 01  2010   57388  72600   2.11e+01  1.63e-01  1.32e-01  8.89e-02  7.95e-02  2.07e-02  1.38e+05  6.31e+03 -1.00e+05
2016 01 01  2015   57388  72900   1.88e+01  2.17e-01  1.86e-01  1.43e-01  1.34e-01  5.86e-02  1.35e+05  6.12e+03 -1.00e+05
2016 01 01  2020   57388  73200   1.68e+01  1.39e-01  1.08e-01  6.47e-02  5.52e-02  3.68e-02  1.31e+05  5.63e+03 -1.00e+05
2016 01 01  2025   57388  73500   1.81e+01  2.94e-01  2.63e-01  1.18e-01  8.74e-02  3.35e-02  1.32e+05  5.95e+03 -1.00e+05
2016 01 01  2030   57388  73800   1.72e+01  2.10e-01  1.79e-01  1.36e-01  1.26e-01  5.29e-02  1.33e+05  5.85e+03 -1.00e+05
2016 01 01  2035   57388  74100   2.10e+01  2.36e-01  2.05e-01  1.60e-01  9.97e-02  3.70e-02  1.38e+05  6.61e+03 -1.00e+05
2016 01 01  2040   57388  74400   2.09e+01  1.66e-01  1.35e-01  9.19e-02  8.24e-02  6.40e-02  1.39e+05  6.76e+03 -1.00e+05
2016 01 01  2045   57388  74700   3.22e+01  2.22e-01  1.91e-01  5.72e-02  4.77e-02  2.93e-02  1.53e+05  9.03e+03 -1.00e+05
2016 01 01  2050   57388  75000   2.94e+01  1.87e-01  1.56e-01  1.12e-01  8.11e-02  3.14e-02  1.56e+05  9.67e+03 -1.00e+05
2016 01 01  2055   57388  75300   3.36e+01  1.22e-01  9.07e-02  4.75e-02  3.80e-02  1.96e-02  1.43e+05  7.07e+03 -1.00e+05
2016 01 01  2100   57388  75600   3.08e+01  2.43e-01  2.13e-01  8.45e-02  7.50e-02  5.66e-02  1.51e+05  8.28e+03 -1.00e+05
2016 01 01  2105   57388  75900   2.87e+01  1.42e-01  1.11e-01  6.78e-02  5.59e-02  3.68e-02  1.40e+05  6.70e+03 -1.00e+05
2016 01 01  2110   57388  76200   4.12e+01  1.27e-01  9.62e-02  5.30e-02  4.36e-02  2.14e-02  1.50e+05  8.78e+03 -1.00e+05
2016 01 01  2115   57388  76500   3.46e+01  3.12e-01  2.81e-01  1.11e-01  1.02e-01  6.85e-02  1.53e+05  8.69e+03 -1.00e+05
2016 01 01  2120   57388  76800   4.24e+01  2.16e-01  1.85e-01  1.41e-01  1.11e-01  5.77e-02  1.49e+05  7.74e+03 -1.00e+05
2016 01 01  2125   57388  77100   2.98e+01  1.65e-01  1.34e-01  8.98e-02  4.93e-02  2.19e-02  1.40e+05  6.82e+03 -1.00e+05
2016 01 01  2130   57388  77400   5.05e+01  4.17e-01  2.13e-01  5.54e-02  3.98e-02  1.96e-02  1.35e+05  5.92e+03 -1.00e+05
2016 01 01  2135   57388  77700   4.05e+01  2.20e-01  1.43e-01  9.19e-02  8.24e-02  6.40e-02  1.37e+05  6.28e+03 -1.00e+05
2016 01 01  2140   57388  78000   6.47e+01  2.69e-01  1.21e-01  7.60e-02  6.65e-02  4.81e-02  1.46e+05  7.33e+03 -1.00e+05
2016 01 01  2145   57388  78300   4.39e+01  1.29e-01  9.79e-02  5.48e-02  4.53e-02  2.69e-02  1.55e+05  8.44e+03 -1.00e+05
2016 01 01  2150   57388  78600   4.11e+01  1.22e-01  9.07e-02  4.75e-02  3.80e-02  1.96e-02  1.50e+05  7.87e+03 -1.00e+05
2016 01 01  2155   57388  78900   3.21e+01  1.98e-01  1.68e-01  1.24e-01  1.03e-01  3.95e-02  1.38e+05  6.29e+03 -1.00e+05
2016 01 01  2200   57388  79200   5.30e+01  2.26e-01  1.03e-01  5.72e-02  4.77e-02  2.93e-02  1.37e+05  6.37e+03 -1.00e+05
2016 01 01  2205   57388  79500   3.21e+01  1.79e-01  1.10e-01  5.93e-02  4.98e-02  2.34e-02  1.35e+05  6.12e+03 -1.00e+05
2016 01 01  2210   57388  79800   3.21e+01  1.71e-01  1.40e-01  5.97e-02  5.02e-02  3.18e-02  1.30e+05  5.60e+03 -1.00e+05
2016 01 01  2215   57388  80100   2.14e+01  1.22e-01  9.07e-02  4.75e-02  3.80e-02  1.96e-02  1.28e+05  5.32e+03 -1.00e+05
2016 01 01  2220   57388  80400   2.88e+01  1.40e-01  1.09e-01  6.56e-02  5.61e-02  2.54e-02  1.34e+05  5.88e+03 -1.00e+05
2016 01 01  2225   57388  80700   2.36e+01  1.36e-01  1.05e-01  6.22e-02  5.27e-02  3.43e-02  1.29e+05  5.36e+03 -1.00e+05
2016 01 01  2230   57388  81000   4.14e+01  3.28e-01  2.21e-01  1.35e-01  1.25e-01  4.76e-02  1.30e+05  5.29e+03 -1.00e+05
2016 01 01  2235   57388  81300   4.97e+01  4.85e-01  2.22e-01  6.96e-02  6.01e-02  4.17e-02  1.32e+05  5.49e+03 -1.00e+05
2016 01 01  2240   57388  81600   2.89e+01  2.24e-01  1.93e-01  8.23e-02  7.28e-02  4.58e-02  1.28e+05  5.14e+03 -1.00e+05
2016 01 01  2245   57388  81900   3.33e+01  2.20e-01  1.28e-01  7.34e-02  6.39e-02  2.06e-02  1.29e+05  5.28e+03 -1.00e+05
2016 01 01  2250   57388  82200   2.43e+01  1.55e-01  1.24e-01  8.06e-02  7.11e-02  5.27e-02  1.29e+05  5.20e+03 -1.00e+05
2016 01 01  2255   57388  82500   2.19e+01  1.49e-01  1.18e-01  7.46e-02  6.51e-02  4.67e-02  1.24e+05  4.80e+03 -1.00e+05
2016 01 01  2300   57388  82800   1.67e+01  1.59e-01  1.28e-01  4.75e-02  3.80e-02  1.96e-02  1.16e+05  4.01e+03 -1.00e+05
2016 01 01  2305   57388  83100   1.30e+01  2.87e-01  2.56e-01  1.86e-01  1.16e-01  5.20e-02  1.06e+05  3.20e+03 -1.00e+05
2016 01 01  2310   57388  83400   1.18e+01  1.34e-01  1.03e-01  5.97e-02  5.02e-02  3.18e-02  1.04e+05  3.01e+03 -1.00e+05
2016 01 01  2315   57388  83700   1.23e+01  1.53e-01  1.22e-01  7.85e-02  4.87e-02  2.44e-02  1.04e+05  2.93e+03 -1.00e+05
2016 01 01  2320   57388  84000   1.14e+01  1.76e-01  1.45e-01  5.54e-02  3.98e-02  1.96e-02  1.02e+05  2.81e+03 -1.00e+05
2016 01 01  2325   57388  84300   1.25e+01  1.61e-01  1.30e-01  8.68e-02  7.73e-02  5.89e-02  1.02e+05  2.91e+03 -1.00e+05
2016 01 01  2330   57388  84600   1.40e+01  1.49e-01  1.18e-01  7.46e-02  6.51e-02  4.67e-02  1.05e+05  3.00e+03 -1.00e+05
2016 01 01  2335   57388  84900   2.17e+01  2.50e-01  1.23e-01  6.22e-02  5.27e-02  3.43e-02  1.04e+05  3.03e+03 -1.00e+05
2016 01 01  2340   57388  85200   2.16e+01  2.36e-01  1.08e-01  4.75e-02  3.80e-02  1.96e-02  1.04e+05  2.89e+03 -1.00e+05
2016 01 01  2345   57388  85500   1.51e+01  2.00e-01  1.69e-01  1.24e-01  8.01e-02  5.16e-02  1.06e+05  3.07e+03 -1.00e+05
2016 01 01  2350   57388  85800   1.67e+01  1.39e-01  1.08e-01  6.47e-02  5.52e-02  3.68e-02  1.09e+05  3.16e+03 -1.00e+05
2016 01 01  2355   57388  86100   2.42e+01  2.73e-01  1.47e-01  8.68e-02  7.36e-02  5.41e-02  1.04e+05  2.83e+03 -1.00e+05
