:Data_list: 20160727_Gp_part_5m.txt
:Created: 2016 Jul 28 0011 UTC
# Prepared by the U.S. Dept. of Commerce, NOAA, Space Weather Prediction Center
# Please send comments and suggestions to SWPC.Webmaster@noaa.gov 
# 
# Label: P > 1 = Particles at >1 Mev
# Label: P > 5 = Particles at >5 Mev
# Label: P >10 = Particles at >10 Mev
# Label: P >30 = Particles at >30 Mev
# Label: P >50 = Particles at >50 Mev
# Label: P>100 = Particles at >100 Mev
# Label: E>0.8 = Electrons at >0.8 Mev
# Label: E>2.0 = Electrons at >2.0 Mev
# Label: E>4.0 = Electrons at >4.0 Mev
# Units: Particles = Protons/cm2-s-sr
# Units: Electrons = Electrons/cm2-s-sr
# Source: GOES-13
# Location: W075
# Missing data: -1.00e+05
#
#                      5-minute  GOES-13 Solar Particle and Electron Flux
#
#                 Modified Seconds
# UTC Date  Time   Julian  of the
# YR MO DA  HHMM    Day     Day     P > 1     P > 5     P >10     P >30     P >50     P>100     E>0.8     E>2.0     E>4.0
#-------------------------------------------------------------------------------------------------------------------------
2016 07 27  0000   57596      0   3.05e+00  1.42e-01  1.13e-01  7.15e-02  6.00e-02  3.66e-02  3.73e+04  3.87e+02 -1.00e+05
2016 07 27  0005   57596    300   3.42e+00  1.52e-01  1.23e-01  6.00e-02  4.85e-02  2.51e-02  3.72e+04  3.81e+02 -1.00e+05
2016 07 27  0010   57596    600   3.11e+00  1.54e-01  1.25e-01  8.35e-02  7.21e-02  3.27e-02  3.66e+04  3.71e+02 -1.00e+05
2016 07 27  0015   57596    900   3.20e+00  1.43e-01  1.06e-01  6.41e-02  5.26e-02  2.92e-02  3.73e+04  3.80e+02 -1.00e+05
2016 07 27  0020   57596   1200   3.02e+00  1.47e-01  1.18e-01  7.65e-02  6.50e-02  4.16e-02  3.65e+04  3.66e+02 -1.00e+05
2016 07 27  0025   57596   1500   3.84e+00  2.96e-01  2.11e-01  6.00e-02  4.85e-02  2.51e-02  3.73e+04  3.80e+02 -1.00e+05
2016 07 27  0030   57596   1800   3.74e+00  2.16e-01  1.32e-01  8.14e-02  6.99e-02  4.65e-02  3.58e+04  3.78e+02 -1.00e+05
2016 07 27  0035   57596   2100   2.72e+00  1.84e-01  1.55e-01  1.14e-01  1.02e-01  7.87e-02  3.56e+04  3.55e+02 -1.00e+05
2016 07 27  0040   57596   2400   4.12e+00  2.87e-01  1.53e-01  9.25e-02  5.59e-02  2.51e-02  3.59e+04  3.64e+02 -1.00e+05
2016 07 27  0045   57596   2700   2.77e+00  2.44e-01  2.14e-01  1.06e-01  9.47e-02  7.13e-02  3.56e+04  3.49e+02 -1.00e+05
2016 07 27  0050   57596   3000   2.95e+00  1.72e-01  1.43e-01  7.94e-02  5.29e-02  2.51e-02  3.62e+04  3.61e+02 -1.00e+05
2016 07 27  0055   57596   3300   4.94e+00  2.64e-01  1.15e-01  7.15e-02  6.00e-02  3.66e-02  3.52e+04  3.44e+02 -1.00e+05
2016 07 27  0100   57596   3600   2.80e+00  1.52e-01  1.22e-01  8.06e-02  5.44e-02  2.67e-02  3.50e+04  3.41e+02 -1.00e+05
2016 07 27  0105   57596   3900   4.75e+00  4.52e-01  2.77e-01  1.12e-01  6.03e-02  2.51e-02  3.49e+04  3.31e+02 -1.00e+05
2016 07 27  0110   57596   4200   3.54e+00  3.53e-01  2.68e-01  9.91e-02  5.73e-02  2.51e-02  3.44e+04  3.35e+02 -1.00e+05
2016 07 27  0115   57596   4500   2.98e+00  1.67e-01  1.37e-01  9.61e-02  8.46e-02  3.67e-02  3.47e+04  3.39e+02 -1.00e+05
2016 07 27  0120   57596   4800   4.59e+00  2.71e-01  1.29e-01  6.00e-02  4.85e-02  2.51e-02  3.46e+04  3.43e+02 -1.00e+05
2016 07 27  0125   57596   5100   4.05e+00  1.96e-01  1.11e-01  6.00e-02  4.85e-02  2.51e-02  3.45e+04  3.46e+02 -1.00e+05
2016 07 27  0130   57596   5400   2.97e+00  1.42e-01  1.12e-01  7.10e-02  5.95e-02  2.87e-02  3.40e+04  3.30e+02 -1.00e+05
2016 07 27  0135   57596   5700   2.97e+00  1.97e-01  1.61e-01  6.00e-02  4.85e-02  2.51e-02  3.34e+04  3.33e+02 -1.00e+05
2016 07 27  0140   57596   6000   3.12e+00  2.30e-01  2.01e-01  7.94e-02  5.29e-02  2.51e-02  3.44e+04  3.24e+02 -1.00e+05
2016 07 27  0145   57596   6300   2.70e+00  1.31e-01  1.01e-01  6.00e-02  4.85e-02  2.51e-02  3.28e+04  3.20e+02 -1.00e+05
2016 07 27  0150   57596   6600   3.98e+00  2.75e-01  1.41e-01  6.00e-02  4.85e-02  2.51e-02  3.26e+04  3.01e+02 -1.00e+05
2016 07 27  0155   57596   6900   3.51e+00  1.96e-01  1.11e-01  6.00e-02  4.85e-02  2.51e-02  3.26e+04  3.05e+02 -1.00e+05
2016 07 27  0200   57596   7200   2.79e+00  2.89e-01  2.55e-01  1.22e-01  9.45e-02  6.63e-02  3.17e+04  2.93e+02 -1.00e+05
2016 07 27  0205   57596   7500   3.23e+00  3.53e-01  2.71e-01  1.29e-01  1.04e-01  7.62e-02  3.13e+04  2.77e+02 -1.00e+05
2016 07 27  0210   57596   7800   2.33e+00  1.73e-01  1.43e-01  1.02e-01  9.09e-02  3.87e-02  3.13e+04  2.89e+02 -1.00e+05
2016 07 27  0215   57596   8100   4.25e+00  4.34e-01  2.59e-01  1.09e-01  8.75e-02  3.67e-02  3.13e+04  2.72e+02 -1.00e+05
2016 07 27  0220   57596   8400   2.30e+00  2.30e-01  2.01e-01  6.00e-02  4.85e-02  2.51e-02  3.03e+04  2.75e+02 -1.00e+05
2016 07 27  0225   57596   8700   2.90e+00  3.54e-01  2.21e-01  6.16e-02  5.01e-02  2.67e-02  2.99e+04  2.58e+02 -1.00e+05
2016 07 27  0230   57596   9000   1.91e+00  1.86e-01  1.56e-01  1.15e-01  1.03e-01  4.28e-02  2.88e+04  2.39e+02 -1.00e+05
2016 07 27  0235   57596   9300   2.72e+00  2.60e-01  1.26e-01  6.63e-02  5.00e-02  2.51e-02  2.78e+04  2.30e+02 -1.00e+05
2016 07 27  0240   57596   9600   2.22e+00  2.02e-01  1.72e-01  1.29e-01  7.75e-02  3.07e-02  2.77e+04  2.21e+02 -1.00e+05
2016 07 27  0245   57596   9900   2.09e+00  1.37e-01  1.08e-01  6.66e-02  5.51e-02  3.17e-02  2.75e+04  2.24e+02 -1.00e+05
2016 07 27  0250   57596  10200   1.84e+00  1.47e-01  1.18e-01  7.65e-02  6.50e-02  4.16e-02  2.72e+04  2.08e+02 -1.00e+05
2016 07 27  0255   57596  10500   2.22e+00  2.00e-01  1.70e-01  1.29e-01  1.17e-01  5.16e-02  2.73e+04  2.16e+02 -1.00e+05
2016 07 27  0300   57596  10800   2.35e+00  2.00e-01  1.15e-01  6.41e-02  5.26e-02  2.92e-02  2.73e+04  2.26e+02 -1.00e+05
2016 07 27  0305   57596  11100   1.86e+00  1.31e-01  1.01e-01  6.00e-02  4.85e-02  2.51e-02  2.73e+04  2.15e+02 -1.00e+05
2016 07 27  0310   57596  11400   2.63e+00  1.96e-01  1.11e-01  6.00e-02  4.85e-02  2.51e-02  2.72e+04  2.16e+02 -1.00e+05
2016 07 27  0315   57596  11700   2.01e+00  2.10e-01  1.80e-01  8.14e-02  6.99e-02  4.65e-02  2.60e+04  2.01e+02 -1.00e+05
2016 07 27  0320   57596  12000   2.03e+00  1.36e-01  1.06e-01  6.47e-02  5.33e-02  2.66e-02  2.60e+04  2.06e+02 -1.00e+05
2016 07 27  0325   57596  12300   2.01e+00  1.67e-01  1.38e-01  6.00e-02  4.85e-02  2.51e-02  2.60e+04  2.12e+02 -1.00e+05
2016 07 27  0330   57596  12600   3.79e+00  2.95e-01  1.23e-01  7.94e-02  5.29e-02  2.51e-02  2.60e+04  2.12e+02 -1.00e+05
2016 07 27  0335   57596  12900   3.49e+00  2.40e-01  1.15e-01  7.15e-02  6.00e-02  3.66e-02  2.60e+04  2.05e+02 -1.00e+05
2016 07 27  0340   57596  13200   2.69e+00  2.54e-01  1.20e-01  6.00e-02  4.85e-02  2.51e-02  2.60e+04  2.15e+02 -1.00e+05
2016 07 27  0345   57596  13500   3.07e+00  2.82e-01  1.57e-01  1.12e-01  6.03e-02  2.51e-02  2.70e+04  2.15e+02 -1.00e+05
2016 07 27  0350   57596  13800   2.01e+00  1.81e-01  1.51e-01  1.09e-01  8.27e-02  3.47e-02  2.72e+04  2.24e+02 -1.00e+05
2016 07 27  0355   57596  14100   3.11e+00  2.89e-01  1.17e-01  7.40e-02  6.25e-02  3.91e-02  2.73e+04  2.25e+02 -1.00e+05
2016 07 27  0400   57596  14400   2.07e+00  2.57e-01  2.27e-01  8.60e-02  5.44e-02  2.51e-02  2.73e+04  2.30e+02 -1.00e+05
2016 07 27  0405   57596  14700   1.84e+00  1.52e-01  1.23e-01  6.00e-02  4.85e-02  2.51e-02  2.69e+04  2.20e+02 -1.00e+05
2016 07 27  0410   57596  15000   1.81e+00  1.92e-01  1.62e-01  1.21e-01  1.10e-01  4.48e-02  2.60e+04  2.08e+02 -1.00e+05
2016 07 27  0415   57596  15300   1.41e+00  1.42e-01  1.12e-01  7.10e-02  5.95e-02  2.87e-02  2.58e+04  2.05e+02 -1.00e+05
2016 07 27  0420   57596  15600   1.82e+00  1.95e-01  1.65e-01  1.01e-01  5.56e-02  2.51e-02  2.58e+04  2.03e+02 -1.00e+05
2016 07 27  0425   57596  15900   1.77e+00  1.65e-01  1.35e-01  9.38e-02  8.23e-02  5.89e-02  2.50e+04  1.99e+02 -1.00e+05
2016 07 27  0430   57596  16200   1.75e+00  1.62e-01  1.32e-01  9.07e-02  6.05e-02  3.17e-02  2.45e+04  1.84e+02 -1.00e+05
2016 07 27  0435   57596  16500   2.30e+00  2.07e-01  1.22e-01  7.15e-02  6.00e-02  3.66e-02  2.41e+04  1.79e+02 -1.00e+05
2016 07 27  0440   57596  16800   2.25e+00  2.23e-01  1.38e-01  8.60e-02  5.44e-02  2.51e-02  2.34e+04  1.81e+02 -1.00e+05
2016 07 27  0445   57596  17100   1.84e+00  2.48e-01  2.18e-01  7.94e-02  5.99e-02  3.41e-02  2.35e+04  1.74e+02 -1.00e+05
2016 07 27  0450   57596  17400   1.48e+00  1.31e-01  1.01e-01  6.00e-02  4.85e-02  2.51e-02  2.33e+04  1.72e+02 -1.00e+05
2016 07 27  0455   57596  17700   1.70e+00  2.26e-01  1.97e-01  9.20e-02  8.05e-02  4.32e-02  2.33e+04  1.72e+02 -1.00e+05
2016 07 27  0500   57596  18000   1.90e+00  3.04e-01  2.74e-01  1.54e-01  1.17e-01  4.48e-02  2.33e+04  1.72e+02 -1.00e+05
2016 07 27  0505   57596  18300   1.98e+00  1.86e-01  1.56e-01  7.89e-02  6.75e-02  4.40e-02  2.33e+04  1.79e+02 -1.00e+05
2016 07 27  0510   57596  18600   1.70e+00  1.60e-01  1.30e-01  8.88e-02  7.74e-02  5.40e-02  2.36e+04  1.73e+02 -1.00e+05
2016 07 27  0515   57596  18900   2.15e+00  2.63e-01  1.78e-01  1.07e-01  6.81e-02  3.66e-02  2.46e+04  1.85e+02 -1.00e+05
2016 07 27  0520   57596  19200   2.22e+00  2.54e-01  1.20e-01  6.00e-02  4.85e-02  2.51e-02  2.46e+04  1.95e+02 -1.00e+05
2016 07 27  0525   57596  19500   1.68e+00  1.59e-01  1.30e-01  6.90e-02  5.76e-02  3.41e-02  2.46e+04  1.89e+02 -1.00e+05
2016 07 27  0530   57596  19800   1.77e+00  2.30e-01  2.01e-01  6.00e-02  4.85e-02  2.51e-02  2.46e+04  1.98e+02 -1.00e+05
2016 07 27  0535   57596  20100   1.56e+00  1.63e-01  1.28e-01  8.64e-02  7.49e-02  5.15e-02  2.46e+04  2.03e+02 -1.00e+05
2016 07 27  0540   57596  20400   1.55e+00  1.61e-01  1.26e-01  8.39e-02  7.24e-02  4.90e-02  2.55e+04  2.01e+02 -1.00e+05
2016 07 27  0545   57596  20700   2.51e+00  2.65e-01  1.41e-01  9.73e-02  8.31e-02  5.89e-02  2.60e+04  2.04e+02 -1.00e+05
2016 07 27  0550   57596  21000   2.26e+00  2.35e-01  1.59e-01  1.10e-01  9.87e-02  6.92e-02  2.60e+04  2.20e+02 -1.00e+05
2016 07 27  0555   57596  21300   1.60e+00  2.78e-01  2.48e-01  2.05e-01  1.48e-01  5.28e-02  2.60e+04  2.15e+02 -1.00e+05
2016 07 27  0600   57596  21600   2.34e+00  3.23e-01  2.39e-01  8.65e-02  6.92e-02  4.40e-02  2.60e+04  2.12e+02 -1.00e+05
2016 07 27  0605   57596  21900   3.42e+00  3.72e-01  1.36e-01  9.25e-02  5.59e-02  2.51e-02  2.59e+04  2.18e+02 -1.00e+05
2016 07 27  0610   57596  22200   3.04e+00  3.17e-01  1.44e-01  1.00e-01  5.88e-02  2.67e-02  2.63e+04  2.19e+02 -1.00e+05
2016 07 27  0615   57596  22500   1.92e+00  1.39e-01  1.02e-01  6.00e-02  4.85e-02  2.51e-02  2.55e+04  2.20e+02 -1.00e+05
2016 07 27  0620   57596  22800   2.53e+00  2.38e-01  1.53e-01  8.06e-02  5.44e-02  2.67e-02  2.46e+04  2.07e+02 -1.00e+05
2016 07 27  0625   57596  23100   1.72e+00  1.31e-01  1.01e-01  6.00e-02  4.85e-02  2.51e-02  2.60e+04  2.30e+02 -1.00e+05
2016 07 27  0630   57596  23400   1.93e+00  1.95e-01  1.65e-01  1.23e-01  8.12e-02  4.90e-02  2.63e+04  2.19e+02 -1.00e+05
2016 07 27  0635   57596  23700   1.74e+00  1.67e-01  1.37e-01  9.61e-02  8.46e-02  3.67e-02  2.51e+04  2.13e+02 -1.00e+05
2016 07 27  0640   57596  24000   1.70e+00  1.61e-01  1.31e-01  8.98e-02  7.83e-02  3.47e-02  2.47e+04  2.06e+02 -1.00e+05
2016 07 27  0645   57596  24300   1.79e+00  1.54e-01  1.25e-01  8.35e-02  7.21e-02  3.27e-02  2.50e+04  2.17e+02 -1.00e+05
2016 07 27  0650   57596  24600   1.63e+00  1.52e-01  1.23e-01  6.00e-02  4.85e-02  2.51e-02  2.50e+04  2.08e+02 -1.00e+05
2016 07 27  0655   57596  24900   2.51e+00  2.96e-01  2.11e-01  6.00e-02  4.85e-02  2.51e-02  2.47e+04  2.11e+02 -1.00e+05
2016 07 27  0700   57596  25200   2.54e+00  2.58e-01  1.24e-01  6.41e-02  5.26e-02  2.92e-02  2.53e+04  2.12e+02 -1.00e+05
2016 07 27  0705   57596  25500   1.67e+00  1.67e-01  1.37e-01  9.63e-02  8.48e-02  6.14e-02  2.58e+04  2.09e+02 -1.00e+05
2016 07 27  0710   57596  25800   2.72e+00  2.54e-01  1.20e-01  6.00e-02  4.85e-02  2.51e-02  2.59e+04  2.30e+02 -1.00e+05
2016 07 27  0715   57596  26100   2.76e+00  2.76e-01  1.50e-01  1.06e-01  5.88e-02  2.51e-02  2.60e+04  2.23e+02 -1.00e+05
2016 07 27  0720   57596  26400   1.76e+00  2.55e-01  2.25e-01  1.83e-01  1.34e-01  7.54e-02  2.60e+04  2.31e+02 -1.00e+05
2016 07 27  0725   57596  26700   1.72e+00  1.96e-01  1.66e-01  1.23e-01  6.65e-02  2.66e-02  2.68e+04  2.33e+02 -1.00e+05
2016 07 27  0730   57596  27000   3.73e+00  5.30e-01  2.66e-01  1.16e-01  1.05e-01  8.12e-02  2.73e+04  2.52e+02 -1.00e+05
2016 07 27  0735   57596  27300   2.54e+00  2.44e-01  1.20e-01  7.65e-02  6.50e-02  4.16e-02  2.84e+04  2.64e+02 -1.00e+05
2016 07 27  0740   57596  27600   2.06e+00  1.99e-01  1.47e-01  1.02e-01  9.09e-02  3.87e-02  2.86e+04  2.67e+02 -1.00e+05
2016 07 27  0745   57596  27900   2.00e+00  2.00e-01  1.71e-01  1.21e-01  1.10e-01  8.62e-02  2.73e+04  2.58e+02 -1.00e+05
2016 07 27  0750   57596  28200   1.84e+00  1.39e-01  1.02e-01  6.00e-02  4.85e-02  2.51e-02  2.84e+04  2.82e+02 -1.00e+05
2016 07 27  0755   57596  28500   1.68e+00  1.31e-01  1.01e-01  6.00e-02  4.85e-02  2.51e-02  2.86e+04  2.70e+02 -1.00e+05
2016 07 27  0800   57596  28800   2.64e+00  1.96e-01  1.11e-01  6.00e-02  4.85e-02  2.51e-02  2.86e+04  2.76e+02 -1.00e+05
2016 07 27  0805   57596  29100   1.82e+00  1.47e-01  1.18e-01  7.65e-02  6.50e-02  4.16e-02  2.90e+04  2.79e+02 -1.00e+05
2016 07 27  0810   57596  29400   2.07e+00  1.95e-01  1.65e-01  1.23e-01  7.63e-02  3.18e-02  2.99e+04  2.91e+02 -1.00e+05
2016 07 27  0815   57596  29700   2.88e+00  2.64e-01  1.39e-01  9.63e-02  8.48e-02  6.14e-02  2.88e+04  2.89e+02 -1.00e+05
2016 07 27  0820   57596  30000   2.58e+00  3.16e-01  2.31e-01  7.94e-02  5.29e-02  2.51e-02  3.00e+04  3.02e+02 -1.00e+05
2016 07 27  0825   57596  30300   1.84e+00  2.08e-01  1.78e-01  1.36e-01  1.05e-01  7.62e-02  3.00e+04  2.94e+02 -1.00e+05
2016 07 27  0830   57596  30600   2.32e+00  1.96e-01  1.11e-01  6.00e-02  4.85e-02  2.51e-02  3.00e+04  3.12e+02 -1.00e+05
2016 07 27  0835   57596  30900   3.02e+00  2.92e-01  1.61e-01  1.01e-01  8.98e-02  6.63e-02  3.02e+04  3.11e+02 -1.00e+05
2016 07 27  0840   57596  31200   1.95e+00  1.87e-01  1.58e-01  1.17e-01  1.05e-01  4.94e-02  3.03e+04  3.10e+02 -1.00e+05
2016 07 27  0845   57596  31500   2.67e+00  1.98e-01  1.13e-01  6.16e-02  5.01e-02  2.67e-02  3.02e+04  3.24e+02 -1.00e+05
2016 07 27  0850   57596  31800   2.11e+00  2.59e-01  2.29e-01  1.71e-01  1.29e-01  6.44e-02  3.12e+04  3.25e+02 -1.00e+05
2016 07 27  0855   57596  32100   2.89e+00  2.55e-01  1.69e-01  6.63e-02  5.00e-02  2.51e-02  3.20e+04  3.39e+02 -1.00e+05
2016 07 27  0900   57596  32400   2.15e+00  1.98e-01  1.69e-01  1.26e-01  8.58e-02  5.40e-02  3.13e+04  3.40e+02 -1.00e+05
2016 07 27  0905   57596  32700   4.09e+00  5.17e-01  2.44e-01  7.94e-02  5.29e-02  2.51e-02  3.10e+04  3.43e+02 -1.00e+05
2016 07 27  0910   57596  33000   2.01e+00  1.52e-01  1.23e-01  6.00e-02  4.85e-02  2.51e-02  3.19e+04  3.58e+02 -1.00e+05
2016 07 27  0915   57596  33300   2.13e+00  3.41e-01  3.11e-01  1.03e-01  6.26e-02  2.96e-02  3.26e+04  3.56e+02 -1.00e+05
2016 07 27  0920   57596  33600   1.95e+00  1.52e-01  1.22e-01  8.14e-02  6.99e-02  4.65e-02  3.26e+04  3.72e+02 -1.00e+05
2016 07 27  0925   57596  33900   2.81e+00  2.96e-01  2.11e-01  6.00e-02  4.85e-02  2.51e-02  3.35e+04  4.02e+02 -1.00e+05
2016 07 27  0930   57596  34200   1.93e+00  1.39e-01  1.02e-01  6.00e-02  4.85e-02  2.51e-02  3.48e+04  4.04e+02 -1.00e+05
2016 07 27  0935   57596  34500   1.98e+00  1.39e-01  1.02e-01  6.00e-02  4.85e-02  2.51e-02  3.44e+04  4.08e+02 -1.00e+05
2016 07 27  0940   57596  34800   1.99e+00  1.31e-01  1.01e-01  6.00e-02  4.85e-02  2.51e-02  3.56e+04  4.20e+02 -1.00e+05
2016 07 27  0945   57596  35100   1.90e+00  1.31e-01  1.01e-01  6.00e-02  4.85e-02  2.51e-02  3.56e+04  4.27e+02 -1.00e+05
2016 07 27  0950   57596  35400   2.04e+00  1.31e-01  1.01e-01  6.00e-02  4.85e-02  2.51e-02  3.56e+04  4.47e+02 -1.00e+05
2016 07 27  0955   57596  35700   2.22e+00  1.78e-01  1.48e-01  1.06e-01  5.88e-02  2.51e-02  3.64e+04  4.50e+02 -1.00e+05
2016 07 27  1000   57596  36000   1.91e+00  1.31e-01  1.01e-01  6.00e-02  4.85e-02  2.51e-02  3.76e+04  4.65e+02 -1.00e+05
2016 07 27  1005   57596  36300   2.02e+00  1.52e-01  1.23e-01  6.00e-02  4.85e-02  2.51e-02  3.76e+04  4.78e+02 -1.00e+05
2016 07 27  1010   57596  36600   2.30e+00  1.31e-01  1.01e-01  6.00e-02  4.85e-02  2.51e-02  3.76e+04  4.87e+02 -1.00e+05
2016 07 27  1015   57596  36900   3.47e+00  2.80e-01  1.42e-01  7.65e-02  6.50e-02  4.16e-02  3.77e+04  4.92e+02 -1.00e+05
2016 07 27  1020   57596  37200   2.03e+00  1.31e-01  1.01e-01  6.00e-02  4.85e-02  2.51e-02  3.94e+04  5.12e+02 -1.00e+05
2016 07 27  1025   57596  37500   2.33e+00  1.68e-01  1.38e-01  9.61e-02  6.75e-02  3.91e-02  3.96e+04  5.20e+02 -1.00e+05
2016 07 27  1030   57596  37800   2.30e+00  1.82e-01  1.52e-01  1.11e-01  9.97e-02  7.62e-02  3.96e+04  5.29e+02 -1.00e+05
2016 07 27  1035   57596  38100   2.05e+00  1.59e-01  1.29e-01  6.63e-02  5.00e-02  2.51e-02  3.96e+04  5.30e+02 -1.00e+05
2016 07 27  1040   57596  38400   1.80e+00  1.48e-01  1.18e-01  7.73e-02  6.58e-02  3.07e-02  3.96e+04  5.46e+02 -1.00e+05
2016 07 27  1045   57596  38700   2.06e+00  1.64e-01  1.35e-01  9.25e-02  5.59e-02  2.51e-02  3.96e+04  5.37e+02 -1.00e+05
2016 07 27  1050   57596  39000   2.08e+00  1.52e-01  1.23e-01  6.00e-02  4.85e-02  2.51e-02  3.96e+04  5.55e+02 -1.00e+05
2016 07 27  1055   57596  39300   2.49e+00  1.59e-01  1.29e-01  8.79e-02  7.64e-02  5.30e-02  3.97e+04  5.48e+02 -1.00e+05
2016 07 27  1100   57596  39600   2.72e+00  3.30e-01  2.48e-01  1.09e-01  9.72e-02  7.38e-02  3.97e+04  5.61e+02 -1.00e+05
2016 07 27  1105   57596  39900   2.36e+00  1.31e-01  1.01e-01  6.00e-02  4.85e-02  2.51e-02  3.96e+04  5.72e+02 -1.00e+05
2016 07 27  1110   57596  40200   2.06e+00  1.31e-01  1.01e-01  6.00e-02  4.85e-02  2.51e-02  4.14e+04  5.83e+02 -1.00e+05
2016 07 27  1115   57596  40500   2.29e+00  1.31e-01  1.01e-01  6.00e-02  4.85e-02  2.51e-02  4.16e+04  5.95e+02 -1.00e+05
2016 07 27  1120   57596  40800   2.40e+00  1.68e-01  1.33e-01  9.13e-02  7.98e-02  5.64e-02  4.16e+04  5.87e+02 -1.00e+05
2016 07 27  1125   57596  41100   4.34e+00  2.29e-01  1.03e-01  6.00e-02  4.85e-02  2.51e-02  4.16e+04  6.21e+02 -1.00e+05
2016 07 27  1130   57596  41400   2.30e+00  2.01e-01  1.72e-01  1.29e-01  7.49e-02  3.91e-02  4.28e+04  6.17e+02 -1.00e+05
2016 07 27  1135   57596  41700   2.42e+00  1.80e-01  1.50e-01  1.09e-01  9.71e-02  4.07e-02  4.24e+04  6.53e+02 -1.00e+05
2016 07 27  1140   57596  42000   2.06e+00  1.31e-01  1.01e-01  6.00e-02  4.85e-02  2.51e-02  4.40e+04  6.45e+02 -1.00e+05
2016 07 27  1145   57596  42300   2.49e+00  1.39e-01  1.02e-01  6.00e-02  4.85e-02  2.51e-02  4.40e+04  6.52e+02 -1.00e+05
2016 07 27  1150   57596  42600   2.64e+00  2.89e-01  2.59e-01  1.60e-01  1.28e-01  4.88e-02  4.40e+04  6.84e+02 -1.00e+05
2016 07 27  1155   57596  42900   3.19e+00  2.30e-01  1.46e-01  9.49e-02  7.30e-02  4.65e-02  4.40e+04  6.89e+02 -1.00e+05
2016 07 27  1200   57596  43200   2.45e+00  1.78e-01  1.48e-01  1.06e-01  5.88e-02  2.51e-02  4.55e+04  7.07e+02 -1.00e+05
2016 07 27  1205   57596  43500   2.47e+00  1.67e-01  1.37e-01  9.61e-02  8.46e-02  3.67e-02  4.66e+04  7.34e+02 -1.00e+05
2016 07 27  1210   57596  43800   2.48e+00  1.37e-01  1.08e-01  6.66e-02  5.51e-02  3.17e-02  4.66e+04  7.39e+02 -1.00e+05
2016 07 27  1215   57596  44100   3.27e+00  1.96e-01  1.11e-01  6.00e-02  4.85e-02  2.51e-02  4.66e+04  7.64e+02 -1.00e+05
2016 07 27  1220   57596  44400   3.68e+00  2.85e-01  1.62e-01  1.19e-01  1.07e-01  8.37e-02  4.66e+04  7.86e+02 -1.00e+05
2016 07 27  1225   57596  44700   2.30e+00  1.69e-01  1.39e-01  9.72e-02  6.06e-02  2.66e-02  4.66e+04  7.91e+02 -1.00e+05
2016 07 27  1230   57596  45000   2.38e+00  2.36e-01  2.06e-01  6.66e-02  5.51e-02  3.17e-02  4.89e+04  8.26e+02 -1.00e+05
2016 07 27  1235   57596  45300   2.76e+00  1.42e-01  1.12e-01  7.10e-02  5.95e-02  2.87e-02  4.93e+04  8.32e+02 -1.00e+05
2016 07 27  1240   57596  45600   3.33e+00  1.96e-01  1.11e-01  6.00e-02  4.85e-02  2.51e-02  4.93e+04  8.33e+02 -1.00e+05
2016 07 27  1245   57596  45900   2.20e+00  1.37e-01  1.08e-01  6.63e-02  5.00e-02  2.51e-02  4.93e+04  8.36e+02 -1.00e+05
2016 07 27  1250   57596  46200   4.09e+00  3.96e-01  2.62e-01  1.01e-01  5.56e-02  2.51e-02  4.93e+04  8.52e+02 -1.00e+05
2016 07 27  1255   57596  46500   2.61e+00  2.38e-01  2.02e-01  6.00e-02  4.85e-02  2.51e-02  4.93e+04  8.86e+02 -1.00e+05
2016 07 27  1300   57596  46800   3.47e+00  2.55e-01  1.69e-01  6.00e-02  4.85e-02  2.51e-02  4.93e+04  8.86e+02 -1.00e+05
2016 07 27  1305   57596  47100   2.78e+00  1.49e-01  1.19e-01  7.76e-02  5.76e-02  3.17e-02  5.14e+04  9.02e+02 -1.00e+05
2016 07 27  1310   57596  47400   2.51e+00  1.31e-01  1.01e-01  6.00e-02  4.85e-02  2.51e-02  5.19e+04  9.22e+02 -1.00e+05
2016 07 27  1315   57596  47700   3.04e+00  2.45e-01  1.63e-01  9.88e-02  8.73e-02  6.39e-02  5.19e+04  9.16e+02 -1.00e+05
2016 07 27  1320   57596  48000   4.53e+00  4.09e-01  1.76e-01  6.00e-02  4.85e-02  2.51e-02  5.17e+04  8.91e+02 -1.00e+05
2016 07 27  1325   57596  48300   2.63e+00  2.14e-01  1.85e-01  1.41e-01  7.87e-02  3.07e-02  5.00e+04  8.91e+02 -1.00e+05
2016 07 27  1330   57596  48600   3.72e+00  2.57e-01  1.61e-01  1.09e-01  9.71e-02  4.07e-02  5.17e+04  9.05e+02 -1.00e+05
2016 07 27  1335   57596  48900   2.97e+00  1.45e-01  1.09e-01  6.63e-02  5.00e-02  2.51e-02  5.29e+04  9.83e+02 -1.00e+05
2016 07 27  1340   57596  49200   2.81e+00  1.31e-01  1.01e-01  6.00e-02  4.85e-02  2.51e-02  5.43e+04  1.02e+03 -1.00e+05
2016 07 27  1345   57596  49500   3.05e+00  1.32e-01  1.03e-01  6.16e-02  5.01e-02  2.67e-02  5.58e+04  1.11e+03 -1.00e+05
2016 07 27  1350   57596  49800   2.96e+00  1.31e-01  1.01e-01  6.00e-02  4.85e-02  2.51e-02  5.73e+04  1.17e+03 -1.00e+05
2016 07 27  1355   57596  50100   3.02e+00  4.14e-01  3.84e-01  1.45e-01  7.88e-02  3.07e-02  5.73e+04  1.18e+03 -1.00e+05
2016 07 27  1400   57596  50400   4.40e+00  2.54e-01  1.20e-01  6.00e-02  4.85e-02  2.51e-02  5.66e+04  1.22e+03 -1.00e+05
2016 07 27  1405   57596  50700   3.72e+00  1.97e-01  1.20e-01  7.10e-02  5.95e-02  2.87e-02  5.83e+04  1.26e+03 -1.00e+05
2016 07 27  1410   57596  51000   4.97e+00  2.29e-01  1.03e-01  6.00e-02  4.85e-02  2.51e-02  5.99e+04  1.30e+03 -1.00e+05
2016 07 27  1415   57596  51300   2.75e+00  1.88e-01  1.59e-01  1.16e-01  7.46e-02  3.07e-02  5.85e+04  1.32e+03 -1.00e+05
2016 07 27  1420   57596  51600   4.34e+00  2.74e-01  1.49e-01  9.04e-02  6.39e-02  2.87e-02  5.79e+04  1.33e+03 -1.00e+05
2016 07 27  1425   57596  51900   4.63e+00  2.28e-01  1.43e-01  7.28e-02  5.84e-02  3.41e-02  5.99e+04  1.37e+03 -1.00e+05
2016 07 27  1430   57596  52200   7.22e+00  3.58e-01  1.03e-01  6.00e-02  4.85e-02  2.51e-02  5.99e+04  1.38e+03 -1.00e+05
2016 07 27  1435   57596  52500   3.16e+00  2.14e-01  1.84e-01  6.63e-02  5.00e-02  2.51e-02  5.99e+04  1.41e+03 -1.00e+05
2016 07 27  1440   57596  52800   2.96e+00  1.40e-01  1.10e-01  6.90e-02  5.76e-02  3.41e-02  5.99e+04  1.42e+03 -1.00e+05
2016 07 27  1445   57596  53100   3.17e+00  2.36e-01  2.06e-01  6.66e-02  5.51e-02  3.17e-02  5.99e+04  1.45e+03 -1.00e+05
2016 07 27  1450   57596  53400   4.64e+00  3.02e-01  1.68e-01  6.00e-02  4.85e-02  2.51e-02  5.99e+04  1.46e+03 -1.00e+05
2016 07 27  1455   57596  53700   4.97e+00  2.63e-01  1.39e-01  9.62e-02  8.48e-02  5.97e-02  5.99e+04  1.45e+03 -1.00e+05
2016 07 27  1500   57596  54000   5.61e+00  4.52e-01  2.77e-01  1.12e-01  6.03e-02  2.51e-02  5.99e+04  1.46e+03 -1.00e+05
2016 07 27  1505   57596  54300   3.43e+00  1.39e-01  1.02e-01  6.00e-02  4.85e-02  2.51e-02  5.99e+04  1.50e+03 -1.00e+05
2016 07 27  1510   57596  54600   3.17e+00  1.31e-01  1.01e-01  6.00e-02  4.85e-02  2.51e-02  5.99e+04  1.49e+03 -1.00e+05
2016 07 27  1515   57596  54900   5.69e+00  3.18e-01  1.57e-01  1.14e-01  1.02e-01  6.02e-02  5.99e+04  1.50e+03 -1.00e+05
2016 07 27  1520   57596  55200   3.24e+00  2.51e-01  2.21e-01  8.64e-02  7.49e-02  5.15e-02  5.99e+04  1.51e+03 -1.00e+05
2016 07 27  1525   57596  55500   3.06e+00  1.86e-01  1.56e-01  7.89e-02  6.75e-02  4.40e-02  5.99e+04  1.54e+03 -1.00e+05
2016 07 27  1530   57596  55800   3.27e+00  1.75e-01  1.45e-01  1.04e-01  9.22e-02  6.88e-02  6.03e+04  1.58e+03 -1.00e+05
2016 07 27  1535   57596  56100   3.21e+00  1.37e-01  1.08e-01  6.63e-02  5.00e-02  2.51e-02  6.02e+04  1.58e+03 -1.00e+05
2016 07 27  1540   57596  56400   3.77e+00  2.98e-01  2.63e-01  1.16e-01  7.97e-02  4.90e-02  5.99e+04  1.61e+03 -1.00e+05
2016 07 27  1545   57596  56700   3.34e+00  1.31e-01  1.01e-01  6.00e-02  4.85e-02  2.51e-02  5.99e+04  1.61e+03 -1.00e+05
2016 07 27  1550   57596  57000   4.53e+00  2.00e-01  1.15e-01  6.41e-02  5.26e-02  2.92e-02  5.99e+04  1.57e+03 -1.00e+05
2016 07 27  1555   57596  57300   6.16e+00  2.29e-01  1.03e-01  6.00e-02  4.85e-02  2.51e-02  5.99e+04  1.60e+03 -1.00e+05
2016 07 27  1600   57596  57600   5.88e+00  2.74e-01  1.40e-01  7.94e-02  5.29e-02  2.51e-02  5.99e+04  1.60e+03 -1.00e+05
2016 07 27  1605   57596  57900   3.46e+00  2.29e-01  1.99e-01  1.48e-01  1.14e-01  8.37e-02  5.99e+04  1.63e+03 -1.00e+05
2016 07 27  1610   57596  58200   3.09e+00  1.57e-01  1.27e-01  8.64e-02  7.49e-02  5.15e-02  5.99e+04  1.62e+03 -1.00e+05
2016 07 27  1615   57596  58500   3.32e+00  1.70e-01  1.40e-01  9.88e-02  8.73e-02  6.39e-02  5.99e+04  1.59e+03 -1.00e+05
2016 07 27  1620   57596  58800   5.06e+00  2.75e-01  1.41e-01  6.00e-02  4.85e-02  2.51e-02  6.03e+04  1.64e+03 -1.00e+05
2016 07 27  1625   57596  59100  -1.00e+05 -1.00e+05 -1.00e+05 -1.00e+05 -1.00e+05 -1.00e+05 -1.00e+05 -1.00e+05 -1.00e+05
2016 07 27  1630   57596  59400   4.57e+00  3.29e-01  1.96e-01  1.34e-01  7.69e-02  4.65e-02  5.99e+04  1.58e+03 -1.00e+05
2016 07 27  1635   57596  59700   3.35e+00  1.59e-01  1.29e-01  6.63e-02  5.00e-02  2.51e-02  5.74e+04  1.57e+03 -1.00e+05
2016 07 27  1640   57596  60000   5.96e+00  2.71e-01  1.29e-01  6.00e-02  4.85e-02  2.51e-02  5.98e+04  1.58e+03 -1.00e+05
2016 07 27  1645   57596  60300   3.20e+00  1.52e-01  1.23e-01  6.00e-02  4.85e-02  2.51e-02  5.96e+04  1.58e+03 -1.00e+05
2016 07 27  1650   57596  60600   3.55e+00  1.61e-01  1.31e-01  8.98e-02  7.83e-02  3.47e-02  5.85e+04  1.60e+03 -1.00e+05
2016 07 27  1655   57596  60900   4.62e+00  2.33e-01  1.48e-01  6.00e-02  4.85e-02  2.51e-02  5.86e+04  1.59e+03 -1.00e+05
2016 07 27  1700   57596  61200   7.46e+00  3.95e-01  1.29e-01  6.00e-02  4.85e-02  2.51e-02  5.99e+04  1.64e+03 -1.00e+05
2016 07 27  1705   57596  61500   3.74e+00  2.67e-01  2.37e-01  8.60e-02  5.44e-02  2.51e-02  5.84e+04  1.62e+03 -1.00e+05
2016 07 27  1710   57596  61800   3.83e+00  1.31e-01  1.01e-01  6.00e-02  4.85e-02  2.51e-02  5.87e+04  1.62e+03 -1.00e+05
2016 07 27  1715   57596  62100   5.67e+00  2.69e-01  1.56e-01  1.13e-01  1.02e-01  5.84e-02  5.99e+04  1.65e+03 -1.00e+05
2016 07 27  1720   57596  62400   3.47e+00  1.58e-01  1.28e-01  6.66e-02  5.51e-02  3.17e-02  5.73e+04  1.57e+03 -1.00e+05
2016 07 27  1725   57596  62700   3.88e+00  1.89e-01  1.60e-01  1.19e-01  1.07e-01  8.37e-02  5.89e+04  1.64e+03 -1.00e+05
2016 07 27  1730   57596  63000   3.73e+00  1.64e-01  1.35e-01  9.25e-02  5.59e-02  2.51e-02  5.85e+04  1.61e+03 -1.00e+05
2016 07 27  1735   57596  63300   3.40e+00  1.31e-01  1.01e-01  6.00e-02  4.85e-02  2.51e-02  5.87e+04  1.62e+03 -1.00e+05
2016 07 27  1740   57596  63600   4.80e+00  2.16e-01  1.31e-01  7.94e-02  5.29e-02  2.51e-02  5.93e+04  1.61e+03 -1.00e+05
2016 07 27  1745   57596  63900   3.73e+00  2.70e-01  2.40e-01  1.65e-01  1.54e-01  5.89e-02  5.85e+04  1.62e+03 -1.00e+05
2016 07 27  1750   57596  64200   4.85e+00  1.96e-01  1.11e-01  6.00e-02  4.85e-02  2.51e-02  6.00e+04  1.67e+03 -1.00e+05
2016 07 27  1755   57596  64500   3.48e+00  1.94e-01  1.65e-01  1.24e-01  1.12e-01  4.43e-02  5.72e+04  1.58e+03 -1.00e+05
2016 07 27  1800   57596  64800   4.11e+00  2.45e-01  2.08e-01  6.63e-02  5.00e-02  2.51e-02  5.96e+04  1.62e+03 -1.00e+05
2016 07 27  1805   57596  65100   3.47e+00  2.30e-01  2.01e-01  6.00e-02  4.85e-02  2.51e-02  5.62e+04  1.47e+03 -1.00e+05
2016 07 27  1810   57596  65400   3.69e+00  2.08e-01  1.79e-01  1.36e-01  8.41e-02  4.90e-02  5.83e+04  1.58e+03 -1.00e+05
2016 07 27  1815   57596  65700   7.77e+00  3.38e-01  1.03e-01  6.00e-02  4.85e-02  2.51e-02  6.08e+04  1.64e+03 -1.00e+05
2016 07 27  1820   57596  66000   3.30e+00  1.98e-01  1.68e-01  1.27e-01  1.16e-01  6.79e-02  5.56e+04  1.53e+03 -1.00e+05
2016 07 27  1825   57596  66300   5.72e+00  2.53e-01  1.03e-01  6.00e-02  4.85e-02  2.51e-02  5.73e+04  1.53e+03 -1.00e+05
2016 07 27  1830   57596  66600   3.09e+00  1.99e-01  1.69e-01  1.28e-01  1.16e-01  4.80e-02  5.73e+04  1.48e+03 -1.00e+05
2016 07 27  1835   57596  66900   2.95e+00  1.74e-01  1.44e-01  1.03e-01  8.12e-02  3.47e-02  5.53e+04  1.49e+03 -1.00e+05
2016 07 27  1840   57596  67200   3.35e+00  1.68e-01  1.32e-01  8.95e-02  6.60e-02  3.91e-02  5.48e+04  1.43e+03 -1.00e+05
2016 07 27  1845   57596  67500   3.00e+00  2.86e-01  2.56e-01  9.61e-02  8.46e-02  3.67e-02  5.72e+04  1.49e+03 -1.00e+05
2016 07 27  1850   57596  67800   2.98e+00  2.23e-01  1.93e-01  1.51e-01  1.11e-01  7.87e-02  5.58e+04  1.45e+03 -1.00e+05
2016 07 27  1855   57596  68100   4.74e+00  2.40e-01  1.55e-01  8.23e-02  5.67e-02  2.92e-02  5.61e+04  1.51e+03 -1.00e+05
2016 07 27  1900   57596  68400   4.15e+00  2.58e-01  1.78e-01  1.27e-01  1.16e-01  4.68e-02  5.53e+04  1.46e+03 -1.00e+05
2016 07 27  1905   57596  68700   3.37e+00  2.24e-01  1.94e-01  1.53e-01  1.36e-01  5.28e-02  5.46e+04  1.43e+03 -1.00e+05
2016 07 27  1910   57596  69000   2.86e+00  1.31e-01  1.01e-01  6.00e-02  4.85e-02  2.51e-02  5.41e+04  1.41e+03 -1.00e+05
2016 07 27  1915   57596  69300   3.22e+00  1.52e-01  1.23e-01  6.00e-02  4.85e-02  2.51e-02  5.35e+04  1.38e+03 -1.00e+05
2016 07 27  1920   57596  69600   4.81e+00  3.13e-01  1.82e-01  1.22e-01  9.45e-02  6.63e-02  5.35e+04  1.35e+03 -1.00e+05
2016 07 27  1925   57596  69900   3.07e+00  1.39e-01  1.02e-01  6.00e-02  4.85e-02  2.51e-02  5.19e+04  1.29e+03 -1.00e+05
2016 07 27  1930   57596  70200   3.00e+00  1.78e-01  1.48e-01  1.06e-01  7.36e-02  4.40e-02  5.19e+04  1.28e+03 -1.00e+05
2016 07 27  1935   57596  70500   2.82e+00  2.34e-01  2.04e-01  6.41e-02  5.26e-02  2.92e-02  4.94e+04  1.25e+03 -1.00e+05
2016 07 27  1940   57596  70800   2.97e+00  1.89e-01  1.60e-01  1.19e-01  1.07e-01  8.37e-02  5.07e+04  1.26e+03 -1.00e+05
2016 07 27  1945   57596  71100   2.78e+00  2.38e-01  2.08e-01  7.29e-02  5.14e-02  2.51e-02  4.93e+04  1.21e+03 -1.00e+05
2016 07 27  1950   57596  71400   3.44e+00  1.96e-01  1.11e-01  6.00e-02  4.85e-02  2.51e-02  4.93e+04  1.18e+03 -1.00e+05
2016 07 27  1955   57596  71700   4.73e+00  2.94e-01  1.60e-01  1.01e-01  8.98e-02  6.63e-02  4.93e+04  1.19e+03 -1.00e+05
2016 07 27  2000   57596  72000   2.34e+00  1.31e-01  1.01e-01  6.00e-02  4.85e-02  2.51e-02  4.93e+04  1.12e+03 -1.00e+05
2016 07 27  2005   57596  72300   2.78e+00  2.28e-01  1.98e-01  1.15e-01  8.90e-02  3.67e-02  4.72e+04  1.09e+03 -1.00e+05
2016 07 27  2010   57596  72600   2.84e+00  1.52e-01  1.23e-01  6.00e-02  4.85e-02  2.51e-02  4.66e+04  1.08e+03 -1.00e+05
2016 07 27  2015   57596  72900   3.83e+00  2.30e-01  1.45e-01  9.25e-02  5.59e-02  2.51e-02  4.83e+04  1.09e+03 -1.00e+05
2016 07 27  2020   57596  73200   2.56e+00  1.64e-01  1.35e-01  9.25e-02  5.59e-02  2.51e-02  4.66e+04  1.08e+03 -1.00e+05
2016 07 27  2025   57596  73500   4.43e+00  4.26e-01  2.56e-01  1.04e-01  9.22e-02  6.88e-02  4.66e+04  1.06e+03 -1.00e+05
2016 07 27  2030   57596  73800   2.55e+00  1.92e-01  1.62e-01  1.21e-01  1.10e-01  6.77e-02  4.66e+04  1.03e+03 -1.00e+05
2016 07 27  2035   57596  74100   2.91e+00  2.57e-01  2.27e-01  1.04e-01  6.69e-02  2.87e-02  4.66e+04  1.03e+03 -1.00e+05
2016 07 27  2040   57596  74400   3.54e+00  2.76e-01  2.47e-01  1.19e-01  1.07e-01  8.37e-02  4.66e+04  1.01e+03 -1.00e+05
2016 07 27  2045   57596  74700   3.18e+00  1.31e-01  1.01e-01  6.00e-02  4.85e-02  2.51e-02  4.66e+04  1.01e+03 -1.00e+05
2016 07 27  2050   57596  75000   3.89e+00  2.55e-01  1.40e-01  8.35e-02  7.21e-02  3.27e-02  4.66e+04  1.01e+03 -1.00e+05
2016 07 27  2055   57596  75300   2.76e+00  1.52e-01  1.23e-01  6.00e-02  4.85e-02  2.51e-02  4.42e+04  9.62e+02 -1.00e+05
2016 07 27  2100   57596  75600   4.55e+00  2.54e-01  1.20e-01  6.00e-02  4.85e-02  2.51e-02  4.46e+04  9.56e+02 -1.00e+05
2016 07 27  2105   57596  75900   3.41e+00  1.98e-01  1.68e-01  1.04e-01  5.56e-02  2.51e-02  4.42e+04  9.28e+02 -1.00e+05
2016 07 27  2110   57596  76200   3.90e+00  1.79e-01  1.49e-01  6.00e-02  4.85e-02  2.51e-02  4.37e+04  8.92e+02 -1.00e+05
2016 07 27  2115   57596  76500   5.20e+00  2.21e-01  1.36e-01  6.41e-02  5.26e-02  2.92e-02  4.40e+04  8.97e+02 -1.00e+05
2016 07 27  2120   57596  76800   7.74e+00  2.79e-01  1.07e-01  6.41e-02  5.26e-02  2.92e-02  4.40e+04  8.74e+02 -1.00e+05
2016 07 27  2125   57596  77100   3.81e+00  2.14e-01  1.84e-01  1.42e-01  9.49e-02  3.67e-02  4.18e+04  8.40e+02 -1.00e+05
2016 07 27  2130   57596  77400   3.56e+00  1.32e-01  1.03e-01  6.16e-02  5.01e-02  2.67e-02  4.16e+04  8.33e+02 -1.00e+05
2016 07 27  2135   57596  77700   3.73e+00  1.31e-01  1.01e-01  6.00e-02  4.85e-02  2.51e-02  4.16e+04  7.98e+02 -1.00e+05
2016 07 27  2140   57596  78000   3.82e+00  1.31e-01  1.01e-01  6.00e-02  4.85e-02  2.51e-02  4.14e+04  7.87e+02 -1.00e+05
2016 07 27  2145   57596  78300   6.94e+00  3.00e-01  1.32e-01  6.41e-02  5.26e-02  2.92e-02  3.96e+04  7.48e+02 -1.00e+05
2016 07 27  2150   57596  78600   3.60e+00  1.31e-01  1.01e-01  6.00e-02  4.85e-02  2.51e-02  3.92e+04  7.24e+02 -1.00e+05
2016 07 27  2155   57596  78900   3.56e+00  1.85e-01  1.55e-01  1.12e-01  6.03e-02  2.51e-02  3.85e+04  6.81e+02 -1.00e+05
2016 07 27  2200   57596  79200   3.56e+00  2.70e-01  2.13e-01  1.67e-01  1.56e-01  6.74e-02  3.80e+04  6.72e+02 -1.00e+05
2016 07 27  2205   57596  79500   3.09e+00  1.37e-01  1.08e-01  6.63e-02  5.00e-02  2.51e-02  3.89e+04  6.83e+02 -1.00e+05
2016 07 27  2210   57596  79800   3.48e+00  2.08e-01  1.78e-01  1.37e-01  1.26e-01  7.57e-02  3.77e+04  6.49e+02 -1.00e+05
2016 07 27  2215   57596  80100   5.89e+00  2.29e-01  1.03e-01  6.00e-02  4.85e-02  2.51e-02  3.58e+04  6.19e+02 -1.00e+05
2016 07 27  2220   57596  80400   3.61e+00  2.50e-01  2.21e-01  7.94e-02  5.29e-02  2.51e-02  3.76e+04  6.13e+02 -1.00e+05
2016 07 27  2225   57596  80700   3.61e+00  2.30e-01  2.01e-01  6.00e-02  4.85e-02  2.51e-02  3.57e+04  5.92e+02 -1.00e+05
2016 07 27  2230   57596  81000   3.50e+00  1.89e-01  1.59e-01  1.18e-01  9.90e-02  7.33e-02  3.55e+04  5.66e+02 -1.00e+05
2016 07 27  2235   57596  81300   3.17e+00  1.65e-01  1.35e-01  9.38e-02  8.23e-02  5.89e-02  3.34e+04  5.46e+02 -1.00e+05
2016 07 27  2240   57596  81600   3.53e+00  1.75e-01  1.39e-01  6.00e-02  4.85e-02  2.51e-02  3.26e+04  5.56e+02 -1.00e+05
2016 07 27  2245   57596  81900   3.38e+00  1.65e-01  1.35e-01  9.38e-02  8.23e-02  5.89e-02  3.13e+04  5.97e+02 -1.00e+05
2016 07 27  2250   57596  82200   4.54e+00  2.18e-01  1.33e-01  6.00e-02  4.85e-02  2.51e-02  3.18e+04  6.12e+02 -1.00e+05
2016 07 27  2255   57596  82500   3.35e+00  1.96e-01  1.67e-01  1.24e-01  7.57e-02  4.16e-02  3.12e+04  5.76e+02 -1.00e+05
2016 07 27  2300   57596  82800   5.82e+00  4.33e-01  2.65e-01  1.16e-01  1.05e-01  8.12e-02  2.94e+04  5.35e+02 -1.00e+05
2016 07 27  2305   57596  83100   5.92e+00  3.03e-01  1.09e-01  6.66e-02  5.51e-02  3.17e-02  2.86e+04  5.16e+02 -1.00e+05
2016 07 27  2310   57596  83400   2.96e+00  2.30e-01  2.01e-01  6.00e-02  4.85e-02  2.51e-02  2.70e+04  4.89e+02 -1.00e+05
2016 07 27  2315   57596  83700   2.82e+00  2.05e-01  1.75e-01  1.34e-01  1.13e-01  4.48e-02  2.63e+04  4.91e+02 -1.00e+05
2016 07 27  2320   57596  84000   4.45e+00  3.98e-01  2.23e-01  6.00e-02  4.85e-02  2.51e-02  2.66e+04  4.70e+02 -1.00e+05
2016 07 27  2325   57596  84300   2.62e+00  1.52e-01  1.23e-01  6.00e-02  4.85e-02  2.51e-02  2.28e+04  4.18e+02 -1.00e+05
2016 07 27  2330   57596  84600   2.49e+00  1.59e-01  1.29e-01  6.63e-02  5.00e-02  2.51e-02  2.14e+04  3.76e+02 -1.00e+05
2016 07 27  2335   57596  84900   2.30e+00  1.37e-01  1.08e-01  6.63e-02  5.00e-02  2.51e-02  2.08e+04  3.47e+02 -1.00e+05
2016 07 27  2340   57596  85200   2.51e+00  2.08e-01  1.78e-01  7.10e-02  5.95e-02  2.87e-02  2.09e+04  3.53e+02 -1.00e+05
2016 07 27  2345   57596  85500   2.63e+00  2.05e-01  1.75e-01  1.34e-01  1.22e-01  4.88e-02  2.07e+04  3.51e+02 -1.00e+05
2016 07 27  2350   57596  85800   3.81e+00  2.60e-01  1.26e-01  6.63e-02  5.00e-02  2.51e-02  2.03e+04  3.59e+02 -1.00e+05
2016 07 27  2355   57596  86100   2.74e+00  3.64e-01  3.34e-01  1.15e-01  6.41e-02  2.92e-02  2.07e+04  3.46e+02 -1.00e+05
