:Data_list: 20160114_Gp_part_5m.txt
:Created: 2016 Jan 15 0011 UTC
# Prepared by the U.S. Dept. of Commerce, NOAA, Space Weather Prediction Center
# Please send comments and suggestions to SWPC.Webmaster@noaa.gov 
# 
# Label: P > 1 = Particles at >1 Mev
# Label: P > 5 = Particles at >5 Mev
# Label: P >10 = Particles at >10 Mev
# Label: P >30 = Particles at >30 Mev
# Label: P >50 = Particles at >50 Mev
# Label: P>100 = Particles at >100 Mev
# Label: E>0.8 = Electrons at >0.8 Mev
# Label: E>2.0 = Electrons at >2.0 Mev
# Label: E>4.0 = Electrons at >4.0 Mev
# Units: Particles = Protons/cm2-s-sr
# Units: Electrons = Electrons/cm2-s-sr
# Source: GOES-13
# Location: W075
# Missing data: -1.00e+05
#
#                      5-minute  GOES-13 Solar Particle and Electron Flux
#
#                 Modified Seconds
# UTC Date  Time   Julian  of the
# YR MO DA  HHMM    Day     Day     P > 1     P > 5     P >10     P >30     P >50     P>100     E>0.8     E>2.0     E>4.0
#-------------------------------------------------------------------------------------------------------------------------
2016 01 14  0000   57401      0   4.93e+00  1.44e-01  1.20e-01  5.40e-02  4.36e-02  2.26e-02  5.68e+04  1.33e+03 -1.00e+05
2016 01 14  0005   57401    300   5.88e+00  1.54e-01  1.29e-01  9.24e-02  7.78e-02  3.32e-02  5.40e+04  1.29e+03 -1.00e+05
2016 01 14  0010   57401    600   4.73e+00  1.15e-01  9.07e-02  5.40e-02  4.36e-02  2.26e-02  5.46e+04  1.30e+03 -1.00e+05
2016 01 14  0015   57401    900   4.71e+00  1.15e-01  9.07e-02  5.40e-02  4.36e-02  2.26e-02  5.37e+04  1.24e+03 -1.00e+05
2016 01 14  0020   57401   1200   3.99e+00  1.35e-01  1.10e-01  7.32e-02  6.28e-02  4.18e-02  5.19e+04  1.20e+03 -1.00e+05
2016 01 14  0025   57401   1500   3.72e+00  2.18e-01  1.93e-01  1.06e-01  9.53e-02  3.92e-02  5.19e+04  1.17e+03 -1.00e+05
2016 01 14  0030   57401   1800   7.94e+00  5.06e-01  2.37e-01  7.44e-02  6.40e-02  2.91e-02  5.09e+04  1.13e+03 -1.00e+05
2016 01 14  0035   57401   2100   3.93e+00  1.48e-01  1.24e-01  8.69e-02  7.65e-02  3.32e-02  5.07e+04  1.15e+03 -1.00e+05
2016 01 14  0040   57401   2400   4.06e+00  1.40e-01  1.16e-01  7.89e-02  6.86e-02  4.70e-02  5.18e+04  1.13e+03 -1.00e+05
2016 01 14  0045   57401   2700   4.34e+00  1.98e-01  1.74e-01  7.91e-02  4.93e-02  2.26e-02  4.93e+04  1.10e+03 -1.00e+05
2016 01 14  0050   57401   3000   5.51e+00  1.46e-01  9.91e-02  5.83e-02  4.79e-02  2.69e-02  5.00e+04  1.13e+03 -1.00e+05
2016 01 14  0055   57401   3300   3.84e+00  1.49e-01  1.25e-01  8.70e-02  5.25e-02  2.44e-02  5.12e+04  1.17e+03 -1.00e+05
2016 01 14  0100   57401   3600   3.31e+00  1.88e-01  1.63e-01  8.06e-02  7.02e-02  3.11e-02  4.86e+04  1.02e+03 -1.00e+05
2016 01 14  0105   57401   3900   3.34e+00  1.76e-01  1.51e-01  5.83e-02  4.79e-02  2.69e-02  4.65e+04  1.05e+03 -1.00e+05
2016 01 14  0110   57401   4200   5.17e+00  3.21e-01  1.67e-01  5.95e-02  4.48e-02  2.26e-02  4.86e+04  9.48e+02 -1.00e+05
2016 01 14  0115   57401   4500   7.76e+00  1.96e-01  9.31e-02  5.40e-02  4.36e-02  2.26e-02  4.55e+04  1.05e+03 -1.00e+05
2016 01 14  0120   57401   4800   7.65e+00  2.65e-01  1.37e-01  9.62e-02  4.99e-02  2.26e-02  5.06e+04  1.06e+03 -1.00e+05
2016 01 14  0125   57401   5100   5.14e+00  1.92e-01  1.51e-01  6.18e-02  5.14e-02  2.51e-02  4.70e+04  1.04e+03 -1.00e+05
2016 01 14  0130   57401   5400   3.51e+00  1.72e-01  1.48e-01  1.10e-01  8.27e-02  5.66e-02  4.74e+04  9.51e+02 -1.00e+05
2016 01 14  0135   57401   5700   6.52e+00  2.44e-01  9.29e-02  5.40e-02  4.36e-02  2.26e-02  4.52e+04  9.41e+02 -1.00e+05
2016 01 14  0140   57401   6000   3.68e+00  1.42e-01  9.48e-02  5.40e-02  4.36e-02  2.26e-02  4.61e+04  9.54e+02 -1.00e+05
2016 01 14  0145   57401   6300   3.10e+00  1.60e-01  1.35e-01  9.72e-02  5.86e-02  2.94e-02  4.70e+04  9.99e+02 -1.00e+05
2016 01 14  0150   57401   6600   3.43e+00  1.58e-01  1.33e-01  5.58e-02  4.55e-02  2.44e-02  4.46e+04  9.21e+02 -1.00e+05
2016 01 14  0155   57401   6900   3.17e+00  1.60e-01  1.35e-01  7.44e-02  6.40e-02  2.91e-02  4.41e+04  9.09e+02 -1.00e+05
2016 01 14  0200   57401   7200   2.99e+00  1.44e-01  1.20e-01  5.40e-02  4.36e-02  2.26e-02  4.50e+04  9.07e+02 -1.00e+05
2016 01 14  0205   57401   7500   4.63e+00  2.95e-01  2.06e-01  1.11e-01  6.05e-02  2.51e-02  4.40e+04  8.83e+02 -1.00e+05
2016 01 14  0210   57401   7800   4.12e+00  2.14e-01  1.13e-01  7.39e-02  6.36e-02  4.25e-02  4.24e+04  8.47e+02 -1.00e+05
2016 01 14  0215   57401   8100   2.91e+00  1.15e-01  9.07e-02  5.40e-02  4.36e-02  2.26e-02  4.31e+04  8.20e+02 -1.00e+05
2016 01 14  0220   57401   8400   4.16e+00  3.27e-01  1.62e-01  5.40e-02  4.36e-02  2.26e-02  4.20e+04  8.05e+02 -1.00e+05
2016 01 14  0225   57401   8700   2.90e+00  1.42e-01  9.48e-02  5.40e-02  4.36e-02  2.26e-02  4.20e+04  7.85e+02 -1.00e+05
2016 01 14  0230   57401   9000   3.68e+00  3.21e-01  1.67e-01  5.95e-02  4.48e-02  2.26e-02  3.93e+04  7.93e+02 -1.00e+05
2016 01 14  0235   57401   9300   2.65e+00  2.03e-01  1.48e-01  1.06e-01  9.53e-02  3.92e-02  4.07e+04  7.42e+02 -1.00e+05
2016 01 14  0240   57401   9600   3.73e+00  3.38e-01  2.12e-01  1.16e-01  9.74e-02  7.40e-02  3.93e+04  7.56e+02 -1.00e+05
2016 01 14  0245   57401   9900   1.93e+00  1.64e-01  1.40e-01  1.03e-01  9.25e-02  7.15e-02  3.95e+04  6.74e+02 -1.00e+05
2016 01 14  0250   57401  10200   1.89e+00  1.15e-01  9.07e-02  5.40e-02  4.36e-02  2.26e-02  3.50e+04  6.27e+02 -1.00e+05
2016 01 14  0255   57401  10500   1.99e+00  1.56e-01  1.32e-01  5.40e-02  4.36e-02  2.26e-02  3.62e+04  6.10e+02 -1.00e+05
2016 01 14  0300   57401  10800   3.37e+00  2.00e-01  1.04e-01  5.40e-02  4.36e-02  2.26e-02  3.54e+04  5.76e+02 -1.00e+05
2016 01 14  0305   57401  11100   3.49e+00  2.08e-01  1.63e-01  1.22e-01  9.11e-02  6.41e-02  3.40e+04  5.47e+02 -1.00e+05
2016 01 14  0310   57401  11400   2.39e+00  1.35e-01  1.10e-01  7.26e-02  4.78e-02  2.26e-02  3.49e+04  5.53e+02 -1.00e+05
2016 01 14  0315   57401  11700   4.38e+00  2.33e-01  1.05e-01  6.60e-02  4.63e-02  2.26e-02  3.49e+04  5.83e+02 -1.00e+05
2016 01 14  0320   57401  12000   5.03e+00  2.97e-01  1.46e-01  1.05e-01  5.52e-02  2.26e-02  3.48e+04  5.69e+02 -1.00e+05
2016 01 14  0325   57401  12300   2.71e+00  1.76e-01  1.51e-01  5.83e-02  4.79e-02  2.69e-02  2.83e+04  4.08e+02 -1.00e+05
2016 01 14  0330   57401  12600   2.79e+00  1.67e-01  1.42e-01  1.06e-01  9.53e-02  3.92e-02  2.86e+04  3.83e+02 -1.00e+05
2016 01 14  0335   57401  12900   3.86e+00  2.99e-01  2.22e-01  5.33e-02  4.30e-02  2.24e-02  3.04e+04  4.31e+02 -1.00e+05
2016 01 14  0340   57401  13200   3.00e+00  1.61e-01  1.35e-01  5.33e-02  4.30e-02  2.24e-02  3.15e+04  4.69e+02 -1.00e+05
2016 01 14  0345   57401  13500   3.30e+00  1.49e-01  1.23e-01  8.42e-02  7.33e-02  3.21e-02  3.25e+04  4.84e+02 -1.00e+05
2016 01 14  0350   57401  13800   4.26e+00  2.52e-01  1.45e-01  9.11e-02  7.00e-02  3.00e-02  3.46e+04  5.34e+02 -1.00e+05
2016 01 14  0355   57401  14100   3.20e+00  1.18e-01  9.20e-02  5.33e-02  4.30e-02  2.24e-02  3.36e+04  5.32e+02 -1.00e+05
2016 01 14  0400   57401  14400   5.83e+00  4.51e-01  2.40e-01  5.33e-02  4.30e-02  2.24e-02  3.39e+04  5.45e+02 -1.00e+05
2016 01 14  0405   57401  14700   4.13e+00  1.79e-01  1.01e-01  5.33e-02  4.30e-02  2.24e-02  3.52e+04  5.53e+02 -1.00e+05
2016 01 14  0410   57401  15000   2.72e+00  1.18e-01  9.20e-02  5.33e-02  4.30e-02  2.24e-02  3.54e+04  5.74e+02 -1.00e+05
2016 01 14  0415   57401  15300   3.47e+00  2.21e-01  1.44e-01  5.33e-02  4.30e-02  2.24e-02  3.36e+04  5.65e+02 -1.00e+05
2016 01 14  0420   57401  15600   3.87e+00  2.71e-01  1.45e-01  8.69e-02  5.06e-02  2.24e-02  3.54e+04  5.54e+02 -1.00e+05
2016 01 14  0425   57401  15900   5.74e+00  3.32e-01  1.45e-01  1.05e-01  9.43e-02  7.37e-02  3.39e+04  5.34e+02 -1.00e+05
2016 01 14  0430   57401  16200   2.83e+00  1.30e-01  1.04e-01  6.49e-02  5.46e-02  2.73e-02  3.36e+04  5.25e+02 -1.00e+05
2016 01 14  0435   57401  16500   3.00e+00  1.95e-01  1.69e-01  9.47e-02  8.44e-02  6.38e-02  3.40e+04  5.26e+02 -1.00e+05
2016 01 14  0440   57401  16800   5.54e+00  3.08e-01  1.21e-01  7.98e-02  6.95e-02  4.89e-02  3.35e+04  5.29e+02 -1.00e+05
2016 01 14  0445   57401  17100   4.27e+00  2.21e-01  1.01e-01  6.00e-02  4.97e-02  2.91e-02  3.42e+04  5.55e+02 -1.00e+05
2016 01 14  0450   57401  17400   2.41e+00  1.19e-01  9.29e-02  5.42e-02  4.32e-02  2.24e-02  3.45e+04  5.42e+02 -1.00e+05
2016 01 14  0455   57401  17700   3.68e+00  3.00e-01  2.23e-01  5.42e-02  4.32e-02  2.24e-02  3.22e+04  5.33e+02 -1.00e+05
2016 01 14  0500   57401  18000   2.16e+00  1.30e-01  1.04e-01  6.49e-02  5.47e-02  3.41e-02  3.47e+04  5.73e+02 -1.00e+05
2016 01 14  0505   57401  18300   3.54e+00  2.17e-01  1.42e-01  9.47e-02  8.44e-02  6.38e-02  3.55e+04  5.74e+02 -1.00e+05
2016 01 14  0510   57401  18600   3.34e+00  1.18e-01  9.20e-02  5.33e-02  4.30e-02  2.24e-02  3.17e+04  5.33e+02 -1.00e+05
2016 01 14  0515   57401  18900   4.73e+00  3.36e-01  1.27e-01  8.52e-02  5.54e-02  2.91e-02  3.35e+04  5.67e+02 -1.00e+05
2016 01 14  0520   57401  19200   4.52e+00  3.63e-01  2.81e-01  1.22e-01  1.01e-01  4.01e-02  3.44e+04  5.37e+02 -1.00e+05
2016 01 14  0525   57401  19500   2.80e+00  1.55e-01  1.29e-01  5.33e-02  4.30e-02  2.24e-02  3.15e+04  5.16e+02 -1.00e+05
2016 01 14  0530   57401  19800   4.11e+00  2.47e-01  1.28e-01  8.72e-02  7.70e-02  5.64e-02  3.36e+04  5.53e+02 -1.00e+05
2016 01 14  0535   57401  20100   3.13e+00  1.92e-01  1.66e-01  1.27e-01  1.17e-01  4.62e-02  3.49e+04  5.73e+02 -1.00e+05
2016 01 14  0540   57401  20400   2.86e+00  1.21e-01  9.24e-02  5.33e-02  4.30e-02  2.24e-02  3.45e+04  5.89e+02 -1.00e+05
2016 01 14  0545   57401  20700   2.92e+00  1.49e-01  1.22e-01  8.37e-02  7.34e-02  3.34e-02  3.53e+04  6.05e+02 -1.00e+05
2016 01 14  0550   57401  21000   2.68e+00  2.05e-01  1.77e-01  9.35e-02  5.21e-02  2.24e-02  3.56e+04  6.13e+02 -1.00e+05
2016 01 14  0555   57401  21300   3.90e+00  1.79e-01  1.01e-01  5.33e-02  4.30e-02  2.24e-02  3.44e+04  5.84e+02 -1.00e+05
2016 01 14  0600   57401  21600   2.98e+00  1.53e-01  1.26e-01  8.75e-02  7.72e-02  5.66e-02  3.52e+04  6.11e+02 -1.00e+05
2016 01 14  0605   57401  21900   4.66e+00  2.40e-01  1.21e-01  7.93e-02  6.18e-02  3.90e-02  3.51e+04  6.22e+02 -1.00e+05
2016 01 14  0610   57401  22200   2.66e+00  1.99e-01  1.73e-01  1.33e-01  9.37e-02  6.70e-02  3.56e+04  6.20e+02 -1.00e+05
2016 01 14  0615   57401  22500   2.72e+00  1.25e-01  9.87e-02  6.00e-02  4.97e-02  2.91e-02  3.56e+04  6.19e+02 -1.00e+05
2016 01 14  0620   57401  22800   2.69e+00  1.95e-01  1.68e-01  6.07e-02  4.47e-02  2.24e-02  3.56e+04  6.28e+02 -1.00e+05
2016 01 14  0625   57401  23100   4.07e+00  2.95e-01  2.23e-01  6.58e-02  5.55e-02  3.10e-02  3.54e+04  6.25e+02 -1.00e+05
2016 01 14  0630   57401  23400   3.67e+00  1.19e-01  9.29e-02  5.42e-02  4.32e-02  2.24e-02  3.56e+04  6.16e+02 -1.00e+05
2016 01 14  0635   57401  23700   3.17e+00  2.40e-01  2.14e-01  5.42e-02  4.32e-02  2.24e-02  3.52e+04  6.27e+02 -1.00e+05
2016 01 14  0640   57401  24000   3.53e+00  1.30e-01  1.04e-01  6.49e-02  5.47e-02  3.41e-02  3.55e+04  6.00e+02 -1.00e+05
2016 01 14  0645   57401  24300   4.33e+00  2.37e-01  1.11e-01  5.42e-02  4.32e-02  2.24e-02  3.66e+04  6.68e+02 -1.00e+05
2016 01 14  0650   57401  24600   3.40e+00  1.66e-01  1.40e-01  1.01e-01  9.11e-02  7.05e-02  3.60e+04  6.84e+02 -1.00e+05
2016 01 14  0655   57401  24900   2.71e+00  1.30e-01  1.04e-01  6.49e-02  5.47e-02  3.41e-02  3.59e+04  6.60e+02 -1.00e+05
2016 01 14  0700   57401  25200   4.40e+00  2.52e-01  1.33e-01  9.22e-02  8.19e-02  6.13e-02  3.76e+04  6.76e+02 -1.00e+05
2016 01 14  0705   57401  25500   5.30e+00  5.00e-01  2.40e-01  7.73e-02  6.71e-02  4.65e-02  3.58e+04  6.62e+02 -1.00e+05
2016 01 14  0710   57401  25800   4.89e+00  2.38e-01  9.43e-02  5.33e-02  4.30e-02  2.24e-02  3.36e+04  6.32e+02 -1.00e+05
2016 01 14  0715   57401  26100   3.76e+00  2.21e-01  1.44e-01  5.33e-02  4.30e-02  2.24e-02  3.77e+04  6.86e+02 -1.00e+05
2016 01 14  0720   57401  26400   2.43e+00  1.29e-01  1.00e-01  6.07e-02  4.47e-02  2.24e-02  3.51e+04  6.42e+02 -1.00e+05
2016 01 14  0725   57401  26700   4.18e+00  5.95e-01  4.02e-01  9.76e-02  4.91e-02  2.24e-02  3.55e+04  6.54e+02 -1.00e+05
2016 01 14  0730   57401  27000   2.00e+00  1.18e-01  9.20e-02  5.33e-02  4.30e-02  2.24e-02  3.53e+04  6.25e+02 -1.00e+05
2016 01 14  0735   57401  27300   3.00e+00  2.36e-01  1.10e-01  5.33e-02  4.30e-02  2.24e-02  3.34e+04  5.91e+02 -1.00e+05
2016 01 14  0740   57401  27600   2.38e+00  2.28e-01  1.51e-01  6.25e-02  5.22e-02  3.16e-02  3.30e+04  5.80e+02 -1.00e+05
2016 01 14  0745   57401  27900   3.21e+00  2.14e-01  9.44e-02  5.33e-02  4.30e-02  2.24e-02  3.38e+04  5.75e+02 -1.00e+05
2016 01 14  0750   57401  28200   3.08e+00  2.35e-01  1.16e-01  7.38e-02  4.76e-02  2.24e-02  3.23e+04  5.86e+02 -1.00e+05
2016 01 14  0755   57401  28500   1.72e+00  1.67e-01  1.41e-01  1.02e-01  9.19e-02  3.81e-02  3.33e+04  5.74e+02 -1.00e+05
2016 01 14  0800   57401  28800   2.66e+00  1.54e-01  1.28e-01  8.80e-02  4.91e-02  2.24e-02  3.21e+04  5.38e+02 -1.00e+05
2016 01 14  0805   57401  29100   2.89e+00  2.89e-01  1.77e-01  1.22e-01  8.42e-02  4.44e-02  3.10e+04  5.39e+02 -1.00e+05
2016 01 14  0810   57401  29400   1.88e+00  1.61e-01  1.35e-01  9.59e-02  8.56e-02  3.61e-02  3.26e+04  5.62e+02 -1.00e+05
2016 01 14  0815   57401  29700   1.98e+00  1.23e-01  9.62e-02  5.75e-02  4.73e-02  2.67e-02  3.34e+04  5.81e+02 -1.00e+05
2016 01 14  0820   57401  30000   1.84e+00  1.50e-01  1.23e-01  8.48e-02  7.45e-02  5.39e-02  3.33e+04  5.85e+02 -1.00e+05
2016 01 14  0825   57401  30300   2.11e+00  1.61e-01  1.35e-01  5.33e-02  4.30e-02  2.24e-02  3.31e+04  5.90e+02 -1.00e+05
2016 01 14  0830   57401  30600   1.70e+00  1.68e-01  1.41e-01  6.49e-02  5.47e-02  3.41e-02  3.29e+04  5.91e+02 -1.00e+05
2016 01 14  0835   57401  30900   2.16e+00  1.55e-01  1.29e-01  5.33e-02  4.30e-02  2.24e-02  3.19e+04  5.63e+02 -1.00e+05
2016 01 14  0840   57401  31200   7.56e+00  1.19e-01  9.29e-02  5.42e-02  4.32e-02  2.24e-02  3.19e+04  5.35e+02 -1.00e+05
2016 01 14  0845   57401  31500   4.08e+01  3.32e-01  2.31e-01  1.90e-01  1.80e-01  8.94e-02  3.08e+04  5.02e+02 -1.00e+05
2016 01 14  0850   57401  31800   6.26e+01  2.14e-01  9.44e-02  5.33e-02  4.30e-02  2.24e-02  2.97e+04  4.68e+02 -1.00e+05
2016 01 14  0855   57401  32100   3.88e+01  1.80e-01  1.53e-01  1.15e-01  1.04e-01  4.21e-02  3.06e+04  4.72e+02 -1.00e+05
2016 01 14  0900   57401  32400   4.01e+01  1.61e-01  1.35e-01  5.33e-02  4.30e-02  2.24e-02  3.32e+04  5.29e+02 -1.00e+05
2016 01 14  0905   57401  32700   3.59e+01  1.39e-01  1.11e-01  7.24e-02  6.21e-02  4.15e-02  3.59e+04  5.95e+02 -1.00e+05
2016 01 14  0910   57401  33000   2.70e+01  2.06e-01  1.79e-01  1.38e-01  7.28e-02  2.80e-02  3.83e+04  6.60e+02 -1.00e+05
2016 01 14  0915   57401  33300   1.71e+01  1.50e-01  1.24e-01  7.08e-02  6.05e-02  2.80e-02  4.12e+04  7.56e+02 -1.00e+05
2016 01 14  0920   57401  33600   1.38e+01  1.21e-01  9.24e-02  5.33e-02  4.30e-02  2.24e-02  4.41e+04  8.58e+02 -1.00e+05
2016 01 14  0925   57401  33900   1.16e+01  1.21e-01  9.24e-02  5.33e-02  4.30e-02  2.24e-02  4.59e+04  9.32e+02 -1.00e+05
2016 01 14  0930   57401  34200   2.47e+01  4.04e-01  1.46e-01  5.33e-02  4.30e-02  2.24e-02  4.98e+04  1.11e+03 -1.00e+05
2016 01 14  0935   57401  34500   1.89e+01  2.79e-01  1.53e-01  5.33e-02  4.30e-02  2.24e-02  5.19e+04  1.20e+03 -1.00e+05
2016 01 14  0940   57401  34800   1.00e+01  1.65e-01  1.39e-01  9.89e-02  6.62e-02  3.90e-02  5.05e+04  1.20e+03 -1.00e+05
2016 01 14  0945   57401  35100   8.25e+00  1.94e-01  1.18e-01  6.99e-02  5.96e-02  3.90e-02  4.90e+04  1.18e+03 -1.00e+05
2016 01 14  0950   57401  35400   5.38e+00  1.61e-01  1.35e-01  5.33e-02  4.30e-02  2.24e-02  5.08e+04  1.27e+03 -1.00e+05
2016 01 14  0955   57401  35700   7.36e+00  3.00e-01  2.23e-01  5.42e-02  4.32e-02  2.24e-02  5.19e+04  1.33e+03 -1.00e+05
2016 01 14  1000   57401  36000   5.62e+00  1.76e-01  1.49e-01  5.33e-02  4.30e-02  2.24e-02  5.19e+04  1.37e+03 -1.00e+05
2016 01 14  1005   57401  36300   5.77e+00  1.18e-01  9.20e-02  5.33e-02  4.30e-02  2.24e-02  5.20e+04  1.41e+03 -1.00e+05
2016 01 14  1010   57401  36600   6.07e+00  1.18e-01  9.20e-02  5.33e-02  4.30e-02  2.24e-02  5.45e+04  1.52e+03 -1.00e+05
2016 01 14  1015   57401  36900   6.43e+00  2.85e-01  2.59e-01  1.41e-01  1.20e-01  4.62e-02  5.25e+04  1.52e+03 -1.00e+05
2016 01 14  1020   57401  37200   1.13e+01  5.16e-01  2.42e-01  5.42e-02  4.32e-02  2.24e-02  5.19e+04  1.52e+03 -1.00e+05
2016 01 14  1025   57401  37500   5.66e+00  1.82e-01  1.56e-01  1.16e-01  9.02e-02  3.61e-02  5.14e+04  1.44e+03 -1.00e+05
2016 01 14  1030   57401  37800   5.72e+00  1.67e-01  1.40e-01  1.00e-01  5.35e-02  2.24e-02  4.97e+04  1.43e+03 -1.00e+05
2016 01 14  1035   57401  38100   5.11e+00  1.96e-01  1.69e-01  9.71e-02  8.69e-02  6.63e-02  4.99e+04  1.38e+03 -1.00e+05
2016 01 14  1040   57401  38400   8.39e+00  1.79e-01  1.01e-01  5.33e-02  4.30e-02  2.24e-02  5.12e+04  1.52e+03 -1.00e+05
2016 01 14  1045   57401  38700   1.38e+01  2.93e-01  1.46e-01  5.33e-02  4.30e-02  2.24e-02  5.57e+04  1.73e+03 -1.00e+05
2016 01 14  1050   57401  39000   1.42e+01  2.38e-01  9.43e-02  5.33e-02  4.30e-02  2.24e-02  5.11e+04  1.60e+03 -1.00e+05
2016 01 14  1055   57401  39300   7.30e+00  1.18e-01  9.20e-02  5.33e-02  4.30e-02  2.24e-02  5.32e+04  1.66e+03 -1.00e+05
2016 01 14  1100   57401  39600   1.03e+01  2.70e-01  2.14e-01  9.23e-02  8.20e-02  4.45e-02  5.23e+04  1.63e+03 -1.00e+05
2016 01 14  1105   57401  39900   7.82e+00  1.82e-01  1.55e-01  8.41e-02  7.39e-02  5.33e-02  5.23e+04  1.64e+03 -1.00e+05
2016 01 14  1110   57401  40200   7.42e+00  3.61e-01  3.35e-01  9.26e-02  4.91e-02  2.24e-02  5.19e+04  1.61e+03 -1.00e+05
2016 01 14  1115   57401  40500   7.14e+00  1.82e-01  1.56e-01  7.38e-02  4.76e-02  2.24e-02  5.23e+04  1.66e+03 -1.00e+05
2016 01 14  1120   57401  40800   7.13e+00  1.18e-01  9.20e-02  5.33e-02  4.30e-02  2.24e-02  5.22e+04  1.65e+03 -1.00e+05
2016 01 14  1125   57401  41100   1.04e+01  3.30e-01  2.53e-01  8.52e-02  5.54e-02  2.91e-02  5.31e+04  1.64e+03 -1.00e+05
2016 01 14  1130   57401  41400   7.25e+00  2.39e-01  2.13e-01  5.33e-02  4.30e-02  2.24e-02  5.36e+04  1.71e+03 -1.00e+05
2016 01 14  1135   57401  41700   7.39e+00  1.89e-01  1.63e-01  7.73e-02  6.71e-02  4.65e-02  5.38e+04  1.73e+03 -1.00e+05
2016 01 14  1140   57401  42000   1.07e+01  4.10e-01  2.84e-01  2.05e-01  1.29e-01  4.21e-02  5.24e+04  1.71e+03 -1.00e+05
2016 01 14  1145   57401  42300   6.53e+00  2.66e-01  2.38e-01  7.87e-02  5.39e-02  2.91e-02  5.22e+04  1.69e+03 -1.00e+05
2016 01 14  1150   57401  42600   5.44e+00  1.26e-01  9.97e-02  6.07e-02  4.47e-02  2.24e-02  5.19e+04  1.65e+03 -1.00e+05
2016 01 14  1155   57401  42900   5.80e+00  1.76e-01  1.49e-01  5.33e-02  4.30e-02  2.24e-02  5.19e+04  1.63e+03 -1.00e+05
2016 01 14  1200   57401  43200   6.26e+00  1.21e-01  9.24e-02  5.33e-02  4.30e-02  2.24e-02  5.27e+04  1.71e+03 -1.00e+05
2016 01 14  1205   57401  43500   5.75e+00  1.47e-01  1.20e-01  8.14e-02  7.12e-02  5.06e-02  5.27e+04  1.69e+03 -1.00e+05
2016 01 14  1210   57401  43800   7.69e+00  2.13e-01  1.36e-01  8.69e-02  5.06e-02  2.24e-02  5.46e+04  1.78e+03 -1.00e+05
2016 01 14  1215   57401  44100   9.63e+00  2.43e-01  1.43e-01  1.02e-01  9.19e-02  3.81e-02  5.40e+04  1.77e+03 -1.00e+05
2016 01 14  1220   57401  44400   6.25e+00  1.46e-01  1.20e-01  8.11e-02  6.41e-02  4.15e-02  5.46e+04  1.85e+03 -1.00e+05
2016 01 14  1225   57401  44700   6.92e+00  2.34e-01  2.08e-01  1.68e-01  1.21e-01  4.41e-02  5.54e+04  1.89e+03 -1.00e+05
2016 01 14  1230   57401  45000   5.59e+00  1.18e-01  9.20e-02  5.33e-02  4.30e-02  2.24e-02  5.46e+04  1.82e+03 -1.00e+05
2016 01 14  1235   57401  45300   8.70e+00  2.81e-01  1.56e-01  9.89e-02  6.62e-02  3.90e-02  5.36e+04  1.75e+03 -1.00e+05
2016 01 14  1240   57401  45600   5.52e+00  1.20e-01  9.38e-02  5.50e-02  4.48e-02  2.42e-02  5.46e+04  1.83e+03 -1.00e+05
2016 01 14  1245   57401  45900   5.66e+00  1.92e-01  1.66e-01  1.27e-01  1.17e-01  4.62e-02  5.46e+04  1.85e+03 -1.00e+05
2016 01 14  1250   57401  46200   5.55e+00  1.44e-01  1.18e-01  7.85e-02  5.74e-02  2.60e-02  5.46e+04  1.88e+03 -1.00e+05
2016 01 14  1255   57401  46500   8.84e+00  3.00e-01  1.74e-01  7.38e-02  4.76e-02  2.24e-02  5.46e+04  1.87e+03 -1.00e+05
2016 01 14  1300   57401  46800   5.43e+00  1.72e-01  1.46e-01  6.74e-02  5.72e-02  3.66e-02  5.46e+04  1.87e+03 -1.00e+05
2016 01 14  1305   57401  47100   5.32e+00  1.18e-01  9.20e-02  5.33e-02  4.30e-02  2.24e-02  5.40e+04  1.81e+03 -1.00e+05
2016 01 14  1310   57401  47400   5.59e+00  2.39e-01  2.13e-01  5.33e-02  4.30e-02  2.24e-02  5.35e+04  1.82e+03 -1.00e+05
2016 01 14  1315   57401  47700   8.38e+00  1.89e-01  1.13e-01  6.49e-02  5.47e-02  3.41e-02  5.46e+04  1.87e+03 -1.00e+05
2016 01 14  1320   57401  48000   6.38e+00  1.78e-01  1.51e-01  1.12e-01  1.02e-01  5.61e-02  5.46e+04  1.84e+03 -1.00e+05
2016 01 14  1325   57401  48300   1.20e+01  2.42e-01  9.85e-02  5.75e-02  4.73e-02  2.67e-02  5.46e+04  1.90e+03 -1.00e+05
2016 01 14  1330   57401  48600   6.77e+00  1.90e-01  1.63e-01  8.97e-02  7.95e-02  5.89e-02  5.52e+04  1.92e+03 -1.00e+05
2016 01 14  1335   57401  48900   7.26e+00  1.18e-01  9.20e-02  5.33e-02  4.30e-02  2.24e-02  5.73e+04  2.02e+03 -1.00e+05
2016 01 14  1340   57401  49200   6.58e+00  1.82e-01  1.55e-01  7.27e-02  6.03e-02  3.90e-02  5.83e+04  2.08e+03 -1.00e+05
2016 01 14  1345   57401  49500   6.96e+00  2.42e-01  2.13e-01  5.33e-02  4.30e-02  2.24e-02  5.99e+04  2.15e+03 -1.00e+05
2016 01 14  1350   57401  49800   1.03e+01  2.36e-01  1.10e-01  5.33e-02  4.30e-02  2.24e-02  6.02e+04  2.20e+03 -1.00e+05
2016 01 14  1355   57401  50100   7.11e+00  1.99e-01  1.72e-01  1.33e-01  1.23e-01  4.82e-02  5.85e+04  2.06e+03 -1.00e+05
2016 01 14  1400   57401  50400   1.32e+01  2.41e-01  1.66e-01  7.25e-02  6.22e-02  4.16e-02  6.39e+04  2.43e+03 -1.00e+05
2016 01 14  1405   57401  50700   9.45e+00  1.18e-01  9.20e-02  5.33e-02  4.30e-02  2.24e-02  6.23e+04  2.32e+03 -1.00e+05
2016 01 14  1410   57401  51000   9.68e+00  1.18e-01  9.20e-02  5.33e-02  4.30e-02  2.24e-02  6.41e+04  2.45e+03 -1.00e+05
2016 01 14  1415   57401  51300   1.00e+01  1.64e-01  1.35e-01  5.33e-02  4.30e-02  2.24e-02  6.39e+04  2.47e+03 -1.00e+05
2016 01 14  1420   57401  51600   9.37e+00  1.82e-01  1.48e-01  1.08e-01  9.81e-02  4.01e-02  6.26e+04  2.41e+03 -1.00e+05
2016 01 14  1425   57401  51900   8.04e+00  2.68e-01  2.41e-01  8.97e-02  7.95e-02  5.89e-02  6.19e+04  2.25e+03 -1.00e+05
2016 01 14  1430   57401  52200   7.72e+00  1.32e-01  1.04e-01  6.49e-02  5.47e-02  3.41e-02  6.14e+04  2.27e+03 -1.00e+05
2016 01 14  1435   57401  52500   7.87e+00  1.18e-01  9.20e-02  5.33e-02  4.30e-02  2.24e-02  6.25e+04  2.31e+03 -1.00e+05
2016 01 14  1440   57401  52800   7.41e+00  1.55e-01  1.29e-01  8.99e-02  6.73e-02  4.03e-02  6.13e+04  2.24e+03 -1.00e+05
2016 01 14  1445   57401  53100   7.00e+00  1.72e-01  1.46e-01  1.07e-01  9.31e-02  6.12e-02  5.99e+04  2.15e+03 -1.00e+05
2016 01 14  1450   57401  53400   6.13e+00  1.30e-01  1.04e-01  6.49e-02  5.47e-02  3.41e-02  5.99e+04  2.06e+03 -1.00e+05
2016 01 14  1455   57401  53700   6.59e+00  1.84e-01  1.58e-01  1.18e-01  8.18e-02  2.38e-02  6.09e+04  2.18e+03 -1.00e+05
2016 01 14  1500   57401  54000   7.68e+00  1.66e-01  1.39e-01  1.01e-01  9.03e-02  6.97e-02  6.26e+04  2.27e+03 -1.00e+05
2016 01 14  1505   57401  54300   7.75e+00  1.69e-01  1.42e-01  7.08e-02  6.05e-02  2.80e-02  6.26e+04  2.31e+03 -1.00e+05
2016 01 14  1510   57401  54600   6.99e+00  1.51e-01  1.25e-01  8.52e-02  5.54e-02  2.91e-02  6.26e+04  2.26e+03 -1.00e+05
2016 01 14  1515   57401  54900   7.74e+00  1.23e-01  9.70e-02  5.82e-02  4.80e-02  2.40e-02  6.39e+04  2.36e+03 -1.00e+05
2016 01 14  1520   57401  55200   7.35e+00  1.25e-01  9.87e-02  6.00e-02  4.97e-02  2.91e-02  6.33e+04  2.33e+03 -1.00e+05
2016 01 14  1525   57401  55500   7.29e+00  1.47e-01  1.21e-01  8.23e-02  7.20e-02  5.14e-02  6.36e+04  2.34e+03 -1.00e+05
2016 01 14  1530   57401  55800   9.14e+00  1.63e-01  1.37e-01  9.78e-02  7.17e-02  4.65e-02  6.62e+04  2.60e+03 -1.00e+05
2016 01 14  1535   57401  56100   8.76e+00  1.62e-01  1.35e-01  9.66e-02  8.63e-02  6.57e-02  6.53e+04  2.56e+03 -1.00e+05
2016 01 14  1540   57401  56400   9.24e+00  1.59e-01  1.33e-01  5.75e-02  4.73e-02  2.67e-02  6.58e+04  2.59e+03 -1.00e+05
2016 01 14  1545   57401  56700   8.93e+00  1.58e-01  1.32e-01  5.82e-02  4.80e-02  2.40e-02  6.63e+04  2.59e+03 -1.00e+05
2016 01 14  1550   57401  57000   9.16e+00  1.58e-01  1.32e-01  9.19e-02  5.56e-02  2.40e-02  6.79e+04  2.70e+03 -1.00e+05
2016 01 14  1555   57401  57300   1.60e+01  2.22e-01  1.02e-01  6.07e-02  4.47e-02  2.24e-02  6.79e+04  2.80e+03 -1.00e+05
2016 01 14  1600   57401  57600   9.42e+00  2.39e-01  2.13e-01  5.33e-02  4.30e-02  2.24e-02  6.80e+04  2.82e+03 -1.00e+05
2016 01 14  1605   57401  57900   1.38e+01  2.16e-01  1.39e-01  8.96e-02  4.91e-02  2.24e-02  6.80e+04  2.84e+03 -1.00e+05
2016 01 14  1610   57401  58200   1.24e+01  2.00e-01  1.22e-01  7.38e-02  4.76e-02  2.24e-02  6.79e+04  2.75e+03 -1.00e+05
2016 01 14  1615   57401  58500   1.04e+01  2.41e-01  1.73e-01  1.27e-01  1.17e-01  4.62e-02  6.58e+04  2.61e+03 -1.00e+05
2016 01 14  1620   57401  58800   8.48e+00  1.74e-01  1.39e-01  9.84e-02  7.73e-02  2.38e-02  6.53e+04  2.57e+03 -1.00e+05
2016 01 14  1625   57401  59100   8.97e+00  1.97e-01  1.70e-01  1.21e-01  1.11e-01  4.41e-02  6.73e+04  2.67e+03 -1.00e+05
2016 01 14  1630   57401  59400   1.14e+01  1.79e-01  1.01e-01  5.33e-02  4.30e-02  2.24e-02  6.79e+04  2.73e+03 -1.00e+05
2016 01 14  1635   57401  59700   8.76e+00  1.18e-01  9.20e-02  5.33e-02  4.30e-02  2.24e-02  6.71e+04  2.64e+03 -1.00e+05
2016 01 14  1640   57401  60000   1.41e+01  2.42e-01  1.23e-01  8.23e-02  7.20e-02  5.14e-02  6.71e+04  2.65e+03 -1.00e+05
2016 01 14  1645   57401  60300   8.32e+00  1.26e-01  9.97e-02  6.07e-02  4.47e-02  2.24e-02  6.64e+04  2.53e+03 -1.00e+05
2016 01 14  1650   57401  60600   7.99e+00  1.26e-01  9.97e-02  6.07e-02  4.47e-02  2.24e-02  6.53e+04  2.46e+03 -1.00e+05
2016 01 14  1655   57401  60900   9.62e+00  1.81e-01  1.38e-01  9.59e-02  8.56e-02  3.61e-02  6.53e+04  2.46e+03 -1.00e+05
2016 01 14  1700   57401  61200   7.84e+00  1.61e-01  1.35e-01  9.59e-02  8.56e-02  3.61e-02  6.35e+04  2.33e+03 -1.00e+05
2016 01 14  1705   57401  61500   7.65e+00  1.61e-01  1.35e-01  9.59e-02  8.56e-02  3.61e-02  6.34e+04  2.30e+03 -1.00e+05
2016 01 14  1710   57401  61800   8.15e+00  2.09e-01  1.83e-01  1.43e-01  9.61e-02  3.61e-02  6.39e+04  2.30e+03 -1.00e+05
2016 01 14  1715   57401  62100   8.12e+00  1.50e-01  1.24e-01  8.51e-02  7.48e-02  3.89e-02  6.50e+04  2.33e+03 -1.00e+05
2016 01 14  1720   57401  62400   1.51e+01  3.86e-01  1.96e-01  8.23e-02  7.20e-02  5.14e-02  6.55e+04  2.43e+03 -1.00e+05
2016 01 14  1725   57401  62700   9.50e+00  2.00e-01  1.73e-01  9.60e-02  6.93e-02  4.40e-02  6.63e+04  2.46e+03 -1.00e+05
2016 01 14  1730   57401  63000   8.49e+00  2.40e-01  2.13e-01  1.73e-01  1.24e-01  5.46e-02  6.56e+04  2.40e+03 -1.00e+05
2016 01 14  1735   57401  63300   8.28e+00  1.35e-01  1.09e-01  6.99e-02  5.96e-02  3.90e-02  6.58e+04  2.37e+03 -1.00e+05
2016 01 14  1740   57401  63600   6.26e+00  2.03e-01  1.76e-01  9.35e-02  5.21e-02  2.24e-02  6.23e+04  2.11e+03 -1.00e+05
2016 01 14  1745   57401  63900   5.98e+00  1.18e-01  9.20e-02  5.33e-02  4.30e-02  2.24e-02  6.23e+04  2.11e+03 -1.00e+05
2016 01 14  1750   57401  64200   1.28e+01  3.48e-01  1.30e-01  8.96e-02  7.93e-02  3.41e-02  6.23e+04  2.11e+03 -1.00e+05
2016 01 14  1755   57401  64500   5.40e+00  1.26e-01  9.97e-02  6.07e-02  4.47e-02  2.24e-02  6.04e+04  2.03e+03 -1.00e+05
2016 01 14  1800   57401  64800   5.99e+00  1.84e-01  1.58e-01  1.18e-01  8.06e-02  5.21e-02  6.22e+04  2.10e+03 -1.00e+05
2016 01 14  1805   57401  65100   6.83e+00  1.58e-01  1.31e-01  9.12e-02  4.91e-02  2.24e-02  6.26e+04  2.10e+03 -1.00e+05
2016 01 14  1810   57401  65400   6.26e+00  1.61e-01  1.35e-01  9.59e-02  8.56e-02  3.61e-02  6.26e+04  2.06e+03 -1.00e+05
2016 01 14  1815   57401  65700   7.06e+00  1.61e-01  1.35e-01  5.33e-02  4.30e-02  2.24e-02  6.36e+04  2.13e+03 -1.00e+05
2016 01 14  1820   57401  66000   1.10e+01  2.45e-01  1.70e-01  8.72e-02  7.70e-02  5.64e-02  6.54e+04  2.23e+03 -1.00e+05
2016 01 14  1825   57401  66300   1.22e+01  2.54e-01  1.29e-01  7.24e-02  6.21e-02  4.15e-02  6.56e+04  2.29e+03 -1.00e+05
2016 01 14  1830   57401  66600   7.78e+00  1.48e-01  1.21e-01  8.23e-02  7.20e-02  5.14e-02  6.57e+04  2.33e+03 -1.00e+05
2016 01 14  1835   57401  66900   1.06e+01  2.10e-01  1.35e-01  8.72e-02  7.70e-02  5.64e-02  6.70e+04  2.36e+03 -1.00e+05
2016 01 14  1840   57401  67200   7.40e+00  1.23e-01  9.62e-02  5.75e-02  4.73e-02  2.67e-02  6.53e+04  2.23e+03 -1.00e+05
2016 01 14  1845   57401  67500   6.17e+00  1.18e-01  9.20e-02  5.33e-02  4.30e-02  2.24e-02  6.32e+04  2.11e+03 -1.00e+05
2016 01 14  1850   57401  67800   6.16e+00  1.18e-01  9.20e-02  5.33e-02  4.30e-02  2.24e-02  6.29e+04  2.13e+03 -1.00e+05
2016 01 14  1855   57401  68100   5.76e+00  1.55e-01  1.29e-01  5.33e-02  4.30e-02  2.24e-02  6.23e+04  2.07e+03 -1.00e+05
2016 01 14  1900   57401  68400   5.51e+00  1.18e-01  9.20e-02  5.33e-02  4.30e-02  2.24e-02  6.04e+04  2.00e+03 -1.00e+05
2016 01 14  1905   57401  68700   5.04e+00  1.28e-01  1.01e-01  6.25e-02  5.22e-02  3.16e-02  5.99e+04  1.92e+03 -1.00e+05
2016 01 14  1910   57401  69000   6.86e+00  2.16e-01  1.39e-01  9.00e-02  5.46e-02  2.67e-02  5.99e+04  1.90e+03 -1.00e+05
2016 01 14  1915   57401  69300   5.16e+00  1.79e-01  1.53e-01  1.14e-01  1.04e-01  6.34e-02  5.94e+04  1.89e+03 -1.00e+05
2016 01 14  1920   57401  69600   5.07e+00  1.45e-01  1.19e-01  7.98e-02  6.95e-02  4.89e-02  5.96e+04  1.91e+03 -1.00e+05
2016 01 14  1925   57401  69900   4.60e+00  1.55e-01  1.29e-01  5.33e-02  4.30e-02  2.24e-02  5.84e+04  1.92e+03 -1.00e+05
2016 01 14  1930   57401  70200   6.51e+00  2.65e-01  1.41e-01  8.48e-02  7.45e-02  5.39e-02  5.72e+04  1.82e+03 -1.00e+05
2016 01 14  1935   57401  70500   3.95e+00  1.40e-01  1.12e-01  7.21e-02  5.25e-02  2.91e-02  5.61e+04  1.77e+03 -1.00e+05
2016 01 14  1940   57401  70800   4.13e+00  1.36e-01  1.10e-01  7.08e-02  6.05e-02  2.80e-02  5.67e+04  1.81e+03 -1.00e+05
2016 01 14  1945   57401  71100   5.13e+00  2.00e-01  1.22e-01  7.38e-02  4.76e-02  2.24e-02  5.60e+04  1.78e+03 -1.00e+05
2016 01 14  1950   57401  71400   6.13e+00  2.57e-01  1.13e-01  7.24e-02  6.21e-02  4.15e-02  5.51e+04  1.70e+03 -1.00e+05
2016 01 14  1955   57401  71700   3.11e+00  1.40e-01  1.13e-01  7.38e-02  4.76e-02  2.24e-02  5.33e+04  1.61e+03 -1.00e+05
2016 01 14  2000   57401  72000   3.31e+00  1.36e-01  1.10e-01  7.08e-02  6.05e-02  2.80e-02  5.46e+04  1.64e+03 -1.00e+05
2016 01 14  2005   57401  72300   3.39e+00  2.40e-01  2.14e-01  1.74e-01  1.32e-01  4.82e-02  5.43e+04  1.63e+03 -1.00e+05
2016 01 14  2010   57401  72600   3.23e+00  1.89e-01  1.63e-01  8.04e-02  4.91e-02  2.24e-02  5.43e+04  1.62e+03 -1.00e+05
2016 01 14  2015   57401  72900   3.51e+00  1.66e-01  1.39e-01  1.00e-01  8.18e-02  5.89e-02  5.49e+04  1.62e+03 -1.00e+05
2016 01 14  2020   57401  73200   3.31e+00  1.18e-01  9.20e-02  5.33e-02  4.30e-02  2.24e-02  5.55e+04  1.67e+03 -1.00e+05
2016 01 14  2025   57401  73500   5.58e+00  2.93e-01  1.67e-01  6.73e-02  4.62e-02  2.24e-02  5.65e+04  1.74e+03 -1.00e+05
2016 01 14  2030   57401  73800   3.35e+00  1.61e-01  1.35e-01  5.33e-02  4.30e-02  2.24e-02  5.67e+04  1.75e+03 -1.00e+05
2016 01 14  2035   57401  74100   5.27e+00  3.08e-01  1.85e-01  7.25e-02  6.22e-02  4.16e-02  5.53e+04  1.65e+03 -1.00e+05
2016 01 14  2040   57401  74400   4.12e+00  2.99e-01  2.22e-01  5.33e-02  4.30e-02  2.24e-02  5.42e+04  1.60e+03 -1.00e+05
2016 01 14  2045   57401  74700   2.38e+00  1.40e-01  1.13e-01  7.38e-02  4.76e-02  2.24e-02  5.21e+04  1.47e+03 -1.00e+05
2016 01 14  2050   57401  75000   2.63e+00  1.42e-01  1.16e-01  7.71e-02  6.68e-02  3.00e-02  5.19e+04  1.43e+03 -1.00e+05
2016 01 14  2055   57401  75300   2.44e+00  1.18e-01  9.20e-02  5.33e-02  4.30e-02  2.24e-02  5.19e+04  1.41e+03 -1.00e+05
2016 01 14  2100   57401  75600   2.12e+00  1.55e-01  1.29e-01  5.33e-02  4.30e-02  2.24e-02  5.19e+04  1.39e+03 -1.00e+05
2016 01 14  2105   57401  75900   2.09e+00  1.26e-01  9.97e-02  6.07e-02  4.47e-02  2.24e-02  5.05e+04  1.33e+03 -1.00e+05
2016 01 14  2110   57401  76200   3.16e+00  2.73e-01  1.47e-01  5.33e-02  4.30e-02  2.24e-02  4.96e+04  1.34e+03 -1.00e+05
2016 01 14  2115   57401  76500   1.89e+00  1.50e-01  1.23e-01  8.46e-02  7.43e-02  3.70e-02  4.82e+04  1.23e+03 -1.00e+05
2016 01 14  2120   57401  76800   2.09e+00  1.35e-01  1.09e-01  6.99e-02  5.96e-02  3.90e-02  4.81e+04  1.24e+03 -1.00e+05
2016 01 14  2125   57401  77100   2.11e+00  1.21e-01  9.24e-02  5.33e-02  4.30e-02  2.24e-02  4.83e+04  1.26e+03 -1.00e+05
2016 01 14  2130   57401  77400   2.42e+00  1.66e-01  1.38e-01  6.25e-02  5.22e-02  3.16e-02  4.95e+04  1.29e+03 -1.00e+05
2016 01 14  2135   57401  77700   2.41e+00  1.81e-01  1.54e-01  6.74e-02  5.72e-02  3.66e-02  4.98e+04  1.30e+03 -1.00e+05
2016 01 14  2140   57401  78000   3.82e+00  3.15e-01  1.28e-01  8.72e-02  7.70e-02  5.64e-02  4.58e+04  1.12e+03 -1.00e+05
2016 01 14  2145   57401  78300   1.90e+00  3.01e-01  2.62e-01  1.02e-01  9.19e-02  3.81e-02  3.92e+04  8.51e+02 -1.00e+05
2016 01 14  2150   57401  78600   1.69e+00  2.39e-01  2.13e-01  5.33e-02  4.30e-02  2.24e-02  3.90e+04  8.57e+02 -1.00e+05
2016 01 14  2155   57401  78900   1.80e+00  1.21e-01  9.24e-02  5.33e-02  4.30e-02  2.24e-02  4.11e+04  9.51e+02 -1.00e+05
2016 01 14  2200   57401  79200   1.45e+00  1.88e-01  1.62e-01  1.23e-01  9.65e-02  3.81e-02  3.81e+04  8.33e+02 -1.00e+05
2016 01 14  2205   57401  79500   1.81e+00  1.18e-01  9.20e-02  5.33e-02  4.30e-02  2.24e-02  3.89e+04  8.52e+02 -1.00e+05
2016 01 14  2210   57401  79800   1.93e+00  2.31e-01  2.04e-01  6.73e-02  4.62e-02  2.24e-02  4.21e+04  9.53e+02 -1.00e+05
2016 01 14  2215   57401  80100   2.16e+00  1.54e-01  1.28e-01  8.80e-02  4.91e-02  2.24e-02  4.43e+04  1.08e+03 -1.00e+05
2016 01 14  2220   57401  80400   2.39e+00  1.74e-01  1.47e-01  1.08e-01  9.81e-02  4.01e-02  4.44e+04  1.10e+03 -1.00e+05
2016 01 14  2225   57401  80700   2.35e+00  1.18e-01  9.20e-02  5.33e-02  4.30e-02  2.24e-02  4.58e+04  1.21e+03 -1.00e+05
2016 01 14  2230   57401  81000   3.30e+00  1.18e-01  9.20e-02  5.33e-02  4.30e-02  2.24e-02  5.09e+04  1.43e+03 -1.00e+05
2016 01 14  2235   57401  81300   3.40e+00  1.88e-01  1.61e-01  8.72e-02  7.70e-02  5.64e-02  5.20e+04  1.55e+03 -1.00e+05
2016 01 14  2240   57401  81600   3.41e+00  1.19e-01  9.29e-02  5.42e-02  4.32e-02  2.24e-02  5.26e+04  1.56e+03 -1.00e+05
2016 01 14  2245   57401  81900   5.06e+00  2.81e-01  1.38e-01  9.71e-02  8.69e-02  6.63e-02  5.39e+04  1.52e+03 -1.00e+05
2016 01 14  2250   57401  82200   3.69e+00  1.75e-01  1.49e-01  6.25e-02  5.22e-02  3.16e-02  4.90e+04  1.56e+03 -1.00e+05
2016 01 14  2255   57401  82500   5.34e+00  1.83e-01  1.05e-01  5.75e-02  4.73e-02  2.67e-02  5.61e+04  1.70e+03 -1.00e+05
2016 01 14  2300   57401  82800   3.67e+00  1.77e-01  1.51e-01  1.11e-01  7.77e-02  5.04e-02  4.84e+04  1.48e+03 -1.00e+05
2016 01 14  2305   57401  83100   3.69e+00  1.40e-01  1.14e-01  7.49e-02  6.46e-02  4.40e-02  4.93e+04  1.51e+03 -1.00e+05
2016 01 14  2310   57401  83400   3.87e+00  1.40e-01  1.13e-01  7.38e-02  4.76e-02  2.24e-02  4.93e+04  1.52e+03 -1.00e+05
2016 01 14  2315   57401  83700   3.80e+00  1.62e-01  1.35e-01  9.62e-02  8.22e-02  4.09e-02  4.93e+04  1.51e+03 -1.00e+05
2016 01 14  2320   57401  84000   3.70e+00  2.21e-01  1.94e-01  1.55e-01  1.18e-01  4.41e-02  4.75e+04  1.44e+03 -1.00e+05
2016 01 14  2325   57401  84300   3.41e+00  1.82e-01  1.56e-01  6.07e-02  4.47e-02  2.24e-02  4.75e+04  1.42e+03 -1.00e+05
2016 01 14  2330   57401  84600   3.35e+00  2.67e-01  2.41e-01  8.04e-02  4.91e-02  2.24e-02  4.43e+04  1.32e+03 -1.00e+05
2016 01 14  2335   57401  84900   3.14e+00  1.41e-01  1.13e-01  7.39e-02  5.48e-02  3.16e-02  4.40e+04  1.27e+03 -1.00e+05
2016 01 14  2340   57401  85200   3.06e+00  1.18e-01  9.20e-02  5.33e-02  4.30e-02  2.24e-02  4.40e+04  1.27e+03 -1.00e+05
2016 01 14  2345   57401  85500   3.03e+00  1.47e-01  1.21e-01  8.23e-02  7.20e-02  5.14e-02  4.40e+04  1.29e+03 -1.00e+05
2016 01 14  2350   57401  85800   2.92e+00  1.58e-01  1.32e-01  5.82e-02  4.80e-02  2.40e-02  4.39e+04  1.24e+03 -1.00e+05
2016 01 14  2355   57401  86100   2.78e+00  1.70e-01  1.43e-01  1.05e-01  9.43e-02  7.37e-02  4.19e+04  1.19e+03 -1.00e+05
