:Data_list: 20160427_Gs_part_5m.txt
:Created: 2016 Apr 28 0011 UTC
# Prepared by the U.S. Dept. of Commerce, NOAA, Space Weather Prediction Center
# Please send comments and suggestions to SWPC.Webmaster@noaa.gov 
# 
# Label: P > 1 = Particles at >1 Mev
# Label: P > 5 = Particles at >5 Mev
# Label: P >10 = Particles at >10 Mev
# Label: P >30 = Particles at >30 Mev
# Label: P >50 = Particles at >50 Mev
# Label: P>100 = Particles at >100 Mev
# Label: E>0.8 = Electrons at >0.8 Mev
# Label: E>2.0 = Electrons at >2.0 Mev
# Label: E>4.0 = Electrons at >4.0 Mev
# Units: Particles = Protons/cm2-s-sr
# Units: Electrons = Electrons/cm2-s-sr
# Source: GOES-15
# Location: W135
# Missing data: -1.00e+05
#
#                      5-minute  GOES-15 Solar Particle and Electron Flux
#
#                 Modified Seconds
# UTC Date  Time   Julian  of the
# YR MO DA  HHMM    Day     Day     P > 1     P > 5     P >10     P >30     P >50     P>100     E>0.8     E>2.0     E>4.0
#-------------------------------------------------------------------------------------------------------------------------
2016 04 27  0000   57505      0   1.56e+01  2.43e-01  2.13e-01  6.71e-02  4.69e-02  2.20e-02  2.79e+04  3.46e+02 -1.00e+05
2016 04 27  0005   57505    300   1.45e+01  1.98e-01  1.68e-01  1.18e-01  1.09e-01  7.24e-02  2.73e+04  3.33e+02 -1.00e+05
2016 04 27  0010   57505    600   1.93e+01  3.01e-01  2.17e-01  1.56e-01  1.11e-01  4.01e-02  2.73e+04  3.28e+02 -1.00e+05
2016 04 27  0015   57505    900   2.67e+01  3.52e-01  1.77e-01  1.23e-01  7.51e-02  3.47e-02  2.62e+04  3.07e+02 -1.00e+05
2016 04 27  0020   57505   1200   1.47e+01  1.71e-01  1.41e-01  8.96e-02  4.88e-02  2.15e-02  2.60e+04  3.04e+02 -1.00e+05
2016 04 27  0025   57505   1500   1.35e+01  1.72e-01  1.42e-01  9.18e-02  7.70e-02  3.32e-02  2.67e+04  3.12e+02 -1.00e+05
2016 04 27  0030   57505   1800   1.87e+01  2.07e-01  1.27e-01  6.83e-02  5.88e-02  3.80e-02  2.60e+04  3.01e+02 -1.00e+05
2016 04 27  0035   57505   2100   1.35e+01  1.69e-01  1.39e-01  8.79e-02  4.88e-02  2.15e-02  2.57e+04  2.92e+02 -1.00e+05
2016 04 27  0040   57505   2400   1.37e+01  1.60e-01  1.29e-01  5.33e-02  4.38e-02  2.20e-02  2.46e+04  2.75e+02 -1.00e+05
2016 04 27  0045   57505   2700   2.04e+01  2.51e-01  1.21e-01  5.34e-02  4.39e-02  2.31e-02  2.50e+04  2.87e+02 -1.00e+05
2016 04 27  0050   57505   3000   1.37e+01  1.32e-01  1.01e-01  5.18e-02  4.23e-02  2.15e-02  2.51e+04  2.86e+02 -1.00e+05
2016 04 27  0055   57505   3300   1.34e+01  2.13e-01  1.83e-01  9.06e-02  8.11e-02  6.03e-02  2.38e+04  2.52e+02 -1.00e+05
2016 04 27  0100   57505   3600   1.36e+01  1.55e-01  1.24e-01  7.45e-02  6.40e-02  4.29e-02  2.34e+04  2.40e+02 -1.00e+05
2016 04 27  0105   57505   3900   1.25e+01  1.63e-01  1.32e-01  8.25e-02  7.30e-02  4.59e-02  2.33e+04  2.32e+02 -1.00e+05
2016 04 27  0110   57505   4200   1.39e+01  1.91e-01  1.61e-01  1.11e-01  9.56e-02  3.81e-02  2.22e+04  2.27e+02 -1.00e+05
2016 04 27  0115   57505   4500   2.48e+01  3.75e-01  1.73e-01  8.68e-02  5.13e-02  2.20e-02  2.22e+04  2.09e+02 -1.00e+05
2016 04 27  0120   57505   4800   1.40e+01  2.15e-01  1.84e-01  1.35e-01  1.25e-01  4.81e-02  2.20e+04  1.99e+02 -1.00e+05
2016 04 27  0125   57505   5100   1.41e+01  1.75e-01  1.45e-01  5.18e-02  4.23e-02  2.15e-02  2.20e+04  2.05e+02 -1.00e+05
2016 04 27  0130   57505   5400   1.93e+01  1.92e-01  1.11e-01  5.18e-02  4.23e-02  2.15e-02  2.21e+04  2.07e+02 -1.00e+05
2016 04 27  0135   57505   5700   1.44e+01  2.44e-01  2.14e-01  6.80e-02  5.85e-02  3.45e-02  2.20e+04  1.99e+02 -1.00e+05
2016 04 27  0140   57505   6000   2.66e+01  2.99e-01  1.19e-01  6.58e-02  5.63e-02  3.55e-02  2.20e+04  2.07e+02 -1.00e+05
2016 04 27  0145   57505   6300   1.39e+01  1.63e-01  1.33e-01  8.29e-02  6.78e-02  4.54e-02  2.20e+04  1.97e+02 -1.00e+05
2016 04 27  0150   57505   6600   1.29e+01  1.46e-01  1.15e-01  6.59e-02  5.64e-02  2.60e-02  2.18e+04  1.93e+02 -1.00e+05
2016 04 27  0155   57505   6900   1.34e+01  1.52e-01  1.21e-01  7.08e-02  6.12e-02  4.04e-02  2.09e+04  1.86e+02 -1.00e+05
2016 04 27  0200   57505   7200   1.47e+01  2.08e-01  1.78e-01  9.83e-02  5.28e-02  2.15e-02  2.09e+04  1.72e+02 -1.00e+05
2016 04 27  0205   57505   7500   2.61e+01  3.85e-01  1.38e-01  8.48e-02  7.53e-02  2.19e-02  2.12e+04  1.62e+02 -1.00e+05
2016 04 27  0210   57505   7800   1.29e+01  1.80e-01  1.49e-01  9.89e-02  6.76e-02  4.04e-02  1.96e+04  1.49e+02 -1.00e+05
2016 04 27  0215   57505   8100   1.34e+01  1.95e-01  1.64e-01  8.52e-02  4.98e-02  2.15e-02  2.03e+04  1.54e+02 -1.00e+05
2016 04 27  0220   57505   8400   2.11e+01  2.42e-01  1.12e-01  5.84e-02  4.89e-02  2.81e-02  2.02e+04  1.46e+02 -1.00e+05
2016 04 27  0225   57505   8700   2.35e+01  3.01e-01  1.21e-01  6.74e-02  5.47e-02  3.30e-02  1.97e+04  1.45e+02 -1.00e+05
2016 04 27  0230   57505   9000   1.65e+01  2.21e-01  1.42e-01  8.31e-02  7.36e-02  5.28e-02  1.99e+04  1.50e+02 -1.00e+05
2016 04 27  0235   57505   9300   1.16e+01  2.48e-01  2.18e-01  1.29e-01  8.92e-02  2.40e-02  1.98e+04  1.44e+02 -1.00e+05
2016 04 27  0240   57505   9600   1.60e+01  3.20e-01  1.96e-01  1.42e-01  1.22e-01  4.61e-02  1.96e+04  1.47e+02 -1.00e+05
2016 04 27  0245   57505   9900   1.34e+01  3.10e-01  1.78e-01  1.10e-01  1.00e-01  4.01e-02  1.95e+04  1.41e+02 -1.00e+05
2016 04 27  0250   57505  10200   9.65e+00  1.66e-01  1.36e-01  8.52e-02  4.98e-02  2.15e-02  1.98e+04  1.51e+02 -1.00e+05
2016 04 27  0255   57505  10500   1.40e+01  2.70e-01  1.40e-01  8.52e-02  4.98e-02  2.15e-02  1.98e+04  1.43e+02 -1.00e+05
2016 04 27  0300   57505  10800   7.80e+00  1.48e-01  1.18e-01  6.83e-02  5.88e-02  3.80e-02  1.78e+04  1.24e+02 -1.00e+05
2016 04 27  0305   57505  11100   1.40e+01  2.89e-01  1.34e-01  8.10e-02  6.76e-02  4.53e-02  1.87e+04  1.16e+02 -1.00e+05
2016 04 27  0310   57505  11400   1.38e+01  3.72e-01  1.04e-01  5.19e-02  4.26e-02  2.15e-02  1.77e+04  1.12e+02 -1.00e+05
2016 04 27  0315   57505  11700   9.33e+00  3.65e-01  2.84e-01  1.17e-01  7.18e-02  4.03e-02  1.72e+04  1.11e+02 -1.00e+05
2016 04 27  0320   57505  12000   5.94e+00  1.64e-01  1.34e-01  5.19e-02  4.26e-02  2.15e-02  1.73e+04  1.14e+02 -1.00e+05
2016 04 27  0325   57505  12300   5.43e+00  3.01e-01  2.71e-01  8.21e-02  7.29e-02  3.13e-02  1.68e+04  1.10e+02 -1.00e+05
2016 04 27  0330   57505  12600   6.86e+00  1.93e-01  1.10e-01  5.19e-02  4.26e-02  2.15e-02  1.63e+04  1.08e+02 -1.00e+05
2016 04 27  0335   57505  12900   4.46e+00  1.55e-01  1.25e-01  7.58e-02  6.66e-02  2.92e-02  1.57e+04  9.35e+01 -1.00e+05
2016 04 27  0340   57505  13200   4.31e+00  1.66e-01  1.35e-01  8.55e-02  7.63e-02  5.52e-02  1.56e+04  9.35e+01 -1.00e+05
2016 04 27  0345   57505  13500   5.72e+00  3.96e-01  2.65e-01  9.01e-02  5.12e-02  2.15e-02  1.53e+04  9.54e+01 -1.00e+05
2016 04 27  0350   57505  13800   3.01e+00  1.31e-01  1.01e-01  5.19e-02  4.26e-02  2.15e-02  1.46e+04  9.20e+01 -1.00e+05
2016 04 27  0355   57505  14100   3.36e+00  2.07e-01  1.77e-01  1.26e-01  7.30e-02  2.72e-02  1.36e+04  7.62e+01 -1.00e+05
2016 04 27  0400   57505  14400   2.80e+00  1.50e-01  1.20e-01  7.04e-02  4.68e-02  2.15e-02  1.33e+04  7.21e+01 -1.00e+05
2016 04 27  0405   57505  14700   2.34e+00  1.49e-01  1.18e-01  6.96e-02  6.03e-02  2.72e-02  1.30e+04  6.98e+01 -1.00e+05
2016 04 27  0410   57505  15000   2.75e+00  2.12e-01  1.31e-01  7.31e-02  6.39e-02  4.28e-02  1.24e+04  6.36e+01 -1.00e+05
2016 04 27  0415   57505  15300   3.61e+00  3.75e-01  1.80e-01  6.82e-02  5.89e-02  3.79e-02  1.13e+04  5.51e+01 -1.00e+05
2016 04 27  0420   57505  15600   2.18e+00  2.26e-01  1.43e-01  5.19e-02  4.26e-02  2.15e-02  1.09e+04  4.96e+01 -1.00e+05
2016 04 27  0425   57505  15900   1.52e+00  1.68e-01  1.37e-01  8.84e-02  7.91e-02  3.33e-02  1.04e+04  4.94e+01 -1.00e+05
2016 04 27  0430   57505  16200   8.53e-01  1.33e-01  1.02e-01  5.33e-02  4.41e-02  2.30e-02  9.90e+03  4.86e+01 -1.00e+05
2016 04 27  0435   57505  16500   1.03e+00  2.39e-01  2.08e-01  1.59e-01  1.50e-01  6.38e-02  7.84e+03  3.84e+01 -1.00e+05
2016 04 27  0440   57505  16800   7.88e-01  1.35e-01  1.01e-01  5.19e-02  4.26e-02  2.15e-02  6.97e+03  3.89e+01 -1.00e+05
2016 04 27  0445   57505  17100   1.08e+00  2.15e-01  1.81e-01  6.39e-02  4.53e-02  2.15e-02  7.28e+03  3.46e+01 -1.00e+05
2016 04 27  0450   57505  17400   1.35e+00  3.37e-01  2.55e-01  8.46e-02  5.11e-02  2.30e-02  6.74e+03  3.00e+01 -1.00e+05
2016 04 27  0455   57505  17700   8.23e-01  1.48e-01  1.15e-01  6.57e-02  5.65e-02  3.54e-02  5.67e+03  2.62e+01 -1.00e+05
2016 04 27  0500   57505  18000   9.18e-01  1.37e-01  1.06e-01  5.73e-02  4.39e-02  2.15e-02  6.26e+03  2.74e+01 -1.00e+05
2016 04 27  0505   57505  18300   9.53e-01  2.03e-01  1.73e-01  1.23e-01  9.44e-02  6.76e-02  6.42e+03  2.51e+01 -1.00e+05
2016 04 27  0510   57505  18600   1.17e+00  3.15e-01  2.85e-01  2.34e-01  1.53e-01  4.74e-02  7.20e+03  3.26e+01 -1.00e+05
2016 04 27  0515   57505  18900   1.03e+00  1.78e-01  1.48e-01  5.70e-02  4.78e-02  2.32e-02  6.59e+03  2.79e+01 -1.00e+05
2016 04 27  0520   57505  19200   9.39e-01  1.36e-01  1.06e-01  5.70e-02  4.78e-02  2.32e-02  6.34e+03  2.62e+01 -1.00e+05
2016 04 27  0525   57505  19500   1.19e+00  1.99e-01  1.17e-01  5.83e-02  4.90e-02  2.80e-02  6.75e+03  2.88e+01 -1.00e+05
2016 04 27  0530   57505  19800   7.85e-01  2.07e-01  1.77e-01  1.28e-01  1.19e-01  7.56e-02  6.81e+03  2.62e+01 -1.00e+05
2016 04 27  0535   57505  20100   1.77e+00  2.95e-01  1.16e-01  6.32e-02  5.40e-02  3.29e-02  6.90e+03  3.32e+01 -1.00e+05
2016 04 27  0540   57505  20400   1.23e+00  2.99e-01  1.44e-01  9.12e-02  7.37e-02  5.02e-02  6.36e+03  2.73e+01 -1.00e+05
2016 04 27  0545   57505  20700   6.77e-01  2.18e-01  1.88e-01  1.11e-01  7.81e-02  5.02e-02  6.25e+03  2.76e+01 -1.00e+05
2016 04 27  0550   57505  21000   1.76e+00  3.89e-01  1.23e-01  7.08e-02  6.16e-02  4.05e-02  5.99e+03  2.69e+01 -1.00e+05
2016 04 27  0555   57505  21300   7.93e-01  2.65e-01  1.83e-01  9.01e-02  5.12e-02  2.15e-02  5.70e+03  2.45e+01 -1.00e+05
2016 04 27  0600   57505  21600   5.28e-01  1.94e-01  1.64e-01  1.14e-01  7.52e-02  2.92e-02  5.20e+03  1.89e+01 -1.00e+05
2016 04 27  0605   57505  21900   5.84e-01  2.37e-01  1.58e-01  1.00e-01  9.11e-02  7.01e-02  4.93e+03  1.81e+01 -1.00e+05
2016 04 27  0610   57505  22200   5.78e-01  1.31e-01  1.01e-01  5.19e-02  4.26e-02  2.15e-02  5.09e+03  2.61e+01 -1.00e+05
2016 04 27  0615   57505  22500   9.18e-01  2.56e-01  1.25e-01  5.83e-02  4.90e-02  2.80e-02  4.48e+03  2.09e+01 -1.00e+05
2016 04 27  0620   57505  22800   5.13e-01  1.74e-01  1.40e-01  5.73e-02  4.39e-02  2.15e-02  4.52e+03  2.03e+01 -1.00e+05
2016 04 27  0625   57505  23100   6.69e-01  1.99e-01  1.17e-01  5.84e-02  4.52e-02  2.30e-02  4.45e+03  2.30e+01 -1.00e+05
2016 04 27  0630   57505  23400   1.04e+00  3.71e-01  2.41e-01  6.57e-02  5.65e-02  3.54e-02  4.59e+03  2.38e+01 -1.00e+05
2016 04 27  0635   57505  23700   6.60e-01  1.55e-01  1.24e-01  5.19e-02  4.26e-02  2.15e-02  4.35e+03  2.13e+01 -1.00e+05
2016 04 27  0640   57505  24000   8.36e-01  2.72e-01  1.90e-01  9.66e-02  5.27e-02  2.15e-02  4.13e+03  1.64e+01 -1.00e+05
2016 04 27  0645   57505  24300   8.74e-01  4.68e-01  2.60e-01  8.22e-02  5.35e-02  2.32e-02  4.04e+03  1.87e+01 -1.00e+05
2016 04 27  0650   57505  24600   8.82e-01  4.04e-01  2.73e-01  2.04e-01  1.29e-01  4.13e-02  4.23e+03  1.74e+01 -1.00e+05
2016 04 27  0655   57505  24900   1.79e-01  1.50e-01  1.20e-01  7.04e-02  4.68e-02  2.15e-02  3.98e+03  2.33e+01 -1.00e+05
2016 04 27  0700   57505  25200   7.15e-01  2.86e-01  2.52e-01  9.01e-02  5.12e-02  2.15e-02  3.64e+03  1.72e+01 -1.00e+05
2016 04 27  0705   57505  25500   3.41e-01  2.00e-01  1.69e-01  1.20e-01  9.13e-02  3.64e-02  3.94e+03  1.53e+01 -1.00e+05
2016 04 27  0710   57505  25800   4.65e-01  1.64e-01  1.33e-01  8.35e-02  4.98e-02  2.15e-02  4.06e+03  2.27e+01 -1.00e+05
2016 04 27  0715   57505  26100   4.93e-01  2.41e-01  1.98e-01  1.17e-01  1.08e-01  5.34e-02  3.78e+03  1.96e+01 -1.00e+05
2016 04 27  0720   57505  26400   3.26e-01  1.74e-01  1.44e-01  5.19e-02  4.26e-02  2.15e-02  4.04e+03  1.93e+01 -1.00e+05
2016 04 27  0725   57505  26700   3.93e-01  1.61e-01  1.31e-01  8.21e-02  7.29e-02  3.13e-02  3.92e+03  2.18e+01 -1.00e+05
2016 04 27  0730   57505  27000   5.44e-01  1.53e-01  1.23e-01  6.96e-02  6.03e-02  2.72e-02  3.92e+03  2.48e+01 -1.00e+05
2016 04 27  0735   57505  27300   6.18e-01  1.81e-01  1.48e-01  9.66e-02  5.27e-02  2.15e-02  4.04e+03  2.35e+01 -1.00e+05
2016 04 27  0740   57505  27600   5.65e-01  2.24e-01  1.94e-01  1.44e-01  1.26e-01  4.74e-02  3.93e+03  2.13e+01 -1.00e+05
2016 04 27  0745   57505  27900   5.66e-01  2.03e-01  1.73e-01  1.08e-01  6.42e-02  2.52e-02  4.17e+03  2.09e+01 -1.00e+05
2016 04 27  0750   57505  28200   4.28e-01  1.80e-01  1.49e-01  1.00e-01  8.53e-02  6.26e-02  3.37e+03  1.58e+01 -1.00e+05
2016 04 27  0755   57505  28500   4.97e-01  3.13e-01  2.83e-01  9.01e-02  4.95e-02  2.15e-02  3.76e+03  1.59e+01 -1.00e+05
2016 04 27  0800   57505  28800   4.77e-01  1.46e-01  1.13e-01  6.32e-02  5.40e-02  3.29e-02  3.69e+03  1.88e+01 -1.00e+05
2016 04 27  0805   57505  29100   4.99e-01  2.36e-01  2.04e-01  1.27e-01  8.57e-02  5.52e-02  3.74e+03  1.19e+01 -1.00e+05
2016 04 27  0810   57505  29400   4.99e-01  1.31e-01  1.01e-01  5.19e-02  4.26e-02  2.15e-02  3.67e+03  2.13e+01 -1.00e+05
2016 04 27  0815   57505  29700   4.86e-01  1.37e-01  1.06e-01  5.73e-02  4.39e-02  2.15e-02  3.79e+03  2.34e+01 -1.00e+05
2016 04 27  0820   57505  30000   2.75e+00  3.22e-01  1.66e-01  1.13e-01  1.04e-01  4.13e-02  7.23e+03  4.85e+01 -1.00e+05
2016 04 27  0825   57505  30300   1.53e+00  1.35e-01  1.01e-01  5.19e-02  4.26e-02  2.15e-02  7.62e+03  6.53e+01 -1.00e+05
2016 04 27  0830   57505  30600   2.95e+00  5.62e-01  3.13e-01  9.54e-02  8.62e-02  6.51e-02  9.40e+03  8.45e+01 -1.00e+05
2016 04 27  0835   57505  30900   2.81e+00  2.72e-01  2.39e-01  7.70e-02  4.83e-02  2.15e-02  1.20e+04  1.23e+02 -1.00e+05
2016 04 27  0840   57505  31200   3.54e+00  2.38e-01  1.10e-01  5.70e-02  4.78e-02  2.32e-02  1.11e+04  1.05e+02 -1.00e+05
2016 04 27  0845   57505  31500   3.00e+00  1.61e-01  1.27e-01  7.70e-02  4.83e-02  2.15e-02  1.05e+04  1.03e+02 -1.00e+05
2016 04 27  0850   57505  31800   2.25e+00  1.43e-01  1.13e-01  6.39e-02  4.53e-02  2.15e-02  1.03e+04  9.74e+01 -1.00e+05
2016 04 27  0855   57505  32100   3.08e+00  1.42e-01  1.12e-01  6.33e-02  5.41e-02  2.52e-02  1.02e+04  9.43e+01 -1.00e+05
2016 04 27  0900   57505  32400   2.89e+00  2.06e-01  1.76e-01  9.18e-02  4.95e-02  2.15e-02  1.12e+04  9.82e+01 -1.00e+05
2016 04 27  0905   57505  32700   4.00e+00  4.56e-01  3.83e-01  1.14e-01  6.47e-02  2.52e-02  1.20e+04  1.11e+02 -1.00e+05
2016 04 27  0910   57505  33000   2.84e+00  1.87e-01  1.53e-01  5.19e-02  4.26e-02  2.15e-02  1.22e+04  1.03e+02 -1.00e+05
2016 04 27  0915   57505  33300   4.63e+00  3.10e-01  1.64e-01  9.46e-02  8.54e-02  3.53e-02  1.22e+04  1.03e+02 -1.00e+05
2016 04 27  0920   57505  33600   3.00e+00  1.95e-01  1.41e-01  8.84e-02  7.91e-02  3.33e-02  1.11e+04  8.49e+01 -1.00e+05
2016 04 27  0925   57505  33900   2.67e+00  1.31e-01  1.01e-01  5.19e-02  4.26e-02  2.15e-02  1.09e+04  8.69e+01 -1.00e+05
2016 04 27  0930   57505  34200   3.47e+00  3.30e-01  2.47e-01  7.70e-02  4.83e-02  2.15e-02  1.12e+04  8.38e+01 -1.00e+05
2016 04 27  0935   57505  34500   2.73e+00  3.06e-01  2.76e-01  1.19e-01  7.41e-02  4.28e-02  1.10e+04  7.84e+01 -1.00e+05
2016 04 27  0940   57505  34800   4.76e+00  3.09e-01  1.53e-01  9.87e-02  5.09e-02  2.30e-02  1.11e+04  8.17e+01 -1.00e+05
2016 04 27  0945   57505  35100   3.44e+00  2.41e-01  1.62e-01  1.04e-01  9.00e-02  6.76e-02  1.12e+04  8.28e+01 -1.00e+05
2016 04 27  0950   57505  35400   2.33e+00  2.73e-01  2.42e-01  8.34e-02  5.66e-02  3.04e-02  1.08e+04  7.91e+01 -1.00e+05
2016 04 27  0955   57505  35700   3.16e+00  2.38e-01  1.56e-01  6.39e-02  4.53e-02  2.15e-02  1.04e+04  7.22e+01 -1.00e+05
2016 04 27  1000   57505  36000   2.34e+00  1.40e-01  1.09e-01  6.02e-02  4.75e-02  2.55e-02  1.04e+04  7.59e+01 -1.00e+05
2016 04 27  1005   57505  36300   3.17e+00  1.93e-01  1.10e-01  5.19e-02  4.26e-02  2.15e-02  1.03e+04  7.64e+01 -1.00e+05
2016 04 27  1010   57505  36600   2.56e+00  1.84e-01  1.53e-01  7.39e-02  5.83e-02  3.54e-02  9.18e+03  6.30e+01 -1.00e+05
2016 04 27  1015   57505  36900   3.65e+00  3.09e-01  1.55e-01  1.02e-01  8.76e-02  6.51e-02  8.83e+03  5.71e+01 -1.00e+05
2016 04 27  1020   57505  37200   2.26e+00  1.74e-01  1.44e-01  9.33e-02  4.95e-02  2.15e-02  9.05e+03  6.35e+01 -1.00e+05
2016 04 27  1025   57505  37500   2.05e+00  1.90e-01  1.60e-01  7.70e-02  4.83e-02  2.15e-02  8.73e+03  5.65e+01 -1.00e+05
2016 04 27  1030   57505  37800   2.00e+00  2.86e-01  2.55e-01  1.07e-01  9.80e-02  3.93e-02  8.64e+03  6.19e+01 -1.00e+05
2016 04 27  1035   57505  38100   3.83e+00  5.94e-01  3.83e-01  9.33e-02  4.95e-02  2.15e-02  9.13e+03  6.00e+01 -1.00e+05
2016 04 27  1040   57505  38400   2.29e+00  1.62e-01  1.32e-01  8.30e-02  7.38e-02  5.27e-02  9.31e+03  6.50e+01 -1.00e+05
2016 04 27  1045   57505  38700   2.75e+00  1.93e-01  1.10e-01  5.19e-02  4.26e-02  2.15e-02  9.04e+03  6.82e+01 -1.00e+05
2016 04 27  1050   57505  39000   2.64e+00  1.55e-01  1.25e-01  7.56e-02  6.64e-02  4.53e-02  9.63e+03  6.28e+01 -1.00e+05
2016 04 27  1055   57505  39300   2.34e+00  1.74e-01  1.44e-01  9.46e-02  8.54e-02  3.53e-02  9.89e+03  7.34e+01 -1.00e+05
2016 04 27  1100   57505  39600   2.38e+00  1.51e-01  1.21e-01  7.16e-02  6.24e-02  4.13e-02  9.91e+03  6.90e+01 -1.00e+05
2016 04 27  1105   57505  39900   2.39e+00  2.46e-01  2.16e-01  1.67e-01  1.57e-01  6.95e-02  1.02e+04  7.71e+01 -1.00e+05
2016 04 27  1110   57505  40200   2.77e+00  2.16e-01  1.34e-01  5.19e-02  4.26e-02  2.15e-02  1.04e+04  7.92e+01 -1.00e+05
2016 04 27  1115   57505  40500   2.51e+00  2.46e-01  2.13e-01  5.19e-02  4.26e-02  2.15e-02  1.04e+04  7.83e+01 -1.00e+05
2016 04 27  1120   57505  40800   2.07e+00  1.40e-01  1.10e-01  6.07e-02  5.15e-02  3.04e-02  1.04e+04  7.85e+01 -1.00e+05
2016 04 27  1125   57505  41100   3.45e+00  2.43e-01  1.62e-01  7.56e-02  6.64e-02  4.53e-02  1.06e+04  7.89e+01 -1.00e+05
2016 04 27  1130   57505  41400   2.56e+00  1.70e-01  1.40e-01  9.06e-02  6.59e-02  4.03e-02  1.07e+04  7.50e+01 -1.00e+05
2016 04 27  1135   57505  41700   4.32e+00  3.74e-01  2.43e-01  6.39e-02  4.53e-02  2.15e-02  1.07e+04  8.45e+01 -1.00e+05
2016 04 27  1140   57505  42000   2.48e+00  1.43e-01  1.13e-01  6.39e-02  4.53e-02  2.15e-02  1.07e+04  8.41e+01 -1.00e+05
2016 04 27  1145   57505  42300   2.92e+00  2.16e-01  1.34e-01  5.19e-02  4.26e-02  2.15e-02  1.04e+04  8.11e+01 -1.00e+05
2016 04 27  1150   57505  42600   2.08e+00  1.37e-01  1.07e-01  5.83e-02  4.90e-02  2.80e-02  1.04e+04  7.64e+01 -1.00e+05
2016 04 27  1155   57505  42900   1.99e+00  2.73e-01  2.42e-01  9.05e-02  8.12e-02  6.01e-02  1.04e+04  7.75e+01 -1.00e+05
2016 04 27  1200   57505  43200   2.36e+00  1.55e-01  1.25e-01  7.56e-02  6.64e-02  4.53e-02  1.04e+04  7.49e+01 -1.00e+05
2016 04 27  1205   57505  43500   2.10e+00  2.33e-01  2.03e-01  9.29e-02  7.60e-02  5.27e-02  1.05e+04  8.22e+01 -1.00e+05
2016 04 27  1210   57505  43800   2.03e+00  1.69e-01  1.39e-01  5.70e-02  4.78e-02  2.32e-02  1.07e+04  8.35e+01 -1.00e+05
2016 04 27  1215   57505  44100   2.85e+00  2.71e-01  1.59e-01  9.44e-02  7.08e-02  2.92e-02  1.04e+04  8.13e+01 -1.00e+05
2016 04 27  1220   57505  44400   2.41e+00  2.30e-01  2.00e-01  1.51e-01  1.42e-01  5.34e-02  1.09e+04  8.28e+01 -1.00e+05
2016 04 27  1225   57505  44700   3.80e+00  3.54e-01  2.58e-01  1.96e-01  1.57e-01  5.54e-02  1.10e+04  8.26e+01 -1.00e+05
2016 04 27  1230   57505  45000   2.09e+00  2.52e-01  2.18e-01  5.73e-02  4.39e-02  2.15e-02  1.04e+04  8.56e+01 -1.00e+05
2016 04 27  1235   57505  45300   1.69e+00  2.82e-01  2.52e-01  9.01e-02  4.95e-02  2.15e-02  1.04e+04  8.07e+01 -1.00e+05
2016 04 27  1240   57505  45600   2.22e+00  3.98e-01  3.68e-01  1.60e-01  1.45e-01  8.00e-02  1.04e+04  8.15e+01 -1.00e+05
2016 04 27  1245   57505  45900   2.15e+00  1.95e-01  1.65e-01  1.15e-01  9.06e-02  6.51e-02  1.08e+04  8.55e+01 -1.00e+05
2016 04 27  1250   57505  46200   3.01e+00  3.11e-01  1.75e-01  1.07e-01  9.80e-02  3.93e-02  1.11e+04  9.23e+01 -1.00e+05
2016 04 27  1255   57505  46500   2.84e+00  2.54e-01  1.73e-01  1.13e-01  6.72e-02  3.54e-02  1.18e+04  9.46e+01 -1.00e+05
2016 04 27  1300   57505  46800   2.18e+00  1.70e-01  1.40e-01  9.07e-02  8.15e-02  2.18e-02  1.18e+04  1.02e+02 -1.00e+05
2016 04 27  1305   57505  47100   2.88e+00  1.57e-01  1.27e-01  7.70e-02  4.83e-02  2.15e-02  1.22e+04  1.03e+02 -1.00e+05
2016 04 27  1310   57505  47400   4.32e+00  2.31e-01  1.51e-01  9.29e-02  8.37e-02  6.26e-02  1.17e+04  1.04e+02 -1.00e+05
2016 04 27  1315   57505  47700   2.99e+00  1.56e-01  1.25e-01  7.64e-02  6.72e-02  4.61e-02  1.17e+04  9.77e+01 -1.00e+05
2016 04 27  1320   57505  48000   3.41e+00  1.50e-01  1.18e-01  6.82e-02  5.89e-02  3.79e-02  1.19e+04  1.02e+02 -1.00e+05
2016 04 27  1325   57505  48300   3.39e+00  1.74e-01  1.44e-01  5.19e-02  4.26e-02  2.15e-02  1.27e+04  1.11e+02 -1.00e+05
2016 04 27  1330   57505  48600   8.43e+00  5.81e-01  2.40e-01  5.19e-02  4.26e-02  2.15e-02  1.32e+04  1.22e+02 -1.00e+05
2016 04 27  1335   57505  48900   3.43e+00  1.33e-01  1.02e-01  5.33e-02  4.41e-02  2.30e-02  1.36e+04  1.27e+02 -1.00e+05
2016 04 27  1340   57505  49200   4.03e+00  1.47e-01  1.17e-01  6.82e-02  5.89e-02  3.79e-02  1.37e+04  1.29e+02 -1.00e+05
2016 04 27  1345   57505  49500   3.68e+00  1.89e-01  1.59e-01  1.10e-01  1.01e-01  7.32e-02  1.43e+04  1.26e+02 -1.00e+05
2016 04 27  1350   57505  49800   7.91e+00  5.73e-01  2.24e-01  6.07e-02  5.15e-02  3.04e-02  1.45e+04  1.30e+02 -1.00e+05
2016 04 27  1355   57505  50100   3.92e+00  1.52e-01  1.21e-01  7.24e-02  6.32e-02  4.21e-02  1.49e+04  1.38e+02 -1.00e+05
2016 04 27  1400   57505  50400   4.06e+00  2.37e-01  2.06e-01  1.57e-01  1.48e-01  5.54e-02  1.50e+04  1.52e+02 -1.00e+05
2016 04 27  1405   57505  50700   3.89e+00  1.59e-01  1.27e-01  7.81e-02  6.88e-02  4.78e-02  1.54e+04  1.47e+02 -1.00e+05
2016 04 27  1410   57505  51000   3.79e+00  1.36e-01  1.06e-01  5.70e-02  4.78e-02  2.32e-02  1.55e+04  1.51e+02 -1.00e+05
2016 04 27  1415   57505  51300   4.85e+00  3.21e-01  2.40e-01  7.56e-02  6.64e-02  4.53e-02  1.57e+04  1.59e+02 -1.00e+05
2016 04 27  1420   57505  51600   3.57e+00  1.41e-01  1.08e-01  5.83e-02  4.90e-02  2.80e-02  1.61e+04  1.70e+02 -1.00e+05
2016 04 27  1425   57505  51900   3.43e+00  1.64e-01  1.34e-01  5.19e-02  4.26e-02  2.15e-02  1.61e+04  1.65e+02 -1.00e+05
2016 04 27  1430   57505  52200   4.83e+00  4.52e-01  3.21e-01  9.01e-02  4.95e-02  2.15e-02  1.62e+04  1.70e+02 -1.00e+05
2016 04 27  1435   57505  52500   4.01e+00  2.63e-01  1.83e-01  1.25e-01  8.89e-02  6.01e-02  1.63e+04  1.74e+02 -1.00e+05
2016 04 27  1440   57505  52800   3.87e+00  2.76e-01  1.45e-01  7.70e-02  4.83e-02  2.15e-02  1.63e+04  1.75e+02 -1.00e+05
2016 04 27  1445   57505  53100   5.21e+00  4.07e-01  2.00e-01  1.48e-01  1.39e-01  8.53e-02  1.67e+04  1.77e+02 -1.00e+05
2016 04 27  1450   57505  53400   3.00e+00  3.13e-01  2.83e-01  6.33e-02  5.41e-02  2.52e-02  1.63e+04  1.82e+02 -1.00e+05
2016 04 27  1455   57505  53700   2.93e+00  2.28e-01  1.98e-01  1.48e-01  1.35e-01  6.69e-02  1.67e+04  1.87e+02 -1.00e+05
2016 04 27  1500   57505  54000   1.52e+01  2.40e-01  1.61e-01  1.03e-01  9.36e-02  7.25e-02  1.78e+04  1.94e+02 -1.00e+05
2016 04 27  1505   57505  54300   1.49e+01  1.55e-01  1.25e-01  7.56e-02  6.64e-02  4.53e-02  1.77e+04  1.98e+02 -1.00e+05
2016 04 27  1510   57505  54600   2.15e+01  3.14e-01  2.83e-01  9.41e-02  7.56e-02  3.13e-02  1.70e+04  2.01e+02 -1.00e+05
2016 04 27  1515   57505  54900   3.11e+01  1.61e-01  1.31e-01  8.21e-02  7.29e-02  3.13e-02  2.08e+04  2.32e+02 -1.00e+05
2016 04 27  1520   57505  55200   2.91e+01  1.81e-01  1.51e-01  9.97e-02  4.94e-02  2.15e-02  2.16e+04  2.30e+02 -1.00e+05
2016 04 27  1525   57505  55500   5.11e+01  3.94e-01  2.63e-01  8.35e-02  4.98e-02  2.15e-02  2.20e+04  2.63e+02 -1.00e+05
2016 04 27  1530   57505  55800   5.62e+01  2.94e-01  2.63e-01  1.54e-01  9.68e-02  3.80e-02  2.71e+04  3.20e+02 -1.00e+05
2016 04 27  1535   57505  56100   8.56e+01  2.93e-01  1.63e-01  6.57e-02  5.65e-02  3.54e-02  2.91e+04  3.42e+02 -1.00e+05
2016 04 27  1540   57505  56400   1.17e+02  4.36e-01  2.26e-01  1.38e-01  1.06e-01  4.41e-02  3.02e+04  3.90e+02 -1.00e+05
2016 04 27  1545   57505  56700   4.63e+01  1.78e-01  1.47e-01  7.56e-02  6.64e-02  4.53e-02  3.04e+04  3.90e+02 -1.00e+05
2016 04 27  1550   57505  57000   6.53e+01  3.04e-01  2.21e-01  5.19e-02  4.26e-02  2.15e-02  3.07e+04  3.90e+02 -1.00e+05
2016 04 27  1555   57505  57300   8.52e+01  2.89e-01  1.34e-01  8.04e-02  5.98e-02  3.54e-02  3.16e+04  4.21e+02 -1.00e+05
2016 04 27  1600   57505  57600   4.86e+01  2.08e-01  1.77e-01  1.05e-01  9.23e-02  7.01e-02  3.23e+04  4.27e+02 -1.00e+05
2016 04 27  1605   57505  57900   4.19e+01  1.56e-01  1.26e-01  5.33e-02  4.41e-02  2.30e-02  3.18e+04  4.55e+02 -1.00e+05
2016 04 27  1610   57505  58200   8.29e+01  3.27e-01  1.23e-01  7.04e-02  4.68e-02  2.15e-02  3.21e+04  4.51e+02 -1.00e+05
2016 04 27  1615   57505  58500   4.39e+01  2.46e-01  2.16e-01  1.67e-01  1.58e-01  7.13e-02  3.33e+04  4.93e+02 -1.00e+05
2016 04 27  1620   57505  58800   4.15e+01  1.55e-01  1.24e-01  5.19e-02  4.26e-02  2.15e-02  3.31e+04  4.90e+02 -1.00e+05
2016 04 27  1625   57505  59100   5.25e+01  2.01e-01  1.19e-01  6.07e-02  5.15e-02  3.04e-02  3.04e+04  4.40e+02 -1.00e+05
2016 04 27  1630   57505  59400   3.83e+01  3.23e-01  2.93e-01  1.19e-01  9.16e-02  3.82e-02  3.11e+04  4.42e+02 -1.00e+05
2016 04 27  1635   57505  59700   7.53e+01  3.12e-01  1.88e-01  1.34e-01  8.04e-02  3.95e-02  3.34e+04  4.95e+02 -1.00e+05
2016 04 27  1640   57505  60000   7.19e+01  3.43e-01  2.24e-01  1.70e-01  1.36e-01  4.94e-02  3.40e+04  5.35e+02 -1.00e+05
2016 04 27  1645   57505  60300   4.73e+01  1.71e-01  1.41e-01  6.07e-02  5.15e-02  3.04e-02  3.40e+04  5.29e+02 -1.00e+05
2016 04 27  1650   57505  60600   8.37e+01  3.89e-01  1.57e-01  6.82e-02  5.89e-02  3.79e-02  3.37e+04  5.29e+02 -1.00e+05
2016 04 27  1655   57505  60900   4.77e+01  1.69e-01  1.39e-01  9.02e-02  8.10e-02  5.99e-02  3.38e+04  5.31e+02 -1.00e+05
2016 04 27  1700   57505  61200   4.76e+01  1.55e-01  1.24e-01  5.19e-02  4.26e-02  2.15e-02  3.45e+04  5.40e+02 -1.00e+05
2016 04 27  1705   57505  61500   4.93e+01  1.40e-01  1.10e-01  6.07e-02  5.15e-02  3.04e-02  3.37e+04  5.37e+02 -1.00e+05
2016 04 27  1710   57505  61800   5.99e+01  1.93e-01  1.10e-01  5.19e-02  4.26e-02  2.15e-02  3.39e+04  5.22e+02 -1.00e+05
2016 04 27  1715   57505  62100   4.71e+01  1.31e-01  1.01e-01  5.19e-02  4.26e-02  2.15e-02  3.34e+04  5.13e+02 -1.00e+05
2016 04 27  1720   57505  62400   4.32e+01  1.55e-01  1.25e-01  7.56e-02  6.64e-02  4.53e-02  3.29e+04  5.22e+02 -1.00e+05
2016 04 27  1725   57505  62700   4.89e+01  2.34e-01  2.03e-01  8.04e-02  5.98e-02  3.54e-02  3.47e+04  5.58e+02 -1.00e+05
2016 04 27  1730   57505  63000   7.33e+01  2.47e-01  1.17e-01  6.39e-02  4.53e-02  2.15e-02  3.41e+04  5.49e+02 -1.00e+05
2016 04 27  1735   57505  63300   4.71e+01  1.50e-01  1.20e-01  7.08e-02  6.16e-02  4.05e-02  3.39e+04  5.52e+02 -1.00e+05
2016 04 27  1740   57505  63600   4.21e+01  1.43e-01  1.13e-01  6.39e-02  4.53e-02  2.15e-02  3.40e+04  5.51e+02 -1.00e+05
2016 04 27  1745   57505  63900   5.85e+01  2.19e-01  1.39e-01  8.05e-02  7.13e-02  5.02e-02  3.39e+04  5.47e+02 -1.00e+05
2016 04 27  1750   57505  64200   7.02e+01  2.41e-01  1.10e-01  5.73e-02  4.39e-02  2.15e-02  3.40e+04  5.40e+02 -1.00e+05
2016 04 27  1755   57505  64500   7.30e+01  2.48e-01  1.18e-01  6.49e-02  4.67e-02  2.30e-02  3.39e+04  5.39e+02 -1.00e+05
2016 04 27  1800   57505  64800   4.54e+01  1.58e-01  1.28e-01  7.90e-02  6.98e-02  4.87e-02  3.40e+04  5.54e+02 -1.00e+05
2016 04 27  1805   57505  65100   9.36e+01  3.31e-01  1.55e-01  1.03e-01  9.37e-02  6.75e-02  3.44e+04  5.76e+02 -1.00e+05
2016 04 27  1810   57505  65400   9.73e+01  2.90e-01  1.58e-01  9.01e-02  5.12e-02  2.15e-02  3.72e+04  6.92e+02 -1.00e+05
2016 04 27  1815   57505  65700   1.15e+02  3.30e-01  1.04e-01  5.19e-02  4.26e-02  2.15e-02  3.56e+04  6.16e+02 -1.00e+05
2016 04 27  1820   57505  66000   6.77e+01  1.93e-01  1.10e-01  5.19e-02  4.26e-02  2.15e-02  3.66e+04  6.33e+02 -1.00e+05
2016 04 27  1825   57505  66300   6.73e+01  2.12e-01  1.31e-01  7.31e-02  6.39e-02  4.28e-02  3.65e+04  6.52e+02 -1.00e+05
2016 04 27  1830   57505  66600   5.12e+01  1.43e-01  1.13e-01  6.39e-02  4.53e-02  2.15e-02  3.56e+04  6.40e+02 -1.00e+05
2016 04 27  1835   57505  66900   4.80e+01  1.67e-01  1.37e-01  8.80e-02  7.88e-02  5.77e-02  3.69e+04  6.44e+02 -1.00e+05
2016 04 27  1840   57505  67200   8.28e+01  2.35e-01  1.05e-01  5.19e-02  4.26e-02  2.15e-02  3.69e+04  6.59e+02 -1.00e+05
2016 04 27  1845   57505  67500   4.86e+01  1.58e-01  1.25e-01  7.57e-02  6.06e-02  3.79e-02  3.61e+04  6.80e+02 -1.00e+05
2016 04 27  1850   57505  67800   8.24e+01  3.26e-01  1.52e-01  9.88e-02  7.98e-02  4.70e-02  3.72e+04  6.90e+02 -1.00e+05
2016 04 27  1855   57505  68100   4.20e+01  3.11e-01  2.81e-01  1.59e-01  1.50e-01  8.38e-02  3.58e+04  6.69e+02 -1.00e+05
2016 04 27  1900   57505  68400   5.17e+01  2.21e-01  1.41e-01  8.30e-02  7.38e-02  5.27e-02  3.56e+04  6.47e+02 -1.00e+05
2016 04 27  1905   57505  68700   3.53e+01  1.57e-01  1.25e-01  7.56e-02  6.64e-02  4.53e-02  3.56e+04  6.26e+02 -1.00e+05
2016 04 27  1910   57505  69000   3.78e+01  1.31e-01  1.01e-01  5.19e-02  4.26e-02  2.15e-02  3.56e+04  6.45e+02 -1.00e+05
2016 04 27  1915   57505  69300   3.88e+01  3.51e-01  3.21e-01  1.21e-01  7.67e-02  2.92e-02  3.56e+04  6.68e+02 -1.00e+05
2016 04 27  1920   57505  69600   4.15e+01  1.75e-01  1.45e-01  7.31e-02  6.39e-02  4.28e-02  3.68e+04  6.81e+02 -1.00e+05
2016 04 27  1925   57505  69900   5.29e+01  2.85e-01  2.06e-01  1.47e-01  1.03e-01  7.25e-02  3.69e+04  6.73e+02 -1.00e+05
2016 04 27  1930   57505  70200   3.95e+01  1.80e-01  1.47e-01  6.82e-02  5.89e-02  3.79e-02  3.56e+04  6.58e+02 -1.00e+05
2016 04 27  1935   57505  70500   4.76e+01  1.95e-01  1.31e-01  7.61e-02  6.69e-02  3.03e-02  3.56e+04  6.83e+02 -1.00e+05
2016 04 27  1940   57505  70800   5.12e+01  2.32e-01  1.50e-01  9.01e-02  5.12e-02  2.15e-02  3.56e+04  6.57e+02 -1.00e+05
2016 04 27  1945   57505  71100   3.46e+01  2.67e-01  2.36e-01  8.73e-02  7.81e-02  5.70e-02  3.56e+04  6.35e+02 -1.00e+05
2016 04 27  1950   57505  71400   3.53e+01  1.56e-01  1.26e-01  5.33e-02  4.41e-02  2.30e-02  3.56e+04  6.69e+02 -1.00e+05
2016 04 27  1955   57505  71700   5.54e+01  2.51e-01  1.34e-01  6.96e-02  6.03e-02  2.72e-02  3.56e+04  6.52e+02 -1.00e+05
2016 04 27  2000   57505  72000   3.26e+01  1.50e-01  1.20e-01  7.06e-02  6.14e-02  4.03e-02  3.53e+04  6.43e+02 -1.00e+05
2016 04 27  2005   57505  72300   3.21e+01  1.57e-01  1.27e-01  7.70e-02  4.83e-02  2.15e-02  3.52e+04  6.45e+02 -1.00e+05
2016 04 27  2010   57505  72600   3.39e+01  1.70e-01  1.40e-01  5.73e-02  4.39e-02  2.15e-02  3.49e+04  6.43e+02 -1.00e+05
2016 04 27  2015   57505  72900   3.22e+01  2.66e-01  2.36e-01  8.62e-02  7.69e-02  5.58e-02  3.51e+04  6.46e+02 -1.00e+05
2016 04 27  2020   57505  73200   2.95e+01  2.35e-01  2.05e-01  1.53e-01  8.16e-02  3.03e-02  3.45e+04  6.18e+02 -1.00e+05
2016 04 27  2025   57505  73500   4.45e+01  3.71e-01  1.91e-01  9.66e-02  5.27e-02  2.15e-02  3.28e+04  5.79e+02 -1.00e+05
2016 04 27  2030   57505  73800   3.86e+01  2.99e-01  1.75e-01  1.22e-01  1.04e-01  7.32e-02  3.20e+04  5.58e+02 -1.00e+05
2016 04 27  2035   57505  74100   3.47e+01  2.50e-01  1.19e-01  5.19e-02  4.26e-02  2.15e-02  3.26e+04  5.79e+02 -1.00e+05
2016 04 27  2040   57505  74400   2.18e+01  1.68e-01  1.35e-01  5.19e-02  4.26e-02  2.15e-02  3.26e+04  5.72e+02 -1.00e+05
2016 04 27  2045   57505  74700   2.31e+01  3.00e-01  2.70e-01  2.08e-01  1.30e-01  4.13e-02  3.22e+04  5.44e+02 -1.00e+05
2016 04 27  2050   57505  75000   1.96e+01  1.50e-01  1.20e-01  7.08e-02  6.16e-02  4.05e-02  3.20e+04  5.33e+02 -1.00e+05
2016 04 27  2055   57505  75300   1.69e+01  1.71e-01  1.41e-01  9.17e-02  7.35e-02  4.99e-02  3.07e+04  4.94e+02 -1.00e+05
2016 04 27  2100   57505  75600   1.63e+01  1.90e-01  1.60e-01  1.10e-01  9.14e-02  6.76e-02  3.01e+04  4.81e+02 -1.00e+05
2016 04 27  2105   57505  75900   2.30e+01  2.90e-01  1.58e-01  9.01e-02  5.12e-02  2.15e-02  3.05e+04  4.81e+02 -1.00e+05
2016 04 27  2110   57505  76200   1.64e+01  2.94e-01  2.64e-01  1.05e-01  6.34e-02  3.29e-02  3.12e+04  4.88e+02 -1.00e+05
2016 04 27  2115   57505  76500   1.87e+01  1.35e-01  1.05e-01  5.58e-02  4.66e-02  2.55e-02  3.23e+04  5.16e+02 -1.00e+05
2016 04 27  2120   57505  76800   1.94e+01  1.73e-01  1.43e-01  9.38e-02  8.04e-02  3.33e-02  3.35e+04  5.43e+02 -1.00e+05
2016 04 27  2125   57505  77100   1.99e+01  1.55e-01  1.25e-01  7.58e-02  6.66e-02  2.92e-02  3.42e+04  5.40e+02 -1.00e+05
2016 04 27  2130   57505  77400   4.33e+01  3.45e-01  1.42e-01  8.83e-02  4.94e-02  2.15e-02  3.38e+04  5.55e+02 -1.00e+05
2016 04 27  2135   57505  77700   1.82e+01  1.35e-01  1.05e-01  5.58e-02  4.66e-02  2.55e-02  3.39e+04  5.42e+02 -1.00e+05
2016 04 27  2140   57505  78000   1.74e+01  1.82e-01  1.52e-01  1.02e-01  7.43e-02  4.78e-02  3.31e+04  5.14e+02 -1.00e+05
2016 04 27  2145   57505  78300   1.71e+01  2.60e-01  2.30e-01  1.78e-01  1.05e-01  4.74e-02  3.35e+04  5.19e+02 -1.00e+05
2016 04 27  2150   57505  78600   1.75e+01  2.24e-01  1.94e-01  1.45e-01  1.36e-01  7.43e-02  3.38e+04  5.36e+02 -1.00e+05
2016 04 27  2155   57505  78900   1.60e+01  1.68e-01  1.35e-01  5.19e-02  4.26e-02  2.15e-02  3.31e+04  5.19e+02 -1.00e+05
2016 04 27  2200   57505  79200   1.37e+01  2.06e-01  1.75e-01  9.29e-02  5.49e-02  2.55e-02  3.17e+04  4.94e+02 -1.00e+05
2016 04 27  2205   57505  79500   2.59e+01  2.67e-01  1.11e-01  5.83e-02  4.90e-02  2.80e-02  3.27e+04  5.03e+02 -1.00e+05
2016 04 27  2210   57505  79800   1.52e+01  1.72e-01  1.42e-01  9.23e-02  6.82e-02  4.28e-02  3.26e+04  5.12e+02 -1.00e+05
2016 04 27  2215   57505  80100   1.60e+01  2.68e-01  2.38e-01  8.28e-02  6.99e-02  4.78e-02  3.29e+04  5.08e+02 -1.00e+05
2016 04 27  2220   57505  80400   3.31e+01  3.07e-01  1.04e-01  5.19e-02  4.26e-02  2.15e-02  3.50e+04  5.34e+02 -1.00e+05
2016 04 27  2225   57505  80700   2.33e+01  2.16e-01  1.34e-01  5.19e-02  4.26e-02  2.15e-02  3.41e+04  5.45e+02 -1.00e+05
2016 04 27  2230   57505  81000   1.65e+01  1.86e-01  1.55e-01  7.31e-02  6.39e-02  4.28e-02  3.41e+04  5.26e+02 -1.00e+05
2016 04 27  2235   57505  81300   1.42e+01  2.12e-01  1.82e-01  1.32e-01  9.52e-02  4.19e-02  3.34e+04  4.99e+02 -1.00e+05
2016 04 27  2240   57505  81600   1.43e+01  1.72e-01  1.42e-01  9.23e-02  6.82e-02  4.28e-02  3.32e+04  4.81e+02 -1.00e+05
2016 04 27  2245   57505  81900   1.69e+01  1.99e-01  1.68e-01  9.54e-02  8.62e-02  6.51e-02  3.46e+04  5.01e+02 -1.00e+05
2016 04 27  2250   57505  82200   1.79e+01  3.30e-01  3.00e-01  1.07e-01  9.76e-02  6.04e-02  3.51e+04  5.10e+02 -1.00e+05
2016 04 27  2255   57505  82500   1.98e+01  1.93e-01  1.62e-01  1.13e-01  1.04e-01  4.13e-02  3.57e+04  5.29e+02 -1.00e+05
2016 04 27  2300   57505  82800   1.97e+01  1.80e-01  1.50e-01  1.01e-01  9.17e-02  3.73e-02  3.59e+04  5.26e+02 -1.00e+05
2016 04 27  2305   57505  83100   1.89e+01  1.60e-01  1.30e-01  8.10e-02  6.76e-02  4.53e-02  3.56e+04  5.00e+02 -1.00e+05
2016 04 27  2310   57505  83400   3.82e+01  3.56e-01  1.55e-01  1.02e-01  8.52e-02  6.20e-02  3.56e+04  4.90e+02 -1.00e+05
2016 04 27  2315   57505  83700   2.92e+01  2.76e-01  1.46e-01  9.18e-02  4.95e-02  2.15e-02  3.44e+04  4.68e+02 -1.00e+05
2016 04 27  2320   57505  84000   1.47e+01  2.20e-01  1.90e-01  1.39e-01  9.55e-02  6.76e-02  3.27e+04  4.34e+02 -1.00e+05
2016 04 27  2325   57505  84300   2.21e+01  3.21e-01  1.92e-01  9.29e-02  8.37e-02  6.26e-02  3.32e+04  4.23e+02 -1.00e+05
2016 04 27  2330   57505  84600   1.46e+01  1.93e-01  1.62e-01  1.13e-01  9.44e-02  3.73e-02  3.28e+04  4.29e+02 -1.00e+05
2016 04 27  2335   57505  84900   1.48e+01  1.37e-01  1.07e-01  5.83e-02  4.90e-02  2.80e-02  3.37e+04  4.24e+02 -1.00e+05
2016 04 27  2340   57505  85200   1.74e+01  2.02e-01  1.72e-01  1.21e-01  6.48e-02  2.63e-02  3.43e+04  4.38e+02 -1.00e+05
2016 04 27  2345   57505  85500   2.34e+01  4.35e-01  3.38e-01  1.55e-01  1.23e-01  6.82e-02  3.30e+04  4.09e+02 -1.00e+05
2016 04 27  2350   57505  85800   2.81e+01  2.41e-01  1.10e-01  5.73e-02  4.39e-02  2.15e-02  3.30e+04  3.96e+02 -1.00e+05
2016 04 27  2355   57505  86100   1.66e+01  2.47e-01  2.17e-01  5.83e-02  4.90e-02  2.80e-02  3.32e+04  4.03e+02 -1.00e+05
