:Data_list: 20160405_Gp_part_5m.txt
:Created: 2016 Apr 06 0011 UTC
# Prepared by the U.S. Dept. of Commerce, NOAA, Space Weather Prediction Center
# Please send comments and suggestions to SWPC.Webmaster@noaa.gov 
# 
# Label: P > 1 = Particles at >1 Mev
# Label: P > 5 = Particles at >5 Mev
# Label: P >10 = Particles at >10 Mev
# Label: P >30 = Particles at >30 Mev
# Label: P >50 = Particles at >50 Mev
# Label: P>100 = Particles at >100 Mev
# Label: E>0.8 = Electrons at >0.8 Mev
# Label: E>2.0 = Electrons at >2.0 Mev
# Label: E>4.0 = Electrons at >4.0 Mev
# Units: Particles = Protons/cm2-s-sr
# Units: Electrons = Electrons/cm2-s-sr
# Source: GOES-13
# Location: W075
# Missing data: -1.00e+05
#
#                      5-minute  GOES-13 Solar Particle and Electron Flux
#
#                 Modified Seconds
# UTC Date  Time   Julian  of the
# YR MO DA  HHMM    Day     Day     P > 1     P > 5     P >10     P >30     P >50     P>100     E>0.8     E>2.0     E>4.0
#-------------------------------------------------------------------------------------------------------------------------
2016 04 05  0000   57483      0   2.88e+00  3.38e-01  1.65e-01  1.21e-01  1.10e-01  5.82e-02  4.16e+04  6.13e+02 -1.00e+05
2016 04 05  0005   57483    300   1.52e+00  1.74e-01  1.47e-01  1.05e-01  9.44e-02  7.17e-02  4.17e+04  6.10e+02 -1.00e+05
2016 04 05  0010   57483    600   1.46e+00  1.27e-01  9.97e-02  5.83e-02  4.72e-02  2.46e-02  4.24e+04  5.96e+02 -1.00e+05
2016 04 05  0015   57483    900   1.36e+00  2.12e-01  1.85e-01  1.31e-01  7.90e-02  4.45e-02  4.16e+04  6.01e+02 -1.00e+05
2016 04 05  0020   57483   1200   1.44e+00  1.42e-01  1.15e-01  5.83e-02  4.72e-02  2.46e-02  4.16e+04  5.98e+02 -1.00e+05
2016 04 05  0025   57483   1500   1.28e+00  1.64e-01  1.37e-01  9.56e-02  8.45e-02  6.18e-02  4.16e+04  5.85e+02 -1.00e+05
2016 04 05  0030   57483   1800   1.32e+00  3.64e-01  3.37e-01  1.03e-01  5.40e-02  2.46e-02  4.16e+04  5.84e+02 -1.00e+05
2016 04 05  0035   57483   2100   1.46e+00  1.47e-01  1.20e-01  7.90e-02  6.43e-02  3.32e-02  4.16e+04  5.81e+02 -1.00e+05
2016 04 05  0040   57483   2400   1.31e+00  2.20e-01  1.93e-01  5.83e-02  4.72e-02  2.46e-02  4.09e+04  5.68e+02 -1.00e+05
2016 04 05  0045   57483   2700   1.40e+00  1.92e-01  1.22e-01  7.33e-02  6.22e-02  3.95e-02  4.03e+04  5.52e+02 -1.00e+05
2016 04 05  0050   57483   3000   1.33e+00  1.49e-01  1.22e-01  8.07e-02  6.96e-02  4.70e-02  3.96e+04  5.26e+02 -1.00e+05
2016 04 05  0055   57483   3300   1.75e+00  3.29e-01  2.10e-01  5.83e-02  4.72e-02  2.46e-02  3.95e+04  5.21e+02 -1.00e+05
2016 04 05  0100   57483   3600   1.38e+00  3.17e-01  2.90e-01  2.47e-01  1.62e-01  5.16e-02  3.76e+04  4.91e+02 -1.00e+05
2016 04 05  0105   57483   3900   1.29e+00  1.86e-01  1.59e-01  1.09e-01  8.56e-02  5.93e-02  3.86e+04  5.01e+02 -1.00e+05
2016 04 05  0110   57483   4200   8.81e-01  1.27e-01  9.97e-02  5.83e-02  4.72e-02  2.46e-02  3.77e+04  4.79e+02 -1.00e+05
2016 04 05  0115   57483   4500   1.14e+00  1.88e-01  1.61e-01  1.20e-01  1.04e-01  7.25e-02  3.67e+04  4.38e+02 -1.00e+05
2016 04 05  0120   57483   4800   1.22e+00  1.27e-01  9.97e-02  5.83e-02  4.72e-02  2.46e-02  3.58e+04  4.36e+02 -1.00e+05
2016 04 05  0125   57483   5100   1.37e+00  2.66e-01  2.40e-01  1.03e-01  5.40e-02  2.46e-02  3.56e+04  4.25e+02 -1.00e+05
2016 04 05  0130   57483   5400   1.12e+00  1.54e-01  1.27e-01  7.33e-02  6.22e-02  3.95e-02  3.56e+04  4.02e+02 -1.00e+05
2016 04 05  0135   57483   5700   1.56e+00  1.95e-01  1.69e-01  1.10e-01  5.89e-02  2.46e-02  3.52e+04  4.09e+02 -1.00e+05
2016 04 05  0140   57483   6000   1.31e+00  1.73e-01  1.46e-01  1.05e-01  9.37e-02  3.95e-02  3.42e+04  4.02e+02 -1.00e+05
2016 04 05  0145   57483   6300   1.90e+00  2.38e-01  1.19e-01  6.09e-02  4.98e-02  2.71e-02  3.39e+04  3.87e+02 -1.00e+05
2016 04 05  0150   57483   6600   2.06e+00  2.71e-01  1.55e-01  1.10e-01  9.93e-02  7.67e-02  3.26e+04  3.59e+02 -1.00e+05
2016 04 05  0155   57483   6900   9.55e-01  1.27e-01  9.97e-02  5.83e-02  4.72e-02  2.46e-02  3.26e+04  3.81e+02 -1.00e+05
2016 04 05  0200   57483   7200   1.84e+00  2.55e-01  1.12e-01  6.83e-02  5.72e-02  3.46e-02  3.26e+04  3.60e+02 -1.00e+05
2016 04 05  0205   57483   7500   1.32e+00  1.52e-01  1.25e-01  8.28e-02  5.86e-02  3.21e-02  3.22e+04  3.70e+02 -1.00e+05
2016 04 05  0210   57483   7800   1.18e+00  1.78e-01  1.08e-01  5.83e-02  4.72e-02  2.46e-02  3.35e+04  3.86e+02 -1.00e+05
2016 04 05  0215   57483   8100   1.47e+00  3.05e-01  1.98e-01  1.40e-01  7.44e-02  2.94e-02  3.38e+04  4.04e+02 -1.00e+05
2016 04 05  0220   57483   8400   1.06e+00  2.34e-01  2.07e-01  7.58e-02  6.47e-02  4.20e-02  3.36e+04  4.07e+02 -1.00e+05
2016 04 05  0225   57483   8700   1.69e+00  2.42e-01  1.24e-01  7.99e-02  6.17e-02  3.70e-02  3.39e+04  4.11e+02 -1.00e+05
2016 04 05  0230   57483   9000   1.11e+00  2.45e-01  2.19e-01  9.06e-02  7.95e-02  5.69e-02  3.28e+04  3.94e+02 -1.00e+05
2016 04 05  0235   57483   9300   1.69e+00  2.26e-01  1.08e-01  6.34e-02  5.23e-02  2.96e-02  3.32e+04  4.07e+02 -1.00e+05
2016 04 05  0240   57483   9600   1.81e+00  2.72e-01  1.30e-01  8.57e-02  7.46e-02  5.19e-02  3.40e+04  4.35e+02 -1.00e+05
2016 04 05  0245   57483   9900   1.52e+00  2.51e-01  1.21e-01  5.83e-02  4.72e-02  2.46e-02  3.40e+04  4.37e+02 -1.00e+05
2016 04 05  0250   57483  10200   1.99e+00  2.58e-01  1.41e-01  8.32e-02  7.21e-02  4.94e-02  3.33e+04  4.28e+02 -1.00e+05
2016 04 05  0255   57483  10500   1.39e+00  2.54e-01  1.36e-01  7.82e-02  6.71e-02  4.45e-02  3.33e+04  4.27e+02 -1.00e+05
2016 04 05  0300   57483  10800   8.77e-01  1.27e-01  9.97e-02  5.83e-02  4.72e-02  2.46e-02  3.34e+04  4.34e+02 -1.00e+05
2016 04 05  0305   57483  11100   2.06e+00  2.93e-01  1.82e-01  1.38e-01  1.19e-01  8.57e-02  3.21e+04  3.89e+02 -1.00e+05
2016 04 05  0310   57483  11400   1.11e+00  3.21e-01  2.94e-01  1.32e-01  8.68e-02  5.44e-02  3.13e+04  3.88e+02 -1.00e+05
2016 04 05  0315   57483  11700   1.70e+00  3.20e-01  1.89e-01  8.60e-02  7.49e-02  3.34e-02  3.19e+04  3.91e+02 -1.00e+05
2016 04 05  0320   57483  12000   8.89e-01  1.27e-01  9.98e-02  5.84e-02  4.73e-02  2.47e-02  3.09e+04  3.88e+02 -1.00e+05
2016 04 05  0325   57483  12300   9.28e-01  1.88e-01  1.61e-01  1.18e-01  7.73e-02  3.14e-02  3.09e+04  3.97e+02 -1.00e+05
2016 04 05  0330   57483  12600   1.06e+00  1.70e-01  1.43e-01  1.02e-01  9.07e-02  6.80e-02  3.14e+04  4.22e+02 -1.00e+05
2016 04 05  0335   57483  12900   9.80e-01  1.89e-01  1.19e-01  6.97e-02  5.56e-02  3.21e-02  2.99e+04  3.81e+02 -1.00e+05
2016 04 05  0340   57483  13200   9.59e-01  1.93e-01  1.66e-01  1.23e-01  7.89e-02  4.94e-02  2.87e+04  3.47e+02 -1.00e+05
2016 04 05  0345   57483  13500   1.09e+00  2.17e-01  1.90e-01  1.37e-01  8.38e-02  5.44e-02  2.73e+04  3.42e+02 -1.00e+05
2016 04 05  0350   57483  13800   1.26e+00  2.35e-01  1.16e-01  5.83e-02  4.72e-02  2.46e-02  2.73e+04  3.23e+02 -1.00e+05
2016 04 05  0355   57483  14100   1.70e+00  3.58e-01  1.93e-01  1.48e-01  1.08e-01  7.67e-02  2.66e+04  3.18e+02 -1.00e+05
2016 04 05  0400   57483  14400   9.76e-01  2.20e-01  1.93e-01  5.83e-02  4.72e-02  2.46e-02  2.63e+04  3.14e+02 -1.00e+05
2016 04 05  0405   57483  14700   9.51e-01  1.27e-01  9.97e-02  5.83e-02  4.72e-02  2.46e-02  2.80e+04  3.50e+02 -1.00e+05
2016 04 05  0410   57483  15000   1.00e+00  1.77e-01  1.50e-01  1.06e-01  5.40e-02  2.46e-02  2.87e+04  3.72e+02 -1.00e+05
2016 04 05  0415   57483  15300   1.65e+00  2.54e-01  1.36e-01  9.05e-02  5.45e-02  2.46e-02  2.82e+04  3.59e+02 -1.00e+05
2016 04 05  0420   57483  15600   9.97e-01  1.80e-01  1.37e-01  9.22e-02  8.11e-02  3.55e-02  2.69e+04  3.50e+02 -1.00e+05
2016 04 05  0425   57483  15900   9.08e-01  1.61e-01  1.34e-01  9.31e-02  8.20e-02  5.93e-02  2.62e+04  3.21e+02 -1.00e+05
2016 04 05  0430   57483  16200   1.57e+00  2.35e-01  1.16e-01  5.83e-02  4.72e-02  2.46e-02  2.49e+04  3.21e+02 -1.00e+05
2016 04 05  0435   57483  16500   1.00e+00  2.24e-01  1.58e-01  1.09e-01  9.41e-02  7.04e-02  2.34e+04  2.91e+02 -1.00e+05
2016 04 05  0440   57483  16800   8.66e-01  2.45e-01  1.84e-01  1.37e-01  1.26e-01  5.33e-02  2.47e+04  2.97e+02 -1.00e+05
2016 04 05  0445   57483  17100   1.12e+00  1.87e-01  1.17e-01  6.83e-02  5.72e-02  3.46e-02  2.48e+04  3.05e+02 -1.00e+05
2016 04 05  0450   57483  17400   6.87e-01  1.46e-01  1.20e-01  7.82e-02  6.71e-02  4.45e-02  2.54e+04  3.10e+02 -1.00e+05
2016 04 05  0455   57483  17700   8.58e-01  2.50e-01  1.45e-01  1.01e-01  8.98e-02  4.67e-02  2.47e+04  3.16e+02 -1.00e+05
2016 04 05  0500   57483  18000   9.35e-01  2.22e-01  1.95e-01  8.88e-02  7.77e-02  4.45e-02  2.46e+04  3.21e+02 -1.00e+05
2016 04 05  0505   57483  18300   9.56e-01  2.73e-01  2.46e-01  9.85e-02  8.74e-02  3.75e-02  2.42e+04  3.18e+02 -1.00e+05
2016 04 05  0510   57483  18600   9.58e-01  1.75e-01  1.48e-01  9.05e-02  5.45e-02  2.46e-02  2.42e+04  3.05e+02 -1.00e+05
2016 04 05  0515   57483  18900   6.92e-01  1.54e-01  1.27e-01  8.57e-02  7.46e-02  5.19e-02  2.41e+04  3.23e+02 -1.00e+05
2016 04 05  0520   57483  19200   7.19e-01  2.04e-01  1.77e-01  1.36e-01  1.25e-01  4.96e-02  2.45e+04  3.27e+02 -1.00e+05
2016 04 05  0525   57483  19500   8.71e-01  1.27e-01  9.97e-02  5.83e-02  4.72e-02  2.46e-02  2.52e+04  3.32e+02 -1.00e+05
2016 04 05  0530   57483  19800   1.39e+00  2.59e-01  1.41e-01  9.59e-02  6.15e-02  3.21e-02  2.62e+04  3.49e+02 -1.00e+05
2016 04 05  0535   57483  20100   7.51e-01  1.27e-01  9.97e-02  5.83e-02  4.72e-02  2.46e-02  2.61e+04  3.63e+02 -1.00e+05
2016 04 05  0540   57483  20400   1.25e+00  2.21e-01  1.03e-01  5.83e-02  4.72e-02  2.46e-02  2.59e+04  3.62e+02 -1.00e+05
2016 04 05  0545   57483  20700   8.62e-01  1.27e-01  9.97e-02  5.83e-02  4.72e-02  2.46e-02  2.46e+04  3.50e+02 -1.00e+05
2016 04 05  0550   57483  21000   1.12e+00  2.11e-01  1.43e-01  6.09e-02  4.98e-02  2.54e-02  2.68e+04  3.84e+02 -1.00e+05
2016 04 05  0555   57483  21300   2.32e+00  7.39e-01  2.31e-01  6.72e-02  5.61e-02  2.74e-02  2.73e+04  4.11e+02 -1.00e+05
2016 04 05  0600   57483  21600   1.45e+00  2.50e-01  1.43e-01  9.85e-02  7.77e-02  3.34e-02  2.61e+04  3.88e+02 -1.00e+05
2016 04 05  0605   57483  21900   1.32e+00  2.46e-01  1.02e-01  5.83e-02  4.72e-02  2.46e-02  2.71e+04  4.13e+02 -1.00e+05
2016 04 05  0610   57483  22200   1.02e+00  1.67e-01  1.40e-01  9.85e-02  8.74e-02  3.75e-02  2.80e+04  4.25e+02 -1.00e+05
2016 04 05  0615   57483  22500   1.20e+00  2.61e-01  1.43e-01  8.57e-02  7.46e-02  5.19e-02  2.79e+04  4.29e+02 -1.00e+05
2016 04 05  0620   57483  22800   8.88e-01  2.11e-01  1.84e-01  1.42e-01  1.31e-01  5.16e-02  2.92e+04  4.47e+02 -1.00e+05
2016 04 05  0625   57483  23100   1.74e+00  4.53e-01  2.43e-01  6.72e-02  5.61e-02  2.74e-02  3.09e+04  4.88e+02 -1.00e+05
2016 04 05  0630   57483  23400   8.01e-01  1.60e-01  1.33e-01  5.83e-02  4.72e-02  2.46e-02  3.02e+04  4.81e+02 -1.00e+05
2016 04 05  0635   57483  23700   1.13e+00  2.74e-01  2.03e-01  7.74e-02  5.15e-02  2.46e-02  3.07e+04  4.90e+02 -1.00e+05
2016 04 05  0640   57483  24000   1.08e+00  2.10e-01  1.42e-01  9.31e-02  8.20e-02  5.93e-02  3.10e+04  4.94e+02 -1.00e+05
2016 04 05  0645   57483  24300   9.65e-01  1.29e-01  1.02e-01  6.09e-02  4.98e-02  2.71e-02  3.24e+04  5.29e+02 -1.00e+05
2016 04 05  0650   57483  24600   1.02e+00  1.69e-01  1.42e-01  1.01e-01  8.94e-02  6.68e-02  3.37e+04  5.59e+02 -1.00e+05
2016 04 05  0655   57483  24900   1.52e+00  3.22e-01  2.06e-01  1.48e-01  1.08e-01  7.67e-02  3.44e+04  5.89e+02 -1.00e+05
2016 04 05  0700   57483  25200   8.52e-01  1.37e-01  1.10e-01  6.83e-02  5.72e-02  3.46e-02  3.55e+04  6.25e+02 -1.00e+05
2016 04 05  0705   57483  25500   9.01e-01  1.62e-01  1.35e-01  7.74e-02  5.15e-02  2.46e-02  3.56e+04  6.16e+02 -1.00e+05
2016 04 05  0710   57483  25800   1.01e+00  1.74e-01  1.47e-01  1.05e-01  8.09e-02  5.44e-02  3.56e+04  6.00e+02 -1.00e+05
2016 04 05  0715   57483  26100   1.76e+00  2.46e-01  1.02e-01  5.83e-02  4.72e-02  2.46e-02  3.56e+04  6.27e+02 -1.00e+05
2016 04 05  0720   57483  26400   1.03e+00  1.54e-01  1.27e-01  8.60e-02  7.49e-02  3.34e-02  3.64e+04  6.54e+02 -1.00e+05
2016 04 05  0725   57483  26700   1.02e+00  1.27e-01  9.97e-02  5.83e-02  4.72e-02  2.46e-02  3.63e+04  6.34e+02 -1.00e+05
2016 04 05  0730   57483  27000   1.29e+00  1.27e-01  9.97e-02  5.83e-02  4.72e-02  2.46e-02  3.76e+04  6.76e+02 -1.00e+05
2016 04 05  0735   57483  27300   1.89e+00  2.48e-01  1.44e-01  8.83e-02  7.72e-02  4.27e-02  3.80e+04  7.06e+02 -1.00e+05
2016 04 05  0740   57483  27600   9.63e-01  1.82e-01  1.55e-01  9.67e-02  5.40e-02  2.46e-02  3.96e+04  7.29e+02 -1.00e+05
2016 04 05  0745   57483  27900   1.21e+00  1.27e-01  9.97e-02  5.83e-02  4.72e-02  2.46e-02  3.96e+04  7.59e+02 -1.00e+05
2016 04 05  0750   57483  28200   1.27e+00  1.66e-01  1.39e-01  9.80e-02  8.69e-02  6.43e-02  4.08e+04  7.97e+02 -1.00e+05
2016 04 05  0755   57483  28500   1.97e+00  3.27e-01  2.38e-01  1.85e-01  1.62e-01  6.89e-02  4.19e+04  8.44e+02 -1.00e+05
2016 04 05  0800   57483  28800   1.28e+00  1.27e-01  9.97e-02  5.83e-02  4.72e-02  2.46e-02  4.40e+04  8.82e+02 -1.00e+05
2016 04 05  0805   57483  29100   2.18e+00  2.61e-01  1.42e-01  9.68e-02  5.41e-02  2.47e-02  4.40e+04  9.21e+02 -1.00e+05
2016 04 05  0810   57483  29400   1.07e+00  1.54e-01  1.27e-01  8.54e-02  6.16e-02  3.48e-02  4.51e+04  9.60e+02 -1.00e+05
2016 04 05  0815   57483  29700   1.23e+00  2.91e-01  2.64e-01  1.47e-01  1.21e-01  6.39e-02  4.66e+04  9.78e+02 -1.00e+05
2016 04 05  0820   57483  30000   1.44e+00  2.22e-01  1.95e-01  7.74e-02  5.15e-02  2.46e-02  4.66e+04  9.95e+02 -1.00e+05
2016 04 05  0825   57483  30300   2.38e+00  4.56e-01  2.18e-01  6.43e-02  4.86e-02  2.46e-02  4.66e+04  1.04e+03 -1.00e+05
2016 04 05  0830   57483  30600   1.38e+00  1.27e-01  9.97e-02  5.83e-02  4.72e-02  2.46e-02  4.66e+04  1.06e+03 -1.00e+05
2016 04 05  0835   57483  30900   1.98e+00  2.43e-01  1.31e-01  7.49e-02  6.38e-02  3.50e-02  4.66e+04  1.04e+03 -1.00e+05
2016 04 05  0840   57483  31200   1.92e+00  1.78e-01  1.08e-01  5.83e-02  4.72e-02  2.46e-02  4.68e+04  1.08e+03 -1.00e+05
2016 04 05  0845   57483  31500   1.58e+00  1.68e-01  1.41e-01  9.84e-02  5.40e-02  2.46e-02  4.66e+04  1.04e+03 -1.00e+05
2016 04 05  0850   57483  31800   1.53e+00  1.27e-01  9.97e-02  5.83e-02  4.72e-02  2.46e-02  4.66e+04  1.03e+03 -1.00e+05
2016 04 05  0855   57483  32100   2.38e+00  3.85e-01  2.28e-01  1.81e-01  1.06e-01  5.22e-02  4.66e+04  1.06e+03 -1.00e+05
2016 04 05  0900   57483  32400   2.08e+00  2.22e-01  1.05e-01  6.09e-02  4.98e-02  2.54e-02  4.66e+04  1.07e+03 -1.00e+05
2016 04 05  0905   57483  32700   1.29e+00  1.27e-01  9.97e-02  5.83e-02  4.72e-02  2.46e-02  4.66e+04  1.09e+03 -1.00e+05
2016 04 05  0910   57483  33000   1.44e+00  1.90e-01  1.63e-01  1.18e-01  1.07e-01  4.73e-02  4.71e+04  1.10e+03 -1.00e+05
2016 04 05  0915   57483  33300   1.04e+00  1.82e-01  1.55e-01  1.12e-01  6.41e-02  3.46e-02  4.71e+04  1.08e+03 -1.00e+05
2016 04 05  0920   57483  33600   1.32e+00  1.87e-01  1.60e-01  1.11e-01  8.79e-02  6.18e-02  4.81e+04  1.10e+03 -1.00e+05
2016 04 05  0925   57483  33900   1.39e+00  1.27e-01  9.97e-02  5.83e-02  4.72e-02  2.46e-02  4.90e+04  1.11e+03 -1.00e+05
2016 04 05  0930   57483  34200   2.02e+00  2.35e-01  1.16e-01  5.83e-02  4.72e-02  2.46e-02  4.93e+04  1.15e+03 -1.00e+05
2016 04 05  0935   57483  34500   1.07e+00  1.29e-01  1.02e-01  6.09e-02  4.98e-02  2.71e-02  4.93e+04  1.16e+03 -1.00e+05
2016 04 05  0940   57483  34800   1.85e+00  2.11e-01  1.41e-01  9.05e-02  5.45e-02  2.46e-02  4.99e+04  1.22e+03 -1.00e+05
2016 04 05  0945   57483  35100   1.39e+00  2.37e-01  1.66e-01  9.99e-02  5.40e-02  2.46e-02  5.19e+04  1.24e+03 -1.00e+05
2016 04 05  0950   57483  35400   3.03e+00  3.87e-01  1.75e-01  1.30e-01  8.86e-02  2.61e-02  5.19e+04  1.25e+03 -1.00e+05
2016 04 05  0955   57483  35700   1.61e+00  1.93e-01  1.23e-01  5.83e-02  4.72e-02  2.46e-02  5.19e+04  1.26e+03 -1.00e+05
2016 04 05  1000   57483  36000   1.80e+00  1.78e-01  1.08e-01  5.83e-02  4.72e-02  2.46e-02  5.19e+04  1.30e+03 -1.00e+05
2016 04 05  1005   57483  36300   1.41e+00  1.42e-01  1.15e-01  5.83e-02  4.72e-02  2.46e-02  5.20e+04  1.28e+03 -1.00e+05
2016 04 05  1010   57483  36600   1.62e+00  1.42e-01  1.15e-01  5.83e-02  4.72e-02  2.46e-02  5.42e+04  1.32e+03 -1.00e+05
2016 04 05  1015   57483  36900   1.61e+00  2.93e-01  2.66e-01  1.41e-01  1.06e-01  7.67e-02  5.46e+04  1.35e+03 -1.00e+05
2016 04 05  1020   57483  37200   2.32e+00  2.21e-01  1.03e-01  5.83e-02  4.72e-02  2.46e-02  5.46e+04  1.38e+03 -1.00e+05
2016 04 05  1025   57483  37500   1.43e+00  1.35e-01  1.09e-01  6.72e-02  5.61e-02  2.74e-02  5.46e+04  1.38e+03 -1.00e+05
2016 04 05  1030   57483  37800   3.19e+00  2.69e-01  1.02e-01  5.83e-02  4.72e-02  2.46e-02  5.50e+04  1.43e+03 -1.00e+05
2016 04 05  1035   57483  38100   2.17e+00  2.00e-01  1.29e-01  6.43e-02  4.86e-02  2.46e-02  5.67e+04  1.43e+03 -1.00e+05
2016 04 05  1040   57483  38400   1.49e+00  1.56e-01  1.29e-01  8.78e-02  7.67e-02  5.40e-02  5.73e+04  1.46e+03 -1.00e+05
2016 04 05  1045   57483  38700   1.28e+00  1.61e-01  1.34e-01  9.22e-02  7.14e-02  3.14e-02  5.73e+04  1.52e+03 -1.00e+05
2016 04 05  1050   57483  39000   1.60e+00  1.37e-01  1.10e-01  6.83e-02  5.72e-02  3.46e-02  5.83e+04  1.58e+03 -1.00e+05
2016 04 05  1055   57483  39300   1.91e+00  2.03e-01  1.34e-01  8.52e-02  6.87e-02  4.45e-02  5.99e+04  1.64e+03 -1.00e+05
2016 04 05  1100   57483  39600   1.65e+00  1.29e-01  1.02e-01  6.09e-02  4.98e-02  2.54e-02  5.99e+04  1.65e+03 -1.00e+05
2016 04 05  1105   57483  39900   2.81e+00  4.60e-01  2.10e-01  8.60e-02  7.49e-02  3.34e-02  6.05e+04  1.72e+03 -1.00e+05
2016 04 05  1110   57483  40200   1.61e+00  1.71e-01  1.44e-01  1.03e-01  8.68e-02  5.20e-02  6.05e+04  1.78e+03 -1.00e+05
2016 04 05  1115   57483  40500   1.38e+00  1.86e-01  1.59e-01  1.17e-01  1.06e-01  4.35e-02  6.07e+04  1.78e+03 -1.00e+05
2016 04 05  1120   57483  40800   1.74e+00  1.54e-01  1.27e-01  8.03e-02  6.92e-02  4.65e-02  6.26e+04  1.80e+03 -1.00e+05
2016 04 05  1125   57483  41100   2.55e+00  2.48e-01  1.38e-01  8.21e-02  7.10e-02  4.07e-02  6.26e+04  1.86e+03 -1.00e+05
2016 04 05  1130   57483  41400   3.85e+00  7.12e-01  4.04e-01  1.04e-01  5.74e-02  2.46e-02  6.38e+04  1.89e+03 -1.00e+05
2016 04 05  1135   57483  41700   1.68e+00  2.05e-01  1.78e-01  1.20e-01  6.51e-02  2.96e-02  6.30e+04  1.92e+03 -1.00e+05
2016 04 05  1140   57483  42000   1.89e+00  3.01e-01  2.74e-01  1.11e-01  7.46e-02  4.45e-02  6.48e+04  1.92e+03 -1.00e+05
2016 04 05  1145   57483  42300   3.45e+00  3.67e-01  1.58e-01  1.13e-01  6.91e-02  3.70e-02  6.52e+04  2.00e+03 -1.00e+05
2016 04 05  1150   57483  42600   1.69e+00  1.27e-01  9.97e-02  5.83e-02  4.72e-02  2.46e-02  6.53e+04  2.05e+03 -1.00e+05
2016 04 05  1155   57483  42900   1.73e+00  1.46e-01  1.19e-01  7.74e-02  5.15e-02  2.46e-02  6.53e+04  2.07e+03 -1.00e+05
2016 04 05  1200   57483  43200   1.62e+00  1.46e-01  1.19e-01  7.74e-02  5.15e-02  2.46e-02  6.53e+04  2.07e+03 -1.00e+05
2016 04 05  1205   57483  43500   2.29e+00  1.97e-01  1.37e-01  8.97e-02  7.86e-02  4.82e-02  6.74e+04  2.15e+03 -1.00e+05
2016 04 05  1210   57483  43800   1.65e+00  2.69e-01  2.42e-01  1.05e-01  9.37e-02  3.95e-02  6.62e+04  2.14e+03 -1.00e+05
2016 04 05  1215   57483  44100   3.08e+00  2.78e-01  1.21e-01  5.83e-02  4.72e-02  2.46e-02  6.77e+04  2.16e+03 -1.00e+05
2016 04 05  1220   57483  44400   1.86e+00  1.27e-01  9.97e-02  5.83e-02  4.72e-02  2.46e-02  7.06e+04  2.33e+03 -1.00e+05
2016 04 05  1225   57483  44700   1.69e+00  1.46e-01  1.19e-01  6.86e-02  5.75e-02  3.30e-02  7.29e+04  2.44e+03 -1.00e+05
2016 04 05  1230   57483  45000   2.69e+00  1.91e-01  1.20e-01  7.09e-02  5.00e-02  2.46e-02  7.53e+04  2.58e+03 -1.00e+05
2016 04 05  1235   57483  45300   2.24e+00  2.17e-01  1.90e-01  1.48e-01  1.11e-01  5.62e-02  7.53e+04  2.59e+03 -1.00e+05
2016 04 05  1240   57483  45600   1.80e+00  1.94e-01  1.67e-01  1.25e-01  1.14e-01  5.29e-02  7.53e+04  2.65e+03 -1.00e+05
2016 04 05  1245   57483  45900   4.34e+00  3.12e-01  1.02e-01  5.83e-02  4.72e-02  2.46e-02  7.53e+04  2.71e+03 -1.00e+05
2016 04 05  1250   57483  46200   1.98e+00  2.17e-01  1.90e-01  1.49e-01  1.38e-01  5.36e-02  7.53e+04  2.73e+03 -1.00e+05
2016 04 05  1255   57483  46500   2.31e+00  2.33e-01  2.06e-01  1.02e-01  9.05e-02  6.79e-02  7.36e+04  2.63e+03 -1.00e+05
2016 04 05  1300   57483  46800   2.94e+00  1.78e-01  1.08e-01  5.83e-02  4.72e-02  2.46e-02  7.08e+04  2.54e+03 -1.00e+05
2016 04 05  1305   57483  47100   2.53e+00  1.98e-01  1.71e-01  1.30e-01  1.19e-01  4.75e-02  7.42e+04  2.70e+03 -1.00e+05
2016 04 05  1310   57483  47400   3.13e+00  1.42e-01  1.15e-01  5.83e-02  4.72e-02  2.46e-02  7.53e+04  2.83e+03 -1.00e+05
2016 04 05  1315   57483  47700   3.86e+00  1.56e-01  1.29e-01  8.81e-02  7.70e-02  5.44e-02  7.53e+04  2.89e+03 -1.00e+05
2016 04 05  1320   57483  48000   4.22e+00  2.68e-01  2.41e-01  1.19e-01  1.05e-01  8.16e-02  7.57e+04  2.89e+03 -1.00e+05
2016 04 05  1325   57483  48300   4.07e+00  1.29e-01  1.02e-01  6.09e-02  4.98e-02  2.54e-02  7.92e+04  3.01e+03 -1.00e+05
2016 04 05  1330   57483  48600   3.50e+00  1.46e-01  1.19e-01  6.34e-02  5.23e-02  2.96e-02  7.82e+04  3.05e+03 -1.00e+05
2016 04 05  1335   57483  48900   3.38e+00  1.52e-01  1.25e-01  8.28e-02  5.86e-02  3.21e-02  7.70e+04  2.97e+03 -1.00e+05
2016 04 05  1340   57483  49200   3.08e+00  1.42e-01  1.15e-01  7.34e-02  6.23e-02  2.94e-02  7.92e+04  2.99e+03 -1.00e+05
2016 04 05  1345   57483  49500   6.50e+00  2.94e-01  1.43e-01  9.85e-02  8.74e-02  3.75e-02  7.93e+04  3.18e+03 -1.00e+05
2016 04 05  1350   57483  49800   4.94e+00  2.51e-01  1.32e-01  5.83e-02  4.72e-02  2.46e-02  8.02e+04  3.26e+03 -1.00e+05
2016 04 05  1355   57483  50100   4.40e+00  2.38e-01  1.68e-01  1.02e-01  5.66e-02  2.71e-02  8.33e+04  3.43e+03 -1.00e+05
2016 04 05  1400   57483  50400   3.25e+00  1.27e-01  9.97e-02  5.83e-02  4.72e-02  2.46e-02  8.14e+04  3.31e+03 -1.00e+05
2016 04 05  1405   57483  50700   2.95e+00  1.44e-01  1.17e-01  7.58e-02  6.47e-02  4.20e-02  8.21e+04  3.26e+03 -1.00e+05
2016 04 05  1410   57483  51000   2.96e+00  1.83e-01  1.57e-01  1.15e-01  1.04e-01  5.81e-02  8.32e+04  3.37e+03 -1.00e+05
2016 04 05  1415   57483  51300   4.53e+00  1.97e-01  1.27e-01  6.34e-02  5.23e-02  2.96e-02  8.33e+04  3.57e+03 -1.00e+05
2016 04 05  1420   57483  51600   3.40e+00  2.47e-01  2.21e-01  1.78e-01  1.36e-01  7.88e-02  8.33e+04  3.55e+03 -1.00e+05
2016 04 05  1425   57483  51900   3.42e+00  2.03e-01  1.76e-01  1.34e-01  9.70e-02  6.68e-02  8.33e+04  3.61e+03 -1.00e+05
2016 04 05  1430   57483  52200   6.87e+00  3.50e-01  1.45e-01  1.01e-01  9.00e-02  2.61e-02  8.33e+04  3.53e+03 -1.00e+05
2016 04 05  1435   57483  52500   5.03e+00  2.37e-01  1.25e-01  6.72e-02  5.61e-02  2.74e-02  8.33e+04  3.62e+03 -1.00e+05
2016 04 05  1440   57483  52800   3.45e+00  1.66e-01  1.39e-01  9.78e-02  8.31e-02  3.92e-02  8.34e+04  3.64e+03 -1.00e+05
2016 04 05  1445   57483  53100   3.06e+00  1.27e-01  9.98e-02  5.84e-02  4.73e-02  2.47e-02  8.33e+04  3.63e+03 -1.00e+05
2016 04 05  1450   57483  53400   5.16e+00  2.51e-01  1.21e-01  5.83e-02  4.72e-02  2.46e-02  8.33e+04  3.55e+03 -1.00e+05
2016 04 05  1455   57483  53700   2.77e+00  1.48e-01  1.21e-01  7.97e-02  6.86e-02  3.14e-02  8.33e+04  3.54e+03 -1.00e+05
2016 04 05  1500   57483  54000   3.15e+00  1.86e-01  1.59e-01  1.17e-01  1.06e-01  4.35e-02  8.33e+04  3.65e+03 -1.00e+05
2016 04 05  1505   57483  54300   6.18e+00  3.11e-01  1.22e-01  7.74e-02  5.15e-02  2.46e-02  8.33e+04  3.67e+03 -1.00e+05
2016 04 05  1510   57483  54600   2.96e+00  1.33e-01  1.06e-01  6.43e-02  4.86e-02  2.46e-02  8.33e+04  3.62e+03 -1.00e+05
2016 04 05  1515   57483  54900   4.95e+00  2.51e-01  1.21e-01  5.83e-02  4.72e-02  2.46e-02  8.33e+04  3.61e+03 -1.00e+05
2016 04 05  1520   57483  55200   2.93e+00  1.54e-01  1.27e-01  8.57e-02  7.46e-02  5.19e-02  8.33e+04  3.55e+03 -1.00e+05
2016 04 05  1525   57483  55500   5.46e+00  3.22e-01  1.56e-01  1.10e-01  5.89e-02  2.46e-02  8.33e+04  3.66e+03 -1.00e+05
2016 04 05  1530   57483  55800   2.94e+00  1.93e-01  1.67e-01  6.09e-02  4.98e-02  2.54e-02  8.37e+04  3.72e+03 -1.00e+05
2016 04 05  1535   57483  56100   4.22e+00  2.71e-01  2.01e-01  5.83e-02  4.72e-02  2.46e-02  8.73e+04  3.85e+03 -1.00e+05
2016 04 05  1540   57483  56400   4.72e+00  2.28e-01  1.10e-01  6.58e-02  5.47e-02  3.21e-02  8.53e+04  3.76e+03 -1.00e+05
2016 04 05  1545   57483  56700   3.03e+00  3.16e-01  2.89e-01  9.71e-02  5.59e-02  2.46e-02  8.59e+04  3.82e+03 -1.00e+05
2016 04 05  1550   57483  57000   3.45e+00  2.79e-01  2.52e-01  9.05e-02  5.45e-02  2.46e-02  8.72e+04  3.79e+03 -1.00e+05
2016 04 05  1555   57483  57300   3.18e+00  1.82e-01  1.55e-01  5.83e-02  4.72e-02  2.46e-02  8.79e+04  3.81e+03 -1.00e+05
2016 04 05  1600   57483  57600   2.96e+00  1.27e-01  9.97e-02  5.83e-02  4.72e-02  2.46e-02  8.79e+04  3.86e+03 -1.00e+05
2016 04 05  1605   57483  57900   3.19e+00  1.27e-01  9.97e-02  5.83e-02  4.72e-02  2.46e-02  8.79e+04  3.92e+03 -1.00e+05
2016 04 05  1610   57483  58200   3.13e+00  1.39e-01  1.13e-01  7.09e-02  5.00e-02  2.46e-02  8.79e+04  3.81e+03 -1.00e+05
2016 04 05  1615   57483  58500   7.39e+00  6.81e-01  2.34e-01  9.71e-02  8.60e-02  6.33e-02  8.79e+04  3.81e+03 -1.00e+05
2016 04 05  1620   57483  58800   3.26e+00  1.86e-01  1.59e-01  1.17e-01  1.06e-01  4.35e-02  8.69e+04  3.69e+03 -1.00e+05
2016 04 05  1625   57483  59100   2.57e+00  1.75e-01  1.49e-01  1.07e-01  9.60e-02  4.87e-02  8.33e+04  3.54e+03 -1.00e+05
2016 04 05  1630   57483  59400   2.76e+00  1.27e-01  9.97e-02  5.83e-02  4.72e-02  2.46e-02  8.56e+04  3.69e+03 -1.00e+05
2016 04 05  1635   57483  59700   4.34e+00  2.40e-01  1.70e-01  1.08e-01  7.00e-02  3.95e-02  8.70e+04  3.74e+03 -1.00e+05
2016 04 05  1640   57483  60000   2.83e+00  1.39e-01  1.13e-01  7.09e-02  5.00e-02  2.46e-02  8.34e+04  3.64e+03 -1.00e+05
2016 04 05  1645   57483  60300   2.76e+00  1.29e-01  1.02e-01  6.09e-02  4.98e-02  2.71e-02  8.51e+04  3.67e+03 -1.00e+05
2016 04 05  1650   57483  60600   4.82e+00  2.76e-01  1.60e-01  1.15e-01  1.04e-01  8.16e-02  8.62e+04  3.66e+03 -1.00e+05
2016 04 05  1655   57483  60900   2.70e+00  1.50e-01  1.23e-01  8.17e-02  6.41e-02  3.95e-02  8.30e+04  3.41e+03 -1.00e+05
2016 04 05  1700   57483  61200   2.50e+00  1.81e-01  1.54e-01  1.13e-01  1.02e-01  7.92e-02  8.07e+04  3.15e+03 -1.00e+05
2016 04 05  1705   57483  61500   4.07e+00  2.64e-01  1.47e-01  1.03e-01  9.19e-02  6.92e-02  8.04e+04  3.14e+03 -1.00e+05
2016 04 05  1710   57483  61800   2.41e+00  1.60e-01  1.33e-01  9.12e-02  6.24e-02  3.46e-02  8.11e+04  3.19e+03 -1.00e+05
2016 04 05  1715   57483  62100   3.31e+00  2.71e-01  2.01e-01  5.83e-02  4.72e-02  2.46e-02  7.96e+04  3.19e+03 -1.00e+05
2016 04 05  1720   57483  62400   2.79e+00  1.27e-01  9.98e-02  5.84e-02  4.73e-02  2.47e-02  8.25e+04  3.49e+03 -1.00e+05
2016 04 05  1725   57483  62700   2.93e+00  2.11e-01  1.84e-01  1.42e-01  1.31e-01  5.16e-02  8.30e+04  3.44e+03 -1.00e+05
2016 04 05  1730   57483  63000   4.42e+00  2.65e-01  1.22e-01  7.74e-02  5.15e-02  2.46e-02  7.98e+04  3.26e+03 -1.00e+05
2016 04 05  1735   57483  63300   3.36e+00  3.16e-01  2.26e-01  1.73e-01  1.62e-01  7.70e-02  8.08e+04  3.28e+03 -1.00e+05
2016 04 05  1740   57483  63600   2.28e+00  1.68e-01  1.41e-01  9.84e-02  5.40e-02  2.46e-02  8.08e+04  3.28e+03 -1.00e+05
2016 04 05  1745   57483  63900   3.85e+00  2.35e-01  1.16e-01  5.83e-02  4.72e-02  2.46e-02  7.93e+04  3.22e+03 -1.00e+05
2016 04 05  1750   57483  64200   3.28e+00  2.24e-01  1.54e-01  1.04e-01  6.53e-02  3.46e-02  8.04e+04  3.31e+03 -1.00e+05
2016 04 05  1755   57483  64500   4.00e+00  3.00e-01  1.81e-01  5.83e-02  4.72e-02  2.46e-02  8.32e+04  3.48e+03 -1.00e+05
2016 04 05  1800   57483  64800   3.23e+00  2.60e-01  1.93e-01  1.13e-01  1.02e-01  7.92e-02  8.30e+04  3.49e+03 -1.00e+05
2016 04 05  1805   57483  65100   4.12e+00  2.39e-01  1.21e-01  7.63e-02  5.71e-02  3.21e-02  8.00e+04  3.37e+03 -1.00e+05
2016 04 05  1810   57483  65400   2.44e+00  1.27e-01  9.97e-02  5.83e-02  4.72e-02  2.46e-02  8.07e+04  3.33e+03 -1.00e+05
2016 04 05  1815   57483  65700   3.47e+00  2.93e-01  1.98e-01  1.42e-01  9.95e-02  4.85e-02  7.93e+04  3.23e+03 -1.00e+05
2016 04 05  1820   57483  66000   3.44e+00  2.75e-01  1.56e-01  9.71e-02  5.59e-02  2.46e-02  7.90e+04  3.12e+03 -1.00e+05
2016 04 05  1825   57483  66300   2.26e+00  1.27e-01  9.97e-02  5.83e-02  4.72e-02  2.46e-02  7.71e+04  3.00e+03 -1.00e+05
2016 04 05  1830   57483  66600   2.50e+00  3.16e-01  2.89e-01  9.71e-02  5.59e-02  2.46e-02  7.71e+04  2.96e+03 -1.00e+05
2016 04 05  1835   57483  66900   2.24e+00  1.65e-01  1.39e-01  8.81e-02  7.70e-02  5.44e-02  7.61e+04  2.91e+03 -1.00e+05
2016 04 05  1840   57483  67200   2.08e+00  1.42e-01  1.15e-01  7.34e-02  6.23e-02  2.94e-02  7.53e+04  2.86e+03 -1.00e+05
2016 04 05  1845   57483  67500   2.30e+00  1.73e-01  1.46e-01  1.04e-01  8.87e-02  3.75e-02  7.45e+04  2.69e+03 -1.00e+05
2016 04 05  1850   57483  67800   2.33e+00  3.38e-01  2.22e-01  1.01e-01  8.94e-02  6.68e-02  7.13e+04  2.47e+03 -1.00e+05
2016 04 05  1855   57483  68100   1.81e+00  1.27e-01  9.97e-02  5.83e-02  4.72e-02  2.46e-02  7.13e+04  2.44e+03 -1.00e+05
2016 04 05  1900   57483  68400   3.43e+00  5.30e-01  2.65e-01  9.45e-02  8.34e-02  2.60e-02  7.13e+04  2.36e+03 -1.00e+05
2016 04 05  1905   57483  68700   2.11e+00  2.59e-01  2.32e-01  8.40e-02  5.30e-02  2.46e-02  7.13e+04  2.26e+03 -1.00e+05
2016 04 05  1910   57483  69000   3.05e+00  2.66e-01  1.48e-01  1.02e-01  6.30e-02  3.21e-02  7.03e+04  2.24e+03 -1.00e+05
2016 04 05  1915   57483  69300   2.40e+00  2.35e-01  1.16e-01  5.83e-02  4.72e-02  2.46e-02  6.83e+04  2.22e+03 -1.00e+05
2016 04 05  1920   57483  69600   1.78e+00  1.53e-01  1.26e-01  8.44e-02  6.74e-02  4.23e-02  6.87e+04  2.25e+03 -1.00e+05
2016 04 05  1925   57483  69900   2.36e+00  2.35e-01  1.16e-01  5.83e-02  4.72e-02  2.46e-02  7.13e+04  2.33e+03 -1.00e+05
2016 04 05  1930   57483  70200   3.22e+00  5.20e-01  2.33e-01  8.07e-02  6.96e-02  4.70e-02  7.12e+04  2.31e+03 -1.00e+05
2016 04 05  1935   57483  70500   3.23e+00  3.02e-01  1.36e-01  9.05e-02  5.45e-02  2.46e-02  7.09e+04  2.26e+03 -1.00e+05
2016 04 05  1940   57483  70800   1.71e+00  3.93e-01  3.66e-01  1.24e-01  7.56e-02  3.87e-02  6.79e+04  2.13e+03 -1.00e+05
2016 04 05  1945   57483  71100   1.45e+00  1.27e-01  9.97e-02  5.83e-02  4.72e-02  2.46e-02  6.59e+04  2.07e+03 -1.00e+05
2016 04 05  1950   57483  71400   1.54e+00  1.69e-01  1.42e-01  1.01e-01  8.98e-02  4.67e-02  6.26e+04  1.96e+03 -1.00e+05
2016 04 05  1955   57483  71700   3.15e+00  2.93e-01  1.27e-01  8.32e-02  7.21e-02  4.94e-02  6.27e+04  1.91e+03 -1.00e+05
2016 04 05  2000   57483  72000   1.80e+00  1.78e-01  1.08e-01  5.83e-02  4.72e-02  2.46e-02  4.91e+04  1.47e+03 -1.00e+05
2016 04 05  2005   57483  72300   1.27e+00  1.40e-01  1.13e-01  7.15e-02  5.79e-02  3.46e-02  4.82e+04  1.36e+03 -1.00e+05
2016 04 05  2010   57483  72600   1.56e+00  1.27e-01  9.97e-02  5.83e-02  4.72e-02  2.46e-02  5.22e+04  1.41e+03 -1.00e+05
2016 04 05  2015   57483  72900   2.35e+00  2.26e-01  1.08e-01  6.34e-02  5.23e-02  2.96e-02  5.13e+04  1.47e+03 -1.00e+05
2016 04 05  2020   57483  73200   2.86e+00  4.08e-01  1.89e-01  7.82e-02  6.71e-02  4.45e-02  5.24e+04  1.46e+03 -1.00e+05
2016 04 05  2025   57483  73500   2.16e+00  2.20e-01  1.93e-01  5.83e-02  4.72e-02  2.46e-02  5.28e+04  1.50e+03 -1.00e+05
2016 04 05  2030   57483  73800   2.84e+00  2.57e-01  1.38e-01  6.43e-02  4.86e-02  2.46e-02  5.51e+04  1.61e+03 -1.00e+05
2016 04 05  2035   57483  74100   2.05e+00  1.87e-01  1.17e-01  6.83e-02  5.72e-02  3.46e-02  5.15e+04  1.41e+03 -1.00e+05
2016 04 05  2040   57483  74400   3.41e+00  3.00e-01  1.87e-01  1.42e-01  9.63e-02  5.57e-02  5.05e+04  1.39e+03 -1.00e+05
2016 04 05  2045   57483  74700   2.78e+00  2.35e-01  1.19e-01  6.09e-02  4.98e-02  2.54e-02  5.25e+04  1.43e+03 -1.00e+05
2016 04 05  2050   57483  75000   1.62e+00  1.34e-01  1.07e-01  6.58e-02  5.47e-02  3.21e-02  5.27e+04  1.46e+03 -1.00e+05
2016 04 05  2055   57483  75300   3.01e+00  2.62e-01  1.20e-01  7.58e-02  6.47e-02  4.20e-02  5.49e+04  1.56e+03 -1.00e+05
2016 04 05  2100   57483  75600   1.50e+00  1.66e-01  1.40e-01  9.67e-02  5.40e-02  2.46e-02  5.67e+04  1.69e+03 -1.00e+05
2016 04 05  2105   57483  75900   1.58e+00  1.27e-01  9.97e-02  5.83e-02  4.72e-02  2.46e-02  5.73e+04  1.78e+03 -1.00e+05
2016 04 05  2110   57483  76200   1.86e+00  2.28e-01  2.01e-01  1.60e-01  1.49e-01  9.76e-02  5.81e+04  1.85e+03 -1.00e+05
2016 04 05  2115   57483  76500   1.51e+00  1.41e-01  1.15e-01  7.33e-02  6.22e-02  3.95e-02  5.71e+04  1.78e+03 -1.00e+05
2016 04 05  2120   57483  76800   2.25e+00  2.65e-01  1.48e-01  9.06e-02  7.95e-02  5.69e-02  5.73e+04  1.70e+03 -1.00e+05
2016 04 05  2125   57483  77100   1.66e+00  1.92e-01  1.22e-01  7.33e-02  6.22e-02  3.95e-02  5.54e+04  1.64e+03 -1.00e+05
2016 04 05  2130   57483  77400   1.72e+00  2.32e-01  1.74e-01  1.25e-01  7.40e-02  2.94e-02  5.41e+04  1.59e+03 -1.00e+05
2016 04 05  2135   57483  77700   1.85e+00  2.60e-01  2.08e-01  1.61e-01  1.36e-01  5.16e-02  5.36e+04  1.54e+03 -1.00e+05
2016 04 05  2140   57483  78000   2.43e+00  4.75e-01  1.97e-01  5.83e-02  4.72e-02  2.46e-02  5.43e+04  1.60e+03 -1.00e+05
2016 04 05  2145   57483  78300   2.27e+00  2.46e-01  1.02e-01  5.83e-02  4.72e-02  2.46e-02  5.10e+04  1.52e+03 -1.00e+05
2016 04 05  2150   57483  78600   1.59e+00  2.54e-01  2.27e-01  1.85e-01  1.50e-01  7.38e-02  5.29e+04  1.57e+03 -1.00e+05
2016 04 05  2155   57483  78900   1.07e+00  1.61e-01  1.34e-01  9.25e-02  6.66e-02  2.94e-02  5.25e+04  1.57e+03 -1.00e+05
2016 04 05  2200   57483  79200   1.30e+00  1.54e-01  1.27e-01  8.60e-02  7.49e-02  3.34e-02  5.32e+04  1.63e+03 -1.00e+05
2016 04 05  2205   57483  79500   1.66e+00  2.57e-01  2.08e-01  8.60e-02  7.49e-02  3.34e-02  5.19e+04  1.53e+03 -1.00e+05
2016 04 05  2210   57483  79800   1.03e+00  1.60e-01  1.33e-01  9.05e-02  5.45e-02  2.46e-02  5.02e+04  1.46e+03 -1.00e+05
2016 04 05  2215   57483  80100   1.51e+00  1.80e-01  1.37e-01  9.22e-02  8.11e-02  3.55e-02  4.93e+04  1.38e+03 -1.00e+05
2016 04 05  2220   57483  80400   1.66e+00  3.55e-01  2.39e-01  9.56e-02  8.45e-02  6.18e-02  4.77e+04  1.32e+03 -1.00e+05
2016 04 05  2225   57483  80700   1.37e+00  1.63e-01  1.37e-01  8.57e-02  7.46e-02  5.19e-02  4.62e+04  1.25e+03 -1.00e+05
2016 04 05  2230   57483  81000   1.66e+00  3.05e-01  1.40e-01  9.57e-02  8.46e-02  2.60e-02  4.59e+04  1.21e+03 -1.00e+05
2016 04 05  2235   57483  81300   1.15e+00  2.38e-01  2.11e-01  8.00e-02  5.41e-02  2.54e-02  4.64e+04  1.16e+03 -1.00e+05
2016 04 05  2240   57483  81600   1.24e+00  1.39e-01  1.13e-01  7.09e-02  5.00e-02  2.46e-02  4.40e+04  1.10e+03 -1.00e+05
2016 04 05  2245   57483  81900   9.82e-01  1.69e-01  1.42e-01  9.95e-02  6.62e-02  3.70e-02  4.39e+04  1.05e+03 -1.00e+05
2016 04 05  2250   57483  82200   1.13e+00  2.54e-01  1.85e-01  1.35e-01  8.37e-02  4.94e-02  4.30e+04  9.94e+02 -1.00e+05
2016 04 05  2255   57483  82500   9.82e-01  2.26e-01  1.99e-01  1.04e-01  8.64e-02  6.18e-02  3.99e+04  9.54e+02 -1.00e+05
2016 04 05  2300   57483  82800   8.71e-01  1.51e-01  1.25e-01  8.32e-02  7.21e-02  4.94e-02  4.06e+04  9.19e+02 -1.00e+05
2016 04 05  2305   57483  83100   1.14e+00  2.42e-01  1.16e-01  5.94e-02  4.78e-02  2.48e-02  3.93e+04  8.91e+02 -1.00e+05
2016 04 05  2310   57483  83400   9.08e-01  1.93e-01  1.66e-01  1.25e-01  7.02e-02  2.86e-02  3.76e+04  8.49e+02 -1.00e+05
2016 04 05  2315   57483  83700   6.68e-01  1.40e-01  1.13e-01  7.43e-02  6.26e-02  3.97e-02  3.70e+04  8.12e+02 -1.00e+05
2016 04 05  2320   57483  84000   1.00e+00  1.64e-01  1.38e-01  9.90e-02  8.74e-02  6.45e-02  3.56e+04  7.90e+02 -1.00e+05
2016 04 05  2325   57483  84300   9.73e-01  2.97e-01  2.20e-01  5.94e-02  4.78e-02  2.48e-02  3.38e+04  7.47e+02 -1.00e+05
2016 04 05  2330   57483  84600   7.53e-01  1.35e-01  1.09e-01  6.97e-02  5.01e-02  2.48e-02  3.38e+04  7.19e+02 -1.00e+05
2016 04 05  2335   57483  84900   6.06e-01  1.25e-01  9.85e-02  5.94e-02  4.78e-02  2.48e-02  3.03e+04  6.69e+02 -1.00e+05
2016 04 05  2340   57483  85200   6.50e-01  1.36e-01  1.10e-01  7.11e-02  5.95e-02  2.86e-02  3.11e+04  6.73e+02 -1.00e+05
2016 04 05  2345   57483  85500   4.81e-01  1.55e-01  1.28e-01  8.91e-02  7.75e-02  5.46e-02  3.12e+04  6.96e+02 -1.00e+05
2016 04 05  2350   57483  85800   9.30e-01  2.46e-01  1.44e-01  1.02e-01  9.08e-02  3.87e-02  3.08e+04  7.01e+02 -1.00e+05
2016 04 05  2355   57483  86100   8.23e-01  2.84e-01  2.58e-01  1.19e-01  1.07e-01  8.43e-02  3.13e+04  7.19e+02 -1.00e+05
