:Data_list: 20160223_Gs_part_5m.txt
:Created: 2016 Feb 24 0011 UTC
# Prepared by the U.S. Dept. of Commerce, NOAA, Space Weather Prediction Center
# Please send comments and suggestions to SWPC.Webmaster@noaa.gov 
# 
# Label: P > 1 = Particles at >1 Mev
# Label: P > 5 = Particles at >5 Mev
# Label: P >10 = Particles at >10 Mev
# Label: P >30 = Particles at >30 Mev
# Label: P >50 = Particles at >50 Mev
# Label: P>100 = Particles at >100 Mev
# Label: E>0.8 = Electrons at >0.8 Mev
# Label: E>2.0 = Electrons at >2.0 Mev
# Label: E>4.0 = Electrons at >4.0 Mev
# Units: Particles = Protons/cm2-s-sr
# Units: Electrons = Electrons/cm2-s-sr
# Source: GOES-15
# Location: W135
# Missing data: -1.00e+05
#
#                      5-minute  GOES-15 Solar Particle and Electron Flux
#
#                 Modified Seconds
# UTC Date  Time   Julian  of the
# YR MO DA  HHMM    Day     Day     P > 1     P > 5     P >10     P >30     P >50     P>100     E>0.8     E>2.0     E>4.0
#-------------------------------------------------------------------------------------------------------------------------
2016 02 23  0000   57441      0   9.61e+00  2.60e-01  2.32e-01  5.49e-02  4.42e-02  2.27e-02  7.13e+04  8.08e+03 -1.00e+05
2016 02 23  0005   57441    300   9.44e+00  1.42e-01  1.15e-01  6.79e-02  4.71e-02  2.27e-02  7.13e+04  7.89e+03 -1.00e+05
2016 02 23  0010   57441    600   1.23e+01  2.34e-01  1.17e-01  5.49e-02  4.42e-02  2.27e-02  7.13e+04  7.73e+03 -1.00e+05
2016 02 23  0015   57441    900   8.06e+00  2.98e-01  2.71e-01  9.82e-02  7.24e-02  4.66e-02  7.13e+04  7.57e+03 -1.00e+05
2016 02 23  0020   57441   1200   8.16e+00  1.37e-01  1.10e-01  6.38e-02  5.31e-02  3.17e-02  7.13e+04  7.67e+03 -1.00e+05
2016 02 23  0025   57441   1500   1.65e+01  6.63e-01  3.51e-01  8.39e-02  5.38e-02  2.67e-02  7.13e+04  7.92e+03 -1.00e+05
2016 02 23  0030   57441   1800   9.25e+00  2.88e-01  2.61e-01  9.11e-02  8.04e-02  5.89e-02  7.13e+04  7.82e+03 -1.00e+05
2016 02 23  0035   57441   2100   8.78e+00  1.82e-01  1.54e-01  5.49e-02  4.42e-02  2.27e-02  7.13e+04  7.67e+03 -1.00e+05
2016 02 23  0040   57441   2400   7.73e+00  1.52e-01  1.25e-01  7.87e-02  6.80e-02  4.66e-02  7.09e+04  7.42e+03 -1.00e+05
2016 02 23  0045   57441   2700   1.03e+01  3.21e-01  2.53e-01  6.79e-02  4.71e-02  2.27e-02  6.93e+04  7.20e+03 -1.00e+05
2016 02 23  0050   57441   3000   1.08e+01  2.80e-01  1.64e-01  1.00e-01  5.95e-02  3.17e-02  6.79e+04  6.90e+03 -1.00e+05
2016 02 23  0055   57441   3300   1.09e+01  2.32e-01  1.11e-01  6.14e-02  5.06e-02  2.92e-02  6.66e+04  6.84e+03 -1.00e+05
2016 02 23  0100   57441   3600   7.36e+00  1.35e-01  1.08e-01  6.14e-02  5.06e-02  2.92e-02  6.67e+04  6.78e+03 -1.00e+05
2016 02 23  0105   57441   3900   9.40e+00  2.29e-01  1.61e-01  6.38e-02  5.31e-02  3.17e-02  6.53e+04  6.71e+03 -1.00e+05
2016 02 23  0110   57441   4200   7.08e+00  1.62e-01  1.35e-01  8.76e-02  5.15e-02  2.27e-02  6.53e+04  6.55e+03 -1.00e+05
2016 02 23  0115   57441   4500   1.53e+01  3.58e-01  1.30e-01  7.99e-02  6.92e-02  3.08e-02  6.51e+04  6.47e+03 -1.00e+05
2016 02 23  0120   57441   4800   6.79e+00  1.82e-01  1.54e-01  5.49e-02  4.42e-02  2.27e-02  6.46e+04  6.32e+03 -1.00e+05
2016 02 23  0125   57441   5100   6.08e+00  1.42e-01  1.15e-01  6.79e-02  4.71e-02  2.27e-02  6.26e+04  6.07e+03 -1.00e+05
2016 02 23  0130   57441   5400   9.59e+00  2.78e-01  1.62e-01  9.88e-02  5.91e-02  2.92e-02  6.26e+04  6.02e+03 -1.00e+05
2016 02 23  0135   57441   5700   6.06e+00  1.35e-01  1.08e-01  6.14e-02  5.06e-02  2.92e-02  6.28e+04  5.98e+03 -1.00e+05
2016 02 23  0140   57441   6000   8.34e+00  2.67e-01  1.51e-01  8.76e-02  5.15e-02  2.27e-02  6.26e+04  5.86e+03 -1.00e+05
2016 02 23  0145   57441   6300   5.32e+00  1.28e-01  1.01e-01  5.49e-02  4.42e-02  2.27e-02  6.25e+04  5.83e+03 -1.00e+05
2016 02 23  0150   57441   6600   5.39e+00  2.66e-01  2.39e-01  6.14e-02  4.56e-02  2.27e-02  6.26e+04  5.74e+03 -1.00e+05
2016 02 23  0155   57441   6900   5.19e+00  2.31e-01  2.03e-01  1.30e-01  1.19e-01  4.69e-02  6.18e+04  5.65e+03 -1.00e+05
2016 02 23  0200   57441   7200   5.24e+00  1.66e-01  1.39e-01  9.24e-02  8.17e-02  3.48e-02  6.22e+04  5.76e+03 -1.00e+05
2016 02 23  0205   57441   7500   4.68e+00  1.75e-01  1.48e-01  1.01e-01  5.45e-02  2.27e-02  6.23e+04  5.50e+03 -1.00e+05
2016 02 23  0210   57441   7800   4.53e+00  1.93e-01  1.66e-01  1.06e-01  7.51e-02  3.08e-02  5.95e+04  5.32e+03 -1.00e+05
2016 02 23  0215   57441   8100   4.14e+00  1.66e-01  1.39e-01  9.24e-02  8.17e-02  3.48e-02  5.99e+04  5.28e+03 -1.00e+05
2016 02 23  0220   57441   8400   3.85e+00  1.28e-01  1.01e-01  5.49e-02  4.42e-02  2.27e-02  5.95e+04  5.08e+03 -1.00e+05
2016 02 23  0225   57441   8700   3.35e+00  1.71e-01  1.44e-01  9.63e-02  5.06e-02  2.27e-02  5.73e+04  4.93e+03 -1.00e+05
2016 02 23  0230   57441   9000   3.18e+00  1.50e-01  1.22e-01  7.62e-02  6.55e-02  4.41e-02  5.73e+04  4.84e+03 -1.00e+05
2016 02 23  0235   57441   9300   3.28e+00  1.28e-01  1.01e-01  5.49e-02  4.42e-02  2.27e-02  5.73e+04  5.02e+03 -1.00e+05
2016 02 23  0240   57441   9600   3.92e+00  2.10e-01  1.44e-01  9.11e-02  8.04e-02  5.89e-02  5.73e+04  4.93e+03 -1.00e+05
2016 02 23  0245   57441   9900   3.64e+00  2.65e-01  2.01e-01  1.25e-01  1.14e-01  4.78e-02  5.66e+04  4.83e+03 -1.00e+05
2016 02 23  0250   57441  10200   3.54e+00  2.54e-01  1.37e-01  7.45e-02  4.86e-02  2.27e-02  5.34e+04  4.43e+03 -1.00e+05
2016 02 23  0255   57441  10500   4.66e+00  3.24e-01  1.37e-01  8.67e-02  6.59e-02  2.88e-02  4.49e+04  3.35e+03 -1.00e+05
2016 02 23  0300   57441  10800   3.22e+00  1.81e-01  1.54e-01  1.07e-01  8.40e-02  5.89e-02  4.27e+04  3.21e+03 -1.00e+05
2016 02 23  0305   57441  11100   4.59e+00  2.72e-01  1.58e-01  9.60e-02  8.53e-02  6.39e-02  4.60e+04  3.33e+03 -1.00e+05
2016 02 23  0310   57441  11400   3.49e+00  1.28e-01  1.01e-01  5.49e-02  4.42e-02  2.27e-02  4.33e+04  3.26e+03 -1.00e+05
2016 02 23  0315   57441  11700   3.22e+00  1.35e-01  1.08e-01  6.14e-02  4.56e-02  2.27e-02  4.46e+04  3.26e+03 -1.00e+05
2016 02 23  0320   57441  12000   3.36e+00  2.08e-01  1.80e-01  5.49e-02  4.42e-02  2.27e-02  4.62e+04  3.32e+03 -1.00e+05
2016 02 23  0325   57441  12300   5.59e+00  2.88e-01  1.69e-01  1.18e-01  7.56e-02  4.27e-02  4.47e+04  3.20e+03 -1.00e+05
2016 02 23  0330   57441  12600   7.06e+00  2.94e-01  1.68e-01  1.18e-01  9.72e-02  3.88e-02  4.29e+04  3.14e+03 -1.00e+05
2016 02 23  0335   57441  12900   5.86e+00  2.26e-01  1.05e-01  5.49e-02  4.42e-02  2.27e-02  4.62e+04  3.24e+03 -1.00e+05
2016 02 23  0340   57441  13200   5.73e+00  1.97e-01  1.29e-01  7.45e-02  4.86e-02  2.27e-02  4.44e+04  3.27e+03 -1.00e+05
2016 02 23  0345   57441  13500   4.18e+00  1.28e-01  1.01e-01  5.49e-02  4.42e-02  2.27e-02  4.44e+04  3.22e+03 -1.00e+05
2016 02 23  0350   57441  13800   4.04e+00  1.52e-01  1.25e-01  7.87e-02  6.80e-02  4.66e-02  4.48e+04  3.24e+03 -1.00e+05
2016 02 23  0355   57441  14100   7.48e+00  4.72e-01  2.63e-01  5.49e-02  4.42e-02  2.27e-02  4.42e+04  3.16e+03 -1.00e+05
2016 02 23  0400   57441  14400   4.31e+00  1.82e-01  1.54e-01  5.49e-02  4.42e-02  2.27e-02  4.39e+04  3.14e+03 -1.00e+05
2016 02 23  0405   57441  14700   5.31e+00  1.76e-01  1.08e-01  5.49e-02  4.42e-02  2.27e-02  4.64e+04  3.32e+03 -1.00e+05
2016 02 23  0410   57441  15000   3.86e+00  2.13e-01  1.85e-01  1.05e-01  9.43e-02  3.88e-02  4.65e+04  3.28e+03 -1.00e+05
2016 02 23  0415   57441  15300   4.35e+00  1.52e-01  1.25e-01  7.86e-02  6.79e-02  4.65e-02  4.44e+04  3.22e+03 -1.00e+05
2016 02 23  0420   57441  15600   5.10e+00  2.05e-01  1.39e-01  8.51e-02  6.94e-02  4.66e-02  4.57e+04  3.25e+03 -1.00e+05
2016 02 23  0425   57441  15900   4.46e+00  1.42e-01  1.15e-01  6.88e-02  5.81e-02  3.66e-02  4.66e+04  3.33e+03 -1.00e+05
2016 02 23  0430   57441  16200   4.21e+00  1.82e-01  1.54e-01  5.49e-02  4.42e-02  2.27e-02  4.57e+04  3.28e+03 -1.00e+05
2016 02 23  0435   57441  16500   4.49e+00  1.28e-01  1.01e-01  5.49e-02  4.42e-02  2.27e-02  4.54e+04  3.27e+03 -1.00e+05
2016 02 23  0440   57441  16800   4.24e+00  1.30e-01  1.03e-01  5.64e-02  4.57e-02  2.43e-02  4.61e+04  3.23e+03 -1.00e+05
2016 02 23  0445   57441  17100   6.20e+00  2.30e-01  1.09e-01  5.89e-02  4.82e-02  2.67e-02  4.56e+04  3.19e+03 -1.00e+05
2016 02 23  0450   57441  17400   4.12e+00  1.82e-01  1.55e-01  5.49e-02  4.42e-02  2.27e-02  4.40e+04  3.17e+03 -1.00e+05
2016 02 23  0455   57441  17700   6.00e+00  2.34e-01  1.17e-01  5.49e-02  4.42e-02  2.27e-02  4.40e+04  3.14e+03 -1.00e+05
2016 02 23  0500   57441  18000   5.28e+00  2.30e-01  1.62e-01  5.49e-02  4.42e-02  2.27e-02  4.38e+04  3.02e+03 -1.00e+05
2016 02 23  0505   57441  18300   3.80e+00  2.80e-01  2.53e-01  7.45e-02  4.86e-02  2.27e-02  4.19e+04  2.86e+03 -1.00e+05
2016 02 23  0510   57441  18600   3.89e+00  2.80e-01  2.53e-01  7.45e-02  4.86e-02  2.27e-02  4.39e+04  2.97e+03 -1.00e+05
2016 02 23  0515   57441  18900   3.82e+00  1.75e-01  1.48e-01  1.01e-01  5.45e-02  2.27e-02  4.39e+04  2.96e+03 -1.00e+05
2016 02 23  0520   57441  19200   3.83e+00  2.12e-01  1.85e-01  9.35e-02  8.28e-02  6.14e-02  4.17e+04  2.85e+03 -1.00e+05
2016 02 23  0525   57441  19500   4.63e+00  1.85e-01  1.17e-01  6.38e-02  5.31e-02  3.17e-02  4.16e+04  2.73e+03 -1.00e+05
2016 02 23  0530   57441  19800   6.10e+00  3.06e-01  1.55e-01  1.05e-01  9.43e-02  3.88e-02  4.16e+04  2.76e+03 -1.00e+05
2016 02 23  0535   57441  20100   6.42e+00  4.54e-01  3.21e-01  2.68e-01  1.72e-01  5.29e-02  4.17e+04  2.75e+03 -1.00e+05
2016 02 23  0540   57441  20400   4.20e+00  2.01e-01  1.34e-01  8.12e-02  7.05e-02  4.90e-02  4.17e+04  2.77e+03 -1.00e+05
2016 02 23  0545   57441  20700   4.26e+00  2.30e-01  1.63e-01  5.49e-02  4.42e-02  2.27e-02  4.16e+04  2.76e+03 -1.00e+05
2016 02 23  0550   57441  21000   3.29e+00  1.74e-01  1.47e-01  1.01e-01  9.03e-02  6.88e-02  4.16e+04  2.76e+03 -1.00e+05
2016 02 23  0555   57441  21300   4.90e+00  2.40e-01  1.24e-01  6.14e-02  4.56e-02  2.27e-02  4.16e+04  2.74e+03 -1.00e+05
2016 02 23  0600   57441  21600   3.61e+00  1.68e-01  1.40e-01  9.35e-02  6.25e-02  2.68e-02  4.10e+04  2.65e+03 -1.00e+05
2016 02 23  0605   57441  21900   6.38e+00  4.20e-01  1.84e-01  7.37e-02  6.30e-02  4.16e-02  4.05e+04  2.63e+03 -1.00e+05
2016 02 23  0610   57441  22200   3.40e+00  1.77e-01  1.50e-01  1.03e-01  7.65e-02  5.05e-02  3.96e+04  2.57e+03 -1.00e+05
2016 02 23  0615   57441  22500   3.00e+00  1.28e-01  1.01e-01  5.49e-02  4.42e-02  2.27e-02  3.96e+04  2.53e+03 -1.00e+05
2016 02 23  0620   57441  22800   3.06e+00  1.69e-01  1.42e-01  9.41e-02  5.30e-02  2.27e-02  3.96e+04  2.49e+03 -1.00e+05
2016 02 23  0625   57441  23100   2.77e+00  1.82e-01  1.55e-01  1.07e-01  5.60e-02  2.27e-02  3.87e+04  2.46e+03 -1.00e+05
2016 02 23  0630   57441  23400   3.24e+00  1.66e-01  1.39e-01  9.24e-02  8.17e-02  3.48e-02  3.80e+04  2.41e+03 -1.00e+05
2016 02 23  0635   57441  23700   3.01e+00  1.55e-01  1.27e-01  8.12e-02  7.05e-02  4.90e-02  3.76e+04  2.36e+03 -1.00e+05
2016 02 23  0640   57441  24000   3.05e+00  1.45e-01  1.17e-01  7.13e-02  6.06e-02  3.91e-02  3.76e+04  2.36e+03 -1.00e+05
2016 02 23  0645   57441  24300   4.21e+00  2.81e-01  1.70e-01  1.07e-01  6.07e-02  2.47e-02  3.69e+04  2.31e+03 -1.00e+05
2016 02 23  0650   57441  24600   2.76e+00  1.35e-01  1.08e-01  6.14e-02  5.06e-02  2.92e-02  3.57e+04  2.31e+03 -1.00e+05
2016 02 23  0655   57441  24900   5.04e+00  2.55e-01  1.09e-01  5.89e-02  4.82e-02  2.67e-02  3.56e+04  2.18e+03 -1.00e+05
2016 02 23  0700   57441  25200   3.22e+00  1.83e-01  1.15e-01  6.14e-02  4.56e-02  2.27e-02  3.47e+04  2.12e+03 -1.00e+05
2016 02 23  0705   57441  25500   2.72e+00  1.28e-01  1.01e-01  5.49e-02  4.42e-02  2.27e-02  3.41e+04  2.08e+03 -1.00e+05
2016 02 23  0710   57441  25800   4.20e+00  6.37e-01  3.30e-01  5.49e-02  4.42e-02  2.27e-02  3.41e+04  2.09e+03 -1.00e+05
2016 02 23  0715   57441  26100   2.67e+00  1.28e-01  1.01e-01  5.49e-02  4.42e-02  2.27e-02  3.40e+04  2.08e+03 -1.00e+05
2016 02 23  0720   57441  26400   2.59e+00  1.99e-01  1.72e-01  1.24e-01  8.18e-02  5.40e-02  3.38e+04  2.04e+03 -1.00e+05
2016 02 23  0725   57441  26700   4.53e+00  2.72e-01  1.51e-01  9.89e-02  5.05e-02  2.27e-02  3.27e+04  1.92e+03 -1.00e+05
2016 02 23  0730   57441  27000   2.63e+00  1.28e-01  1.01e-01  5.49e-02  4.42e-02  2.27e-02  3.26e+04  1.92e+03 -1.00e+05
2016 02 23  0735   57441  27300   4.10e+00  3.28e-01  1.82e-01  7.13e-02  6.06e-02  3.91e-02  3.20e+04  1.85e+03 -1.00e+05
2016 02 23  0740   57441  27600   4.03e+00  2.37e-01  1.24e-01  7.39e-02  6.32e-02  2.99e-02  3.14e+04  1.85e+03 -1.00e+05
2016 02 23  0745   57441  27900   2.64e+00  1.35e-01  1.08e-01  6.14e-02  4.56e-02  2.27e-02  3.13e+04  1.81e+03 -1.00e+05
2016 02 23  0750   57441  28200   5.09e+00  7.18e-01  4.41e-01  1.14e-01  7.22e-02  4.16e-02  3.13e+04  1.80e+03 -1.00e+05
2016 02 23  0755   57441  28500   2.54e+00  1.48e-01  1.21e-01  7.45e-02  4.86e-02  2.27e-02  3.09e+04  1.82e+03 -1.00e+05
2016 02 23  0800   57441  28800   2.84e+00  1.28e-01  1.01e-01  5.49e-02  4.42e-02  2.27e-02  3.03e+04  1.76e+03 -1.00e+05
2016 02 23  0805   57441  29100   3.35e+00  1.91e-01  1.25e-01  7.13e-02  6.06e-02  3.91e-02  3.08e+04  1.78e+03 -1.00e+05
2016 02 23  0810   57441  29400   2.61e+00  1.86e-01  1.59e-01  1.12e-01  8.61e-02  3.48e-02  3.04e+04  1.78e+03 -1.00e+05
2016 02 23  0815   57441  29700   5.21e+00  3.20e-01  1.05e-01  5.49e-02  4.42e-02  2.27e-02  3.07e+04  1.78e+03 -1.00e+05
2016 02 23  0820   57441  30000   4.59e+00  3.10e-01  1.73e-01  7.63e-02  6.56e-02  3.90e-02  3.07e+04  1.79e+03 -1.00e+05
2016 02 23  0825   57441  30300   2.69e+00  1.97e-01  1.70e-01  1.24e-01  1.13e-01  6.78e-02  3.13e+04  1.80e+03 -1.00e+05
2016 02 23  0830   57441  30600   5.19e+00  5.11e-01  2.27e-01  7.87e-02  6.80e-02  4.66e-02  3.13e+04  1.82e+03 -1.00e+05
2016 02 23  0835   57441  30900   3.66e+00  2.03e-01  1.37e-01  8.36e-02  7.29e-02  5.15e-02  3.13e+04  1.85e+03 -1.00e+05
2016 02 23  0840   57441  31200   2.86e+00  2.09e-01  1.81e-01  8.10e-02  5.01e-02  2.27e-02  3.12e+04  1.83e+03 -1.00e+05
2016 02 23  0845   57441  31500   4.14e+00  4.06e-01  2.89e-01  9.41e-02  5.30e-02  2.27e-02  3.11e+04  1.83e+03 -1.00e+05
2016 02 23  0850   57441  31800   5.79e+00  3.95e-01  1.38e-01  8.86e-02  7.79e-02  5.65e-02  3.10e+04  1.85e+03 -1.00e+05
2016 02 23  0855   57441  32100   2.30e+00  1.50e-01  1.23e-01  7.67e-02  6.60e-02  4.09e-02  3.06e+04  1.83e+03 -1.00e+05
2016 02 23  0900   57441  32400   2.55e+00  1.28e-01  1.01e-01  5.49e-02  4.42e-02  2.27e-02  3.05e+04  1.78e+03 -1.00e+05
2016 02 23  0905   57441  32700   5.81e+00  6.66e-01  2.97e-01  8.93e-02  6.08e-02  3.42e-02  2.97e+04  1.78e+03 -1.00e+05
2016 02 23  0910   57441  33000   3.25e+00  1.98e-01  1.32e-01  7.87e-02  6.80e-02  4.66e-02  3.05e+04  1.84e+03 -1.00e+05
2016 02 23  0915   57441  33300   2.85e+00  2.31e-01  1.63e-01  5.64e-02  4.57e-02  2.43e-02  3.01e+04  1.76e+03 -1.00e+05
2016 02 23  0920   57441  33600   1.87e+00  1.28e-01  1.01e-01  5.49e-02  4.42e-02  2.27e-02  2.94e+04  1.69e+03 -1.00e+05
2016 02 23  0925   57441  33900   1.88e+00  1.28e-01  1.01e-01  5.49e-02  4.42e-02  2.27e-02  3.00e+04  1.72e+03 -1.00e+05
2016 02 23  0930   57441  34200   1.50e+00  1.50e-01  1.22e-01  7.63e-02  6.56e-02  4.41e-02  2.85e+04  1.60e+03 -1.00e+05
2016 02 23  0935   57441  34500   2.22e+00  2.38e-01  1.61e-01  1.05e-01  9.46e-02  4.00e-02  2.73e+04  1.52e+03 -1.00e+05
2016 02 23  0940   57441  34800   3.21e+00  4.07e-01  1.97e-01  8.10e-02  5.01e-02  2.27e-02  2.83e+04  1.56e+03 -1.00e+05
2016 02 23  0945   57441  35100   1.66e+00  1.28e-01  1.01e-01  5.49e-02  4.42e-02  2.27e-02  2.89e+04  1.63e+03 -1.00e+05
2016 02 23  0950   57441  35400   1.56e+00  1.62e-01  1.35e-01  8.86e-02  7.79e-02  5.65e-02  2.91e+04  1.64e+03 -1.00e+05
2016 02 23  0955   57441  35700   1.89e+00  2.26e-01  1.99e-01  1.24e-01  1.13e-01  4.49e-02  2.86e+04  1.64e+03 -1.00e+05
2016 02 23  1000   57441  36000   1.45e+00  1.48e-01  1.21e-01  7.45e-02  4.86e-02  2.27e-02  2.91e+04  1.66e+03 -1.00e+05
2016 02 23  1005   57441  36300   1.47e+00  1.79e-01  1.52e-01  1.06e-01  9.52e-02  7.38e-02  2.93e+04  1.66e+03 -1.00e+05
2016 02 23  1010   57441  36600   1.63e+00  1.42e-01  1.15e-01  6.79e-02  4.71e-02  2.27e-02  3.00e+04  1.70e+03 -1.00e+05
2016 02 23  1015   57441  36900   1.53e+00  1.67e-01  1.40e-01  9.35e-02  8.28e-02  6.14e-02  3.00e+04  1.68e+03 -1.00e+05
2016 02 23  1020   57441  37200   3.12e+00  3.26e-01  1.33e-01  8.36e-02  7.29e-02  5.15e-02  3.00e+04  1.75e+03 -1.00e+05
2016 02 23  1025   57441  37500   1.64e+00  3.33e-01  3.06e-01  1.31e-01  1.00e-01  3.88e-02  3.01e+04  1.73e+03 -1.00e+05
2016 02 23  1030   57441  37800   1.67e+00  2.04e-01  1.77e-01  8.36e-02  7.29e-02  5.15e-02  3.00e+04  1.72e+03 -1.00e+05
2016 02 23  1035   57441  38100   1.44e+00  1.28e-01  1.01e-01  5.49e-02  4.42e-02  2.27e-02  3.00e+04  1.76e+03 -1.00e+05
2016 02 23  1040   57441  38400   1.66e+00  2.54e-01  2.27e-01  1.11e-01  1.00e-01  7.87e-02  3.12e+04  1.76e+03 -1.00e+05
2016 02 23  1045   57441  38700   2.45e+00  1.83e-01  1.15e-01  6.14e-02  4.56e-02  2.27e-02  3.10e+04  1.87e+03 -1.00e+05
2016 02 23  1050   57441  39000   1.88e+00  2.33e-01  2.06e-01  8.55e-02  7.48e-02  2.38e-02  3.14e+04  1.90e+03 -1.00e+05
2016 02 23  1055   57441  39300   2.24e+00  2.17e-01  1.90e-01  9.87e-02  8.80e-02  3.68e-02  3.19e+04  1.95e+03 -1.00e+05
2016 02 23  1100   57441  39600   2.59e+00  2.18e-01  1.58e-01  1.05e-01  7.17e-02  3.72e-02  3.29e+04  2.07e+03 -1.00e+05
2016 02 23  1105   57441  39900   2.42e+00  2.93e-01  2.66e-01  8.76e-02  5.15e-02  2.27e-02  3.33e+04  2.07e+03 -1.00e+05
2016 02 23  1110   57441  40200   2.46e+00  1.28e-01  1.01e-01  5.49e-02  4.42e-02  2.27e-02  3.38e+04  2.12e+03 -1.00e+05
2016 02 23  1115   57441  40500   2.59e+00  1.59e-01  1.32e-01  8.61e-02  7.54e-02  5.40e-02  3.40e+04  2.22e+03 -1.00e+05
2016 02 23  1120   57441  40800   2.86e+00  1.48e-01  1.21e-01  7.45e-02  4.86e-02  2.27e-02  3.40e+04  2.16e+03 -1.00e+05
2016 02 23  1125   57441  41100   3.07e+00  1.53e-01  1.26e-01  7.99e-02  6.92e-02  3.08e-02  3.48e+04  2.31e+03 -1.00e+05
2016 02 23  1130   57441  41400   3.32e+00  1.62e-01  1.35e-01  5.49e-02  4.42e-02  2.27e-02  3.56e+04  2.37e+03 -1.00e+05
2016 02 23  1135   57441  41700   2.96e+00  1.48e-01  1.21e-01  7.45e-02  4.86e-02  2.27e-02  3.56e+04  2.39e+03 -1.00e+05
2016 02 23  1140   57441  42000   3.01e+00  1.94e-01  1.67e-01  1.21e-01  1.10e-01  5.50e-02  3.57e+04  2.41e+03 -1.00e+05
2016 02 23  1145   57441  42300   2.88e+00  1.74e-01  1.47e-01  1.01e-01  9.03e-02  6.88e-02  3.60e+04  2.42e+03 -1.00e+05
2016 02 23  1150   57441  42600   3.11e+00  1.62e-01  1.35e-01  5.49e-02  4.42e-02  2.27e-02  3.61e+04  2.46e+03 -1.00e+05
2016 02 23  1155   57441  42900   3.07e+00  1.97e-01  1.70e-01  1.23e-01  1.09e-01  4.95e-02  3.72e+04  2.46e+03 -1.00e+05
2016 02 23  1200   57441  43200   3.26e+00  1.28e-01  1.01e-01  5.49e-02  4.42e-02  2.27e-02  3.65e+04  2.48e+03 -1.00e+05
2016 02 23  1205   57441  43500   5.39e+00  2.51e-01  1.05e-01  5.49e-02  4.42e-02  2.27e-02  3.69e+04  2.48e+03 -1.00e+05
2016 02 23  1210   57441  43800   2.90e+00  1.67e-01  1.39e-01  9.18e-02  5.05e-02  2.27e-02  3.75e+04  2.55e+03 -1.00e+05
2016 02 23  1215   57441  44100   4.24e+00  2.97e-01  2.31e-01  1.02e-01  7.70e-02  5.15e-02  3.76e+04  2.54e+03 -1.00e+05
2016 02 23  1220   57441  44400   4.70e+00  1.76e-01  1.08e-01  5.49e-02  4.42e-02  2.27e-02  3.79e+04  2.62e+03 -1.00e+05
2016 02 23  1225   57441  44700   4.38e+00  2.30e-01  1.62e-01  5.49e-02  4.42e-02  2.27e-02  3.89e+04  2.73e+03 -1.00e+05
2016 02 23  1230   57441  45000   3.78e+00  2.56e-01  2.29e-01  1.82e-01  1.46e-01  5.29e-02  3.95e+04  2.83e+03 -1.00e+05
2016 02 23  1235   57441  45300   5.03e+00  1.92e-01  1.25e-01  7.14e-02  5.87e-02  3.66e-02  3.97e+04  2.88e+03 -1.00e+05
2016 02 23  1240   57441  45600   7.32e+00  2.51e-01  1.05e-01  5.49e-02  4.42e-02  2.27e-02  3.96e+04  2.87e+03 -1.00e+05
2016 02 23  1245   57441  45900   3.95e+00  2.16e-01  1.89e-01  1.43e-01  1.27e-01  4.89e-02  3.99e+04  2.87e+03 -1.00e+05
2016 02 23  1250   57441  46200   4.17e+00  1.53e-01  1.26e-01  7.94e-02  6.87e-02  4.72e-02  4.05e+04  2.94e+03 -1.00e+05
2016 02 23  1255   57441  46500   5.75e+00  3.37e-01  2.72e-01  9.60e-02  8.53e-02  6.39e-02  4.00e+04  2.92e+03 -1.00e+05
2016 02 23  1300   57441  46800   4.66e+00  1.67e-01  1.40e-01  9.32e-02  6.73e-02  2.88e-02  3.99e+04  3.01e+03 -1.00e+05
2016 02 23  1305   57441  47100   4.73e+00  1.84e-01  1.57e-01  1.09e-01  5.89e-02  2.47e-02  4.18e+04  3.07e+03 -1.00e+05
2016 02 23  1310   57441  47400   7.33e+00  3.08e-01  2.04e-01  1.38e-01  1.27e-01  5.37e-02  4.21e+04  3.18e+03 -1.00e+05
2016 02 23  1315   57441  47700   7.68e+00  3.07e-01  1.91e-01  7.45e-02  4.86e-02  2.27e-02  4.25e+04  3.17e+03 -1.00e+05
2016 02 23  1320   57441  48000   5.38e+00  2.72e-01  2.45e-01  7.13e-02  6.06e-02  3.91e-02  4.23e+04  3.23e+03 -1.00e+05
2016 02 23  1325   57441  48300   8.04e+00  2.34e-01  1.17e-01  5.49e-02  4.42e-02  2.27e-02  4.34e+04  3.29e+03 -1.00e+05
2016 02 23  1330   57441  48600   6.89e+00  3.34e-01  2.67e-01  8.45e-02  6.16e-02  3.66e-02  4.33e+04  3.28e+03 -1.00e+05
2016 02 23  1335   57441  48900   8.45e+00  2.83e-01  1.69e-01  7.47e-02  6.40e-02  4.25e-02  4.40e+04  3.35e+03 -1.00e+05
2016 02 23  1340   57441  49200   5.77e+00  1.92e-01  1.55e-01  1.08e-01  9.69e-02  4.91e-02  4.40e+04  3.35e+03 -1.00e+05
2016 02 23  1345   57441  49500   6.47e+00  1.98e-01  1.33e-01  8.00e-02  6.93e-02  4.78e-02  4.40e+04  3.42e+03 -1.00e+05
2016 02 23  1350   57441  49800   5.27e+00  1.52e-01  1.25e-01  7.87e-02  6.80e-02  4.66e-02  4.43e+04  3.48e+03 -1.00e+05
2016 02 23  1355   57441  50100   5.19e+00  1.50e-01  1.22e-01  7.62e-02  6.55e-02  4.41e-02  4.50e+04  3.50e+03 -1.00e+05
2016 02 23  1400   57441  50400   5.21e+00  1.35e-01  1.08e-01  6.14e-02  4.56e-02  2.27e-02  4.54e+04  3.59e+03 -1.00e+05
2016 02 23  1405   57441  50700   5.44e+00  2.75e-01  2.48e-01  1.69e-01  1.58e-01  6.38e-02  4.66e+04  3.66e+03 -1.00e+05
2016 02 23  1410   57441  51000   8.16e+00  3.65e-01  2.49e-01  5.49e-02  4.42e-02  2.27e-02  4.71e+04  3.80e+03 -1.00e+05
2016 02 23  1415   57441  51300   8.04e+00  2.45e-01  1.26e-01  7.55e-02  6.48e-02  4.33e-02  4.89e+04  3.95e+03 -1.00e+05
2016 02 23  1420   57441  51600   5.13e+00  2.29e-01  2.02e-01  1.55e-01  1.40e-01  5.29e-02  4.97e+04  4.06e+03 -1.00e+05
2016 02 23  1425   57441  51900   5.99e+00  2.04e-01  1.76e-01  5.89e-02  4.82e-02  2.67e-02  5.01e+04  4.13e+03 -1.00e+05
2016 02 23  1430   57441  52200   1.11e+01  4.21e-01  1.96e-01  7.47e-02  6.40e-02  4.25e-02  5.02e+04  4.20e+03 -1.00e+05
2016 02 23  1435   57441  52500   6.19e+00  1.75e-01  1.48e-01  1.01e-01  5.45e-02  2.27e-02  5.08e+04  4.24e+03 -1.00e+05
2016 02 23  1440   57441  52800   6.27e+00  1.67e-01  1.40e-01  9.35e-02  8.28e-02  6.14e-02  5.12e+04  4.27e+03 -1.00e+05
2016 02 23  1445   57441  53100   6.61e+00  2.74e-01  2.47e-01  7.37e-02  6.30e-02  4.16e-02  5.19e+04  4.36e+03 -1.00e+05
2016 02 23  1450   57441  53400   6.50e+00  1.69e-01  1.42e-01  9.60e-02  8.53e-02  6.39e-02  5.19e+04  4.38e+03 -1.00e+05
2016 02 23  1455   57441  53700   7.21e+00  1.47e-01  1.20e-01  7.37e-02  6.30e-02  4.16e-02  5.19e+04  4.47e+03 -1.00e+05
2016 02 23  1500   57441  54000   1.08e+01  2.34e-01  1.17e-01  5.49e-02  4.42e-02  2.27e-02  5.19e+04  4.44e+03 -1.00e+05
2016 02 23  1505   57441  54300   1.48e+01  3.01e-01  1.31e-01  8.12e-02  7.05e-02  4.90e-02  5.19e+04  4.44e+03 -1.00e+05
2016 02 23  1510   57441  54600   1.17e+01  4.08e-01  3.01e-01  1.28e-01  6.74e-02  2.68e-02  5.19e+04  4.52e+03 -1.00e+05
2016 02 23  1515   57441  54900   7.73e+00  1.90e-01  1.62e-01  8.44e-02  7.37e-02  4.84e-02  5.31e+04  4.61e+03 -1.00e+05
2016 02 23  1520   57441  55200   1.45e+01  3.91e-01  2.10e-01  9.41e-02  5.30e-02  2.27e-02  5.43e+04  4.67e+03 -1.00e+05
2016 02 23  1525   57441  55500   8.34e+00  1.35e-01  1.08e-01  6.14e-02  5.06e-02  2.92e-02  5.44e+04  4.75e+03 -1.00e+05
2016 02 23  1530   57441  55800   8.49e+00  1.35e-01  1.08e-01  6.14e-02  5.06e-02  2.92e-02  5.46e+04  4.83e+03 -1.00e+05
2016 02 23  1535   57441  56100   7.87e+00  1.28e-01  1.01e-01  5.49e-02  4.42e-02  2.27e-02  5.46e+04  4.90e+03 -1.00e+05
2016 02 23  1540   57441  56400   1.34e+01  3.03e-01  1.88e-01  1.24e-01  7.83e-02  4.66e-02  5.46e+04  5.00e+03 -1.00e+05
2016 02 23  1545   57441  56700   8.47e+00  1.78e-01  1.51e-01  1.05e-01  9.43e-02  3.88e-02  5.55e+04  5.12e+03 -1.00e+05
2016 02 23  1550   57441  57000   1.50e+01  3.14e-01  1.58e-01  1.08e-01  9.74e-02  5.09e-02  5.73e+04  5.28e+03 -1.00e+05
2016 02 23  1555   57441  57300   1.32e+01  2.56e-01  1.36e-01  8.61e-02  7.54e-02  5.40e-02  5.91e+04  5.42e+03 -1.00e+05
2016 02 23  1600   57441  57600   8.99e+00  1.72e-01  1.45e-01  9.87e-02  8.80e-02  3.68e-02  6.00e+04  5.68e+03 -1.00e+05
2016 02 23  1605   57441  57900   1.71e+01  3.05e-01  1.50e-01  9.99e-02  8.92e-02  4.16e-02  6.01e+04  5.77e+03 -1.00e+05
2016 02 23  1610   57441  58200   9.06e+00  1.35e-01  1.08e-01  6.14e-02  4.56e-02  2.27e-02  5.99e+04  5.64e+03 -1.00e+05
2016 02 23  1615   57441  58500   9.03e+00  1.57e-01  1.30e-01  8.36e-02  7.29e-02  5.15e-02  5.99e+04  5.79e+03 -1.00e+05
2016 02 23  1620   57441  58800   9.38e+00  1.54e-01  1.27e-01  8.01e-02  6.44e-02  2.88e-02  6.01e+04  5.84e+03 -1.00e+05
2016 02 23  1625   57441  59100   9.44e+00  1.85e-01  1.57e-01  1.11e-01  1.01e-01  4.08e-02  6.05e+04  5.91e+03 -1.00e+05
2016 02 23  1630   57441  59400   9.35e+00  1.95e-01  1.68e-01  6.79e-02  4.71e-02  2.27e-02  6.14e+04  5.92e+03 -1.00e+05
2016 02 23  1635   57441  59700   1.45e+01  2.64e-01  1.51e-01  8.90e-02  7.83e-02  5.69e-02  6.21e+04  6.05e+03 -1.00e+05
2016 02 23  1640   57441  60000   1.77e+01  4.09e-01  1.80e-01  5.49e-02  4.42e-02  2.27e-02  6.25e+04  6.05e+03 -1.00e+05
2016 02 23  1645   57441  60300   1.04e+01  1.28e-01  1.01e-01  5.49e-02  4.42e-02  2.27e-02  6.26e+04  6.11e+03 -1.00e+05
2016 02 23  1650   57441  60600   1.01e+01  1.82e-01  1.54e-01  5.49e-02  4.42e-02  2.27e-02  6.26e+04  6.13e+03 -1.00e+05
2016 02 23  1655   57441  60900   1.02e+01  2.66e-01  2.39e-01  6.14e-02  4.56e-02  2.27e-02  6.26e+04  6.36e+03 -1.00e+05
2016 02 23  1700   57441  61200   1.03e+01  1.55e-01  1.28e-01  8.10e-02  5.01e-02  2.27e-02  6.37e+04  6.40e+03 -1.00e+05
2016 02 23  1705   57441  61500   1.04e+01  1.41e-01  1.14e-01  6.76e-02  5.69e-02  2.79e-02  6.53e+04  6.52e+03 -1.00e+05
2016 02 23  1710   57441  61800   1.91e+01  3.58e-01  1.84e-01  8.15e-02  7.08e-02  4.94e-02  6.53e+04  6.71e+03 -1.00e+05
2016 02 23  1715   57441  62100   1.38e+01  1.90e-01  1.22e-01  6.79e-02  4.71e-02  2.27e-02  6.65e+04  6.83e+03 -1.00e+05
2016 02 23  1720   57441  62400   1.10e+01  1.28e-01  1.01e-01  5.49e-02  4.42e-02  2.27e-02  6.79e+04  7.00e+03 -1.00e+05
2016 02 23  1725   57441  62700   1.10e+01  2.39e-01  2.12e-01  1.13e-01  1.03e-01  4.93e-02  6.79e+04  7.23e+03 -1.00e+05
2016 02 23  1730   57441  63000   1.66e+01  2.86e-01  1.80e-01  6.74e-02  5.67e-02  2.68e-02  6.81e+04  7.36e+03 -1.00e+05
2016 02 23  1735   57441  63300   1.85e+01  3.05e-01  1.63e-01  6.11e-02  5.04e-02  2.47e-02  7.11e+04  7.72e+03 -1.00e+05
2016 02 23  1740   57441  63600   1.22e+01  1.72e-01  1.45e-01  9.85e-02  8.78e-02  6.64e-02  7.13e+04  7.93e+03 -1.00e+05
2016 02 23  1745   57441  63900   1.72e+01  2.34e-01  1.17e-01  5.49e-02  4.42e-02  2.27e-02  7.13e+04  7.97e+03 -1.00e+05
2016 02 23  1750   57441  64200   1.12e+01  2.03e-01  1.76e-01  1.30e-01  1.19e-01  4.69e-02  7.14e+04  7.94e+03 -1.00e+05
2016 02 23  1755   57441  64500   1.17e+01  1.95e-01  1.68e-01  9.08e-02  7.96e-02  4.86e-02  7.32e+04  8.02e+03 -1.00e+05
2016 02 23  1800   57441  64800   1.16e+01  2.08e-01  1.81e-01  8.86e-02  7.79e-02  5.65e-02  7.36e+04  8.14e+03 -1.00e+05
2016 02 23  1805   57441  65100   1.23e+01  2.17e-01  1.90e-01  1.43e-01  1.17e-01  4.49e-02  7.14e+04  8.07e+03 -1.00e+05
2016 02 23  1810   57441  65400   1.23e+01  1.50e-01  1.22e-01  7.62e-02  6.55e-02  4.41e-02  7.13e+04  8.03e+03 -1.00e+05
2016 02 23  1815   57441  65700   1.29e+01  2.18e-01  1.91e-01  1.44e-01  1.08e-01  4.08e-02  7.13e+04  7.99e+03 -1.00e+05
2016 02 23  1820   57441  66000   1.20e+01  2.15e-01  1.88e-01  8.76e-02  5.15e-02  2.27e-02  7.13e+04  8.01e+03 -1.00e+05
2016 02 23  1825   57441  66300   1.98e+01  3.66e-01  1.78e-01  5.49e-02  4.42e-02  2.27e-02  7.13e+04  7.76e+03 -1.00e+05
2016 02 23  1830   57441  66600   1.47e+01  1.97e-01  1.29e-01  7.45e-02  4.86e-02  2.27e-02  7.14e+04  7.88e+03 -1.00e+05
2016 02 23  1835   57441  66900   1.79e+01  3.47e-01  2.32e-01  7.62e-02  6.55e-02  4.41e-02  7.15e+04  7.93e+03 -1.00e+05
2016 02 23  1840   57441  67200   1.21e+01  2.32e-01  2.05e-01  9.87e-02  8.80e-02  3.68e-02  7.14e+04  8.01e+03 -1.00e+05
2016 02 23  1845   57441  67500   1.22e+01  1.84e-01  1.57e-01  1.11e-01  1.00e-01  6.19e-02  7.13e+04  7.93e+03 -1.00e+05
2016 02 23  1850   57441  67800   1.18e+01  1.82e-01  1.55e-01  1.08e-01  9.77e-02  7.63e-02  7.13e+04  7.83e+03 -1.00e+05
2016 02 23  1855   57441  68100   1.18e+01  1.41e-01  1.14e-01  6.74e-02  5.67e-02  2.68e-02  7.13e+04  7.72e+03 -1.00e+05
2016 02 23  1900   57441  68400   1.19e+01  1.28e-01  1.01e-01  5.49e-02  4.42e-02  2.27e-02  7.13e+04  7.71e+03 -1.00e+05
2016 02 23  1905   57441  68700   1.32e+01  1.86e-01  1.59e-01  1.11e-01  6.94e-02  4.16e-02  7.13e+04  7.85e+03 -1.00e+05
2016 02 23  1910   57441  69000   1.36e+01  2.01e-01  1.74e-01  1.28e-01  1.17e-01  6.07e-02  7.13e+04  7.71e+03 -1.00e+05
2016 02 23  1915   57441  69300   1.28e+01  1.82e-01  1.55e-01  1.08e-01  7.07e-02  4.16e-02  6.98e+04  7.49e+03 -1.00e+05
2016 02 23  1920   57441  69600   1.26e+01  1.80e-01  1.52e-01  6.14e-02  5.07e-02  2.59e-02  7.09e+04  7.48e+03 -1.00e+05
2016 02 23  1925   57441  69900   2.21e+01  2.32e-01  1.11e-01  6.14e-02  5.06e-02  2.92e-02  6.96e+04  7.44e+03 -1.00e+05
2016 02 23  1930   57441  70200   2.22e+01  5.83e-01  3.83e-01  9.34e-02  5.05e-02  2.27e-02  7.13e+04  7.54e+03 -1.00e+05
2016 02 23  1935   57441  70500   1.39e+01  2.39e-01  2.10e-01  1.15e-01  1.04e-01  4.11e-02  7.13e+04  7.66e+03 -1.00e+05
2016 02 23  1940   57441  70800   1.74e+01  2.86e-01  2.31e-01  6.43e-02  4.62e-02  2.28e-02  7.13e+04  7.79e+03 -1.00e+05
2016 02 23  1945   57441  71100   1.70e+01  1.61e-01  1.05e-01  5.50e-02  4.41e-02  2.28e-02  7.13e+04  7.76e+03 -1.00e+05
2016 02 23  1950   57441  71400   1.90e+01  3.70e-01  2.99e-01  9.71e-02  8.62e-02  3.63e-02  7.21e+04  7.82e+03 -1.00e+05
2016 02 23  1955   57441  71700   1.44e+01  1.29e-01  1.01e-01  5.50e-02  4.41e-02  2.28e-02  7.13e+04  7.81e+03 -1.00e+05
2016 02 23  2000   57441  72000   1.43e+01  1.52e-01  1.24e-01  7.74e-02  4.91e-02  2.28e-02  7.13e+04  7.76e+03 -1.00e+05
2016 02 23  2005   57441  72300   1.85e+01  1.61e-01  1.05e-01  5.50e-02  4.41e-02  2.28e-02  7.26e+04  7.87e+03 -1.00e+05
2016 02 23  2010   57441  72600   3.05e+01  2.67e-01  1.04e-01  5.50e-02  4.41e-02  2.28e-02  7.53e+04  8.06e+03 -1.00e+05
2016 02 23  2015   57441  72900   2.28e+01  2.18e-01  1.14e-01  5.50e-02  4.41e-02  2.28e-02  7.52e+04  8.02e+03 -1.00e+05
2016 02 23  2020   57441  73200   1.61e+01  2.06e-01  1.78e-01  1.31e-01  9.08e-02  6.10e-02  7.54e+04  8.20e+03 -1.00e+05
2016 02 23  2025   57441  73500   1.72e+01  2.49e-01  2.21e-01  1.75e-01  1.64e-01  7.22e-02  7.82e+04  8.33e+03 -1.00e+05
2016 02 23  2030   57441  73800   1.60e+01  1.37e-01  1.09e-01  6.35e-02  5.25e-02  3.12e-02  7.75e+04  8.20e+03 -1.00e+05
2016 02 23  2035   57441  74100   1.66e+01  1.45e-01  1.17e-01  7.08e-02  4.76e-02  2.28e-02  7.89e+04  8.57e+03 -1.00e+05
2016 02 23  2040   57441  74400   2.64e+01  2.17e-01  1.04e-01  5.50e-02  4.41e-02  2.28e-02  7.95e+04  8.72e+03 -1.00e+05
2016 02 23  2045   57441  74700   1.57e+01  1.29e-01  1.01e-01  5.50e-02  4.41e-02  2.28e-02  7.93e+04  8.51e+03 -1.00e+05
2016 02 23  2050   57441  75000   1.56e+01  1.81e-01  1.53e-01  1.07e-01  8.35e-02  3.43e-02  7.91e+04  8.41e+03 -1.00e+05
2016 02 23  2055   57441  75300   1.51e+01  1.51e-01  1.23e-01  7.69e-02  5.56e-02  3.12e-02  7.91e+04  8.37e+03 -1.00e+05
2016 02 23  2100   57441  75600   1.58e+01  1.72e-01  1.44e-01  9.81e-02  8.72e-02  6.59e-02  7.63e+04  7.99e+03 -1.00e+05
2016 02 23  2105   57441  75900  -1.00e+05 -1.00e+05 -1.00e+05 -1.00e+05 -1.00e+05 -1.00e+05 -1.00e+05 -1.00e+05 -1.00e+05
2016 02 23  2110   57441  76200  -1.00e+05 -1.00e+05 -1.00e+05 -1.00e+05 -1.00e+05 -1.00e+05 -1.00e+05 -1.00e+05 -1.00e+05
2016 02 23  2115   57441  76500  -1.00e+05 -1.00e+05 -1.00e+05 -1.00e+05 -1.00e+05 -1.00e+05 -1.00e+05 -1.00e+05 -1.00e+05
2016 02 23  2120   57441  76800  -1.00e+05 -1.00e+05 -1.00e+05 -1.00e+05 -1.00e+05 -1.00e+05 -1.00e+05 -1.00e+05 -1.00e+05
2016 02 23  2125   57441  77100   2.11e+01  2.76e-01  1.67e-01  1.18e-01  1.07e-01  8.56e-02  6.85e+04  6.69e+03 -1.00e+05
2016 02 23  2130   57441  77400   1.39e+01  1.29e-01  1.01e-01  5.50e-02  4.41e-02  2.28e-02  6.75e+04  6.48e+03 -1.00e+05
2016 02 23  2135   57441  77700   3.04e+01  3.61e-01  1.63e-01  1.13e-01  8.02e-02  3.23e-02  6.56e+04  6.26e+03 -1.00e+05
2016 02 23  2140   57441  78000   1.85e+01  2.22e-01  1.67e-01  5.50e-02  4.41e-02  2.28e-02  6.31e+04  6.01e+03 -1.00e+05
2016 02 23  2145   57441  78300   2.36e+01  2.17e-01  1.04e-01  5.50e-02  4.41e-02  2.28e-02  6.19e+04  5.78e+03 -1.00e+05
2016 02 23  2150   57441  78600   1.52e+01  2.30e-01  1.80e-01  1.30e-01  1.19e-01  5.26e-02  5.80e+04  5.12e+03 -1.00e+05
2016 02 23  2155   57441  78900   2.12e+01  2.60e-01  1.21e-01  7.21e-02  5.64e-02  3.37e-02  5.81e+04  5.08e+03 -1.00e+05
2016 02 23  2200   57441  79200   1.42e+01  2.11e-01  1.55e-01  1.04e-01  5.50e-02  2.28e-02  5.62e+04  4.68e+03 -1.00e+05
2016 02 23  2205   57441  79500   1.16e+01  3.53e-01  3.25e-01  1.38e-01  1.07e-01  4.84e-02  5.46e+04  4.38e+03 -1.00e+05
2016 02 23  2210   57441  79800   1.09e+01  1.29e-01  1.01e-01  5.50e-02  4.41e-02  2.28e-02  5.30e+04  4.22e+03 -1.00e+05
2016 02 23  2215   57441  80100   9.84e+00  2.57e-01  2.29e-01  1.81e-01  1.06e-01  3.63e-02  5.38e+04  3.98e+03 -1.00e+05
2016 02 23  2220   57441  80400   1.56e+01  4.56e-01  2.95e-01  8.82e-02  7.73e-02  5.60e-02  5.11e+04  3.78e+03 -1.00e+05
2016 02 23  2225   57441  80700   1.52e+01  2.63e-01  1.25e-01  7.59e-02  6.49e-02  4.36e-02  5.16e+04  3.57e+03 -1.00e+05
2016 02 23  2230   57441  81000   1.39e+01  2.28e-01  1.24e-01  6.43e-02  4.62e-02  2.28e-02  5.07e+04  3.55e+03 -1.00e+05
2016 02 23  2235   57441  81300   1.00e+01  1.35e-01  1.07e-01  6.10e-02  5.01e-02  2.88e-02  4.96e+04  3.43e+03 -1.00e+05
2016 02 23  2240   57441  81600   9.80e+00  1.45e-01  1.16e-01  7.09e-02  6.00e-02  3.87e-02  5.07e+04  3.45e+03 -1.00e+05
2016 02 23  2245   57441  81900   9.72e+00  1.55e-01  1.27e-01  8.10e-02  6.80e-02  3.03e-02  5.12e+04  3.43e+03 -1.00e+05
2016 02 23  2250   57441  82200   1.22e+01  2.30e-01  1.78e-01  7.55e-02  6.46e-02  4.32e-02  5.19e+04  3.55e+03 -1.00e+05
2016 02 23  2255   57441  82500   1.05e+01  3.09e-01  2.81e-01  1.02e-01  5.80e-02  2.42e-02  5.18e+04  3.49e+03 -1.00e+05
2016 02 23  2300   57441  82800   9.97e+00  1.96e-01  1.68e-01  6.60e-02  5.50e-02  3.37e-02  5.17e+04  3.43e+03 -1.00e+05
2016 02 23  2305   57441  83100   9.56e+00  1.35e-01  1.07e-01  6.10e-02  5.01e-02  2.88e-02  5.01e+04  3.40e+03 -1.00e+05
2016 02 23  2310   57441  83400   9.96e+00  1.65e-01  1.37e-01  9.05e-02  5.21e-02  2.28e-02  5.10e+04  3.39e+03 -1.00e+05
2016 02 23  2315   57441  83700   1.15e+01  1.61e-01  1.05e-01  5.50e-02  4.41e-02  2.28e-02  4.77e+04  3.08e+03 -1.00e+05
2016 02 23  2320   57441  84000   9.32e+00  2.03e-01  1.75e-01  7.09e-02  6.00e-02  3.87e-02  4.90e+04  3.09e+03 -1.00e+05
2016 02 23  2325   57441  84300   9.34e+00  1.46e-01  1.18e-01  7.21e-02  6.11e-02  2.83e-02  4.75e+04  2.97e+03 -1.00e+05
2016 02 23  2330   57441  84600   1.31e+01  2.20e-01  1.45e-01  9.09e-02  7.99e-02  3.43e-02  4.54e+04  2.74e+03 -1.00e+05
2016 02 23  2335   57441  84900   1.61e+01  2.35e-01  1.22e-01  7.34e-02  6.25e-02  4.11e-02  4.59e+04  2.81e+03 -1.00e+05
2016 02 23  2340   57441  85200   9.77e+00  1.95e-01  1.67e-01  6.10e-02  5.01e-02  2.88e-02  4.87e+04  3.04e+03 -1.00e+05
2016 02 23  2345   57441  85500   8.29e+00  2.20e-01  1.92e-01  1.12e-01  8.25e-02  4.59e-02  4.61e+04  2.70e+03 -1.00e+05
2016 02 23  2350   57441  85800   8.89e+00  2.28e-01  1.99e-01  9.12e-02  5.30e-02  2.38e-02  4.01e+04  2.41e+03 -1.00e+05
2016 02 23  2355   57441  86100   8.39e+00  1.80e-01  1.52e-01  7.90e-02  6.81e-02  3.29e-02  4.52e+04  2.46e+03 -1.00e+05
