:Data_list: 20160528_Gp_part_5m.txt
:Created: 2016 May 29 0011 UTC
# Prepared by the U.S. Dept. of Commerce, NOAA, Space Weather Prediction Center
# Please send comments and suggestions to SWPC.Webmaster@noaa.gov 
# 
# Label: P > 1 = Particles at >1 Mev
# Label: P > 5 = Particles at >5 Mev
# Label: P >10 = Particles at >10 Mev
# Label: P >30 = Particles at >30 Mev
# Label: P >50 = Particles at >50 Mev
# Label: P>100 = Particles at >100 Mev
# Label: E>0.8 = Electrons at >0.8 Mev
# Label: E>2.0 = Electrons at >2.0 Mev
# Label: E>4.0 = Electrons at >4.0 Mev
# Units: Particles = Protons/cm2-s-sr
# Units: Electrons = Electrons/cm2-s-sr
# Source: GOES-13
# Location: W075
# Missing data: -1.00e+05
#
#                      5-minute  GOES-13 Solar Particle and Electron Flux
#
#                 Modified Seconds
# UTC Date  Time   Julian  of the
# YR MO DA  HHMM    Day     Day     P > 1     P > 5     P >10     P >30     P >50     P>100     E>0.8     E>2.0     E>4.0
#-------------------------------------------------------------------------------------------------------------------------
2016 05 28  0000   57536      0   6.44e-01  2.12e-01  1.84e-01  1.02e-01  5.55e-02  2.52e-02  4.07e+02  1.33e-01 -1.00e+05
2016 05 28  0005   57536    300   8.62e-01  2.16e-01  1.58e-01  1.13e-01  6.04e-02  2.52e-02  3.98e+02  1.33e-01 -1.00e+05
2016 05 28  0010   57536    600   6.55e-01  1.68e-01  1.40e-01  5.99e-02  4.85e-02  2.52e-02  4.47e+02  1.23e+00 -1.00e+05
2016 05 28  0015   57536    900   9.13e-01  2.20e-01  1.13e-01  6.02e-02  4.86e-02  2.52e-02  4.62e+02  2.06e+00 -1.00e+05
2016 05 28  0020   57536   1200   7.92e-01  1.83e-01  1.55e-01  1.17e-01  1.05e-01  4.34e-02  4.22e+02  1.33e-01 -1.00e+05
2016 05 28  0025   57536   1500   7.71e-01  2.09e-01  1.81e-01  8.53e-02  7.38e-02  3.33e-02  4.24e+02  1.33e-01 -1.00e+05
2016 05 28  0030   57536   1800   6.38e-01  1.68e-01  1.40e-01  5.99e-02  4.85e-02  2.52e-02  4.24e+02  6.48e-01 -1.00e+05
2016 05 28  0035   57536   2100   1.64e+00  2.88e-01  1.32e-01  9.19e-02  8.05e-02  5.71e-02  4.60e+02  1.33e-01 -1.00e+05
2016 05 28  0040   57536   2400   4.49e-01  1.43e-01  1.16e-01  7.70e-02  6.56e-02  4.23e-02  4.33e+02  1.33e-01 -1.00e+05
2016 05 28  0045   57536   2700   6.37e-01  1.34e-01  1.06e-01  6.71e-02  5.57e-02  3.24e-02  4.24e+02  5.29e-01 -1.00e+05
2016 05 28  0050   57536   3000   5.30e-01  1.62e-01  1.04e-01  5.99e-02  4.85e-02  2.52e-02  3.83e+02  1.33e-01 -1.00e+05
2016 05 28  0055   57536   3300   4.07e-01  1.26e-01  9.85e-02  5.99e-02  4.85e-02  2.52e-02  2.47e+02  7.84e-01 -1.00e+05
2016 05 28  0100   57536   3600   4.25e-01  2.13e-01  1.85e-01  7.36e-02  5.18e-02  2.52e-02  4.46e+01  1.33e-01 -1.00e+05
2016 05 28  0105   57536   3900   2.49e-01  1.26e-01  9.85e-02  5.99e-02  4.85e-02  2.52e-02  1.97e+01  1.33e-01 -1.00e+05
2016 05 28  0110   57536   4200   4.85e-01  1.33e-01  1.06e-01  6.68e-02  5.00e-02  2.52e-02  1.77e+01  1.33e-01 -1.00e+05
2016 05 28  0115   57536   4500   6.70e-01  1.51e-01  1.23e-01  8.45e-02  7.30e-02  4.97e-02  1.54e+01  1.33e-01 -1.00e+05
2016 05 28  0120   57536   4800   7.12e-01  3.38e-01  1.57e-01  1.17e-01  1.05e-01  4.34e-02  1.24e+01  8.45e-01 -1.00e+05
2016 05 28  0125   57536   5100   6.68e-01  2.21e-01  1.20e-01  7.90e-02  6.76e-02  3.13e-02  1.53e+01  1.33e-01 -1.00e+05
2016 05 28  0130   57536   5400   4.89e-01  1.62e-01  1.04e-01  5.99e-02  4.85e-02  2.52e-02  1.46e+01  1.33e-01 -1.00e+05
2016 05 28  0135   57536   5700   3.77e-01  1.64e-01  1.36e-01  9.78e-02  8.64e-02  3.73e-02  1.87e+01  1.33e-01 -1.00e+05
2016 05 28  0140   57536   6000   6.66e-01  1.80e-01  1.52e-01  1.14e-01  1.02e-01  5.40e-02  2.70e+01  1.33e-01 -1.00e+05
2016 05 28  0145   57536   6300   3.51e-01  2.93e-01  2.65e-01  1.06e-01  5.59e-02  2.52e-02  2.89e+01  1.33e-01 -1.00e+05
2016 05 28  0150   57536   6600   1.02e+00  4.38e-01  1.94e-01  1.00e-01  8.88e-02  2.66e-02  2.13e+01  1.33e-01 -1.00e+05
2016 05 28  0155   57536   6900   5.00e-01  1.67e-01  1.39e-01  9.92e-02  5.55e-02  2.52e-02  1.38e+01  1.33e-01 -1.00e+05
2016 05 28  0200   57536   7200   4.74e-01  1.93e-01  1.65e-01  8.72e-02  7.58e-02  5.24e-02  1.24e+01  1.33e-01 -1.00e+05
2016 05 28  0205   57536   7500   4.09e-01  1.52e-01  1.25e-01  8.59e-02  6.91e-02  3.13e-02  1.20e+01  1.33e-01 -1.00e+05
2016 05 28  0210   57536   7800   6.37e-01  2.72e-01  1.68e-01  1.26e-01  7.25e-02  2.93e-02  9.33e+00  1.33e-01 -1.00e+05
2016 05 28  0215   57536   8100   8.24e-01  2.77e-01  1.53e-01  1.12e-01  7.98e-02  3.33e-02  3.07e+00  1.33e-01 -1.00e+05
2016 05 28  0220   57536   8400   4.08e-01  2.96e-01  1.80e-01  1.26e-01  1.15e-01  5.80e-02  3.01e+00  1.33e-01 -1.00e+05
2016 05 28  0225   57536   8700   2.89e-01  1.89e-01  1.61e-01  5.99e-02  4.85e-02  2.52e-02  4.17e+00  1.33e-01 -1.00e+05
2016 05 28  0230   57536   9000   3.60e-01  1.27e-01  9.88e-02  6.02e-02  4.86e-02  2.52e-02  8.39e+00  1.33e-01 -1.00e+05
2016 05 28  0235   57536   9300   7.35e-01  2.60e-01  1.54e-01  9.92e-02  5.55e-02  2.52e-02  1.26e+02  1.33e-01 -1.00e+05
2016 05 28  0240   57536   9600   7.71e-01  2.57e-01  1.00e-01  5.99e-02  4.85e-02  2.52e-02  1.63e+02  1.33e-01 -1.00e+05
2016 05 28  0245   57536   9900   3.90e-01  1.26e-01  9.85e-02  5.99e-02  4.85e-02  2.52e-02  9.47e+01  8.53e-01 -1.00e+05
2016 05 28  0250   57536  10200   4.67e-01  1.70e-01  1.42e-01  1.03e-01  8.30e-02  5.71e-02  2.99e+01  1.33e-01 -1.00e+05
2016 05 28  0255   57536  10500   3.23e-01  2.10e-01  1.00e-01  5.99e-02  4.85e-02  2.52e-02  1.68e+01  1.33e-01 -1.00e+05
2016 05 28  0300   57536  10800   1.06e+00  4.07e-01  2.21e-01  7.95e-02  6.81e-02  4.47e-02  1.32e+02  1.33e-01 -1.00e+05
2016 05 28  0305   57536  11100   5.14e-01  1.47e-01  1.19e-01  7.99e-02  5.30e-02  2.52e-02  1.68e+02  1.33e-01 -1.00e+05
2016 05 28  0310   57536  11400   4.09e-01  1.31e-01  1.03e-01  6.47e-02  5.32e-02  2.99e-02  1.78e+02  1.33e-01 -1.00e+05
2016 05 28  0315   57536  11700   5.97e-01  1.38e-01  1.11e-01  7.21e-02  6.06e-02  3.73e-02  1.55e+02  1.57e-01 -1.00e+05
2016 05 28  0320   57536  12000   6.07e-01  1.41e-01  1.13e-01  7.46e-02  6.31e-02  3.98e-02  2.68e+02  1.33e-01 -1.00e+05
2016 05 28  0325   57536  12300   5.77e-01  1.47e-01  1.19e-01  7.99e-02  5.30e-02  2.52e-02  3.59e+02  1.33e-01 -1.00e+05
2016 05 28  0330   57536  12600   3.23e-01  1.68e-01  1.40e-01  5.99e-02  4.85e-02  2.52e-02  3.36e+02  3.19e+00 -1.00e+05
2016 05 28  0335   57536  12900   5.70e-01  1.65e-01  1.37e-01  9.80e-02  8.22e-02  3.88e-02  2.11e+02  1.33e-01 -1.00e+05
2016 05 28  0340   57536  13200   1.41e+00  2.34e-01  1.00e-01  5.99e-02  4.85e-02  2.52e-02  2.62e+02  2.52e+00 -1.00e+05
2016 05 28  0345   57536  13500   1.33e+00  2.03e-01  1.45e-01  5.99e-02  4.85e-02  2.52e-02  6.25e+02  2.72e+00 -1.00e+05
2016 05 28  0350   57536  13800   1.21e+00  2.20e-01  1.13e-01  5.99e-02  4.85e-02  2.52e-02  7.58e+02  4.03e+00 -1.00e+05
2016 05 28  0355   57536  14100   6.79e-01  1.54e-01  1.26e-01  8.65e-02  5.45e-02  2.52e-02  5.88e+02  1.55e+00 -1.00e+05
2016 05 28  0400   57536  14400   7.93e-01  2.03e-01  1.45e-01  5.99e-02  4.85e-02  2.52e-02  6.68e+02  2.74e+00 -1.00e+05
2016 05 28  0405   57536  14700   5.71e-01  1.26e-01  9.85e-02  5.99e-02  4.85e-02  2.52e-02  5.69e+02  1.74e+00 -1.00e+05
2016 05 28  0410   57536  15000   1.02e+00  2.81e-01  1.73e-01  1.19e-01  7.65e-02  3.13e-02  3.52e+02  1.33e-01 -1.00e+05
2016 05 28  0415   57536  15300   1.37e+00  2.80e-01  1.46e-01  1.04e-01  5.55e-02  2.52e-02  1.75e+02  1.33e-01 -1.00e+05
2016 05 28  0420   57536  15600   1.14e+01  2.10e-01  1.00e-01  5.99e-02  4.85e-02  2.52e-02  1.05e+03  7.62e+00 -1.00e+05
2016 05 28  0425   57536  15900   7.89e+00  4.75e-01  2.45e-01  5.99e-02  4.85e-02  2.52e-02  1.20e+03  5.58e+00 -1.00e+05
2016 05 28  0430   57536  16200   1.21e+00  1.26e-01  9.85e-02  5.99e-02  4.85e-02  2.52e-02  9.30e+02  4.07e+00 -1.00e+05
2016 05 28  0435   57536  16500   9.82e-01  2.10e-01  1.83e-01  1.04e-01  9.28e-02  6.95e-02  1.04e+03  2.05e+00 -1.00e+05
2016 05 28  0440   57536  16800   8.58e-01  1.33e-01  1.06e-01  6.68e-02  5.00e-02  2.52e-02  1.09e+03  3.70e+00 -1.00e+05
2016 05 28  0445   57536  17100   1.05e+00  1.82e-01  1.45e-01  1.04e-01  8.40e-02  4.06e-02  1.12e+03  1.60e+00 -1.00e+05
2016 05 28  0450   57536  17400   9.99e-01  1.34e-01  1.06e-01  6.71e-02  5.57e-02  3.24e-02  1.14e+03  3.27e+00 -1.00e+05
2016 05 28  0455   57536  17700   1.34e+00  4.29e-01  2.59e-01  9.24e-02  7.06e-02  3.13e-02  1.12e+03  3.68e+00 -1.00e+05
2016 05 28  0500   57536  18000   7.25e-01  2.93e-01  2.65e-01  1.05e-01  5.55e-02  2.52e-02  9.76e+02  2.71e+00 -1.00e+05
2016 05 28  0505   57536  18300   1.01e+00  2.24e-01  1.77e-01  1.35e-01  1.24e-01  4.94e-02  8.90e+02  4.45e+00 -1.00e+05
2016 05 28  0510   57536  18600   7.53e-01  1.68e-01  1.40e-01  5.99e-02  4.85e-02  2.52e-02  7.12e+02  2.34e+00 -1.00e+05
2016 05 28  0515   57536  18900   1.12e+00  3.60e-01  2.55e-01  8.94e-02  7.80e-02  5.47e-02  5.77e+02  2.84e+00 -1.00e+05
2016 05 28  0520   57536  19200   6.26e-01  1.77e-01  1.41e-01  1.01e-01  8.91e-02  4.81e-02  3.87e+02  1.33e-01 -1.00e+05
2016 05 28  0525   57536  19500   4.19e-01  1.67e-01  1.39e-01  9.92e-02  5.55e-02  2.52e-02  1.38e+02  8.40e-01 -1.00e+05
2016 05 28  0530   57536  19800   4.11e-01  1.61e-01  1.33e-01  9.43e-02  8.29e-02  4.61e-02  5.79e+01  1.33e-01 -1.00e+05
2016 05 28  0535   57536  20100   4.35e-01  1.26e-01  9.85e-02  5.99e-02  4.85e-02  2.52e-02  3.77e+01  1.33e-01 -1.00e+05
2016 05 28  0540   57536  20400   3.70e-01  1.71e-01  1.43e-01  1.02e-01  5.55e-02  2.52e-02  1.38e+01  1.33e-01 -1.00e+05
2016 05 28  0545   57536  20700   4.29e-01  1.31e-01  1.03e-01  6.47e-02  5.32e-02  2.99e-02  5.24e+00  3.49e-01 -1.00e+05
2016 05 28  0550   57536  21000   5.86e-01  1.62e-01  1.04e-01  5.99e-02  4.85e-02  2.52e-02  3.41e+00  1.33e-01 -1.00e+05
2016 05 28  0555   57536  21300   3.02e-01  1.39e-01  1.11e-01  7.27e-02  6.13e-02  2.93e-02  3.18e+00  1.33e-01 -1.00e+05
2016 05 28  0600   57536  21600   4.60e-01  1.71e-01  1.43e-01  1.04e-01  9.28e-02  6.95e-02  3.90e+00  1.33e-01 -1.00e+05
2016 05 28  0605   57536  21900   3.84e-01  1.26e-01  9.85e-02  5.99e-02  4.85e-02  2.52e-02  3.79e+00  4.04e-01 -1.00e+05
2016 05 28  0610   57536  22200   5.24e-01  2.39e-01  2.02e-01  1.61e-01  1.40e-01  5.34e-02  3.68e+00  1.33e-01 -1.00e+05
2016 05 28  0615   57536  22500   4.04e-01  1.52e-01  1.24e-01  8.53e-02  7.38e-02  3.33e-02  3.41e+00  2.01e+00 -1.00e+05
2016 05 28  0620   57536  22800   4.40e-01  1.31e-01  1.03e-01  6.47e-02  5.32e-02  2.99e-02  5.64e+00  1.33e-01 -1.00e+05
2016 05 28  0625   57536  23100   5.23e-01  2.33e-01  2.05e-01  1.67e-01  1.55e-01  5.95e-02  1.21e+01  1.33e-01 -1.00e+05
2016 05 28  0630   57536  23400   5.57e-01  2.77e-01  1.45e-01  1.04e-01  9.28e-02  6.95e-02  9.01e+00  1.33e-01 -1.00e+05
2016 05 28  0635   57536  23700   5.07e-01  2.27e-01  1.99e-01  1.60e-01  1.49e-01  5.75e-02  3.24e+01  1.33e-01 -1.00e+05
2016 05 28  0640   57536  24000   8.02e-01  4.20e-01  2.67e-01  9.63e-02  8.03e-02  5.33e-02  5.06e+01  1.33e-01 -1.00e+05
2016 05 28  0645   57536  24300   7.69e-01  3.06e-01  2.48e-01  9.52e-02  6.59e-02  3.73e-02  3.70e+01  1.33e-01 -1.00e+05
2016 05 28  0650   57536  24600   4.15e-01  1.60e-01  1.33e-01  9.30e-02  5.59e-02  2.52e-02  3.27e+01  1.22e+00 -1.00e+05
2016 05 28  0655   57536  24900   8.58e-01  4.61e-01  2.65e-01  7.99e-02  5.30e-02  2.52e-02  2.69e+01  6.65e-01 -1.00e+05
2016 05 28  0700   57536  25200   2.21e-01  1.26e-01  9.85e-02  5.99e-02  4.85e-02  2.52e-02  4.29e+00  1.33e-01 -1.00e+05
2016 05 28  0705   57536  25500   4.48e-01  1.54e-01  1.26e-01  8.65e-02  5.45e-02  2.52e-02  2.92e+00  1.33e-01 -1.00e+05
2016 05 28  0710   57536  25800   4.30e-01  2.70e-01  1.98e-01  1.04e-01  9.26e-02  3.93e-02  2.87e+00  1.33e-01 -1.00e+05
2016 05 28  0715   57536  26100   3.24e-01  1.41e-01  1.13e-01  7.46e-02  6.31e-02  3.98e-02  3.03e+00  1.33e-01 -1.00e+05
2016 05 28  0720   57536  26400   3.18e-01  2.03e-01  1.45e-01  5.99e-02  4.85e-02  2.52e-02  2.84e+00  7.18e-01 -1.00e+05
2016 05 28  0725   57536  26700   5.93e-01  2.10e-01  1.00e-01  5.99e-02  4.85e-02  2.52e-02  6.12e+00  1.14e+00 -1.00e+05
2016 05 28  0730   57536  27000   5.12e-01  2.10e-01  1.00e-01  5.99e-02  4.85e-02  2.52e-02  3.12e+00  1.33e-01 -1.00e+05
2016 05 28  0735   57536  27300   1.58e+00  2.20e-01  1.13e-01  5.99e-02  4.85e-02  2.52e-02  4.03e+01  3.26e+00 -1.00e+05
2016 05 28  0740   57536  27600   4.34e+00  1.73e-01  1.45e-01  6.71e-02  5.57e-02  3.24e-02  3.11e+02  9.40e+00 -1.00e+05
2016 05 28  0745   57536  27900   1.82e+01  2.34e-01  1.00e-01  5.99e-02  4.85e-02  2.52e-02  5.32e+02  2.03e+01 -1.00e+05
2016 05 28  0750   57536  28200   3.82e+01  2.85e-01  1.51e-01  5.99e-02  4.85e-02  2.52e-02  8.28e+02  3.12e+01 -1.00e+05
2016 05 28  0755   57536  28500   2.70e+01  1.98e-01  1.70e-01  5.99e-02  4.85e-02  2.52e-02  1.55e+03  5.20e+01 -1.00e+05
2016 05 28  0800   57536  28800   4.26e+01  1.76e-01  1.49e-01  1.10e-01  8.44e-02  5.71e-02  1.85e+03  6.54e+01 -1.00e+05
2016 05 28  0805   57536  29100   5.63e+01  2.07e-01  1.49e-01  6.47e-02  5.32e-02  2.99e-02  2.30e+03  6.66e+01 -1.00e+05
2016 05 28  0810   57536  29400   4.63e+01  1.68e-01  1.40e-01  5.99e-02  4.85e-02  2.52e-02  2.77e+03  6.76e+01 -1.00e+05
2016 05 28  0815   57536  29700   6.48e+01  2.44e-01  1.35e-01  9.30e-02  5.59e-02  2.52e-02  2.99e+03  6.78e+01 -1.00e+05
2016 05 28  0820   57536  30000   3.69e+01  2.28e-01  1.70e-01  7.46e-02  6.31e-02  3.98e-02  2.87e+03  5.78e+01 -1.00e+05
2016 05 28  0825   57536  30300   5.43e+01  3.99e-01  2.12e-01  6.96e-02  5.82e-02  3.48e-02  3.10e+03  5.77e+01 -1.00e+05
2016 05 28  0830   57536  30600   3.04e+01  1.75e-01  1.47e-01  6.96e-02  5.82e-02  3.48e-02  3.27e+03  5.45e+01 -1.00e+05
2016 05 28  0835   57536  30900   3.51e+01  2.88e-01  2.30e-01  6.68e-02  5.00e-02  2.52e-02  3.56e+03  6.03e+01 -1.00e+05
2016 05 28  0840   57536  31200   2.31e+01  1.89e-01  1.61e-01  6.02e-02  4.87e-02  2.52e-02  4.00e+03  6.61e+01 -1.00e+05
2016 05 28  0845   57536  31500   3.03e+01  1.74e-01  1.46e-01  1.05e-01  5.55e-02  2.52e-02  4.59e+03  6.85e+01 -1.00e+05
2016 05 28  0850   57536  31800   2.80e+01  1.71e-01  1.43e-01  1.04e-01  9.28e-02  6.95e-02  4.79e+03  7.49e+01 -1.00e+05
2016 05 28  0855   57536  32100   1.96e+01  1.45e-01  1.18e-01  7.90e-02  6.76e-02  3.13e-02  4.88e+03  7.80e+01 -1.00e+05
2016 05 28  0900   57536  32400   1.90e+01  1.68e-01  1.40e-01  5.99e-02  4.85e-02  2.52e-02  4.85e+03  8.11e+01 -1.00e+05
2016 05 28  0905   57536  32700   1.76e+01  2.69e-01  2.41e-01  8.33e-02  5.74e-02  2.99e-02  4.82e+03  6.84e+01 -1.00e+05
2016 05 28  0910   57536  33000   2.12e+01  1.69e-01  1.11e-01  6.68e-02  5.00e-02  2.52e-02  5.12e+03  6.77e+01 -1.00e+05
2016 05 28  0915   57536  33300   1.58e+01  2.20e-01  1.13e-01  5.99e-02  4.85e-02  2.52e-02  4.92e+03  7.10e+01 -1.00e+05
2016 05 28  0920   57536  33600   1.41e+01  1.46e-01  1.18e-01  7.95e-02  6.81e-02  4.47e-02  5.15e+03  7.48e+01 -1.00e+05
2016 05 28  0925   57536  33900   1.37e+01  1.77e-01  1.49e-01  7.21e-02  6.06e-02  3.73e-02  5.30e+03  7.79e+01 -1.00e+05
2016 05 28  0930   57536  34200   1.74e+01  2.45e-01  2.18e-01  6.02e-02  4.87e-02  2.52e-02  5.50e+03  7.78e+01 -1.00e+05
2016 05 28  0935   57536  34500   1.67e+01  1.26e-01  9.85e-02  5.99e-02  4.85e-02  2.52e-02  5.78e+03  7.62e+01 -1.00e+05
2016 05 28  0940   57536  34800   2.64e+01  3.22e-01  1.58e-01  6.68e-02  5.00e-02  2.52e-02  5.94e+03  8.02e+01 -1.00e+05
2016 05 28  0945   57536  35100   1.68e+01  2.03e-01  1.45e-01  5.99e-02  4.85e-02  2.52e-02  6.31e+03  8.77e+01 -1.00e+05
2016 05 28  0950   57536  35400   1.42e+01  2.27e-01  1.99e-01  1.60e-01  1.49e-01  5.75e-02  6.43e+03  8.34e+01 -1.00e+05
2016 05 28  0955   57536  35700   1.39e+01  1.26e-01  9.85e-02  5.99e-02  4.85e-02  2.52e-02  6.50e+03  8.70e+01 -1.00e+05
2016 05 28  1000   57536  36000   1.15e+01  1.60e-01  1.32e-01  9.27e-02  6.58e-02  2.93e-02  6.50e+03  8.38e+01 -1.00e+05
2016 05 28  1005   57536  36300   3.73e+01  2.77e-01  1.43e-01  1.02e-01  6.73e-02  3.73e-02  6.76e+03  7.45e+01 -1.00e+05
2016 05 28  1010   57536  36600   1.98e+01  4.03e-01  2.44e-01  5.99e-02  4.85e-02  2.52e-02  6.87e+03  7.34e+01 -1.00e+05
2016 05 28  1015   57536  36900   2.77e+01  2.79e-01  1.00e-01  5.99e-02  4.85e-02  2.52e-02  7.16e+03  7.66e+01 -1.00e+05
2016 05 28  1020   57536  37200   1.38e+01  2.70e-01  2.42e-01  8.65e-02  5.45e-02  2.52e-02  7.27e+03  8.26e+01 -1.00e+05
2016 05 28  1025   57536  37500   1.38e+01  1.29e-01  1.01e-01  6.22e-02  5.07e-02  2.74e-02  7.32e+03  7.35e+01 -1.00e+05
2016 05 28  1030   57536  37800   1.43e+01  1.71e-01  1.43e-01  6.47e-02  5.32e-02  2.99e-02  7.40e+03  7.50e+01 -1.00e+05
2016 05 28  1035   57536  38100   1.17e+01  1.80e-01  1.52e-01  1.13e-01  1.02e-01  5.22e-02  7.57e+03  6.80e+01 -1.00e+05
2016 05 28  1040   57536  38400   1.24e+01  2.40e-01  2.12e-01  1.74e-01  1.62e-01  6.50e-02  7.52e+03  6.48e+01 -1.00e+05
2016 05 28  1045   57536  38700   2.41e+01  3.40e-01  1.00e-01  5.99e-02  4.85e-02  2.52e-02  7.38e+03  6.25e+01 -1.00e+05
2016 05 28  1050   57536  39000   1.08e+01  1.26e-01  9.85e-02  5.99e-02  4.85e-02  2.52e-02  7.00e+03  6.67e+01 -1.00e+05
2016 05 28  1055   57536  39300   1.05e+01  1.88e-01  1.60e-01  6.96e-02  5.82e-02  3.48e-02  6.60e+03  6.15e+01 -1.00e+05
2016 05 28  1100   57536  39600   9.68e+00  2.55e-01  2.27e-01  7.21e-02  6.06e-02  3.73e-02  6.42e+03  6.78e+01 -1.00e+05
2016 05 28  1105   57536  39900   7.79e+00  2.08e-01  1.80e-01  1.41e-01  1.27e-01  5.66e-02  6.16e+03  6.66e+01 -1.00e+05
2016 05 28  1110   57536  40200   1.45e+01  3.61e-01  2.08e-01  9.78e-02  8.64e-02  3.73e-02  6.18e+03  6.87e+01 -1.00e+05
2016 05 28  1115   57536  40500   9.28e+00  1.68e-01  1.40e-01  5.99e-02  4.85e-02  2.52e-02  6.50e+03  7.44e+01 -1.00e+05
2016 05 28  1120   57536  40800   8.73e+00  2.09e-01  1.81e-01  1.40e-01  8.09e-02  3.13e-02  6.24e+03  6.75e+01 -1.00e+05
2016 05 28  1125   57536  41100   8.95e+00  1.26e-01  9.85e-02  5.99e-02  4.85e-02  2.52e-02  6.35e+03  6.29e+01 -1.00e+05
2016 05 28  1130   57536  41400   9.09e+00  1.26e-01  9.85e-02  5.99e-02  4.85e-02  2.52e-02  6.59e+03  7.03e+01 -1.00e+05
2016 05 28  1135   57536  41700   1.42e+01  2.10e-01  1.00e-01  5.99e-02  4.85e-02  2.52e-02  7.03e+03  7.35e+01 -1.00e+05
2016 05 28  1140   57536  42000   1.71e+01  2.70e-01  1.15e-01  7.46e-02  6.31e-02  3.64e-02  7.43e+03  7.28e+01 -1.00e+05
2016 05 28  1145   57536  42300   8.34e+00  1.84e-01  1.56e-01  6.65e-02  5.50e-02  2.73e-02  7.79e+03  7.51e+01 -1.00e+05
2016 05 28  1150   57536  42600   1.55e+01  2.42e-01  1.13e-01  7.27e-02  6.13e-02  2.93e-02  8.15e+03  7.15e+01 -1.00e+05
2016 05 28  1155   57536  42900   1.72e+01  2.57e-01  1.00e-01  5.99e-02  4.85e-02  2.52e-02  8.34e+03  6.71e+01 -1.00e+05
2016 05 28  1200   57536  43200   9.36e+00  1.65e-01  1.37e-01  9.81e-02  8.64e-02  3.73e-02  9.02e+03  6.42e+01 -1.00e+05
2016 05 28  1205   57536  43500   1.17e+01  2.15e-01  1.56e-01  5.99e-02  4.85e-02  2.52e-02  9.45e+03  6.86e+01 -1.00e+05
2016 05 28  1210   57536  43800   1.33e+01  2.56e-01  1.52e-01  9.93e-02  8.79e-02  6.46e-02  9.87e+03  6.99e+01 -1.00e+05
2016 05 28  1215   57536  44100   9.74e+00  1.89e-01  1.61e-01  5.99e-02  4.85e-02  2.52e-02  1.04e+04  7.76e+01 -1.00e+05
2016 05 28  1220   57536  44400   9.32e+00  1.89e-01  1.61e-01  5.99e-02  4.85e-02  2.52e-02  1.05e+04  7.83e+01 -1.00e+05
2016 05 28  1225   57536  44700   9.09e+00  1.26e-01  9.85e-02  5.99e-02  4.85e-02  2.52e-02  1.09e+04  6.82e+01 -1.00e+05
2016 05 28  1230   57536  45000   1.35e+01  2.10e-01  1.01e-01  6.02e-02  4.86e-02  2.52e-02  1.12e+04  7.26e+01 -1.00e+05
2016 05 28  1235   57536  45300   8.42e+00  1.27e-01  9.88e-02  6.02e-02  4.86e-02  2.52e-02  1.14e+04  7.76e+01 -1.00e+05
2016 05 28  1240   57536  45600   1.73e+01  2.97e-01  1.63e-01  1.23e-01  1.11e-01  4.54e-02  1.23e+04  8.24e+01 -1.00e+05
2016 05 28  1245   57536  45900   1.07e+01  1.76e-01  1.18e-01  7.34e-02  5.15e-02  2.52e-02  1.24e+04  8.31e+01 -1.00e+05
2016 05 28  1250   57536  46200   1.01e+01  1.26e-01  9.85e-02  5.99e-02  4.85e-02  2.52e-02  1.28e+04  8.05e+01 -1.00e+05
2016 05 28  1255   57536  46500   1.22e+01  1.93e-01  1.40e-01  6.65e-02  5.50e-02  2.73e-02  1.36e+04  8.67e+01 -1.00e+05
2016 05 28  1300   57536  46800   1.07e+01  1.58e-01  1.30e-01  9.15e-02  8.01e-02  3.53e-02  1.37e+04  8.68e+01 -1.00e+05
2016 05 28  1305   57536  47100   1.09e+01  1.86e-01  1.58e-01  1.19e-01  1.08e-01  8.44e-02  1.39e+04  8.48e+01 -1.00e+05
2016 05 28  1310   57536  47400   1.31e+01  1.62e-01  1.04e-01  5.99e-02  4.85e-02  2.52e-02  1.43e+04  8.86e+01 -1.00e+05
2016 05 28  1315   57536  47700   1.24e+01  1.96e-01  1.38e-01  9.30e-02  5.59e-02  2.52e-02  1.43e+04  8.56e+01 -1.00e+05
2016 05 28  1320   57536  48000   1.12e+01  1.64e-01  1.21e-01  7.93e-02  6.76e-02  3.13e-02  1.43e+04  8.71e+01 -1.00e+05
2016 05 28  1325   57536  48300   9.72e+00  1.41e-01  1.13e-01  7.46e-02  6.31e-02  3.98e-02  1.47e+04  9.12e+01 -1.00e+05
2016 05 28  1330   57536  48600   1.74e+01  4.82e-01  2.27e-01  7.34e-02  5.15e-02  2.52e-02  1.44e+04  9.12e+01 -1.00e+05
2016 05 28  1335   57536  48900   1.07e+01  1.26e-01  9.85e-02  5.99e-02  4.85e-02  2.52e-02  1.50e+04  1.04e+02 -1.00e+05
2016 05 28  1340   57536  49200   2.08e+01  2.85e-01  1.28e-01  8.65e-02  5.45e-02  2.52e-02  1.54e+04  1.02e+02 -1.00e+05
2016 05 28  1345   57536  49500   1.05e+01  1.68e-01  1.40e-01  5.99e-02  4.85e-02  2.52e-02  1.57e+04  1.09e+02 -1.00e+05
2016 05 28  1350   57536  49800   1.11e+01  1.33e-01  1.06e-01  6.68e-02  5.00e-02  2.52e-02  1.62e+04  9.71e+01 -1.00e+05
2016 05 28  1355   57536  50100   1.23e+01  1.26e-01  9.85e-02  5.99e-02  4.85e-02  2.52e-02  1.72e+04  1.12e+02 -1.00e+05
2016 05 28  1400   57536  50400   2.05e+01  2.90e-01  1.57e-01  1.16e-01  8.59e-02  5.71e-02  1.68e+04  1.04e+02 -1.00e+05
2016 05 28  1405   57536  50700   1.40e+01  1.62e-01  1.04e-01  6.02e-02  4.86e-02  2.52e-02  1.70e+04  1.07e+02 -1.00e+05
2016 05 28  1410   57536  51000   1.86e+01  4.06e-01  2.47e-01  6.47e-02  5.32e-02  2.99e-02  1.69e+04  1.05e+02 -1.00e+05
2016 05 28  1415   57536  51300   1.11e+01  2.53e-01  2.25e-01  6.68e-02  5.00e-02  2.52e-02  1.72e+04  1.02e+02 -1.00e+05
2016 05 28  1420   57536  51600   1.22e+01  1.68e-01  1.40e-01  5.99e-02  4.85e-02  2.52e-02  1.78e+04  1.08e+02 -1.00e+05
2016 05 28  1425   57536  51900   1.09e+01  1.96e-01  1.68e-01  1.29e-01  1.18e-01  4.74e-02  1.78e+04  9.59e+01 -1.00e+05
2016 05 28  1430   57536  52200   1.13e+01  1.91e-01  1.63e-01  1.23e-01  6.63e-02  2.99e-02  1.84e+04  9.98e+01 -1.00e+05
2016 05 28  1435   57536  52500   1.09e+01  1.40e-01  1.12e-01  7.34e-02  5.15e-02  2.52e-02  1.86e+04  9.77e+01 -1.00e+05
2016 05 28  1440   57536  52800   1.46e+01  3.15e-01  2.08e-01  1.13e-01  6.04e-02  2.52e-02  1.84e+04  9.79e+01 -1.00e+05
2016 05 28  1445   57536  53100   1.16e+01  1.62e-01  1.04e-01  5.99e-02  4.85e-02  2.52e-02  1.86e+04  8.37e+01 -1.00e+05
2016 05 28  1450   57536  53400   1.16e+01  1.62e-01  1.04e-01  5.99e-02  4.85e-02  2.52e-02  1.80e+04  8.21e+01 -1.00e+05
2016 05 28  1455   57536  53700   9.26e+00  2.84e-01  2.56e-01  1.02e-01  7.51e-02  4.72e-02  1.88e+04  8.14e+01 -1.00e+05
2016 05 28  1500   57536  54000   1.53e+01  3.57e-01  2.50e-01  7.99e-02  5.30e-02  2.52e-02  1.94e+04  8.49e+01 -1.00e+05
2016 05 28  1505   57536  54300   1.09e+01  1.51e-01  1.23e-01  8.45e-02  7.30e-02  4.97e-02  1.98e+04  8.17e+01 -1.00e+05
2016 05 28  1510   57536  54600   2.13e+01  2.57e-01  1.00e-01  5.99e-02  4.85e-02  2.52e-02  1.98e+04  1.01e+02 -1.00e+05
2016 05 28  1515   57536  54900   1.08e+01  1.68e-01  1.40e-01  5.99e-02  4.85e-02  2.52e-02  1.97e+04  9.63e+01 -1.00e+05
2016 05 28  1520   57536  55200   1.97e+01  2.10e-01  1.00e-01  5.99e-02  4.85e-02  2.52e-02  2.01e+04  9.35e+01 -1.00e+05
2016 05 28  1525   57536  55500   1.85e+01  2.20e-01  1.13e-01  5.99e-02  4.85e-02  2.52e-02  2.08e+04  1.00e+02 -1.00e+05
2016 05 28  1530   57536  55800   2.14e+01  2.89e-01  1.78e-01  1.37e-01  1.10e-01  4.34e-02  2.05e+04  9.76e+01 -1.00e+05
2016 05 28  1535   57536  56100   2.36e+01  3.12e-01  1.12e-01  7.21e-02  6.06e-02  3.73e-02  1.99e+04  1.01e+02 -1.00e+05
2016 05 28  1540   57536  56400   1.14e+01  1.51e-01  1.23e-01  8.45e-02  7.30e-02  4.97e-02  2.02e+04  9.44e+01 -1.00e+05
2016 05 28  1545   57536  56700   1.14e+01  1.64e-01  1.36e-01  9.78e-02  8.64e-02  3.73e-02  2.07e+04  1.03e+02 -1.00e+05
2016 05 28  1550   57536  57000   2.05e+01  3.52e-01  1.62e-01  7.46e-02  6.31e-02  3.98e-02  1.99e+04  9.24e+01 -1.00e+05
2016 05 28  1555   57536  57300   1.06e+01  1.29e-01  1.01e-01  6.22e-02  5.07e-02  2.74e-02  2.02e+04  1.01e+02 -1.00e+05
2016 05 28  1600   57536  57600   1.22e+01  2.03e-01  1.45e-01  5.99e-02  4.85e-02  2.52e-02  1.91e+04  9.50e+01 -1.00e+05
2016 05 28  1605   57536  57900   5.74e+00  1.52e-01  1.24e-01  8.53e-02  7.38e-02  3.33e-02  1.71e+04  6.66e+01 -1.00e+05
2016 05 28  1610   57536  58200   1.39e+01  5.05e-01  3.04e-01  1.26e-01  1.15e-01  5.80e-02  1.83e+04  8.68e+01 -1.00e+05
2016 05 28  1615   57536  58500   1.22e+01  2.17e-01  1.62e-01  1.19e-01  1.08e-01  8.44e-02  1.94e+04  9.65e+01 -1.00e+05
2016 05 28  1620   57536  58800   1.43e+01  2.81e-01  2.23e-01  5.99e-02  4.85e-02  2.52e-02  2.04e+04  1.09e+02 -1.00e+05
2016 05 28  1625   57536  59100   1.20e+01  1.79e-01  1.51e-01  5.99e-02  4.85e-02  2.52e-02  2.03e+04  1.09e+02 -1.00e+05
2016 05 28  1630   57536  59400   1.13e+01  2.04e-01  1.46e-01  6.02e-02  4.86e-02  2.52e-02  1.95e+04  8.56e+01 -1.00e+05
2016 05 28  1635   57536  59700   1.42e+01  2.87e-01  1.54e-01  1.13e-01  7.80e-02  4.79e-02  2.00e+04  8.03e+01 -1.00e+05
2016 05 28  1640   57536  60000   7.41e+00  1.27e-01  9.88e-02  6.02e-02  4.86e-02  2.52e-02  1.81e+04  8.54e+01 -1.00e+05
2016 05 28  1645   57536  60300   1.24e+01  3.85e-01  2.09e-01  7.27e-02  6.13e-02  2.93e-02  1.92e+04  8.73e+01 -1.00e+05
2016 05 28  1650   57536  60600   8.37e+00  1.26e-01  9.85e-02  5.99e-02  4.85e-02  2.52e-02  1.88e+04  9.34e+01 -1.00e+05
2016 05 28  1655   57536  60900   7.50e+00  2.46e-01  2.18e-01  5.99e-02  4.85e-02  2.52e-02  1.88e+04  9.46e+01 -1.00e+05
2016 05 28  1700   57536  61200   7.65e+00  2.55e-01  2.27e-01  7.21e-02  6.06e-02  3.73e-02  1.89e+04  9.54e+01 -1.00e+05
2016 05 28  1705   57536  61500   7.48e+00  1.33e-01  1.05e-01  6.65e-02  5.50e-02  2.73e-02  1.86e+04  9.81e+01 -1.00e+05
2016 05 28  1710   57536  61800   7.75e+00  1.85e-01  1.57e-01  1.18e-01  9.09e-02  3.73e-02  1.82e+04  1.05e+02 -1.00e+05
2016 05 28  1715   57536  62100   9.04e+00  2.16e-01  1.58e-01  1.13e-01  6.04e-02  2.52e-02  1.77e+04  1.15e+02 -1.00e+05
2016 05 28  1720   57536  62400   7.63e+00  1.83e-01  1.35e-01  9.27e-02  6.58e-02  2.93e-02  1.68e+04  1.09e+02 -1.00e+05
2016 05 28  1725   57536  62700   6.16e+00  1.68e-01  1.40e-01  5.99e-02  4.85e-02  2.52e-02  1.65e+04  1.07e+02 -1.00e+05
2016 05 28  1730   57536  63000   9.97e+00  2.20e-01  1.13e-01  5.99e-02  4.85e-02  2.52e-02  1.70e+04  1.11e+02 -1.00e+05
2016 05 28  1735   57536  63300   1.19e+01  2.30e-01  1.21e-01  7.99e-02  5.30e-02  2.52e-02  1.75e+04  1.14e+02 -1.00e+05
2016 05 28  1740   57536  63600   1.24e+01  2.10e-01  1.01e-01  6.02e-02  4.86e-02  2.52e-02  1.78e+04  1.12e+02 -1.00e+05
2016 05 28  1745   57536  63900   7.34e+00  1.26e-01  9.85e-02  5.99e-02  4.85e-02  2.52e-02  1.78e+04  1.12e+02 -1.00e+05
2016 05 28  1750   57536  64200   8.66e+00  2.81e-01  2.23e-01  5.99e-02  4.85e-02  2.52e-02  1.78e+04  1.07e+02 -1.00e+05
2016 05 28  1755   57536  64500   1.45e+01  4.22e-01  1.51e-01  5.99e-02  4.85e-02  2.52e-02  1.78e+04  1.06e+02 -1.00e+05
2016 05 28  1800   57536  64800   6.40e+00  2.02e-01  1.74e-01  1.35e-01  1.24e-01  4.94e-02  1.82e+04  1.08e+02 -1.00e+05
2016 05 28  1805   57536  65100   6.29e+00  2.05e-01  1.77e-01  6.68e-02  5.00e-02  2.52e-02  1.77e+04  1.13e+02 -1.00e+05
2016 05 28  1810   57536  65400   5.36e+00  2.44e-01  2.16e-01  1.28e-01  1.17e-01  6.72e-02  1.79e+04  1.03e+02 -1.00e+05
2016 05 28  1815   57536  65700   7.22e+00  2.40e-01  1.33e-01  7.99e-02  5.30e-02  2.52e-02  1.77e+04  9.69e+01 -1.00e+05
2016 05 28  1820   57536  66000   4.75e+00  1.75e-01  1.47e-01  6.68e-02  5.00e-02  2.52e-02  1.78e+04  9.93e+01 -1.00e+05
2016 05 28  1825   57536  66300   8.46e+00  3.36e-01  1.71e-01  7.99e-02  5.30e-02  2.52e-02  1.80e+04  9.64e+01 -1.00e+05
2016 05 28  1830   57536  66600   4.55e+00  1.26e-01  9.85e-02  5.99e-02  4.85e-02  2.52e-02  1.84e+04  9.01e+01 -1.00e+05
2016 05 28  1835   57536  66900   6.59e+00  2.20e-01  1.13e-01  5.99e-02  4.85e-02  2.52e-02  1.87e+04  9.53e+01 -1.00e+05
2016 05 28  1840   57536  67200   5.27e+00  1.26e-01  9.85e-02  5.99e-02  4.85e-02  2.52e-02  1.92e+04  9.59e+01 -1.00e+05
2016 05 28  1845   57536  67500   6.84e+00  2.32e-01  1.38e-01  8.76e-02  7.61e-02  4.23e-02  1.98e+04  9.50e+01 -1.00e+05
2016 05 28  1850   57536  67800   6.92e+00  2.57e-01  1.00e-01  5.99e-02  4.85e-02  2.52e-02  1.87e+04  8.99e+01 -1.00e+05
2016 05 28  1855   57536  68100   4.04e+00  1.89e-01  1.61e-01  8.69e-02  7.55e-02  5.22e-02  1.78e+04  8.18e+01 -1.00e+05
2016 05 28  1900   57536  68400   4.62e+00  2.64e-01  2.07e-01  1.63e-01  1.20e-01  4.54e-02  1.74e+04  7.75e+01 -1.00e+05
2016 05 28  1905   57536  68700   3.44e+00  1.92e-01  1.65e-01  1.25e-01  8.27e-02  3.33e-02  1.75e+04  7.60e+01 -1.00e+05
2016 05 28  1910   57536  69000   4.58e+00  1.80e-01  1.26e-01  8.27e-02  7.13e-02  4.58e-02  1.78e+04  7.53e+01 -1.00e+05
2016 05 28  1915   57536  69300   3.80e+00  1.64e-01  1.36e-01  9.78e-02  8.64e-02  3.73e-02  1.78e+04  7.49e+01 -1.00e+05
2016 05 28  1920   57536  69600   6.15e+00  4.54e-01  2.61e-01  8.20e-02  7.06e-02  4.72e-02  1.74e+04  7.67e+01 -1.00e+05
2016 05 28  1925   57536  69900   3.60e+00  1.62e-01  1.04e-01  5.99e-02  4.85e-02  2.52e-02  1.76e+04  7.11e+01 -1.00e+05
2016 05 28  1930   57536  70200   2.74e+00  1.68e-01  1.40e-01  5.99e-02  4.85e-02  2.52e-02  1.67e+04  6.81e+01 -1.00e+05
2016 05 28  1935   57536  70500   3.07e+00  1.77e-01  1.49e-01  7.21e-02  6.06e-02  3.73e-02  1.76e+04  7.14e+01 -1.00e+05
2016 05 28  1940   57536  70800   4.88e+00  2.74e-01  1.67e-01  1.13e-01  6.04e-02  2.52e-02  1.78e+04  7.45e+01 -1.00e+05
2016 05 28  1945   57536  71100   3.41e+00  1.26e-01  9.85e-02  5.99e-02  4.85e-02  2.52e-02  1.83e+04  8.45e+01 -1.00e+05
2016 05 28  1950   57536  71400   6.07e+00  3.97e-01  1.81e-01  5.99e-02  4.85e-02  2.52e-02  1.88e+04  9.08e+01 -1.00e+05
2016 05 28  1955   57536  71700   2.90e+00  1.83e-01  1.55e-01  7.95e-02  6.81e-02  4.47e-02  1.80e+04  8.47e+01 -1.00e+05
2016 05 28  2000   57536  72000   3.10e+00  2.46e-01  2.18e-01  5.99e-02  4.85e-02  2.52e-02  1.85e+04  8.19e+01 -1.00e+05
2016 05 28  2005   57536  72300   3.14e+00  1.26e-01  9.85e-02  5.99e-02  4.85e-02  2.52e-02  1.79e+04  7.81e+01 -1.00e+05
2016 05 28  2010   57536  72600   2.92e+00  1.91e-01  1.63e-01  7.21e-02  6.06e-02  3.73e-02  1.72e+04  7.33e+01 -1.00e+05
2016 05 28  2015   57536  72900   2.46e+00  1.45e-01  1.18e-01  7.90e-02  6.76e-02  3.13e-02  1.68e+04  7.19e+01 -1.00e+05
2016 05 28  2020   57536  73200   2.18e+00  1.52e-01  1.24e-01  8.53e-02  7.38e-02  3.33e-02  1.63e+04  6.88e+01 -1.00e+05
2016 05 28  2025   57536  73500   2.42e+00  1.26e-01  9.85e-02  5.99e-02  4.85e-02  2.52e-02  1.63e+04  7.28e+01 -1.00e+05
2016 05 28  2030   57536  73800   2.19e+00  1.29e-01  1.01e-01  6.22e-02  5.07e-02  2.74e-02  1.62e+04  6.77e+01 -1.00e+05
2016 05 28  2035   57536  74100   3.92e+00  4.80e-01  1.89e-01  6.71e-02  5.57e-02  3.24e-02  1.46e+04  6.19e+01 -1.00e+05
2016 05 28  2040   57536  74400   1.99e+00  2.46e-01  2.18e-01  5.99e-02  4.85e-02  2.52e-02  1.42e+04  6.09e+01 -1.00e+05
2016 05 28  2045   57536  74700   2.72e+00  2.85e-01  1.51e-01  5.99e-02  4.85e-02  2.52e-02  1.38e+04  5.74e+01 -1.00e+05
2016 05 28  2050   57536  75000   1.55e+00  1.68e-01  1.40e-01  5.99e-02  4.85e-02  2.52e-02  1.35e+04  5.19e+01 -1.00e+05
2016 05 28  2055   57536  75300   1.67e+00  1.26e-01  9.85e-02  5.99e-02  4.85e-02  2.52e-02  1.33e+04  5.46e+01 -1.00e+05
2016 05 28  2100   57536  75600   2.99e+00  2.62e-01  1.05e-01  6.47e-02  5.32e-02  2.99e-02  1.23e+04  5.09e+01 -1.00e+05
2016 05 28  2105   57536  75900   1.68e+00  1.26e-01  9.85e-02  5.99e-02  4.85e-02  2.52e-02  1.10e+04  5.11e+01 -1.00e+05
2016 05 28  2110   57536  76200   1.71e+00  1.56e-01  1.28e-01  8.93e-02  7.22e-02  4.72e-02  1.17e+04  4.79e+01 -1.00e+05
2016 05 28  2115   57536  76500   1.65e+00  1.43e-01  1.16e-01  7.70e-02  6.56e-02  4.23e-02  1.05e+04  5.18e+01 -1.00e+05
2016 05 28  2120   57536  76800   1.26e+00  2.25e-01  1.67e-01  5.99e-02  4.85e-02  2.52e-02  1.01e+04  4.97e+01 -1.00e+05
2016 05 28  2125   57536  77100   1.31e+00  1.68e-01  1.40e-01  5.99e-02  4.85e-02  2.52e-02  9.51e+03  4.78e+01 -1.00e+05
2016 05 28  2130   57536  77400   1.42e+00  2.20e-01  1.13e-01  5.99e-02  4.85e-02  2.52e-02  6.42e+03  2.81e+01 -1.00e+05
2016 05 28  2135   57536  77700   1.75e+00  2.34e-01  1.00e-01  5.99e-02  4.85e-02  2.52e-02  6.25e+03  3.33e+01 -1.00e+05
2016 05 28  2140   57536  78000   1.93e+00  2.20e-01  1.13e-01  5.99e-02  4.85e-02  2.52e-02  9.02e+03  4.01e+01 -1.00e+05
2016 05 28  2145   57536  78300   1.37e+00  1.36e-01  1.08e-01  6.96e-02  5.82e-02  3.48e-02  5.46e+03  1.99e+01 -1.00e+05
2016 05 28  2150   57536  78600   1.17e+00  1.89e-01  1.61e-01  5.99e-02  4.85e-02  2.52e-02  5.73e+03  1.49e+01 -1.00e+05
2016 05 28  2155   57536  78900   1.30e+00  2.10e-01  1.52e-01  1.06e-01  5.89e-02  2.52e-02  5.85e+03  1.95e+01 -1.00e+05
2016 05 28  2200   57536  79200   1.09e+00  1.77e-01  1.49e-01  1.10e-01  9.89e-02  4.14e-02  5.95e+03  1.90e+01 -1.00e+05
2016 05 28  2205   57536  79500   1.11e+00  1.47e-01  1.20e-01  8.11e-02  6.96e-02  4.63e-02  7.22e+03  2.32e+01 -1.00e+05
2016 05 28  2210   57536  79800   1.75e+00  1.36e-01  1.09e-01  6.89e-02  5.77e-02  3.46e-02  8.29e+03  3.60e+01 -1.00e+05
2016 05 28  2215   57536  80100   2.29e+00  2.30e-01  1.75e-01  1.29e-01  1.06e-01  7.92e-02  9.12e+03  3.67e+01 -1.00e+05
2016 05 28  2220   57536  80400   3.13e+00  2.21e-01  1.13e-01  5.93e-02  4.81e-02  2.50e-02  9.83e+03  4.55e+01 -1.00e+05
2016 05 28  2225   57536  80700   2.27e+00  1.41e-01  1.14e-01  7.39e-02  6.27e-02  3.96e-02  1.29e+04  6.29e+01 -1.00e+05
2016 05 28  2230   57536  81000   2.27e+00  2.07e-01  1.79e-01  9.22e-02  8.10e-02  2.64e-02  1.28e+04  6.31e+01 -1.00e+05
2016 05 28  2235   57536  81300   3.20e+00  2.31e-01  1.21e-01  7.88e-02  6.76e-02  4.46e-02  1.19e+04  6.07e+01 -1.00e+05
2016 05 28  2240   57536  81600   1.91e+00  1.72e-01  1.44e-01  1.03e-01  5.80e-02  2.50e-02  1.18e+04  5.45e+01 -1.00e+05
2016 05 28  2245   57536  81900   2.82e+00  2.57e-01  1.49e-01  6.40e-02  4.92e-02  2.50e-02  1.23e+04  5.55e+01 -1.00e+05
2016 05 28  2250   57536  82200   2.18e+00  1.66e-01  1.38e-01  7.89e-02  6.77e-02  4.12e-02  1.07e+04  4.04e+01 -1.00e+05
2016 05 28  2255   57536  82500   3.65e+00  2.49e-01  1.39e-01  9.60e-02  6.96e-02  4.21e-02  1.17e+04  4.56e+01 -1.00e+05
2016 05 28  2300   57536  82800   2.99e+00  2.74e-01  1.69e-01  9.12e-02  8.00e-02  5.69e-02  1.23e+04  5.03e+01 -1.00e+05
2016 05 28  2305   57536  83100   3.85e+00  2.69e-01  1.39e-01  5.93e-02  4.81e-02  2.50e-02  1.38e+04  5.68e+01 -1.00e+05
2016 05 28  2310   57536  83400   2.56e+00  1.65e-01  1.37e-01  5.93e-02  4.81e-02  2.50e-02  1.60e+04  6.57e+01 -1.00e+05
2016 05 28  2315   57536  83700   2.87e+00  1.79e-01  1.51e-01  8.63e-02  7.51e-02  5.20e-02  1.71e+04  7.02e+01 -1.00e+05
2016 05 28  2320   57536  84000   3.73e+00  1.94e-01  1.35e-01  5.93e-02  4.81e-02  2.50e-02  1.75e+04  7.76e+01 -1.00e+05
2016 05 28  2325   57536  84300   4.62e+00  2.84e-01  1.77e-01  1.22e-01  6.77e-02  3.22e-02  1.74e+04  7.27e+01 -1.00e+05
2016 05 28  2330   57536  84600   3.87e+00  1.63e-01  1.05e-01  5.93e-02  4.81e-02  2.50e-02  1.77e+04  8.21e+01 -1.00e+05
2016 05 28  2335   57536  84900   2.45e+00  2.57e-01  2.29e-01  8.63e-02  7.51e-02  5.20e-02  1.50e+04  5.93e+01 -1.00e+05
2016 05 28  2340   57536  85200   2.41e+00  2.11e-01  1.83e-01  1.43e-01  1.17e-01  5.90e-02  1.53e+04  5.67e+01 -1.00e+05
2016 05 28  2345   57536  85500   4.08e+00  2.37e-01  1.01e-01  5.93e-02  4.81e-02  2.50e-02  1.63e+04  6.58e+01 -1.00e+05
2016 05 28  2350   57536  85800   3.08e+00  2.32e-01  1.25e-01  7.06e-02  5.06e-02  2.50e-02  1.66e+04  6.64e+01 -1.00e+05
2016 05 28  2355   57536  86100   1.86e+00  2.07e-01  1.80e-01  1.39e-01  9.85e-02  3.85e-02  1.61e+04  6.62e+01 -1.00e+05
