:Data_list: 20160909_Gs_part_5m.txt
:Created: 2016 Sep 10 0011 UTC
# Prepared by the U.S. Dept. of Commerce, NOAA, Space Weather Prediction Center
# Please send comments and suggestions to SWPC.Webmaster@noaa.gov 
# 
# Label: P > 1 = Particles at >1 Mev
# Label: P > 5 = Particles at >5 Mev
# Label: P >10 = Particles at >10 Mev
# Label: P >30 = Particles at >30 Mev
# Label: P >50 = Particles at >50 Mev
# Label: P>100 = Particles at >100 Mev
# Label: E>0.8 = Electrons at >0.8 Mev
# Label: E>2.0 = Electrons at >2.0 Mev
# Label: E>4.0 = Electrons at >4.0 Mev
# Units: Particles = Protons/cm2-s-sr
# Units: Electrons = Electrons/cm2-s-sr
# Source: GOES-15
# Location: W135
# Missing data: -1.00e+05
#
#                      5-minute  GOES-15 Solar Particle and Electron Flux
#
#                 Modified Seconds
# UTC Date  Time   Julian  of the
# YR MO DA  HHMM    Day     Day     P > 1     P > 5     P >10     P >30     P >50     P>100     E>0.8     E>2.0     E>4.0
#-------------------------------------------------------------------------------------------------------------------------
2016 09 09  0000   57640      0   7.20e+00  2.18e-01  1.39e-01  7.99e-02  6.80e-02  4.53e-02  4.74e+04  5.35e+03 -1.00e+05
2016 09 09  0005   57640    300   6.67e+00  2.09e-01  1.28e-01  6.83e-02  5.82e-02  3.59e-02  4.62e+04  5.02e+03 -1.00e+05
2016 09 09  0010   57640    600   5.34e+00  1.89e-01  1.54e-01  1.01e-01  5.20e-02  2.28e-02  4.66e+04  5.06e+03 -1.00e+05
2016 09 09  0015   57640    900   7.06e+00  2.87e-01  1.57e-01  7.15e-02  4.93e-02  2.36e-02  4.58e+04  4.98e+03 -1.00e+05
2016 09 09  0020   57640   1200   4.75e+00  1.65e-01  1.30e-01  7.87e-02  6.14e-02  2.74e-02  4.41e+04  4.71e+03 -1.00e+05
2016 09 09  0025   57640   1500   4.63e+00  2.36e-01  2.01e-01  5.52e-02  4.50e-02  2.28e-02  4.40e+04  4.71e+03 -1.00e+05
2016 09 09  0030   57640   1800   4.83e+00  3.50e-01  3.16e-01  9.06e-02  5.30e-02  2.28e-02  4.40e+04  4.66e+03 -1.00e+05
2016 09 09  0035   57640   2100   4.20e+00  1.56e-01  1.21e-01  6.95e-02  5.94e-02  2.74e-02  4.34e+04  4.37e+03 -1.00e+05
2016 09 09  0040   57640   2400   4.44e+00  1.85e-01  1.51e-01  5.52e-02  4.50e-02  2.28e-02  4.18e+04  4.25e+03 -1.00e+05
2016 09 09  0045   57640   2700   4.52e+00  1.54e-01  1.20e-01  6.83e-02  5.82e-02  3.59e-02  4.29e+04  4.29e+03 -1.00e+05
2016 09 09  0050   57640   3000   4.54e+00  1.44e-01  1.09e-01  5.78e-02  4.56e-02  2.28e-02  4.31e+04  4.24e+03 -1.00e+05
2016 09 09  0055   57640   3300   7.72e+00  2.67e-01  1.10e-01  5.52e-02  4.50e-02  2.28e-02  4.24e+04  4.21e+03 -1.00e+05
2016 09 09  0100   57640   3600   4.69e+00  3.72e-01  3.37e-01  1.15e-01  7.06e-02  3.84e-02  4.18e+04  4.17e+03 -1.00e+05
2016 09 09  0105   57640   3900   3.86e+00  1.41e-01  1.07e-01  5.52e-02  4.50e-02  2.28e-02  4.17e+04  4.06e+03 -1.00e+05
2016 09 09  0110   57640   4200   4.11e+00  2.36e-01  2.01e-01  5.52e-02  4.50e-02  2.28e-02  4.12e+04  3.90e+03 -1.00e+05
2016 09 09  0115   57640   4500   4.42e+00  2.05e-01  1.56e-01  1.02e-01  9.18e-02  4.17e-02  3.96e+04  3.76e+03 -1.00e+05
2016 09 09  0120   57640   4800   3.84e+00  1.83e-01  1.49e-01  9.57e-02  5.28e-02  2.36e-02  4.00e+04  3.73e+03 -1.00e+05
2016 09 09  0125   57640   5100   5.68e+00  2.66e-01  1.40e-01  7.20e-02  6.18e-02  3.71e-02  3.98e+04  3.73e+03 -1.00e+05
2016 09 09  0130   57640   5400   6.62e+00  2.75e-01  1.33e-01  5.78e-02  4.56e-02  2.28e-02  4.09e+04  3.77e+03 -1.00e+05
2016 09 09  0135   57640   5700   3.44e+00  1.51e-01  1.16e-01  6.44e-02  4.71e-02  2.28e-02  3.74e+04  3.33e+03 -1.00e+05
2016 09 09  0140   57640   6000   5.53e+00  3.49e-01  2.18e-01  5.52e-02  4.50e-02  2.28e-02  3.56e+04  3.03e+03 -1.00e+05
2016 09 09  0145   57640   6300   3.57e+00  1.75e-01  1.41e-01  5.52e-02  4.50e-02  2.28e-02  3.49e+04  2.82e+03 -1.00e+05
2016 09 09  0150   57640   6600   3.47e+00  1.85e-01  1.51e-01  5.52e-02  4.50e-02  2.28e-02  3.45e+04  2.78e+03 -1.00e+05
2016 09 09  0155   57640   6900   3.84e+00  2.06e-01  1.71e-01  1.20e-01  1.10e-01  4.35e-02  3.83e+04  3.19e+03 -1.00e+05
2016 09 09  0200   57640   7200   3.72e+00  2.10e-01  1.76e-01  1.23e-01  9.09e-02  3.55e-02  3.96e+04  3.39e+03 -1.00e+05
2016 09 09  0205   57640   7500   4.00e+00  2.26e-01  1.91e-01  7.84e-02  6.62e-02  2.94e-02  4.06e+04  3.54e+03 -1.00e+05
2016 09 09  0210   57640   7800   6.01e+00  2.96e-01  1.54e-01  7.98e-02  5.31e-02  2.60e-02  4.05e+04  3.48e+03 -1.00e+05
2016 09 09  0215   57640   8100   3.93e+00  1.95e-01  1.61e-01  7.58e-02  6.56e-02  4.34e-02  3.98e+04  3.35e+03 -1.00e+05
2016 09 09  0220   57640   8400   3.97e+00  1.58e-01  1.23e-01  5.52e-02  4.50e-02  2.28e-02  3.97e+04  3.33e+03 -1.00e+05
2016 09 09  0225   57640   8700   4.04e+00  3.32e-01  2.97e-01  7.82e-02  6.81e-02  4.59e-02  3.95e+04  3.22e+03 -1.00e+05
2016 09 09  0230   57640   9000   3.76e+00  1.41e-01  1.07e-01  5.52e-02  4.50e-02  2.28e-02  3.74e+04  2.95e+03 -1.00e+05
2016 09 09  0235   57640   9300   5.81e+00  2.58e-01  1.28e-01  7.33e-02  6.31e-02  4.09e-02  3.62e+04  2.70e+03 -1.00e+05
2016 09 09  0240   57640   9600   5.45e+00  2.44e-01  1.13e-01  5.84e-02  4.83e-02  2.60e-02  3.50e+04  2.55e+03 -1.00e+05
2016 09 09  0245   57640   9900   3.80e+00  1.41e-01  1.07e-01  5.52e-02  4.50e-02  2.28e-02  3.42e+04  2.51e+03 -1.00e+05
2016 09 09  0250   57640  10200   3.39e+00  2.52e-01  2.18e-01  7.58e-02  6.56e-02  4.34e-02  3.28e+04  2.31e+03 -1.00e+05
2016 09 09  0255   57640  10500   3.03e+00  2.00e-01  1.64e-01  1.14e-01  1.03e-01  5.14e-02  3.26e+04  2.28e+03 -1.00e+05
2016 09 09  0300   57640  10800   5.26e+00  5.19e-01  2.90e-01  9.29e-02  5.32e-02  2.26e-02  3.15e+04  2.19e+03 -1.00e+05
2016 09 09  0305   57640  11100   3.17e+00  2.21e-01  1.86e-01  9.22e-02  8.18e-02  3.45e-02  3.08e+04  2.05e+03 -1.00e+05
2016 09 09  0310   57640  11400   3.11e+00  1.66e-01  1.31e-01  5.51e-02  4.47e-02  2.26e-02  3.05e+04  2.03e+03 -1.00e+05
2016 09 09  0315   57640  11700   2.86e+00  1.41e-01  1.06e-01  5.51e-02  4.47e-02  2.26e-02  3.07e+04  2.01e+03 -1.00e+05
2016 09 09  0320   57640  12000   4.99e+00  2.83e-01  1.46e-01  9.22e-02  8.18e-02  3.45e-02  3.01e+04  2.02e+03 -1.00e+05
2016 09 09  0325   57640  12300   2.86e+00  1.47e-01  1.11e-01  6.08e-02  5.04e-02  2.44e-02  3.00e+04  2.00e+03 -1.00e+05
2016 09 09  0330   57640  12600   4.51e+00  4.57e-01  3.05e-01  9.12e-02  7.18e-02  3.04e-02  2.99e+04  1.95e+03 -1.00e+05
2016 09 09  0335   57640  12900   3.10e+00  3.69e-01  3.33e-01  1.23e-01  8.88e-02  3.45e-02  3.00e+04  1.96e+03 -1.00e+05
2016 09 09  0340   57640  13200   2.75e+00  1.78e-01  1.43e-01  9.22e-02  8.18e-02  3.45e-02  3.00e+04  2.00e+03 -1.00e+05
2016 09 09  0345   57640  13500   2.91e+00  1.41e-01  1.06e-01  5.51e-02  4.47e-02  2.26e-02  2.92e+04  1.88e+03 -1.00e+05
2016 09 09  0350   57640  13800   2.76e+00  1.78e-01  1.43e-01  5.51e-02  4.47e-02  2.26e-02  2.91e+04  1.85e+03 -1.00e+05
2016 09 09  0355   57640  14100   2.78e+00  2.31e-01  1.96e-01  1.45e-01  1.35e-01  6.15e-02  2.86e+04  1.76e+03 -1.00e+05
2016 09 09  0400   57640  14400   2.92e+00  1.73e-01  1.38e-01  8.72e-02  7.68e-02  5.46e-02  2.84e+04  1.72e+03 -1.00e+05
2016 09 09  0405   57640  14700   2.84e+00  1.53e-01  1.18e-01  6.71e-02  5.67e-02  2.64e-02  2.75e+04  1.70e+03 -1.00e+05
2016 09 09  0410   57640  15000   2.52e+00  1.67e-01  1.32e-01  5.51e-02  4.47e-02  2.26e-02  2.76e+04  1.70e+03 -1.00e+05
2016 09 09  0415   57640  15300   2.82e+00  2.91e-01  2.56e-01  1.05e-01  9.43e-02  3.85e-02  2.80e+04  1.76e+03 -1.00e+05
2016 09 09  0420   57640  15600   2.68e+00  1.53e-01  1.18e-01  6.71e-02  5.67e-02  2.64e-02  2.73e+04  1.68e+03 -1.00e+05
2016 09 09  0425   57640  15900   2.66e+00  1.72e-01  1.36e-01  8.59e-02  7.55e-02  3.25e-02  2.78e+04  1.69e+03 -1.00e+05
2016 09 09  0430   57640  16200   2.73e+00  1.41e-01  1.06e-01  5.51e-02  4.47e-02  2.26e-02  2.72e+04  1.64e+03 -1.00e+05
2016 09 09  0435   57640  16500   4.19e+00  3.37e-01  1.43e-01  8.96e-02  7.92e-02  4.70e-02  2.63e+04  1.60e+03 -1.00e+05
2016 09 09  0440   57640  16800   3.34e+00  2.79e-01  1.85e-01  1.23e-01  8.88e-02  3.45e-02  2.69e+04  1.58e+03 -1.00e+05
2016 09 09  0445   57640  17100   2.71e+00  2.08e-01  1.40e-01  8.38e-02  7.34e-02  4.68e-02  2.60e+04  1.55e+03 -1.00e+05
2016 09 09  0450   57640  17400   2.20e+00  1.56e-01  1.20e-01  6.98e-02  5.94e-02  3.73e-02  2.57e+04  1.48e+03 -1.00e+05
2016 09 09  0455   57640  17700   3.42e+00  3.15e-01  1.45e-01  6.24e-02  5.20e-02  2.99e-02  2.64e+04  1.56e+03 -1.00e+05
2016 09 09  0500   57640  18000   2.33e+00  1.41e-01  1.06e-01  5.51e-02  4.47e-02  2.26e-02  2.60e+04  1.57e+03 -1.00e+05
2016 09 09  0505   57640  18300   2.19e+00  1.59e-01  1.24e-01  7.34e-02  6.30e-02  2.84e-02  2.60e+04  1.55e+03 -1.00e+05
2016 09 09  0510   57640  18600   2.29e+00  1.71e-01  1.36e-01  6.01e-02  4.58e-02  2.26e-02  2.60e+04  1.52e+03 -1.00e+05
2016 09 09  0515   57640  18900   2.40e+00  2.24e-01  1.50e-01  5.51e-02  4.47e-02  2.26e-02  2.65e+04  1.61e+03 -1.00e+05
2016 09 09  0520   57640  19200   2.47e+00  3.19e-01  2.47e-01  9.46e-02  8.42e-02  6.21e-02  2.63e+04  1.58e+03 -1.00e+05
2016 09 09  0525   57640  19500   1.99e+00  1.90e-01  1.54e-01  8.47e-02  7.43e-02  5.22e-02  2.60e+04  1.62e+03 -1.00e+05
2016 09 09  0530   57640  19800   1.96e+00  1.41e-01  1.06e-01  5.51e-02  4.47e-02  2.26e-02  2.58e+04  1.58e+03 -1.00e+05
2016 09 09  0535   57640  20100   3.57e+00  3.49e-01  1.84e-01  7.57e-02  6.53e-02  3.75e-02  2.43e+04  1.39e+03 -1.00e+05
2016 09 09  0540   57640  20400   2.33e+00  2.46e-01  2.10e-01  1.59e-01  1.30e-01  6.48e-02  2.37e+04  1.33e+03 -1.00e+05
2016 09 09  0545   57640  20700   2.62e+00  2.13e-01  1.38e-01  5.51e-02  4.47e-02  2.26e-02  2.33e+04  1.31e+03 -1.00e+05
2016 09 09  0550   57640  21000   3.99e+00  3.35e-01  1.14e-01  6.08e-02  5.04e-02  2.44e-02  2.33e+04  1.32e+03 -1.00e+05
2016 09 09  0555   57640  21300   3.41e+00  2.61e-01  1.09e-01  5.51e-02  4.47e-02  2.26e-02  2.33e+04  1.33e+03 -1.00e+05
2016 09 09  0600   57640  21600   2.07e+00  1.56e-01  1.20e-01  6.98e-02  5.94e-02  3.73e-02  2.33e+04  1.29e+03 -1.00e+05
2016 09 09  0605   57640  21900   2.21e+00  3.07e-01  2.72e-01  7.96e-02  6.92e-02  3.04e-02  2.41e+04  1.39e+03 -1.00e+05
2016 09 09  0610   57640  22200   2.03e+00  1.92e-01  1.56e-01  7.98e-02  5.03e-02  2.26e-02  2.33e+04  1.36e+03 -1.00e+05
2016 09 09  0615   57640  22500   2.11e+00  1.53e-01  1.18e-01  6.71e-02  5.67e-02  2.64e-02  2.23e+04  1.27e+03 -1.00e+05
2016 09 09  0620   57640  22800   2.13e+00  2.45e-01  2.10e-01  6.67e-02  4.73e-02  2.26e-02  2.20e+04  1.22e+03 -1.00e+05
2016 09 09  0625   57640  23100   3.04e+00  3.02e-01  1.30e-01  5.51e-02  4.47e-02  2.26e-02  2.20e+04  1.22e+03 -1.00e+05
2016 09 09  0630   57640  23400   2.81e+00  2.93e-01  1.70e-01  6.74e-02  5.70e-02  3.48e-02  2.16e+04  1.18e+03 -1.00e+05
2016 09 09  0635   57640  23700   1.79e+00  2.20e-01  1.85e-01  1.34e-01  1.24e-01  6.29e-02  2.19e+04  1.21e+03 -1.00e+05
2016 09 09  0640   57640  24000   2.04e+00  2.91e-01  2.16e-01  5.51e-02  4.47e-02  2.26e-02  2.13e+04  1.17e+03 -1.00e+05
2016 09 09  0645   57640  24300   1.99e+00  1.98e-01  1.62e-01  6.01e-02  4.58e-02  2.26e-02  2.04e+04  1.10e+03 -1.00e+05
2016 09 09  0650   57640  24600   1.79e+00  1.66e-01  1.31e-01  5.51e-02  4.47e-02  2.26e-02  2.02e+04  1.06e+03 -1.00e+05
2016 09 09  0655   57640  24900   1.80e+00  2.07e-01  1.72e-01  6.67e-02  4.73e-02  2.26e-02  1.98e+04  1.04e+03 -1.00e+05
2016 09 09  0700   57640  25200   3.59e+00  6.43e-01  2.24e-01  5.51e-02  4.47e-02  2.26e-02  1.98e+04  1.04e+03 -1.00e+05
2016 09 09  0705   57640  25500   2.56e+00  2.72e-01  1.49e-01  5.75e-02  4.70e-02  2.49e-02  1.98e+04  1.03e+03 -1.00e+05
2016 09 09  0710   57640  25800   1.99e+00  2.24e-01  1.89e-01  1.37e-01  8.73e-02  3.42e-02  1.95e+04  1.02e+03 -1.00e+05
2016 09 09  0715   57640  26100   1.95e+00  2.09e-01  1.74e-01  1.23e-01  9.84e-02  3.85e-02  1.95e+04  1.00e+03 -1.00e+05
2016 09 09  0720   57640  26400   2.04e+00  1.80e-01  1.45e-01  7.23e-02  6.19e-02  3.98e-02  1.93e+04  9.75e+02 -1.00e+05
2016 09 09  0725   57640  26700   2.45e+00  2.31e-01  1.59e-01  1.02e-01  9.16e-02  6.95e-02  1.94e+04  9.81e+02 -1.00e+05
2016 09 09  0730   57640  27000   3.33e+00  3.21e-01  1.49e-01  7.32e-02  4.88e-02  2.26e-02  1.95e+04  9.81e+02 -1.00e+05
2016 09 09  0735   57640  27300   2.18e+00  2.28e-01  1.88e-01  9.84e-02  8.80e-02  3.65e-02  1.95e+04  9.92e+02 -1.00e+05
2016 09 09  0740   57640  27600   1.93e+00  1.71e-01  1.35e-01  8.47e-02  7.04e-02  3.04e-02  1.98e+04  9.81e+02 -1.00e+05
2016 09 09  0745   57640  27900   1.94e+00  1.88e-01  1.53e-01  1.02e-01  9.16e-02  6.95e-02  1.98e+04  1.01e+03 -1.00e+05
2016 09 09  0750   57640  28200   1.97e+00  1.41e-01  1.06e-01  5.51e-02  4.47e-02  2.26e-02  1.98e+04  1.03e+03 -1.00e+05
2016 09 09  0755   57640  28500   3.84e+00  2.73e-01  1.21e-01  6.67e-02  4.73e-02  2.26e-02  1.98e+04  1.01e+03 -1.00e+05
2016 09 09  0800   57640  28800   3.37e+00  3.74e-01  2.18e-01  1.44e-01  8.39e-02  3.40e-02  1.94e+04  9.61e+02 -1.00e+05
2016 09 09  0805   57640  29100   2.32e+00  3.20e-01  2.85e-01  7.21e-02  5.78e-02  2.64e-02  1.94e+04  9.48e+02 -1.00e+05
2016 09 09  0810   57640  29400   4.53e+00  9.29e-01  3.95e-01  8.64e-02  5.17e-02  2.26e-02  1.94e+04  9.55e+02 -1.00e+05
2016 09 09  0815   57640  29700   1.85e+00  1.41e-01  1.06e-01  5.51e-02  4.47e-02  2.26e-02  1.88e+04  8.90e+02 -1.00e+05
2016 09 09  0820   57640  30000   3.70e+00  2.61e-01  1.09e-01  5.51e-02  4.47e-02  2.26e-02  1.88e+04  8.79e+02 -1.00e+05
2016 09 09  0825   57640  30300   1.83e+00  2.44e-01  2.09e-01  5.51e-02  4.47e-02  2.26e-02  1.87e+04  8.61e+02 -1.00e+05
2016 09 09  0830   57640  30600   2.17e+00  1.41e-01  1.06e-01  5.51e-02  4.47e-02  2.26e-02  1.88e+04  8.59e+02 -1.00e+05
2016 09 09  0835   57640  30900   1.91e+00  1.85e-01  1.50e-01  6.36e-02  5.04e-02  2.74e-02  1.83e+04  8.31e+02 -1.00e+05
2016 09 09  0840   57640  31200   2.08e+00  1.43e-01  1.08e-01  5.75e-02  4.70e-02  2.49e-02  1.80e+04  8.28e+02 -1.00e+05
2016 09 09  0845   57640  31500   2.01e+00  1.66e-01  1.31e-01  5.51e-02  4.47e-02  2.26e-02  1.88e+04  8.39e+02 -1.00e+05
2016 09 09  0850   57640  31800   2.09e+00  1.93e-01  1.58e-01  1.07e-01  9.66e-02  7.44e-02  1.86e+04  8.62e+02 -1.00e+05
2016 09 09  0855   57640  32100   2.24e+00  1.41e-01  1.06e-01  5.51e-02  4.47e-02  2.26e-02  1.88e+04  8.44e+02 -1.00e+05
2016 09 09  0900   57640  32400   2.00e+00  1.41e-01  1.06e-01  5.51e-02  4.47e-02  2.26e-02  1.88e+04  8.76e+02 -1.00e+05
2016 09 09  0905   57640  32700   2.00e+00  1.89e-01  1.53e-01  7.73e-02  6.69e-02  4.47e-02  1.88e+04  9.04e+02 -1.00e+05
2016 09 09  0910   57640  33000   2.40e+00  2.09e-01  1.74e-01  1.22e-01  7.87e-02  4.97e-02  1.88e+04  8.98e+02 -1.00e+05
2016 09 09  0915   57640  33300   1.86e+00  1.72e-01  1.36e-01  8.59e-02  7.55e-02  3.25e-02  1.89e+04  9.19e+02 -1.00e+05
2016 09 09  0920   57640  33600   2.49e+00  2.14e-01  1.40e-01  5.75e-02  4.70e-02  2.49e-02  1.98e+04  9.67e+02 -1.00e+05
2016 09 09  0925   57640  33900   3.39e+00  3.02e-01  1.30e-01  5.51e-02  4.47e-02  2.26e-02  1.98e+04  9.94e+02 -1.00e+05
2016 09 09  0930   57640  34200   2.07e+00  1.72e-01  1.37e-01  6.24e-02  5.20e-02  2.99e-02  1.94e+04  9.60e+02 -1.00e+05
2016 09 09  0935   57640  34500   2.12e+00  1.72e-01  1.36e-01  8.59e-02  7.55e-02  3.25e-02  1.97e+04  9.41e+02 -1.00e+05
2016 09 09  0940   57640  34800   3.00e+00  3.41e-01  1.78e-01  1.04e-01  7.12e-02  3.57e-02  1.89e+04  9.26e+02 -1.00e+05
2016 09 09  0945   57640  35100   1.92e+00  1.41e-01  1.06e-01  5.51e-02  4.47e-02  2.26e-02  1.98e+04  9.48e+02 -1.00e+05
2016 09 09  0950   57640  35400   2.09e+00  2.12e-01  1.76e-01  8.97e-02  7.92e-02  5.71e-02  1.90e+04  9.25e+02 -1.00e+05
2016 09 09  0955   57640  35700   2.23e+00  1.70e-01  1.35e-01  5.99e-02  4.95e-02  2.74e-02  1.91e+04  9.04e+02 -1.00e+05
2016 09 09  1000   57640  36000   2.17e+00  2.30e-01  1.95e-01  1.42e-01  8.40e-02  3.04e-02  1.98e+04  9.50e+02 -1.00e+05
2016 09 09  1005   57640  36300   2.05e+00  2.03e-01  1.68e-01  1.17e-01  1.07e-01  4.25e-02  1.98e+04  9.56e+02 -1.00e+05
2016 09 09  1010   57640  36600   2.26e+00  2.71e-01  2.36e-01  1.70e-01  1.60e-01  6.95e-02  1.98e+04  9.55e+02 -1.00e+05
2016 09 09  1015   57640  36900   2.19e+00  1.85e-01  1.49e-01  8.80e-02  7.76e-02  5.55e-02  1.98e+04  9.80e+02 -1.00e+05
2016 09 09  1020   57640  37200   4.47e+00  4.16e-01  1.72e-01  1.17e-01  7.37e-02  4.47e-02  1.98e+04  9.33e+02 -1.00e+05
2016 09 09  1025   57640  37500   2.19e+00  1.73e-01  1.38e-01  8.64e-02  5.17e-02  2.26e-02  1.98e+04  9.52e+02 -1.00e+05
2016 09 09  1030   57640  37800   2.12e+00  1.41e-01  1.06e-01  5.51e-02  4.47e-02  2.26e-02  2.05e+04  1.01e+03 -1.00e+05
2016 09 09  1035   57640  38100   2.09e+00  1.84e-01  1.49e-01  9.84e-02  8.80e-02  3.65e-02  2.08e+04  1.02e+03 -1.00e+05
2016 09 09  1040   57640  38400   2.16e+00  1.66e-01  1.31e-01  7.98e-02  5.03e-02  2.26e-02  2.04e+04  1.04e+03 -1.00e+05
2016 09 09  1045   57640  38700   2.00e+00  1.59e-01  1.23e-01  6.71e-02  5.67e-02  2.64e-02  2.18e+04  1.18e+03 -1.00e+05
2016 09 09  1050   57640  39000   2.36e+00  3.44e-01  3.09e-01  2.55e-01  1.58e-01  4.86e-02  2.18e+04  1.11e+03 -1.00e+05
2016 09 09  1055   57640  39300   2.88e+00  3.43e-01  1.74e-01  9.96e-02  8.92e-02  6.70e-02  2.16e+04  1.18e+03 -1.00e+05
2016 09 09  1100   57640  39600   1.89e+00  1.41e-01  1.06e-01  5.51e-02  4.47e-02  2.26e-02  2.20e+04  1.21e+03 -1.00e+05
2016 09 09  1105   57640  39900   2.02e+00  2.44e-01  2.09e-01  5.51e-02  4.47e-02  2.26e-02  2.19e+04  1.19e+03 -1.00e+05
2016 09 09  1110   57640  40200   1.99e+00  1.68e-01  1.33e-01  5.75e-02  4.70e-02  2.49e-02  2.14e+04  1.14e+03 -1.00e+05
2016 09 09  1115   57640  40500   2.04e+00  1.46e-01  1.11e-01  5.99e-02  4.95e-02  2.74e-02  2.19e+04  1.19e+03 -1.00e+05
2016 09 09  1120   57640  40800   2.05e+00  1.60e-01  1.24e-01  7.32e-02  4.88e-02  2.26e-02  2.20e+04  1.23e+03 -1.00e+05
2016 09 09  1125   57640  41100   2.99e+00  3.02e-01  1.30e-01  5.51e-02  4.47e-02  2.26e-02  2.20e+04  1.22e+03 -1.00e+05
2016 09 09  1130   57640  41400   1.78e+00  1.41e-01  1.06e-01  5.51e-02  4.47e-02  2.26e-02  2.21e+04  1.21e+03 -1.00e+05
2016 09 09  1135   57640  41700   2.06e+00  3.65e-01  3.30e-01  1.18e-01  7.62e-02  4.72e-02  2.20e+04  1.23e+03 -1.00e+05
2016 09 09  1140   57640  42000   2.59e+00  1.96e-01  1.22e-01  6.49e-02  5.45e-02  3.23e-02  2.24e+04  1.25e+03 -1.00e+05
2016 09 09  1145   57640  42300   1.85e+00  1.74e-01  1.39e-01  8.79e-02  7.75e-02  2.29e-02  2.23e+04  1.27e+03 -1.00e+05
2016 09 09  1150   57640  42600   2.10e+00  2.83e-01  2.48e-01  1.05e-01  9.41e-02  7.20e-02  2.20e+04  1.24e+03 -1.00e+05
2016 09 09  1155   57640  42900   1.95e+00  2.03e-01  1.68e-01  1.17e-01  9.11e-02  6.45e-02  2.25e+04  1.32e+03 -1.00e+05
2016 09 09  1200   57640  43200   3.23e+00  3.46e-01  1.79e-01  1.04e-01  9.41e-02  7.19e-02  2.22e+04  1.33e+03 -1.00e+05
2016 09 09  1205   57640  43500   3.22e+00  3.05e-01  1.54e-01  1.00e-01  8.35e-02  5.96e-02  2.19e+04  1.26e+03 -1.00e+05
2016 09 09  1210   57640  43800   3.47e+00  3.19e-01  1.43e-01  8.92e-02  6.96e-02  4.47e-02  2.19e+04  1.28e+03 -1.00e+05
2016 09 09  1215   57640  44100   3.39e+00  4.58e-01  2.52e-01  7.32e-02  4.88e-02  2.26e-02  2.20e+04  1.29e+03 -1.00e+05
2016 09 09  1220   57640  44400   2.05e+00  1.66e-01  1.31e-01  7.98e-02  5.03e-02  2.26e-02  2.21e+04  1.32e+03 -1.00e+05
2016 09 09  1225   57640  44700   2.02e+00  2.44e-01  2.09e-01  1.58e-01  1.36e-01  7.41e-02  2.21e+04  1.33e+03 -1.00e+05
2016 09 09  1230   57640  45000   2.16e+00  1.41e-01  1.06e-01  5.51e-02  4.47e-02  2.26e-02  2.33e+04  1.40e+03 -1.00e+05
2016 09 09  1235   57640  45300   1.91e+00  1.68e-01  1.33e-01  8.22e-02  7.18e-02  4.97e-02  2.34e+04  1.47e+03 -1.00e+05
2016 09 09  1240   57640  45600   2.82e+00  2.91e-01  1.67e-01  9.95e-02  5.47e-02  2.26e-02  2.35e+04  1.56e+03 -1.00e+05
2016 09 09  1245   57640  45900   1.91e+00  2.21e-01  1.85e-01  1.33e-01  7.59e-02  2.84e-02  2.46e+04  1.64e+03 -1.00e+05
2016 09 09  1250   57640  46200   1.95e+00  2.00e-01  1.64e-01  1.13e-01  8.64e-02  5.96e-02  2.48e+04  1.68e+03 -1.00e+05
2016 09 09  1255   57640  46500   2.24e+00  1.87e-01  1.13e-01  5.51e-02  4.47e-02  2.26e-02  2.47e+04  1.73e+03 -1.00e+05
2016 09 09  1300   57640  46800   3.40e+00  2.61e-01  1.09e-01  5.51e-02  4.47e-02  2.26e-02  2.54e+04  1.78e+03 -1.00e+05
2016 09 09  1305   57640  47100   2.72e+00  2.91e-01  1.69e-01  1.02e-01  7.25e-02  4.47e-02  2.60e+04  1.85e+03 -1.00e+05
2016 09 09  1310   57640  47400   2.18e+00  2.53e-01  2.18e-01  1.67e-01  1.57e-01  8.03e-02  2.60e+04  1.85e+03 -1.00e+05
2016 09 09  1315   57640  47700   2.59e+00  1.87e-01  1.13e-01  5.51e-02  4.47e-02  2.26e-02  2.67e+04  1.90e+03 -1.00e+05
2016 09 09  1320   57640  48000   2.67e+00  3.08e-01  2.05e-01  1.42e-01  1.32e-01  5.06e-02  2.59e+04  1.84e+03 -1.00e+05
2016 09 09  1325   57640  48300   2.41e+00  2.27e-01  1.92e-01  1.39e-01  9.11e-02  6.21e-02  2.72e+04  1.93e+03 -1.00e+05
2016 09 09  1330   57640  48600   3.22e+00  2.45e-01  1.22e-01  5.51e-02  4.47e-02  2.26e-02  2.70e+04  2.00e+03 -1.00e+05
2016 09 09  1335   57640  48900   3.75e+00  4.66e-01  2.94e-01  9.29e-02  5.32e-02  2.26e-02  2.82e+04  2.05e+03 -1.00e+05
2016 09 09  1340   57640  49200   2.30e+00  1.66e-01  1.31e-01  5.51e-02  4.47e-02  2.26e-02  2.86e+04  2.10e+03 -1.00e+05
2016 09 09  1345   57640  49500   2.54e+00  1.63e-01  1.28e-01  7.73e-02  6.69e-02  4.47e-02  2.85e+04  2.08e+03 -1.00e+05
2016 09 09  1350   57640  49800   2.59e+00  1.53e-01  1.18e-01  6.74e-02  5.70e-02  3.48e-02  2.86e+04  2.09e+03 -1.00e+05
2016 09 09  1355   57640  50100   2.21e+00  1.66e-01  1.31e-01  5.51e-02  4.47e-02  2.26e-02  2.83e+04  1.99e+03 -1.00e+05
2016 09 09  1400   57640  50400   3.96e+00  2.90e-01  1.58e-01  1.05e-01  9.43e-02  3.85e-02  2.73e+04  1.88e+03 -1.00e+05
2016 09 09  1405   57640  50700   3.03e+00  1.87e-01  1.13e-01  5.51e-02  4.47e-02  2.26e-02  2.73e+04  1.92e+03 -1.00e+05
2016 09 09  1410   57640  51000   2.53e+00  1.41e-01  1.06e-01  5.51e-02  4.47e-02  2.26e-02  2.73e+04  1.83e+03 -1.00e+05
2016 09 09  1415   57640  51300   4.05e+00  3.25e-01  1.57e-01  8.20e-02  7.16e-02  4.95e-02  2.70e+04  1.82e+03 -1.00e+05
2016 09 09  1420   57640  51600   2.44e+00  1.41e-01  1.06e-01  5.51e-02  4.47e-02  2.26e-02  2.82e+04  1.89e+03 -1.00e+05
2016 09 09  1425   57640  51900   2.68e+00  2.32e-01  1.97e-01  1.46e-01  1.18e-01  6.44e-02  2.83e+04  1.98e+03 -1.00e+05
2016 09 09  1430   57640  52200   3.56e+00  2.85e-01  1.61e-01  9.33e-02  5.15e-02  2.26e-02  2.89e+04  2.10e+03 -1.00e+05
2016 09 09  1435   57640  52500   2.54e+00  1.41e-01  1.06e-01  5.51e-02  4.47e-02  2.26e-02  2.98e+04  2.20e+03 -1.00e+05
2016 09 09  1440   57640  52800   2.36e+00  1.88e-01  1.53e-01  5.51e-02  4.47e-02  2.26e-02  2.97e+04  2.26e+03 -1.00e+05
2016 09 09  1445   57640  53100   4.19e+00  2.85e-01  1.33e-01  7.97e-02  6.93e-02  4.72e-02  3.06e+04  2.42e+03 -1.00e+05
2016 09 09  1450   57640  53400   2.48e+00  1.66e-01  1.30e-01  7.96e-02  6.92e-02  3.04e-02  3.24e+04  2.70e+03 -1.00e+05
2016 09 09  1455   57640  53700   2.32e+00  1.78e-01  1.42e-01  9.13e-02  6.73e-02  3.02e-02  3.35e+04  2.77e+03 -1.00e+05
2016 09 09  1500   57640  54000   2.45e+00  1.78e-01  1.43e-01  9.21e-02  8.17e-02  5.96e-02  3.30e+04  2.85e+03 -1.00e+05
2016 09 09  1505   57640  54300   3.72e+00  3.24e-01  1.53e-01  7.73e-02  6.11e-02  3.73e-02  3.30e+04  2.72e+03 -1.00e+05
2016 09 09  1510   57640  54600   2.55e+00  1.41e-01  1.06e-01  5.51e-02  4.47e-02  2.26e-02  3.25e+04  2.69e+03 -1.00e+05
2016 09 09  1515   57640  54900   2.67e+00  1.50e-01  1.14e-01  6.36e-02  5.04e-02  2.74e-02  3.32e+04  2.64e+03 -1.00e+05
2016 09 09  1520   57640  55200   3.04e+00  2.44e-01  2.09e-01  5.51e-02  4.47e-02  2.26e-02  3.23e+04  2.67e+03 -1.00e+05
2016 09 09  1525   57640  55500   4.01e+00  3.45e-01  1.75e-01  9.88e-02  6.79e-02  3.98e-02  3.35e+04  2.85e+03 -1.00e+05
2016 09 09  1530   57640  55800   2.67e+00  2.41e-01  2.05e-01  1.54e-01  1.17e-01  5.34e-02  3.46e+04  2.92e+03 -1.00e+05
2016 09 09  1535   57640  56100   2.88e+00  1.53e-01  1.18e-01  6.71e-02  5.67e-02  2.64e-02  3.37e+04  2.67e+03 -1.00e+05
2016 09 09  1540   57640  56400   3.71e+00  4.60e-01  3.79e-01  1.51e-01  1.41e-01  8.53e-02  3.26e+04  2.63e+03 -1.00e+05
2016 09 09  1545   57640  56700   6.38e+00  4.79e-01  1.54e-01  9.95e-02  5.47e-02  2.26e-02  3.40e+04  2.73e+03 -1.00e+05
2016 09 09  1550   57640  57000   3.25e+00  2.01e-01  1.59e-01  1.07e-01  9.66e-02  4.76e-02  3.36e+04  2.78e+03 -1.00e+05
2016 09 09  1555   57640  57300   2.79e+00  1.79e-01  1.44e-01  9.34e-02  8.20e-02  5.96e-02  3.44e+04  2.77e+03 -1.00e+05
2016 09 09  1600   57640  57600   3.32e+00  2.60e-01  2.25e-01  1.71e-01  9.29e-02  3.25e-02  3.40e+04  2.83e+03 -1.00e+05
2016 09 09  1605   57640  57900   2.98e+00  1.41e-01  1.06e-01  5.51e-02  4.47e-02  2.26e-02  3.54e+04  2.84e+03 -1.00e+05
2016 09 09  1610   57640  58200   3.30e+00  1.41e-01  1.06e-01  5.51e-02  4.47e-02  2.26e-02  3.56e+04  2.99e+03 -1.00e+05
2016 09 09  1615   57640  58500   3.30e+00  1.90e-01  1.50e-01  9.84e-02  8.80e-02  3.65e-02  3.59e+04  3.12e+03 -1.00e+05
2016 09 09  1620   57640  58800   3.33e+00  2.38e-01  2.03e-01  1.07e-01  9.66e-02  7.44e-02  3.73e+04  3.14e+03 -1.00e+05
2016 09 09  1625   57640  59100   3.18e+00  1.41e-01  1.06e-01  5.51e-02  4.47e-02  2.26e-02  3.62e+04  3.13e+03 -1.00e+05
2016 09 09  1630   57640  59400   3.12e+00  1.48e-01  1.13e-01  6.24e-02  5.20e-02  2.99e-02  3.76e+04  3.27e+03 -1.00e+05
2016 09 09  1635   57640  59700   3.18e+00  2.08e-01  1.73e-01  1.22e-01  1.08e-01  4.25e-02  3.81e+04  3.54e+03 -1.00e+05
2016 09 09  1640   57640  60000   3.37e+00  1.75e-01  1.40e-01  8.90e-02  7.86e-02  5.65e-02  3.96e+04  3.82e+03 -1.00e+05
2016 09 09  1645   57640  60300   3.70e+00  2.13e-01  1.77e-01  9.94e-02  5.16e-02  2.26e-02  4.13e+04  4.02e+03 -1.00e+05
2016 09 09  1650   57640  60600   3.53e+00  1.97e-01  1.62e-01  5.51e-02  4.47e-02  2.26e-02  4.17e+04  4.15e+03 -1.00e+05
2016 09 09  1655   57640  60900   6.34e+00  2.97e-01  1.20e-01  6.67e-02  4.73e-02  2.26e-02  4.07e+04  4.10e+03 -1.00e+05
2016 09 09  1700   57640  61200   4.86e+00  3.09e-01  1.88e-01  1.21e-01  8.24e-02  5.22e-02  4.22e+04  4.16e+03 -1.00e+05
2016 09 09  1705   57640  61500   4.09e+00  2.09e-01  1.73e-01  1.21e-01  7.68e-02  4.47e-02  4.23e+04  4.34e+03 -1.00e+05
2016 09 09  1710   57640  61800   4.20e+00  1.73e-01  1.38e-01  8.72e-02  7.68e-02  5.46e-02  4.39e+04  4.51e+03 -1.00e+05
2016 09 09  1715   57640  62100   4.94e+00  2.14e-01  1.39e-01  5.51e-02  4.47e-02  2.26e-02  4.40e+04  4.74e+03 -1.00e+05
2016 09 09  1720   57640  62400   5.66e+00  3.12e-01  1.54e-01  8.15e-02  7.11e-02  3.77e-02  4.50e+04  4.88e+03 -1.00e+05
2016 09 09  1725   57640  62700   4.15e+00  2.27e-01  1.92e-01  1.05e-01  9.43e-02  3.85e-02  4.57e+04  5.22e+03 -1.00e+05
2016 09 09  1730   57640  63000   5.09e+00  2.57e-01  2.00e-01  8.01e-02  6.97e-02  3.22e-02  4.70e+04  5.54e+03 -1.00e+05
2016 09 09  1735   57640  63300   6.38e+00  3.65e-01  2.08e-01  1.36e-01  1.26e-01  4.86e-02  4.93e+04  5.88e+03 -1.00e+05
2016 09 09  1740   57640  63600   8.02e+00  2.86e-01  1.09e-01  5.51e-02  4.47e-02  2.26e-02  4.93e+04  6.02e+03 -1.00e+05
2016 09 09  1745   57640  63900   4.81e+00  1.78e-01  1.43e-01  5.51e-02  4.47e-02  2.26e-02  4.93e+04  6.07e+03 -1.00e+05
2016 09 09  1750   57640  64200   7.17e+00  3.02e-01  1.51e-01  9.78e-02  8.74e-02  6.52e-02  4.92e+04  6.01e+03 -1.00e+05
2016 09 09  1755   57640  64500   5.01e+00  2.04e-01  1.32e-01  7.48e-02  6.44e-02  4.22e-02  4.98e+04  6.39e+03 -1.00e+05
2016 09 09  1800   57640  64800   4.34e+00  2.80e-01  2.45e-01  1.05e-01  9.43e-02  7.21e-02  5.11e+04  6.72e+03 -1.00e+05
2016 09 09  1805   57640  65100   4.57e+00  1.78e-01  1.43e-01  9.21e-02  8.17e-02  5.96e-02  5.12e+04  7.03e+03 -1.00e+05
2016 09 09  1810   57640  65400   4.74e+00  1.51e-01  1.15e-01  6.49e-02  5.45e-02  3.23e-02  5.50e+04  7.64e+03 -1.00e+05
2016 09 09  1815   57640  65700   4.84e+00  1.61e-01  1.25e-01  7.48e-02  6.44e-02  4.22e-02  5.61e+04  8.07e+03 -1.00e+05
2016 09 09  1820   57640  66000   8.08e+00  3.02e-01  1.30e-01  5.51e-02  4.47e-02  2.26e-02  5.73e+04  8.58e+03 -1.00e+05
2016 09 09  1825   57640  66300   5.04e+00  1.75e-01  1.40e-01  8.86e-02  6.17e-02  3.48e-02  6.00e+04  9.35e+03 -1.00e+05
2016 09 09  1830   57640  66600   5.60e+00  2.22e-01  1.87e-01  1.03e-01  8.92e-02  3.65e-02  6.20e+04  9.79e+03 -1.00e+05
2016 09 09  1835   57640  66900   8.33e+00  2.73e-01  1.51e-01  8.39e-02  6.26e-02  3.73e-02  6.45e+04  1.04e+04 -1.00e+05
2016 09 09  1840   57640  67200   1.06e+01  4.09e-01  1.96e-01  1.42e-01  1.32e-01  5.06e-02  6.33e+04  1.03e+04 -1.00e+05
2016 09 09  1845   57640  67500   5.93e+00  2.05e-01  1.70e-01  1.17e-01  1.07e-01  4.25e-02  6.31e+04  1.00e+04 -1.00e+05
2016 09 09  1850   57640  67800   5.81e+00  1.66e-01  1.31e-01  5.51e-02  4.47e-02  2.26e-02  6.29e+04  9.64e+03 -1.00e+05
2016 09 09  1855   57640  68100   6.29e+00  1.41e-01  1.06e-01  5.51e-02  4.47e-02  2.26e-02  6.15e+04  9.74e+03 -1.00e+05
2016 09 09  1900   57640  68400   5.99e+00  1.41e-01  1.06e-01  5.51e-02  4.47e-02  2.26e-02  6.26e+04  9.81e+03 -1.00e+05
2016 09 09  1905   57640  68700   8.09e+00  2.45e-01  1.22e-01  5.51e-02  4.47e-02  2.26e-02  6.26e+04  9.91e+03 -1.00e+05
2016 09 09  1910   57640  69000   6.07e+00  1.47e-01  1.11e-01  6.08e-02  5.04e-02  2.44e-02  6.24e+04  9.66e+03 -1.00e+05
2016 09 09  1915   57640  69300   8.46e+00  4.27e-01  3.04e-01  1.06e-01  5.62e-02  2.26e-02  6.11e+04  9.36e+03 -1.00e+05
2016 09 09  1920   57640  69600   5.82e+00  1.76e-01  1.40e-01  8.97e-02  7.92e-02  5.71e-02  6.16e+04  9.57e+03 -1.00e+05
2016 09 09  1925   57640  69900   6.15e+00  1.66e-01  1.30e-01  7.96e-02  6.92e-02  3.04e-02  6.23e+04  9.61e+03 -1.00e+05
2016 09 09  1930   57640  70200   8.09e+00  2.91e-01  2.16e-01  5.51e-02  4.47e-02  2.26e-02  6.25e+04  9.66e+03 -1.00e+05
2016 09 09  1935   57640  70500   6.47e+00  2.85e-01  2.50e-01  8.80e-02  5.39e-02  2.49e-02  6.15e+04  9.47e+03 -1.00e+05
2016 09 09  1940   57640  70800   5.64e+00  1.66e-01  1.31e-01  5.51e-02  4.47e-02  2.26e-02  6.02e+04  9.27e+03 -1.00e+05
2016 09 09  1945   57640  71100   1.01e+01  2.61e-01  1.09e-01  5.51e-02  4.47e-02  2.26e-02  5.96e+04  9.15e+03 -1.00e+05
2016 09 09  1950   57640  71400   5.61e+00  1.56e-01  1.20e-01  6.98e-02  5.94e-02  3.73e-02  5.78e+04  8.72e+03 -1.00e+05
2016 09 09  1955   57640  71700   5.83e+00  1.67e-01  1.32e-01  5.51e-02  4.47e-02  2.26e-02  5.75e+04  8.55e+03 -1.00e+05
2016 09 09  2000   57640  72000   9.07e+00  3.50e-01  1.80e-01  7.97e-02  6.93e-02  4.72e-02  5.73e+04  8.61e+03 -1.00e+05
2016 09 09  2005   57640  72300   7.37e+00  2.29e-01  1.54e-01  9.50e-02  5.16e-02  2.26e-02  5.71e+04  8.68e+03 -1.00e+05
2016 09 09  2010   57640  72600   5.63e+00  2.09e-01  1.73e-01  1.22e-01  8.27e-02  5.05e-02  5.80e+04  8.90e+03 -1.00e+05
2016 09 09  2015   57640  72900   5.66e+00  2.74e-01  2.39e-01  1.88e-01  1.77e-01  9.19e-02  5.74e+04  8.92e+03 -1.00e+05
2016 09 09  2020   57640  73200   5.85e+00  2.44e-01  2.09e-01  5.51e-02  4.47e-02  2.26e-02  5.73e+04  8.98e+03 -1.00e+05
2016 09 09  2025   57640  73500   9.08e+00  3.02e-01  1.30e-01  5.51e-02  4.47e-02  2.26e-02  5.75e+04  8.97e+03 -1.00e+05
2016 09 09  2030   57640  73800   5.08e+00  1.53e-01  1.18e-01  6.67e-02  4.73e-02  2.26e-02  5.75e+04  8.83e+03 -1.00e+05
2016 09 09  2035   57640  74100   7.61e+00  3.28e-01  1.57e-01  5.51e-02  4.47e-02  2.26e-02  5.63e+04  8.74e+03 -1.00e+05
2016 09 09  2040   57640  74400   6.58e+00  1.87e-01  1.13e-01  5.51e-02  4.47e-02  2.26e-02  5.61e+04  8.69e+03 -1.00e+05
2016 09 09  2045   57640  74700   4.95e+00  2.27e-01  1.92e-01  8.92e-02  7.88e-02  4.52e-02  5.48e+04  8.50e+03 -1.00e+05
2016 09 09  2050   57640  75000   4.65e+00  2.60e-01  2.24e-01  7.48e-02  6.44e-02  4.22e-02  5.46e+04  8.32e+03 -1.00e+05
2016 09 09  2055   57640  75300   4.81e+00  1.43e-01  1.08e-01  5.75e-02  4.70e-02  2.49e-02  5.38e+04  8.10e+03 -1.00e+05
2016 09 09  2100   57640  75600   5.55e+00  2.38e-01  2.03e-01  1.51e-01  1.07e-01  7.47e-02  5.25e+04  7.91e+03 -1.00e+05
2016 09 09  2105   57640  75900   5.21e+00  2.33e-01  1.98e-01  7.34e-02  6.30e-02  2.84e-02  5.36e+04  7.90e+03 -1.00e+05
2016 09 09  2110   57640  76200   9.63e+00  2.91e-01  1.59e-01  1.05e-01  9.47e-02  4.02e-02  5.35e+04  7.97e+03 -1.00e+05
2016 09 09  2115   57640  76500   5.60e+00  2.46e-01  2.11e-01  6.85e-02  5.81e-02  3.18e-02  5.42e+04  8.14e+03 -1.00e+05
2016 09 09  2120   57640  76800   6.07e+00  2.33e-01  1.98e-01  1.46e-01  1.14e-01  4.22e-02  5.46e+04  8.33e+03 -1.00e+05
2016 09 09  2125   57640  77100   6.02e+00  2.68e-01  2.32e-01  8.47e-02  7.43e-02  5.22e-02  5.47e+04  8.42e+03 -1.00e+05
2016 09 09  2130   57640  77400   5.80e+00  2.86e-01  2.50e-01  1.98e-01  1.51e-01  6.17e-02  5.46e+04  8.40e+03 -1.00e+05
2016 09 09  2135   57640  77700   6.24e+00  3.61e-01  3.26e-01  1.17e-01  1.07e-01  4.25e-02  5.46e+04  8.29e+03 -1.00e+05
2016 09 09  2140   57640  78000   6.46e+00  3.07e-01  2.72e-01  1.08e-01  6.62e-02  3.48e-02  5.46e+04  8.18e+03 -1.00e+05
2016 09 09  2145   57640  78300   6.08e+00  1.85e-01  1.50e-01  7.08e-02  5.96e-02  3.73e-02  5.46e+04  8.09e+03 -1.00e+05
2016 09 09  2150   57640  78600   6.46e+00  1.46e-01  1.11e-01  6.01e-02  4.58e-02  2.26e-02  5.44e+04  8.12e+03 -1.00e+05
2016 09 09  2155   57640  78900   9.11e+00  2.77e-01  1.54e-01  8.64e-02  5.17e-02  2.26e-02  5.46e+04  8.21e+03 -1.00e+05
2016 09 09  2200   57640  79200   6.14e+00  2.03e-01  1.67e-01  1.15e-01  7.55e-02  4.47e-02  5.38e+04  8.05e+03 -1.00e+05
2016 09 09  2205   57640  79500   6.13e+00  2.42e-01  2.06e-01  1.56e-01  1.45e-01  8.00e-02  5.39e+04  8.02e+03 -1.00e+05
2016 09 09  2210   57640  79800   6.16e+00  2.15e-01  1.79e-01  1.27e-01  8.39e-02  5.22e-02  5.41e+04  7.87e+03 -1.00e+05
2016 09 09  2215   57640  80100   5.66e+00  1.46e-01  1.11e-01  6.01e-02  4.58e-02  2.26e-02  5.23e+04  7.90e+03 -1.00e+05
2016 09 09  2220   57640  80400   5.71e+00  2.02e-01  1.67e-01  8.59e-02  7.55e-02  3.25e-02  5.31e+04  7.96e+03 -1.00e+05
2016 09 09  2225   57640  80700   5.97e+00  2.77e-01  2.42e-01  9.71e-02  8.67e-02  6.45e-02  5.40e+04  8.13e+03 -1.00e+05
2016 09 09  2230   57640  81000   5.62e+00  1.56e-01  1.20e-01  6.98e-02  5.94e-02  3.73e-02  5.42e+04  8.16e+03 -1.00e+05
2016 09 09  2235   57640  81300   7.09e+00  1.90e-01  1.15e-01  5.75e-02  4.70e-02  2.49e-02  5.43e+04  8.22e+03 -1.00e+05
2016 09 09  2240   57640  81600   5.45e+00  1.92e-01  1.57e-01  1.05e-01  6.52e-02  2.64e-02  5.53e+04  8.62e+03 -1.00e+05
2016 09 09  2245   57640  81900   5.36e+00  1.41e-01  1.06e-01  5.51e-02  4.47e-02  2.26e-02  5.62e+04  8.86e+03 -1.00e+05
2016 09 09  2250   57640  82200   5.81e+00  1.84e-01  1.48e-01  9.75e-02  7.81e-02  3.25e-02  5.74e+04  9.15e+03 -1.00e+05
2016 09 09  2255   57640  82500   5.53e+00  1.68e-01  1.33e-01  8.22e-02  7.18e-02  4.97e-02  5.73e+04  9.21e+03 -1.00e+05
2016 09 09  2300   57640  82800   5.74e+00  2.17e-01  1.82e-01  9.84e-02  8.80e-02  3.65e-02  5.74e+04  9.25e+03 -1.00e+05
2016 09 09  2305   57640  83100   5.94e+00  1.72e-01  1.37e-01  6.24e-02  5.20e-02  2.99e-02  5.74e+04  9.20e+03 -1.00e+05
2016 09 09  2310   57640  83400   7.88e+00  3.11e-01  1.90e-01  1.23e-01  8.47e-02  5.46e-02  5.55e+04  8.75e+03 -1.00e+05
2016 09 09  2315   57640  83700   5.06e+00  1.60e-01  1.24e-01  7.32e-02  4.88e-02  2.26e-02  5.70e+04  8.90e+03 -1.00e+05
2016 09 09  2320   57640  84000   5.42e+00  2.56e-01  2.03e-01  1.18e-01  1.08e-01  6.97e-02  5.19e+04  8.04e+03 -1.00e+05
2016 09 09  2325   57640  84300   7.64e+00  3.68e-01  1.99e-01  1.24e-01  1.14e-01  4.81e-02  5.18e+04  7.74e+03 -1.00e+05
2016 09 09  2330   57640  84600   5.03e+00  2.22e-01  1.86e-01  1.35e-01  9.32e-02  6.21e-02  5.18e+04  7.54e+03 -1.00e+05
2016 09 09  2335   57640  84900   5.05e+00  1.63e-01  1.28e-01  7.73e-02  6.69e-02  4.47e-02  4.93e+04  7.14e+03 -1.00e+05
2016 09 09  2340   57640  85200   7.08e+00  2.45e-01  1.22e-01  5.51e-02  4.47e-02  2.26e-02  4.92e+04  6.97e+03 -1.00e+05
2016 09 09  2345   57640  85500   7.79e+00  2.61e-01  1.09e-01  5.51e-02  4.47e-02  2.26e-02  4.92e+04  6.88e+03 -1.00e+05
2016 09 09  2350   57640  85800   4.56e+00  1.73e-01  1.38e-01  8.72e-02  7.68e-02  5.46e-02  4.74e+04  6.47e+03 -1.00e+05
2016 09 09  2355   57640  86100   4.70e+00  1.41e-01  1.06e-01  5.51e-02  4.47e-02  2.26e-02  4.66e+04  6.30e+03 -1.00e+05
