:Data_list: 20160408_Gp_part_5m.txt
:Created: 2016 Apr 09 0011 UTC
# Prepared by the U.S. Dept. of Commerce, NOAA, Space Weather Prediction Center
# Please send comments and suggestions to SWPC.Webmaster@noaa.gov 
# 
# Label: P > 1 = Particles at >1 Mev
# Label: P > 5 = Particles at >5 Mev
# Label: P >10 = Particles at >10 Mev
# Label: P >30 = Particles at >30 Mev
# Label: P >50 = Particles at >50 Mev
# Label: P>100 = Particles at >100 Mev
# Label: E>0.8 = Electrons at >0.8 Mev
# Label: E>2.0 = Electrons at >2.0 Mev
# Label: E>4.0 = Electrons at >4.0 Mev
# Units: Particles = Protons/cm2-s-sr
# Units: Electrons = Electrons/cm2-s-sr
# Source: GOES-13
# Location: W075
# Missing data: -1.00e+05
#
#                      5-minute  GOES-13 Solar Particle and Electron Flux
#
#                 Modified Seconds
# UTC Date  Time   Julian  of the
# YR MO DA  HHMM    Day     Day     P > 1     P > 5     P >10     P >30     P >50     P>100     E>0.8     E>2.0     E>4.0
#-------------------------------------------------------------------------------------------------------------------------
2016 04 08  0000   57486      0   2.44e+00  2.80e-01  1.31e-01  5.86e-02  4.74e-02  2.47e-02  4.11e+02  2.12e+00 -1.00e+05
2016 04 08  0005   57486    300   9.77e-01  1.28e-01  9.94e-02  5.86e-02  4.74e-02  2.47e-02  4.71e+02  1.33e-01 -1.00e+05
2016 04 08  0010   57486    600   1.53e+00  2.88e-01  1.11e-01  6.80e-02  5.68e-02  3.41e-02  4.35e+02  1.03e+00 -1.00e+05
2016 04 08  0015   57486    900   6.82e-01  1.65e-01  1.36e-01  9.52e-02  8.41e-02  6.13e-02  2.39e+02  1.33e-01 -1.00e+05
2016 04 08  0020   57486   1200   6.91e-01  1.28e-01  9.94e-02  5.86e-02  4.74e-02  2.47e-02  9.56e+01  1.33e-01 -1.00e+05
2016 04 08  0025   57486   1500   7.13e-01  1.80e-01  1.51e-01  1.10e-01  9.90e-02  4.13e-02  1.14e+02  1.33e-01 -1.00e+05
2016 04 08  0030   57486   1800   4.05e-01  1.43e-01  1.14e-01  7.29e-02  6.18e-02  3.90e-02  1.02e+02  1.90e-01 -1.00e+05
2016 04 08  0035   57486   2100   8.39e-01  2.08e-01  1.12e-01  5.86e-02  4.74e-02  2.47e-02  1.35e+02  1.33e-01 -1.00e+05
2016 04 08  0040   57486   2400   7.16e-01  2.73e-01  2.44e-01  1.13e-01  1.01e-01  7.87e-02  1.55e+02  7.10e-01 -1.00e+05
2016 04 08  0045   57486   2700   5.40e-01  1.28e-01  9.94e-02  5.86e-02  4.74e-02  2.47e-02  1.92e+02  2.86e+00 -1.00e+05
2016 04 08  0050   57486   3000   1.08e+00  4.43e-01  2.25e-01  5.86e-02  4.74e-02  2.47e-02  2.31e+02  1.92e+00 -1.00e+05
2016 04 08  0055   57486   3300   6.66e-01  2.18e-01  1.70e-01  5.86e-02  4.74e-02  2.47e-02  1.76e+02  8.38e-01 -1.00e+05
2016 04 08  0100   57486   3600   1.06e+00  2.75e-01  1.65e-01  1.21e-01  1.02e-01  4.13e-02  1.88e+02  1.33e-01 -1.00e+05
2016 04 08  0105   57486   3900   7.81e-01  1.40e-01  1.11e-01  7.05e-02  5.93e-02  3.66e-02  1.14e+02  1.33e-01 -1.00e+05
2016 04 08  0110   57486   4200   8.04e-01  1.57e-01  1.09e-01  6.48e-02  5.03e-02  2.67e-02  1.02e+02  1.33e-01 -1.00e+05
2016 04 08  0115   57486   4500   5.26e-01  1.57e-01  1.20e-01  7.73e-02  6.24e-02  2.92e-02  4.65e+01  1.33e-01 -1.00e+05
2016 04 08  0120   57486   4800   6.75e-01  2.76e-01  2.47e-01  1.03e-01  5.74e-02  2.47e-02  8.55e+01  1.33e-01 -1.00e+05
2016 04 08  0125   57486   5100   1.13e+00  2.07e-01  1.02e-01  5.86e-02  4.74e-02  2.47e-02  5.51e+01  1.35e+00 -1.00e+05
2016 04 08  0130   57486   5400   7.86e-01  3.93e-01  2.55e-01  1.29e-01  1.18e-01  4.73e-02  2.71e+01  1.33e-01 -1.00e+05
2016 04 08  0135   57486   5700   6.62e-01  2.11e-01  1.82e-01  1.41e-01  1.11e-01  4.33e-02  1.89e+01  1.33e-01 -1.00e+05
2016 04 08  0140   57486   6000   3.19e-01  1.28e-01  9.94e-02  5.86e-02  4.74e-02  2.47e-02  2.87e+01  1.33e-01 -1.00e+05
2016 04 08  0145   57486   6300   6.30e-01  1.60e-01  1.31e-01  9.03e-02  7.91e-02  5.64e-02  1.76e+01  1.33e-01 -1.00e+05
2016 04 08  0150   57486   6600   4.78e-01  1.28e-01  9.94e-02  5.86e-02  4.74e-02  2.47e-02  1.36e+01  1.33e-01 -1.00e+05
2016 04 08  0155   57486   6900   5.13e-01  1.48e-01  1.20e-01  7.88e-02  6.76e-02  3.12e-02  3.27e+01  1.33e-01 -1.00e+05
2016 04 08  0200   57486   7200   5.93e-01  2.02e-01  1.73e-01  1.31e-01  9.40e-02  6.38e-02  2.39e+01  1.33e-01 -1.00e+05
2016 04 08  0205   57486   7500   5.74e-01  1.80e-01  1.52e-01  1.09e-01  5.88e-02  2.47e-02  1.50e+01  1.33e-01 -1.00e+05
2016 04 08  0210   57486   7800   4.55e-01  1.95e-01  1.66e-01  9.03e-02  7.91e-02  5.64e-02  2.54e+01  1.33e-01 -1.00e+05
2016 04 08  0215   57486   8100   5.36e-01  2.30e-01  2.01e-01  5.86e-02  4.74e-02  2.47e-02  2.62e+01  1.33e-01 -1.00e+05
2016 04 08  0220   57486   8400   4.24e-01  1.84e-01  1.38e-01  9.46e-02  8.20e-02  5.89e-02  2.07e+01  1.33e-01 -1.00e+05
2016 04 08  0225   57486   8700   4.48e-01  1.53e-01  1.25e-01  8.31e-02  5.29e-02  2.47e-02  1.34e+01  2.17e-01 -1.00e+05
2016 04 08  0230   57486   9000   3.11e-01  1.71e-01  1.43e-01  9.15e-02  8.04e-02  5.76e-02  1.45e+01  1.33e-01 -1.00e+05
2016 04 08  0235   57486   9300   1.22e+00  5.09e-01  2.67e-01  1.15e-01  1.04e-01  8.12e-02  2.50e+01  1.33e-01 -1.00e+05
2016 04 08  0240   57486   9600   4.72e-01  1.55e-01  1.26e-01  8.51e-02  7.39e-02  3.32e-02  3.24e+01  2.06e+00 -1.00e+05
2016 04 08  0245   57486   9900   4.50e-01  1.67e-01  1.38e-01  9.62e-02  5.59e-02  2.47e-02  3.78e+01  1.33e-01 -1.00e+05
2016 04 08  0250   57486  10200   6.03e-01  2.14e-01  1.85e-01  1.06e-01  9.45e-02  4.62e-02  2.83e+01  1.33e-01 -1.00e+05
2016 04 08  0255   57486  10500   4.51e-01  1.28e-01  9.94e-02  5.86e-02  4.74e-02  2.47e-02  2.34e+01  1.33e-01 -1.00e+05
2016 04 08  0300   57486  10800   8.82e-01  3.53e-01  1.95e-01  1.51e-01  1.26e-01  6.52e-02  1.86e+01  1.33e-01 -1.00e+05
2016 04 08  0305   57486  11100   4.81e-01  2.40e-01  2.11e-01  1.70e-01  1.59e-01  9.55e-02  1.57e+01  1.33e-01 -1.00e+05
2016 04 08  0310   57486  11400   4.40e-01  1.36e-01  1.07e-01  6.63e-02  5.51e-02  2.72e-02  1.14e+01  1.33e-01 -1.00e+05
2016 04 08  0315   57486  11700   3.28e-01  1.84e-01  1.36e-01  9.16e-02  6.41e-02  3.66e-02  6.95e+00  1.33e-01 -1.00e+05
2016 04 08  0320   57486  12000   4.86e-01  2.35e-01  1.04e-01  6.06e-02  4.94e-02  2.67e-02  1.02e+01  1.33e-01 -1.00e+05
2016 04 08  0325   57486  12300   7.61e-01  2.76e-01  2.47e-01  1.10e-01  9.90e-02  4.13e-02  1.70e+01  9.53e-01 -1.00e+05
2016 04 08  0330   57486  12600   5.43e-01  1.64e-01  1.35e-01  5.86e-02  4.74e-02  2.47e-02  1.27e+01  1.33e-01 -1.00e+05
2016 04 08  0335   57486  12900   5.26e-01  2.75e-01  2.46e-01  1.01e-01  5.43e-02  2.47e-02  1.27e+01  2.41e-01 -1.00e+05
2016 04 08  0340   57486  13200   5.96e-01  3.00e-01  1.62e-01  1.04e-01  6.35e-02  2.72e-02  9.98e+00  1.33e-01 -1.00e+05
2016 04 08  0345   57486  13500   3.52e-01  1.28e-01  9.94e-02  5.86e-02  4.74e-02  2.47e-02  1.12e+01  1.33e-01 -1.00e+05
2016 04 08  0350   57486  13800   4.26e-01  1.87e-01  1.58e-01  1.18e-01  1.06e-01  8.36e-02  9.80e+00  1.33e-01 -1.00e+05
2016 04 08  0355   57486  14100   5.21e-01  1.93e-01  1.64e-01  1.23e-01  9.02e-02  6.13e-02  9.47e+00  1.33e-01 -1.00e+05
2016 04 08  0400   57486  14400   9.40e-01  4.55e-01  2.73e-01  1.12e-01  7.63e-02  4.65e-02  9.92e+00  1.33e-01 -1.00e+05
2016 04 08  0405   57486  14700   1.57e-01  1.28e-01  9.94e-02  5.86e-02  4.74e-02  2.47e-02  9.55e+00  1.33e-01 -1.00e+05
2016 04 08  0410   57486  15000   4.61e-01  1.83e-01  1.35e-01  8.96e-02  5.44e-02  2.47e-02  1.17e+01  1.33e-01 -1.00e+05
2016 04 08  0415   57486  15300   3.25e-01  1.64e-01  1.35e-01  5.86e-02  4.74e-02  2.47e-02  1.62e+01  1.33e-01 -1.00e+05
2016 04 08  0420   57486  15600   5.25e-01  1.28e-01  9.94e-02  5.86e-02  4.74e-02  2.47e-02  2.05e+01  1.33e-01 -1.00e+05
2016 04 08  0425   57486  15900   2.75e-01  1.28e-01  9.94e-02  5.86e-02  4.74e-02  2.47e-02  2.20e+01  1.33e-01 -1.00e+05
2016 04 08  0430   57486  16200   6.79e-01  1.80e-01  1.52e-01  1.09e-01  5.88e-02  2.47e-02  1.47e+01  1.16e+00 -1.00e+05
2016 04 08  0435   57486  16500   3.39e-01  1.28e-01  9.94e-02  5.86e-02  4.74e-02  2.47e-02  1.39e+01  1.99e-01 -1.00e+05
2016 04 08  0440   57486  16800   2.61e-01  1.55e-01  1.26e-01  8.51e-02  6.26e-02  3.66e-02  7.41e+00  1.33e-01 -1.00e+05
2016 04 08  0445   57486  17100   3.61e-01  1.28e-01  9.94e-02  5.86e-02  4.74e-02  2.47e-02  3.80e+00  1.03e+00 -1.00e+05
2016 04 08  0450   57486  17400   3.87e-01  1.60e-01  1.31e-01  8.96e-02  5.44e-02  2.47e-02  3.27e+00  5.60e-01 -1.00e+05
2016 04 08  0455   57486  17700   3.00e-01  1.52e-01  1.23e-01  7.11e-02  5.62e-02  2.72e-02  1.09e+02  1.33e-01 -1.00e+05
2016 04 08  0500   57486  18000   5.51e-01  2.66e-01  1.69e-01  5.86e-02  4.74e-02  2.47e-02  3.33e+01  1.33e-01 -1.00e+05
2016 04 08  0505   57486  18300   5.42e-01  1.28e-01  9.94e-02  5.86e-02  4.74e-02  2.47e-02  4.95e+01  1.33e-01 -1.00e+05
2016 04 08  0510   57486  18600   4.39e-01  1.86e-01  1.57e-01  1.16e-01  1.05e-01  4.33e-02  3.79e+01  1.33e-01 -1.00e+05
2016 04 08  0515   57486  18900   4.79e-01  1.73e-01  1.27e-01  8.28e-02  7.17e-02  4.90e-02  3.61e+01  1.33e-01 -1.00e+05
2016 04 08  0520   57486  19200   6.83e-01  2.81e-01  1.37e-01  7.54e-02  6.42e-02  4.15e-02  3.57e+01  1.33e-01 -1.00e+05
2016 04 08  0525   57486  19500   5.74e-01  1.40e-01  1.11e-01  7.00e-02  5.00e-02  2.47e-02  2.36e+01  1.33e-01 -1.00e+05
2016 04 08  0530   57486  19800   4.32e-01  1.60e-01  1.31e-01  8.96e-02  5.44e-02  2.47e-02  1.91e+01  8.25e-01 -1.00e+05
2016 04 08  0535   57486  20100   6.30e-01  2.33e-01  1.02e-01  5.86e-02  4.74e-02  2.47e-02  1.88e+01  7.57e-01 -1.00e+05
2016 04 08  0540   57486  20400   2.45e-01  1.76e-01  1.28e-01  8.31e-02  5.29e-02  2.47e-02  1.73e+01  1.33e-01 -1.00e+05
2016 04 08  0545   57486  20700   5.39e-01  2.07e-01  1.02e-01  5.86e-02  4.74e-02  2.47e-02  1.52e+01  1.33e-01 -1.00e+05
2016 04 08  0550   57486  21000   4.45e-01  2.66e-01  2.37e-01  1.57e-01  1.25e-01  7.24e-02  1.42e+01  1.33e-01 -1.00e+05
2016 04 08  0555   57486  21300   5.88e-01  2.49e-01  2.20e-01  7.65e-02  5.15e-02  2.47e-02  1.06e+01  1.33e-01 -1.00e+05
2016 04 08  0600   57486  21600   4.15e-01  2.47e-01  2.18e-01  8.04e-02  6.92e-02  4.65e-02  7.98e+00  1.33e-01 -1.00e+05
2016 04 08  0605   57486  21900   8.09e-01  2.68e-01  1.13e-01  7.05e-02  5.93e-02  3.66e-02  6.04e+00  1.33e-01 -1.00e+05
2016 04 08  0610   57486  22200   4.44e-01  1.55e-01  1.26e-01  8.51e-02  7.39e-02  3.32e-02  9.30e+00  1.33e-01 -1.00e+05
2016 04 08  0615   57486  22500   4.40e-01  1.60e-01  1.31e-01  9.03e-02  7.91e-02  5.64e-02  1.71e+01  1.33e-01 -1.00e+05
2016 04 08  0620   57486  22800   6.56e-01  1.76e-01  1.28e-01  8.31e-02  5.29e-02  2.47e-02  1.60e+01  1.33e-01 -1.00e+05
2016 04 08  0625   57486  23100   5.35e-01  1.67e-01  1.38e-01  9.62e-02  5.59e-02  2.47e-02  3.27e+01  1.33e-01 -1.00e+05
2016 04 08  0630   57486  23400   6.93e-01  2.51e-01  1.56e-01  8.53e-02  7.41e-02  5.14e-02  9.58e+01  1.33e-01 -1.00e+05
2016 04 08  0635   57486  23700   5.36e-01  1.36e-01  1.07e-01  6.63e-02  5.51e-02  2.72e-02  1.06e+02  1.33e-01 -1.00e+05
2016 04 08  0640   57486  24000   6.65e-01  1.64e-01  1.35e-01  5.86e-02  4.74e-02  2.47e-02  1.12e+02  1.51e+00 -1.00e+05
2016 04 08  0645   57486  24300   6.19e-01  2.97e-01  2.51e-01  1.11e-01  8.18e-02  5.39e-02  1.25e+02  1.33e-01 -1.00e+05
2016 04 08  0650   57486  24600   8.14e-01  2.33e-01  1.02e-01  5.86e-02  4.74e-02  2.47e-02  1.29e+02  1.33e-01 -1.00e+05
2016 04 08  0655   57486  24900   4.55e-01  1.30e-01  1.01e-01  6.06e-02  4.94e-02  2.67e-02  1.31e+02  1.33e-01 -1.00e+05
2016 04 08  0700   57486  25200   7.07e-01  2.07e-01  1.78e-01  1.37e-01  1.26e-01  5.63e-02  1.35e+02  1.33e-01 -1.00e+05
2016 04 08  0705   57486  25500   3.55e-01  1.28e-01  9.94e-02  5.86e-02  4.74e-02  2.47e-02  1.19e+02  1.33e-01 -1.00e+05
2016 04 08  0710   57486  25800   2.97e-01  1.40e-01  1.11e-01  7.00e-02  5.00e-02  2.47e-02  1.14e+02  8.53e-01 -1.00e+05
2016 04 08  0715   57486  26100   4.95e-01  1.87e-01  1.41e-01  9.77e-02  8.65e-02  6.38e-02  1.17e+02  1.33e-01 -1.00e+05
2016 04 08  0720   57486  26400   4.39e-01  1.99e-01  1.71e-01  1.30e-01  1.19e-01  5.06e-02  1.15e+02  1.33e-01 -1.00e+05
2016 04 08  0725   57486  26700   4.67e-01  1.99e-01  1.70e-01  1.29e-01  1.18e-01  4.73e-02  9.60e+01  1.33e-01 -1.00e+05
2016 04 08  0730   57486  27000   6.53e-01  2.64e-01  2.35e-01  9.67e-02  6.29e-02  3.23e-02  9.73e+01  1.33e-01 -1.00e+05
2016 04 08  0735   57486  27300   7.09e-01  4.56e-01  3.12e-01  1.04e-01  5.87e-02  2.52e-02  1.05e+02  4.12e-01 -1.00e+05
2016 04 08  0740   57486  27600   4.92e-01  2.69e-01  2.40e-01  9.62e-02  5.59e-02  2.47e-02  1.08e+02  1.33e-01 -1.00e+05
2016 04 08  0745   57486  27900   5.01e-01  1.60e-01  1.31e-01  6.80e-02  5.68e-02  3.41e-02  1.03e+02  1.33e-01 -1.00e+05
2016 04 08  0750   57486  28200   6.05e-01  2.88e-01  2.59e-01  1.28e-01  9.84e-02  4.07e-02  1.11e+02  1.33e-01 -1.00e+05
2016 04 08  0755   57486  28500   5.73e-01  1.53e-01  1.25e-01  8.31e-02  5.29e-02  2.47e-02  1.09e+02  2.10e-01 -1.00e+05
2016 04 08  0800   57486  28800   4.57e-01  2.93e-01  2.64e-01  1.61e-01  1.49e-01  8.06e-02  1.09e+02  1.33e-01 -1.00e+05
2016 04 08  0805   57486  29100   5.80e-01  2.30e-01  2.01e-01  5.86e-02  4.74e-02  2.47e-02  1.14e+02  1.33e-01 -1.00e+05
2016 04 08  0810   57486  29400   5.58e-01  1.64e-01  1.35e-01  7.00e-02  5.00e-02  2.47e-02  1.19e+02  1.33e-01 -1.00e+05
2016 04 08  0815   57486  29700   9.95e-01  2.35e-01  1.04e-01  6.06e-02  4.94e-02  2.67e-02  1.28e+02  8.94e-01 -1.00e+05
2016 04 08  0820   57486  30000   5.94e-01  2.17e-01  1.88e-01  1.47e-01  1.27e-01  4.93e-02  1.31e+02  1.33e-01 -1.00e+05
2016 04 08  0825   57486  30300   5.14e-01  1.76e-01  1.28e-01  8.31e-02  5.29e-02  2.47e-02  1.32e+02  1.33e-01 -1.00e+05
2016 04 08  0830   57486  30600   6.53e-01  2.08e-01  1.12e-01  5.86e-02  4.74e-02  2.47e-02  1.38e+02  1.33e-01 -1.00e+05
2016 04 08  0835   57486  30900   4.79e-01  1.65e-01  1.36e-01  9.52e-02  8.41e-02  6.13e-02  1.49e+02  1.33e-01 -1.00e+05
2016 04 08  0840   57486  31200   6.12e-01  2.12e-01  1.84e-01  1.43e-01  1.32e-01  5.64e-02  1.55e+02  1.33e-01 -1.00e+05
2016 04 08  0845   57486  31500   2.24e-01  1.55e-01  1.26e-01  8.53e-02  7.41e-02  5.14e-02  1.59e+02  1.33e-01 -1.00e+05
2016 04 08  0850   57486  31800   7.07e-01  3.00e-01  1.01e-01  5.86e-02  4.74e-02  2.47e-02  1.65e+02  1.33e-01 -1.00e+05
2016 04 08  0855   57486  32100   1.25e+00  5.60e-01  2.42e-01  7.02e-02  5.73e-02  3.41e-02  1.72e+02  1.33e-01 -1.00e+05
2016 04 08  0900   57486  32400   8.95e-01  3.62e-01  2.67e-01  1.12e-01  7.63e-02  4.65e-02  1.75e+02  1.33e-01 -1.00e+05
2016 04 08  0905   57486  32700   6.94e-01  2.32e-01  1.27e-01  8.31e-02  5.29e-02  2.47e-02  1.83e+02  1.33e-01 -1.00e+05
2016 04 08  0910   57486  33000   5.20e-01  1.95e-01  1.66e-01  1.24e-01  8.47e-02  5.39e-02  1.89e+02  1.33e-01 -1.00e+05
2016 04 08  0915   57486  33300   8.52e-01  2.32e-01  1.27e-01  8.31e-02  5.29e-02  2.47e-02  1.99e+02  1.33e-01 -1.00e+05
2016 04 08  0920   57486  33600   5.02e-01  1.60e-01  1.31e-01  8.96e-02  5.44e-02  2.47e-02  2.07e+02  1.33e-01 -1.00e+05
2016 04 08  0925   57486  33900   6.62e-01  1.52e-01  1.23e-01  5.86e-02  4.74e-02  2.47e-02  2.04e+02  1.33e-01 -1.00e+05
2016 04 08  0930   57486  34200   5.27e-01  1.75e-01  1.46e-01  8.78e-02  7.66e-02  5.39e-02  2.25e+02  1.33e-01 -1.00e+05
2016 04 08  0935   57486  34500   4.20e-01  1.28e-01  9.94e-02  5.86e-02  4.74e-02  2.47e-02  2.15e+02  1.83e+00 -1.00e+05
2016 04 08  0940   57486  34800   4.00e-01  1.28e-01  9.94e-02  5.86e-02  4.74e-02  2.47e-02  2.12e+02  1.33e-01 -1.00e+05
2016 04 08  0945   57486  35100   6.49e-01  1.36e-01  1.07e-01  6.63e-02  5.51e-02  2.72e-02  2.23e+02  1.33e-01 -1.00e+05
2016 04 08  0950   57486  35400   5.01e-01  1.83e-01  1.36e-01  7.05e-02  5.93e-02  3.66e-02  2.28e+02  1.33e-01 -1.00e+05
2016 04 08  0955   57486  35700   2.26e-01  1.97e-01  1.68e-01  7.05e-02  5.93e-02  3.66e-02  2.17e+02  1.33e-01 -1.00e+05
2016 04 08  1000   57486  36000   4.00e-01  1.28e-01  9.94e-02  5.86e-02  4.74e-02  2.47e-02  2.44e+02  1.72e-01 -1.00e+05
2016 04 08  1005   57486  36300   4.37e-01  1.57e-01  1.25e-01  8.36e-02  6.87e-02  3.12e-02  2.36e+02  1.33e-01 -1.00e+05
2016 04 08  1010   57486  36600   5.50e-01  2.21e-01  1.92e-01  1.49e-01  8.14e-02  3.12e-02  2.50e+02  1.33e-01 -1.00e+05
2016 04 08  1015   57486  36900   4.95e-01  1.62e-01  1.33e-01  9.10e-02  5.58e-02  2.52e-02  2.71e+02  1.33e-01 -1.00e+05
2016 04 08  1020   57486  37200   5.02e-01  1.63e-01  1.34e-01  9.31e-02  8.19e-02  4.22e-02  2.63e+02  1.33e-01 -1.00e+05
2016 04 08  1025   57486  37500   3.66e-01  1.42e-01  1.13e-01  7.25e-02  6.13e-02  2.92e-02  2.93e+02  1.33e-01 -1.00e+05
2016 04 08  1030   57486  37800   5.99e-01  1.51e-01  1.03e-01  5.86e-02  4.74e-02  2.47e-02  3.10e+02  1.33e-01 -1.00e+05
2016 04 08  1035   57486  38100   3.68e-01  1.64e-01  1.35e-01  5.86e-02  4.74e-02  2.47e-02  3.01e+02  1.33e-01 -1.00e+05
2016 04 08  1040   57486  38400   4.18e-01  1.79e-01  1.50e-01  8.87e-02  6.72e-02  4.15e-02  2.73e+02  1.33e-01 -1.00e+05
2016 04 08  1045   57486  38700   5.83e-01  1.36e-01  1.07e-01  6.63e-02  5.51e-02  2.72e-02  2.84e+02  2.72e+00 -1.00e+05
2016 04 08  1050   57486  39000   8.76e-01  2.35e-01  1.04e-01  6.06e-02  4.94e-02  2.67e-02  3.37e+02  1.33e-01 -1.00e+05
2016 04 08  1055   57486  39300   6.07e-01  1.56e-01  1.27e-01  6.30e-02  5.19e-02  2.91e-02  3.03e+02  1.33e-01 -1.00e+05
2016 04 08  1100   57486  39600   4.45e-01  1.28e-01  9.94e-02  5.86e-02  4.74e-02  2.47e-02  3.02e+02  4.46e-01 -1.00e+05
2016 04 08  1105   57486  39900   8.72e-01  3.70e-01  2.27e-01  1.00e-01  8.90e-02  6.63e-02  3.26e+02  1.33e-01 -1.00e+05
2016 04 08  1110   57486  40200   5.18e-01  1.30e-01  1.01e-01  6.00e-02  4.88e-02  2.52e-02  3.61e+02  1.81e+00 -1.00e+05
2016 04 08  1115   57486  40500   4.77e-01  1.85e-01  1.56e-01  1.15e-01  1.04e-01  8.12e-02  3.53e+02  1.33e-01 -1.00e+05
2016 04 08  1120   57486  40800   1.45e+00  5.55e-01  1.76e-01  5.86e-02  4.74e-02  2.47e-02  3.60e+02  8.99e-01 -1.00e+05
2016 04 08  1125   57486  41100   5.84e-01  1.85e-01  1.56e-01  8.04e-02  6.92e-02  4.65e-02  3.56e+02  1.33e-01 -1.00e+05
2016 04 08  1130   57486  41400   6.98e-01  2.69e-01  2.40e-01  9.62e-02  5.59e-02  2.47e-02  3.73e+02  1.33e-01 -1.00e+05
2016 04 08  1135   57486  41700   5.12e-01  3.57e-01  3.28e-01  1.53e-01  1.28e-01  4.93e-02  3.92e+02  1.33e-01 -1.00e+05
2016 04 08  1140   57486  42000   6.18e-01  1.64e-01  1.35e-01  5.86e-02  4.74e-02  2.47e-02  3.86e+02  1.82e+00 -1.00e+05
2016 04 08  1145   57486  42300   4.40e-01  1.66e-01  1.37e-01  9.58e-02  7.65e-02  5.14e-02  3.90e+02  1.33e-01 -1.00e+05
2016 04 08  1150   57486  42600   6.20e-01  1.28e-01  9.94e-02  5.86e-02  4.74e-02  2.47e-02  4.07e+02  1.24e+00 -1.00e+05
2016 04 08  1155   57486  42900   4.69e-01  2.32e-01  1.36e-01  5.86e-02  4.74e-02  2.47e-02  4.06e+02  1.33e-01 -1.00e+05
2016 04 08  1200   57486  43200   5.91e-01  2.46e-01  1.40e-01  9.62e-02  5.59e-02  2.47e-02  4.37e+02  2.54e+00 -1.00e+05
2016 04 08  1205   57486  43500   5.39e-01  1.30e-01  1.01e-01  6.06e-02  4.94e-02  2.67e-02  4.22e+02  2.89e+00 -1.00e+05
2016 04 08  1210   57486  43800   6.84e-01  3.55e-01  2.56e-01  1.16e-01  1.05e-01  4.33e-02  4.41e+02  1.33e-01 -1.00e+05
2016 04 08  1215   57486  44100   8.58e-01  2.63e-01  1.68e-01  8.04e-02  6.92e-02  4.65e-02  4.52e+02  1.33e-01 -1.00e+05
2016 04 08  1220   57486  44400   7.66e-01  2.84e-01  1.88e-01  1.09e-01  5.88e-02  2.47e-02  4.69e+02  1.33e-01 -1.00e+05
2016 04 08  1225   57486  44700   5.89e-01  1.67e-01  1.38e-01  9.76e-02  8.64e-02  3.72e-02  4.39e+02  1.33e-01 -1.00e+05
2016 04 08  1230   57486  45000   4.23e-01  1.28e-01  9.94e-02  5.86e-02  4.74e-02  2.47e-02  4.84e+02  3.01e+00 -1.00e+05
2016 04 08  1235   57486  45300   9.90e-01  4.00e-01  1.49e-01  7.65e-02  5.15e-02  2.47e-02  5.21e+02  8.32e-01 -1.00e+05
2016 04 08  1240   57486  45600   5.66e-01  2.30e-01  2.01e-01  5.86e-02  4.74e-02  2.47e-02  5.03e+02  1.33e-01 -1.00e+05
2016 04 08  1245   57486  45900   6.26e-01  1.99e-01  1.70e-01  1.29e-01  1.18e-01  7.06e-02  5.08e+02  1.33e-01 -1.00e+05
2016 04 08  1250   57486  46200   6.63e-01  1.83e-01  1.35e-01  8.96e-02  5.44e-02  2.47e-02  5.40e+02  2.96e+00 -1.00e+05
2016 04 08  1255   57486  46500   5.20e-01  1.48e-01  1.20e-01  7.88e-02  6.76e-02  3.12e-02  5.53e+02  1.33e-01 -1.00e+05
2016 04 08  1300   57486  46800   5.86e-01  1.52e-01  1.24e-01  8.28e-02  7.17e-02  4.90e-02  5.64e+02  1.33e-01 -1.00e+05
2016 04 08  1305   57486  47100   7.19e-01  1.97e-01  1.60e-01  1.17e-01  7.13e-02  2.92e-02  5.47e+02  1.33e-01 -1.00e+05
2016 04 08  1310   57486  47400   6.38e-01  1.36e-01  1.07e-01  6.63e-02  5.51e-02  2.72e-02  5.51e+02  6.69e-01 -1.00e+05
2016 04 08  1315   57486  47700   5.53e-01  2.11e-01  1.82e-01  1.41e-01  1.30e-01  5.13e-02  5.75e+02  2.54e-01 -1.00e+05
2016 04 08  1320   57486  48000   1.18e+00  3.23e-01  1.58e-01  1.15e-01  1.04e-01  5.92e-02  5.88e+02  1.33e-01 -1.00e+05
2016 04 08  1325   57486  48300   4.76e-01  1.36e-01  1.07e-01  6.63e-02  5.51e-02  2.72e-02  5.84e+02  1.33e-01 -1.00e+05
2016 04 08  1330   57486  48600   4.96e-01  1.60e-01  1.31e-01  9.03e-02  7.91e-02  5.64e-02  5.51e+02  1.33e-01 -1.00e+05
2016 04 08  1335   57486  48900   5.13e-01  1.40e-01  1.11e-01  7.05e-02  5.93e-02  3.66e-02  6.14e+02  8.32e-01 -1.00e+05
2016 04 08  1340   57486  49200   7.44e-01  1.75e-01  1.27e-01  5.86e-02  4.74e-02  2.47e-02  6.15e+02  6.87e-01 -1.00e+05
2016 04 08  1345   57486  49500   8.37e-01  1.87e-01  1.39e-01  5.86e-02  4.74e-02  2.47e-02  5.85e+02  1.68e+00 -1.00e+05
2016 04 08  1350   57486  49800   5.48e-01  1.54e-01  1.25e-01  6.06e-02  4.94e-02  2.67e-02  6.08e+02  5.08e-01 -1.00e+05
2016 04 08  1355   57486  50100   6.29e-01  1.40e-01  1.11e-01  7.00e-02  5.00e-02  2.47e-02  6.21e+02  1.33e-01 -1.00e+05
2016 04 08  1400   57486  50400   6.13e-01  2.57e-01  1.61e-01  8.31e-02  5.29e-02  2.47e-02  6.30e+02  1.85e-01 -1.00e+05
2016 04 08  1405   57486  50700   8.22e-01  2.59e-01  1.63e-01  8.63e-02  5.71e-02  2.91e-02  6.52e+02  1.33e-01 -1.00e+05
2016 04 08  1410   57486  51000   4.12e-01  1.61e-01  1.32e-01  9.12e-02  8.00e-02  5.73e-02  6.47e+02  1.33e-01 -1.00e+05
2016 04 08  1415   57486  51300   6.70e-01  2.49e-01  1.64e-01  1.12e-01  9.48e-02  6.25e-02  6.77e+02  1.33e-01 -1.00e+05
2016 04 08  1420   57486  51600   1.15e+00  2.89e-01  1.36e-01  9.28e-02  8.16e-02  5.89e-02  6.79e+02  1.33e-01 -1.00e+05
2016 04 08  1425   57486  51900   7.08e-01  2.12e-01  1.16e-01  6.30e-02  5.19e-02  2.91e-02  6.67e+02  2.56e+00 -1.00e+05
2016 04 08  1430   57486  52200   5.32e-01  1.28e-01  9.94e-02  5.86e-02  4.74e-02  2.47e-02  7.33e+02  2.91e+00 -1.00e+05
2016 04 08  1435   57486  52500   9.56e-01  4.09e-01  2.25e-01  5.86e-02  4.74e-02  2.47e-02  7.17e+02  1.33e-01 -1.00e+05
2016 04 08  1440   57486  52800   6.20e-01  1.52e-01  1.24e-01  8.28e-02  7.17e-02  4.90e-02  7.27e+02  8.54e-01 -1.00e+05
2016 04 08  1445   57486  53100   5.27e-01  1.51e-01  1.03e-01  5.86e-02  4.74e-02  2.47e-02  7.37e+02  3.69e+00 -1.00e+05
2016 04 08  1450   57486  53400   3.79e-01  1.28e-01  9.94e-02  5.86e-02  4.74e-02  2.47e-02  7.29e+02  3.34e+00 -1.00e+05
2016 04 08  1455   57486  53700   5.74e-01  1.28e-01  9.94e-02  5.86e-02  4.74e-02  2.47e-02  7.61e+02  3.08e+00 -1.00e+05
2016 04 08  1500   57486  54000   5.03e-01  2.71e-01  2.42e-01  1.10e-01  9.89e-02  7.62e-02  7.60e+02  1.33e-01 -1.00e+05
2016 04 08  1505   57486  54300   1.22e+00  3.45e-01  1.68e-01  1.22e-01  6.60e-02  3.66e-02  7.74e+02  3.68e-01 -1.00e+05
2016 04 08  1510   57486  54600   1.57e-01  1.28e-01  9.94e-02  5.86e-02  4.74e-02  2.47e-02  7.62e+02  2.07e+00 -1.00e+05
2016 04 08  1515   57486  54900   1.13e+00  3.43e-01  1.45e-01  1.03e-01  9.15e-02  6.88e-02  7.67e+02  1.09e+00 -1.00e+05
2016 04 08  1520   57486  55200   9.12e-01  2.86e-01  1.56e-01  1.13e-01  9.19e-02  6.63e-02  8.03e+02  1.33e-01 -1.00e+05
2016 04 08  1525   57486  55500   8.15e-01  3.51e-01  3.22e-01  2.79e-01  1.85e-01  5.74e-02  8.12e+02  5.49e-01 -1.00e+05
2016 04 08  1530   57486  55800   6.19e-01  1.42e-01  1.13e-01  7.25e-02  6.13e-02  2.92e-02  8.09e+02  1.47e+00 -1.00e+05
2016 04 08  1535   57486  56100   8.81e-01  3.35e-01  2.39e-01  8.31e-02  5.29e-02  2.47e-02  8.15e+02  1.33e-01 -1.00e+05
2016 04 08  1540   57486  56400   4.78e-01  1.42e-01  1.13e-01  7.25e-02  6.13e-02  2.92e-02  8.36e+02  1.33e-01 -1.00e+05
2016 04 08  1545   57486  56700   1.20e+00  4.45e-01  2.63e-01  1.00e-01  6.79e-02  3.90e-02  8.49e+02  1.33e-01 -1.00e+05
2016 04 08  1550   57486  57000   6.51e-01  1.51e-01  1.03e-01  5.86e-02  4.74e-02  2.47e-02  8.17e+02  2.57e+00 -1.00e+05
2016 04 08  1555   57486  57300   6.77e-01  2.91e-01  2.62e-01  1.26e-01  9.78e-02  6.25e-02  8.33e+02  1.33e-01 -1.00e+05
2016 04 08  1600   57486  57600   6.59e-01  2.60e-01  2.31e-01  1.02e-01  9.07e-02  6.80e-02  8.79e+02  1.33e-01 -1.00e+05
2016 04 08  1605   57486  57900   5.69e-01  1.28e-01  9.94e-02  5.86e-02  4.74e-02  2.47e-02  8.49e+02  1.33e-01 -1.00e+05
2016 04 08  1610   57486  58200   4.64e-01  1.28e-01  9.94e-02  5.86e-02  4.74e-02  2.47e-02  8.37e+02  2.95e+00 -1.00e+05
2016 04 08  1615   57486  58500   5.82e-01  1.53e-01  1.25e-01  8.31e-02  5.29e-02  2.47e-02  8.51e+02  2.37e+00 -1.00e+05
2016 04 08  1620   57486  58800   6.22e-01  1.28e-01  9.94e-02  5.86e-02  4.74e-02  2.47e-02  8.71e+02  1.85e+00 -1.00e+05
2016 04 08  1625   57486  59100   8.91e-01  2.81e-01  1.37e-01  7.54e-02  6.42e-02  4.15e-02  8.45e+02  2.23e+00 -1.00e+05
2016 04 08  1630   57486  59400   5.98e-01  1.28e-01  9.94e-02  5.86e-02  4.74e-02  2.47e-02  8.37e+02  2.56e+00 -1.00e+05
2016 04 08  1635   57486  59700   4.31e-01  1.28e-01  9.94e-02  5.86e-02  4.74e-02  2.47e-02  8.61e+02  4.09e+00 -1.00e+05
2016 04 08  1640   57486  60000   6.14e-01  1.88e-01  1.59e-01  1.17e-01  8.33e-02  5.39e-02  8.68e+02  1.33e-01 -1.00e+05
2016 04 08  1645   57486  60300   6.51e-01  2.10e-01  1.14e-01  6.06e-02  4.94e-02  2.67e-02  8.50e+02  3.30e+00 -1.00e+05
2016 04 08  1650   57486  60600   5.76e-01  1.47e-01  1.18e-01  7.65e-02  5.15e-02  2.47e-02  8.45e+02  3.08e+00 -1.00e+05
2016 04 08  1655   57486  60900   5.45e-01  1.28e-01  9.94e-02  5.86e-02  4.74e-02  2.47e-02  8.45e+02  2.51e+00 -1.00e+05
2016 04 08  1700   57486  61200   6.96e-01  2.97e-01  2.68e-01  8.99e-02  7.50e-02  3.32e-02  8.53e+02  1.33e-01 -1.00e+05
2016 04 08  1705   57486  61500   5.65e-01  1.33e-01  1.04e-01  6.34e-02  4.85e-02  2.47e-02  8.48e+02  2.04e+00 -1.00e+05
2016 04 08  1710   57486  61800   7.36e-01  2.12e-01  1.16e-01  6.30e-02  5.19e-02  2.91e-02  8.44e+02  1.33e-01 -1.00e+05
2016 04 08  1715   57486  62100   7.13e-01  2.88e-01  2.59e-01  9.13e-02  8.02e-02  3.52e-02  8.49e+02  1.22e+00 -1.00e+05
2016 04 08  1720   57486  62400   6.47e-01  1.50e-01  1.21e-01  8.06e-02  6.94e-02  3.81e-02  8.29e+02  1.93e-01 -1.00e+05
2016 04 08  1725   57486  62700   5.42e-01  1.65e-01  1.36e-01  9.50e-02  8.38e-02  4.95e-02  8.63e+02  1.33e-01 -1.00e+05
2016 04 08  1730   57486  63000   4.62e-01  1.59e-01  1.30e-01  8.87e-02  6.72e-02  4.15e-02  8.00e+02  1.26e+00 -1.00e+05
2016 04 08  1735   57486  63300   3.52e-01  1.28e-01  9.94e-02  5.86e-02  4.74e-02  2.47e-02  8.76e+02  8.11e-01 -1.00e+05
2016 04 08  1740   57486  63600   5.69e-01  1.57e-01  1.28e-01  6.34e-02  4.85e-02  2.47e-02  8.62e+02  2.07e+00 -1.00e+05
2016 04 08  1745   57486  63900   4.38e-01  1.30e-01  1.01e-01  6.00e-02  4.88e-02  2.52e-02  7.78e+02  4.56e+00 -1.00e+05
2016 04 08  1750   57486  64200   5.31e-01  1.40e-01  1.11e-01  7.00e-02  5.00e-02  2.47e-02  8.41e+02  3.39e-01 -1.00e+05
2016 04 08  1755   57486  64500   6.32e-01  3.66e-01  1.55e-01  9.73e-02  6.21e-02  2.72e-02  8.72e+02  1.33e-01 -1.00e+05
2016 04 08  1800   57486  64800   3.06e-01  1.61e-01  1.32e-01  9.13e-02  8.02e-02  3.52e-02  8.03e+02  1.95e-01 -1.00e+05
2016 04 08  1805   57486  65100   2.33e-01  1.64e-01  1.35e-01  5.86e-02  4.74e-02  2.47e-02  7.59e+02  5.03e+00 -1.00e+05
2016 04 08  1810   57486  65400   3.40e-01  1.75e-01  1.47e-01  1.04e-01  5.87e-02  2.91e-02  8.31e+02  8.51e-01 -1.00e+05
2016 04 08  1815   57486  65700   9.16e-01  4.45e-01  2.06e-01  9.28e-02  8.16e-02  5.89e-02  8.23e+02  1.33e-01 -1.00e+05
2016 04 08  1820   57486  66000   4.09e-01  1.28e-01  9.94e-02  5.86e-02  4.74e-02  2.47e-02  7.40e+02  3.95e+00 -1.00e+05
2016 04 08  1825   57486  66300   5.07e-01  2.97e-01  2.42e-01  1.38e-01  1.23e-01  6.52e-02  8.12e+02  1.33e-01 -1.00e+05
2016 04 08  1830   57486  66600   2.56e-01  1.28e-01  9.94e-02  5.86e-02  4.74e-02  2.47e-02  7.60e+02  6.69e-01 -1.00e+05
2016 04 08  1835   57486  66900   2.92e-01  1.52e-01  1.24e-01  8.28e-02  7.17e-02  4.90e-02  7.15e+02  2.19e-01 -1.00e+05
2016 04 08  1840   57486  67200   2.95e-01  1.60e-01  1.31e-01  9.03e-02  7.91e-02  5.64e-02  7.64e+02  1.01e+00 -1.00e+05
2016 04 08  1845   57486  67500   3.76e-01  2.81e-01  2.52e-01  9.62e-02  5.59e-02  2.47e-02  7.66e+02  8.42e-01 -1.00e+05
2016 04 08  1850   57486  67800   6.00e-01  2.33e-01  1.02e-01  5.86e-02  4.74e-02  2.47e-02  7.59e+02  1.52e+00 -1.00e+05
2016 04 08  1855   57486  68100   5.09e-01  2.06e-01  1.77e-01  1.37e-01  1.25e-01  5.44e-02  7.74e+02  8.03e-01 -1.00e+05
2016 04 08  1900   57486  68400   4.76e-01  2.69e-01  2.40e-01  9.62e-02  5.59e-02  2.47e-02  7.73e+02  4.41e-01 -1.00e+05
2016 04 08  1905   57486  68700   1.79e-01  1.51e-01  1.22e-01  8.10e-02  6.99e-02  4.71e-02  7.71e+02  1.33e-01 -1.00e+05
2016 04 08  1910   57486  69000   2.29e-01  1.28e-01  9.94e-02  5.86e-02  4.74e-02  2.47e-02  7.55e+02  1.33e-01 -1.00e+05
2016 04 08  1915   57486  69300   3.20e-01  1.85e-01  1.56e-01  1.00e-01  8.90e-02  6.63e-02  7.75e+02  1.33e-01 -1.00e+05
2016 04 08  1920   57486  69600   2.75e-01  1.28e-01  9.94e-02  5.86e-02  4.74e-02  2.47e-02  7.69e+02  1.69e+00 -1.00e+05
2016 04 08  1925   57486  69900   4.46e-01  2.10e-01  1.14e-01  6.06e-02  4.94e-02  2.67e-02  6.72e+02  1.18e+00 -1.00e+05
2016 04 08  1930   57486  70200   3.20e-01  2.41e-01  2.12e-01  1.29e-01  1.18e-01  4.73e-02  7.47e+02  1.33e-01 -1.00e+05
2016 04 08  1935   57486  70500   7.69e-01  3.97e-01  2.20e-01  1.04e-01  9.31e-02  4.07e-02  7.42e+02  1.33e-01 -1.00e+05
2016 04 08  1940   57486  70800   8.94e-01  4.23e-01  2.30e-01  1.02e-01  7.91e-02  4.02e-02  6.83e+02  1.33e-01 -1.00e+05
2016 04 08  1945   57486  71100   3.02e-01  1.45e-01  1.16e-01  7.54e-02  6.42e-02  4.15e-02  7.72e+02  1.30e+00 -1.00e+05
2016 04 08  1950   57486  71400   6.52e-01  3.28e-01  1.94e-01  1.32e-01  7.29e-02  2.92e-02  7.88e+02  1.33e-01 -1.00e+05
2016 04 08  1955   57486  71700   4.08e-01  3.00e-01  2.71e-01  9.62e-02  5.59e-02  2.47e-02  7.15e+02  1.33e-01 -1.00e+05
2016 04 08  2000   57486  72000   3.58e-01  2.05e-01  1.76e-01  1.33e-01  8.84e-02  5.89e-02  7.42e+02  2.65e-01 -1.00e+05
2016 04 08  2005   57486  72300   8.28e-01  5.26e-01  2.51e-01  9.28e-02  8.16e-02  5.89e-02  7.60e+02  1.33e-01 -1.00e+05
2016 04 08  2010   57486  72600   4.37e-01  1.80e-01  1.52e-01  1.09e-01  5.88e-02  2.47e-02  6.98e+02  1.21e+00 -1.00e+05
2016 04 08  2015   57486  72900   4.94e-01  2.33e-01  1.02e-01  5.86e-02  4.74e-02  2.47e-02  6.95e+02  1.33e-01 -1.00e+05
2016 04 08  2020   57486  73200   2.94e-01  2.07e-01  1.02e-01  5.86e-02  4.74e-02  2.47e-02  6.90e+02  2.21e+00 -1.00e+05
2016 04 08  2025   57486  73500   5.27e-01  2.08e-01  1.12e-01  5.86e-02  4.74e-02  2.47e-02  6.48e+02  1.33e-01 -1.00e+05
2016 04 08  2030   57486  73800   7.24e-01  2.68e-01  1.35e-01  9.24e-02  8.13e-02  2.62e-02  6.39e+02  8.01e-01 -1.00e+05
2016 04 08  2035   57486  74100   2.48e-01  2.13e-01  1.66e-01  9.62e-02  5.59e-02  2.47e-02  6.45e+02  1.33e-01 -1.00e+05
2016 04 08  2040   57486  74400   5.25e-01  1.28e-01  9.94e-02  5.86e-02  4.74e-02  2.47e-02  6.10e+02  1.02e+00 -1.00e+05
2016 04 08  2045   57486  74700   4.85e-01  2.44e-01  1.47e-01  7.00e-02  5.00e-02  2.47e-02  6.07e+02  5.72e-01 -1.00e+05
2016 04 08  2050   57486  75000   3.37e-01  1.97e-01  1.60e-01  1.17e-01  7.13e-02  2.92e-02  5.85e+02  3.24e-01 -1.00e+05
2016 04 08  2055   57486  75300   2.29e-01  1.33e-01  1.04e-01  6.34e-02  4.85e-02  2.47e-02  5.69e+02  1.44e+00 -1.00e+05
2016 04 08  2100   57486  75600   3.07e-01  2.70e-01  2.15e-01  1.67e-01  1.12e-01  4.13e-02  5.57e+02  1.33e-01 -1.00e+05
2016 04 08  2105   57486  75900   2.77e-01  2.45e-01  2.17e-01  7.79e-02  6.67e-02  4.40e-02  5.61e+02  6.88e-01 -1.00e+05
2016 04 08  2110   57486  76200   5.48e-01  2.08e-01  1.12e-01  5.86e-02  4.74e-02  2.47e-02  5.25e+02  1.33e-01 -1.00e+05
2016 04 08  2115   57486  76500   2.57e-01  2.08e-01  1.12e-01  5.86e-02  4.74e-02  2.47e-02  5.49e+02  4.18e-01 -1.00e+05
2016 04 08  2120   57486  76800   4.26e-01  2.08e-01  1.12e-01  5.86e-02  4.74e-02  2.47e-02  5.34e+02  1.46e+00 -1.00e+05
2016 04 08  2125   57486  77100   2.82e-01  1.28e-01  9.94e-02  5.86e-02  4.74e-02  2.47e-02  5.10e+02  2.81e+00 -1.00e+05
2016 04 08  2130   57486  77400   1.57e-01  1.28e-01  9.94e-02  5.86e-02  4.74e-02  2.47e-02  4.99e+02  7.39e-01 -1.00e+05
2016 04 08  2135   57486  77700   7.22e-01  3.93e-01  2.17e-01  6.63e-02  5.51e-02  2.72e-02  4.95e+02  2.97e+00 -1.00e+05
2016 04 08  2140   57486  78000   2.73e-01  1.99e-01  1.70e-01  1.28e-01  7.28e-02  2.92e-02  4.91e+02  1.33e-01 -1.00e+05
2016 04 08  2145   57486  78300   4.21e-01  2.17e-01  1.88e-01  9.03e-02  7.91e-02  5.64e-02  4.81e+02  7.28e-01 -1.00e+05
2016 04 08  2150   57486  78600   2.37e-01  1.36e-01  1.07e-01  6.66e-02  5.27e-02  2.91e-02  4.64e+02  1.33e-01 -1.00e+05
2016 04 08  2155   57486  78900   2.52e-01  1.40e-01  1.11e-01  7.00e-02  5.00e-02  2.47e-02  4.76e+02  1.33e-01 -1.00e+05
2016 04 08  2200   57486  79200   7.02e-01  3.26e-01  1.97e-01  1.36e-01  8.05e-02  3.12e-02  4.64e+02  1.33e-01 -1.00e+05
2016 04 08  2205   57486  79500   3.48e-01  2.89e-01  2.60e-01  1.16e-01  6.03e-02  2.47e-02  4.64e+02  1.33e-01 -1.00e+05
2016 04 08  2210   57486  79800   5.77e-01  2.79e-01  1.01e-01  5.86e-02  4.74e-02  2.47e-02  4.69e+02  9.65e-01 -1.00e+05
2016 04 08  2215   57486  80100   4.44e-01  1.93e-01  1.64e-01  9.94e-02  6.00e-02  2.91e-02  4.46e+02  1.33e-01 -1.00e+05
2016 04 08  2220   57486  80400   4.26e-01  1.87e-01  1.58e-01  1.16e-01  6.03e-02  2.47e-02  4.48e+02  1.33e-01 -1.00e+05
2016 04 08  2225   57486  80700   3.81e-01  1.33e-01  1.04e-01  6.30e-02  5.19e-02  2.91e-02  4.39e+02  1.23e+00 -1.00e+05
2016 04 08  2230   57486  81000   3.51e-01  2.30e-01  2.01e-01  5.86e-02  4.74e-02  2.47e-02  4.34e+02  1.33e-01 -1.00e+05
2016 04 08  2235   57486  81300   1.92e-01  1.28e-01  9.94e-02  5.86e-02  4.74e-02  2.47e-02  4.31e+02  5.37e-01 -1.00e+05
2016 04 08  2240   57486  81600   3.51e-01  2.88e-01  1.44e-01  8.28e-02  7.17e-02  4.90e-02  4.03e+02  1.33e-01 -1.00e+05
2016 04 08  2245   57486  81900   1.91e-01  1.33e-01  1.04e-01  6.30e-02  5.19e-02  2.91e-02  4.10e+02  7.37e-01 -1.00e+05
2016 04 08  2250   57486  82200   5.66e-01  2.68e-01  1.38e-01  9.52e-02  8.41e-02  6.13e-02  4.17e+02  1.33e-01 -1.00e+05
2016 04 08  2255   57486  82500   4.86e-01  1.85e-01  1.56e-01  1.15e-01  9.97e-02  7.56e-02  4.01e+02  1.33e-01 -1.00e+05
2016 04 08  2300   57486  82800   4.09e-01  1.28e-01  9.94e-02  5.86e-02  4.74e-02  2.47e-02  3.86e+02  1.33e-01 -1.00e+05
2016 04 08  2305   57486  83100   2.43e-01  1.74e-01  1.45e-01  1.03e-01  5.74e-02  2.47e-02  3.91e+02  1.33e-01 -1.00e+05
2016 04 08  2310   57486  83400   1.87e-01  1.53e-01  1.05e-01  6.06e-02  4.94e-02  2.67e-02  3.99e+02  1.33e-01 -1.00e+05
2016 04 08  2315   57486  83700   2.89e-01  1.53e-01  1.25e-01  8.31e-02  5.29e-02  2.47e-02  3.79e+02  1.91e+00 -1.00e+05
2016 04 08  2320   57486  84000   4.62e-01  2.39e-01  2.10e-01  1.68e-01  1.23e-01  4.60e-02  3.77e+02  1.33e-01 -1.00e+05
2016 04 08  2325   57486  84300   2.86e-01  2.58e-01  2.29e-01  1.89e-01  1.78e-01  9.49e-02  3.84e+02  1.33e-01 -1.00e+05
2016 04 08  2330   57486  84600   1.86e-01  1.27e-01  9.89e-02  5.86e-02  4.74e-02  2.48e-02  3.80e+02  4.29e-01 -1.00e+05
2016 04 08  2335   57486  84900   3.80e-01  1.27e-01  9.89e-02  5.86e-02  4.74e-02  2.48e-02  3.87e+02  9.47e-01 -1.00e+05
2016 04 08  2340   57486  85200   3.04e-01  2.14e-01  1.06e-01  6.29e-02  4.84e-02  2.48e-02  3.71e+02  1.33e-01 -1.00e+05
2016 04 08  2345   57486  85500   2.51e-01  2.22e-01  1.94e-01  1.53e-01  1.20e-01  6.74e-02  3.96e+02  1.33e-01 -1.00e+05
2016 04 08  2350   57486  85800   3.43e-01  1.98e-01  1.70e-01  1.29e-01  1.18e-01  6.40e-02  4.03e+02  1.33e-01 -1.00e+05
2016 04 08  2355   57486  86100   5.03e-01  2.21e-01  1.68e-01  6.29e-02  4.84e-02  2.48e-02  3.79e+02  1.33e-01 -1.00e+05
