:Data_list: 20160202_Gs_part_5m.txt
:Created: 2016 Feb 03 0011 UTC
# Prepared by the U.S. Dept. of Commerce, NOAA, Space Weather Prediction Center
# Please send comments and suggestions to SWPC.Webmaster@noaa.gov 
# 
# Label: P > 1 = Particles at >1 Mev
# Label: P > 5 = Particles at >5 Mev
# Label: P >10 = Particles at >10 Mev
# Label: P >30 = Particles at >30 Mev
# Label: P >50 = Particles at >50 Mev
# Label: P>100 = Particles at >100 Mev
# Label: E>0.8 = Electrons at >0.8 Mev
# Label: E>2.0 = Electrons at >2.0 Mev
# Label: E>4.0 = Electrons at >4.0 Mev
# Units: Particles = Protons/cm2-s-sr
# Units: Electrons = Electrons/cm2-s-sr
# Source: GOES-15
# Location: W135
# Missing data: -1.00e+05
#
#                      5-minute  GOES-15 Solar Particle and Electron Flux
#
#                 Modified Seconds
# UTC Date  Time   Julian  of the
# YR MO DA  HHMM    Day     Day     P > 1     P > 5     P >10     P >30     P >50     P>100     E>0.8     E>2.0     E>4.0
#-------------------------------------------------------------------------------------------------------------------------
2016 02 02  0000   57420      0   2.14e+00  2.64e-01  1.49e-01  1.01e-01  7.66e-02  5.12e-02  2.30e+02  1.33e-01 -1.00e+05
2016 02 02  0005   57420    300   1.36e+00  1.30e-01  1.02e-01  5.85e-02  4.78e-02  2.64e-02  2.29e+02  1.33e-01 -1.00e+05
2016 02 02  0010   57420    600   1.56e+00  1.91e-01  1.63e-01  1.20e-01  1.09e-01  4.34e-02  2.24e+02  1.40e+00 -1.00e+05
2016 02 02  0015   57420    900   2.60e+00  3.83e-01  1.96e-01  5.44e-02  4.37e-02  2.24e-02  2.16e+02  1.13e+00 -1.00e+05
2016 02 02  0020   57420   1200   1.08e+00  1.66e-01  1.38e-01  9.46e-02  8.39e-02  3.53e-02  2.07e+02  9.70e-01 -1.00e+05
2016 02 02  0025   57420   1500   1.30e+00  1.26e-01  9.80e-02  5.44e-02  4.37e-02  2.24e-02  2.06e+02  2.02e+00 -1.00e+05
2016 02 02  0030   57420   1800   1.07e+00  1.72e-01  1.44e-01  6.10e-02  5.02e-02  2.89e-02  2.08e+02  1.33e-01 -1.00e+05
2016 02 02  0035   57420   2100   1.61e+00  2.15e-01  1.52e-01  1.00e-01  5.41e-02  2.24e-02  1.99e+02  1.33e-01 -1.00e+05
2016 02 02  0040   57420   2400   1.21e+00  1.68e-01  1.04e-01  5.44e-02  4.37e-02  2.24e-02  2.01e+02  1.33e-01 -1.00e+05
2016 02 02  0045   57420   2700   1.25e+00  1.26e-01  9.80e-02  5.44e-02  4.37e-02  2.24e-02  2.01e+02  8.17e-01 -1.00e+05
2016 02 02  0050   57420   3000   1.36e+00  1.68e-01  1.04e-01  5.44e-02  4.37e-02  2.24e-02  1.94e+02  6.73e-01 -1.00e+05
2016 02 02  0055   57420   3300   1.13e+00  1.68e-01  1.04e-01  5.44e-02  4.37e-02  2.24e-02  1.91e+02  2.23e+00 -1.00e+05
2016 02 02  0100   57420   3600   1.31e+00  1.88e-01  1.25e-01  7.41e-02  4.82e-02  2.24e-02  1.90e+02  1.33e-01 -1.00e+05
2016 02 02  0105   57420   3900   9.48e-01  1.34e-01  1.07e-01  6.33e-02  5.26e-02  2.52e-02  1.85e+02  2.55e+00 -1.00e+05
2016 02 02  0110   57420   4200   1.37e+00  1.68e-01  1.07e-01  5.70e-02  4.63e-02  2.32e-02  1.80e+02  1.33e-01 -1.00e+05
2016 02 02  0115   57420   4500   9.12e-01  2.13e-01  1.86e-01  9.32e-02  8.24e-02  6.11e-02  1.76e+02  1.33e-01 -1.00e+05
2016 02 02  0120   57420   4800   1.08e+00  1.33e-01  1.05e-01  6.10e-02  4.52e-02  2.24e-02  1.72e+02  9.15e-01 -1.00e+05
2016 02 02  0125   57420   5100   9.15e-01  1.37e-01  1.09e-01  6.59e-02  5.52e-02  3.39e-02  1.67e+02  3.26e-01 -1.00e+05
2016 02 02  0130   57420   5400   8.62e-01  1.53e-01  1.26e-01  8.21e-02  7.14e-02  3.13e-02  1.65e+02  1.33e-01 -1.00e+05
2016 02 02  0135   57420   5700   1.01e+00  2.45e-01  2.17e-01  1.13e-01  1.03e-01  4.13e-02  1.63e+02  1.33e-01 -1.00e+05
2016 02 02  0140   57420   6000   2.02e+00  6.91e-01  3.37e-01  5.44e-02  4.37e-02  2.24e-02  1.60e+02  7.59e-01 -1.00e+05
2016 02 02  0145   57420   6300   1.52e+00  2.96e-01  1.08e-01  6.10e-02  4.52e-02  2.24e-02  1.53e+02  1.33e-01 -1.00e+05
2016 02 02  0150   57420   6600   1.38e+00  2.43e-01  1.01e-01  5.44e-02  4.37e-02  2.24e-02  1.47e+02  1.33e-01 -1.00e+05
2016 02 02  0155   57420   6900   1.52e+00  2.43e-01  1.01e-01  5.44e-02  4.37e-02  2.24e-02  1.49e+02  1.71e+00 -1.00e+05
2016 02 02  0200   57420   7200   7.42e-01  1.54e-01  1.26e-01  5.44e-02  4.37e-02  2.24e-02  1.44e+02  1.33e-01 -1.00e+05
2016 02 02  0205   57420   7500   9.65e-01  2.00e-01  1.73e-01  9.07e-02  8.00e-02  5.86e-02  1.41e+02  1.33e-01 -1.00e+05
2016 02 02  0210   57420   7800   6.86e-01  1.65e-01  1.38e-01  5.44e-02  4.37e-02  2.24e-02  1.38e+02  3.10e-01 -1.00e+05
2016 02 02  0215   57420   8100   8.64e-01  1.68e-01  1.04e-01  5.44e-02  4.37e-02  2.24e-02  1.38e+02  1.33e-01 -1.00e+05
2016 02 02  0220   57420   8400   9.69e-01  1.68e-01  1.04e-01  5.44e-02  4.37e-02  2.24e-02  1.36e+02  8.16e-01 -1.00e+05
2016 02 02  0225   57420   8700   8.78e-01  1.30e-01  1.02e-01  5.85e-02  4.78e-02  2.64e-02  1.37e+02  6.26e-01 -1.00e+05
2016 02 02  0230   57420   9000   1.25e+00  2.43e-01  1.01e-01  5.44e-02  4.37e-02  2.24e-02  1.30e+02  1.33e-01 -1.00e+05
2016 02 02  0235   57420   9300   1.12e+00  4.88e-01  3.18e-01  9.56e-02  8.49e-02  6.36e-02  1.22e+02  1.33e-01 -1.00e+05
2016 02 02  0240   57420   9600   1.46e+00  2.75e-01  1.35e-01  8.82e-02  7.75e-02  5.62e-02  1.19e+02  1.33e-01 -1.00e+05
2016 02 02  0245   57420   9900   4.09e-01  1.26e-01  9.82e-02  5.44e-02  4.37e-02  2.24e-02  1.20e+02  1.52e+00 -1.00e+05
2016 02 02  0250   57420  10200   9.79e-01  3.97e-01  3.69e-01  1.28e-01  8.17e-02  3.13e-02  1.17e+02  1.33e-01 -1.00e+05
2016 02 02  0255   57420  10500   4.79e-01  1.26e-01  9.80e-02  5.44e-02  4.37e-02  2.24e-02  1.11e+02  1.29e+00 -1.00e+05
2016 02 02  0300   57420  10800   5.67e-01  1.26e-01  9.80e-02  5.44e-02  4.37e-02  2.24e-02  1.09e+02  1.33e-01 -1.00e+05
2016 02 02  0305   57420  11100   5.74e-01  1.26e-01  9.80e-02  5.44e-02  4.37e-02  2.24e-02  1.05e+02  1.45e+00 -1.00e+05
2016 02 02  0310   57420  11400   4.69e-01  1.26e-01  9.80e-02  5.44e-02  4.37e-02  2.24e-02  1.03e+02  7.11e-01 -1.00e+05
2016 02 02  0315   57420  11700   9.81e-01  3.03e-01  1.15e-01  6.84e-02  5.77e-02  3.63e-02  9.80e+01  6.26e-01 -1.00e+05
2016 02 02  0320   57420  12000   6.07e-01  1.39e-01  1.11e-01  6.75e-02  4.67e-02  2.24e-02  9.65e+01  2.13e+00 -1.00e+05
2016 02 02  0325   57420  12300   8.18e-01  2.04e-01  1.76e-01  5.44e-02  4.37e-02  2.24e-02  9.58e+01  4.42e-01 -1.00e+05
2016 02 02  0330   57420  12600   4.64e-01  1.26e-01  9.80e-02  5.44e-02  4.37e-02  2.24e-02  9.47e+01  7.87e-01 -1.00e+05
2016 02 02  0335   57420  12900   4.66e-01  1.72e-01  1.44e-01  1.01e-01  9.02e-02  3.73e-02  9.15e+01  5.38e-01 -1.00e+05
2016 02 02  0340   57420  13200   5.90e-01  1.30e-01  1.02e-01  5.85e-02  4.78e-02  2.64e-02  9.24e+01  6.84e-01 -1.00e+05
2016 02 02  0345   57420  13500   5.34e-01  1.39e-01  1.11e-01  6.75e-02  4.67e-02  2.24e-02  8.95e+01  6.47e-01 -1.00e+05
2016 02 02  0350   57420  13800   9.00e-01  2.43e-01  1.01e-01  5.44e-02  4.37e-02  2.24e-02  8.83e+01  2.55e+00 -1.00e+05
2016 02 02  0355   57420  14100   4.69e-01  1.66e-01  1.38e-01  9.46e-02  8.39e-02  3.53e-02  8.71e+01  1.33e-01 -1.00e+05
2016 02 02  0400   57420  14400   4.12e-01  2.13e-01  1.85e-01  6.59e-02  5.52e-02  3.39e-02  8.28e+01  3.76e-01 -1.00e+05
2016 02 02  0405   57420  14700   6.35e-01  1.54e-01  1.26e-01  5.44e-02  4.37e-02  2.24e-02  8.11e+01  6.04e-01 -1.00e+05
2016 02 02  0410   57420  15000   8.21e-01  2.24e-01  1.08e-01  6.10e-02  5.02e-02  2.89e-02  8.11e+01  1.33e-01 -1.00e+05
2016 02 02  0415   57420  15300   5.34e-01  1.52e-01  1.24e-01  8.08e-02  7.01e-02  4.87e-02  7.90e+01  4.88e-01 -1.00e+05
2016 02 02  0420   57420  15600   5.87e-01  1.47e-01  1.19e-01  7.58e-02  6.51e-02  2.93e-02  7.78e+01  5.16e-01 -1.00e+05
2016 02 02  0425   57420  15900   6.19e-01  2.08e-01  1.45e-01  9.38e-02  5.26e-02  2.24e-02  7.69e+01  1.33e-01 -1.00e+05
2016 02 02  0430   57420  16200   4.34e-01  1.26e-01  9.80e-02  5.44e-02  4.37e-02  2.24e-02  7.46e+01  6.39e-01 -1.00e+05
2016 02 02  0435   57420  16500   5.23e-01  2.62e-01  2.35e-01  1.20e-01  9.94e-02  3.93e-02  7.47e+01  1.33e-01 -1.00e+05
2016 02 02  0440   57420  16800   6.16e-01  1.46e-01  1.18e-01  7.41e-02  4.82e-02  2.24e-02  7.23e+01  1.33e-01 -1.00e+05
2016 02 02  0445   57420  17100   6.95e-01  1.26e-01  9.80e-02  5.44e-02  4.37e-02  2.24e-02  7.23e+01  4.92e-01 -1.00e+05
2016 02 02  0450   57420  17400   5.25e-01  1.28e-01  1.01e-01  5.70e-02  4.63e-02  2.32e-02  7.14e+01  1.33e-01 -1.00e+05
2016 02 02  0455   57420  17700   5.45e-01  1.65e-01  1.38e-01  5.44e-02  4.37e-02  2.24e-02  6.87e+01  2.68e+00 -1.00e+05
2016 02 02  0500   57420  18000   4.53e-01  2.23e-01  1.95e-01  7.83e-02  6.76e-02  4.62e-02  6.66e+01  1.33e-01 -1.00e+05
2016 02 02  0505   57420  18300   4.54e-01  1.97e-01  1.69e-01  1.26e-01  1.15e-01  4.54e-02  6.41e+01  1.33e-01 -1.00e+05
2016 02 02  0510   57420  18600   4.68e-01  2.05e-01  1.77e-01  5.60e-02  4.53e-02  2.40e-02  6.21e+01  1.33e-01 -1.00e+05
2016 02 02  0515   57420  18900   5.13e-01  3.11e-01  2.83e-01  9.38e-02  5.26e-02  2.24e-02  6.15e+01  1.33e-01 -1.00e+05
2016 02 02  0520   57420  19200   4.76e-01  1.99e-01  1.38e-01  8.82e-02  7.75e-02  5.62e-02  6.00e+01  1.33e-01 -1.00e+05
2016 02 02  0525   57420  19500   1.35e+00  3.91e-01  1.00e-01  5.44e-02  4.37e-02  2.24e-02  5.92e+01  1.33e-01 -1.00e+05
2016 02 02  0530   57420  19800   5.13e-01  1.26e-01  9.80e-02  5.44e-02  4.37e-02  2.24e-02  5.71e+01  2.07e+00 -1.00e+05
2016 02 02  0535   57420  20100   3.74e-01  1.26e-01  9.80e-02  5.44e-02  4.37e-02  2.24e-02  5.53e+01  1.33e-01 -1.00e+05
2016 02 02  0540   57420  20400   5.38e-01  1.66e-01  1.38e-01  9.38e-02  5.26e-02  2.24e-02  5.26e+01  5.16e-01 -1.00e+05
2016 02 02  0545   57420  20700   5.71e-01  2.28e-01  1.66e-01  1.14e-01  7.14e-02  4.38e-02  4.93e+01  3.88e-01 -1.00e+05
2016 02 02  0550   57420  21000   6.05e-01  1.26e-01  9.82e-02  5.44e-02  4.37e-02  2.24e-02  4.62e+01  1.36e+00 -1.00e+05
2016 02 02  0555   57420  21300   5.21e-01  1.60e-01  1.33e-01  8.91e-02  7.84e-02  3.63e-02  4.28e+01  1.33e-01 -1.00e+05
2016 02 02  0600   57420  21600   4.15e-01  1.32e-01  1.04e-01  6.10e-02  5.02e-02  2.89e-02  4.01e+01  1.10e+00 -1.00e+05
2016 02 02  0605   57420  21900   5.99e-01  2.25e-01  1.13e-01  5.44e-02  4.37e-02  2.24e-02  3.28e+01  5.56e-01 -1.00e+05
2016 02 02  0610   57420  22200   4.43e-01  2.17e-01  1.01e-01  5.44e-02  4.37e-02  2.24e-02  2.71e+01  3.12e-01 -1.00e+05
2016 02 02  0615   57420  22500   4.13e-01  1.49e-01  1.22e-01  7.83e-02  6.76e-02  4.62e-02  2.66e+01  1.33e-01 -1.00e+05
2016 02 02  0620   57420  22800   7.01e-01  3.96e-01  2.08e-01  6.10e-02  4.52e-02  2.24e-02  2.26e+01  1.33e-01 -1.00e+05
2016 02 02  0625   57420  23100   7.64e-01  2.71e-01  1.30e-01  8.32e-02  7.25e-02  5.12e-02  1.92e+01  2.32e+00 -1.00e+05
2016 02 02  0630   57420  23400   5.35e-01  1.26e-01  9.80e-02  5.44e-02  4.37e-02  2.24e-02  2.00e+01  1.96e+00 -1.00e+05
2016 02 02  0635   57420  23700   4.30e-01  1.90e-01  1.62e-01  1.18e-01  1.08e-01  6.08e-02  2.26e+01  1.33e-01 -1.00e+05
2016 02 02  0640   57420  24000   5.59e-01  2.13e-01  1.85e-01  6.39e-02  4.90e-02  2.64e-02  2.21e+01  1.33e-01 -1.00e+05
2016 02 02  0645   57420  24300   6.11e-01  1.32e-01  1.04e-01  6.10e-02  5.02e-02  2.89e-02  2.74e+01  1.33e-01 -1.00e+05
2016 02 02  0650   57420  24600   4.65e-01  1.59e-01  1.32e-01  8.77e-02  6.59e-02  4.13e-02  3.43e+01  1.33e-01 -1.00e+05
2016 02 02  0655   57420  24900   5.05e-01  1.59e-01  1.32e-01  8.72e-02  5.11e-02  2.24e-02  4.12e+01  1.33e-01 -1.00e+05
2016 02 02  0700   57420  25200   6.07e-01  1.91e-01  1.59e-01  1.14e-01  8.83e-02  3.53e-02  4.47e+01  1.33e-01 -1.00e+05
2016 02 02  0705   57420  25500   6.90e-01  1.68e-01  1.04e-01  5.44e-02  4.37e-02  2.24e-02  5.75e+01  1.08e+00 -1.00e+05
2016 02 02  0710   57420  25800   5.00e-01  2.25e-01  1.13e-01  5.44e-02  4.37e-02  2.24e-02  5.91e+01  1.33e-01 -1.00e+05
2016 02 02  0715   57420  26100   5.23e-01  2.04e-01  1.76e-01  5.44e-02  4.37e-02  2.24e-02  5.94e+01  1.99e-01 -1.00e+05
2016 02 02  0720   57420  26400   4.91e-01  1.80e-01  1.52e-01  1.07e-01  5.55e-02  2.24e-02  6.21e+01  1.33e-01 -1.00e+05
2016 02 02  0725   57420  26700   3.20e-01  1.41e-01  1.13e-01  6.95e-02  5.88e-02  2.72e-02  6.98e+01  1.33e-01 -1.00e+05
2016 02 02  0730   57420  27000   4.10e-01  1.30e-01  1.02e-01  5.85e-02  4.78e-02  2.64e-02  7.44e+01  1.33e-01 -1.00e+05
2016 02 02  0735   57420  27300   4.98e-01  1.62e-01  1.35e-01  9.10e-02  8.03e-02  4.36e-02  7.75e+01  1.33e-01 -1.00e+05
2016 02 02  0740   57420  27600   1.16e+00  5.29e-01  3.17e-01  1.07e-01  5.55e-02  2.24e-02  8.25e+01  1.33e-01 -1.00e+05
2016 02 02  0745   57420  27900   3.94e-01  1.78e-01  1.51e-01  1.07e-01  9.64e-02  3.93e-02  9.08e+01  1.53e+00 -1.00e+05
2016 02 02  0750   57420  28200   6.39e-01  1.26e-01  9.80e-02  5.44e-02  4.37e-02  2.24e-02  9.53e+01  2.39e+00 -1.00e+05
2016 02 02  0755   57420  28500   5.59e-01  1.35e-01  1.07e-01  6.36e-02  4.78e-02  2.32e-02  9.66e+01  1.33e-01 -1.00e+05
2016 02 02  0800   57420  28800   4.98e-01  2.41e-01  1.81e-01  1.31e-01  1.00e-01  7.35e-02  9.25e+01  1.33e-01 -1.00e+05
2016 02 02  0805   57420  29100   6.19e-01  1.54e-01  1.26e-01  5.44e-02  4.37e-02  2.24e-02  1.09e+02  1.52e+00 -1.00e+05
2016 02 02  0810   57420  29400   4.55e-01  1.33e-01  1.05e-01  6.10e-02  4.52e-02  2.24e-02  9.61e+01  1.33e-01 -1.00e+05
2016 02 02  0815   57420  29700   5.42e-01  2.04e-01  1.76e-01  5.44e-02  4.37e-02  2.24e-02  1.07e+02  1.33e-01 -1.00e+05
2016 02 02  0820   57420  30000   4.37e-01  1.26e-01  9.80e-02  5.44e-02  4.37e-02  2.24e-02  1.08e+02  1.72e+00 -1.00e+05
2016 02 02  0825   57420  30300   8.98e-01  3.33e-01  1.60e-01  5.44e-02  4.37e-02  2.24e-02  1.04e+02  1.33e-01 -1.00e+05
2016 02 02  0830   57420  30600   3.62e-01  1.26e-01  9.80e-02  5.44e-02  4.37e-02  2.24e-02  1.10e+02  3.28e+00 -1.00e+05
2016 02 02  0835   57420  30900   4.11e-01  1.67e-01  1.40e-01  9.55e-02  6.95e-02  2.93e-02  1.11e+02  4.19e-01 -1.00e+05
2016 02 02  0840   57420  31200   6.28e-01  2.54e-01  2.26e-01  1.07e-01  7.03e-02  4.13e-02  1.08e+02  1.33e-01 -1.00e+05
2016 02 02  0845   57420  31500   5.05e-01  1.59e-01  1.32e-01  8.82e-02  7.75e-02  5.62e-02  1.16e+02  1.33e-01 -1.00e+05
2016 02 02  0850   57420  31800   4.01e-01  1.59e-01  1.32e-01  8.83e-02  7.76e-02  3.33e-02  1.11e+02  1.33e-01 -1.00e+05
2016 02 02  0855   57420  32100   6.34e-01  2.31e-01  1.15e-01  6.84e-02  5.77e-02  3.63e-02  1.10e+02  1.33e-01 -1.00e+05
2016 02 02  0900   57420  32400   5.94e-01  3.20e-01  2.92e-01  8.72e-02  5.11e-02  2.24e-02  1.10e+02  1.33e-01 -1.00e+05
2016 02 02  0905   57420  32700   4.87e-01  2.03e-01  1.75e-01  1.32e-01  1.18e-01  5.39e-02  1.08e+02  1.33e-01 -1.00e+05
2016 02 02  0910   57420  33000   4.93e-01  2.35e-01  2.08e-01  9.37e-02  8.07e-02  5.86e-02  1.10e+02  1.33e-01 -1.00e+05
2016 02 02  0915   57420  33300   4.18e-01  1.66e-01  1.38e-01  9.38e-02  5.26e-02  2.24e-02  8.99e+01  1.33e-01 -1.00e+05
2016 02 02  0920   57420  33600   5.88e-01  2.74e-01  2.46e-01  7.41e-02  4.82e-02  2.24e-02  8.67e+01  1.63e+00 -1.00e+05
2016 02 02  0925   57420  33900   5.00e-01  2.16e-01  1.88e-01  1.45e-01  1.34e-01  5.14e-02  8.48e+01  4.82e-01 -1.00e+05
2016 02 02  0930   57420  34200   3.95e-01  1.26e-01  9.80e-02  5.44e-02  4.37e-02  2.24e-02  7.58e+01  2.34e+00 -1.00e+05
2016 02 02  0935   57420  34500   2.87e-01  1.52e-01  1.24e-01  8.10e-02  7.03e-02  4.89e-02  6.52e+01  1.33e-01 -1.00e+05
2016 02 02  0940   57420  34800   6.74e-01  3.49e-01  1.96e-01  5.44e-02  4.37e-02  2.24e-02  6.12e+01  1.91e+00 -1.00e+05
2016 02 02  0945   57420  35100   6.00e-01  2.72e-01  2.45e-01  9.01e-02  7.93e-02  3.99e-02  5.76e+01  1.33e-01 -1.00e+05
2016 02 02  0950   57420  35400   7.99e-01  4.30e-01  3.18e-01  9.43e-02  5.01e-02  2.24e-02  5.87e+01  1.33e-01 -1.00e+05
2016 02 02  0955   57420  35700   9.68e-01  3.70e-01  2.21e-01  8.82e-02  7.75e-02  5.62e-02  5.69e+01  4.43e-01 -1.00e+05
2016 02 02  1000   57420  36000   4.27e-01  1.94e-01  1.66e-01  5.44e-02  4.37e-02  2.24e-02  5.47e+01  1.33e-01 -1.00e+05
2016 02 02  1005   57420  36300   5.00e-01  2.73e-01  2.13e-01  9.32e-02  8.24e-02  6.11e-02  5.50e+01  1.11e+00 -1.00e+05
2016 02 02  1010   57420  36600   5.15e-01  1.64e-01  1.37e-01  9.32e-02  8.24e-02  6.11e-02  5.85e+01  1.33e-01 -1.00e+05
2016 02 02  1015   57420  36900   3.89e-01  1.98e-01  1.71e-01  6.33e-02  5.26e-02  2.52e-02  5.53e+01  1.33e-01 -1.00e+05
2016 02 02  1020   57420  37200   4.40e-01  1.68e-01  1.05e-01  5.44e-02  4.37e-02  2.24e-02  6.24e+01  1.33e-01 -1.00e+05
2016 02 02  1025   57420  37500   1.21e+00  6.92e-01  2.80e-01  5.44e-02  4.37e-02  2.24e-02  6.53e+01  1.78e-01 -1.00e+05
2016 02 02  1030   57420  37800   5.72e-01  1.26e-01  9.82e-02  5.44e-02  4.37e-02  2.24e-02  6.99e+01  1.33e-01 -1.00e+05
2016 02 02  1035   57420  38100   4.86e-01  1.69e-01  1.42e-01  9.81e-02  8.74e-02  6.61e-02  7.35e+01  1.33e-01 -1.00e+05
2016 02 02  1040   57420  38400   4.26e-01  2.00e-01  1.72e-01  1.28e-01  8.65e-02  3.33e-02  7.35e+01  1.33e-01 -1.00e+05
2016 02 02  1045   57420  38700   5.02e-01  1.47e-01  1.19e-01  7.58e-02  6.51e-02  2.93e-02  7.82e+01  3.07e-01 -1.00e+05
2016 02 02  1050   57420  39000   4.13e-01  2.04e-01  1.76e-01  5.44e-02  4.37e-02  2.24e-02  7.67e+01  1.57e+00 -1.00e+05
2016 02 02  1055   57420  39300   4.34e-01  1.26e-01  9.80e-02  5.44e-02  4.37e-02  2.24e-02  8.02e+01  1.83e+00 -1.00e+05
2016 02 02  1100   57420  39600   5.59e-01  1.28e-01  1.01e-01  5.70e-02  4.63e-02  2.32e-02  8.20e+01  1.54e+00 -1.00e+05
2016 02 02  1105   57420  39900   4.48e-01  1.98e-01  1.71e-01  6.33e-02  5.26e-02  2.52e-02  8.09e+01  1.13e+00 -1.00e+05
2016 02 02  1110   57420  40200   3.41e-01  1.26e-01  9.80e-02  5.44e-02  4.37e-02  2.24e-02  8.91e+01  2.76e+00 -1.00e+05
2016 02 02  1115   57420  40500   1.94e-01  1.66e-01  1.38e-01  9.38e-02  5.26e-02  2.24e-02  9.29e+01  1.47e+00 -1.00e+05
2016 02 02  1120   57420  40800   3.44e-01  1.85e-01  1.57e-01  5.44e-02  4.37e-02  2.24e-02  9.50e+01  1.33e-01 -1.00e+05
2016 02 02  1125   57420  41100   5.03e-01  1.26e-01  9.80e-02  5.44e-02  4.37e-02  2.24e-02  8.93e+01  2.62e+00 -1.00e+05
2016 02 02  1130   57420  41400   4.61e-01  1.90e-01  1.28e-01  7.76e-02  5.98e-02  3.63e-02  8.86e+01  1.33e-01 -1.00e+05
2016 02 02  1135   57420  41700   6.72e-01  2.66e-01  1.54e-01  9.38e-02  5.26e-02  2.24e-02  8.96e+01  1.33e-01 -1.00e+05
2016 02 02  1140   57420  42000   7.18e-01  2.32e-01  1.22e-01  6.36e-02  4.78e-02  2.32e-02  8.77e+01  1.99e+00 -1.00e+05
2016 02 02  1145   57420  42300   3.53e-01  1.26e-01  9.80e-02  5.44e-02  4.37e-02  2.24e-02  9.02e+01  1.61e+00 -1.00e+05
2016 02 02  1150   57420  42600   6.43e-01  2.97e-01  2.69e-01  8.17e-02  7.10e-02  4.97e-02  8.76e+01  1.33e-01 -1.00e+05
2016 02 02  1155   57420  42900   2.19e-01  1.86e-01  1.59e-01  8.21e-02  7.14e-02  3.13e-02  9.00e+01  1.33e-01 -1.00e+05
2016 02 02  1200   57420  43200   5.02e-01  1.68e-01  1.12e-01  6.33e-02  5.26e-02  2.52e-02  9.08e+01  1.33e-01 -1.00e+05
2016 02 02  1205   57420  43500   7.24e-01  3.56e-01  2.04e-01  6.59e-02  5.52e-02  3.39e-02  9.75e+01  8.32e-01 -1.00e+05
2016 02 02  1210   57420  43800   4.83e-01  1.94e-01  1.67e-01  6.95e-02  5.88e-02  2.72e-02  9.70e+01  1.33e-01 -1.00e+05
2016 02 02  1215   57420  44100   6.12e-01  2.17e-01  1.57e-01  1.08e-01  9.73e-02  7.60e-02  9.66e+01  1.33e-01 -1.00e+05
2016 02 02  1220   57420  44400   4.43e-01  1.54e-01  1.27e-01  8.32e-02  7.25e-02  5.12e-02  1.01e+02  1.33e-01 -1.00e+05
2016 02 02  1225   57420  44700   9.08e-01  3.63e-01  2.27e-01  1.17e-01  1.07e-01  7.90e-02  1.01e+02  1.33e-01 -1.00e+05
2016 02 02  1230   57420  45000   5.05e-01  2.63e-01  1.21e-01  7.41e-02  4.82e-02  2.24e-02  1.01e+02  1.33e-01 -1.00e+05
2016 02 02  1235   57420  45300   6.40e-01  2.04e-01  1.76e-01  5.44e-02  4.37e-02  2.24e-02  1.03e+02  4.31e+00 -1.00e+05
2016 02 02  1240   57420  45600   6.77e-01  3.17e-01  2.06e-01  8.60e-02  6.36e-02  3.88e-02  1.01e+02  1.33e-01 -1.00e+05
2016 02 02  1245   57420  45900   5.79e-01  2.27e-01  1.31e-01  7.58e-02  6.51e-02  2.93e-02  9.87e+01  1.33e-01 -1.00e+05
2016 02 02  1250   57420  46200   3.09e-01  1.26e-01  9.80e-02  5.44e-02  4.37e-02  2.24e-02  1.01e+02  2.77e+00 -1.00e+05
2016 02 02  1255   57420  46500   5.02e-01  1.67e-01  1.40e-01  9.63e-02  8.56e-02  4.20e-02  1.02e+02  1.33e-01 -1.00e+05
2016 02 02  1300   57420  46800   6.46e-01  2.97e-01  2.69e-01  2.23e-01  1.43e-01  5.02e-02  1.03e+02  1.33e-01 -1.00e+05
2016 02 02  1305   57420  47100   8.63e-01  2.64e-01  1.22e-01  7.41e-02  4.82e-02  2.24e-02  1.00e+02  2.09e-01 -1.00e+05
2016 02 02  1310   57420  47400   4.71e-01  1.65e-01  1.38e-01  5.44e-02  4.37e-02  2.24e-02  1.01e+02  1.49e+00 -1.00e+05
2016 02 02  1315   57420  47700   7.79e-01  2.78e-01  1.69e-01  1.10e-01  8.82e-02  6.36e-02  1.07e+02  1.33e-01 -1.00e+05
2016 02 02  1320   57420  48000   3.73e-01  2.17e-01  1.89e-01  7.09e-02  6.02e-02  3.88e-02  1.10e+02  1.33e-01 -1.00e+05
2016 02 02  1325   57420  48300   7.13e-01  1.47e-01  1.19e-01  7.58e-02  6.51e-02  2.93e-02  1.14e+02  1.46e+00 -1.00e+05
2016 02 02  1330   57420  48600   6.23e-01  1.69e-01  1.42e-01  9.81e-02  8.74e-02  6.61e-02  1.18e+02  1.33e-01 -1.00e+05
2016 02 02  1335   57420  48900   6.07e-01  1.49e-01  1.22e-01  7.80e-02  6.73e-02  4.59e-02  1.22e+02  1.33e-01 -1.00e+05
2016 02 02  1340   57420  49200   4.23e-01  1.26e-01  9.80e-02  5.44e-02  4.37e-02  2.24e-02  1.27e+02  1.33e-01 -1.00e+05
2016 02 02  1345   57420  49500   5.79e-01  3.11e-01  2.83e-01  1.53e-01  1.42e-01  6.01e-02  1.34e+02  1.33e-01 -1.00e+05
2016 02 02  1350   57420  49800   1.21e+00  2.39e-01  1.27e-01  6.75e-02  4.67e-02  2.24e-02  1.35e+02  6.96e-01 -1.00e+05
2016 02 02  1355   57420  50100   6.32e-01  2.05e-01  1.77e-01  5.60e-02  4.53e-02  2.40e-02  1.39e+02  1.33e-01 -1.00e+05
2016 02 02  1400   57420  50400   7.27e-01  1.85e-01  1.57e-01  1.13e-01  1.03e-01  4.13e-02  1.46e+02  1.33e-01 -1.00e+05
2016 02 02  1405   57420  50700   6.19e-01  1.26e-01  9.80e-02  5.44e-02  4.37e-02  2.24e-02  1.45e+02  2.48e+00 -1.00e+05
2016 02 02  1410   57420  51000   6.23e-01  1.83e-01  1.55e-01  8.83e-02  7.76e-02  3.33e-02  1.44e+02  1.53e+00 -1.00e+05
2016 02 02  1415   57420  51300   5.16e-01  2.12e-01  1.84e-01  1.41e-01  1.30e-01  5.79e-02  1.46e+02  1.33e-01 -1.00e+05
2016 02 02  1420   57420  51600   6.30e-01  1.26e-01  9.80e-02  5.44e-02  4.37e-02  2.24e-02  1.45e+02  1.52e-01 -1.00e+05
2016 02 02  1425   57420  51900   9.92e-01  3.05e-01  2.15e-01  9.52e-02  7.43e-02  3.13e-02  1.40e+02  1.33e-01 -1.00e+05
2016 02 02  1430   57420  52200   6.11e-01  1.53e-01  1.26e-01  8.21e-02  7.14e-02  3.13e-02  1.47e+02  1.90e+00 -1.00e+05
2016 02 02  1435   57420  52500   1.44e+00  3.28e-01  1.42e-01  9.57e-02  8.50e-02  6.19e-02  1.53e+02  1.33e-01 -1.00e+05
2016 02 02  1440   57420  52800   1.08e+00  2.43e-01  1.01e-01  5.44e-02  4.37e-02  2.24e-02  1.55e+02  1.33e-01 -1.00e+05
2016 02 02  1445   57420  53100   6.84e-01  2.08e-01  1.80e-01  9.81e-02  8.74e-02  6.61e-02  1.65e+02  1.33e-01 -1.00e+05
2016 02 02  1450   57420  53400   8.11e-01  1.57e-01  1.29e-01  8.57e-02  7.50e-02  5.37e-02  1.68e+02  1.33e-01 -1.00e+05
2016 02 02  1455   57420  53700   6.43e-01  1.47e-01  1.19e-01  7.58e-02  6.51e-02  2.93e-02  1.83e+02  4.95e-01 -1.00e+05
2016 02 02  1500   57420  54000   8.40e-01  1.33e-01  1.05e-01  6.10e-02  4.52e-02  2.24e-02  2.45e+02  2.23e-01 -1.00e+05
2016 02 02  1505   57420  54300   1.07e+00  1.26e-01  9.80e-02  5.44e-02  4.37e-02  2.24e-02  2.77e+02  1.33e-01 -1.00e+05
2016 02 02  1510   57420  54600   1.09e+00  1.44e-01  1.17e-01  7.33e-02  6.26e-02  4.13e-02  2.96e+02  1.33e-01 -1.00e+05
2016 02 02  1515   57420  54900   1.74e+00  2.89e-01  1.01e-01  5.44e-02  4.37e-02  2.24e-02  3.16e+02  1.33e-01 -1.00e+05
2016 02 02  1520   57420  55200   1.20e+00  3.04e-01  2.41e-01  1.13e-01  6.40e-02  3.14e-02  3.66e+02  1.33e-01 -1.00e+05
2016 02 02  1525   57420  55500   1.89e+00  2.72e-01  1.34e-01  8.71e-02  7.64e-02  5.07e-02  3.81e+02  8.02e-01 -1.00e+05
2016 02 02  1530   57420  55800   9.83e-01  1.26e-01  9.80e-02  5.44e-02  4.37e-02  2.24e-02  3.87e+02  3.03e+00 -1.00e+05
2016 02 02  1535   57420  56100   7.53e-01  1.70e-01  1.43e-01  9.70e-02  5.00e-02  2.24e-02  3.90e+02  5.99e-01 -1.00e+05
2016 02 02  1540   57420  56400   6.48e-01  1.26e-01  9.80e-02  5.44e-02  4.37e-02  2.24e-02  3.81e+02  1.33e-01 -1.00e+05
2016 02 02  1545   57420  56700   1.22e+00  2.17e-01  1.01e-01  5.44e-02  4.37e-02  2.24e-02  3.68e+02  9.19e-01 -1.00e+05
2016 02 02  1550   57420  57000   9.58e-01  1.49e-01  1.22e-01  7.83e-02  6.76e-02  4.62e-02  3.75e+02  1.33e-01 -1.00e+05
2016 02 02  1555   57420  57300   1.07e+00  2.25e-01  1.13e-01  5.44e-02  4.37e-02  2.24e-02  4.26e+02  3.10e+00 -1.00e+05
2016 02 02  1600   57420  57600   1.07e+00  2.68e-01  2.41e-01  7.58e-02  6.51e-02  2.93e-02  4.55e+02  1.53e-01 -1.00e+05
2016 02 02  1605   57420  57900   1.02e+00  2.26e-01  1.99e-01  1.55e-01  1.33e-01  7.44e-02  4.30e+02  1.33e-01 -1.00e+05
2016 02 02  1610   57420  58200   1.14e+00  2.08e-01  1.80e-01  1.35e-01  8.91e-02  2.33e-02  4.43e+02  1.33e-01 -1.00e+05
2016 02 02  1615   57420  58500   1.55e+00  1.68e-01  1.04e-01  5.44e-02  4.37e-02  2.24e-02  4.53e+02  3.87e-01 -1.00e+05
2016 02 02  1620   57420  58800   1.11e+00  2.07e-01  1.79e-01  1.34e-01  8.80e-02  3.33e-02  4.57e+02  1.33e-01 -1.00e+05
2016 02 02  1625   57420  59100   1.84e+00  1.68e-01  1.04e-01  5.44e-02  4.37e-02  2.24e-02  4.45e+02  7.00e-01 -1.00e+05
2016 02 02  1630   57420  59400   1.97e+00  1.68e-01  1.04e-01  5.44e-02  4.37e-02  2.24e-02  4.32e+02  1.06e+00 -1.00e+05
2016 02 02  1635   57420  59700   1.62e+00  2.47e-01  2.07e-01  1.06e-01  8.86e-02  4.56e-02  4.54e+02  1.33e-01 -1.00e+05
2016 02 02  1640   57420  60000   1.90e+00  1.68e-01  1.04e-01  5.44e-02  4.37e-02  2.24e-02  4.57e+02  1.58e+00 -1.00e+05
2016 02 02  1645   57420  60300   1.60e+00  1.69e-01  1.41e-01  9.57e-02  5.01e-02  2.24e-02  4.47e+02  1.33e-01 -1.00e+05
2016 02 02  1650   57420  60600   1.51e+00  1.41e-01  1.13e-01  6.95e-02  5.88e-02  2.72e-02  4.79e+02  1.33e-01 -1.00e+05
2016 02 02  1655   57420  60900   1.94e+00  1.68e-01  1.04e-01  5.44e-02  4.37e-02  2.24e-02  5.17e+02  2.09e+00 -1.00e+05
2016 02 02  1700   57420  61200   3.22e+00  2.43e-01  1.01e-01  5.44e-02  4.37e-02  2.24e-02  5.52e+02  4.31e-01 -1.00e+05
2016 02 02  1705   57420  61500   1.88e+00  1.32e-01  1.04e-01  6.10e-02  5.02e-02  2.89e-02  5.62e+02  1.33e-01 -1.00e+05
2016 02 02  1710   57420  61800   2.11e+00  2.19e-01  1.92e-01  7.05e-02  5.05e-02  2.64e-02  5.47e+02  1.33e-01 -1.00e+05
2016 02 02  1715   57420  62100   1.92e+00  1.66e-01  1.38e-01  9.28e-02  5.00e-02  2.24e-02  5.26e+02  1.33e-01 -1.00e+05
2016 02 02  1720   57420  62400   2.99e+00  2.18e-01  1.01e-01  5.44e-02  4.37e-02  2.24e-02  5.34e+02  1.32e+00 -1.00e+05
2016 02 02  1725   57420  62700   2.97e+00  2.46e-01  1.83e-01  5.44e-02  4.37e-02  2.24e-02  5.57e+02  1.33e-01 -1.00e+05
2016 02 02  1730   57420  63000   3.11e+00  2.69e-01  1.87e-01  1.03e-01  9.24e-02  4.58e-02  5.69e+02  1.33e-01 -1.00e+05
2016 02 02  1735   57420  63300   2.27e+00  1.69e-01  1.28e-01  8.21e-02  7.14e-02  3.13e-02  5.69e+02  5.02e-01 -1.00e+05
2016 02 02  1740   57420  63600   2.19e+00  2.84e-01  2.56e-01  9.61e-02  6.97e-02  4.38e-02  5.26e+02  1.33e-01 -1.00e+05
2016 02 02  1745   57420  63900   2.43e+00  2.09e-01  1.81e-01  1.36e-01  8.47e-02  5.26e-02  5.32e+02  1.33e-01 -1.00e+05
2016 02 02  1750   57420  64200   2.70e+00  1.51e-01  1.23e-01  7.95e-02  6.84e-02  4.74e-02  5.74e+02  1.33e-01 -1.00e+05
2016 02 02  1755   57420  64500   4.09e+00  2.88e-01  1.77e-01  1.30e-01  1.09e-01  4.24e-02  5.60e+02  4.23e-01 -1.00e+05
2016 02 02  1800   57420  64800   2.45e+00  1.25e-01  9.66e-02  5.31e-02  4.27e-02  2.19e-02  5.70e+02  1.34e+00 -1.00e+05
2016 02 02  1805   57420  65100   2.57e+00  2.63e-01  2.35e-01  1.40e-01  1.30e-01  6.67e-02  5.33e+02  1.33e-01 -1.00e+05
2016 02 02  1810   57420  65400   2.25e+00  1.75e-01  1.46e-01  1.02e-01  7.10e-02  4.43e-02  5.47e+02  8.91e-01 -1.00e+05
2016 02 02  1815   57420  65700   2.97e+00  1.45e-01  1.17e-01  7.33e-02  6.30e-02  4.22e-02  5.76e+02  1.33e-01 -1.00e+05
2016 02 02  1820   57420  66000   4.31e+00  2.15e-01  1.02e-01  5.31e-02  4.28e-02  2.20e-02  5.71e+02  1.00e+00 -1.00e+05
2016 02 02  1825   57420  66300   2.83e+00  1.97e-01  1.68e-01  6.65e-02  5.62e-02  2.63e-02  5.60e+02  1.05e+00 -1.00e+05
2016 02 02  1830   57420  66600   3.04e+00  2.26e-01  1.98e-01  8.03e-02  7.00e-02  4.92e-02  6.19e+02  1.36e+00 -1.00e+05
2016 02 02  1835   57420  66900   3.34e+00  1.66e-01  1.37e-01  9.24e-02  5.16e-02  2.19e-02  6.23e+02  1.33e-01 -1.00e+05
2016 02 02  1840   57420  67200   3.12e+00  3.29e-01  3.01e-01  1.10e-01  9.60e-02  7.40e-02  6.32e+02  1.33e-01 -1.00e+05
2016 02 02  1845   57420  67500   5.67e+00  3.64e-01  1.90e-01  6.02e-02  4.99e-02  2.42e-02  5.96e+02  1.50e+00 -1.00e+05
2016 02 02  1850   57420  67800   5.78e+00  4.47e-01  2.12e-01  8.61e-02  7.51e-02  5.41e-02  5.66e+02  1.33e-01 -1.00e+05
2016 02 02  1855   57420  68100   3.27e+00  1.62e-01  1.34e-01  9.02e-02  7.99e-02  5.91e-02  5.52e+02  1.33e-01 -1.00e+05
2016 02 02  1900   57420  68400   2.75e+00  1.57e-01  1.29e-01  8.53e-02  7.50e-02  3.23e-02  5.53e+02  2.59e-01 -1.00e+05
2016 02 02  1905   57420  68700   2.94e+00  2.97e-01  2.68e-01  1.18e-01  8.24e-02  3.23e-02  5.50e+02  1.33e-01 -1.00e+05
2016 02 02  1910   57420  69000   2.74e+00  1.27e-01  9.86e-02  5.31e-02  4.27e-02  2.19e-02  5.53e+02  2.66e+00 -1.00e+05
2016 02 02  1915   57420  69300   2.93e+00  1.76e-01  1.48e-01  1.04e-01  9.38e-02  3.83e-02  5.51e+02  1.33e-01 -1.00e+05
2016 02 02  1920   57420  69600   2.94e+00  2.59e-01  2.31e-01  1.06e-01  5.46e-02  2.19e-02  5.51e+02  1.70e+00 -1.00e+05
2016 02 02  1925   57420  69900   2.94e+00  1.32e-01  1.04e-01  6.05e-02  5.02e-02  2.94e-02  5.39e+02  1.59e+00 -1.00e+05
2016 02 02  1930   57420  70200   4.51e+00  4.57e-01  2.54e-01  5.97e-02  4.42e-02  2.19e-02  5.25e+02  1.33e-01 -1.00e+05
2016 02 02  1935   57420  70500   2.80e+00  1.32e-01  1.04e-01  6.02e-02  4.99e-02  2.42e-02  5.53e+02  2.65e+00 -1.00e+05
2016 02 02  1940   57420  70800   3.30e+00  2.95e-01  2.67e-01  1.32e-01  1.22e-01  7.92e-02  5.42e+02  1.33e-01 -1.00e+05
2016 02 02  1945   57420  71100   3.31e+00  1.56e-01  1.28e-01  8.35e-02  6.11e-02  3.68e-02  5.42e+02  1.33e-01 -1.00e+05
2016 02 02  1950   57420  71400   6.77e+00  6.85e-01  3.27e-01  9.84e-02  6.64e-02  3.93e-02  5.80e+02  1.33e-01 -1.00e+05
2016 02 02  1955   57420  71700   4.60e+00  2.76e-01  1.68e-01  1.10e-01  1.00e-01  4.03e-02  5.61e+02  1.33e-01 -1.00e+05
2016 02 02  2000   57420  72000   3.13e+00  1.89e-01  1.61e-01  7.99e-02  6.96e-02  4.88e-02  5.28e+02  1.33e-01 -1.00e+05
2016 02 02  2005   57420  72300   5.01e+00  2.95e-01  1.90e-01  5.31e-02  4.28e-02  2.19e-02  5.49e+02  2.21e+00 -1.00e+05
2016 02 02  2010   57420  72600   3.50e+00  1.38e-01  1.10e-01  6.65e-02  5.62e-02  2.63e-02  5.68e+02  1.33e-01 -1.00e+05
2016 02 02  2015   57420  72900   3.60e+00  2.15e-01  1.86e-01  5.31e-02  4.27e-02  2.19e-02  5.63e+02  4.98e-01 -1.00e+05
2016 02 02  2020   57420  73200   3.71e+00  1.90e-01  1.62e-01  1.17e-01  8.41e-02  5.66e-02  5.80e+02  1.33e-01 -1.00e+05
2016 02 02  2025   57420  73500   5.14e+00  2.18e-01  1.65e-01  1.17e-01  1.06e-01  4.24e-02  6.17e+02  1.33e-01 -1.00e+05
2016 02 02  2030   57420  73800   4.09e+00  2.43e-01  2.14e-01  1.00e-01  7.08e-02  4.45e-02  6.22e+02  1.33e-01 -1.00e+05
2016 02 02  2035   57420  74100   3.32e+00  1.32e-01  1.03e-01  5.97e-02  4.42e-02  2.19e-02  5.71e+02  1.86e-01 -1.00e+05
2016 02 02  2040   57420  74400   3.62e+00  1.39e-01  1.10e-01  6.62e-02  4.57e-02  2.19e-02  5.57e+02  1.33e-01 -1.00e+05
2016 02 02  2045   57420  74700   3.63e+00  2.17e-01  1.88e-01  8.78e-02  7.74e-02  5.66e-02  5.98e+02  2.18e+00 -1.00e+05
2016 02 02  2050   57420  75000   3.61e+00  2.06e-01  1.78e-01  6.79e-02  5.76e-02  3.68e-02  5.77e+02  1.73e+00 -1.00e+05
2016 02 02  2055   57420  75300   5.00e+00  2.42e-01  1.37e-01  5.31e-02  4.27e-02  2.19e-02  5.66e+02  1.75e+00 -1.00e+05
2016 02 02  2100   57420  75600   4.24e+00  1.90e-01  1.37e-01  8.88e-02  7.85e-02  2.29e-02  5.87e+02  6.10e-01 -1.00e+05
2016 02 02  2105   57420  75900   3.71e+00  2.03e-01  1.75e-01  1.31e-01  1.21e-01  5.37e-02  6.19e+02  1.33e-01 -1.00e+05
2016 02 02  2110   57420  76200   3.66e+00  3.12e-01  2.83e-01  1.01e-01  5.54e-02  2.44e-02  6.08e+02  1.33e-01 -1.00e+05
2016 02 02  2115   57420  76500   3.51e+00  1.78e-01  1.50e-01  1.06e-01  6.98e-02  2.83e-02  7.32e+02  1.33e-01 -1.00e+05
2016 02 02  2120   57420  76800   5.36e+00  3.26e-01  2.00e-01  1.16e-01  1.06e-01  6.42e-02  8.30e+02  1.33e-01 -1.00e+05
2016 02 02  2125   57420  77100   3.42e+00  2.17e-01  1.89e-01  1.45e-01  1.35e-01  6.51e-02  8.39e+02  1.33e-01 -1.00e+05
2016 02 02  2130   57420  77400   4.82e+00  2.61e-01  1.49e-01  1.01e-01  6.13e-02  3.43e-02  9.14e+02  1.33e-01 -1.00e+05
2016 02 02  2135   57420  77700   3.01e+00  1.94e-01  1.65e-01  1.20e-01  8.10e-02  5.17e-02  9.64e+02  1.04e+00 -1.00e+05
2016 02 02  2140   57420  78000   3.98e+00  5.08e-01  4.11e-01  2.30e-01  1.41e-01  4.44e-02  9.32e+02  1.33e-01 -1.00e+05
2016 02 02  2145   57420  78300   3.52e+00  3.74e-01  2.31e-01  1.00e-01  8.98e-02  6.90e-02  8.67e+02  1.76e+00 -1.00e+05
2016 02 02  2150   57420  78600   2.40e+00  1.89e-01  1.60e-01  1.17e-01  1.06e-01  4.24e-02  8.82e+02  1.33e-01 -1.00e+05
2016 02 02  2155   57420  78900   3.02e+00  2.53e-01  2.24e-01  7.93e-02  4.87e-02  2.19e-02  9.90e+02  1.17e+00 -1.00e+05
2016 02 02  2200   57420  79200   2.48e+00  2.48e-01  1.95e-01  1.00e-01  8.98e-02  6.90e-02  8.72e+02  9.10e-01 -1.00e+05
2016 02 02  2205   57420  79500   2.23e+00  4.13e-01  3.85e-01  2.58e-01  1.71e-01  5.24e-02  7.83e+02  1.33e-01 -1.00e+05
2016 02 02  2210   57420  79800   1.55e+00  1.83e-01  1.54e-01  1.09e-01  5.92e-02  2.69e-02  7.11e+02  1.33e-01 -1.00e+05
2016 02 02  2215   57420  80100   1.44e+00  1.77e-01  1.49e-01  1.05e-01  9.48e-02  7.40e-02  7.16e+02  1.33e-01 -1.00e+05
2016 02 02  2220   57420  80400   1.79e+00  3.21e-01  2.66e-01  8.59e-02  5.01e-02  2.19e-02  7.01e+02  7.94e-01 -1.00e+05
2016 02 02  2225   57420  80700   1.86e+00  2.68e-01  2.16e-01  1.01e-01  9.06e-02  6.98e-02  6.84e+02  1.33e-01 -1.00e+05
2016 02 02  2230   57420  81000   1.57e+00  2.14e-01  1.10e-01  5.31e-02  4.27e-02  2.19e-02  6.58e+02  6.24e-01 -1.00e+05
2016 02 02  2235   57420  81300   1.51e+00  2.31e-01  1.21e-01  7.41e-02  6.38e-02  4.30e-02  6.46e+02  1.33e-01 -1.00e+05
2016 02 02  2240   57420  81600   9.24e-01  1.25e-01  9.67e-02  5.31e-02  4.28e-02  2.20e-02  6.31e+02  1.69e+00 -1.00e+05
2016 02 02  2245   57420  81900   1.33e+00  3.04e-01  2.17e-01  1.62e-01  1.31e-01  4.84e-02  6.10e+02  1.33e-01 -1.00e+05
2016 02 02  2250   57420  82200   1.66e+00  3.50e-01  1.84e-01  6.65e-02  5.62e-02  2.63e-02  6.03e+02  1.33e-01 -1.00e+05
2016 02 02  2255   57420  82500   1.24e+00  1.47e-01  1.19e-01  7.28e-02  4.72e-02  2.19e-02  6.21e+02  4.22e-01 -1.00e+05
2016 02 02  2300   57420  82800   1.02e+00  2.09e-01  1.81e-01  5.80e-02  4.77e-02  2.69e-02  6.43e+02  2.39e+00 -1.00e+05
2016 02 02  2305   57420  83100   1.27e+00  1.45e-01  1.17e-01  7.28e-02  4.72e-02  2.19e-02  6.52e+02  8.24e-01 -1.00e+05
2016 02 02  2310   57420  83400   1.28e+00  1.67e-01  1.39e-01  9.52e-02  8.49e-02  6.41e-02  6.77e+02  1.33e-01 -1.00e+05
2016 02 02  2315   57420  83700   1.57e+00  1.78e-01  1.24e-01  7.54e-02  6.51e-02  4.43e-02  6.58e+02  5.18e-01 -1.00e+05
2016 02 02  2320   57420  84000   1.45e+00  1.64e-01  1.14e-01  6.68e-02  5.14e-02  2.42e-02  6.33e+02  4.05e+00 -1.00e+05
2016 02 02  2325   57420  84300   1.56e+00  2.46e-01  2.18e-01  1.01e-01  8.43e-02  6.16e-02  6.28e+02  1.33e-01 -1.00e+05
2016 02 02  2330   57420  84600   1.43e+00  2.66e-01  2.38e-01  1.92e-01  1.23e-01  4.77e-02  6.05e+02  1.33e-01 -1.00e+05
2016 02 02  2335   57420  84900   1.20e+00  3.06e-01  2.78e-01  2.32e-01  1.23e-01  2.63e-02  6.26e+02  1.33e-01 -1.00e+05
2016 02 02  2340   57420  85200   1.74e+00  4.24e-01  3.96e-01  1.50e-01  1.04e-01  7.71e-02  6.07e+02  1.33e-01 -1.00e+05
2016 02 02  2345   57420  85500   1.39e+00  1.72e-01  1.44e-01  9.90e-02  5.31e-02  2.19e-02  5.98e+02  4.71e-01 -1.00e+05
2016 02 02  2350   57420  85800   9.93e-01  1.65e-01  1.36e-01  9.10e-02  4.90e-02  2.19e-02  5.48e+02  9.13e-01 -1.00e+05
2016 02 02  2355   57420  86100   9.03e-01  1.68e-01  1.40e-01  9.34e-02  5.15e-02  2.44e-02  5.52e+02  1.33e-01 -1.00e+05
