:Data_list: 20160915_Gs_part_5m.txt
:Created: 2016 Sep 16 0011 UTC
# Prepared by the U.S. Dept. of Commerce, NOAA, Space Weather Prediction Center
# Please send comments and suggestions to SWPC.Webmaster@noaa.gov 
# 
# Label: P > 1 = Particles at >1 Mev
# Label: P > 5 = Particles at >5 Mev
# Label: P >10 = Particles at >10 Mev
# Label: P >30 = Particles at >30 Mev
# Label: P >50 = Particles at >50 Mev
# Label: P>100 = Particles at >100 Mev
# Label: E>0.8 = Electrons at >0.8 Mev
# Label: E>2.0 = Electrons at >2.0 Mev
# Label: E>4.0 = Electrons at >4.0 Mev
# Units: Particles = Protons/cm2-s-sr
# Units: Electrons = Electrons/cm2-s-sr
# Source: GOES-15
# Location: W135
# Missing data: -1.00e+05
#
#                      5-minute  GOES-15 Solar Particle and Electron Flux
#
#                 Modified Seconds
# UTC Date  Time   Julian  of the
# YR MO DA  HHMM    Day     Day     P > 1     P > 5     P >10     P >30     P >50     P>100     E>0.8     E>2.0     E>4.0
#-------------------------------------------------------------------------------------------------------------------------
2016 09 15  0000   57646      0   4.12e+00  2.57e-01  2.23e-01  8.21e-02  5.21e-02  2.36e-02  3.54e+03  2.41e+02 -1.00e+05
2016 09 15  0005   57646    300   6.66e+00  5.68e-01  3.20e-01  9.52e-02  5.51e-02  2.36e-02  3.16e+03  2.19e+02 -1.00e+05
2016 09 15  0010   57646    600   3.34e+00  1.44e-01  1.09e-01  5.73e-02  4.66e-02  2.36e-02  2.95e+03  2.04e+02 -1.00e+05
2016 09 15  0015   57646    900   3.70e+00  2.60e-01  1.80e-01  1.19e-01  1.09e-01  4.35e-02  2.67e+03  1.72e+02 -1.00e+05
2016 09 15  0020   57646   1200   5.20e+00  3.40e-01  1.25e-01  5.73e-02  4.66e-02  2.36e-02  2.60e+03  1.68e+02 -1.00e+05
2016 09 15  0025   57646   1500   1.98e+00  1.50e-01  1.15e-01  6.31e-02  5.23e-02  2.54e-02  2.39e+03  1.72e+02 -1.00e+05
2016 09 15  0030   57646   1800   1.54e+00  2.10e-01  1.75e-01  1.22e-01  7.54e-02  4.21e-02  2.34e+03  1.61e+02 -1.00e+05
2016 09 15  0035   57646   2100   1.74e+00  1.99e-01  1.64e-01  1.12e-01  9.04e-02  6.44e-02  2.08e+03  1.38e+02 -1.00e+05
2016 09 15  0040   57646   2400   1.49e+00  2.09e-01  1.28e-01  5.73e-02  4.66e-02  2.36e-02  1.74e+03  9.17e+01 -1.00e+05
2016 09 15  0045   57646   2700   9.18e-01  1.44e-01  1.09e-01  5.73e-02  4.66e-02  2.36e-02  1.42e+03  5.62e+01 -1.00e+05
2016 09 15  0050   57646   3000   1.00e+00  2.11e-01  1.77e-01  1.23e-01  7.77e-02  4.46e-02  1.25e+03  4.53e+01 -1.00e+05
2016 09 15  0055   57646   3300   9.11e-01  2.63e-01  2.02e-01  1.45e-01  1.34e-01  5.25e-02  1.17e+03  3.60e+01 -1.00e+05
2016 09 15  0100   57646   3600   9.40e-01  1.69e-01  1.35e-01  8.21e-02  5.21e-02  2.36e-02  1.22e+03  4.03e+01 -1.00e+05
2016 09 15  0105   57646   3900   9.05e-01  1.78e-01  1.43e-01  9.10e-02  7.73e-02  5.25e-02  1.29e+03  3.56e+01 -1.00e+05
2016 09 15  0110   57646   4200   9.46e-01  2.52e-01  2.17e-01  8.06e-02  6.42e-02  3.97e-02  1.20e+03  3.97e+01 -1.00e+05
2016 09 15  0115   57646   4500   1.07e+00  2.30e-01  1.96e-01  8.08e-02  7.01e-02  4.71e-02  1.02e+03  3.31e+01 -1.00e+05
2016 09 15  0120   57646   4800   8.90e-01  3.57e-01  3.22e-01  1.07e-01  7.01e-02  3.97e-02  7.94e+02  1.86e+01 -1.00e+05
2016 09 15  0125   57646   5100   1.31e+00  2.70e-01  1.13e-01  5.73e-02  4.66e-02  2.36e-02  7.20e+02  1.62e+01 -1.00e+05
2016 09 15  0130   57646   5400   7.82e-01  1.83e-01  1.48e-01  6.10e-02  5.02e-02  2.73e-02  9.36e+02  2.82e+01 -1.00e+05
2016 09 15  0135   57646   5700   1.26e+00  4.04e-01  2.34e-01  7.84e-02  6.76e-02  4.46e-02  1.03e+03  2.82e+01 -1.00e+05
2016 09 15  0140   57646   6000   7.10e-01  1.44e-01  1.09e-01  5.73e-02  4.66e-02  2.36e-02  9.09e+02  2.21e+01 -1.00e+05
2016 09 15  0145   57646   6300   1.49e+00  5.90e-01  3.25e-01  7.34e-02  6.26e-02  3.97e-02  8.87e+02  2.26e+01 -1.00e+05
2016 09 15  0150   57646   6600   6.71e-01  1.83e-01  1.48e-01  9.52e-02  5.51e-02  2.36e-02  7.09e+02  1.74e+01 -1.00e+05
2016 09 15  0155   57646   6900   7.21e-01  2.48e-01  2.13e-01  1.41e-01  1.30e-01  8.33e-02  6.92e+02  1.14e+01 -1.00e+05
2016 09 15  0200   57646   7200   5.96e-01  1.86e-01  1.52e-01  9.82e-02  5.37e-02  2.36e-02  6.48e+02  1.13e+01 -1.00e+05
2016 09 15  0205   57646   7500   6.99e-01  1.76e-01  1.41e-01  8.93e-02  7.85e-02  3.80e-02  5.55e+02  1.43e+01 -1.00e+05
2016 09 15  0210   57646   7800   5.98e-01  2.43e-01  2.08e-01  8.75e-02  6.26e-02  2.74e-02  5.60e+02  9.09e+00 -1.00e+05
2016 09 15  0215   57646   8100   4.47e-01  1.44e-01  1.09e-01  5.73e-02  4.66e-02  2.36e-02  5.70e+02  1.36e+01 -1.00e+05
2016 09 15  0220   57646   8400   9.89e-01  3.16e-01  1.50e-01  8.21e-02  5.21e-02  2.36e-02  5.63e+02  1.38e+01 -1.00e+05
2016 09 15  0225   57646   8700   6.81e-01  1.56e-01  1.21e-01  6.90e-02  4.92e-02  2.36e-02  4.41e+02  1.09e+01 -1.00e+05
2016 09 15  0230   57646   9000   1.13e+00  2.44e-01  1.13e-01  5.73e-02  4.66e-02  2.36e-02  3.92e+02  9.08e+00 -1.00e+05
2016 09 15  0235   57646   9300   6.79e-01  1.93e-01  1.59e-01  1.06e-01  8.34e-02  5.70e-02  4.26e+02  6.55e+00 -1.00e+05
2016 09 15  0240   57646   9600   4.44e-01  1.44e-01  1.09e-01  5.73e-02  4.66e-02  2.36e-02  3.15e+02  6.91e+00 -1.00e+05
2016 09 15  0245   57646   9900   6.42e-01  1.75e-01  1.40e-01  8.81e-02  7.73e-02  3.35e-02  2.64e+02  5.65e+00 -1.00e+05
2016 09 15  0250   57646  10200   2.61e-01  1.54e-01  1.19e-01  5.73e-02  4.66e-02  2.36e-02  2.92e+02  1.03e+01 -1.00e+05
2016 09 15  0255   57646  10500   5.84e-01  2.70e-01  2.36e-01  1.82e-01  1.42e-01  5.16e-02  4.19e+02  1.07e+01 -1.00e+05
2016 09 15  0300   57646  10800   4.52e-01  2.15e-01  1.81e-01  5.73e-02  4.66e-02  2.36e-02  4.64e+02  1.43e+01 -1.00e+05
2016 09 15  0305   57646  11100   9.04e-01  3.21e-01  1.92e-01  1.21e-01  6.76e-02  3.22e-02  4.59e+02  1.34e+01 -1.00e+05
2016 09 15  0310   57646  11400   7.15e-01  1.99e-01  1.18e-01  5.73e-02  4.66e-02  2.36e-02  5.53e+02  2.02e+01 -1.00e+05
2016 09 15  0315   57646  11700   4.62e-01  1.54e-01  1.19e-01  5.73e-02  4.66e-02  2.36e-02  6.00e+02  2.27e+01 -1.00e+05
2016 09 15  0320   57646  12000   1.27e+00  3.71e-01  2.00e-01  1.45e-01  1.34e-01  5.16e-02  6.19e+02  2.02e+01 -1.00e+05
2016 09 15  0325   57646  12300   5.16e-01  1.69e-01  1.35e-01  8.58e-02  7.51e-02  3.29e-02  6.75e+02  1.92e+01 -1.00e+05
2016 09 15  0330   57646  12600   1.05e+00  3.28e-01  1.89e-01  9.28e-02  8.20e-02  5.92e-02  5.56e+02  1.22e+01 -1.00e+05
2016 09 15  0335   57646  12900   3.27e-01  1.94e-01  1.60e-01  1.11e-01  1.00e-01  4.09e-02  6.25e+02  1.72e+01 -1.00e+05
2016 09 15  0340   57646  13200   5.69e-01  2.23e-01  1.89e-01  8.58e-02  7.51e-02  3.29e-02  6.85e+02  1.85e+01 -1.00e+05
2016 09 15  0345   57646  13500   6.59e-01  2.49e-01  2.15e-01  5.73e-02  4.65e-02  2.37e-02  6.23e+02  1.49e+01 -1.00e+05
2016 09 15  0350   57646  13800   4.74e-01  1.53e-01  1.09e-01  5.73e-02  4.65e-02  2.37e-02  6.50e+02  1.80e+01 -1.00e+05
2016 09 15  0355   57646  14100   5.81e-01  2.46e-01  2.12e-01  7.55e-02  5.06e-02  2.37e-02  5.71e+02  1.22e+01 -1.00e+05
2016 09 15  0400   57646  14400   5.81e-01  3.15e-01  2.82e-01  1.00e-01  8.96e-02  4.48e-02  5.61e+02  1.02e+01 -1.00e+05
2016 09 15  0405   57646  14700   5.55e-01  1.40e-01  1.07e-01  5.73e-02  4.65e-02  2.37e-02  5.28e+02  9.70e+00 -1.00e+05
2016 09 15  0410   57646  15000   6.14e-01  3.65e-01  3.32e-01  1.61e-01  1.31e-01  4.90e-02  5.58e+02  7.74e+00 -1.00e+05
2016 09 15  0415   57646  15300   7.51e-01  4.85e-01  4.51e-01  1.57e-01  1.07e-01  2.45e-02  4.96e+02  3.63e+00 -1.00e+05
2016 09 15  0420   57646  15600   8.66e-01  4.19e-01  1.62e-01  7.90e-02  5.41e-02  2.48e-02  5.28e+02  9.70e+00 -1.00e+05
2016 09 15  0425   57646  15900   4.27e-01  2.49e-01  2.15e-01  5.73e-02  4.65e-02  2.37e-02  5.24e+02  1.21e+01 -1.00e+05
2016 09 15  0430   57646  16200   3.74e-01  1.97e-01  1.63e-01  8.21e-02  5.21e-02  2.37e-02  5.21e+02  8.68e+00 -1.00e+05
2016 09 15  0435   57646  16500   4.28e-01  3.08e-01  1.84e-01  1.17e-01  7.73e-02  3.09e-02  4.15e+02  9.45e+00 -1.00e+05
2016 09 15  0440   57646  16800   5.87e-01  2.15e-01  1.23e-01  6.24e-02  4.77e-02  2.37e-02  3.29e+02  9.70e+00 -1.00e+05
2016 09 15  0445   57646  17100   5.93e-01  2.13e-01  1.79e-01  1.30e-01  1.19e-01  6.94e-02  3.82e+02  3.50e+00 -1.00e+05
2016 09 15  0450   57646  17400   6.56e-01  2.95e-01  1.10e-01  5.73e-02  4.65e-02  2.37e-02  3.50e+02  1.01e+01 -1.00e+05
2016 09 15  0455   57646  17700   4.52e-01  1.91e-01  1.58e-01  8.29e-02  7.21e-02  4.93e-02  3.11e+02  5.65e+00 -1.00e+05
2016 09 15  0500   57646  18000   3.77e-01  1.88e-01  1.55e-01  1.05e-01  9.44e-02  7.16e-02  2.84e+02  6.13e+00 -1.00e+05
2016 09 15  0505   57646  18300   3.32e-01  1.40e-01  1.07e-01  5.73e-02  4.65e-02  2.37e-02  3.51e+02  7.05e+00 -1.00e+05
2016 09 15  0510   57646  18600   5.15e-01  1.69e-01  1.35e-01  8.54e-02  7.46e-02  5.18e-02  4.24e+02  1.17e+01 -1.00e+05
2016 09 15  0515   57646  18900   1.71e-01  1.41e-01  1.08e-01  5.81e-02  4.73e-02  2.45e-02  4.09e+02  1.20e+01 -1.00e+05
2016 09 15  0520   57646  19200   8.28e-01  3.97e-01  1.47e-01  9.53e-02  8.45e-02  6.17e-02  3.95e+02  8.43e+00 -1.00e+05
2016 09 15  0525   57646  19500   5.92e-01  2.03e-01  1.69e-01  1.18e-01  6.77e-02  2.68e-02  3.52e+02  7.68e+00 -1.00e+05
2016 09 15  0530   57646  19800   2.57e-01  2.27e-01  1.94e-01  1.43e-01  9.76e-02  3.69e-02  4.32e+02  1.25e+01 -1.00e+05
2016 09 15  0535   57646  20100   3.40e-01  1.77e-01  1.44e-01  6.55e-02  5.48e-02  3.20e-02  5.08e+02  1.81e+01 -1.00e+05
2016 09 15  0540   57646  20400   5.94e-01  1.72e-01  1.38e-01  8.88e-02  7.80e-02  4.45e-02  5.25e+02  1.09e+01 -1.00e+05
2016 09 15  0545   57646  20700   5.08e-01  2.23e-01  1.89e-01  8.58e-02  7.51e-02  3.29e-02  5.49e+02  1.16e+01 -1.00e+05
2016 09 15  0550   57646  21000   5.61e-01  2.58e-01  2.24e-01  1.75e-01  1.64e-01  6.53e-02  5.90e+02  9.89e+00 -1.00e+05
2016 09 15  0555   57646  21300   3.52e-01  2.23e-01  1.90e-01  8.77e-02  7.69e-02  2.44e-02  6.37e+02  7.83e+00 -1.00e+05
2016 09 15  0600   57646  21600   4.77e-01  1.71e-01  1.37e-01  5.73e-02  4.65e-02  2.37e-02  5.94e+02  1.20e+01 -1.00e+05
2016 09 15  0605   57646  21900   5.01e-01  2.35e-01  1.45e-01  6.08e-02  5.00e-02  2.48e-02  6.16e+02  1.02e+01 -1.00e+05
2016 09 15  0610   57646  22200   7.91e-01  3.47e-01  2.00e-01  1.29e-01  1.04e-01  4.09e-02  6.42e+02  7.71e+00 -1.00e+05
2016 09 15  0615   57646  22500   4.85e-01  1.94e-01  1.61e-01  8.40e-02  7.32e-02  4.80e-02  6.92e+02  9.63e+00 -1.00e+05
2016 09 15  0620   57646  22800   4.35e-01  2.00e-01  1.67e-01  1.17e-01  1.06e-01  4.30e-02  7.48e+02  1.15e+01 -1.00e+05
2016 09 15  0625   57646  23100   7.38e-01  3.24e-01  1.57e-01  1.05e-01  9.39e-02  3.89e-02  7.79e+02  1.33e+01 -1.00e+05
2016 09 15  0630   57646  23400   7.13e-01  3.81e-01  1.09e-01  5.73e-02  4.65e-02  2.37e-02  7.91e+02  1.79e+01 -1.00e+05
2016 09 15  0635   57646  23700   5.07e-01  2.22e-01  1.78e-01  6.90e-02  4.92e-02  2.37e-02  7.28e+02  1.30e+01 -1.00e+05
2016 09 15  0640   57646  24000   3.84e-01  1.58e-01  1.14e-01  6.31e-02  5.23e-02  2.95e-02  6.25e+02  1.20e+01 -1.00e+05
2016 09 15  0645   57646  24300   3.68e-01  2.71e-01  1.29e-01  6.06e-02  4.98e-02  2.70e-02  6.44e+02  1.16e+01 -1.00e+05
2016 09 15  0650   57646  24600   5.39e-01  2.64e-01  2.20e-01  6.06e-02  4.98e-02  2.70e-02  5.99e+02  1.53e+01 -1.00e+05
2016 09 15  0655   57646  24900   4.13e-01  1.92e-01  1.58e-01  1.09e-01  9.78e-02  5.42e-02  5.16e+02  9.64e+00 -1.00e+05
2016 09 15  0700   57646  25200   5.40e-01  1.75e-01  1.42e-01  9.21e-02  8.13e-02  3.49e-02  5.32e+02  1.16e+01 -1.00e+05
2016 09 15  0705   57646  25500   5.60e-01  3.09e-01  2.76e-01  8.58e-02  7.51e-02  3.29e-02  5.87e+02  1.30e+01 -1.00e+05
2016 09 15  0710   57646  25800   4.35e-01  2.15e-01  1.81e-01  1.32e-01  1.21e-01  5.49e-02  5.28e+02  7.26e+00 -1.00e+05
2016 09 15  0715   57646  26100   4.06e-01  2.25e-01  1.92e-01  1.42e-01  1.31e-01  5.10e-02  5.31e+02  1.24e+01 -1.00e+05
2016 09 15  0720   57646  26400   2.61e-01  1.59e-01  1.25e-01  7.55e-02  6.47e-02  4.19e-02  5.87e+02  7.45e+00 -1.00e+05
2016 09 15  0725   57646  26700   2.82e-01  1.53e-01  1.09e-01  5.73e-02  4.65e-02  2.37e-02  5.67e+02  5.97e+00 -1.00e+05
2016 09 15  0730   57646  27000   3.82e-01  2.36e-01  1.97e-01  9.80e-02  8.72e-02  6.44e-02  5.31e+02  3.31e-01 -1.00e+05
2016 09 15  0735   57646  27300   3.91e-01  2.89e-01  1.75e-01  1.10e-01  8.55e-02  3.55e-02  5.17e+02  5.92e+00 -1.00e+05
2016 09 15  0740   57646  27600   8.59e-01  5.17e-01  2.35e-01  1.80e-01  9.98e-02  3.92e-02  4.59e+02  4.25e+00 -1.00e+05
2016 09 15  0745   57646  27900   3.57e-01  1.50e-01  1.17e-01  6.70e-02  5.63e-02  2.68e-02  4.57e+02  9.99e+00 -1.00e+05
2016 09 15  0750   57646  28200   4.59e-01  1.70e-01  1.36e-01  8.69e-02  7.62e-02  3.71e-02  4.21e+02  8.91e+00 -1.00e+05
2016 09 15  0755   57646  28500   2.64e-01  1.90e-01  1.57e-01  6.59e-02  5.11e-02  2.48e-02  4.03e+02  9.69e+00 -1.00e+05
2016 09 15  0800   57646  28800   4.81e-01  4.26e-01  3.52e-01  1.80e-01  1.40e-01  5.10e-02  3.55e+02  6.30e+00 -1.00e+05
2016 09 15  0805   57646  29100   3.88e-01  1.93e-01  1.59e-01  1.08e-01  5.80e-02  2.37e-02  3.91e+02  8.02e+00 -1.00e+05
2016 09 15  0810   57646  29400   2.66e-01  2.18e-01  1.63e-01  1.10e-01  9.50e-02  3.89e-02  4.40e+02  3.54e+00 -1.00e+05
2016 09 15  0815   57646  29700   2.81e-01  1.40e-01  1.07e-01  5.73e-02  4.65e-02  2.37e-02  4.11e+02  7.88e+00 -1.00e+05
2016 09 15  0820   57646  30000   3.87e-01  1.92e-01  1.53e-01  1.03e-01  9.21e-02  6.93e-02  3.11e+02  3.85e+00 -1.00e+05
2016 09 15  0825   57646  30300   3.18e-01  1.40e-01  1.07e-01  5.73e-02  4.65e-02  2.37e-02  3.07e+02  8.59e+00 -1.00e+05
2016 09 15  0830   57646  30600   4.02e-01  1.97e-01  1.63e-01  1.11e-01  6.18e-02  3.20e-02  3.77e+02  4.72e+00 -1.00e+05
2016 09 15  0835   57646  30900   4.79e-01  1.90e-01  1.57e-01  5.73e-02  4.65e-02  2.37e-02  3.49e+02  8.01e+00 -1.00e+05
2016 09 15  0840   57646  31200   3.46e-01  1.40e-01  1.07e-01  5.73e-02  4.65e-02  2.37e-02  3.25e+02  8.48e+00 -1.00e+05
2016 09 15  0845   57646  31500   9.79e-01  3.39e-01  1.10e-01  5.73e-02  4.65e-02  2.37e-02  2.57e+02  7.75e+00 -1.00e+05
2016 09 15  0850   57646  31800   2.70e-01  1.99e-01  1.66e-01  5.73e-02  4.65e-02  2.37e-02  2.86e+02  5.17e+00 -1.00e+05
2016 09 15  0855   57646  32100   4.16e-01  1.97e-01  1.53e-01  9.95e-02  5.36e-02  2.37e-02  2.58e+02  2.78e+00 -1.00e+05
2016 09 15  0900   57646  32400   3.31e-01  1.53e-01  1.09e-01  5.73e-02  4.65e-02  2.37e-02  1.38e+02  4.70e+00 -1.00e+05
2016 09 15  0905   57646  32700   3.25e-01  2.13e-01  1.79e-01  1.28e-01  7.65e-02  4.19e-02  1.05e+02  2.49e-01 -1.00e+05
2016 09 15  0910   57646  33000   5.35e-01  1.52e-01  1.19e-01  6.90e-02  4.92e-02  2.37e-02  1.18e+02  4.04e+00 -1.00e+05
2016 09 15  0915   57646  33300   4.13e-01  2.67e-01  2.23e-01  6.24e-02  4.77e-02  2.37e-02  1.18e+02  4.19e+00 -1.00e+05
2016 09 15  0920   57646  33600   4.90e-01  1.96e-01  1.53e-01  7.55e-02  6.47e-02  4.19e-02  9.43e+01  1.33e-01 -1.00e+05
2016 09 15  0925   57646  33900   8.60e-01  5.99e-01  5.14e-01  2.61e-01  1.37e-01  2.44e-02  7.23e+01  1.33e-01 -1.00e+05
2016 09 15  0930   57646  34200   5.36e-01  4.09e-01  2.91e-01  8.58e-02  7.51e-02  3.29e-02  6.84e+01  2.94e+00 -1.00e+05
2016 09 15  0935   57646  34500   5.32e-01  3.59e-01  2.66e-01  9.52e-02  5.51e-02  2.37e-02  4.05e+01  1.33e-01 -1.00e+05
2016 09 15  0940   57646  34800   4.14e-01  2.00e-01  1.66e-01  1.16e-01  9.65e-02  3.89e-02  3.52e+01  1.52e+00 -1.00e+05
2016 09 15  0945   57646  35100   3.84e-01  1.53e-01  1.17e-01  6.70e-02  5.63e-02  2.68e-02  4.56e+01  1.15e+00 -1.00e+05
2016 09 15  0950   57646  35400   3.37e-01  2.19e-01  1.86e-01  1.36e-01  1.25e-01  4.90e-02  5.41e+01  1.00e+00 -1.00e+05
2016 09 15  0955   57646  35700   2.16e-01  1.83e-01  1.39e-01  5.73e-02  4.65e-02  2.37e-02  6.50e+01  2.43e+00 -1.00e+05
2016 09 15  1000   57646  36000   4.99e-01  2.71e-01  1.80e-01  8.04e-02  6.96e-02  4.68e-02  7.76e+01  7.85e-01 -1.00e+05
2016 09 15  1005   57646  36300   4.49e-01  2.57e-01  2.24e-01  6.80e-02  5.72e-02  3.44e-02  1.03e+02  2.41e+00 -1.00e+05
2016 09 15  1010   57646  36600   3.25e-01  2.00e-01  1.66e-01  8.98e-02  7.91e-02  5.63e-02  1.02e+02  1.33e-01 -1.00e+05
2016 09 15  1015   57646  36900   1.86e-01  1.56e-01  1.23e-01  7.33e-02  6.25e-02  2.89e-02  1.06e+02  3.07e+00 -1.00e+05
2016 09 15  1020   57646  37200   1.03e+00  3.36e-01  1.28e-01  7.55e-02  5.06e-02  2.37e-02  1.10e+02  2.15e+00 -1.00e+05
2016 09 15  1025   57646  37500   5.36e-01  1.88e-01  1.54e-01  1.05e-01  9.39e-02  3.89e-02  8.88e+01  2.85e+00 -1.00e+05
2016 09 15  1030   57646  37800   2.99e-01  1.78e-01  1.44e-01  9.46e-02  8.24e-02  5.92e-02  8.72e+01  7.32e-01 -1.00e+05
2016 09 15  1035   57646  38100   7.01e-01  3.85e-01  1.74e-01  8.44e-02  5.52e-02  2.70e-02  7.82e+01  1.33e-01 -1.00e+05
2016 09 15  1040   57646  38400   3.37e-01  1.46e-01  1.12e-01  6.24e-02  4.77e-02  2.37e-02  8.03e+01  2.09e-01 -1.00e+05
2016 09 15  1045   57646  38700   7.52e-01  2.68e-01  1.26e-01  5.73e-02  4.65e-02  2.37e-02  7.96e+01  3.47e+00 -1.00e+05
2016 09 15  1050   57646  39000   8.80e-01  4.07e-01  2.68e-01  1.00e-01  8.94e-02  6.66e-02  9.11e+01  1.33e-01 -1.00e+05
2016 09 15  1055   57646  39300   4.06e-01  1.71e-01  1.37e-01  5.73e-02  4.65e-02  2.37e-02  1.13e+02  1.93e+00 -1.00e+05
2016 09 15  1100   57646  39600   3.77e-01  3.15e-01  1.73e-01  6.24e-02  4.77e-02  2.37e-02  1.05e+02  1.22e+00 -1.00e+05
2016 09 15  1105   57646  39900   3.55e-01  2.46e-01  1.10e-01  5.73e-02  4.65e-02  2.37e-02  9.62e+01  3.98e+00 -1.00e+05
2016 09 15  1110   57646  40200   2.23e-01  1.93e-01  1.60e-01  7.05e-02  5.97e-02  3.69e-02  8.68e+01  2.23e+00 -1.00e+05
2016 09 15  1115   57646  40500   3.22e-01  2.93e-01  2.59e-01  1.13e-01  1.02e-01  7.90e-02  7.46e+01  1.43e+00 -1.00e+05
2016 09 15  1120   57646  40800   2.83e-01  1.46e-01  1.13e-01  6.31e-02  5.23e-02  2.95e-02  7.45e+01  1.55e+00 -1.00e+05
2016 09 15  1125   57646  41100   2.19e-01  1.63e-01  1.29e-01  7.96e-02  6.88e-02  3.09e-02  6.94e+01  1.21e+00 -1.00e+05
2016 09 15  1130   57646  41400   1.70e-01  1.40e-01  1.07e-01  5.73e-02  4.65e-02  2.37e-02  6.99e+01  3.08e+00 -1.00e+05
2016 09 15  1135   57646  41700   4.70e-01  1.40e-01  1.07e-01  5.73e-02  4.65e-02  2.37e-02  6.51e+01  1.80e+00 -1.00e+05
2016 09 15  1140   57646  42000   4.63e-01  2.54e-01  2.21e-01  1.34e-01  1.23e-01  6.22e-02  5.90e+01  1.33e-01 -1.00e+05
2016 09 15  1145   57646  42300   6.10e-01  3.34e-01  3.00e-01  1.30e-01  9.47e-02  3.69e-02  6.32e+01  1.33e-01 -1.00e+05
2016 09 15  1150   57646  42600   3.69e-01  1.40e-01  1.07e-01  5.73e-02  4.65e-02  2.37e-02  6.81e+01  2.26e+00 -1.00e+05
2016 09 15  1155   57646  42900   3.94e-01  2.96e-01  1.55e-01  5.73e-02  4.65e-02  2.37e-02  7.71e+01  2.13e+00 -1.00e+05
2016 09 15  1200   57646  43200   3.71e-01  1.79e-01  1.46e-01  9.52e-02  5.51e-02  2.37e-02  8.01e+01  1.91e+00 -1.00e+05
2016 09 15  1205   57646  43500   1.70e-01  1.40e-01  1.07e-01  5.73e-02  4.65e-02  2.37e-02  8.62e+01  4.02e+00 -1.00e+05
2016 09 15  1210   57646  43800   4.71e-01  2.75e-01  2.41e-01  1.90e-01  1.43e-01  7.52e-02  1.06e+02  1.33e-01 -1.00e+05
2016 09 15  1215   57646  44100   2.23e-01  1.93e-01  1.59e-01  1.08e-01  5.80e-02  2.37e-02  1.12e+02  1.47e+00 -1.00e+05
2016 09 15  1220   57646  44400   6.27e-01  2.10e-01  1.17e-01  5.73e-02  4.65e-02  2.37e-02  1.28e+02  3.74e+00 -1.00e+05
2016 09 15  1225   57646  44700   6.36e-01  4.34e-01  3.92e-01  1.47e-01  9.42e-02  5.92e-02  1.41e+02  1.33e-01 -1.00e+05
2016 09 15  1230   57646  45000   2.73e-01  2.08e-01  1.75e-01  1.24e-01  9.30e-02  6.42e-02  1.48e+02  4.05e-01 -1.00e+05
2016 09 15  1235   57646  45300   5.62e-01  3.53e-01  2.63e-01  1.05e-01  9.44e-02  7.16e-02  1.61e+02  1.42e+00 -1.00e+05
2016 09 15  1240   57646  45600   4.67e-01  1.84e-01  1.51e-01  8.09e-02  7.01e-02  4.73e-02  1.79e+02  1.33e-01 -1.00e+05
2016 09 15  1245   57646  45900   3.94e-01  2.47e-01  1.57e-01  9.77e-02  8.70e-02  6.42e-02  1.86e+02  1.33e-01 -1.00e+05
2016 09 15  1250   57646  46200   6.05e-01  2.09e-01  1.75e-01  7.37e-02  6.24e-02  3.94e-02  1.91e+02  3.38e-01 -1.00e+05
2016 09 15  1255   57646  46500   6.68e-01  2.61e-01  2.17e-01  5.73e-02  4.65e-02  2.37e-02  2.04e+02  4.00e+00 -1.00e+05
2016 09 15  1300   57646  46800   3.59e-01  1.40e-01  1.07e-01  5.73e-02  4.65e-02  2.37e-02  2.06e+02  5.73e+00 -1.00e+05
2016 09 15  1305   57646  47100   5.74e-01  3.07e-01  1.65e-01  9.52e-02  5.51e-02  2.37e-02  2.23e+02  3.76e+00 -1.00e+05
2016 09 15  1310   57646  47400   5.17e-01  1.87e-01  1.43e-01  9.12e-02  8.04e-02  2.44e-02  2.37e+02  1.12e+00 -1.00e+05
2016 09 15  1315   57646  47700   9.81e-01  4.26e-01  2.41e-01  5.73e-02  4.65e-02  2.37e-02  2.53e+02  4.17e+00 -1.00e+05
2016 09 15  1320   57646  48000   5.18e-01  1.79e-01  1.46e-01  9.52e-02  5.51e-02  2.37e-02  2.71e+02  2.12e+00 -1.00e+05
2016 09 15  1325   57646  48300   5.91e-01  2.43e-01  1.51e-01  6.06e-02  4.98e-02  2.70e-02  2.86e+02  3.34e+00 -1.00e+05
2016 09 15  1330   57646  48600   5.41e-01  2.29e-01  1.39e-01  7.90e-02  5.41e-02  2.48e-02  3.07e+02  8.65e-01 -1.00e+05
2016 09 15  1335   57646  48900   5.66e-01  3.24e-01  1.82e-01  8.21e-02  5.21e-02  2.37e-02  3.29e+02  2.07e+00 -1.00e+05
2016 09 15  1340   57646  49200   7.22e-01  2.02e-01  1.58e-01  5.73e-02  4.65e-02  2.37e-02  3.36e+02  2.08e+00 -1.00e+05
2016 09 15  1345   57646  49500   5.27e-01  2.44e-01  2.10e-01  1.60e-01  1.40e-01  5.30e-02  3.51e+02  3.26e+00 -1.00e+05
2016 09 15  1350   57646  49800   3.90e-01  2.24e-01  1.90e-01  6.90e-02  4.92e-02  2.37e-02  3.73e+02  1.44e+00 -1.00e+05
2016 09 15  1355   57646  50100   6.45e-01  3.35e-01  2.44e-01  8.04e-02  6.96e-02  4.68e-02  3.86e+02  3.74e+00 -1.00e+05
2016 09 15  1400   57646  50400   5.43e-01  1.93e-01  1.60e-01  1.10e-01  9.93e-02  7.65e-02  4.01e+02  1.85e+00 -1.00e+05
2016 09 15  1405   57646  50700   4.41e-01  1.74e-01  1.40e-01  9.04e-02  7.00e-02  4.43e-02  4.25e+02  1.04e+00 -1.00e+05
2016 09 15  1410   57646  51000   8.76e-01  2.98e-01  1.59e-01  9.03e-02  7.95e-02  5.67e-02  4.64e+02  3.47e+00 -1.00e+05
2016 09 15  1415   57646  51300   6.09e-01  1.92e-01  1.58e-01  8.04e-02  6.96e-02  4.68e-02  4.69e+02  3.98e+00 -1.00e+05
2016 09 15  1420   57646  51600   5.23e-01  2.19e-01  1.86e-01  1.36e-01  1.25e-01  4.90e-02  4.82e+02  2.54e+00 -1.00e+05
2016 09 15  1425   57646  51900   6.77e-01  3.08e-01  1.67e-01  9.62e-02  5.35e-02  2.37e-02  5.01e+02  3.33e+00 -1.00e+05
2016 09 15  1430   57646  52200   8.78e-01  4.11e-01  3.77e-01  1.11e-01  6.11e-02  2.70e-02  5.16e+02  3.51e+00 -1.00e+05
2016 09 15  1435   57646  52500   5.70e-01  2.10e-01  1.17e-01  5.73e-02  4.65e-02  2.37e-02  5.41e+02  4.39e+00 -1.00e+05
2016 09 15  1440   57646  52800   8.86e-01  2.46e-01  1.10e-01  5.73e-02  4.65e-02  2.37e-02  5.64e+02  4.73e+00 -1.00e+05
2016 09 15  1445   57646  53100   4.35e-01  1.93e-01  1.60e-01  7.05e-02  5.97e-02  3.69e-02  5.74e+02  3.88e+00 -1.00e+05
2016 09 15  1450   57646  53400   5.52e-01  1.80e-01  1.47e-01  6.84e-02  5.54e-02  3.20e-02  5.93e+02  2.91e+00 -1.00e+05
2016 09 15  1455   57646  53700   1.02e+00  3.02e-01  1.67e-01  1.13e-01  7.12e-02  3.94e-02  6.20e+02  1.24e+00 -1.00e+05
2016 09 15  1500   57646  54000   9.38e-01  2.68e-01  1.26e-01  5.73e-02  4.65e-02  2.37e-02  6.52e+02  7.70e+00 -1.00e+05
2016 09 15  1505   57646  54300   4.90e-01  2.20e-01  1.86e-01  1.36e-01  1.06e-01  4.09e-02  6.76e+02  2.81e+00 -1.00e+05
2016 09 15  1510   57646  54600   4.02e-01  1.83e-01  1.49e-01  6.90e-02  4.92e-02  2.37e-02  6.95e+02  4.15e+00 -1.00e+05
2016 09 15  1515   57646  54900   4.67e-01  1.64e-01  1.30e-01  8.04e-02  6.96e-02  4.68e-02  7.30e+02  3.06e+00 -1.00e+05
2016 09 15  1520   57646  55200   5.01e-01  2.50e-01  2.16e-01  5.81e-02  4.73e-02  2.45e-02  7.64e+02  4.44e+00 -1.00e+05
2016 09 15  1525   57646  55500   6.82e-01  1.93e-01  1.59e-01  1.08e-01  5.80e-02  2.37e-02  8.05e+02  3.62e+00 -1.00e+05
2016 09 15  1530   57646  55800   1.14e+00  3.49e-01  1.94e-01  1.04e-01  5.96e-02  2.70e-02  8.33e+02  2.42e+00 -1.00e+05
2016 09 15  1535   57646  56100   7.31e-01  1.40e-01  1.07e-01  5.73e-02  4.65e-02  2.37e-02  8.63e+02  5.32e+00 -1.00e+05
2016 09 15  1540   57646  56400   5.06e-01  1.77e-01  1.43e-01  9.37e-02  8.29e-02  4.10e-02  9.08e+02  4.83e+00 -1.00e+05
2016 09 15  1545   57646  56700   6.49e-01  1.77e-01  1.44e-01  9.41e-02  8.34e-02  4.28e-02  9.46e+02  5.49e+00 -1.00e+05
2016 09 15  1550   57646  57000   7.06e-01  1.56e-01  1.23e-01  7.33e-02  6.25e-02  2.89e-02  9.63e+02  6.85e+00 -1.00e+05
2016 09 15  1555   57646  57300   9.89e-01  3.40e-01  2.64e-01  2.06e-01  1.83e-01  1.04e-01  1.01e+03  2.59e+00 -1.00e+05
2016 09 15  1600   57646  57600   5.92e-01  1.44e-01  1.10e-01  6.08e-02  5.00e-02  2.48e-02  1.04e+03  8.40e+00 -1.00e+05
2016 09 15  1605   57646  57900   1.07e+00  3.19e-01  1.77e-01  1.06e-01  5.36e-02  2.37e-02  1.07e+03  6.78e+00 -1.00e+05
2016 09 15  1610   57646  58200   7.94e-01  2.56e-01  2.22e-01  6.55e-02  5.48e-02  3.20e-02  1.12e+03  8.96e+00 -1.00e+05
2016 09 15  1615   57646  58500   5.95e-01  1.69e-01  1.36e-01  5.73e-02  4.65e-02  2.37e-02  1.13e+03  8.89e+00 -1.00e+05
2016 09 15  1620   57646  58800   4.67e-01  1.46e-01  1.13e-01  6.31e-02  5.23e-02  2.95e-02  1.17e+03  8.65e+00 -1.00e+05
2016 09 15  1625   57646  59100   8.01e-01  1.94e-01  1.61e-01  1.10e-01  8.11e-02  3.53e-02  1.20e+03  8.09e+00 -1.00e+05
2016 09 15  1630   57646  59400   1.33e+00  2.94e-01  1.36e-01  8.35e-02  7.27e-02  4.61e-02  1.25e+03  1.06e+01 -1.00e+05
2016 09 15  1635   57646  59700   5.97e-01  1.71e-01  1.37e-01  5.73e-02  4.65e-02  2.37e-02  1.27e+03  1.22e+01 -1.00e+05
2016 09 15  1640   57646  60000   1.06e+00  2.46e-01  1.10e-01  5.73e-02  4.65e-02  2.37e-02  1.31e+03  9.92e+00 -1.00e+05
2016 09 15  1645   57646  60300   1.12e+00  4.88e-01  2.68e-01  8.44e-02  5.52e-02  2.70e-02  1.32e+03  9.14e+00 -1.00e+05
2016 09 15  1650   57646  60600   6.96e-01  1.73e-01  1.39e-01  8.86e-02  5.36e-02  2.37e-02  1.36e+03  8.38e+00 -1.00e+05
2016 09 15  1655   57646  60900   9.64e-01  1.69e-01  1.35e-01  8.58e-02  7.51e-02  3.29e-02  1.38e+03  1.27e+01 -1.00e+05
2016 09 15  1700   57646  61200   1.60e+00  4.26e-01  2.41e-01  5.73e-02  4.65e-02  2.37e-02  1.42e+03  1.30e+01 -1.00e+05
2016 09 15  1705   57646  61500   6.45e-01  1.46e-01  1.13e-01  6.31e-02  5.23e-02  2.95e-02  1.45e+03  1.02e+01 -1.00e+05
2016 09 15  1710   57646  61800   1.33e+00  2.68e-01  1.26e-01  5.73e-02  4.65e-02  2.37e-02  1.49e+03  1.46e+01 -1.00e+05
2016 09 15  1715   57646  62100   1.05e+00  2.39e-01  2.06e-01  1.04e-01  8.40e-02  3.49e-02  1.54e+03  1.20e+01 -1.00e+05
2016 09 15  1720   57646  62400   8.22e-01  1.63e-01  1.29e-01  7.96e-02  6.88e-02  3.09e-02  1.54e+03  8.36e+00 -1.00e+05
2016 09 15  1725   57646  62700   9.11e-01  1.40e-01  1.07e-01  5.73e-02  4.65e-02  2.37e-02  1.52e+03  1.26e+01 -1.00e+05
2016 09 15  1730   57646  63000   1.12e+00  2.12e-01  1.47e-01  9.21e-02  8.13e-02  3.49e-02  1.53e+03  1.50e+01 -1.00e+05
2016 09 15  1735   57646  63300   1.07e+00  2.15e-01  1.81e-01  1.31e-01  9.44e-02  6.42e-02  1.64e+03  9.83e+00 -1.00e+05
2016 09 15  1740   57646  63600   9.88e-01  2.49e-01  2.15e-01  5.73e-02  4.65e-02  2.37e-02  1.57e+03  1.27e+01 -1.00e+05
2016 09 15  1745   57646  63900   9.09e-01  2.06e-01  1.72e-01  1.22e-01  1.08e-01  4.30e-02  1.65e+03  8.56e+00 -1.00e+05
2016 09 15  1750   57646  64200   1.79e+00  3.79e-01  2.12e-01  1.37e-01  8.65e-02  3.29e-02  1.72e+03  1.32e+01 -1.00e+05
2016 09 15  1755   57646  64500   1.72e+00  4.00e-01  2.37e-01  1.64e-01  1.53e-01  6.68e-02  1.70e+03  9.74e+00 -1.00e+05
2016 09 15  1800   57646  64800   1.19e+00  1.68e-01  1.32e-01  8.25e-02  7.18e-02  4.25e-02  1.77e+03  9.20e+00 -1.00e+05
2016 09 15  1805   57646  65100   1.21e+00  2.12e-01  1.42e-01  8.58e-02  7.51e-02  3.29e-02  1.76e+03  1.30e+01 -1.00e+05
2016 09 15  1810   57646  65400   1.19e+00  1.81e-01  1.47e-01  9.74e-02  8.66e-02  2.91e-02  1.80e+03  1.52e+01 -1.00e+05
2016 09 15  1815   57646  65700   1.39e+00  2.30e-01  1.97e-01  1.47e-01  1.36e-01  6.99e-02  1.83e+03  1.51e+01 -1.00e+05
2016 09 15  1820   57646  66000   1.28e+00  2.62e-01  2.28e-01  7.90e-02  5.41e-02  2.48e-02  1.84e+03  1.56e+01 -1.00e+05
2016 09 15  1825   57646  66300   2.28e+00  3.94e-01  2.52e-01  8.21e-02  5.21e-02  2.37e-02  1.89e+03  2.22e+01 -1.00e+05
2016 09 15  1830   57646  66600   1.45e+00  1.94e-01  1.60e-01  9.46e-02  8.39e-02  6.11e-02  1.92e+03  1.72e+01 -1.00e+05
2016 09 15  1835   57646  66900   1.52e+00  1.53e-01  1.09e-01  5.73e-02  4.65e-02  2.37e-02  1.89e+03  2.29e+01 -1.00e+05
2016 09 15  1840   57646  67200   1.70e+00  1.76e-01  1.42e-01  9.28e-02  8.20e-02  5.92e-02  1.95e+03  2.55e+01 -1.00e+05
2016 09 15  1845   57646  67500   1.67e+00  1.53e-01  1.09e-01  5.73e-02  4.65e-02  2.37e-02  1.89e+03  2.83e+01 -1.00e+05
2016 09 15  1850   57646  67800   1.57e+00  1.62e-01  1.28e-01  7.85e-02  6.77e-02  4.49e-02  1.99e+03  2.04e+01 -1.00e+05
2016 09 15  1855   57646  68100   1.59e+00  1.40e-01  1.07e-01  5.73e-02  4.65e-02  2.37e-02  1.99e+03  2.42e+01 -1.00e+05
2016 09 15  1900   57646  68400   1.67e+00  2.07e-01  1.73e-01  1.23e-01  9.32e-02  3.69e-02  1.97e+03  2.43e+01 -1.00e+05
2016 09 15  1905   57646  68700   2.14e+00  2.81e-01  2.01e-01  1.38e-01  8.25e-02  3.70e-02  2.12e+03  2.55e+01 -1.00e+05
2016 09 15  1910   57646  69000   2.28e+00  1.90e-01  1.56e-01  7.55e-02  5.06e-02  2.37e-02  2.13e+03  2.69e+01 -1.00e+05
2016 09 15  1915   57646  69300   2.18e+00  2.39e-01  2.05e-01  1.08e-01  9.74e-02  7.46e-02  2.08e+03  2.20e+01 -1.00e+05
2016 09 15  1920   57646  69600  -1.00e+05 -1.00e+05 -1.00e+05 -1.00e+05 -1.00e+05 -1.00e+05 -1.00e+05 -1.00e+05 -1.00e+05
2016 09 15  1925   57646  69900   1.77e+00  2.48e-01  2.14e-01  1.64e-01  1.54e-01  5.87e-02  2.17e+03  2.13e+01 -1.00e+05
2016 09 15  1930   57646  70200   2.68e+00  2.53e-01  1.60e-01  6.90e-02  4.92e-02  2.37e-02  2.13e+03  2.68e+01 -1.00e+05
2016 09 15  1935   57646  70500   1.89e+00  1.54e-01  1.20e-01  7.05e-02  5.97e-02  3.69e-02  2.19e+03  2.94e+01 -1.00e+05
2016 09 15  1940   57646  70800   2.31e+00  2.32e-01  1.98e-01  1.49e-01  1.38e-01  5.30e-02  2.23e+03  2.79e+01 -1.00e+05
2016 09 15  1945   57646  71100   3.96e+00  6.43e-01  3.26e-01  7.85e-02  6.77e-02  4.49e-02  2.22e+03  2.42e+01 -1.00e+05
2016 09 15  1950   57646  71400   2.70e+00  3.76e-01  2.35e-01  5.73e-02  4.65e-02  2.37e-02  2.21e+03  3.12e+01 -1.00e+05
2016 09 15  1955   57646  71700   2.30e+00  1.88e-01  1.55e-01  1.05e-01  9.44e-02  7.16e-02  2.23e+03  2.52e+01 -1.00e+05
2016 09 15  2000   57646  72000   2.23e+00  2.32e-01  1.98e-01  1.47e-01  9.75e-02  5.38e-02  2.23e+03  2.38e+01 -1.00e+05
2016 09 15  2005   57646  72300   2.80e+00  3.01e-01  2.35e-01  1.79e-01  1.69e-01  8.37e-02  2.23e+03  2.34e+01 -1.00e+05
2016 09 15  2010   57646  72600   2.14e+00  2.02e-01  1.68e-01  1.17e-01  7.73e-02  3.09e-02  2.23e+03  2.44e+01 -1.00e+05
2016 09 15  2015   57646  72900   2.28e+00  1.46e-01  1.12e-01  6.24e-02  4.77e-02  2.37e-02  2.21e+03  2.26e+01 -1.00e+05
2016 09 15  2020   57646  73200   2.90e+00  3.39e-01  1.82e-01  1.30e-01  1.19e-01  4.70e-02  2.14e+03  2.47e+01 -1.00e+05
2016 09 15  2025   57646  73500   2.15e+00  1.88e-01  1.54e-01  1.05e-01  9.39e-02  3.89e-02  2.13e+03  2.42e+01 -1.00e+05
2016 09 15  2030   57646  73800   2.17e+00  2.49e-01  2.15e-01  5.73e-02  4.65e-02  2.37e-02  2.14e+03  2.74e+01 -1.00e+05
2016 09 15  2035   57646  74100   2.29e+00  1.71e-01  1.37e-01  5.73e-02  4.65e-02  2.37e-02  2.18e+03  2.70e+01 -1.00e+05
2016 09 15  2040   57646  74400   3.22e+00  2.71e-01  1.35e-01  8.21e-02  5.21e-02  2.37e-02  2.17e+03  2.38e+01 -1.00e+05
2016 09 15  2045   57646  74700   3.69e+00  4.26e-01  2.41e-01  5.73e-02  4.65e-02  2.37e-02  2.18e+03  3.13e+01 -1.00e+05
2016 09 15  2050   57646  75000   4.44e+00  3.06e-01  1.50e-01  9.75e-02  8.67e-02  2.44e-02  2.38e+03  2.70e+01 -1.00e+05
2016 09 15  2055   57646  75300   2.55e+00  1.76e-01  1.42e-01  6.86e-02  5.78e-02  3.29e-02  2.43e+03  2.80e+01 -1.00e+05
2016 09 15  2100   57646  75600   3.19e+00  4.31e-01  3.47e-01  1.41e-01  1.22e-01  4.70e-02  2.35e+03  2.38e+01 -1.00e+05
2016 09 15  2105   57646  75900   2.85e+00  1.40e-01  1.07e-01  5.73e-02  4.65e-02  2.37e-02  2.39e+03  2.87e+01 -1.00e+05
2016 09 15  2110   57646  76200   2.66e+00  1.40e-01  1.07e-01  5.73e-02  4.65e-02  2.37e-02  2.44e+03  2.94e+01 -1.00e+05
2016 09 15  2115   57646  76500   2.42e+00  4.47e-01  4.13e-01  1.98e-01  1.52e-01  5.33e-02  2.28e+03  2.22e+01 -1.00e+05
2016 09 15  2120   57646  76800   1.73e+00  2.80e-01  2.46e-01  8.98e-02  6.21e-02  3.44e-02  2.06e+03  2.52e+01 -1.00e+05
2016 09 15  2125   57646  77100   1.50e+00  1.74e-01  1.41e-01  9.10e-02  7.78e-02  5.42e-02  1.93e+03  2.63e+01 -1.00e+05
2016 09 15  2130   57646  77400   2.10e+00  2.52e-01  1.62e-01  1.03e-01  9.19e-02  6.91e-02  1.86e+03  2.29e+01 -1.00e+05
2016 09 15  2135   57646  77700   1.71e+00  1.40e-01  1.07e-01  5.73e-02  4.65e-02  2.37e-02  1.87e+03  2.40e+01 -1.00e+05
2016 09 15  2140   57646  78000   1.83e+00  3.36e-01  2.95e-01  1.42e-01  9.40e-02  6.42e-02  1.86e+03  2.04e+01 -1.00e+05
2016 09 15  2145   57646  78300   1.31e+00  1.63e-01  1.29e-01  7.96e-02  6.88e-02  3.09e-02  1.77e+03  2.21e+01 -1.00e+05
2016 09 15  2150   57646  78600   1.59e+00  3.14e-01  1.75e-01  8.04e-02  6.96e-02  4.68e-02  1.66e+03  1.56e+01 -1.00e+05
2016 09 15  2155   57646  78900   1.79e+00  2.81e-01  2.47e-01  1.95e-01  1.30e-01  7.65e-02  1.71e+03  1.56e+01 -1.00e+05
2016 09 15  2200   57646  79200   1.39e+00  1.49e-01  1.15e-01  6.55e-02  5.48e-02  3.20e-02  1.76e+03  1.89e+01 -1.00e+05
2016 09 15  2205   57646  79500   2.66e+00  4.99e-01  2.24e-01  5.73e-02  4.65e-02  2.37e-02  1.62e+03  1.59e+01 -1.00e+05
2016 09 15  2210   57646  79800   2.73e+00  5.69e-01  2.68e-01  7.55e-02  5.06e-02  2.37e-02  1.69e+03  1.43e+01 -1.00e+05
2016 09 15  2215   57646  80100   1.38e+00  1.40e-01  1.07e-01  5.73e-02  4.65e-02  2.37e-02  1.72e+03  1.63e+01 -1.00e+05
2016 09 15  2220   57646  80400   2.55e+00  4.61e-01  2.82e-01  1.13e-01  1.02e-01  7.90e-02  1.63e+03  1.17e+01 -1.00e+05
2016 09 15  2225   57646  80700   1.44e+00  1.90e-01  1.57e-01  5.73e-02  4.65e-02  2.37e-02  1.72e+03  1.39e+01 -1.00e+05
2016 09 15  2230   57646  81000   1.36e+00  1.59e-01  1.25e-01  7.55e-02  6.47e-02  4.19e-02  1.85e+03  1.12e+01 -1.00e+05
2016 09 15  2235   57646  81300   1.93e+00  2.68e-01  1.77e-01  9.53e-02  8.45e-02  6.17e-02  1.79e+03  8.67e+00 -1.00e+05
2016 09 15  2240   57646  81600   1.27e+00  2.12e-01  1.42e-01  8.58e-02  7.51e-02  3.29e-02  1.75e+03  1.15e+01 -1.00e+05
2016 09 15  2245   57646  81900   1.33e+00  1.75e-01  1.42e-01  9.23e-02  8.15e-02  2.44e-02  1.71e+03  9.17e+00 -1.00e+05
2016 09 15  2250   57646  82200   1.18e+00  2.15e-01  1.82e-01  1.31e-01  8.03e-02  3.09e-02  1.56e+03  1.28e+01 -1.00e+05
2016 09 15  2255   57646  82500   1.88e+00  2.84e-01  1.32e-01  7.96e-02  6.88e-02  3.09e-02  1.58e+03  1.37e+01 -1.00e+05
2016 09 15  2300   57646  82800   1.04e+00  1.78e-01  1.45e-01  9.53e-02  8.45e-02  6.17e-02  1.57e+03  1.22e+01 -1.00e+05
2016 09 15  2305   57646  83100   1.21e+00  2.07e-01  1.73e-01  1.23e-01  1.13e-01  4.50e-02  1.54e+03  1.04e+01 -1.00e+05
2016 09 15  2310   57646  83400   1.06e+00  1.97e-01  1.63e-01  8.21e-02  5.21e-02  2.37e-02  1.54e+03  9.24e+00 -1.00e+05
2016 09 15  2315   57646  83700   1.05e+00  1.83e-01  1.49e-01  6.90e-02  4.92e-02  2.37e-02  1.53e+03  7.74e+00 -1.00e+05
2016 09 15  2320   57646  84000   1.18e+00  2.70e-01  2.36e-01  8.86e-02  5.36e-02  2.37e-02  1.51e+03  1.23e+01 -1.00e+05
2016 09 15  2325   57646  84300   1.09e+00  1.83e-01  1.39e-01  5.73e-02  4.65e-02  2.37e-02  1.50e+03  1.14e+01 -1.00e+05
2016 09 15  2330   57646  84600   1.76e+00  4.20e-01  1.76e-01  5.73e-02  4.65e-02  2.37e-02  1.49e+03  1.17e+01 -1.00e+05
2016 09 15  2335   57646  84900   9.72e-01  2.15e-01  1.81e-01  1.13e-01  1.02e-01  7.90e-02  1.43e+03  6.03e+00 -1.00e+05
2016 09 15  2340   57646  85200   8.98e-01  1.51e-01  1.18e-01  6.80e-02  5.72e-02  3.44e-02  1.38e+03  1.12e+01 -1.00e+05
2016 09 15  2345   57646  85500   9.95e-01  2.98e-01  2.64e-01  9.00e-02  7.93e-02  2.44e-02  1.37e+03  7.85e+00 -1.00e+05
2016 09 15  2350   57646  85800   8.80e-01  1.88e-01  1.55e-01  1.04e-01  7.44e-02  3.09e-02  1.33e+03  6.51e+00 -1.00e+05
2016 09 15  2355   57646  86100   1.01e+00  1.73e-01  1.39e-01  8.86e-02  5.36e-02  2.37e-02  1.37e+03  9.18e+00 -1.00e+05
