:Data_list: 20160210_Gs_part_5m.txt
:Created: 2016 Feb 11 0011 UTC
# Prepared by the U.S. Dept. of Commerce, NOAA, Space Weather Prediction Center
# Please send comments and suggestions to SWPC.Webmaster@noaa.gov 
# 
# Label: P > 1 = Particles at >1 Mev
# Label: P > 5 = Particles at >5 Mev
# Label: P >10 = Particles at >10 Mev
# Label: P >30 = Particles at >30 Mev
# Label: P >50 = Particles at >50 Mev
# Label: P>100 = Particles at >100 Mev
# Label: E>0.8 = Electrons at >0.8 Mev
# Label: E>2.0 = Electrons at >2.0 Mev
# Label: E>4.0 = Electrons at >4.0 Mev
# Units: Particles = Protons/cm2-s-sr
# Units: Electrons = Electrons/cm2-s-sr
# Source: GOES-15
# Location: W135
# Missing data: -1.00e+05
#
#                      5-minute  GOES-15 Solar Particle and Electron Flux
#
#                 Modified Seconds
# UTC Date  Time   Julian  of the
# YR MO DA  HHMM    Day     Day     P > 1     P > 5     P >10     P >30     P >50     P>100     E>0.8     E>2.0     E>4.0
#-------------------------------------------------------------------------------------------------------------------------
2016 02 10  0000   57428      0   8.74e+00  2.42e-01  1.26e-01  7.71e-02  6.69e-02  4.60e-02  3.45e+04  1.81e+02 -1.00e+05
2016 02 10  0005   57428    300   8.85e+00  2.40e-01  1.23e-01  7.46e-02  6.44e-02  4.36e-02  3.41e+04  1.78e+02 -1.00e+05
2016 02 10  0010   57428    600   5.22e+00  1.25e-01  9.78e-02  5.29e-02  4.27e-02  2.19e-02  3.40e+04  1.73e+02 -1.00e+05
2016 02 10  0015   57428    900   5.14e+00  1.54e-01  1.26e-01  8.07e-02  4.92e-02  2.20e-02  3.40e+04  1.71e+02 -1.00e+05
2016 02 10  0020   57428   1200   4.78e+00  1.25e-01  9.78e-02  5.29e-02  4.27e-02  2.19e-02  3.40e+04  1.68e+02 -1.00e+05
2016 02 10  0025   57428   1500   4.59e+00  1.30e-01  1.02e-01  5.73e-02  4.70e-02  2.62e-02  3.28e+04  1.58e+02 -1.00e+05
2016 02 10  0030   57428   1800   5.29e+00  2.37e-01  1.72e-01  5.42e-02  4.30e-02  2.19e-02  3.17e+04  1.51e+02 -1.00e+05
2016 02 10  0035   57428   2100   4.07e+00  1.72e-01  1.45e-01  9.91e-02  6.60e-02  3.86e-02  3.13e+04  1.38e+02 -1.00e+05
2016 02 10  0040   57428   2400   5.77e+00  2.68e-01  1.55e-01  9.35e-02  5.18e-02  2.19e-02  3.13e+04  1.40e+02 -1.00e+05
2016 02 10  0045   57428   2700   3.50e+00  1.60e-01  1.32e-01  8.67e-02  6.02e-02  2.60e-02  3.04e+04  1.28e+02 -1.00e+05
2016 02 10  0050   57428   3000   5.33e+00  2.19e-01  1.01e-01  5.29e-02  4.27e-02  2.19e-02  2.89e+04  1.23e+02 -1.00e+05
2016 02 10  0055   57428   3300   3.51e+00  1.25e-01  9.78e-02  5.29e-02  4.27e-02  2.19e-02  2.96e+04  1.24e+02 -1.00e+05
2016 02 10  0100   57428   3600   3.64e+00  1.64e-01  1.36e-01  9.12e-02  8.09e-02  3.54e-02  3.02e+04  1.29e+02 -1.00e+05
2016 02 10  0105   57428   3900   6.49e+00  2.86e-01  1.43e-01  9.37e-02  5.91e-02  3.12e-02  3.01e+04  1.28e+02 -1.00e+05
2016 02 10  0110   57428   4200   3.38e+00  1.25e-01  9.78e-02  5.29e-02  4.27e-02  2.19e-02  3.04e+04  1.27e+02 -1.00e+05
2016 02 10  0115   57428   4500   4.92e+00  2.45e-01  1.28e-01  7.94e-02  6.16e-02  3.86e-02  3.04e+04  1.24e+02 -1.00e+05
2016 02 10  0120   57428   4800   5.95e+00  2.69e-01  1.01e-01  5.29e-02  4.27e-02  2.19e-02  3.00e+04  1.22e+02 -1.00e+05
2016 02 10  0125   57428   5100   3.07e+00  1.37e-01  1.10e-01  6.47e-02  5.45e-02  3.37e-02  2.88e+04  1.07e+02 -1.00e+05
2016 02 10  0130   57428   5400   3.32e+00  1.25e-01  9.78e-02  5.29e-02  4.27e-02  2.19e-02  2.96e+04  1.14e+02 -1.00e+05
2016 02 10  0135   57428   5700   6.36e+00  3.76e-01  1.42e-01  9.28e-02  4.89e-02  2.19e-02  2.89e+04  1.10e+02 -1.00e+05
2016 02 10  0140   57428   6000   6.08e+00  2.91e-01  1.01e-01  5.29e-02  4.27e-02  2.19e-02  2.86e+04  1.11e+02 -1.00e+05
2016 02 10  0145   57428   6300   2.85e+00  1.69e-01  1.42e-01  9.69e-02  8.67e-02  6.59e-02  2.86e+04  1.07e+02 -1.00e+05
2016 02 10  0150   57428   6600   4.22e+00  3.25e-01  2.14e-01  9.20e-02  8.17e-02  6.09e-02  2.77e+04  1.01e+02 -1.00e+05
2016 02 10  0155   57428   6900   2.86e+00  2.70e-01  2.42e-01  5.29e-02  4.27e-02  2.19e-02  2.86e+04  1.06e+02 -1.00e+05
2016 02 10  0200   57428   7200   2.59e+00  1.52e-01  1.25e-01  7.96e-02  6.83e-02  3.00e-02  3.00e+04  1.17e+02 -1.00e+05
2016 02 10  0205   57428   7500   3.88e+00  3.18e-01  1.81e-01  8.58e-02  7.46e-02  3.20e-02  3.00e+04  1.11e+02 -1.00e+05
2016 02 10  0210   57428   7800   2.58e+00  2.20e-01  1.93e-01  8.04e-02  4.89e-02  2.19e-02  2.94e+04  1.10e+02 -1.00e+05
2016 02 10  0215   57428   8100   2.49e+00  1.25e-01  9.78e-02  5.29e-02  4.27e-02  2.19e-02  2.83e+04  1.01e+02 -1.00e+05
2016 02 10  0220   57428   8400   2.45e+00  1.30e-01  1.02e-01  5.73e-02  4.70e-02  2.62e-02  2.86e+04  1.04e+02 -1.00e+05
2016 02 10  0225   57428   8700   2.20e+00  1.25e-01  9.78e-02  5.29e-02  4.27e-02  2.19e-02  2.78e+04  1.00e+02 -1.00e+05
2016 02 10  0230   57428   9000   1.96e+00  1.25e-01  9.78e-02  5.29e-02  4.27e-02  2.19e-02  2.53e+04  8.74e+01 -1.00e+05
2016 02 10  0235   57428   9300   1.72e+00  1.25e-01  9.78e-02  5.29e-02  4.27e-02  2.19e-02  2.43e+04  7.80e+01 -1.00e+05
2016 02 10  0240   57428   9600   2.87e+00  2.89e-01  1.77e-01  6.22e-02  5.20e-02  3.12e-02  2.47e+04  7.92e+01 -1.00e+05
2016 02 10  0245   57428   9900   2.00e+00  1.35e-01  1.07e-01  6.22e-02  5.20e-02  3.12e-02  2.53e+04  8.06e+01 -1.00e+05
2016 02 10  0250   57428  10200   2.15e+00  1.69e-01  1.42e-01  9.61e-02  6.92e-02  4.36e-02  2.72e+04  9.46e+01 -1.00e+05
2016 02 10  0255   57428  10500   1.95e+00  1.45e-01  1.17e-01  7.21e-02  6.19e-02  4.11e-02  2.81e+04  1.01e+02 -1.00e+05
2016 02 10  0300   57428  10800   1.93e+00  2.05e-01  1.77e-01  1.30e-01  8.30e-02  5.60e-02  2.73e+04  9.52e+01 -1.00e+05
2016 02 10  0305   57428  11100   1.42e+00  1.71e-01  1.43e-01  5.29e-02  4.27e-02  2.19e-02  2.60e+04  9.34e+01 -1.00e+05
2016 02 10  0310   57428  11400   1.73e+00  1.90e-01  1.26e-01  7.39e-02  4.74e-02  2.19e-02  2.39e+04  7.31e+01 -1.00e+05
2016 02 10  0315   57428  11700   1.50e+00  1.77e-01  1.50e-01  1.05e-01  9.44e-02  4.31e-02  2.54e+04  8.04e+01 -1.00e+05
2016 02 10  0320   57428  12000   1.67e+00  2.40e-01  2.13e-01  7.46e-02  6.44e-02  4.36e-02  2.67e+04  8.97e+01 -1.00e+05
2016 02 10  0325   57428  12300   1.45e+00  1.82e-01  1.55e-01  6.47e-02  5.45e-02  3.37e-02  2.62e+04  9.30e+01 -1.00e+05
2016 02 10  0330   57428  12600   2.15e+00  2.26e-01  1.08e-01  5.98e-02  4.95e-02  2.87e-02  2.61e+04  8.96e+01 -1.00e+05
2016 02 10  0335   57428  12900   1.71e+00  1.93e-01  1.31e-01  7.96e-02  6.93e-02  4.85e-02  2.62e+04  9.18e+01 -1.00e+05
2016 02 10  0340   57428  13200   1.44e+00  2.27e-01  1.99e-01  8.70e-02  5.03e-02  2.19e-02  2.70e+04  9.24e+01 -1.00e+05
2016 02 10  0345   57428  13500   1.10e+00  1.86e-01  1.58e-01  1.12e-01  7.06e-02  4.36e-02  2.65e+04  8.53e+01 -1.00e+05
2016 02 10  0350   57428  13800   8.16e-01  1.25e-01  9.78e-02  5.29e-02  4.27e-02  2.19e-02  2.39e+04  7.74e+01 -1.00e+05
2016 02 10  0355   57428  14100   2.19e+00  4.47e-01  2.75e-01  5.42e-02  4.30e-02  2.19e-02  2.33e+04  7.01e+01 -1.00e+05
2016 02 10  0400   57428  14400   9.86e-01  1.44e-01  1.16e-01  7.13e-02  6.10e-02  4.02e-02  2.36e+04  7.37e+01 -1.00e+05
2016 02 10  0405   57428  14700   1.10e+00  1.46e-01  1.18e-01  7.33e-02  6.31e-02  3.31e-02  2.40e+04  7.19e+01 -1.00e+05
2016 02 10  0410   57428  15000   1.00e+00  2.71e-01  2.44e-01  5.48e-02  4.46e-02  2.38e-02  2.23e+04  6.37e+01 -1.00e+05
2016 02 10  0415   57428  15300   1.69e+00  2.81e-01  1.48e-01  9.92e-02  7.28e-02  3.00e-02  2.26e+04  6.16e+01 -1.00e+05
2016 02 10  0420   57428  15600   9.64e-01  2.07e-01  1.80e-01  7.21e-02  6.19e-02  4.11e-02  2.30e+04  6.92e+01 -1.00e+05
2016 02 10  0425   57428  15900   1.11e+00  2.41e-01  2.13e-01  1.68e-01  1.58e-01  6.69e-02  2.28e+04  6.57e+01 -1.00e+05
2016 02 10  0430   57428  16200   9.06e-01  2.27e-01  1.99e-01  8.70e-02  5.03e-02  2.19e-02  2.22e+04  6.24e+01 -1.00e+05
2016 02 10  0435   57428  16500   1.92e+00  3.21e-01  1.80e-01  1.31e-01  1.21e-01  5.67e-02  2.09e+04  5.58e+01 -1.00e+05
2016 02 10  0440   57428  16800   1.39e+00  3.32e-01  1.82e-01  5.29e-02  4.27e-02  2.19e-02  2.00e+04  5.29e+01 -1.00e+05
2016 02 10  0445   57428  17100   8.14e-01  1.45e-01  1.17e-01  7.20e-02  6.18e-02  2.80e-02  1.96e+04  4.99e+01 -1.00e+05
2016 02 10  0450   57428  17400   1.44e+00  3.86e-01  2.18e-01  1.13e-01  6.61e-02  2.60e-02  1.94e+04  4.81e+01 -1.00e+05
2016 02 10  0455   57428  17700   5.97e-01  1.25e-01  9.78e-02  5.29e-02  4.27e-02  2.19e-02  1.84e+04  4.76e+01 -1.00e+05
2016 02 10  0500   57428  18000   1.92e+00  3.06e-01  1.16e-01  6.73e-02  4.59e-02  2.19e-02  1.77e+04  4.40e+01 -1.00e+05
2016 02 10  0505   57428  18300   8.06e-01  2.42e-01  2.14e-01  1.08e-01  7.76e-02  5.10e-02  1.62e+04  3.63e+01 -1.00e+05
2016 02 10  0510   57428  18600   1.21e+00  2.26e-01  1.08e-01  5.98e-02  4.95e-02  2.87e-02  1.61e+04  3.68e+01 -1.00e+05
2016 02 10  0515   57428  18900   1.12e+00  3.13e-01  2.49e-01  5.29e-02  4.27e-02  2.19e-02  1.58e+04  3.91e+01 -1.00e+05
2016 02 10  0520   57428  19200   7.01e-01  3.23e-01  2.95e-01  2.48e-01  1.63e-01  5.02e-02  1.58e+04  3.31e+01 -1.00e+05
2016 02 10  0525   57428  19500   6.04e-01  1.30e-01  1.02e-01  5.73e-02  4.70e-02  2.62e-02  1.57e+04  3.47e+01 -1.00e+05
2016 02 10  0530   57428  19800   6.86e-01  1.30e-01  1.02e-01  5.73e-02  4.70e-02  2.62e-02  1.50e+04  3.55e+01 -1.00e+05
2016 02 10  0535   57428  20100   7.45e-01  1.94e-01  1.66e-01  8.70e-02  7.68e-02  5.60e-02  1.46e+04  3.24e+01 -1.00e+05
2016 02 10  0540   57428  20400   6.34e-01  1.76e-01  1.49e-01  1.03e-01  7.85e-02  5.35e-02  1.41e+04  2.90e+01 -1.00e+05
2016 02 10  0545   57428  20700   5.99e-01  2.11e-01  1.84e-01  6.73e-02  4.59e-02  2.19e-02  1.39e+04  2.16e+01 -1.00e+05
2016 02 10  0550   57428  21000   7.29e-01  1.62e-01  1.34e-01  8.95e-02  7.92e-02  5.84e-02  1.42e+04  2.63e+01 -1.00e+05
2016 02 10  0555   57428  21300   7.59e-01  1.74e-01  1.47e-01  1.02e-01  9.16e-02  7.08e-02  1.40e+04  3.08e+01 -1.00e+05
2016 02 10  0600   57428  21600   7.17e-01  1.32e-01  1.04e-01  5.95e-02  4.92e-02  2.40e-02  1.43e+04  2.79e+01 -1.00e+05
2016 02 10  0605   57428  21900   5.84e-01  1.72e-01  1.44e-01  9.94e-02  8.91e-02  6.83e-02  1.43e+04  2.85e+01 -1.00e+05
2016 02 10  0610   57428  22200   6.76e-01  2.13e-01  1.85e-01  7.96e-02  6.93e-02  4.85e-02  1.43e+04  3.12e+01 -1.00e+05
2016 02 10  0615   57428  22500   4.20e-01  1.25e-01  9.78e-02  5.29e-02  4.27e-02  2.19e-02  1.43e+04  3.41e+01 -1.00e+05
2016 02 10  0620   57428  22800   7.13e-01  2.63e-01  1.68e-01  1.11e-01  1.01e-01  6.70e-02  1.43e+04  2.58e+01 -1.00e+05
2016 02 10  0625   57428  23100   7.79e-01  2.78e-01  1.57e-01  7.83e-02  6.80e-02  3.00e-02  1.43e+04  3.01e+01 -1.00e+05
2016 02 10  0630   57428  23400   7.35e-01  1.69e-01  1.04e-01  5.29e-02  4.27e-02  2.19e-02  1.42e+04  3.30e+01 -1.00e+05
2016 02 10  0635   57428  23700   3.63e-01  1.67e-01  1.39e-01  9.44e-02  8.42e-02  6.34e-02  1.38e+04  2.77e+01 -1.00e+05
2016 02 10  0640   57428  24000   5.78e-01  1.93e-01  1.66e-01  5.42e-02  4.30e-02  2.19e-02  1.35e+04  2.82e+01 -1.00e+05
2016 02 10  0645   57428  24300   6.63e-01  2.48e-01  1.36e-01  7.58e-02  5.70e-02  3.37e-02  1.30e+04  2.53e+01 -1.00e+05
2016 02 10  0650   57428  24600   5.14e-01  1.27e-01  9.97e-02  5.48e-02  4.46e-02  2.38e-02  1.24e+04  2.48e+01 -1.00e+05
2016 02 10  0655   57428  24900   4.17e-01  1.25e-01  9.78e-02  5.29e-02  4.27e-02  2.19e-02  1.17e+04  2.46e+01 -1.00e+05
2016 02 10  0700   57428  25200   3.26e-01  1.69e-01  1.04e-01  5.29e-02  4.27e-02  2.19e-02  1.08e+04  2.37e+01 -1.00e+05
2016 02 10  0705   57428  25500   3.03e-01  1.40e-01  1.12e-01  6.72e-02  5.69e-02  3.61e-02  9.74e+03  1.55e+01 -1.00e+05
2016 02 10  0710   57428  25800   3.87e-01  2.11e-01  1.83e-01  7.71e-02  6.69e-02  4.60e-02  9.70e+03  1.63e+01 -1.00e+05
2016 02 10  0715   57428  26100   3.69e-01  1.30e-01  1.02e-01  5.73e-02  4.70e-02  2.62e-02  8.96e+03  1.93e+01 -1.00e+05
2016 02 10  0720   57428  26400   3.60e-01  1.55e-01  1.27e-01  8.20e-02  7.18e-02  5.10e-02  8.43e+03  1.44e+01 -1.00e+05
2016 02 10  0725   57428  26700   3.49e-01  1.27e-01  9.97e-02  5.48e-02  4.46e-02  2.38e-02  9.33e+03  1.49e+01 -1.00e+05
2016 02 10  0730   57428  27000   2.94e-01  2.41e-01  1.28e-01  6.76e-02  4.62e-02  2.20e-02  8.98e+03  1.10e+01 -1.00e+05
2016 02 10  0735   57428  27300   1.54e-01  1.25e-01  9.78e-02  5.29e-02  4.27e-02  2.19e-02  9.73e+03  1.67e+01 -1.00e+05
2016 02 10  0740   57428  27600   4.69e-01  1.47e-01  1.19e-01  7.39e-02  4.74e-02  2.19e-02  9.73e+03  1.76e+01 -1.00e+05
2016 02 10  0745   57428  27900   7.08e-01  2.19e-01  1.01e-01  5.29e-02  4.27e-02  2.19e-02  7.73e+03  1.29e+01 -1.00e+05
2016 02 10  0750   57428  28200   5.92e-01  2.34e-01  1.16e-01  6.73e-02  4.59e-02  2.19e-02  9.86e+03  1.88e+01 -1.00e+05
2016 02 10  0755   57428  28500   5.74e-01  2.17e-01  1.60e-01  1.09e-01  8.45e-02  5.54e-02  1.05e+04  1.92e+01 -1.00e+05
2016 02 10  0800   57428  28800   4.02e-01  1.74e-01  1.46e-01  1.00e-01  5.33e-02  2.19e-02  1.16e+04  1.99e+01 -1.00e+05
2016 02 10  0805   57428  29100   4.88e-01  1.40e-01  1.12e-01  6.72e-02  5.69e-02  3.61e-02  1.28e+04  2.79e+01 -1.00e+05
2016 02 10  0810   57428  29400   4.86e-01  1.40e-01  1.13e-01  6.73e-02  4.59e-02  2.19e-02  1.10e+04  2.48e+01 -1.00e+05
2016 02 10  0815   57428  29700   4.73e-01  1.62e-01  1.34e-01  8.81e-02  4.89e-02  2.19e-02  1.13e+04  2.13e+01 -1.00e+05
2016 02 10  0820   57428  30000   5.09e-01  2.75e-01  2.48e-01  5.98e-02  4.95e-02  2.87e-02  1.02e+04  2.03e+01 -1.00e+05
2016 02 10  0825   57428  30300   3.37e-01  1.74e-01  1.47e-01  1.02e-01  9.16e-02  7.08e-02  9.56e+03  1.62e+01 -1.00e+05
2016 02 10  0830   57428  30600   1.87e-01  1.59e-01  1.31e-01  8.58e-02  6.59e-02  3.31e-02  9.56e+03  1.76e+01 -1.00e+05
2016 02 10  0835   57428  30900   5.15e-01  1.69e-01  1.04e-01  5.29e-02  4.27e-02  2.19e-02  9.60e+03  2.05e+01 -1.00e+05
2016 02 10  0840   57428  31200   3.68e-01  2.12e-01  1.84e-01  9.73e-02  8.48e-02  6.34e-02  9.82e+03  1.89e+01 -1.00e+05
2016 02 10  0845   57428  31500   5.21e-01  1.67e-01  1.40e-01  9.35e-02  5.18e-02  2.19e-02  8.67e+03  1.59e+01 -1.00e+05
2016 02 10  0850   57428  31800   4.27e-01  1.32e-01  1.05e-01  5.98e-02  4.95e-02  2.87e-02  8.74e+03  1.57e+01 -1.00e+05
2016 02 10  0855   57428  32100   4.41e-01  1.92e-01  1.64e-01  5.29e-02  4.27e-02  2.19e-02  8.93e+03  1.89e+01 -1.00e+05
2016 02 10  0900   57428  32400   3.22e-01  1.25e-01  9.78e-02  5.29e-02  4.27e-02  2.19e-02  8.88e+03  1.91e+01 -1.00e+05
2016 02 10  0905   57428  32700   4.60e-01  1.77e-01  1.49e-01  1.04e-01  9.41e-02  7.33e-02  9.60e+03  1.84e+01 -1.00e+05
2016 02 10  0910   57428  33000   1.55e-01  1.27e-01  9.97e-02  5.48e-02  4.46e-02  2.38e-02  1.01e+04  2.06e+01 -1.00e+05
2016 02 10  0915   57428  33300   2.82e-01  2.30e-01  1.73e-01  1.22e-01  1.12e-01  4.41e-02  1.06e+04  2.05e+01 -1.00e+05
2016 02 10  0920   57428  33600   2.63e-01  1.67e-01  1.39e-01  9.28e-02  4.89e-02  2.19e-02  1.08e+04  2.09e+01 -1.00e+05
2016 02 10  0925   57428  33900   3.92e-01  1.37e-01  1.10e-01  6.47e-02  5.45e-02  3.37e-02  1.18e+04  2.51e+01 -1.00e+05
2016 02 10  0930   57428  34200   5.35e-01  2.21e-01  1.03e-01  5.48e-02  4.46e-02  2.38e-02  1.33e+04  3.13e+01 -1.00e+05
2016 02 10  0935   57428  34500   5.17e-01  1.92e-01  1.64e-01  5.29e-02  4.27e-02  2.19e-02  1.35e+04  3.31e+01 -1.00e+05
2016 02 10  0940   57428  34800   6.46e-01  3.08e-01  2.81e-01  8.98e-02  4.89e-02  2.19e-02  1.29e+04  2.74e+01 -1.00e+05
2016 02 10  0945   57428  35100   2.85e-01  1.25e-01  9.78e-02  5.29e-02  4.27e-02  2.19e-02  1.31e+04  3.48e+01 -1.00e+05
2016 02 10  0950   57428  35400   5.83e-01  1.72e-01  1.27e-01  7.86e-02  6.84e-02  3.14e-02  1.36e+04  3.70e+01 -1.00e+05
2016 02 10  0955   57428  35700   5.68e-01  2.81e-01  1.69e-01  1.08e-01  8.17e-02  2.28e-02  1.35e+04  3.27e+01 -1.00e+05
2016 02 10  1000   57428  36000   7.86e-01  2.93e-01  1.80e-01  5.29e-02  4.27e-02  2.19e-02  1.41e+04  3.82e+01 -1.00e+05
2016 02 10  1005   57428  36300   4.49e-01  1.80e-01  1.53e-01  5.29e-02  4.27e-02  2.19e-02  1.48e+04  4.23e+01 -1.00e+05
2016 02 10  1010   57428  36600   8.09e-01  1.95e-01  1.67e-01  1.22e-01  1.05e-01  5.61e-02  1.50e+04  3.68e+01 -1.00e+05
2016 02 10  1015   57428  36900   1.05e+00  2.54e-01  1.38e-01  8.95e-02  7.92e-02  5.84e-02  1.56e+04  4.49e+01 -1.00e+05
2016 02 10  1020   57428  37200   1.22e+00  3.64e-01  1.78e-01  5.29e-02  4.27e-02  2.19e-02  1.60e+04  5.27e+01 -1.00e+05
2016 02 10  1025   57428  37500   9.83e-01  2.93e-01  1.80e-01  5.29e-02  4.27e-02  2.19e-02  1.62e+04  5.07e+01 -1.00e+05
2016 02 10  1030   57428  37800   7.13e-01  1.83e-01  1.56e-01  1.11e-01  1.01e-01  4.51e-02  1.64e+04  5.32e+01 -1.00e+05
2016 02 10  1035   57428  38100   7.71e-01  1.57e-01  1.29e-01  8.46e-02  7.43e-02  3.20e-02  1.75e+04  5.67e+01 -1.00e+05
2016 02 10  1040   57428  38400   6.75e-01  2.70e-01  2.42e-01  5.29e-02  4.27e-02  2.19e-02  1.79e+04  5.91e+01 -1.00e+05
2016 02 10  1045   57428  38700   7.43e-01  2.22e-01  1.94e-01  1.49e-01  1.33e-01  5.02e-02  1.87e+04  5.85e+01 -1.00e+05
2016 02 10  1050   57428  39000   1.73e+00  4.82e-01  3.11e-01  8.81e-02  4.89e-02  2.19e-02  1.89e+04  6.90e+01 -1.00e+05
2016 02 10  1055   57428  39300   1.06e+00  2.00e-01  1.72e-01  1.26e-01  7.98e-02  4.85e-02  1.99e+04  6.76e+01 -1.00e+05
2016 02 10  1100   57428  39600   1.21e+00  1.26e-01  9.81e-02  5.32e-02  4.30e-02  2.20e-02  2.12e+04  7.49e+01 -1.00e+05
2016 02 10  1105   57428  39900   9.85e-01  1.99e-01  1.72e-01  6.22e-02  5.20e-02  3.12e-02  2.19e+04  7.71e+01 -1.00e+05
2016 02 10  1110   57428  40200   1.25e+00  2.80e-01  2.48e-01  1.23e-01  9.97e-02  4.86e-02  2.21e+04  8.00e+01 -1.00e+05
2016 02 10  1115   57428  40500   1.04e+00  1.89e-01  1.61e-01  1.16e-01  9.47e-02  7.08e-02  2.33e+04  8.41e+01 -1.00e+05
2016 02 10  1120   57428  40800   1.33e+00  1.25e-01  9.78e-02  5.29e-02  4.27e-02  2.19e-02  2.45e+04  9.41e+01 -1.00e+05
2016 02 10  1125   57428  41100   1.46e+00  2.19e-01  1.91e-01  9.35e-02  8.33e-02  6.25e-02  2.59e+04  1.05e+02 -1.00e+05
2016 02 10  1130   57428  41400   3.15e+00  3.55e-01  1.01e-01  5.29e-02  4.27e-02  2.19e-02  2.70e+04  1.15e+02 -1.00e+05
2016 02 10  1135   57428  41700   1.23e+00  1.25e-01  9.78e-02  5.29e-02  4.27e-02  2.19e-02  2.72e+04  1.16e+02 -1.00e+05
2016 02 10  1140   57428  42000   1.39e+00  1.33e-01  1.06e-01  6.08e-02  4.44e-02  2.19e-02  2.73e+04  1.14e+02 -1.00e+05
2016 02 10  1145   57428  42300   1.45e+00  1.74e-01  1.47e-01  1.02e-01  9.16e-02  7.08e-02  2.73e+04  1.21e+02 -1.00e+05
2016 02 10  1150   57428  42600   1.64e+00  1.91e-01  1.28e-01  7.71e-02  6.69e-02  4.60e-02  2.74e+04  1.28e+02 -1.00e+05
2016 02 10  1155   57428  42900   2.24e+00  3.31e-01  2.18e-01  8.98e-02  4.89e-02  2.19e-02  2.86e+04  1.24e+02 -1.00e+05
2016 02 10  1200   57428  43200   2.27e+00  3.97e-01  2.81e-01  2.17e-01  1.24e-01  4.01e-02  2.86e+04  1.32e+02 -1.00e+05
2016 02 10  1205   57428  43500   1.47e+00  2.07e-01  1.79e-01  1.33e-01  8.90e-02  5.84e-02  2.86e+04  1.38e+02 -1.00e+05
2016 02 10  1210   57428  43800   2.18e+00  3.15e-01  2.04e-01  8.45e-02  7.43e-02  5.35e-02  2.94e+04  1.42e+02 -1.00e+05
2016 02 10  1215   57428  44100   1.48e+00  3.08e-01  2.80e-01  1.05e-01  8.08e-02  5.60e-02  3.00e+04  1.49e+02 -1.00e+05
2016 02 10  1220   57428  44400   1.42e+00  1.45e-01  1.17e-01  7.20e-02  6.18e-02  2.80e-02  3.00e+04  1.45e+02 -1.00e+05
2016 02 10  1225   57428  44700   3.13e+00  4.95e-01  2.29e-01  1.10e-01  8.78e-02  6.34e-02  3.00e+04  1.42e+02 -1.00e+05
2016 02 10  1230   57428  45000   1.48e+00  3.37e-01  3.09e-01  1.26e-01  8.76e-02  5.84e-02  3.00e+04  1.41e+02 -1.00e+05
2016 02 10  1235   57428  45300   1.84e+00  2.78e-01  1.30e-01  8.16e-02  7.13e-02  2.27e-02  3.00e+04  1.48e+02 -1.00e+05
2016 02 10  1240   57428  45600   1.39e+00  1.91e-01  1.64e-01  1.18e-01  9.16e-02  3.61e-02  2.96e+04  1.40e+02 -1.00e+05
2016 02 10  1245   57428  45900   1.11e+00  2.33e-01  2.05e-01  1.60e-01  1.47e-01  6.29e-02  2.91e+04  1.38e+02 -1.00e+05
2016 02 10  1250   57428  46200   1.30e+00  1.25e-01  9.78e-02  5.29e-02  4.27e-02  2.19e-02  2.96e+04  1.40e+02 -1.00e+05
2016 02 10  1255   57428  46500   1.48e+00  3.71e-01  2.58e-01  5.29e-02  4.27e-02  2.19e-02  2.92e+04  1.47e+02 -1.00e+05
2016 02 10  1300   57428  46800   9.73e-01  1.74e-01  1.46e-01  1.00e-01  5.33e-02  2.19e-02  2.86e+04  1.46e+02 -1.00e+05
2016 02 10  1305   57428  47100   1.41e+00  2.66e-01  2.05e-01  9.69e-02  8.67e-02  6.59e-02  2.91e+04  1.48e+02 -1.00e+05
2016 02 10  1310   57428  47400   9.24e-01  1.38e-01  1.11e-01  6.58e-02  5.55e-02  2.60e-02  2.89e+04  1.52e+02 -1.00e+05
2016 02 10  1315   57428  47700   1.10e+00  1.92e-01  1.64e-01  5.29e-02  4.27e-02  2.19e-02  2.92e+04  1.54e+02 -1.00e+05
2016 02 10  1320   57428  48000   1.26e+00  3.14e-01  2.87e-01  9.54e-02  4.89e-02  2.19e-02  2.99e+04  1.49e+02 -1.00e+05
2016 02 10  1325   57428  48300   1.32e+00  1.79e-01  1.51e-01  1.06e-01  9.58e-02  4.86e-02  2.99e+04  1.47e+02 -1.00e+05
2016 02 10  1330   57428  48600   1.06e+00  1.76e-01  1.49e-01  1.04e-01  9.36e-02  7.28e-02  2.96e+04  1.40e+02 -1.00e+05
2016 02 10  1335   57428  48900   1.19e+00  3.01e-01  2.73e-01  9.35e-02  5.69e-02  2.40e-02  2.98e+04  1.49e+02 -1.00e+05
2016 02 10  1340   57428  49200   1.66e+00  2.72e-01  1.55e-01  1.05e-01  5.97e-02  2.87e-02  2.94e+04  1.42e+02 -1.00e+05
2016 02 10  1345   57428  49500   2.58e+00  3.31e-01  1.27e-01  7.86e-02  6.84e-02  3.14e-02  2.99e+04  1.44e+02 -1.00e+05
2016 02 10  1350   57428  49800   1.24e+00  1.38e-01  1.11e-01  6.58e-02  5.55e-02  2.60e-02  3.00e+04  1.54e+02 -1.00e+05
2016 02 10  1355   57428  50100   1.37e+00  1.95e-01  1.67e-01  1.22e-01  1.12e-01  4.41e-02  3.00e+04  1.49e+02 -1.00e+05
2016 02 10  1400   57428  50400   1.38e+00  1.25e-01  9.78e-02  5.29e-02  4.27e-02  2.19e-02  3.07e+04  1.49e+02 -1.00e+05
2016 02 10  1405   57428  50700   1.11e+00  1.53e-01  1.25e-01  8.01e-02  6.98e-02  3.69e-02  3.13e+04  1.55e+02 -1.00e+05
2016 02 10  1410   57428  51000   1.01e+00  1.25e-01  9.78e-02  5.29e-02  4.27e-02  2.19e-02  3.13e+04  1.63e+02 -1.00e+05
2016 02 10  1415   57428  51300   1.06e+00  1.25e-01  9.78e-02  5.29e-02  4.27e-02  2.19e-02  3.13e+04  1.61e+02 -1.00e+05
2016 02 10  1420   57428  51600   1.35e+00  1.46e-01  1.19e-01  7.36e-02  5.73e-02  2.60e-02  3.18e+04  1.61e+02 -1.00e+05
2016 02 10  1425   57428  51900   1.60e+00  1.30e-01  1.02e-01  5.74e-02  4.71e-02  2.62e-02  3.25e+04  1.68e+02 -1.00e+05
2016 02 10  1430   57428  52200   1.77e+00  2.81e-01  2.17e-01  6.73e-02  4.59e-02  2.19e-02  3.26e+04  1.68e+02 -1.00e+05
2016 02 10  1435   57428  52500   1.83e+00  2.63e-01  1.33e-01  8.46e-02  7.43e-02  3.20e-02  3.26e+04  1.74e+02 -1.00e+05
2016 02 10  1440   57428  52800   2.47e+00  3.97e-01  1.82e-01  5.29e-02  4.27e-02  2.19e-02  3.26e+04  1.72e+02 -1.00e+05
2016 02 10  1445   57428  53100   1.82e+00  1.97e-01  1.33e-01  8.04e-02  4.89e-02  2.19e-02  3.26e+04  1.73e+02 -1.00e+05
2016 02 10  1450   57428  53400   1.52e+00  1.40e-01  1.12e-01  6.73e-02  5.10e-02  2.40e-02  3.26e+04  1.70e+02 -1.00e+05
2016 02 10  1455   57428  53700   1.62e+00  1.66e-01  1.38e-01  9.33e-02  8.31e-02  6.23e-02  3.30e+04  1.71e+02 -1.00e+05
2016 02 10  1500   57428  54000   1.38e+00  1.37e-01  1.10e-01  6.47e-02  5.45e-02  3.37e-02  3.38e+04  1.83e+02 -1.00e+05
2016 02 10  1505   57428  54300   1.35e+00  1.67e-01  1.39e-01  9.44e-02  8.42e-02  6.34e-02  3.40e+04  1.79e+02 -1.00e+05
2016 02 10  1510   57428  54600   1.40e+00  1.50e-01  1.23e-01  7.78e-02  6.76e-02  4.68e-02  3.40e+04  1.85e+02 -1.00e+05
2016 02 10  1515   57428  54900   2.79e+00  3.53e-01  1.87e-01  1.37e-01  9.46e-02  6.44e-02  3.40e+04  1.88e+02 -1.00e+05
2016 02 10  1520   57428  55200   1.30e+00  1.27e-01  9.97e-02  5.48e-02  4.46e-02  2.38e-02  3.40e+04  1.91e+02 -1.00e+05
2016 02 10  1525   57428  55500   1.98e+00  2.24e-01  1.76e-01  9.54e-02  8.52e-02  5.19e-02  3.41e+04  1.82e+02 -1.00e+05
2016 02 10  1530   57428  55800   1.85e+00  1.97e-01  1.33e-01  8.04e-02  4.89e-02  2.19e-02  3.53e+04  1.95e+02 -1.00e+05
2016 02 10  1535   57428  56100   2.81e+00  2.68e-01  1.25e-01  7.71e-02  6.69e-02  4.60e-02  3.56e+04  1.99e+02 -1.00e+05
2016 02 10  1540   57428  56400   1.58e+00  2.08e-01  1.80e-01  1.02e-01  9.16e-02  7.08e-02  3.56e+04  2.09e+02 -1.00e+05
2016 02 10  1545   57428  56700   2.31e+00  2.61e-01  1.48e-01  5.29e-02  4.27e-02  2.19e-02  3.56e+04  2.03e+02 -1.00e+05
2016 02 10  1550   57428  57000   1.58e+00  1.51e-01  1.24e-01  7.87e-02  6.84e-02  4.76e-02  3.56e+04  2.10e+02 -1.00e+05
2016 02 10  1555   57428  57300   2.81e+00  2.66e-01  1.53e-01  9.13e-02  4.89e-02  2.19e-02  3.56e+04  2.12e+02 -1.00e+05
2016 02 10  1600   57428  57600   1.75e+00  1.70e-01  1.42e-01  9.71e-02  8.69e-02  3.61e-02  3.56e+04  2.11e+02 -1.00e+05
2016 02 10  1605   57428  57900   1.55e+00  2.09e-01  1.82e-01  1.36e-01  1.16e-01  4.73e-02  3.56e+04  2.17e+02 -1.00e+05
2016 02 10  1610   57428  58200   1.76e+00  2.16e-01  1.89e-01  1.03e-01  9.28e-02  5.94e-02  3.61e+04  2.13e+02 -1.00e+05
2016 02 10  1615   57428  58500   1.77e+00  1.42e-01  1.15e-01  6.97e-02  5.94e-02  3.86e-02  3.72e+04  2.29e+02 -1.00e+05
2016 02 10  1620   57428  58800   2.21e+00  2.77e-01  2.50e-01  6.80e-02  5.77e-02  3.47e-02  3.76e+04  2.35e+02 -1.00e+05
2016 02 10  1625   57428  59100   4.23e+00  4.00e-01  1.47e-01  9.94e-02  8.91e-02  6.83e-02  3.76e+04  2.42e+02 -1.00e+05
2016 02 10  1630   57428  59400   1.97e+00  1.35e-01  1.07e-01  6.22e-02  5.20e-02  3.12e-02  3.76e+04  2.40e+02 -1.00e+05
2016 02 10  1635   57428  59700   3.23e+00  2.30e-01  1.18e-01  5.73e-02  4.70e-02  2.62e-02  3.88e+04  2.57e+02 -1.00e+05
2016 02 10  1640   57428  60000   2.03e+00  1.30e-01  1.02e-01  5.73e-02  4.70e-02  2.62e-02  3.96e+04  2.59e+02 -1.00e+05
2016 02 10  1645   57428  60300   2.21e+00  1.47e-01  1.20e-01  7.46e-02  6.44e-02  4.36e-02  3.96e+04  2.64e+02 -1.00e+05
2016 02 10  1650   57428  60600   2.84e+00  1.90e-01  1.26e-01  7.39e-02  4.74e-02  2.19e-02  3.98e+04  2.81e+02 -1.00e+05
2016 02 10  1655   57428  60900   2.51e+00  1.79e-01  1.51e-01  1.06e-01  9.61e-02  3.33e-02  4.13e+04  2.79e+02 -1.00e+05
2016 02 10  1700   57428  61200   2.50e+00  1.66e-01  1.39e-01  9.38e-02  8.35e-02  6.27e-02  4.08e+04  2.76e+02 -1.00e+05
2016 02 10  1705   57428  61500   2.44e+00  1.45e-01  1.17e-01  7.20e-02  6.18e-02  2.80e-02  3.98e+04  2.65e+02 -1.00e+05
2016 02 10  1710   57428  61800   2.48e+00  1.37e-01  1.09e-01  6.39e-02  4.85e-02  2.62e-02  4.12e+04  2.76e+02 -1.00e+05
2016 02 10  1715   57428  62100   2.59e+00  1.47e-01  1.19e-01  7.39e-02  4.74e-02  2.19e-02  4.16e+04  2.98e+02 -1.00e+05
2016 02 10  1720   57428  62400   2.60e+00  2.83e-01  2.55e-01  1.35e-01  1.13e-01  5.45e-02  4.16e+04  2.90e+02 -1.00e+05
2016 02 10  1725   57428  62700   2.54e+00  1.78e-01  1.51e-01  1.06e-01  9.54e-02  4.68e-02  4.16e+04  2.82e+02 -1.00e+05
2016 02 10  1730   57428  63000   3.99e+00  3.51e-01  2.38e-01  1.12e-01  6.12e-02  2.87e-02  4.16e+04  2.96e+02 -1.00e+05
2016 02 10  1735   57428  63300   2.96e+00  2.79e-01  2.52e-01  6.47e-02  5.45e-02  3.37e-02  4.16e+04  2.89e+02 -1.00e+05
2016 02 10  1740   57428  63600   2.40e+00  1.25e-01  9.78e-02  5.29e-02  4.27e-02  2.19e-02  4.16e+04  2.97e+02 -1.00e+05
2016 02 10  1745   57428  63900   2.87e+00  1.25e-01  9.78e-02  5.29e-02  4.27e-02  2.19e-02  4.18e+04  3.13e+02 -1.00e+05
2016 02 10  1750   57428  64200   2.65e+00  1.66e-01  1.38e-01  9.31e-02  7.24e-02  4.85e-02  4.19e+04  3.14e+02 -1.00e+05
2016 02 10  1755   57428  64500   2.87e+00  1.38e-01  1.11e-01  6.58e-02  5.55e-02  2.60e-02  4.30e+04  3.07e+02 -1.00e+05
2016 02 10  1800   57428  64800   4.48e+00  2.34e-01  1.21e-01  6.08e-02  4.44e-02  2.19e-02  4.40e+04  3.27e+02 -1.00e+05
2016 02 10  1805   57428  65100   2.90e+00  1.66e-01  1.38e-01  5.95e-02  4.92e-02  2.40e-02  4.40e+04  3.50e+02 -1.00e+05
2016 02 10  1810   57428  65400   5.26e+00  2.19e-01  1.01e-01  5.29e-02  4.27e-02  2.19e-02  4.40e+04  3.57e+02 -1.00e+05
2016 02 10  1815   57428  65700   3.22e+00  1.71e-01  1.43e-01  9.73e-02  6.37e-02  3.61e-02  4.40e+04  3.53e+02 -1.00e+05
2016 02 10  1820   57428  66000   4.51e+00  2.44e-01  1.32e-01  7.21e-02  6.19e-02  4.11e-02  4.40e+04  3.45e+02 -1.00e+05
2016 02 10  1825   57428  66300   3.47e+00  1.93e-01  1.66e-01  5.42e-02  4.30e-02  2.19e-02  4.46e+04  3.62e+02 -1.00e+05
2016 02 10  1830   57428  66600   3.21e+00  2.14e-01  1.86e-01  7.91e-02  6.85e-02  4.80e-02  4.40e+04  3.48e+02 -1.00e+05
2016 02 10  1835   57428  66900   3.08e+00  1.79e-01  1.51e-01  1.06e-01  9.58e-02  7.52e-02  4.40e+04  3.47e+02 -1.00e+05
2016 02 10  1840   57428  67200   4.19e+00  2.00e-01  1.40e-01  5.31e-02  4.26e-02  2.20e-02  4.40e+04  3.48e+02 -1.00e+05
2016 02 10  1845   57428  67500   6.23e+00  3.35e-01  1.24e-01  7.57e-02  4.77e-02  2.20e-02  4.40e+04  3.51e+02 -1.00e+05
2016 02 10  1850   57428  67800   3.38e+00  2.71e-01  2.43e-01  5.31e-02  4.26e-02  2.20e-02  4.42e+04  3.55e+02 -1.00e+05
2016 02 10  1855   57428  68100   3.32e+00  1.26e-01  9.81e-02  5.31e-02  4.26e-02  2.20e-02  4.40e+04  3.48e+02 -1.00e+05
2016 02 10  1900   57428  68400   3.26e+00  1.82e-01  1.54e-01  1.09e-01  9.81e-02  7.76e-02  4.42e+04  3.55e+02 -1.00e+05
2016 02 10  1905   57428  68700   5.77e+00  2.75e-01  1.10e-01  6.17e-02  5.12e-02  3.07e-02  4.47e+04  3.47e+02 -1.00e+05
2016 02 10  1910   57428  69000   3.05e+00  1.85e-01  1.57e-01  1.11e-01  6.74e-02  2.70e-02  4.56e+04  3.48e+02 -1.00e+05
2016 02 10  1915   57428  69300   3.32e+00  1.41e-01  1.13e-01  6.85e-02  5.79e-02  2.70e-02  4.62e+04  3.51e+02 -1.00e+05
2016 02 10  1920   57428  69600   3.21e+00  1.35e-01  1.07e-01  6.22e-02  5.17e-02  2.50e-02  4.66e+04  3.66e+02 -1.00e+05
2016 02 10  1925   57428  69900   3.50e+00  1.98e-01  1.70e-01  1.25e-01  1.15e-01  6.96e-02  4.66e+04  3.59e+02 -1.00e+05
2016 02 10  1930   57428  70200   4.16e+00  2.33e-01  1.52e-01  9.68e-02  7.89e-02  3.30e-02  4.46e+04  3.50e+02 -1.00e+05
2016 02 10  1935   57428  70500   2.81e+00  1.42e-01  1.14e-01  6.92e-02  5.86e-02  3.81e-02  4.40e+04  3.19e+02 -1.00e+05
2016 02 10  1940   57428  70800   3.07e+00  1.26e-01  9.81e-02  5.31e-02  4.26e-02  2.20e-02  4.37e+04  3.01e+02 -1.00e+05
2016 02 10  1945   57428  71100   3.23e+00  2.25e-01  1.69e-01  1.19e-01  1.08e-01  4.31e-02  4.17e+04  2.92e+02 -1.00e+05
2016 02 10  1950   57428  71400   2.87e+00  2.71e-01  2.43e-01  5.31e-02  4.26e-02  2.20e-02  4.16e+04  2.76e+02 -1.00e+05
2016 02 10  1955   57428  71700   4.20e+00  3.47e-01  1.99e-01  6.91e-02  4.62e-02  2.20e-02  4.20e+04  2.76e+02 -1.00e+05
2016 02 10  2000   57428  72000   2.71e+00  1.85e-01  1.57e-01  1.12e-01  1.02e-01  4.11e-02  4.16e+04  2.76e+02 -1.00e+05
2016 02 10  2005   57428  72300   2.56e+00  2.45e-01  2.17e-01  1.72e-01  1.46e-01  5.95e-02  4.13e+04  2.52e+02 -1.00e+05
2016 02 10  2010   57428  72600   2.26e+00  1.77e-01  1.49e-01  1.04e-01  9.37e-02  7.31e-02  3.96e+04  2.38e+02 -1.00e+05
2016 02 10  2015   57428  72900   2.29e+00  2.18e-01  1.90e-01  8.40e-02  7.35e-02  5.30e-02  3.96e+04  2.48e+02 -1.00e+05
2016 02 10  2020   57428  73200   2.37e+00  1.43e-01  1.15e-01  6.91e-02  4.62e-02  2.20e-02  4.02e+04  2.50e+02 -1.00e+05
2016 02 10  2025   57428  73500   2.53e+00  2.71e-01  2.43e-01  5.62e-02  4.56e-02  2.38e-02  4.00e+04  2.50e+02 -1.00e+05
2016 02 10  2030   57428  73800   2.18e+00  1.99e-01  1.71e-01  1.26e-01  1.14e-01  6.23e-02  3.96e+04  2.28e+02 -1.00e+05
2016 02 10  2035   57428  74100   2.32e+00  1.84e-01  1.56e-01  1.10e-01  7.70e-02  3.10e-02  3.96e+04  2.26e+02 -1.00e+05
2016 02 10  2040   57428  74400   2.25e+00  2.53e-01  2.25e-01  1.79e-01  1.46e-01  5.32e-02  3.96e+04  2.23e+02 -1.00e+05
2016 02 10  2045   57428  74700   2.76e+00  2.63e-01  2.06e-01  9.14e-02  8.09e-02  6.04e-02  3.90e+04  2.20e+02 -1.00e+05
2016 02 10  2050   57428  75000   2.29e+00  1.93e-01  1.65e-01  5.31e-02  4.26e-02  2.20e-02  3.91e+04  2.19e+02 -1.00e+05
2016 02 10  2055   57428  75300   4.72e+00  4.42e-01  2.27e-01  1.77e-01  1.10e-01  3.71e-02  3.96e+04  2.25e+02 -1.00e+05
2016 02 10  2100   57428  75600   3.85e+00  2.49e-01  1.08e-01  5.92e-02  4.87e-02  2.82e-02  3.96e+04  2.27e+02 -1.00e+05
2016 02 10  2105   57428  75900   2.32e+00  1.74e-01  1.46e-01  1.01e-01  9.08e-02  6.52e-02  3.96e+04  2.48e+02 -1.00e+05
2016 02 10  2110   57428  76200   4.21e+00  2.83e-01  1.69e-01  1.19e-01  8.34e-02  5.54e-02  4.08e+04  2.48e+02 -1.00e+05
2016 02 10  2115   57428  76500   2.27e+00  1.35e-01  1.07e-01  6.22e-02  5.17e-02  2.50e-02  3.97e+04  2.45e+02 -1.00e+05
2016 02 10  2120   57428  76800   2.82e+00  1.82e-01  1.39e-01  9.08e-02  6.78e-02  2.90e-02  3.96e+04  2.34e+02 -1.00e+05
2016 02 10  2125   57428  77100   2.08e+00  1.42e-01  1.14e-01  6.92e-02  5.86e-02  3.81e-02  3.96e+04  2.24e+02 -1.00e+05
2016 02 10  2130   57428  77400   2.18e+00  1.37e-01  1.09e-01  6.42e-02  5.37e-02  3.31e-02  3.96e+04  2.23e+02 -1.00e+05
2016 02 10  2135   57428  77700   3.77e+00  3.07e-01  1.53e-01  1.04e-01  7.56e-02  3.10e-02  3.96e+04  2.25e+02 -1.00e+05
2016 02 10  2140   57428  78000   2.39e+00  2.50e-01  2.22e-01  8.73e-02  7.67e-02  3.30e-02  3.88e+04  2.19e+02 -1.00e+05
2016 02 10  2145   57428  78300   2.21e+00  1.74e-01  1.46e-01  9.98e-02  5.78e-02  2.82e-02  3.92e+04  2.16e+02 -1.00e+05
2016 02 10  2150   57428  78600   2.54e+00  2.61e-01  2.33e-01  9.08e-02  6.78e-02  2.90e-02  3.92e+04  2.16e+02 -1.00e+05
2016 02 10  2155   57428  78900   2.26e+00  1.73e-01  1.45e-01  9.99e-02  8.94e-02  5.97e-02  3.85e+04  2.09e+02 -1.00e+05
2016 02 10  2200   57428  79200   2.98e+00  2.37e-01  1.52e-01  9.62e-02  7.97e-02  3.76e-02  3.76e+04  2.04e+02 -1.00e+05
2016 02 10  2205   57428  79500   2.17e+00  1.26e-01  9.81e-02  5.31e-02  4.26e-02  2.20e-02  3.76e+04  2.11e+02 -1.00e+05
2016 02 10  2210   57428  79800   2.16e+00  1.71e-01  1.44e-01  9.85e-02  8.79e-02  5.42e-02  3.76e+04  2.09e+02 -1.00e+05
2016 02 10  2215   57428  80100   2.27e+00  1.92e-01  1.64e-01  1.19e-01  1.08e-01  4.31e-02  3.76e+04  1.95e+02 -1.00e+05
2016 02 10  2220   57428  80400   2.25e+00  2.10e-01  1.51e-01  6.42e-02  5.37e-02  3.31e-02  3.76e+04  1.87e+02 -1.00e+05
2016 02 10  2225   57428  80700   2.75e+00  2.38e-01  1.29e-01  6.91e-02  4.62e-02  2.20e-02  3.76e+04  1.92e+02 -1.00e+05
2016 02 10  2230   57428  81000   3.31e+00  2.48e-01  1.11e-01  6.22e-02  5.17e-02  2.50e-02  3.76e+04  1.96e+02 -1.00e+05
2016 02 10  2235   57428  81300   3.60e+00  5.10e-01  3.07e-01  9.15e-02  7.52e-02  5.30e-02  3.76e+04  1.92e+02 -1.00e+05
2016 02 10  2240   57428  81600   2.74e+00  3.19e-01  2.59e-01  6.26e-02  4.47e-02  2.20e-02  3.78e+04  2.04e+02 -1.00e+05
2016 02 10  2245   57428  81900   2.24e+00  1.43e-01  1.15e-01  7.01e-02  5.96e-02  3.34e-02  3.96e+04  2.24e+02 -1.00e+05
2016 02 10  2250   57428  82200   3.88e+00  2.47e-01  1.32e-01  8.22e-02  4.91e-02  2.20e-02  3.94e+04  2.11e+02 -1.00e+05
2016 02 10  2255   57428  82500   1.99e+00  2.11e-01  1.83e-01  1.38e-01  1.28e-01  7.55e-02  3.76e+04  1.91e+02 -1.00e+05
2016 02 10  2300   57428  82800   3.16e+00  4.38e-01  3.33e-01  1.39e-01  1.01e-01  7.28e-02  3.77e+04  1.95e+02 -1.00e+05
2016 02 10  2305   57428  83100   3.82e+00  3.33e-01  1.01e-01  5.31e-02  4.26e-02  2.20e-02  3.76e+04  2.02e+02 -1.00e+05
2016 02 10  2310   57428  83400   1.90e+00  1.66e-01  1.38e-01  8.46e-02  7.41e-02  2.33e-02  3.76e+04  1.90e+02 -1.00e+05
2016 02 10  2315   57428  83700   2.06e+00  1.67e-01  1.39e-01  9.35e-02  8.30e-02  3.50e-02  3.76e+04  1.96e+02 -1.00e+05
2016 02 10  2320   57428  84000   2.05e+00  2.25e-01  1.97e-01  1.06e-01  9.56e-02  3.91e-02  3.76e+04  1.98e+02 -1.00e+05
2016 02 10  2325   57428  84300   2.01e+00  1.96e-01  1.68e-01  5.60e-02  4.32e-02  2.20e-02  3.77e+04  1.98e+02 -1.00e+05
2016 02 10  2330   57428  84600   2.06e+00  1.29e-01  1.01e-01  5.60e-02  4.32e-02  2.20e-02  3.77e+04  2.01e+02 -1.00e+05
2016 02 10  2335   57428  84900   2.50e+00  3.26e-01  2.67e-01  7.66e-02  6.60e-02  4.55e-02  3.79e+04  2.05e+02 -1.00e+05
2016 02 10  2340   57428  85200   2.08e+00  1.26e-01  9.81e-02  5.31e-02  4.26e-02  2.20e-02  3.76e+04  1.92e+02 -1.00e+05
2016 02 10  2345   57428  85500   2.01e+00  1.49e-01  1.21e-01  7.57e-02  4.77e-02  2.20e-02  3.76e+04  1.87e+02 -1.00e+05
2016 02 10  2350   57428  85800   1.98e+00  2.27e-01  1.99e-01  9.32e-02  7.75e-02  5.54e-02  3.64e+04  1.72e+02 -1.00e+05
2016 02 10  2355   57428  86100   1.41e+00  1.26e-01  9.81e-02  5.31e-02  4.26e-02  2.20e-02  3.56e+04  1.60e+02 -1.00e+05
