:Data_list: 20160623_Gp_part_5m.txt
:Created: 2016 Jun 24 0011 UTC
# Prepared by the U.S. Dept. of Commerce, NOAA, Space Weather Prediction Center
# Please send comments and suggestions to SWPC.Webmaster@noaa.gov 
# 
# Label: P > 1 = Particles at >1 Mev
# Label: P > 5 = Particles at >5 Mev
# Label: P >10 = Particles at >10 Mev
# Label: P >30 = Particles at >30 Mev
# Label: P >50 = Particles at >50 Mev
# Label: P>100 = Particles at >100 Mev
# Label: E>0.8 = Electrons at >0.8 Mev
# Label: E>2.0 = Electrons at >2.0 Mev
# Label: E>4.0 = Electrons at >4.0 Mev
# Units: Particles = Protons/cm2-s-sr
# Units: Electrons = Electrons/cm2-s-sr
# Source: GOES-13
# Location: W075
# Missing data: -1.00e+05
#
#                      5-minute  GOES-13 Solar Particle and Electron Flux
#
#                 Modified Seconds
# UTC Date  Time   Julian  of the
# YR MO DA  HHMM    Day     Day     P > 1     P > 5     P >10     P >30     P >50     P>100     E>0.8     E>2.0     E>4.0
#-------------------------------------------------------------------------------------------------------------------------
2016 06 23  0000   57562      0   1.16e+00  2.16e-01  1.32e-01  8.30e-02  7.14e-02  4.83e-02  2.43e+03  5.59e+00 -1.00e+05
2016 06 23  0005   57562    300   8.31e-01  1.98e-01  1.68e-01  8.89e-02  7.73e-02  5.42e-02  2.37e+03  5.98e+00 -1.00e+05
2016 06 23  0010   57562    600   9.19e-01  1.66e-01  1.36e-01  5.94e-02  4.78e-02  2.47e-02  2.28e+03  6.86e+00 -1.00e+05
2016 06 23  0015   57562    900   1.03e+00  1.53e-01  1.23e-01  5.99e-02  4.83e-02  2.51e-02  2.20e+03  8.92e+00 -1.00e+05
2016 06 23  0020   57562   1200   7.47e-01  1.32e-01  1.01e-01  5.99e-02  4.83e-02  2.51e-02  2.12e+03  8.14e+00 -1.00e+05
2016 06 23  0025   57562   1500   9.79e-01  1.97e-01  1.66e-01  1.25e-01  1.14e-01  4.60e-02  2.08e+03  6.77e+00 -1.00e+05
2016 06 23  0030   57562   1800   9.89e-01  2.13e-01  1.83e-01  1.08e-01  9.63e-02  4.63e-02  1.73e+03  5.13e+00 -1.00e+05
2016 06 23  0035   57562   2100   9.40e-01  2.05e-01  1.75e-01  1.32e-01  8.59e-02  3.39e-02  1.68e+03  3.19e+00 -1.00e+05
2016 06 23  0040   57562   2400   1.07e+00  3.03e-01  1.77e-01  5.99e-02  4.83e-02  2.51e-02  1.58e+03  3.99e+00 -1.00e+05
2016 06 23  0045   57562   2700   1.09e+00  2.17e-01  1.42e-01  9.32e-02  8.17e-02  5.84e-02  1.61e+03  3.36e+00 -1.00e+05
2016 06 23  0050   57562   3000   7.00e-01  1.73e-01  1.42e-01  1.01e-01  8.94e-02  6.43e-02  1.55e+03  1.46e+00 -1.00e+05
2016 06 23  0055   57562   3300   1.06e+00  2.72e-01  1.49e-01  9.08e-02  7.92e-02  5.60e-02  1.52e+03  1.71e+00 -1.00e+05
2016 06 23  0100   57562   3600   1.41e+00  2.66e-01  1.29e-01  5.99e-02  4.83e-02  2.51e-02  1.43e+03  3.70e+00 -1.00e+05
2016 06 23  0105   57562   3900   7.21e-01  1.32e-01  1.01e-01  5.99e-02  4.83e-02  2.51e-02  1.41e+03  3.53e+00 -1.00e+05
2016 06 23  0110   57562   4200   8.31e-01  2.24e-01  1.93e-01  1.37e-01  9.34e-02  6.09e-02  1.47e+03  1.33e-01 -1.00e+05
2016 06 23  0115   57562   4500   9.39e-01  1.45e-01  1.15e-01  7.34e-02  6.19e-02  3.86e-02  1.32e+03  2.52e+00 -1.00e+05
2016 06 23  0120   57562   4800   1.49e+00  2.76e-01  1.56e-01  1.12e-01  8.99e-02  6.34e-02  1.38e+03  2.67e+00 -1.00e+05
2016 06 23  0125   57562   5100   7.72e-01  2.57e-01  2.26e-01  8.48e-02  5.39e-02  2.51e-02  1.40e+03  5.57e+00 -1.00e+05
2016 06 23  0130   57562   5400   6.31e-01  2.34e-01  2.04e-01  6.35e-02  5.20e-02  2.87e-02  1.32e+03  6.21e+00 -1.00e+05
2016 06 23  0135   57562   5700   1.50e+00  3.98e-01  1.97e-01  8.74e-02  7.59e-02  3.39e-02  1.36e+03  3.81e+00 -1.00e+05
2016 06 23  0140   57562   6000   8.10e-01  1.51e-01  1.20e-01  7.82e-02  5.25e-02  2.51e-02  1.33e+03  1.67e+00 -1.00e+05
2016 06 23  0145   57562   6300   1.10e+00  1.87e-01  1.09e-01  5.99e-02  4.83e-02  2.51e-02  1.29e+03  3.63e+00 -1.00e+05
2016 06 23  0150   57562   6600   1.01e+00  2.24e-01  1.03e-01  5.99e-02  4.83e-02  2.51e-02  1.28e+03  4.33e+00 -1.00e+05
2016 06 23  0155   57562   6900   8.23e-01  1.86e-01  1.55e-01  9.13e-02  5.54e-02  2.51e-02  1.25e+03  2.72e+00 -1.00e+05
2016 06 23  0200   57562   7200   8.51e-01  1.58e-01  1.27e-01  8.61e-02  7.45e-02  5.11e-02  1.20e+03  1.35e+00 -1.00e+05
2016 06 23  0205   57562   7500   6.81e-01  2.74e-01  2.25e-01  1.80e-01  1.69e-01  8.13e-02  1.13e+03  1.33e-01 -1.00e+05
2016 06 23  0210   57562   7800   5.79e-01  1.53e-01  1.23e-01  5.99e-02  4.83e-02  2.51e-02  1.03e+03  1.40e+00 -1.00e+05
2016 06 23  0215   57562   8100   7.82e-01  1.32e-01  1.01e-01  5.99e-02  4.83e-02  2.51e-02  9.85e+02  2.23e+00 -1.00e+05
2016 06 23  0220   57562   8400   5.23e-01  1.90e-01  1.60e-01  5.99e-02  4.83e-02  2.51e-02  9.49e+02  3.15e+00 -1.00e+05
2016 06 23  0225   57562   8700   7.41e-01  1.88e-01  1.57e-01  1.15e-01  8.67e-02  5.84e-02  9.25e+02  1.33e-01 -1.00e+05
2016 06 23  0230   57562   9000   7.12e-01  1.80e-01  1.49e-01  5.99e-02  4.83e-02  2.51e-02  9.27e+02  2.28e+00 -1.00e+05
2016 06 23  0235   57562   9300   5.85e-01  1.80e-01  1.49e-01  5.99e-02  4.83e-02  2.51e-02  8.90e+02  2.14e+00 -1.00e+05
2016 06 23  0240   57562   9600   7.50e-01  1.53e-01  1.22e-01  8.12e-02  6.96e-02  3.19e-02  7.95e+02  2.44e+00 -1.00e+05
2016 06 23  0245   57562   9900   7.54e-01  2.34e-01  2.03e-01  1.06e-01  8.02e-02  3.48e-02  7.95e+02  1.33e-01 -1.00e+05
2016 06 23  0250   57562  10200   4.92e-01  1.37e-01  1.07e-01  6.51e-02  4.95e-02  2.51e-02  5.79e+02  1.33e-01 -1.00e+05
2016 06 23  0255   57562  10500   5.39e-01  2.40e-01  2.09e-01  7.09e-02  5.94e-02  3.61e-02  2.19e+02  1.33e-01 -1.00e+05
2016 06 23  0300   57562  10800   6.02e-01  1.73e-01  1.42e-01  1.00e-01  6.42e-02  2.79e-02  8.32e+01  1.33e-01 -1.00e+05
2016 06 23  0305   57562  11100   4.38e-01  1.53e-01  1.23e-01  5.99e-02  4.83e-02  2.51e-02  4.81e+01  1.33e-01 -1.00e+05
2016 06 23  0310   57562  11400   4.59e-01  1.32e-01  1.01e-01  5.99e-02  4.83e-02  2.51e-02  1.54e+02  1.14e+00 -1.00e+05
2016 06 23  0315   57562  11700   5.40e-01  1.53e-01  1.23e-01  5.99e-02  4.83e-02  2.51e-02  1.04e+02  1.41e-01 -1.00e+05
2016 06 23  0320   57562  12000   5.51e-01  1.35e-01  1.05e-01  6.35e-02  5.20e-02  2.87e-02  5.62e+01  5.46e-01 -1.00e+05
2016 06 23  0325   57562  12300   5.83e-01  1.86e-01  1.55e-01  1.12e-01  6.64e-02  3.61e-02  4.29e+01  1.33e-01 -1.00e+05
2016 06 23  0330   57562  12600   6.70e-01  1.68e-01  1.38e-01  5.99e-02  4.83e-02  2.51e-02  9.91e+00  1.33e-01 -1.00e+05
2016 06 23  0335   57562  12900   7.30e-01  3.70e-01  3.40e-01  1.60e-01  1.16e-01  8.32e-02  4.54e+00  1.33e-01 -1.00e+05
2016 06 23  0340   57562  13200   4.48e-01  1.32e-01  1.01e-01  5.99e-02  4.83e-02  2.51e-02  1.66e+02  1.33e-01 -1.00e+05
2016 06 23  0345   57562  13500   7.11e-01  1.70e-01  1.39e-01  9.82e-02  8.67e-02  6.34e-02  1.05e+03  1.76e+00 -1.00e+05
2016 06 23  0350   57562  13800   3.23e+00  4.20e-01  2.38e-01  1.51e-01  9.99e-02  3.79e-02  2.68e+03  1.30e+01 -1.00e+05
2016 06 23  0355   57562  14100   2.20e+00  1.47e-01  1.16e-01  7.49e-02  6.34e-02  2.99e-02  3.28e+03  2.50e+01 -1.00e+05
2016 06 23  0400   57562  14400   2.06e+00  2.22e-01  1.91e-01  1.50e-01  1.39e-01  5.41e-02  3.75e+03  2.45e+01 -1.00e+05
2016 06 23  0405   57562  14700   3.41e+00  1.32e-01  1.01e-01  5.99e-02  4.83e-02  2.51e-02  4.03e+03  3.57e+01 -1.00e+05
2016 06 23  0410   57562  15000   3.24e+00  1.57e-01  1.27e-01  8.48e-02  5.39e-02  2.51e-02  3.92e+03  2.74e+01 -1.00e+05
2016 06 23  0415   57562  15300   2.82e+00  1.45e-01  1.14e-01  7.25e-02  5.21e-02  2.62e-02  3.12e+03  1.88e+01 -1.00e+05
2016 06 23  0420   57562  15600   3.08e+00  1.68e-01  1.37e-01  9.57e-02  8.42e-02  6.09e-02  3.20e+03  2.49e+01 -1.00e+05
2016 06 23  0425   57562  15900   2.51e+00  1.84e-01  1.53e-01  8.12e-02  6.96e-02  3.19e-02  3.48e+03  2.32e+01 -1.00e+05
2016 06 23  0430   57562  16200   2.50e+00  1.32e-01  1.01e-01  5.99e-02  4.83e-02  2.51e-02  3.33e+03  2.50e+01 -1.00e+05
2016 06 23  0435   57562  16500   2.53e+00  1.32e-01  1.01e-01  5.99e-02  4.83e-02  2.51e-02  3.76e+03  2.50e+01 -1.00e+05
2016 06 23  0440   57562  16800   3.22e+00  1.67e-01  1.36e-01  9.49e-02  8.33e-02  4.05e-02  4.03e+03  3.13e+01 -1.00e+05
2016 06 23  0445   57562  17100   3.35e+00  1.64e-01  1.33e-01  7.34e-02  6.19e-02  3.86e-02  3.69e+03  3.10e+01 -1.00e+05
2016 06 23  0450   57562  17400   2.41e+00  2.31e-01  2.01e-01  5.99e-02  4.83e-02  2.51e-02  3.29e+03  2.25e+01 -1.00e+05
2016 06 23  0455   57562  17700   1.99e+00  1.78e-01  1.47e-01  1.04e-01  5.84e-02  2.51e-02  2.86e+03  1.80e+01 -1.00e+05
2016 06 23  0500   57562  18000   1.81e+00  1.32e-01  1.01e-01  5.99e-02  4.83e-02  2.51e-02  2.63e+03  1.97e+01 -1.00e+05
2016 06 23  0505   57562  18300   1.94e+00  1.32e-01  1.01e-01  5.99e-02  4.83e-02  2.51e-02  2.73e+03  1.71e+01 -1.00e+05
2016 06 23  0510   57562  18600   3.32e+00  3.09e-01  1.55e-01  1.12e-01  9.11e-02  3.79e-02  2.45e+03  1.56e+01 -1.00e+05
2016 06 23  0515   57562  18900   1.67e+00  1.58e-01  1.27e-01  8.58e-02  7.43e-02  5.10e-02  2.18e+03  1.17e+01 -1.00e+05
2016 06 23  0520   57562  19200   2.45e+00  2.44e-01  1.18e-01  5.99e-02  4.83e-02  2.51e-02  2.23e+03  1.48e+01 -1.00e+05
2016 06 23  0525   57562  19500   1.49e+00  1.67e-01  1.37e-01  9.52e-02  7.45e-02  4.85e-02  2.22e+03  1.26e+01 -1.00e+05
2016 06 23  0530   57562  19800   2.11e+00  2.72e-01  1.73e-01  1.19e-01  8.78e-02  3.59e-02  2.21e+03  8.84e+00 -1.00e+05
2016 06 23  0535   57562  20100   1.73e+00  1.87e-01  1.56e-01  6.51e-02  4.95e-02  2.51e-02  2.07e+03  1.21e+01 -1.00e+05
2016 06 23  0540   57562  20400   4.13e+00  6.36e-01  1.78e-01  5.99e-02  4.83e-02  2.51e-02  2.16e+03  1.29e+01 -1.00e+05
2016 06 23  0545   57562  20700   1.43e+00  1.53e-01  1.22e-01  8.12e-02  6.96e-02  3.19e-02  2.18e+03  9.60e+00 -1.00e+05
2016 06 23  0550   57562  21000   1.57e+00  2.41e-01  2.10e-01  1.69e-01  1.58e-01  6.10e-02  2.19e+03  1.06e+01 -1.00e+05
2016 06 23  0555   57562  21300   1.65e+00  1.44e-01  1.13e-01  7.17e-02  5.10e-02  2.51e-02  2.24e+03  1.13e+01 -1.00e+05
2016 06 23  0600   57562  21600   1.70e+00  2.31e-01  2.01e-01  5.99e-02  4.83e-02  2.51e-02  2.22e+03  1.36e+01 -1.00e+05
2016 06 23  0605   57562  21900   1.51e+00  1.64e-01  1.33e-01  9.16e-02  6.98e-02  4.36e-02  2.16e+03  1.23e+01 -1.00e+05
2016 06 23  0610   57562  22200   1.19e+00  2.64e-01  2.33e-01  9.13e-02  5.54e-02  2.51e-02  2.15e+03  1.03e+01 -1.00e+05
2016 06 23  0615   57562  22500   1.53e+00  1.84e-01  1.54e-01  1.11e-01  5.99e-02  2.51e-02  2.22e+03  1.27e+01 -1.00e+05
2016 06 23  0620   57562  22800   1.43e+00  1.32e-01  1.01e-01  5.99e-02  4.83e-02  2.51e-02  2.25e+03  1.21e+01 -1.00e+05
2016 06 23  0625   57562  23100   1.38e+00  1.84e-01  1.54e-01  1.12e-01  1.01e-01  4.20e-02  2.15e+03  1.03e+01 -1.00e+05
2016 06 23  0630   57562  23400   1.85e+00  2.28e-01  1.51e-01  1.00e-01  5.53e-02  2.51e-02  2.08e+03  7.60e+00 -1.00e+05
2016 06 23  0635   57562  23700   1.59e+00  1.53e-01  1.23e-01  5.99e-02  4.83e-02  2.51e-02  2.19e+03  1.08e+01 -1.00e+05
2016 06 23  0640   57562  24000   2.04e+00  2.44e-01  1.18e-01  5.99e-02  4.83e-02  2.51e-02  2.16e+03  1.41e+01 -1.00e+05
2016 06 23  0645   57562  24300   1.31e+00  1.40e-01  1.10e-01  6.85e-02  5.69e-02  3.37e-02  2.16e+03  1.01e+01 -1.00e+05
2016 06 23  0650   57562  24600   2.36e+00  2.90e-01  1.64e-01  1.04e-01  5.84e-02  2.51e-02  2.02e+03  5.37e+00 -1.00e+05
2016 06 23  0655   57562  24900   1.60e+00  1.32e-01  1.01e-01  5.99e-02  4.83e-02  2.51e-02  2.01e+03  1.08e+01 -1.00e+05
2016 06 23  0700   57562  25200   1.70e+00  1.75e-01  1.44e-01  1.03e-01  9.16e-02  6.83e-02  1.94e+03  6.17e+00 -1.00e+05
2016 06 23  0705   57562  25500   1.48e+00  1.32e-01  1.01e-01  5.99e-02  4.83e-02  2.51e-02  1.87e+03  1.06e+01 -1.00e+05
2016 06 23  0710   57562  25800   1.57e+00  1.32e-01  1.01e-01  5.99e-02  4.83e-02  2.51e-02  1.90e+03  1.08e+01 -1.00e+05
2016 06 23  0715   57562  26100   1.92e+00  2.21e-01  1.56e-01  7.51e-02  6.36e-02  3.08e-02  1.90e+03  5.44e+00 -1.00e+05
2016 06 23  0720   57562  26400   1.54e+00  1.78e-01  1.47e-01  1.06e-01  9.47e-02  4.00e-02  1.88e+03  8.60e+00 -1.00e+05
2016 06 23  0725   57562  26700   1.98e+00  2.17e-01  1.42e-01  9.32e-02  8.17e-02  5.84e-02  2.00e+03  9.52e+00 -1.00e+05
2016 06 23  0730   57562  27000   1.65e+00  1.65e-01  1.34e-01  9.32e-02  8.17e-02  5.84e-02  1.99e+03  9.77e+00 -1.00e+05
2016 06 23  0735   57562  27300   2.26e+00  2.12e-01  1.35e-01  8.48e-02  5.39e-02  2.51e-02  1.97e+03  9.13e+00 -1.00e+05
2016 06 23  0740   57562  27600   1.69e+00  1.41e-01  1.11e-01  6.96e-02  5.53e-02  3.12e-02  2.06e+03  9.86e+00 -1.00e+05
2016 06 23  0745   57562  27900   2.06e+00  2.86e-01  2.09e-01  5.99e-02  4.83e-02  2.51e-02  2.07e+03  1.20e+01 -1.00e+05
2016 06 23  0750   57562  28200   1.72e+00  1.92e-01  1.62e-01  1.20e-01  1.07e-01  8.32e-02  1.99e+03  8.96e+00 -1.00e+05
2016 06 23  0755   57562  28500   1.78e+00  2.30e-01  1.99e-01  6.23e-02  5.08e-02  2.59e-02  2.07e+03  8.78e+00 -1.00e+05
2016 06 23  0800   57562  28800   2.62e+00  2.63e-01  1.37e-01  7.82e-02  5.25e-02  2.51e-02  2.21e+03  1.42e+01 -1.00e+05
2016 06 23  0805   57562  29100   1.79e+00  1.50e-01  1.20e-01  7.84e-02  6.68e-02  4.36e-02  2.17e+03  1.36e+01 -1.00e+05
2016 06 23  0810   57562  29400   1.85e+00  1.65e-01  1.35e-01  7.17e-02  5.10e-02  2.51e-02  2.16e+03  1.69e+01 -1.00e+05
2016 06 23  0815   57562  29700   2.42e+00  2.76e-01  1.51e-01  9.13e-02  5.54e-02  2.51e-02  2.33e+03  1.67e+01 -1.00e+05
2016 06 23  0820   57562  30000   1.90e+00  2.01e-01  1.70e-01  8.74e-02  7.59e-02  3.39e-02  2.44e+03  1.46e+01 -1.00e+05
2016 06 23  0825   57562  30300   1.70e+00  1.32e-01  1.01e-01  5.99e-02  4.83e-02  2.51e-02  2.49e+03  1.43e+01 -1.00e+05
2016 06 23  0830   57562  30600   1.61e+00  1.32e-01  1.01e-01  5.99e-02  4.83e-02  2.51e-02  2.49e+03  1.57e+01 -1.00e+05
2016 06 23  0835   57562  30900   1.64e+00  1.78e-01  1.47e-01  1.06e-01  9.47e-02  4.00e-02  2.49e+03  1.68e+01 -1.00e+05
2016 06 23  0840   57562  31200   2.28e+00  2.88e-01  2.14e-01  1.08e-01  9.66e-02  7.33e-02  2.53e+03  1.43e+01 -1.00e+05
2016 06 23  0845   57562  31500   1.79e+00  2.31e-01  2.01e-01  5.99e-02  4.83e-02  2.51e-02  2.67e+03  1.80e+01 -1.00e+05
2016 06 23  0850   57562  31800   1.66e+00  1.32e-01  1.01e-01  5.99e-02  4.83e-02  2.51e-02  2.78e+03  2.06e+01 -1.00e+05
2016 06 23  0855   57562  32100   1.92e+00  1.35e-01  1.05e-01  6.35e-02  5.20e-02  2.87e-02  2.75e+03  2.10e+01 -1.00e+05
2016 06 23  0900   57562  32400   3.34e+00  2.49e-01  1.03e-01  5.99e-02  4.83e-02  2.51e-02  2.64e+03  1.89e+01 -1.00e+05
2016 06 23  0905   57562  32700   2.16e+00  2.28e-01  1.98e-01  7.82e-02  5.25e-02  2.51e-02  2.60e+03  1.93e+01 -1.00e+05
2016 06 23  0910   57562  33000   3.02e+00  2.56e-01  1.30e-01  7.17e-02  5.10e-02  2.51e-02  2.73e+03  2.20e+01 -1.00e+05
2016 06 23  0915   57562  33300   2.50e+00  1.78e-01  1.47e-01  1.06e-01  9.47e-02  4.00e-02  2.59e+03  1.75e+01 -1.00e+05
2016 06 23  0920   57562  33600   3.10e+00  1.87e-01  1.09e-01  5.99e-02  4.83e-02  2.51e-02  2.75e+03  2.22e+01 -1.00e+05
2016 06 23  0925   57562  33900   3.07e+00  2.26e-01  1.51e-01  8.58e-02  7.43e-02  5.10e-02  2.80e+03  2.15e+01 -1.00e+05
2016 06 23  0930   57562  34200   2.33e+00  1.53e-01  1.22e-01  8.09e-02  6.93e-02  4.60e-02  2.91e+03  2.19e+01 -1.00e+05
2016 06 23  0935   57562  34500   2.38e+00  1.80e-01  1.49e-01  5.99e-02  4.83e-02  2.51e-02  2.93e+03  2.35e+01 -1.00e+05
2016 06 23  0940   57562  34800   2.27e+00  1.53e-01  1.23e-01  5.99e-02  4.83e-02  2.51e-02  3.17e+03  2.43e+01 -1.00e+05
2016 06 23  0945   57562  35100   2.68e+00  1.32e-01  1.01e-01  5.99e-02  4.83e-02  2.51e-02  3.02e+03  2.53e+01 -1.00e+05
2016 06 23  0950   57562  35400   2.40e+00  1.32e-01  1.01e-01  5.99e-02  4.83e-02  2.51e-02  2.98e+03  2.48e+01 -1.00e+05
2016 06 23  0955   57562  35700   2.71e+00  1.96e-01  1.66e-01  1.24e-01  9.05e-02  6.09e-02  3.13e+03  2.24e+01 -1.00e+05
2016 06 23  1000   57562  36000   2.47e+00  1.32e-01  1.01e-01  5.99e-02  4.83e-02  2.51e-02  3.26e+03  2.69e+01 -1.00e+05
2016 06 23  1005   57562  36300   2.73e+00  3.42e-01  3.11e-01  1.04e-01  5.84e-02  2.51e-02  3.17e+03  2.00e+01 -1.00e+05
2016 06 23  1010   57562  36600   2.55e+00  1.98e-01  1.67e-01  1.26e-01  1.14e-01  4.87e-02  3.16e+03  2.61e+01 -1.00e+05
2016 06 23  1015   57562  36900   2.40e+00  1.59e-01  1.29e-01  8.74e-02  7.59e-02  3.39e-02  3.08e+03  2.34e+01 -1.00e+05
2016 06 23  1020   57562  37200   2.66e+00  1.37e-01  1.07e-01  6.51e-02  4.95e-02  2.51e-02  3.15e+03  2.48e+01 -1.00e+05
2016 06 23  1025   57562  37500   4.70e+00  3.40e-01  1.75e-01  1.29e-01  6.71e-02  2.79e-02  3.26e+03  2.13e+01 -1.00e+05
2016 06 23  1030   57562  37800   4.52e+00  2.70e-01  1.21e-01  6.86e-02  5.71e-02  2.79e-02  3.35e+03  2.73e+01 -1.00e+05
2016 06 23  1035   57562  38100   5.62e+00  7.79e-01  3.61e-01  9.79e-02  5.69e-02  2.51e-02  3.41e+03  3.14e+01 -1.00e+05
2016 06 23  1040   57562  38400   3.60e+00  1.87e-01  1.22e-01  7.49e-02  6.34e-02  2.99e-02  3.39e+03  3.00e+01 -1.00e+05
2016 06 23  1045   57562  38700   2.60e+00  1.66e-01  1.35e-01  9.37e-02  8.22e-02  3.59e-02  3.39e+03  3.03e+01 -1.00e+05
2016 06 23  1050   57562  39000   2.62e+00  1.32e-01  1.01e-01  5.99e-02  4.83e-02  2.51e-02  3.60e+03  3.10e+01 -1.00e+05
2016 06 23  1055   57562  39300   3.05e+00  1.84e-01  1.54e-01  1.12e-01  1.01e-01  4.20e-02  3.58e+03  3.51e+01 -1.00e+05
2016 06 23  1100   57562  39600   3.13e+00  1.53e-01  1.23e-01  5.99e-02  4.83e-02  2.51e-02  3.81e+03  3.27e+01 -1.00e+05
2016 06 23  1105   57562  39900   3.50e+00  1.47e-01  1.16e-01  7.49e-02  6.34e-02  2.99e-02  3.90e+03  3.55e+01 -1.00e+05
2016 06 23  1110   57562  40200   3.47e+00  1.32e-01  1.01e-01  5.99e-02  4.83e-02  2.51e-02  4.03e+03  3.71e+01 -1.00e+05
2016 06 23  1115   57562  40500   3.31e+00  2.34e-01  2.03e-01  1.62e-01  1.46e-01  5.61e-02  4.08e+03  3.73e+01 -1.00e+05
2016 06 23  1120   57562  40800   3.54e+00  2.31e-01  2.01e-01  5.99e-02  4.83e-02  2.51e-02  4.14e+03  3.57e+01 -1.00e+05
2016 06 23  1125   57562  41100   3.56e+00  1.43e-01  1.12e-01  7.09e-02  5.94e-02  3.61e-02  4.15e+03  3.40e+01 -1.00e+05
2016 06 23  1130   57562  41400   5.48e+00  3.06e-01  1.82e-01  8.83e-02  7.67e-02  5.35e-02  4.07e+03  3.73e+01 -1.00e+05
2016 06 23  1135   57562  41700   3.53e+00  2.31e-01  2.01e-01  5.99e-02  4.83e-02  2.51e-02  4.09e+03  3.43e+01 -1.00e+05
2016 06 23  1140   57562  42000   3.60e+00  1.96e-01  1.65e-01  1.24e-01  1.13e-01  6.50e-02  4.13e+03  3.96e+01 -1.00e+05
2016 06 23  1145   57562  42300   3.86e+00  2.00e-01  1.63e-01  1.21e-01  1.09e-01  5.22e-02  4.23e+03  3.83e+01 -1.00e+05
2016 06 23  1150   57562  42600   6.88e+00  5.40e-01  2.99e-01  1.19e-01  7.82e-02  3.19e-02  4.23e+03  3.95e+01 -1.00e+05
2016 06 23  1155   57562  42900   3.83e+00  1.40e-01  1.10e-01  6.86e-02  5.71e-02  2.79e-02  4.25e+03  4.08e+01 -1.00e+05
2016 06 23  1200   57562  43200   3.90e+00  1.38e-01  1.07e-01  6.60e-02  5.45e-02  3.12e-02  4.26e+03  4.31e+01 -1.00e+05
2016 06 23  1205   57562  43500   4.31e+00  1.68e-01  1.38e-01  5.99e-02  4.83e-02  2.51e-02  4.39e+03  4.26e+01 -1.00e+05
2016 06 23  1210   57562  43800   4.10e+00  2.06e-01  1.75e-01  1.00e-01  8.84e-02  3.79e-02  4.42e+03  4.52e+01 -1.00e+05
2016 06 23  1215   57562  44100   4.11e+00  1.32e-01  1.01e-01  5.99e-02  4.83e-02  2.51e-02  4.46e+03  4.52e+01 -1.00e+05
2016 06 23  1220   57562  44400   3.81e+00  1.32e-01  1.01e-01  5.99e-02  4.83e-02  2.51e-02  4.64e+03  4.95e+01 -1.00e+05
2016 06 23  1225   57562  44700   4.42e+00  2.37e-01  2.06e-01  6.51e-02  4.95e-02  2.51e-02  4.72e+03  4.89e+01 -1.00e+05
2016 06 23  1230   57562  45000   4.50e+00  1.37e-01  1.07e-01  6.51e-02  4.95e-02  2.51e-02  5.04e+03  5.00e+01 -1.00e+05
2016 06 23  1235   57562  45300   4.61e+00  1.78e-01  1.48e-01  1.05e-01  5.53e-02  2.51e-02  5.01e+03  4.76e+01 -1.00e+05
2016 06 23  1240   57562  45600   6.21e+00  2.49e-01  1.24e-01  6.51e-02  4.95e-02  2.51e-02  4.99e+03  4.48e+01 -1.00e+05
2016 06 23  1245   57562  45900   4.97e+00  1.92e-01  1.15e-01  6.51e-02  4.95e-02  2.51e-02  4.98e+03  5.09e+01 -1.00e+05
2016 06 23  1250   57562  46200   4.11e+00  1.32e-01  1.01e-01  5.99e-02  4.83e-02  2.51e-02  5.06e+03  5.19e+01 -1.00e+05
2016 06 23  1255   57562  46500   4.37e+00  1.53e-01  1.23e-01  5.99e-02  4.83e-02  2.51e-02  5.25e+03  5.44e+01 -1.00e+05
2016 06 23  1300   57562  46800   7.83e+00  2.49e-01  1.03e-01  5.99e-02  4.83e-02  2.51e-02  5.14e+03  5.23e+01 -1.00e+05
2016 06 23  1305   57562  47100   4.27e+00  1.32e-01  1.01e-01  5.99e-02  4.83e-02  2.51e-02  5.21e+03  5.29e+01 -1.00e+05
2016 06 23  1310   57562  47400   4.58e+00  1.32e-01  1.01e-01  5.99e-02  4.83e-02  2.51e-02  5.08e+03  5.21e+01 -1.00e+05
2016 06 23  1315   57562  47700   4.47e+00  2.08e-01  1.77e-01  1.01e-01  8.91e-02  6.59e-02  5.15e+03  5.47e+01 -1.00e+05
2016 06 23  1320   57562  48000   4.50e+00  1.32e-01  1.01e-01  5.99e-02  4.83e-02  2.51e-02  5.19e+03  5.53e+01 -1.00e+05
2016 06 23  1325   57562  48300   6.88e+00  3.62e-01  2.38e-01  8.58e-02  7.43e-02  5.10e-02  5.22e+03  4.98e+01 -1.00e+05
2016 06 23  1330   57562  48600   5.18e+00  2.57e-01  2.27e-01  9.32e-02  8.17e-02  5.84e-02  5.44e+03  5.56e+01 -1.00e+05
2016 06 23  1335   57562  48900   4.71e+00  1.37e-01  1.07e-01  6.51e-02  4.95e-02  2.51e-02  5.49e+03  5.92e+01 -1.00e+05
2016 06 23  1340   57562  49200   4.76e+00  1.78e-01  1.47e-01  1.06e-01  9.47e-02  4.00e-02  5.47e+03  5.42e+01 -1.00e+05
2016 06 23  1345   57562  49500   6.29e+00  2.46e-01  1.42e-01  8.74e-02  7.59e-02  3.39e-02  5.57e+03  6.03e+01 -1.00e+05
2016 06 23  1350   57562  49800   5.04e+00  2.84e-01  2.54e-01  1.00e-01  8.84e-02  3.79e-02  5.78e+03  5.73e+01 -1.00e+05
2016 06 23  1355   57562  50100   5.03e+00  1.45e-01  1.15e-01  7.34e-02  6.19e-02  3.86e-02  5.58e+03  5.99e+01 -1.00e+05
2016 06 23  1400   57562  50400   7.62e+00  2.76e-01  1.51e-01  9.13e-02  5.54e-02  2.51e-02  5.50e+03  5.75e+01 -1.00e+05
2016 06 23  1405   57562  50700   5.10e+00  1.32e-01  1.01e-01  5.99e-02  4.83e-02  2.51e-02  5.67e+03  6.03e+01 -1.00e+05
2016 06 23  1410   57562  51000   5.04e+00  1.32e-01  1.01e-01  5.99e-02  4.83e-02  2.51e-02  5.58e+03  6.12e+01 -1.00e+05
2016 06 23  1415   57562  51300   5.07e+00  1.68e-01  1.38e-01  5.99e-02  4.83e-02  2.51e-02  5.60e+03  5.81e+01 -1.00e+05
2016 06 23  1420   57562  51600   8.29e+00  2.47e-01  1.22e-01  6.35e-02  5.20e-02  2.87e-02  6.03e+03  6.52e+01 -1.00e+05
2016 06 23  1425   57562  51900   5.83e+00  2.72e-01  2.41e-01  1.98e-01  1.52e-01  6.35e-02  6.11e+03  6.54e+01 -1.00e+05
2016 06 23  1430   57562  52200   6.35e+00  1.53e-01  1.23e-01  5.99e-02  4.83e-02  2.51e-02  6.18e+03  7.55e+01 -1.00e+05
2016 06 23  1435   57562  52500   6.22e+00  1.50e-01  1.20e-01  7.84e-02  6.68e-02  4.36e-02  6.23e+03  6.45e+01 -1.00e+05
2016 06 23  1440   57562  52800   1.19e+01  3.62e-01  1.56e-01  9.57e-02  8.42e-02  6.09e-02  6.48e+03  6.78e+01 -1.00e+05
2016 06 23  1445   57562  53100   6.01e+00  1.43e-01  1.12e-01  7.09e-02  5.94e-02  3.61e-02  6.34e+03  6.80e+01 -1.00e+05
2016 06 23  1450   57562  53400   9.83e+00  3.10e-01  2.01e-01  8.12e-02  6.96e-02  3.19e-02  6.67e+03  7.44e+01 -1.00e+05
2016 06 23  1455   57562  53700   6.80e+00  1.85e-01  1.54e-01  1.12e-01  8.15e-02  3.39e-02  6.52e+03  7.12e+01 -1.00e+05
2016 06 23  1500   57562  54000   7.03e+00  1.32e-01  1.01e-01  5.99e-02  4.83e-02  2.51e-02  6.56e+03  6.98e+01 -1.00e+05
2016 06 23  1505   57562  54300   7.22e+00  1.44e-01  1.13e-01  7.17e-02  5.10e-02  2.51e-02  6.45e+03  6.81e+01 -1.00e+05
2016 06 23  1510   57562  54600   6.41e+00  1.32e-01  1.01e-01  5.99e-02  4.83e-02  2.51e-02  6.35e+03  7.20e+01 -1.00e+05
2016 06 23  1515   57562  54900   5.95e+00  1.32e-01  1.01e-01  5.99e-02  4.83e-02  2.51e-02  6.03e+03  6.85e+01 -1.00e+05
2016 06 23  1520   57562  55200   6.41e+00  2.30e-01  1.99e-01  6.23e-02  5.08e-02  2.59e-02  5.96e+03  6.74e+01 -1.00e+05
2016 06 23  1525   57562  55500   6.04e+00  1.97e-01  1.66e-01  1.25e-01  1.14e-01  4.60e-02  5.45e+03  6.46e+01 -1.00e+05
2016 06 23  1530   57562  55800   6.74e+00  1.35e-01  1.05e-01  6.35e-02  5.20e-02  2.87e-02  6.02e+03  6.67e+01 -1.00e+05
2016 06 23  1535   57562  56100   7.73e+00  1.32e-01  1.01e-01  5.99e-02  4.83e-02  2.51e-02  6.19e+03  7.93e+01 -1.00e+05
2016 06 23  1540   57562  56400   8.14e+00  1.40e-01  1.10e-01  6.85e-02  5.69e-02  3.37e-02  6.83e+03  8.04e+01 -1.00e+05
2016 06 23  1545   57562  56700   9.07e+00  1.32e-01  1.01e-01  5.99e-02  4.83e-02  2.51e-02  6.97e+03  8.48e+01 -1.00e+05
2016 06 23  1550   57562  57000   1.34e+01  2.79e-01  1.54e-01  7.84e-02  6.68e-02  4.36e-02  6.95e+03  9.02e+01 -1.00e+05
2016 06 23  1555   57562  57300   9.74e+00  1.35e-01  1.05e-01  6.35e-02  5.20e-02  2.87e-02  7.52e+03  9.21e+01 -1.00e+05
2016 06 23  1600   57562  57600   8.18e+00  1.60e-01  1.30e-01  8.83e-02  7.67e-02  5.35e-02  7.34e+03  8.39e+01 -1.00e+05
2016 06 23  1605   57562  57900   7.85e+00  1.68e-01  1.38e-01  5.99e-02  4.83e-02  2.51e-02  7.47e+03  8.04e+01 -1.00e+05
2016 06 23  1610   57562  58200   8.03e+00  1.48e-01  1.17e-01  6.86e-02  5.71e-02  2.79e-02  7.49e+03  8.98e+01 -1.00e+05
2016 06 23  1615   57562  58500   1.26e+01  2.85e-01  1.76e-01  1.19e-01  7.82e-02  3.19e-02  7.74e+03  8.50e+01 -1.00e+05
2016 06 23  1620   57562  58800   1.39e+01  2.71e-01  1.35e-01  6.51e-02  4.95e-02  2.51e-02  7.67e+03  9.18e+01 -1.00e+05
2016 06 23  1625   57562  59100   8.69e+00  1.62e-01  1.31e-01  8.98e-02  6.75e-02  4.11e-02  7.62e+03  8.94e+01 -1.00e+05
2016 06 23  1630   57562  59400   1.20e+01  2.23e-01  1.46e-01  5.99e-02  4.83e-02  2.51e-02  7.78e+03  9.06e+01 -1.00e+05
2016 06 23  1635   57562  59700   8.76e+00  1.44e-01  1.13e-01  7.17e-02  5.10e-02  2.51e-02  7.79e+03  9.10e+01 -1.00e+05
2016 06 23  1640   57562  60000   8.32e+00  1.84e-01  1.54e-01  1.12e-01  1.01e-01  4.20e-02  7.80e+03  8.90e+01 -1.00e+05
2016 06 23  1645   57562  60300   8.00e+00  1.81e-01  1.51e-01  9.57e-02  8.42e-02  6.09e-02  7.67e+03  8.23e+01 -1.00e+05
2016 06 23  1650   57562  60600   8.28e+00  1.67e-01  1.36e-01  9.40e-02  5.88e-02  2.87e-02  7.93e+03  9.17e+01 -1.00e+05
2016 06 23  1655   57562  60900   1.12e+01  2.45e-01  1.26e-01  6.86e-02  5.71e-02  2.79e-02  7.85e+03  9.58e+01 -1.00e+05
2016 06 23  1700   57562  61200   8.43e+00  1.37e-01  1.07e-01  6.51e-02  4.95e-02  2.51e-02  8.65e+03  1.08e+02 -1.00e+05
2016 06 23  1705   57562  61500   8.55e+00  2.68e-01  2.38e-01  1.95e-01  1.44e-01  5.20e-02  8.94e+03  1.03e+02 -1.00e+05
2016 06 23  1710   57562  61800   7.95e+00  1.47e-01  1.16e-01  7.49e-02  6.34e-02  2.99e-02  8.43e+03  1.13e+02 -1.00e+05
2016 06 23  1715   57562  62100   7.82e+00  1.44e-01  1.13e-01  7.17e-02  5.10e-02  2.51e-02  8.40e+03  1.20e+02 -1.00e+05
2016 06 23  1720   57562  62400   1.02e+01  1.97e-01  1.20e-01  7.09e-02  5.94e-02  3.61e-02  8.38e+03  1.13e+02 -1.00e+05
2016 06 23  1725   57562  62700   8.83e+00  1.88e-01  1.28e-01  8.12e-02  6.96e-02  3.19e-02  8.49e+03  1.19e+02 -1.00e+05
2016 06 23  1730   57562  63000   6.39e+00  1.92e-01  1.62e-01  1.20e-01  1.07e-01  8.32e-02  8.22e+03  1.05e+02 -1.00e+05
2016 06 23  1735   57562  63300   8.92e+00  1.81e-01  1.50e-01  6.10e-02  4.95e-02  2.62e-02  8.96e+03  1.26e+02 -1.00e+05
2016 06 23  1740   57562  63600   1.02e+01  2.54e-01  1.29e-01  7.09e-02  5.94e-02  3.61e-02  8.41e+03  1.20e+02 -1.00e+05
2016 06 23  1745   57562  63900   7.96e+00  1.48e-01  1.17e-01  7.59e-02  6.44e-02  4.11e-02  8.07e+03  1.28e+02 -1.00e+05
2016 06 23  1750   57562  64200   7.65e+00  1.38e-01  1.07e-01  6.60e-02  5.45e-02  3.12e-02  8.27e+03  1.32e+02 -1.00e+05
2016 06 23  1755   57562  64500   7.58e+00  1.71e-01  1.41e-01  9.92e-02  7.85e-02  3.39e-02  7.91e+03  1.30e+02 -1.00e+05
2016 06 23  1800   57562  64800   7.44e+00  1.66e-01  1.35e-01  9.37e-02  8.22e-02  3.59e-02  7.83e+03  1.34e+02 -1.00e+05
2016 06 23  1805   57562  65100   7.41e+00  1.32e-01  1.01e-01  5.99e-02  4.83e-02  2.51e-02  7.58e+03  1.36e+02 -1.00e+05
2016 06 23  1810   57562  65400   7.09e+00  1.75e-01  1.44e-01  1.03e-01  9.16e-02  6.83e-02  7.82e+03  1.27e+02 -1.00e+05
2016 06 23  1815   57562  65700   6.08e+00  1.32e-01  1.01e-01  5.99e-02  4.83e-02  2.51e-02  7.18e+03  1.25e+02 -1.00e+05
2016 06 23  1820   57562  66000   6.71e+00  1.53e-01  1.23e-01  5.99e-02  4.83e-02  2.51e-02  7.48e+03  1.28e+02 -1.00e+05
2016 06 23  1825   57562  66300   1.06e+01  2.55e-01  1.09e-01  6.60e-02  5.45e-02  3.12e-02  7.22e+03  1.18e+02 -1.00e+05
2016 06 23  1830   57562  66600   6.55e+00  1.55e-01  1.24e-01  8.28e-02  7.13e-02  3.83e-02  7.52e+03  1.22e+02 -1.00e+05
2016 06 23  1835   57562  66900   7.08e+00  1.84e-01  1.53e-01  7.59e-02  6.44e-02  4.11e-02  7.21e+03  1.26e+02 -1.00e+05
2016 06 23  1840   57562  67200   6.64e+00  2.31e-01  2.01e-01  5.99e-02  4.83e-02  2.51e-02  6.97e+03  1.14e+02 -1.00e+05
2016 06 23  1845   57562  67500   6.51e+00  1.78e-01  1.47e-01  1.06e-01  9.47e-02  4.00e-02  6.49e+03  1.14e+02 -1.00e+05
2016 06 23  1850   57562  67800   6.52e+00  1.32e-01  1.01e-01  5.99e-02  4.83e-02  2.51e-02  6.31e+03  1.10e+02 -1.00e+05
2016 06 23  1855   57562  68100   6.05e+00  1.38e-01  1.07e-01  6.60e-02  5.45e-02  3.12e-02  6.10e+03  1.07e+02 -1.00e+05
2016 06 23  1900   57562  68400   9.31e+00  2.72e-01  1.03e-01  5.99e-02  4.83e-02  2.51e-02  5.89e+03  9.70e+01 -1.00e+05
2016 06 23  1905   57562  68700   3.78e+00  1.48e-01  1.17e-01  7.59e-02  6.44e-02  4.11e-02  4.72e+03  7.57e+01 -1.00e+05
2016 06 23  1910   57562  69000   3.95e+00  1.58e-01  1.27e-01  6.60e-02  5.45e-02  3.12e-02  4.56e+03  7.13e+01 -1.00e+05
2016 06 23  1915   57562  69300   7.59e+00  2.73e-01  1.04e-01  6.10e-02  4.95e-02  2.62e-02  4.52e+03  7.79e+01 -1.00e+05
2016 06 23  1920   57562  69600   3.66e+00  1.53e-01  1.23e-01  5.99e-02  4.83e-02  2.51e-02  4.57e+03  6.90e+01 -1.00e+05
2016 06 23  1925   57562  69900   4.92e+00  3.05e-01  1.79e-01  9.79e-02  5.69e-02  2.51e-02  4.51e+03  6.76e+01 -1.00e+05
2016 06 23  1930   57562  70200   2.70e+00  1.90e-01  1.60e-01  5.99e-02  4.83e-02  2.51e-02  4.55e+03  6.03e+01 -1.00e+05
2016 06 23  1935   57562  70500   2.58e+00  1.53e-01  1.23e-01  5.99e-02  4.83e-02  2.51e-02  3.34e+03  4.28e+01 -1.00e+05
2016 06 23  1940   57562  70800   3.01e+00  1.60e-01  1.30e-01  8.83e-02  7.67e-02  5.35e-02  3.89e+03  4.62e+01 -1.00e+05
2016 06 23  1945   57562  71100   2.83e+00  2.31e-01  2.01e-01  5.99e-02  4.83e-02  2.51e-02  3.33e+03  4.51e+01 -1.00e+05
2016 06 23  1950   57562  71400   2.31e+00  1.32e-01  1.01e-01  5.99e-02  4.83e-02  2.51e-02  3.27e+03  3.64e+01 -1.00e+05
2016 06 23  1955   57562  71700   2.13e+00  1.32e-01  1.01e-01  5.99e-02  4.83e-02  2.51e-02  3.11e+03  2.73e+01 -1.00e+05
2016 06 23  2000   57562  72000   2.02e+00  1.53e-01  1.23e-01  5.99e-02  4.83e-02  2.51e-02  2.98e+03  2.71e+01 -1.00e+05
2016 06 23  2005   57562  72300   2.00e+00  1.32e-01  1.01e-01  5.99e-02  4.83e-02  2.51e-02  2.86e+03  3.06e+01 -1.00e+05
2016 06 23  2010   57562  72600   1.96e+00  1.32e-01  1.01e-01  5.99e-02  4.83e-02  2.51e-02  2.69e+03  2.34e+01 -1.00e+05
2016 06 23  2015   57562  72900   2.73e+00  2.44e-01  1.18e-01  5.99e-02  4.83e-02  2.51e-02  2.66e+03  2.31e+01 -1.00e+05
2016 06 23  2020   57562  73200   2.65e+00  1.99e-01  1.23e-01  7.34e-02  6.19e-02  3.86e-02  2.71e+03  2.40e+01 -1.00e+05
2016 06 23  2025   57562  73500   2.08e+00  2.26e-01  1.95e-01  6.86e-02  5.71e-02  2.79e-02  2.63e+03  2.71e+01 -1.00e+05
2016 06 23  2030   57562  73800   1.85e+00  1.66e-01  1.36e-01  9.35e-02  6.27e-02  2.79e-02  2.50e+03  1.95e+01 -1.00e+05
2016 06 23  2035   57562  74100   2.49e+00  2.23e-01  1.46e-01  5.99e-02  4.83e-02  2.51e-02  2.54e+03  2.24e+01 -1.00e+05
2016 06 23  2040   57562  74400   1.93e+00  1.64e-01  1.33e-01  7.34e-02  6.19e-02  3.86e-02  2.42e+03  2.04e+01 -1.00e+05
2016 06 23  2045   57562  74700   3.45e+00  3.37e-01  2.05e-01  1.62e-01  1.46e-01  5.61e-02  2.51e+03  1.72e+01 -1.00e+05
2016 06 23  2050   57562  75000   2.03e+00  1.66e-01  1.35e-01  9.37e-02  8.22e-02  3.59e-02  2.49e+03  2.09e+01 -1.00e+05
2016 06 23  2055   57562  75300   2.19e+00  1.72e-01  1.41e-01  1.00e-01  8.84e-02  3.79e-02  2.48e+03  2.12e+01 -1.00e+05
2016 06 23  2100   57562  75600   2.04e+00  1.32e-01  1.01e-01  5.99e-02  4.83e-02  2.51e-02  2.38e+03  2.14e+01 -1.00e+05
2016 06 23  2105   57562  75900   2.32e+00  2.11e-01  1.34e-01  6.35e-02  5.20e-02  2.87e-02  2.45e+03  2.05e+01 -1.00e+05
2016 06 23  2110   57562  76200   1.63e+00  1.32e-01  1.01e-01  5.99e-02  4.83e-02  2.51e-02  2.43e+03  2.10e+01 -1.00e+05
2016 06 23  2115   57562  76500   1.77e+00  1.71e-01  1.40e-01  9.79e-02  5.69e-02  2.51e-02  2.40e+03  1.41e+01 -1.00e+05
2016 06 23  2120   57562  76800   1.66e+00  1.53e-01  1.22e-01  8.09e-02  6.93e-02  4.60e-02  2.27e+03  1.51e+01 -1.00e+05
2016 06 23  2125   57562  77100   1.75e+00  2.74e-01  1.29e-01  8.48e-02  5.39e-02  2.51e-02  2.22e+03  1.28e+01 -1.00e+05
2016 06 23  2130   57562  77400   8.89e-01  1.32e-01  1.01e-01  5.99e-02  4.83e-02  2.51e-02  1.80e+03  1.25e+01 -1.00e+05
2016 06 23  2135   57562  77700   1.86e+00  2.86e-01  2.09e-01  5.99e-02  4.83e-02  2.51e-02  2.24e+03  1.41e+01 -1.00e+05
2016 06 23  2140   57562  78000   1.38e+00  2.41e-01  2.10e-01  1.25e-01  1.14e-01  4.60e-02  2.05e+03  1.13e+01 -1.00e+05
2016 06 23  2145   57562  78300   1.88e+00  2.66e-01  1.40e-01  5.99e-02  4.83e-02  2.51e-02  2.04e+03  1.22e+01 -1.00e+05
2016 06 23  2150   57562  78600   1.37e+00  1.66e-01  1.35e-01  9.37e-02  8.22e-02  3.59e-02  1.92e+03  1.15e+01 -1.00e+05
2016 06 23  2155   57562  78900   1.47e+00  2.45e-01  1.24e-01  8.09e-02  6.93e-02  4.60e-02  1.69e+03  8.06e+00 -1.00e+05
2016 06 23  2200   57562  79200   1.38e+00  2.97e-01  1.78e-01  1.19e-01  6.70e-02  2.79e-02  1.78e+03  5.09e+00 -1.00e+05
2016 06 23  2205   57562  79500   8.46e-01  1.57e-01  1.27e-01  8.48e-02  5.39e-02  2.51e-02  1.77e+03  5.47e+00 -1.00e+05
2016 06 23  2210   57562  79800   9.90e-01  1.53e-01  1.23e-01  5.99e-02  4.83e-02  2.51e-02  1.42e+03  8.57e+00 -1.00e+05
2016 06 23  2215   57562  80100   1.09e+00  1.59e-01  1.29e-01  8.74e-02  7.59e-02  3.39e-02  1.47e+03  8.12e+00 -1.00e+05
2016 06 23  2220   57562  80400   1.12e+00  1.38e-01  1.07e-01  6.60e-02  5.45e-02  3.12e-02  1.52e+03  5.55e+00 -1.00e+05
2016 06 23  2225   57562  80700   1.39e+00  2.59e-01  1.14e-01  7.09e-02  5.94e-02  3.61e-02  1.46e+03  6.74e+00 -1.00e+05
2016 06 23  2230   57562  81000   7.05e-01  1.43e-01  1.12e-01  7.09e-02  5.94e-02  3.61e-02  1.20e+03  5.33e+00 -1.00e+05
2016 06 23  2235   57562  81300   9.82e-01  1.68e-01  1.38e-01  5.99e-02  4.83e-02  2.51e-02  1.03e+03  3.86e+00 -1.00e+05
2016 06 23  2240   57562  81600   9.77e-01  1.32e-01  1.01e-01  5.99e-02  4.83e-02  2.51e-02  7.67e+02  4.43e+00 -1.00e+05
2016 06 23  2245   57562  81900   1.48e+00  1.32e-01  1.01e-01  5.99e-02  4.83e-02  2.51e-02  6.67e+02  3.42e+00 -1.00e+05
2016 06 23  2250   57562  82200   1.08e+00  1.44e-01  1.13e-01  7.17e-02  5.10e-02  2.51e-02  5.42e+02  1.56e+00 -1.00e+05
2016 06 23  2255   57562  82500   9.53e-01  1.65e-01  1.35e-01  7.17e-02  5.10e-02  2.51e-02  5.12e+02  3.55e+00 -1.00e+05
2016 06 23  2300   57562  82800   1.27e+00  2.36e-01  1.15e-01  7.17e-02  5.10e-02  2.51e-02  4.99e+02  1.34e+00 -1.00e+05
2016 06 23  2305   57562  83100   1.29e+00  1.79e-01  1.48e-01  1.07e-01  9.52e-02  2.65e-02  3.98e+02  1.33e-01 -1.00e+05
2016 06 23  2310   57562  83400   2.55e+00  1.78e-01  1.47e-01  1.04e-01  5.84e-02  2.51e-02  4.45e+02  1.75e+00 -1.00e+05
2016 06 23  2315   57562  83700   2.57e+01  1.87e-01  1.09e-01  5.99e-02  4.83e-02  2.51e-02  8.27e+02  9.00e+00 -1.00e+05
2016 06 23  2320   57562  84000   9.18e+00  2.14e-01  1.84e-01  8.51e-02  7.36e-02  4.74e-02  1.55e+03  1.83e+01 -1.00e+05
2016 06 23  2325   57562  84300   2.83e+01  1.87e-01  1.09e-01  5.99e-02  4.83e-02  2.51e-02  3.24e+03  3.79e+01 -1.00e+05
2016 06 23  2330   57562  84600   1.06e+01  2.31e-01  2.01e-01  5.99e-02  4.83e-02  2.51e-02  3.16e+03  3.91e+01 -1.00e+05
2016 06 23  2335   57562  84900   1.25e+01  1.51e-01  1.20e-01  7.82e-02  5.25e-02  2.51e-02  3.55e+03  4.36e+01 -1.00e+05
2016 06 23  2340   57562  85200   1.51e+01  4.87e-01  2.02e-01  5.99e-02  4.83e-02  2.51e-02  3.94e+03  4.35e+01 -1.00e+05
2016 06 23  2345   57562  85500   7.75e+00  1.32e-01  1.01e-01  5.99e-02  4.83e-02  2.51e-02  3.67e+03  4.17e+01 -1.00e+05
2016 06 23  2350   57562  85800   7.33e+00  1.87e-01  1.09e-01  5.99e-02  4.83e-02  2.51e-02  3.77e+03  3.84e+01 -1.00e+05
2016 06 23  2355   57562  86100   5.09e+00  1.32e-01  1.01e-01  5.99e-02  4.83e-02  2.51e-02  3.82e+03  3.91e+01 -1.00e+05
