:Data_list: 20160722_Gp_part_5m.txt
:Created: 2016 Jul 23 0011 UTC
# Prepared by the U.S. Dept. of Commerce, NOAA, Space Weather Prediction Center
# Please send comments and suggestions to SWPC.Webmaster@noaa.gov 
# 
# Label: P > 1 = Particles at >1 Mev
# Label: P > 5 = Particles at >5 Mev
# Label: P >10 = Particles at >10 Mev
# Label: P >30 = Particles at >30 Mev
# Label: P >50 = Particles at >50 Mev
# Label: P>100 = Particles at >100 Mev
# Label: E>0.8 = Electrons at >0.8 Mev
# Label: E>2.0 = Electrons at >2.0 Mev
# Label: E>4.0 = Electrons at >4.0 Mev
# Units: Particles = Protons/cm2-s-sr
# Units: Electrons = Electrons/cm2-s-sr
# Source: GOES-13
# Location: W075
# Missing data: -1.00e+05
#
#                      5-minute  GOES-13 Solar Particle and Electron Flux
#
#                 Modified Seconds
# UTC Date  Time   Julian  of the
# YR MO DA  HHMM    Day     Day     P > 1     P > 5     P >10     P >30     P >50     P>100     E>0.8     E>2.0     E>4.0
#-------------------------------------------------------------------------------------------------------------------------
2016 07 22  0000   57591      0   1.43e+00  1.76e-01  1.48e-01  6.19e-02  4.76e-02  2.48e-02  4.20e+02  1.48e+00 -1.00e+05
2016 07 22  0005   57591    300   2.35e+00  2.15e-01  1.00e-01  5.65e-02  4.57e-02  2.40e-02  3.93e+02  2.37e+00 -1.00e+05
2016 07 22  0010   57591    600   1.75e+00  2.20e-01  1.56e-01  1.07e-01  5.71e-02  2.40e-02  4.02e+02  1.33e-01 -1.00e+05
2016 07 22  0015   57591    900   1.28e+00  1.50e-01  1.22e-01  6.23e-02  5.15e-02  2.97e-02  4.02e+02  1.33e-01 -1.00e+05
2016 07 22  0020   57591   1200   2.48e+00  3.82e-01  2.23e-01  6.14e-02  4.68e-02  2.40e-02  4.08e+02  2.77e+00 -1.00e+05
2016 07 22  0025   57591   1500   1.43e+00  1.64e-01  1.36e-01  9.41e-02  5.42e-02  2.40e-02  4.13e+02  2.02e+00 -1.00e+05
2016 07 22  0030   57591   1800   1.43e+00  1.48e-01  1.20e-01  7.86e-02  5.52e-02  2.97e-02  4.09e+02  2.55e+00 -1.00e+05
2016 07 22  0035   57591   2100   1.83e+00  3.37e-01  2.57e-01  9.78e-02  8.70e-02  3.72e-02  4.21e+02  3.80e+00 -1.00e+05
2016 07 22  0040   57591   2400   1.61e+00  1.68e-01  1.04e-01  5.65e-02  4.57e-02  2.40e-02  4.36e+02  6.48e+00 -1.00e+05
2016 07 22  0045   57591   2700   1.65e+00  2.00e-01  1.39e-01  9.12e-02  5.64e-02  2.51e-02  4.36e+02  3.62e+00 -1.00e+05
2016 07 22  0050   57591   3000   3.23e+00  3.95e-01  1.46e-01  8.34e-02  6.10e-02  3.51e-02  4.32e+02  1.97e+00 -1.00e+05
2016 07 22  0055   57591   3300   1.51e+00  1.45e-01  1.18e-01  5.65e-02  4.57e-02  2.40e-02  4.30e+02  3.56e+00 -1.00e+05
2016 07 22  0100   57591   3600   1.42e+00  1.79e-01  1.51e-01  9.94e-02  8.86e-02  6.69e-02  4.40e+02  3.68e+00 -1.00e+05
2016 07 22  0105   57591   3900   1.48e+00  1.37e-01  1.09e-01  6.79e-02  4.83e-02  2.40e-02  4.47e+02  1.31e+00 -1.00e+05
2016 07 22  0110   57591   4200   1.48e+00  2.04e-01  1.77e-01  1.35e-01  1.25e-01  4.93e-02  4.45e+02  1.73e-01 -1.00e+05
2016 07 22  0115   57591   4500   1.49e+00  1.57e-01  1.30e-01  7.22e-02  6.14e-02  3.96e-02  4.40e+02  1.82e+00 -1.00e+05
2016 07 22  0120   57591   4800   1.59e+00  2.17e-01  1.89e-01  6.64e-02  5.56e-02  2.71e-02  4.41e+02  4.09e+00 -1.00e+05
2016 07 22  0125   57591   5100   1.56e+00  2.90e-01  2.62e-01  1.22e-01  9.73e-02  3.92e-02  4.46e+02  8.57e-01 -1.00e+05
2016 07 22  0130   57591   5400   1.12e+00  1.80e-01  1.53e-01  1.10e-01  6.80e-02  3.71e-02  4.50e+02  1.66e+00 -1.00e+05
2016 07 22  0135   57591   5700   1.28e+00  1.72e-01  1.44e-01  1.02e-01  7.20e-02  4.46e-02  4.47e+02  4.32e+00 -1.00e+05
2016 07 22  0140   57591   6000   1.25e+00  1.30e-01  1.03e-01  6.14e-02  4.68e-02  2.40e-02  4.46e+02  3.41e+00 -1.00e+05
2016 07 22  0145   57591   6300   1.23e+00  1.25e-01  9.77e-02  5.65e-02  4.57e-02  2.40e-02  4.42e+02  3.00e+00 -1.00e+05
2016 07 22  0150   57591   6600   1.16e+00  1.92e-01  1.64e-01  1.23e-01  1.12e-01  4.53e-02  4.48e+02  2.31e+00 -1.00e+05
2016 07 22  0155   57591   6900   1.78e+00  2.23e-01  1.09e-01  6.47e-02  5.40e-02  3.22e-02  4.49e+02  2.69e+00 -1.00e+05
2016 07 22  0200   57591   7200   1.09e+00  1.31e-01  1.03e-01  6.23e-02  5.15e-02  2.97e-02  4.57e+02  3.26e+00 -1.00e+05
2016 07 22  0205   57591   7500   2.30e+00  2.40e-01  1.00e-01  5.65e-02  4.57e-02  2.40e-02  4.60e+02  9.96e-01 -1.00e+05
2016 07 22  0210   57591   7800   1.18e+00  2.62e-01  2.34e-01  9.35e-02  5.22e-02  2.40e-02  4.55e+02  3.08e+00 -1.00e+05
2016 07 22  0215   57591   8100   1.21e+00  1.25e-01  9.77e-02  5.65e-02  4.57e-02  2.40e-02  4.58e+02  5.32e+00 -1.00e+05
2016 07 22  0220   57591   8400   1.36e+00  1.80e-01  1.52e-01  1.10e-01  7.52e-02  3.12e-02  4.61e+02  2.91e+00 -1.00e+05
2016 07 22  0225   57591   8700   1.34e+00  2.39e-01  2.12e-01  7.71e-02  6.63e-02  4.46e-02  4.51e+02  4.14e+00 -1.00e+05
2016 07 22  0230   57591   9000   2.45e+00  2.84e-01  1.22e-01  7.86e-02  6.78e-02  4.60e-02  4.57e+02  2.24e+00 -1.00e+05
2016 07 22  0235   57591   9300   1.05e+00  1.50e-01  1.23e-01  8.10e-02  5.12e-02  2.40e-02  4.51e+02  2.08e+00 -1.00e+05
2016 07 22  0240   57591   9600   1.12e+00  2.11e-01  1.84e-01  1.41e-01  1.07e-01  4.12e-02  4.51e+02  1.11e+00 -1.00e+05
2016 07 22  0245   57591   9900   1.45e+00  2.39e-01  1.41e-01  8.77e-02  7.69e-02  4.29e-02  4.54e+02  1.61e+00 -1.00e+05
2016 07 22  0250   57591  10200   1.07e+00  1.50e-01  1.23e-01  6.14e-02  4.68e-02  2.40e-02  4.56e+02  2.48e+00 -1.00e+05
2016 07 22  0255   57591  10500   1.36e+00  1.67e-01  1.40e-01  8.46e-02  7.38e-02  5.20e-02  4.54e+02  2.69e+00 -1.00e+05
2016 07 22  0300   57591  10800   1.22e+00  1.25e-01  9.77e-02  5.65e-02  4.57e-02  2.40e-02  4.61e+02  5.26e+00 -1.00e+05
2016 07 22  0305   57591  11100   1.25e+00  1.60e-01  1.33e-01  9.09e-02  6.12e-02  2.71e-02  4.49e+02  2.31e+00 -1.00e+05
2016 07 22  0310   57591  11400   9.46e-01  1.44e-01  1.16e-01  7.45e-02  4.98e-02  2.40e-02  4.48e+02  3.29e+00 -1.00e+05
2016 07 22  0315   57591  11700   1.01e+00  1.25e-01  9.77e-02  5.65e-02  4.57e-02  2.40e-02  4.48e+02  6.58e+00 -1.00e+05
2016 07 22  0320   57591  12000   1.29e+00  1.48e-01  1.20e-01  7.90e-02  6.82e-02  3.12e-02  4.42e+02  4.53e+00 -1.00e+05
2016 07 22  0325   57591  12300   9.56e-01  2.23e-01  1.96e-01  5.65e-02  4.57e-02  2.40e-02  4.37e+02  2.78e+00 -1.00e+05
2016 07 22  0330   57591  12600   9.92e-01  1.37e-01  1.09e-01  6.79e-02  4.83e-02  2.40e-02  4.35e+02  2.39e+00 -1.00e+05
2016 07 22  0335   57591  12900   1.24e+00  1.37e-01  1.09e-01  6.79e-02  4.83e-02  2.40e-02  4.16e+02  3.24e+00 -1.00e+05
2016 07 22  0340   57591  13200   9.97e-01  1.45e-01  1.18e-01  5.65e-02  4.57e-02  2.40e-02  4.17e+02  7.58e+00 -1.00e+05
2016 07 22  0345   57591  13500   1.08e+00  1.25e-01  9.77e-02  5.65e-02  4.57e-02  2.40e-02  4.06e+02  4.53e+00 -1.00e+05
2016 07 22  0350   57591  13800   8.51e-01  1.98e-01  1.70e-01  1.28e-01  1.04e-01  4.12e-02  3.99e+02  2.58e+00 -1.00e+05
2016 07 22  0355   57591  14100   1.49e+00  2.47e-01  1.35e-01  5.98e-02  4.90e-02  2.72e-02  4.00e+02  8.27e-01 -1.00e+05
2016 07 22  0400   57591  14400   9.82e-01  1.86e-01  1.58e-01  1.16e-01  8.14e-02  3.32e-02  3.91e+02  2.29e+00 -1.00e+05
2016 07 22  0405   57591  14700   1.41e+00  2.44e-01  1.31e-01  7.45e-02  4.98e-02  2.40e-02  3.95e+02  3.97e+00 -1.00e+05
2016 07 22  0410   57591  15000   1.03e+00  1.97e-01  1.69e-01  1.27e-01  8.16e-02  4.98e-02  3.96e+02  1.33e-01 -1.00e+05
2016 07 22  0415   57591  15300   1.76e+00  2.65e-01  1.26e-01  8.21e-02  7.13e-02  4.95e-02  3.91e+02  3.38e+00 -1.00e+05
2016 07 22  0420   57591  15600   1.02e+00  1.99e-01  1.72e-01  9.67e-02  8.59e-02  2.57e-02  3.86e+02  9.46e-01 -1.00e+05
2016 07 22  0425   57591  15900   1.08e+00  2.23e-01  1.96e-01  5.65e-02  4.57e-02  2.40e-02  3.92e+02  4.23e+00 -1.00e+05
2016 07 22  0430   57591  16200   1.52e+00  5.07e-01  3.44e-01  1.29e-01  8.45e-02  3.38e-02  3.96e+02  7.44e-01 -1.00e+05
2016 07 22  0435   57591  16500   1.71e+00  2.69e-01  1.10e-01  6.64e-02  5.56e-02  2.71e-02  3.89e+02  4.23e+00 -1.00e+05
2016 07 22  0440   57591  16800   9.87e-01  2.03e-01  1.75e-01  1.34e-01  1.19e-01  4.73e-02  3.89e+02  1.48e+00 -1.00e+05
2016 07 22  0445   57591  17100   9.40e-01  1.33e-01  1.06e-01  6.47e-02  5.40e-02  3.22e-02  3.74e+02  2.59e+00 -1.00e+05
2016 07 22  0450   57591  17400   9.01e-01  1.25e-01  9.77e-02  5.65e-02  4.57e-02  2.40e-02  3.73e+02  4.03e+00 -1.00e+05
2016 07 22  0455   57591  17700   9.39e-01  1.54e-01  1.26e-01  8.52e-02  7.44e-02  3.32e-02  3.67e+02  6.90e+00 -1.00e+05
2016 07 22  0500   57591  18000   9.26e-01  1.85e-01  1.58e-01  1.16e-01  8.25e-02  3.93e-02  3.52e+02  6.44e-01 -1.00e+05
2016 07 22  0505   57591  18300   1.01e+00  2.04e-01  1.76e-01  7.78e-02  5.82e-02  2.71e-02  3.50e+02  2.58e+00 -1.00e+05
2016 07 22  0510   57591  18600   1.47e+00  2.16e-01  1.01e-01  5.73e-02  4.65e-02  2.48e-02  3.38e+02  1.81e+00 -1.00e+05
2016 07 22  0515   57591  18900   1.21e+00  2.10e-01  1.49e-01  1.02e-01  9.11e-02  6.93e-02  3.05e+02  1.39e+00 -1.00e+05
2016 07 22  0520   57591  19200   1.32e+00  1.68e-01  1.04e-01  5.65e-02  4.57e-02  2.40e-02  2.97e+02  3.14e+00 -1.00e+05
2016 07 22  0525   57591  19500   7.23e-01  1.87e-01  1.59e-01  1.17e-01  6.95e-02  3.71e-02  2.91e+02  1.37e+00 -1.00e+05
2016 07 22  0530   57591  19800   8.42e-01  1.97e-01  1.34e-01  8.52e-02  5.66e-02  2.97e-02  2.80e+02  1.33e-01 -1.00e+05
2016 07 22  0535   57591  20100   1.14e+00  2.10e-01  1.49e-01  1.02e-01  9.11e-02  6.93e-02  2.66e+02  1.33e-01 -1.00e+05
2016 07 22  0540   57591  20400   1.32e+00  2.25e-01  1.13e-01  5.65e-02  4.57e-02  2.40e-02  2.65e+02  2.89e+00 -1.00e+05
2016 07 22  0545   57591  20700   9.08e-01  1.81e-01  1.54e-01  8.19e-02  7.11e-02  4.28e-02  2.69e+02  6.10e-01 -1.00e+05
2016 07 22  0550   57591  21000   1.24e+00  2.93e-01  1.83e-01  1.26e-01  8.89e-02  5.94e-02  2.72e+02  1.33e-01 -1.00e+05
2016 07 22  0555   57591  21300   8.33e-01  1.67e-01  1.40e-01  9.67e-02  5.22e-02  2.40e-02  2.65e+02  4.49e-01 -1.00e+05
2016 07 22  0600   57591  21600   7.45e-01  1.78e-01  1.51e-01  1.09e-01  8.96e-02  3.72e-02  2.57e+02  1.33e-01 -1.00e+05
2016 07 22  0605   57591  21900   7.60e-01  1.41e-01  1.13e-01  7.16e-02  5.19e-02  2.51e-02  2.61e+02  1.33e-01 -1.00e+05
2016 07 22  0610   57591  22200   7.09e-01  1.54e-01  1.26e-01  8.52e-02  7.44e-02  3.32e-02  2.58e+02  1.33e-01 -1.00e+05
2016 07 22  0615   57591  22500   9.07e-01  1.66e-01  1.39e-01  9.78e-02  8.70e-02  3.72e-02  2.56e+02  1.13e+00 -1.00e+05
2016 07 22  0620   57591  22800   1.47e+00  3.65e-01  2.38e-01  1.72e-01  1.52e-01  5.73e-02  2.54e+02  1.33e-01 -1.00e+05
2016 07 22  0625   57591  23100   1.42e+00  2.75e-01  1.64e-01  7.47e-02  6.39e-02  4.21e-02  2.58e+02  4.87e-01 -1.00e+05
2016 07 22  0630   57591  23400   1.03e+00  2.01e-01  1.39e-01  9.20e-02  8.12e-02  5.94e-02  2.58e+02  3.14e+00 -1.00e+05
2016 07 22  0635   57591  23700   1.06e+00  2.36e-01  1.90e-01  8.38e-02  6.93e-02  3.12e-02  2.80e+02  8.97e-01 -1.00e+05
2016 07 22  0640   57591  24000   8.97e-01  1.37e-01  1.09e-01  6.79e-02  4.83e-02  2.40e-02  3.11e+02  1.33e+00 -1.00e+05
2016 07 22  0645   57591  24300   8.95e-01  2.08e-01  1.80e-01  1.39e-01  1.28e-01  6.27e-02  3.38e+02  2.78e-01 -1.00e+05
2016 07 22  0650   57591  24600   7.52e-01  1.53e-01  1.26e-01  8.46e-02  7.38e-02  5.20e-02  3.47e+02  1.33e-01 -1.00e+05
2016 07 22  0655   57591  24900   8.58e-01  1.25e-01  9.77e-02  5.65e-02  4.57e-02  2.40e-02  3.56e+02  4.78e+00 -1.00e+05
2016 07 22  0700   57591  25200   1.03e+00  1.89e-01  1.62e-01  5.65e-02  4.57e-02  2.40e-02  3.72e+02  1.51e+00 -1.00e+05
2016 07 22  0705   57591  25500   1.04e+00  2.49e-01  2.22e-01  1.79e-01  1.39e-01  5.13e-02  3.82e+02  1.35e+00 -1.00e+05
2016 07 22  0710   57591  25800   1.72e+00  3.08e-01  1.01e-01  5.73e-02  4.65e-02  2.48e-02  3.76e+02  1.33e-01 -1.00e+05
2016 07 22  0715   57591  26100   1.45e+00  3.13e-01  1.32e-01  6.72e-02  5.64e-02  3.47e-02  3.70e+02  1.81e+00 -1.00e+05
2016 07 22  0720   57591  26400   1.25e+00  2.83e-01  1.73e-01  1.17e-01  9.06e-02  6.44e-02  3.88e+02  1.33e-01 -1.00e+05
2016 07 22  0725   57591  26700   7.92e-01  1.46e-01  1.19e-01  7.74e-02  6.07e-02  3.71e-02  3.90e+02  1.84e+00 -1.00e+05
2016 07 22  0730   57591  27000   7.67e-01  2.35e-01  2.08e-01  7.22e-02  6.14e-02  3.96e-02  3.88e+02  1.33e-01 -1.00e+05
2016 07 22  0735   57591  27300   1.04e+00  1.25e-01  9.77e-02  5.65e-02  4.57e-02  2.40e-02  3.84e+02  2.97e+00 -1.00e+05
2016 07 22  0740   57591  27600   1.94e+00  3.27e-01  1.00e-01  5.65e-02  4.57e-02  2.40e-02  3.83e+02  1.37e+00 -1.00e+05
2016 07 22  0745   57591  27900   1.32e+00  2.39e-01  1.27e-01  7.03e-02  5.14e-02  2.72e-02  3.72e+02  2.05e+00 -1.00e+05
2016 07 22  0750   57591  28200   1.17e+00  2.64e-01  1.51e-01  9.35e-02  5.22e-02  2.40e-02  3.71e+02  1.05e+00 -1.00e+05
2016 07 22  0755   57591  28500   1.32e+00  2.25e-01  1.13e-01  5.65e-02  4.57e-02  2.40e-02  3.69e+02  3.42e+00 -1.00e+05
2016 07 22  0800   57591  28800   7.10e-01  1.44e-01  1.16e-01  7.45e-02  4.98e-02  2.40e-02  3.68e+02  9.22e-01 -1.00e+05
2016 07 22  0805   57591  29100   9.24e-01  1.59e-01  1.31e-01  5.65e-02  4.57e-02  2.40e-02  3.76e+02  4.21e+00 -1.00e+05
2016 07 22  0810   57591  29400   1.02e+00  1.68e-01  1.07e-01  6.02e-02  4.94e-02  2.51e-02  3.77e+02  2.11e+00 -1.00e+05
2016 07 22  0815   57591  29700   9.58e-01  1.53e-01  1.26e-01  8.46e-02  7.38e-02  5.20e-02  3.89e+02  3.57e+00 -1.00e+05
2016 07 22  0820   57591  30000   1.00e+00  3.06e-01  2.78e-01  1.10e-01  7.52e-02  3.12e-02  3.99e+02  2.35e-01 -1.00e+05
2016 07 22  0825   57591  30300   8.98e-01  2.09e-01  1.82e-01  7.90e-02  6.82e-02  3.12e-02  4.12e+02  3.20e-01 -1.00e+05
2016 07 22  0830   57591  30600   9.83e-01  2.48e-01  2.21e-01  8.10e-02  5.12e-02  2.40e-02  4.23e+02  6.80e-01 -1.00e+05
2016 07 22  0835   57591  30900   8.28e-01  1.42e-01  1.14e-01  7.28e-02  6.21e-02  2.97e-02  4.33e+02  2.93e+00 -1.00e+05
2016 07 22  0840   57591  31200   1.02e+00  1.93e-01  1.66e-01  1.24e-01  1.14e-01  5.14e-02  4.44e+02  1.33e-01 -1.00e+05
2016 07 22  0845   57591  31500   7.56e-01  1.25e-01  9.77e-02  5.65e-02  4.57e-02  2.40e-02  4.65e+02  2.95e+00 -1.00e+05
2016 07 22  0850   57591  31800   1.27e+00  3.23e-01  2.11e-01  5.65e-02  4.57e-02  2.40e-02  4.78e+02  3.76e+00 -1.00e+05
2016 07 22  0855   57591  32100   8.10e-01  1.61e-01  1.33e-01  9.22e-02  8.14e-02  2.56e-02  4.68e+02  1.07e+00 -1.00e+05
2016 07 22  0900   57591  32400   1.50e+00  2.58e-01  1.19e-01  7.45e-02  4.98e-02  2.40e-02  4.63e+02  6.65e-01 -1.00e+05
2016 07 22  0905   57591  32700   7.68e-01  1.67e-01  1.39e-01  9.71e-02  6.51e-02  3.71e-02  4.54e+02  1.33e-01 -1.00e+05
2016 07 22  0910   57591  33000   1.40e+00  2.71e-01  1.57e-01  1.12e-01  7.04e-02  3.96e-02  4.47e+02  2.25e+00 -1.00e+05
2016 07 22  0915   57591  33300   9.67e-01  1.75e-01  1.48e-01  1.07e-01  9.58e-02  4.90e-02  4.40e+02  1.09e+00 -1.00e+05
2016 07 22  0920   57591  33600   9.42e-01  2.79e-01  2.52e-01  9.15e-02  8.07e-02  3.52e-02  4.37e+02  2.93e-01 -1.00e+05
2016 07 22  0925   57591  33900   1.23e+00  2.55e-01  1.56e-01  1.02e-01  8.05e-02  4.48e-02  4.47e+02  6.05e-01 -1.00e+05
2016 07 22  0930   57591  34200   1.07e+00  2.38e-01  1.39e-01  8.41e-02  6.45e-02  2.92e-02  4.57e+02  1.33e-01 -1.00e+05
2016 07 22  0935   57591  34500   8.96e-01  1.79e-01  1.52e-01  1.10e-01  9.95e-02  4.12e-02  4.54e+02  3.68e+00 -1.00e+05
2016 07 22  0940   57591  34800   6.56e-01  1.25e-01  9.77e-02  5.65e-02  4.57e-02  2.40e-02  4.34e+02  3.32e+00 -1.00e+05
2016 07 22  0945   57591  35100   1.76e+00  2.81e-01  1.25e-01  5.65e-02  4.57e-02  2.40e-02  4.20e+02  1.22e+00 -1.00e+05
2016 07 22  0950   57591  35400   1.05e+00  2.23e-01  1.96e-01  5.65e-02  4.57e-02  2.40e-02  4.28e+02  4.63e+00 -1.00e+05
2016 07 22  0955   57591  35700   1.80e+00  4.97e-01  2.44e-01  8.95e-02  7.87e-02  5.70e-02  4.15e+02  1.95e+00 -1.00e+05
2016 07 22  1000   57591  36000   1.23e+00  4.18e-01  2.31e-01  9.17e-02  7.92e-02  5.70e-02  3.85e+02  1.33e-01 -1.00e+05
2016 07 22  1005   57591  36300   1.29e+00  2.85e-01  1.85e-01  1.29e-01  7.38e-02  2.92e-02  3.98e+02  1.61e+00 -1.00e+05
2016 07 22  1010   57591  36600   1.02e+00  2.39e-01  2.12e-01  7.71e-02  6.63e-02  4.46e-02  3.91e+02  7.61e-01 -1.00e+05
2016 07 22  1015   57591  36900   1.25e+00  1.69e-01  1.18e-01  7.27e-02  6.19e-02  2.92e-02  3.79e+02  2.00e+00 -1.00e+05
2016 07 22  1020   57591  37200   9.28e-01  1.25e-01  9.77e-02  5.65e-02  4.57e-02  2.40e-02  3.93e+02  1.47e+00 -1.00e+05
2016 07 22  1025   57591  37500   1.28e+00  2.10e-01  1.83e-01  1.42e-01  1.31e-01  5.13e-02  4.61e+02  2.85e+00 -1.00e+05
2016 07 22  1030   57591  37800   1.04e+00  1.71e-01  1.43e-01  1.01e-01  5.57e-02  2.40e-02  5.47e+02  7.58e-01 -1.00e+05
2016 07 22  1035   57591  38100   1.88e+00  3.32e-01  1.24e-01  5.65e-02  4.57e-02  2.40e-02  5.88e+02  2.39e+00 -1.00e+05
2016 07 22  1040   57591  38400   1.15e+00  2.13e-01  1.85e-01  1.03e-01  8.33e-02  3.52e-02  6.52e+02  4.38e+00 -1.00e+05
2016 07 22  1045   57591  38700   1.59e+00  1.68e-01  1.04e-01  5.65e-02  4.57e-02  2.40e-02  7.37e+02  5.58e+00 -1.00e+05
2016 07 22  1050   57591  39000   1.05e+00  2.09e-01  1.82e-01  9.61e-02  8.22e-02  3.76e-02  8.32e+02  3.38e+00 -1.00e+05
2016 07 22  1055   57591  39300   1.64e+00  2.77e-01  1.75e-01  1.29e-01  8.44e-02  3.32e-02  8.60e+02  4.58e+00 -1.00e+05
2016 07 22  1100   57591  39600   1.01e+00  1.85e-01  1.57e-01  1.14e-01  6.54e-02  2.71e-02  8.83e+02  2.68e+00 -1.00e+05
2016 07 22  1105   57591  39900   1.80e+00  2.93e-01  1.11e-01  6.70e-02  5.63e-02  2.96e-02  9.13e+02  7.06e+00 -1.00e+05
2016 07 22  1110   57591  40200   1.35e+00  2.57e-01  1.97e-01  1.48e-01  1.03e-01  7.18e-02  9.69e+02  3.21e+00 -1.00e+05
2016 07 22  1115   57591  40500   1.22e+00  4.22e-01  3.88e-01  2.07e-01  1.80e-01  8.78e-02  1.01e+03  9.46e-01 -1.00e+05
2016 07 22  1120   57591  40800   1.09e+00  1.25e-01  9.77e-02  5.65e-02  4.57e-02  2.40e-02  1.10e+03  3.69e+00 -1.00e+05
2016 07 22  1125   57591  41100   1.34e+00  2.47e-01  2.20e-01  7.45e-02  4.98e-02  2.40e-02  1.17e+03  4.62e+00 -1.00e+05
2016 07 22  1130   57591  41400   1.85e+00  2.71e-01  1.62e-01  1.05e-01  9.00e-02  6.69e-02  1.22e+03  4.52e+00 -1.00e+05
2016 07 22  1135   57591  41700   1.41e+00  2.98e-01  1.95e-01  1.40e-01  9.60e-02  5.78e-02  1.25e+03  2.90e+00 -1.00e+05
2016 07 22  1140   57591  42000   1.41e+00  2.38e-01  1.70e-01  1.21e-01  8.60e-02  2.56e-02  1.31e+03  4.37e+00 -1.00e+05
2016 07 22  1145   57591  42300   1.30e+00  1.25e-01  9.77e-02  5.65e-02  4.57e-02  2.40e-02  1.37e+03  5.72e+00 -1.00e+05
2016 07 22  1150   57591  42600   1.44e+00  2.87e-01  2.60e-01  7.90e-02  6.82e-02  3.12e-02  1.43e+03  5.12e+00 -1.00e+05
2016 07 22  1155   57591  42900   1.62e+00  2.66e-01  2.02e-01  5.65e-02  4.57e-02  2.40e-02  1.48e+03  6.20e+00 -1.00e+05
2016 07 22  1200   57591  43200   1.07e+00  1.25e-01  9.77e-02  5.65e-02  4.57e-02  2.40e-02  1.52e+03  3.59e+00 -1.00e+05
2016 07 22  1205   57591  43500   1.05e+00  1.50e-01  1.23e-01  6.14e-02  4.68e-02  2.40e-02  1.56e+03  8.22e+00 -1.00e+05
2016 07 22  1210   57591  43800   1.35e+00  2.20e-01  1.56e-01  1.07e-01  5.71e-02  2.40e-02  1.64e+03  6.26e+00 -1.00e+05
2016 07 22  1215   57591  44100   1.75e+00  2.71e-01  1.58e-01  1.14e-01  1.03e-01  8.17e-02  1.70e+03  6.03e+00 -1.00e+05
2016 07 22  1220   57591  44400   1.30e+00  1.25e-01  9.77e-02  5.65e-02  4.57e-02  2.40e-02  1.76e+03  1.04e+01 -1.00e+05
2016 07 22  1225   57591  44700   9.43e-01  1.94e-01  1.66e-01  1.23e-01  7.33e-02  2.92e-02  1.77e+03  8.01e+00 -1.00e+05
2016 07 22  1230   57591  45000   1.31e+00  1.33e-01  1.06e-01  6.47e-02  5.40e-02  3.22e-02  1.78e+03  7.31e+00 -1.00e+05
2016 07 22  1235   57591  45300   1.70e+00  1.87e-01  1.37e-01  9.06e-02  6.59e-02  2.92e-02  1.84e+03  7.85e+00 -1.00e+05
2016 07 22  1240   57591  45600   1.37e+00  1.79e-01  1.52e-01  1.10e-01  9.95e-02  4.12e-02  1.87e+03  7.22e+00 -1.00e+05
2016 07 22  1245   57591  45900   1.24e+00  1.53e-01  1.26e-01  8.41e-02  6.45e-02  2.92e-02  1.96e+03  8.13e+00 -1.00e+05
2016 07 22  1250   57591  46200   2.52e+00  3.92e-01  2.09e-01  6.64e-02  5.56e-02  2.71e-02  1.99e+03  5.19e+00 -1.00e+05
2016 07 22  1255   57591  46500   1.45e+00  2.14e-01  1.86e-01  1.12e-01  1.01e-01  4.73e-02  2.02e+03  4.36e+00 -1.00e+05
2016 07 22  1300   57591  46800   1.48e+00  2.63e-01  2.36e-01  1.94e-01  1.65e-01  9.46e-02  2.09e+03  2.96e+00 -1.00e+05
2016 07 22  1305   57591  47100   1.38e+00  1.77e-01  1.49e-01  1.08e-01  9.72e-02  5.45e-02  2.18e+03  6.42e+00 -1.00e+05
2016 07 22  1310   57591  47400   1.39e+00  1.26e-01  9.85e-02  5.73e-02  4.65e-02  2.48e-02  2.30e+03  6.35e+00 -1.00e+05
2016 07 22  1315   57591  47700   2.61e+00  2.15e-01  1.00e-01  5.65e-02  4.57e-02  2.40e-02  2.43e+03  1.04e+01 -1.00e+05
2016 07 22  1320   57591  48000   1.27e+00  1.25e-01  9.77e-02  5.65e-02  4.57e-02  2.40e-02  2.47e+03  7.61e+00 -1.00e+05
2016 07 22  1325   57591  48300   2.01e+00  2.05e-01  1.44e-01  9.69e-02  8.62e-02  6.44e-02  2.58e+03  9.10e+00 -1.00e+05
2016 07 22  1330   57591  48600   1.42e+00  1.25e-01  9.77e-02  5.65e-02  4.57e-02  2.40e-02  2.53e+03  1.18e+01 -1.00e+05
2016 07 22  1335   57591  48900   1.61e+00  1.58e-01  1.31e-01  8.98e-02  7.90e-02  2.56e-02  2.54e+03  7.17e+00 -1.00e+05
2016 07 22  1340   57591  49200   1.48e+00  1.58e-01  1.31e-01  7.61e-02  6.54e-02  4.26e-02  2.52e+03  8.56e+00 -1.00e+05
2016 07 22  1345   57591  49500   2.86e+00  3.71e-01  1.45e-01  1.02e-01  9.11e-02  6.93e-02  2.37e+03  4.75e+00 -1.00e+05
2016 07 22  1350   57591  49800   2.08e+00  1.89e-01  1.27e-01  7.96e-02  6.88e-02  4.70e-02  2.35e+03  6.25e+00 -1.00e+05
2016 07 22  1355   57591  50100   1.63e+00  1.25e-01  9.77e-02  5.65e-02  4.57e-02  2.40e-02  2.34e+03  8.69e+00 -1.00e+05
2016 07 22  1400   57591  50400   2.66e+00  2.94e-01  1.59e-01  1.14e-01  8.44e-02  5.03e-02  2.35e+03  5.93e+00 -1.00e+05
2016 07 22  1405   57591  50700   2.93e+00  3.13e-01  1.28e-01  8.46e-02  7.38e-02  5.20e-02  2.42e+03  7.67e+00 -1.00e+05
2016 07 22  1410   57591  51000   1.81e+00  2.63e-01  2.36e-01  1.30e-01  1.19e-01  5.15e-02  2.59e+03  7.10e+00 -1.00e+05
2016 07 22  1415   57591  51300   1.67e+00  1.46e-01  1.18e-01  7.71e-02  6.63e-02  4.46e-02  2.51e+03  8.53e+00 -1.00e+05
2016 07 22  1420   57591  51600   1.54e+00  2.23e-01  1.96e-01  1.53e-01  9.90e-02  5.78e-02  2.70e+03  4.25e+00 -1.00e+05
2016 07 22  1425   57591  51900   3.60e+00  3.42e-01  1.56e-01  1.11e-01  6.25e-02  2.97e-02  3.03e+03  8.76e+00 -1.00e+05
2016 07 22  1430   57591  52200   2.00e+00  1.78e-01  1.50e-01  1.06e-01  5.22e-02  2.40e-02  3.25e+03  9.47e+00 -1.00e+05
2016 07 22  1435   57591  52500   1.98e+00  2.49e-01  2.22e-01  8.95e-02  7.87e-02  5.70e-02  3.34e+03  8.90e+00 -1.00e+05
2016 07 22  1440   57591  52800   1.99e+00  1.66e-01  1.39e-01  9.78e-02  8.70e-02  3.72e-02  3.48e+03  1.02e+01 -1.00e+05
2016 07 22  1445   57591  53100   2.21e+00  2.85e-01  2.57e-01  1.10e-01  7.04e-02  2.92e-02  3.38e+03  7.08e+00 -1.00e+05
2016 07 22  1450   57591  53400   1.84e+00  1.45e-01  1.18e-01  5.65e-02  4.57e-02  2.40e-02  3.26e+03  1.20e+01 -1.00e+05
2016 07 22  1455   57591  53700   1.94e+00  1.74e-01  1.47e-01  1.03e-01  5.22e-02  2.40e-02  3.48e+03  1.23e+01 -1.00e+05
2016 07 22  1500   57591  54000   2.52e+00  1.78e-01  1.51e-01  1.09e-01  9.85e-02  7.68e-02  3.61e+03  1.08e+01 -1.00e+05
2016 07 22  1505   57591  54300   3.25e+00  2.01e-01  1.39e-01  9.20e-02  8.12e-02  5.94e-02  3.68e+03  1.28e+01 -1.00e+05
2016 07 22  1510   57591  54600   4.51e+00  3.00e-01  1.74e-01  1.29e-01  8.93e-02  3.58e-02  3.60e+03  1.09e+01 -1.00e+05
2016 07 22  1515   57591  54900   5.36e+00  3.67e-01  9.98e-02  5.65e-02  4.57e-02  2.40e-02  3.64e+03  1.32e+01 -1.00e+05
2016 07 22  1520   57591  55200   2.12e+00  1.29e-01  1.01e-01  5.98e-02  4.90e-02  2.72e-02  3.46e+03  1.56e+01 -1.00e+05
2016 07 22  1525   57591  55500   1.95e+00  1.91e-01  1.63e-01  1.21e-01  7.78e-02  4.95e-02  3.38e+03  1.04e+01 -1.00e+05
2016 07 22  1530   57591  55800   1.82e+00  2.04e-01  1.76e-01  1.35e-01  1.10e-01  4.33e-02  3.51e+03  8.97e+00 -1.00e+05
2016 07 22  1535   57591  56100   2.11e+00  2.20e-01  1.92e-01  1.21e-01  1.10e-01  8.40e-02  3.40e+03  7.21e+00 -1.00e+05
2016 07 22  1540   57591  56400   1.51e+00  1.61e-01  1.33e-01  9.20e-02  8.12e-02  5.94e-02  3.24e+03  9.26e+00 -1.00e+05
2016 07 22  1545   57591  56700   2.25e+00  3.72e-01  2.87e-01  1.16e-01  8.62e-02  3.52e-02  3.32e+03  6.65e+00 -1.00e+05
2016 07 22  1550   57591  57000   1.69e+00  1.41e-01  1.14e-01  7.27e-02  6.19e-02  2.92e-02  3.49e+03  1.38e+01 -1.00e+05
2016 07 22  1555   57591  57300   2.08e+00  1.93e-01  1.66e-01  1.23e-01  8.03e-02  5.20e-02  3.55e+03  9.78e+00 -1.00e+05
2016 07 22  1600   57591  57600   1.85e+00  1.48e-01  1.20e-01  7.90e-02  6.82e-02  3.12e-02  3.91e+03  1.33e+01 -1.00e+05
2016 07 22  1605   57591  57900   1.87e+00  1.41e-01  1.14e-01  7.27e-02  6.19e-02  2.92e-02  3.81e+03  1.22e+01 -1.00e+05
2016 07 22  1610   57591  58200   2.41e+00  1.68e-01  1.04e-01  5.65e-02  4.57e-02  2.40e-02  3.98e+03  1.70e+01 -1.00e+05
2016 07 22  1615   57591  58500   3.35e+00  4.49e-01  2.36e-01  5.65e-02  4.57e-02  2.40e-02  3.93e+03  1.30e+01 -1.00e+05
2016 07 22  1620   57591  58800   3.08e+00  2.45e-01  1.33e-01  5.65e-02  4.57e-02  2.40e-02  3.96e+03  1.66e+01 -1.00e+05
2016 07 22  1625   57591  59100   2.32e+00  1.38e-01  1.11e-01  6.97e-02  5.89e-02  3.71e-02  4.02e+03  1.56e+01 -1.00e+05
2016 07 22  1630   57591  59400   4.10e+00  4.27e-01  1.94e-01  5.65e-02  4.57e-02  2.40e-02  4.08e+03  1.68e+01 -1.00e+05
2016 07 22  1635   57591  59700   3.42e+00  1.91e-01  1.29e-01  8.21e-02  7.13e-02  4.95e-02  4.04e+03  1.64e+01 -1.00e+05
2016 07 22  1640   57591  60000   5.28e+00  2.33e-01  1.21e-01  6.47e-02  5.40e-02  3.22e-02  4.25e+03  1.73e+01 -1.00e+05
2016 07 22  1645   57591  60300   5.53e+00  1.48e-01  1.20e-01  7.90e-02  6.82e-02  3.12e-02  4.56e+03  1.77e+01 -1.00e+05
2016 07 22  1650   57591  60600   7.94e+00  1.44e-01  1.16e-01  7.45e-02  4.98e-02  2.40e-02  4.77e+03  1.95e+01 -1.00e+05
2016 07 22  1655   57591  60900   7.99e+00  2.17e-01  1.88e-01  1.13e-01  1.02e-01  5.10e-02  4.83e+03  2.12e+01 -1.00e+05
2016 07 22  1700   57591  61200   7.74e+00  1.37e-01  1.09e-01  6.79e-02  4.83e-02  2.40e-02  4.78e+03  2.11e+01 -1.00e+05
2016 07 22  1705   57591  61500   8.60e+00  1.50e-01  1.23e-01  8.10e-02  5.12e-02  2.40e-02  4.78e+03  1.87e+01 -1.00e+05
2016 07 22  1710   57591  61800   8.05e+00  1.30e-01  1.03e-01  6.14e-02  4.68e-02  2.40e-02  4.96e+03  2.32e+01 -1.00e+05
2016 07 22  1715   57591  62100   6.41e+00  1.48e-01  1.20e-01  7.90e-02  6.82e-02  3.12e-02  4.73e+03  1.56e+01 -1.00e+05
2016 07 22  1720   57591  62400   7.39e+00  4.72e-01  3.24e-01  1.42e-01  1.31e-01  5.13e-02  4.47e+03  1.37e+01 -1.00e+05
2016 07 22  1725   57591  62700   5.14e+00  2.25e-01  1.13e-01  5.65e-02  4.57e-02  2.40e-02  4.34e+03  1.42e+01 -1.00e+05
2016 07 22  1730   57591  63000   5.67e+00  2.47e-01  1.35e-01  5.98e-02  4.90e-02  2.72e-02  4.53e+03  1.52e+01 -1.00e+05
2016 07 22  1735   57591  63300   3.63e+00  1.26e-01  9.85e-02  5.73e-02  4.65e-02  2.48e-02  4.73e+03  1.46e+01 -1.00e+05
2016 07 22  1740   57591  63600   3.49e+00  1.25e-01  9.77e-02  5.65e-02  4.57e-02  2.40e-02  4.73e+03  1.90e+01 -1.00e+05
2016 07 22  1745   57591  63900   5.99e+00  2.64e-01  1.40e-01  7.71e-02  6.63e-02  4.46e-02  4.82e+03  1.47e+01 -1.00e+05
2016 07 22  1750   57591  64200   4.04e+00  2.02e-01  1.62e-01  1.19e-01  1.06e-01  6.56e-02  4.46e+03  1.03e+01 -1.00e+05
2016 07 22  1755   57591  64500   7.04e+00  1.88e-01  1.24e-01  5.65e-02  4.57e-02  2.40e-02  5.34e+03  2.00e+01 -1.00e+05
2016 07 22  1800   57591  64800   4.18e+00  4.32e-01  4.05e-01  1.04e-01  5.22e-02  2.40e-02  4.64e+03  1.20e+01 -1.00e+05
2016 07 22  1805   57591  65100   3.65e+00  1.55e-01  1.28e-01  6.97e-02  5.89e-02  3.71e-02  4.34e+03  1.23e+01 -1.00e+05
2016 07 22  1810   57591  65400   4.09e+00  1.49e-01  1.21e-01  8.01e-02  6.93e-02  3.54e-02  4.36e+03  1.24e+01 -1.00e+05
2016 07 22  1815   57591  65700   5.13e+00  2.82e-01  1.74e-01  1.17e-01  9.84e-02  7.43e-02  4.36e+03  1.06e+01 -1.00e+05
2016 07 22  1820   57591  66000   3.68e+00  1.85e-01  1.22e-01  7.47e-02  6.39e-02  4.21e-02  4.31e+03  7.73e+00 -1.00e+05
2016 07 22  1825   57591  66300   6.08e+00  2.64e-01  1.01e-01  5.73e-02  4.65e-02  2.48e-02  4.70e+03  1.46e+01 -1.00e+05
2016 07 22  1830   57591  66600   3.22e+00  2.60e-01  2.32e-01  9.77e-02  7.29e-02  4.70e-02  4.83e+03  9.81e+00 -1.00e+05
2016 07 22  1835   57591  66900   3.29e+00  2.85e-01  2.57e-01  2.15e-01  1.79e-01  7.68e-02  4.54e+03  1.26e+01 -1.00e+05
2016 07 22  1840   57591  67200   3.68e+00  1.68e-01  1.41e-01  9.94e-02  8.86e-02  6.69e-02  4.59e+03  1.31e+01 -1.00e+05
2016 07 22  1845   57591  67500   4.47e+00  1.29e-01  1.01e-01  5.98e-02  4.90e-02  2.72e-02  4.96e+03  1.21e+01 -1.00e+05
2016 07 22  1850   57591  67800   8.20e+00  2.63e-01  1.48e-01  1.02e-01  5.22e-02  2.40e-02  5.11e+03  1.08e+01 -1.00e+05
2016 07 22  1855   57591  68100   4.57e+00  1.30e-01  1.02e-01  6.08e-02  5.00e-02  2.76e-02  4.92e+03  1.28e+01 -1.00e+05
2016 07 22  1900   57591  68400   3.73e+00  1.25e-01  9.77e-02  5.65e-02  4.57e-02  2.40e-02  4.66e+03  1.12e+01 -1.00e+05
2016 07 22  1905   57591  68700   3.19e+00  1.48e-01  1.21e-01  7.96e-02  6.88e-02  4.70e-02  4.59e+03  1.28e+01 -1.00e+05
2016 07 22  1910   57591  69000   3.18e+00  1.48e-01  1.20e-01  7.90e-02  6.82e-02  3.12e-02  4.71e+03  9.31e+00 -1.00e+05
2016 07 22  1915   57591  69300   3.20e+00  2.02e-01  1.75e-01  1.33e-01  1.23e-01  6.44e-02  4.69e+03  6.17e+00 -1.00e+05
2016 07 22  1920   57591  69600   2.74e+00  2.53e-01  2.25e-01  1.04e-01  9.36e-02  7.18e-02  4.71e+03  7.37e+00 -1.00e+05
2016 07 22  1925   57591  69900   2.68e+00  1.72e-01  1.44e-01  1.02e-01  7.20e-02  4.46e-02  4.94e+03  5.79e+00 -1.00e+05
2016 07 22  1930   57591  70200   4.33e+00  2.74e-01  1.65e-01  1.09e-01  9.85e-02  7.68e-02  4.28e+03  4.51e+00 -1.00e+05
2016 07 22  1935   57591  70500   2.92e+00  1.35e-01  1.08e-01  6.64e-02  5.56e-02  2.71e-02  4.19e+03  5.50e+00 -1.00e+05
2016 07 22  1940   57591  70800   3.26e+00  1.25e-01  9.77e-02  5.65e-02  4.57e-02  2.40e-02  4.72e+03  6.82e+00 -1.00e+05
2016 07 22  1945   57591  71100   3.04e+00  2.13e-01  1.85e-01  7.27e-02  6.19e-02  2.92e-02  4.92e+03  8.19e+00 -1.00e+05
2016 07 22  1950   57591  71400   5.38e+00  2.40e-01  1.00e-01  5.65e-02  4.57e-02  2.40e-02  5.29e+03  9.31e+00 -1.00e+05
2016 07 22  1955   57591  71700   3.02e+00  1.25e-01  9.77e-02  5.65e-02  4.57e-02  2.40e-02  5.50e+03  8.78e+00 -1.00e+05
2016 07 22  2000   57591  72000   3.23e+00  1.30e-01  1.03e-01  6.14e-02  4.68e-02  2.40e-02  5.24e+03  8.38e+00 -1.00e+05
2016 07 22  2005   57591  72300   3.66e+00  1.85e-01  1.57e-01  1.15e-01  9.58e-02  3.92e-02  5.90e+03  5.69e+00 -1.00e+05
2016 07 22  2010   57591  72600   3.79e+00  1.90e-01  1.63e-01  1.19e-01  6.54e-02  3.71e-02  6.43e+03  9.12e+00 -1.00e+05
2016 07 22  2015   57591  72900   3.84e+00  2.23e-01  1.96e-01  5.65e-02  4.57e-02  2.40e-02  6.70e+03  9.45e+00 -1.00e+05
2016 07 22  2020   57591  73200   7.74e+00  2.73e-01  1.16e-01  7.27e-02  6.19e-02  2.92e-02  6.97e+03  8.54e+00 -1.00e+05
2016 07 22  2025   57591  73500   4.62e+00  1.73e-01  1.45e-01  1.04e-01  9.33e-02  3.92e-02  7.18e+03  1.01e+01 -1.00e+05
2016 07 22  2030   57591  73800   5.86e+00  1.68e-01  1.04e-01  5.65e-02  4.57e-02  2.40e-02  7.19e+03  1.29e+01 -1.00e+05
2016 07 22  2035   57591  74100   7.37e+00  2.73e-01  1.16e-01  7.27e-02  6.19e-02  2.92e-02  7.30e+03  1.35e+01 -1.00e+05
2016 07 22  2040   57591  74400   4.18e+00  1.57e-01  1.30e-01  8.87e-02  7.79e-02  4.66e-02  7.07e+03  8.02e+00 -1.00e+05
2016 07 22  2045   57591  74700   4.27e+00  1.55e-01  1.28e-01  6.97e-02  5.89e-02  3.71e-02  6.87e+03  1.09e+01 -1.00e+05
2016 07 22  2050   57591  75000   5.22e+00  1.52e-01  1.24e-01  8.32e-02  7.25e-02  5.07e-02  7.06e+03  8.85e+00 -1.00e+05
2016 07 22  2055   57591  75300   8.77e+00  2.90e-01  1.05e-01  6.14e-02  4.68e-02  2.40e-02  7.18e+03  1.12e+01 -1.00e+05
2016 07 22  2100   57591  75600   3.62e+00  1.88e-01  1.60e-01  1.19e-01  1.08e-01  5.30e-02  7.33e+03  9.67e+00 -1.00e+05
2016 07 22  2105   57591  75900   4.54e+00  1.25e-01  9.77e-02  5.65e-02  4.57e-02  2.40e-02  7.59e+03  1.13e+01 -1.00e+05
2016 07 22  2110   57591  76200   7.94e+00  2.70e-01  1.58e-01  5.65e-02  4.57e-02  2.40e-02  7.90e+03  1.19e+01 -1.00e+05
2016 07 22  2115   57591  76500   5.42e+00  1.25e-01  9.77e-02  5.65e-02  4.57e-02  2.40e-02  7.67e+03  1.41e+01 -1.00e+05
2016 07 22  2120   57591  76800   7.72e+00  2.30e-01  1.18e-01  6.14e-02  4.68e-02  2.40e-02  7.59e+03  1.24e+01 -1.00e+05
2016 07 22  2125   57591  77100   7.66e+00  2.21e-01  1.10e-01  6.64e-02  5.56e-02  2.71e-02  6.75e+03  1.06e+01 -1.00e+05
2016 07 22  2130   57591  77400   4.02e+00  1.46e-01  1.19e-01  7.71e-02  5.93e-02  3.32e-02  6.26e+03  5.78e+00 -1.00e+05
2016 07 22  2135   57591  77700   3.29e+00  1.50e-01  1.23e-01  8.10e-02  5.12e-02  2.40e-02  5.94e+03  7.90e+00 -1.00e+05
2016 07 22  2140   57591  78000   3.74e+00  1.29e-01  1.01e-01  6.02e-02  4.94e-02  2.51e-02  6.13e+03  9.25e+00 -1.00e+05
2016 07 22  2145   57591  78300   8.99e+00  4.41e-01  2.13e-01  9.49e-02  8.42e-02  4.86e-02  6.23e+03  5.20e+00 -1.00e+05
2016 07 22  2150   57591  78600   4.87e+00  2.23e-01  1.96e-01  5.65e-02  4.57e-02  2.40e-02  6.05e+03  8.96e+00 -1.00e+05
2016 07 22  2155   57591  78900   4.59e+00  1.35e-01  1.08e-01  6.64e-02  5.56e-02  2.71e-02  5.99e+03  7.83e+00 -1.00e+05
2016 07 22  2200   57591  79200   7.18e+00  3.76e-01  2.63e-01  9.41e-02  5.42e-02  2.40e-02  5.70e+03  8.17e+00 -1.00e+05
2016 07 22  2205   57591  79500   6.52e+00  2.70e-01  1.58e-01  5.65e-02  4.57e-02  2.40e-02  5.49e+03  7.55e+00 -1.00e+05
2016 07 22  2210   57591  79800   4.49e+00  1.87e-01  1.60e-01  1.18e-01  1.08e-01  7.30e-02  5.30e+03  1.30e+00 -1.00e+05
2016 07 22  2215   57591  80100   3.92e+00  1.29e-01  1.01e-01  6.02e-02  4.94e-02  2.51e-02  5.08e+03  7.06e+00 -1.00e+05
2016 07 22  2220   57591  80400   5.05e+00  3.43e-01  2.83e-01  1.67e-01  1.22e-01  4.53e-02  4.93e+03  3.91e+00 -1.00e+05
2016 07 22  2225   57591  80700   4.59e+00  1.80e-01  1.17e-01  6.97e-02  5.89e-02  3.71e-02  4.78e+03  2.56e+00 -1.00e+05
2016 07 22  2230   57591  81000   3.57e+00  1.46e-01  1.18e-01  7.71e-02  6.63e-02  4.46e-02  4.49e+03  6.75e+00 -1.00e+05
2016 07 22  2235   57591  81300   3.69e+00  1.38e-01  1.11e-01  6.97e-02  5.89e-02  3.71e-02  4.40e+03  3.45e+00 -1.00e+05
2016 07 22  2240   57591  81600   5.23e+00  2.59e-01  1.46e-01  1.02e-01  9.11e-02  6.93e-02  4.46e+03  2.68e+00 -1.00e+05
2016 07 22  2245   57591  81900   4.92e+00  2.33e-01  1.25e-01  8.10e-02  7.02e-02  3.91e-02  4.47e+03  2.52e+00 -1.00e+05
2016 07 22  2250   57591  82200   3.24e+00  1.33e-01  1.06e-01  6.47e-02  5.40e-02  3.22e-02  4.53e+03  7.11e+00 -1.00e+05
2016 07 22  2255   57591  82500   6.62e+00  2.62e-01  1.23e-01  7.96e-02  6.88e-02  4.70e-02  4.68e+03  4.49e+00 -1.00e+05
2016 07 22  2300   57591  82800   3.82e+00  1.74e-01  1.46e-01  1.03e-01  5.30e-02  2.48e-02  4.70e+03  2.01e+00 -1.00e+05
2016 07 22  2305   57591  83100   4.99e+00  1.68e-01  1.04e-01  5.65e-02  4.57e-02  2.40e-02  4.76e+03  5.35e+00 -1.00e+05
2016 07 22  2310   57591  83400   3.97e+00  1.61e-01  1.33e-01  9.20e-02  8.12e-02  5.94e-02  4.75e+03  3.24e+00 -1.00e+05
2016 07 22  2315   57591  83700   3.92e+00  2.01e-01  1.74e-01  9.15e-02  8.07e-02  3.52e-02  4.62e+03  5.18e+00 -1.00e+05
2016 07 22  2320   57591  84000   4.40e+00  1.65e-01  1.38e-01  9.63e-02  8.18e-02  3.52e-02  4.70e+03  4.44e+00 -1.00e+05
2016 07 22  2325   57591  84300   4.35e+00  1.48e-01  1.20e-01  7.90e-02  6.82e-02  3.12e-02  4.58e+03  4.68e+00 -1.00e+05
2016 07 22  2330   57591  84600   3.86e+00  1.48e-01  1.21e-01  7.96e-02  6.88e-02  3.36e-02  4.45e+03  2.81e+00 -1.00e+05
2016 07 22  2335   57591  84900   5.23e+00  2.70e-01  1.60e-01  9.20e-02  8.12e-02  5.94e-02  4.67e+03  2.74e+00 -1.00e+05
2016 07 22  2340   57591  85200   6.64e+00  4.44e-01  2.59e-01  1.06e-01  6.95e-02  2.93e-02  4.69e+03  1.33e-01 -1.00e+05
2016 07 22  2345   57591  85500   3.44e+00  1.65e-01  1.38e-01  9.88e-02  7.76e-02  3.33e-02  4.70e+03  2.49e+00 -1.00e+05
2016 07 22  2350   57591  85800   5.10e+00  2.48e-01  1.43e-01  1.02e-01  9.11e-02  5.27e-02  4.87e+03  1.80e+00 -1.00e+05
2016 07 22  2355   57591  86100   3.75e+00  1.82e-01  1.55e-01  1.16e-01  1.05e-01  8.23e-02  4.83e+03  4.67e+00 -1.00e+05
