:Data_list: 20160907_Gp_part_5m.txt
:Created: 2016 Sep 08 0011 UTC
# Prepared by the U.S. Dept. of Commerce, NOAA, Space Weather Prediction Center
# Please send comments and suggestions to SWPC.Webmaster@noaa.gov 
# 
# Label: P > 1 = Particles at >1 Mev
# Label: P > 5 = Particles at >5 Mev
# Label: P >10 = Particles at >10 Mev
# Label: P >30 = Particles at >30 Mev
# Label: P >50 = Particles at >50 Mev
# Label: P>100 = Particles at >100 Mev
# Label: E>0.8 = Electrons at >0.8 Mev
# Label: E>2.0 = Electrons at >2.0 Mev
# Label: E>4.0 = Electrons at >4.0 Mev
# Units: Particles = Protons/cm2-s-sr
# Units: Electrons = Electrons/cm2-s-sr
# Source: GOES-13
# Location: W075
# Missing data: -1.00e+05
#
#                      5-minute  GOES-13 Solar Particle and Electron Flux
#
#                 Modified Seconds
# UTC Date  Time   Julian  of the
# YR MO DA  HHMM    Day     Day     P > 1     P > 5     P >10     P >30     P >50     P>100     E>0.8     E>2.0     E>4.0
#-------------------------------------------------------------------------------------------------------------------------
2016 09 07  0000   57638      0   1.97e+01  3.02e-01  1.30e-01  5.96e-02  4.81e-02  2.50e-02  7.91e+04  9.46e+03 -1.00e+05
2016 09 07  0005   57638    300   1.38e+01  2.07e-01  1.67e-01  1.20e-01  1.09e-01  4.44e-02  7.93e+04  9.91e+03 -1.00e+05
2016 09 07  0010   57638    600   1.57e+01  2.02e-01  1.62e-01  1.15e-01  8.40e-02  5.52e-02  7.93e+04  1.02e+04 -1.00e+05
2016 09 07  0015   57638    900   1.46e+01  1.85e-01  1.46e-01  5.96e-02  4.81e-02  2.50e-02  8.25e+04  1.03e+04 -1.00e+05
2016 09 07  0020   57638   1200   1.35e+01  1.46e-01  1.06e-01  5.96e-02  4.81e-02  2.50e-02  8.25e+04  1.03e+04 -1.00e+05
2016 09 07  0025   57638   1500   2.17e+01  2.83e-01  1.35e-01  8.64e-02  5.42e-02  2.50e-02  7.86e+04  9.89e+03 -1.00e+05
2016 09 07  0030   57638   1800   1.31e+01  1.60e-01  1.21e-01  7.33e-02  5.12e-02  2.50e-02  6.67e+04  7.71e+03 -1.00e+05
2016 09 07  0035   57638   2100   1.18e+01  1.47e-01  1.07e-01  6.02e-02  4.83e-02  2.50e-02  6.09e+04  6.46e+03 -1.00e+05
2016 09 07  0040   57638   2400   1.32e+01  1.96e-01  1.45e-01  9.61e-02  7.91e-02  3.44e-02  6.56e+04  6.78e+03 -1.00e+05
2016 09 07  0045   57638   2700   1.40e+01  1.69e-01  1.29e-01  8.26e-02  7.12e-02  3.24e-02  7.15e+04  8.08e+03 -1.00e+05
2016 09 07  0050   57638   3000   1.58e+01  1.93e-01  1.53e-01  6.75e-02  5.60e-02  3.29e-02  7.72e+04  8.86e+03 -1.00e+05
2016 09 07  0055   57638   3300   1.87e+01  1.46e-01  1.06e-01  5.96e-02  4.81e-02  2.50e-02  8.06e+04  9.25e+03 -1.00e+05
2016 09 07  0100   57638   3600   3.44e+01  3.36e-01  1.62e-01  1.14e-01  1.03e-01  4.24e-02  8.34e+04  1.01e+04 -1.00e+05
2016 09 07  0105   57638   3900   2.72e+01  2.82e-01  2.42e-01  7.01e-02  5.86e-02  2.83e-02  9.22e+04  1.18e+04 -1.00e+05
2016 09 07  0110   57638   4200   2.69e+01  1.46e-01  1.06e-01  5.96e-02  4.81e-02  2.50e-02  8.72e+04  1.06e+04 -1.00e+05
2016 09 07  0115   57638   4500   2.96e+01  2.09e-01  1.70e-01  7.63e-02  6.49e-02  3.04e-02  9.64e+04  1.27e+04 -1.00e+05
2016 09 07  0120   57638   4800   2.73e+01  1.56e-01  1.17e-01  6.99e-02  5.85e-02  3.54e-02  1.00e+05  1.37e+04 -1.00e+05
2016 09 07  0125   57638   5100   2.50e+01  1.53e-01  1.14e-01  6.67e-02  4.97e-02  2.50e-02  9.49e+04  1.25e+04 -1.00e+05
2016 09 07  0130   57638   5400   2.15e+01  1.46e-01  1.06e-01  5.96e-02  4.81e-02  2.50e-02  8.75e+04  1.05e+04 -1.00e+05
2016 09 07  0135   57638   5700   1.86e+01  1.59e-01  1.19e-01  7.24e-02  6.10e-02  3.78e-02  8.27e+04  9.29e+03 -1.00e+05
2016 09 07  0140   57638   6000   1.73e+01  1.50e-01  1.11e-01  6.38e-02  5.24e-02  2.63e-02  8.17e+04  9.25e+03 -1.00e+05
2016 09 07  0145   57638   6300   1.84e+01  1.92e-01  1.52e-01  1.03e-01  5.51e-02  2.50e-02  8.10e+04  9.01e+03 -1.00e+05
2016 09 07  0150   57638   6600   1.64e+01  2.27e-01  1.87e-01  1.40e-01  1.29e-01  7.81e-02  8.24e+04  9.23e+03 -1.00e+05
2016 09 07  0155   57638   6900   1.56e+01  1.74e-01  1.34e-01  8.64e-02  5.42e-02  2.50e-02  7.93e+04  8.98e+03 -1.00e+05
2016 09 07  0200   57638   7200   1.56e+01  1.75e-01  1.36e-01  8.89e-02  7.75e-02  3.44e-02  8.29e+04  9.26e+03 -1.00e+05
2016 09 07  0205   57638   7500   2.08e+01  2.45e-01  1.21e-01  5.96e-02  4.81e-02  2.50e-02  8.59e+04  9.85e+03 -1.00e+05
2016 09 07  0210   57638   7800   2.92e+01  4.41e-01  1.93e-01  6.99e-02  5.85e-02  3.54e-02  8.40e+04  9.58e+03 -1.00e+05
2016 09 07  0215   57638   8100   2.09e+01  2.73e-01  1.25e-01  7.74e-02  6.60e-02  4.28e-02  8.50e+04  9.48e+03 -1.00e+05
2016 09 07  0220   57638   8400   1.16e+01  1.46e-01  1.06e-01  5.96e-02  4.81e-02  2.50e-02  7.93e+04  8.55e+03 -1.00e+05
2016 09 07  0225   57638   8700   9.54e+00  1.68e-01  1.35e-01  5.94e-02  4.81e-02  2.50e-02  7.67e+04  8.00e+03 -1.00e+05
2016 09 07  0230   57638   9000   7.18e+00  1.36e-01  1.03e-01  5.94e-02  4.81e-02  2.50e-02  7.42e+04  7.47e+03 -1.00e+05
2016 09 07  0235   57638   9300   6.37e+00  1.51e-01  1.07e-01  6.15e-02  5.03e-02  2.71e-02  6.72e+04  6.27e+03 -1.00e+05
2016 09 07  0240   57638   9600   8.86e+00  2.52e-01  1.14e-01  5.94e-02  4.81e-02  2.50e-02  6.05e+04  5.18e+03 -1.00e+05
2016 09 07  0245   57638   9900   5.24e+00  1.60e-01  1.26e-01  7.88e-02  6.76e-02  4.45e-02  6.29e+04  5.57e+03 -1.00e+05
2016 09 07  0250   57638  10200   4.53e+00  1.91e-01  1.58e-01  1.13e-01  7.15e-02  3.95e-02  5.91e+04  5.24e+03 -1.00e+05
2016 09 07  0255   57638  10500   4.31e+01  1.57e-01  1.23e-01  7.97e-02  6.55e-02  3.03e-02  7.74e+04  9.11e+03 -1.00e+05
2016 09 07  0300   57638  10800   4.30e+01  2.64e-01  1.22e-01  5.94e-02  4.81e-02  2.50e-02  9.50e+04  1.21e+04 -1.00e+05
2016 09 07  0305   57638  11100   1.99e+01  2.41e-01  2.07e-01  9.40e-02  7.48e-02  4.94e-02  8.79e+04  1.12e+04 -1.00e+05
2016 09 07  0310   57638  11400   1.31e+01  2.72e-01  1.30e-01  5.94e-02  4.81e-02  2.50e-02  8.25e+04  9.50e+03 -1.00e+05
2016 09 07  0315   57638  11700   1.15e+01  2.20e-01  1.28e-01  7.39e-02  6.26e-02  3.95e-02  6.94e+04  6.74e+03 -1.00e+05
2016 09 07  0320   57638  12000   6.95e+00  1.61e-01  1.17e-01  6.33e-02  4.90e-02  2.50e-02  6.38e+04  5.69e+03 -1.00e+05
2016 09 07  0325   57638  12300   8.05e+00  1.88e-01  1.46e-01  1.01e-01  8.99e-02  6.68e-02  7.90e+04  8.31e+03 -1.00e+05
2016 09 07  0330   57638  12600   1.36e+01  2.77e-01  1.14e-01  5.94e-02  4.81e-02  2.50e-02  8.11e+04  8.58e+03 -1.00e+05
2016 09 07  0335   57638  12900   8.30e+00  1.73e-01  1.39e-01  9.58e-02  7.72e-02  5.19e-02  8.50e+04  9.20e+03 -1.00e+05
2016 09 07  0340   57638  13200   9.43e+00  1.49e-01  1.15e-01  7.19e-02  6.03e-02  3.70e-02  8.64e+04  9.47e+03 -1.00e+05
2016 09 07  0345   57638  13500   9.65e+00  1.36e-01  1.03e-01  5.94e-02  4.81e-02  2.50e-02  8.21e+04  8.56e+03 -1.00e+05
2016 09 07  0350   57638  13800   1.58e+01  2.07e-01  1.13e-01  5.94e-02  4.81e-02  2.50e-02  8.08e+04  8.33e+03 -1.00e+05
2016 09 07  0355   57638  14100   2.06e+01  2.65e-01  1.35e-01  9.01e-02  7.22e-02  4.71e-02  8.03e+04  8.55e+03 -1.00e+05
2016 09 07  0400   57638  14400   1.38e+01  1.53e-01  1.09e-01  6.33e-02  4.90e-02  2.50e-02  8.15e+04  8.70e+03 -1.00e+05
2016 09 07  0405   57638  14700   2.82e+01  3.25e-01  1.48e-01  1.04e-01  9.24e-02  6.92e-02  8.03e+04  8.53e+03 -1.00e+05
2016 09 07  0410   57638  15000   2.54e+01  2.35e-01  1.04e-01  5.94e-02  4.81e-02  2.50e-02  7.58e+04  7.83e+03 -1.00e+05
2016 09 07  0415   57638  15300   1.36e+01  1.50e-01  1.16e-01  6.64e-02  5.52e-02  3.21e-02  7.13e+04  6.83e+03 -1.00e+05
2016 09 07  0420   57638  15600   1.63e+01  2.59e-01  1.66e-01  1.03e-01  5.79e-02  2.50e-02  7.06e+04  6.88e+03 -1.00e+05
2016 09 07  0425   57638  15900   1.12e+01  1.40e-01  1.07e-01  6.33e-02  4.90e-02  2.50e-02  7.13e+04  7.01e+03 -1.00e+05
2016 09 07  0430   57638  16200   1.11e+01  1.47e-01  1.13e-01  6.98e-02  5.05e-02  2.50e-02  7.13e+04  7.24e+03 -1.00e+05
2016 09 07  0435   57638  16500   1.07e+01  1.53e-01  1.19e-01  7.58e-02  6.46e-02  3.03e-02  7.13e+04  7.29e+03 -1.00e+05
2016 09 07  0440   57638  16800   1.16e+01  1.72e-01  1.29e-01  8.38e-02  7.25e-02  4.94e-02  7.13e+04  7.23e+03 -1.00e+05
2016 09 07  0445   57638  17100   1.14e+01  1.86e-01  1.43e-01  9.86e-02  8.74e-02  6.43e-02  7.13e+04  7.14e+03 -1.00e+05
2016 09 07  0450   57638  17400   1.09e+01  1.87e-01  1.54e-01  1.09e-01  5.93e-02  2.50e-02  7.13e+04  7.29e+03 -1.00e+05
2016 09 07  0455   57638  17700   1.22e+01  1.58e-01  1.14e-01  6.84e-02  5.56e-02  3.21e-02  7.13e+04  7.45e+03 -1.00e+05
2016 09 07  0500   57638  18000   9.62e+00  1.64e-01  1.30e-01  8.66e-02  6.22e-02  2.83e-02  7.14e+04  7.53e+03 -1.00e+05
2016 09 07  0505   57638  18300   1.09e+01  1.51e-01  1.17e-01  7.39e-02  6.26e-02  3.95e-02  7.13e+04  7.63e+03 -1.00e+05
2016 09 07  0510   57638  18600   9.61e+00  2.12e-01  1.78e-01  1.33e-01  8.37e-02  4.94e-02  7.41e+04  7.92e+03 -1.00e+05
2016 09 07  0515   57638  18900   8.74e+00  1.82e-01  1.49e-01  1.06e-01  9.43e-02  5.64e-02  7.13e+04  7.54e+03 -1.00e+05
2016 09 07  0520   57638  19200   8.12e+00  1.36e-01  1.03e-01  5.94e-02  4.81e-02  2.50e-02  7.13e+04  7.54e+03 -1.00e+05
2016 09 07  0525   57638  19500   1.07e+01  2.07e-01  1.13e-01  5.94e-02  4.81e-02  2.50e-02  7.04e+04  7.34e+03 -1.00e+05
2016 09 07  0530   57638  19800   7.02e+00  1.73e-01  1.39e-01  9.62e-02  8.49e-02  6.18e-02  6.79e+04  7.07e+03 -1.00e+05
2016 09 07  0535   57638  20100   6.94e+00  1.54e-01  1.20e-01  7.64e-02  5.20e-02  2.50e-02  6.69e+04  6.73e+03 -1.00e+05
2016 09 07  0540   57638  20400   6.80e+00  3.36e-01  3.02e-01  1.16e-01  6.08e-02  2.50e-02  6.37e+04  6.35e+03 -1.00e+05
2016 09 07  0545   57638  20700   6.80e+00  1.41e-01  1.07e-01  6.40e-02  5.27e-02  2.96e-02  6.33e+04  6.32e+03 -1.00e+05
2016 09 07  0550   57638  21000   1.26e+01  2.59e-01  1.04e-01  5.94e-02  4.81e-02  2.50e-02  6.32e+04  6.29e+03 -1.00e+05
2016 09 07  0555   57638  21300   1.06e+01  2.31e-01  1.38e-01  8.29e-02  5.34e-02  2.50e-02  6.30e+04  6.38e+03 -1.00e+05
2016 09 07  0600   57638  21600   1.19e+01  2.64e-01  1.22e-01  5.94e-02  4.81e-02  2.50e-02  6.53e+04  6.68e+03 -1.00e+05
2016 09 07  0605   57638  21900   9.81e+00  2.37e-01  1.93e-01  8.51e-02  6.32e-02  3.70e-02  6.53e+04  6.76e+03 -1.00e+05
2016 09 07  0610   57638  22200   8.71e+00  1.97e-01  1.64e-01  1.20e-01  1.09e-01  6.96e-02  6.69e+04  7.13e+03 -1.00e+05
2016 09 07  0615   57638  22500   7.98e+00  1.62e-01  1.28e-01  7.64e-02  5.20e-02  2.50e-02  7.10e+04  7.56e+03 -1.00e+05
2016 09 07  0620   57638  22800   8.93e+00  1.75e-01  1.42e-01  9.86e-02  8.74e-02  6.43e-02  6.97e+04  7.45e+03 -1.00e+05
2016 09 07  0625   57638  23100   1.05e+01  1.87e-01  1.54e-01  1.09e-01  5.93e-02  2.50e-02  7.09e+04  7.83e+03 -1.00e+05
2016 09 07  0630   57638  23400   8.54e+00  1.36e-01  1.03e-01  5.94e-02  4.81e-02  2.50e-02  7.13e+04  7.80e+03 -1.00e+05
2016 09 07  0635   57638  23700   8.62e+00  1.80e-01  1.47e-01  5.94e-02  4.81e-02  2.50e-02  6.96e+04  7.50e+03 -1.00e+05
2016 09 07  0640   57638  24000   7.77e+00  1.63e-01  1.30e-01  8.62e-02  7.50e-02  5.19e-02  6.76e+04  7.19e+03 -1.00e+05
2016 09 07  0645   57638  24300   7.17e+00  1.36e-01  1.03e-01  5.94e-02  4.81e-02  2.50e-02  6.69e+04  7.03e+03 -1.00e+05
2016 09 07  0650   57638  24600   9.28e+00  2.68e-01  1.79e-01  1.26e-01  1.15e-01  4.64e-02  6.67e+04  6.99e+03 -1.00e+05
2016 09 07  0655   57638  24900   7.79e+00  1.85e-01  1.41e-01  8.80e-02  6.01e-02  3.21e-02  6.57e+04  6.82e+03 -1.00e+05
2016 09 07  0700   57638  25200   1.09e+01  2.64e-01  1.26e-01  6.33e-02  5.21e-02  2.63e-02  6.53e+04  6.69e+03 -1.00e+05
2016 09 07  0705   57638  25500   7.64e+00  2.56e-01  2.22e-01  9.28e-02  5.92e-02  2.96e-02  6.53e+04  6.63e+03 -1.00e+05
2016 09 07  0710   57638  25800   8.03e+00  2.32e-01  1.98e-01  7.14e-02  6.02e-02  3.70e-02  6.53e+04  6.71e+03 -1.00e+05
2016 09 07  0715   57638  26100   1.41e+01  3.83e-01  2.35e-01  1.88e-01  1.38e-01  5.04e-02  6.53e+04  6.78e+03 -1.00e+05
2016 09 07  0720   57638  26400   7.77e+00  1.80e-01  1.47e-01  1.04e-01  9.24e-02  6.92e-02  6.76e+04  6.98e+03 -1.00e+05
2016 09 07  0725   57638  26700   8.51e+00  1.96e-01  1.63e-01  1.11e-01  9.68e-02  4.04e-02  6.92e+04  7.41e+03 -1.00e+05
2016 09 07  0730   57638  27000   1.33e+01  2.64e-01  1.22e-01  5.94e-02  4.81e-02  2.50e-02  7.13e+04  7.56e+03 -1.00e+05
2016 09 07  0735   57638  27300   8.63e+00  1.96e-01  1.62e-01  1.18e-01  8.87e-02  3.63e-02  7.02e+04  7.41e+03 -1.00e+05
2016 09 07  0740   57638  27600   1.17e+01  3.52e-01  2.10e-01  6.15e-02  5.03e-02  2.71e-02  6.75e+04  7.37e+03 -1.00e+05
2016 09 07  0745   57638  27900   8.38e+00  2.02e-01  1.68e-01  1.18e-01  7.06e-02  3.70e-02  6.97e+04  7.26e+03 -1.00e+05
2016 09 07  0750   57638  28200   8.33e+00  2.80e-01  2.47e-01  2.01e-01  1.18e-01  4.04e-02  6.79e+04  7.33e+03 -1.00e+05
2016 09 07  0755   57638  28500   7.87e+00  1.36e-01  1.03e-01  5.94e-02  4.81e-02  2.50e-02  7.08e+04  7.68e+03 -1.00e+05
2016 09 07  0800   57638  28800   7.89e+00  2.81e-01  2.47e-01  9.50e-02  8.38e-02  3.79e-02  7.13e+04  7.89e+03 -1.00e+05
2016 09 07  0805   57638  29100   8.66e+00  2.61e-01  2.16e-01  8.44e-02  5.54e-02  2.71e-02  7.13e+04  7.79e+03 -1.00e+05
2016 09 07  0810   57638  29400   9.23e+00  1.57e-01  1.13e-01  5.94e-02  4.81e-02  2.50e-02  7.36e+04  8.11e+03 -1.00e+05
2016 09 07  0815   57638  29700   8.47e+00  1.46e-01  1.13e-01  6.95e-02  5.83e-02  2.83e-02  7.32e+04  8.12e+03 -1.00e+05
2016 09 07  0820   57638  30000   7.96e+00  1.49e-01  1.16e-01  6.48e-02  5.10e-02  2.71e-02  7.46e+04  8.33e+03 -1.00e+05
2016 09 07  0825   57638  30300   7.85e+00  1.68e-01  1.35e-01  5.94e-02  4.81e-02  2.50e-02  7.53e+04  8.33e+03 -1.00e+05
2016 09 07  0830   57638  30600   8.00e+00  1.48e-01  1.15e-01  7.14e-02  6.02e-02  3.70e-02  7.53e+04  8.39e+03 -1.00e+05
2016 09 07  0835   57638  30900   8.27e+00  1.48e-01  1.14e-01  6.40e-02  5.27e-02  2.96e-02  7.53e+04  8.43e+03 -1.00e+05
2016 09 07  0840   57638  31200   8.24e+00  1.71e-01  1.38e-01  6.33e-02  5.21e-02  2.63e-02  7.53e+04  8.53e+03 -1.00e+05
2016 09 07  0845   57638  31500   7.73e+00  1.36e-01  1.03e-01  5.94e-02  4.81e-02  2.50e-02  7.53e+04  8.78e+03 -1.00e+05
2016 09 07  0850   57638  31800   1.43e+01  2.73e-01  1.19e-01  7.39e-02  6.26e-02  3.95e-02  7.53e+04  8.61e+03 -1.00e+05
2016 09 07  0855   57638  32100   8.05e+00  2.03e-01  1.69e-01  1.26e-01  1.15e-01  4.64e-02  7.53e+04  8.82e+03 -1.00e+05
2016 09 07  0900   57638  32400   8.09e+00  1.67e-01  1.34e-01  8.95e-02  5.49e-02  2.50e-02  7.56e+04  9.00e+03 -1.00e+05
2016 09 07  0905   57638  32700   8.12e+00  1.80e-01  1.46e-01  1.03e-01  9.15e-02  4.54e-02  7.93e+04  9.29e+03 -1.00e+05
2016 09 07  0910   57638  33000   9.24e+00  1.47e-01  1.13e-01  6.98e-02  5.05e-02  2.50e-02  7.93e+04  9.60e+03 -1.00e+05
2016 09 07  0915   57638  33300   9.57e+00  1.59e-01  1.15e-01  7.02e-02  5.80e-02  3.46e-02  7.93e+04  9.62e+03 -1.00e+05
2016 09 07  0920   57638  33600   1.48e+01  2.49e-01  1.19e-01  7.39e-02  6.26e-02  3.95e-02  7.99e+04  9.84e+03 -1.00e+05
2016 09 07  0925   57638  33900   9.61e+00  1.66e-01  1.32e-01  8.86e-02  6.79e-02  4.20e-02  8.54e+04  1.07e+04 -1.00e+05
2016 09 07  0930   57638  34200   9.85e+00  2.07e-01  1.73e-01  1.25e-01  7.71e-02  4.69e-02  7.81e+04  9.74e+03 -1.00e+05
2016 09 07  0935   57638  34500   1.30e+01  2.47e-01  1.56e-01  9.99e-02  6.03e-02  2.63e-02  8.09e+04  1.03e+04 -1.00e+05
2016 09 07  0940   57638  34800   9.83e+00  1.78e-01  1.44e-01  1.01e-01  8.99e-02  6.68e-02  8.08e+04  9.93e+03 -1.00e+05
2016 09 07  0945   57638  35100   9.82e+00  1.44e-01  1.11e-01  5.94e-02  4.81e-02  2.50e-02  8.13e+04  1.03e+04 -1.00e+05
2016 09 07  0950   57638  35400   1.07e+01  1.49e-01  1.05e-01  5.94e-02  4.81e-02  2.50e-02  8.33e+04  1.08e+04 -1.00e+05
2016 09 07  0955   57638  35700   1.47e+01  2.68e-01  1.69e-01  1.13e-01  1.02e-01  4.24e-02  8.70e+04  1.14e+04 -1.00e+05
2016 09 07  1000   57638  36000   1.36e+01  3.37e-01  2.44e-01  1.03e-01  5.79e-02  2.50e-02  8.81e+04  1.19e+04 -1.00e+05
2016 09 07  1005   57638  36300   1.13e+01  2.80e-01  2.35e-01  7.64e-02  5.20e-02  2.50e-02  8.70e+04  1.14e+04 -1.00e+05
2016 09 07  1010   57638  36600   1.62e+01  2.75e-01  1.33e-01  6.98e-02  5.05e-02  2.50e-02  8.40e+04  1.15e+04 -1.00e+05
2016 09 07  1015   57638  36900   1.01e+01  1.36e-01  1.03e-01  5.94e-02  4.81e-02  2.50e-02  8.60e+04  1.12e+04 -1.00e+05
2016 09 07  1020   57638  37200   1.08e+01  1.62e-01  1.28e-01  7.64e-02  5.20e-02  2.50e-02  8.45e+04  1.15e+04 -1.00e+05
2016 09 07  1025   57638  37500   1.80e+01  3.87e-01  2.10e-01  6.15e-02  5.03e-02  2.71e-02  8.45e+04  1.14e+04 -1.00e+05
2016 09 07  1030   57638  37800   1.01e+01  1.36e-01  1.03e-01  5.94e-02  4.81e-02  2.50e-02  8.77e+04  1.20e+04 -1.00e+05
2016 09 07  1035   57638  38100   9.91e+00  1.75e-01  1.42e-01  6.64e-02  5.52e-02  3.21e-02  8.74e+04  1.18e+04 -1.00e+05
2016 09 07  1040   57638  38400   1.00e+01  1.40e-01  1.07e-01  6.33e-02  4.90e-02  2.50e-02  8.79e+04  1.17e+04 -1.00e+05
2016 09 07  1045   57638  38700   9.91e+00  1.78e-01  1.44e-01  1.01e-01  8.99e-02  6.68e-02  8.65e+04  1.16e+04 -1.00e+05
2016 09 07  1050   57638  39000   7.79e+00  1.68e-01  1.35e-01  5.94e-02  4.81e-02  2.50e-02  8.74e+04  1.17e+04 -1.00e+05
2016 09 07  1055   57638  39300   6.93e+00  1.68e-01  1.34e-01  9.04e-02  7.02e-02  4.45e-02  8.78e+04  1.21e+04 -1.00e+05
2016 09 07  1100   57638  39600   7.11e+00  1.64e-01  1.30e-01  8.66e-02  6.22e-02  2.83e-02  8.71e+04  1.22e+04 -1.00e+05
2016 09 07  1105   57638  39900   9.39e+00  2.22e-01  1.29e-01  6.89e-02  5.77e-02  3.46e-02  8.70e+04  1.24e+04 -1.00e+05
2016 09 07  1110   57638  40200   1.04e+01  3.95e-01  2.53e-01  1.03e-01  5.51e-02  2.50e-02  8.61e+04  1.23e+04 -1.00e+05
2016 09 07  1115   57638  40500   7.37e+00  1.80e-01  1.47e-01  1.04e-01  9.24e-02  6.92e-02  8.71e+04  1.23e+04 -1.00e+05
2016 09 07  1120   57638  40800   7.00e+00  2.22e-01  1.89e-01  5.94e-02  4.81e-02  2.50e-02  8.65e+04  1.24e+04 -1.00e+05
2016 09 07  1125   57638  41100   6.91e+00  2.34e-01  2.00e-01  7.39e-02  6.26e-02  3.95e-02  8.79e+04  1.28e+04 -1.00e+05
2016 09 07  1130   57638  41400   6.22e+00  1.93e-01  1.59e-01  1.16e-01  1.05e-01  8.16e-02  9.27e+04  1.39e+04 -1.00e+05
2016 09 07  1135   57638  41700   9.28e+00  2.97e-01  2.04e-01  6.33e-02  4.90e-02  2.50e-02  9.31e+04  1.43e+04 -1.00e+05
2016 09 07  1140   57638  42000   1.32e+01  3.68e-01  1.69e-01  5.94e-02  4.81e-02  2.50e-02  9.29e+04  1.43e+04 -1.00e+05
2016 09 07  1145   57638  42300   9.83e+00  1.95e-01  1.62e-01  1.18e-01  1.07e-01  8.41e-02  8.49e+04  1.33e+04 -1.00e+05
2016 09 07  1150   57638  42600   1.01e+01  1.36e-01  1.03e-01  5.94e-02  4.81e-02  2.50e-02  8.79e+04  1.37e+04 -1.00e+05
2016 09 07  1155   57638  42900   9.13e+00  2.70e-01  2.06e-01  1.57e-01  1.46e-01  5.65e-02  8.76e+04  1.32e+04 -1.00e+05
2016 09 07  1200   57638  43200   7.37e+00  1.59e-01  1.26e-01  8.21e-02  6.64e-02  4.20e-02  8.65e+04  1.31e+04 -1.00e+05
2016 09 07  1205   57638  43500   7.20e+00  1.76e-01  1.33e-01  8.74e-02  7.34e-02  4.94e-02  9.18e+04  1.52e+04 -1.00e+05
2016 09 07  1210   57638  43800   7.58e+00  1.60e-01  1.27e-01  8.29e-02  5.34e-02  2.50e-02  9.58e+04  1.65e+04 -1.00e+05
2016 09 07  1215   57638  44100   1.11e+01  3.52e-01  3.19e-01  9.95e-02  5.51e-02  2.50e-02  9.06e+04  1.56e+04 -1.00e+05
2016 09 07  1220   57638  44400   1.81e+01  2.53e-01  2.10e-01  8.38e-02  7.25e-02  4.94e-02  9.08e+04  1.52e+04 -1.00e+05
2016 09 07  1225   57638  44700   4.39e+01  2.54e-01  1.24e-01  7.85e-02  6.18e-02  3.70e-02  8.76e+04  1.40e+04 -1.00e+05
2016 09 07  1230   57638  45000   3.25e+01  2.22e-01  1.89e-01  5.94e-02  4.81e-02  2.50e-02  8.46e+04  1.37e+04 -1.00e+05
2016 09 07  1235   57638  45300   2.67e+01  1.43e-01  1.10e-01  6.64e-02  5.52e-02  3.21e-02  8.79e+04  1.50e+04 -1.00e+05
2016 09 07  1240   57638  45600   3.04e+01  2.46e-01  1.55e-01  1.01e-01  8.41e-02  5.93e-02  9.27e+04  1.60e+04 -1.00e+05
2016 09 07  1245   57638  45900   2.20e+01  1.36e-01  1.03e-01  5.94e-02  4.81e-02  2.50e-02  9.36e+04  1.67e+04 -1.00e+05
2016 09 07  1250   57638  46200   2.07e+01  2.61e-01  2.27e-01  1.84e-01  1.73e-01  9.34e-02  9.86e+04  1.79e+04 -1.00e+05
2016 09 07  1255   57638  46500   2.08e+01  2.43e-01  1.52e-01  9.86e-02  8.74e-02  6.43e-02  9.57e+04  1.70e+04 -1.00e+05
2016 09 07  1300   57638  46800   2.01e+01  1.36e-01  1.03e-01  5.94e-02  4.81e-02  2.50e-02  1.01e+05  1.85e+04 -1.00e+05
2016 09 07  1305   57638  47100   1.67e+01  1.36e-01  1.03e-01  5.94e-02  4.81e-02  2.50e-02  1.04e+05  2.00e+04 -1.00e+05
2016 09 07  1310   57638  47400   1.50e+01  2.23e-01  1.89e-01  1.04e-01  9.24e-02  6.92e-02  1.07e+05  2.08e+04 -1.00e+05
2016 09 07  1315   57638  47700   1.27e+01  1.71e-01  1.38e-01  9.46e-02  8.27e-02  5.93e-02  1.08e+05  2.11e+04 -1.00e+05
2016 09 07  1320   57638  48000   1.32e+01  1.71e-01  1.38e-01  9.46e-02  8.34e-02  3.63e-02  1.10e+05  2.18e+04 -1.00e+05
2016 09 07  1325   57638  48300   1.75e+01  2.85e-01  1.95e-01  1.11e-01  9.98e-02  7.67e-02  1.14e+05  2.31e+04 -1.00e+05
2016 09 07  1330   57638  48600   1.29e+01  2.27e-01  1.94e-01  1.50e-01  1.20e-01  4.64e-02  1.14e+05  2.37e+04 -1.00e+05
2016 09 07  1335   57638  48900   1.44e+01  1.81e-01  1.47e-01  1.03e-01  5.79e-02  2.50e-02  1.11e+05  2.17e+04 -1.00e+05
2016 09 07  1340   57638  49200   2.23e+01  2.72e-01  1.30e-01  5.94e-02  4.81e-02  2.50e-02  1.12e+05  2.22e+04 -1.00e+05
2016 09 07  1345   57638  49500   1.49e+01  2.06e-01  1.72e-01  1.29e-01  1.18e-01  5.90e-02  1.11e+05  2.13e+04 -1.00e+05
2016 09 07  1350   57638  49800   1.64e+01  3.85e-01  3.51e-01  1.32e-01  7.79e-02  3.37e-02  1.11e+05  2.17e+04 -1.00e+05
2016 09 07  1355   57638  50100   2.70e+01  4.03e-01  2.74e-01  7.58e-02  6.46e-02  3.03e-02  1.11e+05  2.23e+04 -1.00e+05
2016 09 07  1400   57638  50400   1.58e+01  1.48e-01  1.15e-01  7.14e-02  6.01e-02  3.53e-02  1.07e+05  2.07e+04 -1.00e+05
2016 09 07  1405   57638  50700   1.72e+01  1.76e-01  1.34e-01  8.87e-02  7.75e-02  5.44e-02  1.08e+05  2.03e+04 -1.00e+05
2016 09 07  1410   57638  51000   1.64e+01  3.08e-01  2.74e-01  9.28e-02  6.84e-02  3.03e-02  1.09e+05  2.17e+04 -1.00e+05
2016 09 07  1415   57638  51300   1.82e+01  2.60e-01  2.15e-01  8.29e-02  5.34e-02  2.50e-02  1.12e+05  2.19e+04 -1.00e+05
2016 09 07  1420   57638  51600   3.08e+01  4.16e-01  2.40e-01  8.95e-02  5.49e-02  2.50e-02  1.12e+05  2.16e+04 -1.00e+05
2016 09 07  1425   57638  51900   1.74e+01  1.63e-01  1.30e-01  8.62e-02  7.50e-02  5.19e-02  1.08e+05  1.97e+04 -1.00e+05
2016 09 07  1430   57638  52200   2.64e+01  3.50e-01  2.11e-01  1.48e-01  1.02e-01  6.92e-02  1.10e+05  2.02e+04 -1.00e+05
2016 09 07  1435   57638  52500   1.94e+01  2.04e-01  1.59e-01  5.94e-02  4.81e-02  2.50e-02  1.10e+05  1.97e+04 -1.00e+05
2016 09 07  1440   57638  52800   1.68e+01  1.60e-01  1.26e-01  7.88e-02  6.76e-02  4.45e-02  1.13e+05  2.07e+04 -1.00e+05
2016 09 07  1445   57638  53100   1.62e+01  2.19e-01  1.86e-01  1.42e-01  1.28e-01  5.04e-02  1.14e+05  2.09e+04 -1.00e+05
2016 09 07  1450   57638  53400   1.46e+01  1.46e-01  1.12e-01  6.89e-02  5.77e-02  3.46e-02  1.15e+05  2.12e+04 -1.00e+05
2016 09 07  1455   57638  53700   1.48e+01  2.26e-01  1.93e-01  6.33e-02  4.90e-02  2.50e-02  1.19e+05  2.28e+04 -1.00e+05
2016 09 07  1500   57638  54000   2.09e+01  2.57e-01  1.67e-01  1.13e-01  1.02e-01  7.91e-02  1.20e+05  2.37e+04 -1.00e+05
2016 09 07  1505   57638  54300   2.39e+01  2.59e-01  1.04e-01  5.94e-02  4.81e-02  2.50e-02  1.15e+05  2.25e+04 -1.00e+05
2016 09 07  1510   57638  54600   1.35e+01  2.00e-01  1.66e-01  5.94e-02  4.81e-02  2.50e-02  1.16e+05  2.29e+04 -1.00e+05
2016 09 07  1515   57638  54900   1.29e+01  1.99e-01  1.65e-01  7.88e-02  6.76e-02  4.45e-02  1.13e+05  2.24e+04 -1.00e+05
2016 09 07  1520   57638  55200   1.34e+01  1.93e-01  1.59e-01  1.13e-01  5.51e-02  2.50e-02  1.09e+05  2.11e+04 -1.00e+05
2016 09 07  1525   57638  55500   1.51e+01  1.85e-01  1.51e-01  7.63e-02  6.51e-02  4.20e-02  1.12e+05  2.17e+04 -1.00e+05
2016 09 07  1530   57638  55800   1.85e+01  2.35e-01  1.91e-01  5.94e-02  4.81e-02  2.50e-02  1.11e+05  2.12e+04 -1.00e+05
2016 09 07  1535   57638  56100   1.93e+01  2.27e-01  1.94e-01  1.31e-01  9.65e-02  3.83e-02  1.11e+05  2.15e+04 -1.00e+05
2016 09 07  1540   57638  56400   2.18e+01  1.36e-01  1.03e-01  5.94e-02  4.81e-02  2.50e-02  1.13e+05  2.13e+04 -1.00e+05
2016 09 07  1545   57638  56700   2.51e+01  1.67e-01  1.34e-01  8.87e-02  7.75e-02  5.44e-02  1.12e+05  2.11e+04 -1.00e+05
2016 09 07  1550   57638  57000   2.92e+01  2.14e-01  1.80e-01  1.36e-01  1.17e-01  4.64e-02  1.11e+05  2.05e+04 -1.00e+05
2016 09 07  1555   57638  57300   2.99e+01  3.60e-01  3.27e-01  2.79e-01  1.60e-01  5.04e-02  1.10e+05  2.04e+04 -1.00e+05
2016 09 07  1600   57638  57600   2.55e+01  2.63e-01  2.29e-01  1.06e-01  8.33e-02  5.68e-02  1.09e+05  1.93e+04 -1.00e+05
2016 09 07  1605   57638  57900   3.01e+01  1.36e-01  1.03e-01  5.94e-02  4.81e-02  2.50e-02  1.12e+05  2.05e+04 -1.00e+05
2016 09 07  1610   57638  58200   2.71e+01  2.51e-01  2.17e-01  1.72e-01  1.02e-01  3.63e-02  1.09e+05  1.96e+04 -1.00e+05
2016 09 07  1615   57638  58500   2.37e+01  1.36e-01  1.03e-01  5.94e-02  4.81e-02  2.50e-02  1.15e+05  2.13e+04 -1.00e+05
2016 09 07  1620   57638  58800   2.06e+01  1.92e-01  1.59e-01  1.15e-01  1.04e-01  8.10e-02  1.13e+05  2.13e+04 -1.00e+05
2016 09 07  1625   57638  59100  -1.00e+05 -1.00e+05 -1.00e+05 -1.00e+05 -1.00e+05 -1.00e+05 -1.00e+05 -1.00e+05 -1.00e+05
2016 09 07  1630   57638  59400  -1.00e+05 -1.00e+05 -1.00e+05 -1.00e+05 -1.00e+05 -1.00e+05 -1.00e+05 -1.00e+05 -1.00e+05
2016 09 07  1635   57638  59700   1.91e+01  1.62e-01  1.28e-01  7.64e-02  5.20e-02  2.50e-02  1.20e+05  2.43e+04 -1.00e+05
2016 09 07  1640   57638  60000   1.99e+01  1.47e-01  1.13e-01  6.98e-02  5.05e-02  2.50e-02  1.23e+05  2.52e+04 -1.00e+05
2016 09 07  1645   57638  60300   1.82e+01  1.36e-01  1.03e-01  5.94e-02  4.81e-02  2.50e-02  1.22e+05  2.51e+04 -1.00e+05
2016 09 07  1650   57638  60600   2.45e+01  2.64e-01  1.22e-01  5.94e-02  4.81e-02  2.50e-02  1.19e+05  2.30e+04 -1.00e+05
2016 09 07  1655   57638  60900   1.76e+01  1.36e-01  1.03e-01  5.94e-02  4.81e-02  2.50e-02  1.17e+05  2.28e+04 -1.00e+05
2016 09 07  1700   57638  61200   2.77e+01  2.15e-01  1.22e-01  5.94e-02  4.81e-02  2.50e-02  1.23e+05  2.50e+04 -1.00e+05
2016 09 07  1705   57638  61500   3.20e+01  3.85e-01  2.09e-01  5.94e-02  4.81e-02  2.50e-02  1.20e+05  2.41e+04 -1.00e+05
2016 09 07  1710   57638  61800   1.87e+01  1.97e-01  1.63e-01  1.20e-01  1.08e-01  4.44e-02  1.19e+05  2.34e+04 -1.00e+05
2016 09 07  1715   57638  62100   2.99e+01  2.59e-01  1.04e-01  5.94e-02  4.81e-02  2.50e-02  1.15e+05  2.22e+04 -1.00e+05
2016 09 07  1720   57638  62400   1.43e+01  2.55e-01  2.21e-01  9.91e-02  7.47e-02  3.23e-02  1.15e+05  2.11e+04 -1.00e+05
2016 09 07  1725   57638  62700   1.24e+01  2.12e-01  1.78e-01  7.14e-02  6.02e-02  3.70e-02  1.11e+05  2.02e+04 -1.00e+05
2016 09 07  1730   57638  63000   1.54e+01  2.79e-01  2.04e-01  1.51e-01  8.55e-02  3.23e-02  1.10e+05  1.98e+04 -1.00e+05
2016 09 07  1735   57638  63300   2.01e+01  3.03e-01  1.62e-01  9.82e-02  6.62e-02  3.70e-02  1.09e+05  1.94e+04 -1.00e+05
2016 09 07  1740   57638  63600   1.25e+01  1.36e-01  1.03e-01  5.94e-02  4.81e-02  2.50e-02  1.03e+05  1.74e+04 -1.00e+05
2016 09 07  1745   57638  63900   1.13e+01  1.38e-01  1.05e-01  6.15e-02  5.03e-02  2.71e-02  9.83e+04  1.52e+04 -1.00e+05
2016 09 07  1750   57638  64200   1.47e+01  2.96e-01  1.54e-01  5.94e-02  4.81e-02  2.50e-02  9.60e+04  1.47e+04 -1.00e+05
2016 09 07  1755   57638  64500   8.21e+00  1.95e-01  1.53e-01  1.09e-01  9.73e-02  7.42e-02  9.30e+04  1.40e+04 -1.00e+05
2016 09 07  1800   57638  64800   7.83e+00  2.37e-01  1.92e-01  7.64e-02  5.20e-02  2.50e-02  9.17e+04  1.36e+04 -1.00e+05
2016 09 07  1805   57638  65100   6.41e+00  1.36e-01  1.03e-01  5.94e-02  4.81e-02  2.50e-02  8.70e+04  1.25e+04 -1.00e+05
2016 09 07  1810   57638  65400   1.16e+01  2.35e-01  1.04e-01  5.94e-02  4.81e-02  2.50e-02  9.22e+04  1.40e+04 -1.00e+05
2016 09 07  1815   57638  65700   1.95e+01  2.66e-01  1.15e-01  6.95e-02  5.83e-02  2.83e-02  1.01e+05  1.76e+04 -1.00e+05
2016 09 07  1820   57638  66000   1.27e+01  2.85e-01  1.55e-01  1.10e-01  9.57e-02  7.17e-02  9.87e+04  1.51e+04 -1.00e+05
2016 09 07  1825   57638  66300   7.29e+00  1.84e-01  1.50e-01  1.07e-01  9.59e-02  4.04e-02  9.00e+04  1.46e+04 -1.00e+05
2016 09 07  1830   57638  66600   7.03e+00  1.40e-01  1.07e-01  6.33e-02  4.90e-02  2.50e-02  9.19e+04  1.37e+04 -1.00e+05
2016 09 07  1835   57638  66900   8.14e+00  2.15e-01  1.82e-01  1.37e-01  9.62e-02  6.43e-02  9.45e+04  1.46e+04 -1.00e+05
2016 09 07  1840   57638  67200   7.96e+00  1.92e-01  1.59e-01  1.07e-01  9.59e-02  4.04e-02  9.49e+04  1.48e+04 -1.00e+05
2016 09 07  1845   57638  67500   8.73e+00  1.88e-01  1.46e-01  1.01e-01  8.99e-02  6.68e-02  9.40e+04  1.46e+04 -1.00e+05
2016 09 07  1850   57638  67800   7.25e+00  1.41e-01  1.07e-01  6.40e-02  5.27e-02  2.96e-02  9.19e+04  1.41e+04 -1.00e+05
2016 09 07  1855   57638  68100   8.33e+00  1.53e-01  1.20e-01  7.63e-02  6.51e-02  4.20e-02  9.38e+04  1.45e+04 -1.00e+05
2016 09 07  1900   57638  68400   8.40e+00  1.95e-01  1.61e-01  1.15e-01  5.50e-02  2.50e-02  9.36e+04  1.47e+04 -1.00e+05
2016 09 07  1905   57638  68700   7.87e+00  1.57e-01  1.23e-01  7.97e-02  6.55e-02  3.03e-02  8.77e+04  1.35e+04 -1.00e+05
2016 09 07  1910   57638  69000   8.53e+00  1.47e-01  1.13e-01  6.98e-02  5.05e-02  2.50e-02  9.30e+04  1.44e+04 -1.00e+05
2016 09 07  1915   57638  69300   7.98e+00  1.44e-01  1.11e-01  5.94e-02  4.81e-02  2.50e-02  8.97e+04  1.41e+04 -1.00e+05
2016 09 07  1920   57638  69600   8.58e+00  1.60e-01  1.17e-01  7.14e-02  6.02e-02  3.70e-02  9.00e+04  1.45e+04 -1.00e+05
2016 09 07  1925   57638  69900   1.55e+01  3.29e-01  1.21e-01  6.89e-02  5.77e-02  3.46e-02  8.79e+04  1.36e+04 -1.00e+05
2016 09 07  1930   57638  70200   8.05e+00  1.48e-01  1.15e-01  6.33e-02  4.90e-02  2.50e-02  8.76e+04  1.34e+04 -1.00e+05
2016 09 07  1935   57638  70500   1.20e+01  2.82e-01  1.40e-01  7.64e-02  5.20e-02  2.50e-02  8.79e+04  1.35e+04 -1.00e+05
2016 09 07  1940   57638  70800   8.36e+00  1.51e-01  1.17e-01  7.39e-02  6.26e-02  3.95e-02  8.79e+04  1.39e+04 -1.00e+05
2016 09 07  1945   57638  71100   8.48e+00  1.68e-01  1.35e-01  5.94e-02  4.81e-02  2.50e-02  8.51e+04  1.31e+04 -1.00e+05
2016 09 07  1950   57638  71400   9.38e+00  1.36e-01  1.03e-01  5.94e-02  4.81e-02  2.50e-02  8.52e+04  1.31e+04 -1.00e+05
2016 09 07  1955   57638  71700   9.18e+00  1.76e-01  1.43e-01  9.88e-02  7.40e-02  4.69e-02  8.42e+04  1.32e+04 -1.00e+05
2016 09 07  2000   57638  72000   9.34e+00  1.65e-01  1.32e-01  8.84e-02  7.71e-02  3.43e-02  8.11e+04  1.27e+04 -1.00e+05
2016 09 07  2005   57638  72300   1.04e+01  2.38e-01  2.04e-01  7.67e-02  5.94e-02  3.46e-02  8.08e+04  1.28e+04 -1.00e+05
2016 09 07  2010   57638  72600   1.64e+01  2.68e-01  1.26e-01  6.33e-02  4.90e-02  2.50e-02  8.10e+04  1.28e+04 -1.00e+05
2016 09 07  2015   57638  72900   1.09e+01  2.15e-01  1.82e-01  1.39e-01  1.27e-01  5.04e-02  7.89e+04  1.25e+04 -1.00e+05
2016 09 07  2020   57638  73200   1.18e+01  1.97e-01  1.63e-01  1.20e-01  1.08e-01  4.44e-02  7.52e+04  1.17e+04 -1.00e+05
2016 09 07  2025   57638  73500   1.27e+01  1.57e-01  1.13e-01  5.94e-02  4.81e-02  2.50e-02  7.31e+04  1.14e+04 -1.00e+05
2016 09 07  2030   57638  73800   1.19e+01  1.66e-01  1.32e-01  8.87e-02  7.75e-02  5.44e-02  7.40e+04  1.12e+04 -1.00e+05
2016 09 07  2035   57638  74100   2.10e+01  2.97e-01  1.42e-01  9.60e-02  5.64e-02  2.50e-02  7.01e+04  1.05e+04 -1.00e+05
2016 09 07  2040   57638  74400   1.98e+01  3.32e-01  1.90e-01  6.40e-02  5.27e-02  2.96e-02  7.03e+04  1.04e+04 -1.00e+05
2016 09 07  2045   57638  74700   1.99e+01  2.64e-01  1.22e-01  5.94e-02  4.81e-02  2.50e-02  6.58e+04  9.49e+03 -1.00e+05
2016 09 07  2050   57638  75000   1.31e+01  2.30e-01  1.96e-01  6.84e-02  5.56e-02  3.21e-02  6.60e+04  9.54e+03 -1.00e+05
2016 09 07  2055   57638  75300   1.71e+01  2.16e-01  1.23e-01  6.89e-02  5.77e-02  3.46e-02  6.45e+04  9.02e+03 -1.00e+05
2016 09 07  2100   57638  75600   1.68e+01  2.07e-01  1.13e-01  5.94e-02  4.81e-02  2.50e-02  6.27e+04  8.87e+03 -1.00e+05
2016 09 07  2105   57638  75900   2.21e+01  2.95e-01  1.53e-01  8.95e-02  5.49e-02  2.50e-02  6.25e+04  8.77e+03 -1.00e+05
2016 09 07  2110   57638  76200   2.45e+01  4.43e-01  2.03e-01  7.58e-02  6.46e-02  3.03e-02  6.22e+04  8.60e+03 -1.00e+05
2016 09 07  2115   57638  76500   1.22e+01  1.36e-01  1.03e-01  5.94e-02  4.81e-02  2.50e-02  5.94e+04  8.24e+03 -1.00e+05
2016 09 07  2120   57638  76800   1.13e+01  1.61e-01  1.16e-01  6.40e-02  5.27e-02  2.96e-02  5.89e+04  8.21e+03 -1.00e+05
2016 09 07  2125   57638  77100   1.16e+01  1.80e-01  1.47e-01  5.94e-02  4.81e-02  2.50e-02  5.89e+04  7.92e+03 -1.00e+05
2016 09 07  2130   57638  77400   1.16e+01  2.40e-01  2.07e-01  1.64e-01  1.52e-01  5.85e-02  5.79e+04  7.86e+03 -1.00e+05
2016 09 07  2135   57638  77700   1.19e+01  2.12e-01  1.78e-01  7.58e-02  6.46e-02  3.03e-02  5.72e+04  7.72e+03 -1.00e+05
2016 09 07  2140   57638  78000   1.46e+01  1.90e-01  1.57e-01  1.13e-01  1.02e-01  4.24e-02  5.67e+04  7.68e+03 -1.00e+05
2016 09 07  2145   57638  78300   1.49e+01  1.46e-01  1.13e-01  6.95e-02  5.83e-02  2.83e-02  5.64e+04  7.51e+03 -1.00e+05
2016 09 07  2150   57638  78600   2.56e+01  2.72e-01  1.17e-01  7.13e-02  5.25e-02  2.71e-02  5.67e+04  7.58e+03 -1.00e+05
2016 09 07  2155   57638  78900   1.37e+01  1.85e-01  1.52e-01  1.08e-01  9.34e-02  6.92e-02  5.71e+04  7.47e+03 -1.00e+05
2016 09 07  2200   57638  79200   2.18e+01  3.16e-01  1.97e-01  9.88e-02  7.95e-02  3.43e-02  5.45e+04  7.17e+03 -1.00e+05
2016 09 07  2205   57638  79500   1.46e+01  1.67e-01  1.34e-01  8.95e-02  5.49e-02  2.50e-02  5.29e+04  6.91e+03 -1.00e+05
2016 09 07  2210   57638  79800   1.40e+01  1.36e-01  1.03e-01  5.94e-02  4.81e-02  2.50e-02  5.20e+04  6.73e+03 -1.00e+05
2016 09 07  2215   57638  80100   1.97e+01  2.72e-01  1.30e-01  5.94e-02  4.81e-02  2.50e-02  5.13e+04  6.66e+03 -1.00e+05
2016 09 07  2220   57638  80400   2.08e+01  2.56e-01  1.26e-01  8.13e-02  7.01e-02  4.69e-02  5.18e+04  6.68e+03 -1.00e+05
2016 09 07  2225   57638  80700   1.84e+01  2.25e-01  1.91e-01  9.49e-02  8.36e-02  5.97e-02  4.99e+04  6.59e+03 -1.00e+05
2016 09 07  2230   57638  81000   3.16e+01  2.64e-01  1.22e-01  5.94e-02  4.81e-02  2.50e-02  4.93e+04  6.26e+03 -1.00e+05
2016 09 07  2235   57638  81300   2.15e+01  2.04e-01  1.59e-01  5.94e-02  4.81e-02  2.50e-02  4.85e+04  6.10e+03 -1.00e+05
2016 09 07  2240   57638  81600   2.50e+01  2.61e-01  1.70e-01  1.16e-01  8.94e-02  6.18e-02  4.70e+04  5.96e+03 -1.00e+05
2016 09 07  2245   57638  81900   1.86e+01  1.78e-01  1.44e-01  1.01e-01  8.97e-02  3.83e-02  4.70e+04  5.88e+03 -1.00e+05
2016 09 07  2250   57638  82200   4.04e+01  5.91e-01  2.09e-01  5.94e-02  4.81e-02  2.50e-02  4.66e+04  5.87e+03 -1.00e+05
2016 09 07  2255   57638  82500   2.06e+01  2.93e-01  2.00e-01  5.94e-02  4.81e-02  2.50e-02  4.66e+04  5.72e+03 -1.00e+05
2016 09 07  2300   57638  82800   3.34e+01  5.10e-01  2.17e-01  8.13e-02  7.01e-02  4.69e-02  4.66e+04  5.76e+03 -1.00e+05
2016 09 07  2305   57638  83100   1.73e+01  1.36e-01  1.03e-01  5.94e-02  4.81e-02  2.50e-02  4.55e+04  5.65e+03 -1.00e+05
2016 09 07  2310   57638  83400   3.43e+01  2.53e-01  1.22e-01  7.64e-02  5.20e-02  2.50e-02  4.49e+04  5.38e+03 -1.00e+05
2016 09 07  2315   57638  83700   1.85e+01  1.80e-01  1.47e-01  1.04e-01  9.24e-02  6.92e-02  4.40e+04  5.27e+03 -1.00e+05
2016 09 07  2320   57638  84000   1.64e+01  1.93e-01  1.59e-01  1.16e-01  1.05e-01  8.16e-02  4.42e+04  5.22e+03 -1.00e+05
2016 09 07  2325   57638  84300   1.62e+01  2.32e-01  1.98e-01  7.14e-02  6.02e-02  3.70e-02  4.59e+04  5.36e+03 -1.00e+05
2016 09 07  2330   57638  84600   1.88e+01  2.24e-01  1.80e-01  1.35e-01  1.24e-01  5.91e-02  4.58e+04  5.25e+03 -1.00e+05
2016 09 07  2335   57638  84900   1.63e+01  1.41e-01  1.07e-01  6.40e-02  5.27e-02  2.96e-02  4.48e+04  5.16e+03 -1.00e+05
2016 09 07  2340   57638  85200   3.36e+01  3.04e-01  1.04e-01  5.94e-02  4.81e-02  2.50e-02  4.53e+04  5.03e+03 -1.00e+05
2016 09 07  2345   57638  85500   1.68e+01  2.03e-01  1.69e-01  1.26e-01  1.15e-01  4.64e-02  4.32e+04  4.52e+03 -1.00e+05
2016 09 07  2350   57638  85800   1.59e+01  1.36e-01  1.03e-01  5.94e-02  4.81e-02  2.50e-02  4.05e+04  4.13e+03 -1.00e+05
2016 09 07  2355   57638  86100   1.78e+01  4.90e-01  2.74e-01  8.29e-02  5.34e-02  2.50e-02  3.20e+04  2.95e+03 -1.00e+05
