:Data_list: 20160209_Gs_part_5m.txt
:Created: 2016 Feb 10 0011 UTC
# Prepared by the U.S. Dept. of Commerce, NOAA, Space Weather Prediction Center
# Please send comments and suggestions to SWPC.Webmaster@noaa.gov 
# 
# Label: P > 1 = Particles at >1 Mev
# Label: P > 5 = Particles at >5 Mev
# Label: P >10 = Particles at >10 Mev
# Label: P >30 = Particles at >30 Mev
# Label: P >50 = Particles at >50 Mev
# Label: P>100 = Particles at >100 Mev
# Label: E>0.8 = Electrons at >0.8 Mev
# Label: E>2.0 = Electrons at >2.0 Mev
# Label: E>4.0 = Electrons at >4.0 Mev
# Units: Particles = Protons/cm2-s-sr
# Units: Electrons = Electrons/cm2-s-sr
# Source: GOES-15
# Location: W135
# Missing data: -1.00e+05
#
#                      5-minute  GOES-15 Solar Particle and Electron Flux
#
#                 Modified Seconds
# UTC Date  Time   Julian  of the
# YR MO DA  HHMM    Day     Day     P > 1     P > 5     P >10     P >30     P >50     P>100     E>0.8     E>2.0     E>4.0
#-------------------------------------------------------------------------------------------------------------------------
2016 02 09  0000   57427      0   5.91e+00  2.49e-01  1.33e-01  7.05e-02  4.63e-02  2.16e-02  1.86e+04  4.97e+01 -1.00e+05
2016 02 09  0005   57427    300   5.05e+00  1.73e-01  1.06e-01  5.28e-02  4.23e-02  2.16e-02  1.87e+04  4.83e+01 -1.00e+05
2016 02 09  0010   57427    600   3.63e+00  1.88e-01  1.60e-01  1.15e-01  1.04e-01  6.54e-02  1.75e+04  4.45e+01 -1.00e+05
2016 02 09  0015   57427    900   4.99e+00  2.19e-01  1.55e-01  1.03e-01  9.22e-02  7.16e-02  1.74e+04  4.73e+01 -1.00e+05
2016 02 09  0020   57427   1200   3.67e+00  1.37e-01  1.10e-01  6.39e-02  4.48e-02  2.16e-02  1.78e+04  4.83e+01 -1.00e+05
2016 02 09  0025   57427   1500   4.76e+00  2.35e-01  1.78e-01  1.27e-01  1.16e-01  4.55e-02  1.78e+04  4.37e+01 -1.00e+05
2016 02 09  0030   57427   1800   7.84e+00  6.27e-01  3.21e-01  9.67e-02  5.22e-02  2.16e-02  1.77e+04  3.97e+01 -1.00e+05
2016 02 09  0035   57427   2100   3.86e+00  1.61e-01  1.33e-01  8.79e-02  7.74e-02  4.66e-02  1.78e+04  4.69e+01 -1.00e+05
2016 02 09  0040   57427   2400   6.06e+00  2.61e-01  1.47e-01  8.53e-02  7.49e-02  5.42e-02  1.88e+04  5.08e+01 -1.00e+05
2016 02 09  0045   57427   2700   4.21e+00  1.75e-01  1.47e-01  1.02e-01  9.14e-02  3.74e-02  1.79e+04  4.86e+01 -1.00e+05
2016 02 09  0050   57427   3000   6.10e+00  3.15e-01  1.70e-01  5.79e-02  4.75e-02  2.33e-02  1.78e+04  5.22e+01 -1.00e+05
2016 02 09  0055   57427   3300   4.06e+00  1.79e-01  1.52e-01  1.06e-01  9.31e-02  4.14e-02  1.87e+04  4.91e+01 -1.00e+05
2016 02 09  0100   57427   3600   3.67e+00  1.84e-01  1.57e-01  9.37e-02  7.58e-02  3.53e-02  1.78e+04  4.90e+01 -1.00e+05
2016 02 09  0105   57427   3900   3.84e+00  1.86e-01  1.59e-01  5.28e-02  4.23e-02  2.16e-02  1.75e+04  5.22e+01 -1.00e+05
2016 02 09  0110   57427   4200   5.29e+00  2.82e-01  1.79e-01  7.87e-02  6.83e-02  3.70e-02  1.73e+04  4.84e+01 -1.00e+05
2016 02 09  0115   57427   4500   5.89e+00  2.47e-01  1.27e-01  7.70e-02  4.78e-02  2.16e-02  1.82e+04  4.76e+01 -1.00e+05
2016 02 09  0120   57427   4800   4.82e+00  2.31e-01  1.14e-01  5.28e-02  4.23e-02  2.16e-02  1.71e+04  4.92e+01 -1.00e+05
2016 02 09  0125   57427   5100   3.12e+00  1.56e-01  1.29e-01  8.30e-02  7.26e-02  3.14e-02  1.56e+04  4.19e+01 -1.00e+05
2016 02 09  0130   57427   5400   3.25e+00  1.26e-01  9.83e-02  5.28e-02  4.23e-02  2.16e-02  1.51e+04  4.24e+01 -1.00e+05
2016 02 09  0135   57427   5700   3.17e+00  2.94e-01  2.66e-01  9.03e-02  7.99e-02  5.92e-02  1.50e+04  4.05e+01 -1.00e+05
2016 02 09  0140   57427   6000   2.54e+00  3.33e-01  3.06e-01  1.37e-01  1.16e-01  5.47e-02  1.48e+04  3.79e+01 -1.00e+05
2016 02 09  0145   57427   6300   5.19e+00  3.29e-01  1.44e-01  8.98e-02  7.94e-02  3.55e-02  1.41e+04  3.58e+01 -1.00e+05
2016 02 09  0150   57427   6600   3.90e+00  2.45e-01  1.29e-01  6.80e-02  5.76e-02  3.69e-02  1.29e+04  3.36e+01 -1.00e+05
2016 02 09  0155   57427   6900   4.26e+00  4.91e-01  2.82e-01  7.05e-02  6.00e-02  3.94e-02  1.33e+04  3.24e+01 -1.00e+05
2016 02 09  0200   57427   7200   2.15e+00  1.51e-01  1.24e-01  7.79e-02  6.75e-02  4.68e-02  1.27e+04  3.51e+01 -1.00e+05
2016 02 09  0205   57427   7500   2.26e+00  2.53e-01  2.26e-01  1.21e-01  1.10e-01  4.34e-02  1.11e+04  2.88e+01 -1.00e+05
2016 02 09  0210   57427   7800   2.98e+00  1.73e-01  1.06e-01  5.28e-02  4.23e-02  2.16e-02  1.22e+04  3.21e+01 -1.00e+05
2016 02 09  0215   57427   8100   2.55e+00  1.73e-01  1.06e-01  5.28e-02  4.23e-02  2.16e-02  1.33e+04  3.39e+01 -1.00e+05
2016 02 09  0220   57427   8400   1.84e+00  1.61e-01  1.33e-01  8.78e-02  7.74e-02  5.67e-02  1.20e+04  2.31e+01 -1.00e+05
2016 02 09  0225   57427   8700   3.54e+00  2.48e-01  1.02e-01  5.28e-02  4.23e-02  2.16e-02  1.18e+04  3.27e+01 -1.00e+05
2016 02 09  0230   57427   9000   2.43e+00  2.35e-01  1.19e-01  5.74e-02  4.34e-02  2.16e-02  1.24e+04  3.04e+01 -1.00e+05
2016 02 09  0235   57427   9300   1.74e+00  1.65e-01  1.38e-01  9.09e-02  5.13e-02  2.45e-02  1.21e+04  2.20e+01 -1.00e+05
2016 02 09  0240   57427   9600   1.71e+00  1.66e-01  1.38e-01  9.28e-02  8.23e-02  6.17e-02  1.15e+04  2.61e+01 -1.00e+05
2016 02 09  0245   57427   9900   1.59e+00  1.26e-01  9.83e-02  5.28e-02  4.23e-02  2.16e-02  1.10e+04  2.48e+01 -1.00e+05
2016 02 09  0250   57427  10200   2.05e+00  2.31e-01  1.14e-01  5.28e-02  4.23e-02  2.16e-02  1.12e+04  2.64e+01 -1.00e+05
2016 02 09  0255   57427  10500   1.69e+00  1.88e-01  1.61e-01  5.56e-02  4.52e-02  2.45e-02  1.09e+04  2.39e+01 -1.00e+05
2016 02 09  0300   57427  10800   4.13e+00  4.96e-01  1.70e-01  7.20e-02  6.15e-02  3.31e-02  1.10e+04  2.62e+01 -1.00e+05
2016 02 09  0305   57427  11100   2.42e+00  2.22e-01  1.02e-01  5.28e-02  4.23e-02  2.16e-02  1.09e+04  2.48e+01 -1.00e+05
2016 02 09  0310   57427  11400   2.72e+00  2.95e-01  1.02e-01  5.28e-02  4.23e-02  2.16e-02  1.03e+04  2.62e+01 -1.00e+05
2016 02 09  0315   57427  11700   1.79e+00  2.68e-01  1.56e-01  1.06e-01  8.03e-02  4.45e-02  9.95e+03  1.69e+01 -1.00e+05
2016 02 09  0320   57427  12000   1.12e+00  1.63e-01  1.36e-01  5.56e-02  4.52e-02  2.45e-02  9.15e+03  1.87e+01 -1.00e+05
2016 02 09  0325   57427  12300   1.32e+00  1.73e-01  1.06e-01  5.28e-02  4.23e-02  2.16e-02  8.84e+03  2.06e+01 -1.00e+05
2016 02 09  0330   57427  12600   1.36e+00  2.18e-01  1.64e-01  8.16e-02  6.25e-02  2.73e-02  8.39e+03  2.15e+01 -1.00e+05
2016 02 09  0335   57427  12900   1.34e+00  1.53e-01  1.25e-01  7.91e-02  5.05e-02  2.45e-02  7.71e+03  1.72e+01 -1.00e+05
2016 02 09  0340   57427  13200   1.20e+00  2.69e-01  2.42e-01  5.74e-02  4.34e-02  2.16e-02  7.12e+03  1.61e+01 -1.00e+05
2016 02 09  0345   57427  13500   1.02e+00  1.80e-01  1.53e-01  1.07e-01  8.28e-02  3.34e-02  7.63e+03  1.50e+01 -1.00e+05
2016 02 09  0350   57427  13800   1.04e+00  1.26e-01  9.83e-02  5.28e-02  4.23e-02  2.16e-02  8.13e+03  2.17e+01 -1.00e+05
2016 02 09  0355   57427  14100   9.57e-01  1.60e-01  1.33e-01  5.28e-02  4.23e-02  2.16e-02  7.94e+03  1.64e+01 -1.00e+05
2016 02 09  0400   57427  14400   1.85e+00  3.42e-01  2.07e-01  1.57e-01  1.33e-01  4.95e-02  7.29e+03  1.46e+01 -1.00e+05
2016 02 09  0405   57427  14700   1.05e+00  1.56e-01  1.29e-01  8.35e-02  7.31e-02  5.24e-02  7.09e+03  1.60e+01 -1.00e+05
2016 02 09  0410   57427  15000   1.79e+00  4.47e-01  1.76e-01  5.28e-02  4.23e-02  2.16e-02  6.81e+03  1.73e+01 -1.00e+05
2016 02 09  0415   57427  15300   1.51e+00  2.78e-01  1.50e-01  1.00e-01  8.62e-02  3.57e-02  6.25e+03  1.28e+01 -1.00e+05
2016 02 09  0420   57427  15600   1.04e+00  2.36e-01  2.09e-01  7.97e-02  5.83e-02  3.44e-02  5.75e+03  1.26e+01 -1.00e+05
2016 02 09  0425   57427  15900   8.52e-01  1.81e-01  1.54e-01  1.08e-01  9.76e-02  3.94e-02  6.12e+03  1.42e+01 -1.00e+05
2016 02 09  0430   57427  16200   7.56e-01  1.31e-01  1.04e-01  5.81e-02  4.77e-02  2.70e-02  6.23e+03  1.86e+01 -1.00e+05
2016 02 09  0435   57427  16500   1.41e+00  3.56e-01  1.63e-01  1.14e-01  1.04e-01  4.14e-02  5.56e+03  1.40e+01 -1.00e+05
2016 02 09  0440   57427  16800   6.92e-01  1.64e-01  1.37e-01  9.01e-02  5.07e-02  2.16e-02  5.82e+03  1.04e+01 -1.00e+05
2016 02 09  0445   57427  17100   5.50e-01  1.44e-01  1.17e-01  7.05e-02  4.63e-02  2.16e-02  6.03e+03  1.40e+01 -1.00e+05
2016 02 09  0450   57427  17400   1.18e+00  2.68e-01  1.48e-01  9.82e-02  6.82e-02  4.18e-02  6.14e+03  7.68e+00 -1.00e+05
2016 02 09  0455   57427  17700   7.60e-01  2.19e-01  1.91e-01  1.46e-01  1.35e-01  5.15e-02  5.69e+03  1.29e+01 -1.00e+05
2016 02 09  0500   57427  18000   1.33e+00  5.25e-01  2.81e-01  6.80e-02  5.76e-02  3.69e-02  5.31e+03  1.21e+01 -1.00e+05
2016 02 09  0505   57427  18300   9.43e-01  1.90e-01  1.63e-01  5.81e-02  4.77e-02  2.70e-02  5.17e+03  1.44e+01 -1.00e+05
2016 02 09  0510   57427  18600   9.36e-01  1.70e-01  1.43e-01  5.28e-02  4.23e-02  2.16e-02  5.06e+03  1.36e+01 -1.00e+05
2016 02 09  0515   57427  18900   8.16e-01  1.93e-01  1.66e-01  8.82e-02  6.40e-02  2.73e-02  5.34e+03  8.86e+00 -1.00e+05
2016 02 09  0520   57427  19200   7.58e-01  1.60e-01  1.33e-01  5.28e-02  4.23e-02  2.16e-02  5.06e+03  1.30e+01 -1.00e+05
2016 02 09  0525   57427  19500   1.60e+00  2.88e-01  1.42e-01  9.13e-02  4.84e-02  2.16e-02  4.97e+03  1.36e+01 -1.00e+05
2016 02 09  0530   57427  19800   1.21e+00  3.66e-01  1.77e-01  5.28e-02  4.23e-02  2.16e-02  5.01e+03  1.19e+01 -1.00e+05
2016 02 09  0535   57427  20100   7.07e-01  1.28e-01  1.01e-01  5.56e-02  4.52e-02  2.45e-02  5.07e+03  8.26e+00 -1.00e+05
2016 02 09  0540   57427  20400   7.43e-01  1.86e-01  1.59e-01  5.28e-02  4.23e-02  2.16e-02  5.13e+03  1.34e+01 -1.00e+05
2016 02 09  0545   57427  20700   7.30e-01  1.28e-01  1.01e-01  5.56e-02  4.52e-02  2.45e-02  4.96e+03  1.65e+01 -1.00e+05
2016 02 09  0550   57427  21000   6.70e-01  1.60e-01  1.33e-01  5.28e-02  4.23e-02  2.16e-02  4.87e+03  1.17e+01 -1.00e+05
2016 02 09  0555   57427  21300   8.18e-01  2.09e-01  1.82e-01  6.55e-02  5.51e-02  3.44e-02  4.81e+03  1.08e+01 -1.00e+05
2016 02 09  0600   57427  21600   1.03e+00  3.18e-01  2.04e-01  9.03e-02  7.99e-02  5.92e-02  4.70e+03  1.10e+01 -1.00e+05
2016 02 09  0605   57427  21900   7.00e-01  1.30e-01  1.03e-01  5.74e-02  4.34e-02  2.16e-02  4.63e+03  1.02e+01 -1.00e+05
2016 02 09  0610   57427  22200   6.79e-01  1.51e-01  1.23e-01  7.70e-02  4.78e-02  2.16e-02  4.53e+03  1.11e+01 -1.00e+05
2016 02 09  0615   57427  22500   6.32e-01  1.75e-01  1.48e-01  9.96e-02  4.83e-02  2.16e-02  4.48e+03  1.07e+01 -1.00e+05
2016 02 09  0620   57427  22800   4.47e-01  1.37e-01  1.10e-01  6.39e-02  4.48e-02  2.16e-02  4.07e+03  1.07e+01 -1.00e+05
2016 02 09  0625   57427  23100   4.65e-01  1.63e-01  1.35e-01  8.83e-02  4.84e-02  2.16e-02  4.02e+03  1.15e+01 -1.00e+05
2016 02 09  0630   57427  23400   5.34e-01  1.37e-01  1.10e-01  6.42e-02  5.38e-02  2.53e-02  3.99e+03  1.11e+01 -1.00e+05
2016 02 09  0635   57427  23700   6.08e-01  1.26e-01  9.83e-02  5.28e-02  4.23e-02  2.16e-02  3.84e+03  1.08e+01 -1.00e+05
2016 02 09  0640   57427  24000   8.91e-01  3.67e-01  2.01e-01  1.51e-01  1.41e-01  7.38e-02  3.75e+03  7.03e+00 -1.00e+05
2016 02 09  0645   57427  24300   8.43e-01  4.05e-01  2.04e-01  5.81e-02  4.77e-02  2.70e-02  3.66e+03  6.47e+00 -1.00e+05
2016 02 09  0650   57427  24600   6.90e-01  2.45e-01  1.29e-01  6.80e-02  5.76e-02  3.69e-02  3.47e+03  6.67e+00 -1.00e+05
2016 02 09  0655   57427  24900   4.08e-01  1.28e-01  1.01e-01  5.56e-02  4.52e-02  2.45e-02  3.16e+03  7.79e+00 -1.00e+05
2016 02 09  0700   57427  25200   6.10e-01  2.49e-01  1.33e-01  7.05e-02  4.63e-02  2.16e-02  2.81e+03  7.42e+00 -1.00e+05
2016 02 09  0705   57427  25500   4.47e-01  1.26e-01  9.83e-02  5.28e-02  4.23e-02  2.16e-02  2.94e+03  5.37e+00 -1.00e+05
2016 02 09  0710   57427  25800   3.70e-01  1.43e-01  1.16e-01  7.05e-02  6.00e-02  3.94e-02  2.58e+03  3.29e+00 -1.00e+05
2016 02 09  0715   57427  26100   4.69e-01  2.73e-01  2.46e-01  6.30e-02  5.07e-02  2.95e-02  2.63e+03  6.98e+00 -1.00e+05
2016 02 09  0720   57427  26400   8.26e-01  3.46e-01  2.79e-01  8.74e-02  5.43e-02  2.70e-02  2.59e+03  3.85e+00 -1.00e+05
2016 02 09  0725   57427  26700   5.00e-01  1.60e-01  1.33e-01  8.68e-02  7.04e-02  3.88e-02  2.20e+03  6.78e+00 -1.00e+05
2016 02 09  0730   57427  27000   4.47e-01  1.64e-01  1.37e-01  9.01e-02  5.07e-02  2.16e-02  2.20e+03  3.72e+00 -1.00e+05
2016 02 09  0735   57427  27300   7.29e-01  4.00e-01  1.99e-01  5.28e-02  4.23e-02  2.16e-02  2.21e+03  3.30e+00 -1.00e+05
2016 02 09  0740   57427  27600   6.02e-01  4.22e-01  3.07e-01  1.09e-01  6.88e-02  3.94e-02  2.04e+03  2.00e+00 -1.00e+05
2016 02 09  0745   57427  27900   4.51e-01  1.43e-01  1.16e-01  7.05e-02  6.00e-02  3.94e-02  1.87e+03  4.54e+00 -1.00e+05
2016 02 09  0750   57427  28200   8.18e-01  3.68e-01  1.87e-01  6.80e-02  5.76e-02  3.69e-02  1.86e+03  2.08e+00 -1.00e+05
2016 02 09  0755   57427  28500   7.69e-01  2.31e-01  1.14e-01  5.28e-02  4.23e-02  2.16e-02  1.94e+03  3.11e+00 -1.00e+05
2016 02 09  0800   57427  28800   5.19e-01  1.93e-01  1.65e-01  1.19e-01  8.82e-02  6.17e-02  2.06e+03  2.53e+00 -1.00e+05
2016 02 09  0805   57427  29100   4.72e-01  1.46e-01  1.19e-01  7.30e-02  6.25e-02  4.18e-02  2.10e+03  2.84e+00 -1.00e+05
2016 02 09  0810   57427  29400   6.79e-01  3.95e-01  2.84e-01  2.21e-01  1.37e-01  4.34e-02  1.88e+03  1.63e+00 -1.00e+05
2016 02 09  0815   57427  29700   1.11e+00  3.69e-01  1.77e-01  1.26e-01  7.64e-02  4.43e-02  2.01e+03  3.88e+00 -1.00e+05
2016 02 09  0820   57427  30000   4.99e-01  2.45e-01  1.57e-01  1.00e-01  8.14e-02  3.34e-02  1.97e+03  3.08e+00 -1.00e+05
2016 02 09  0825   57427  30300   5.52e-01  2.63e-01  1.98e-01  9.48e-02  7.36e-02  4.98e-02  1.98e+03  1.86e+00 -1.00e+05
2016 02 09  0830   57427  30600   3.36e-01  1.33e-01  1.06e-01  6.06e-02  5.01e-02  2.95e-02  2.03e+03  5.33e+00 -1.00e+05
2016 02 09  0835   57427  30900   6.39e-01  3.01e-01  2.74e-01  1.00e-01  8.98e-02  6.91e-02  2.01e+03  3.11e+00 -1.00e+05
2016 02 09  0840   57427  31200   4.54e-01  2.60e-01  1.93e-01  8.33e-02  6.29e-02  3.94e-02  2.02e+03  2.26e+00 -1.00e+05
2016 02 09  0845   57427  31500   3.20e-01  1.86e-01  1.59e-01  5.28e-02  4.23e-02  2.16e-02  1.86e+03  4.70e+00 -1.00e+05
2016 02 09  0850   57427  31800   5.82e-01  2.34e-01  1.66e-01  5.28e-02  4.23e-02  2.16e-02  1.56e+03  6.55e+00 -1.00e+05
2016 02 09  0855   57427  32100   3.51e-01  1.56e-01  1.29e-01  8.30e-02  7.26e-02  3.14e-02  1.48e+03  4.38e+00 -1.00e+05
2016 02 09  0900   57427  32400   4.54e-01  1.57e-01  1.30e-01  8.36e-02  4.93e-02  2.16e-02  2.05e+03  4.85e+00 -1.00e+05
2016 02 09  0905   57427  32700   6.54e-01  1.74e-01  1.06e-01  5.31e-02  4.27e-02  2.20e-02  2.54e+03  6.05e+00 -1.00e+05
2016 02 09  0910   57427  33000   6.93e-01  2.39e-01  2.11e-01  1.65e-01  1.20e-01  4.34e-02  3.10e+03  2.66e+00 -1.00e+05
2016 02 09  0915   57427  33300   5.57e-01  1.38e-01  1.11e-01  6.55e-02  5.51e-02  3.44e-02  3.48e+03  5.41e+00 -1.00e+05
2016 02 09  0920   57427  33600   7.11e-01  2.49e-01  1.33e-01  7.05e-02  4.63e-02  2.16e-02  3.55e+03  4.16e+00 -1.00e+05
2016 02 09  0925   57427  33900   7.35e-01  2.72e-01  1.27e-01  7.79e-02  6.75e-02  4.68e-02  3.24e+03  5.36e+00 -1.00e+05
2016 02 09  0930   57427  34200   3.27e-01  1.37e-01  1.10e-01  6.43e-02  5.38e-02  2.56e-02  3.26e+03  3.37e+00 -1.00e+05
2016 02 09  0935   57427  34500   4.06e-01  1.58e-01  1.30e-01  8.39e-02  4.96e-02  2.20e-02  3.55e+03  4.62e+00 -1.00e+05
2016 02 09  0940   57427  34800   5.77e-01  1.71e-01  1.43e-01  9.77e-02  8.73e-02  6.66e-02  3.93e+03  3.91e+00 -1.00e+05
2016 02 09  0945   57427  35100   5.59e-01  2.27e-01  2.00e-01  1.05e-01  9.51e-02  7.42e-02  3.94e+03  3.59e+00 -1.00e+05
2016 02 09  0950   57427  35400   7.94e-01  2.77e-01  1.51e-01  1.02e-01  9.14e-02  3.74e-02  4.35e+03  2.90e+00 -1.00e+05
2016 02 09  0955   57427  35700   6.06e-01  3.79e-01  3.52e-01  9.67e-02  5.22e-02  2.16e-02  3.90e+03  3.62e+00 -1.00e+05
2016 02 09  1000   57427  36000   1.06e+00  3.58e-01  1.02e-01  5.28e-02  4.23e-02  2.16e-02  3.80e+03  5.25e+00 -1.00e+05
2016 02 09  1005   57427  36300   5.83e-01  2.57e-01  1.60e-01  1.01e-01  7.18e-02  2.93e-02  3.65e+03  4.75e+00 -1.00e+05
2016 02 09  1010   57427  36600   3.42e-01  1.66e-01  1.38e-01  9.28e-02  8.23e-02  6.17e-02  3.21e+03  1.62e+00 -1.00e+05
2016 02 09  1015   57427  36900   4.67e-01  2.22e-01  1.02e-01  5.28e-02  4.23e-02  2.16e-02  3.21e+03  3.88e+00 -1.00e+05
2016 02 09  1020   57427  37200   4.11e-01  1.79e-01  1.52e-01  1.06e-01  9.57e-02  5.42e-02  3.17e+03  1.88e+00 -1.00e+05
2016 02 09  1025   57427  37500   2.64e-01  1.26e-01  9.83e-02  5.28e-02  4.23e-02  2.16e-02  3.16e+03  2.78e+00 -1.00e+05
2016 02 09  1030   57427  37800   5.18e-01  1.76e-01  1.48e-01  1.03e-01  9.22e-02  7.16e-02  3.08e+03  3.12e+00 -1.00e+05
2016 02 09  1035   57427  38100   4.16e-01  2.78e-01  2.51e-01  6.78e-02  4.98e-02  2.70e-02  2.91e+03  2.75e+00 -1.00e+05
2016 02 09  1040   57427  38400   3.00e-01  1.77e-01  1.50e-01  5.74e-02  4.34e-02  2.16e-02  2.96e+03  1.48e+00 -1.00e+05
2016 02 09  1045   57427  38700   4.40e-01  2.71e-01  1.51e-01  1.01e-01  5.72e-02  2.70e-02  2.68e+03  6.40e-01 -1.00e+05
2016 02 09  1050   57427  39000   2.74e-01  1.71e-01  1.43e-01  9.77e-02  8.73e-02  6.66e-02  2.45e+03  1.59e+00 -1.00e+05
2016 02 09  1055   57427  39300   8.67e-01  6.53e-01  4.12e-01  1.43e-01  9.18e-02  5.92e-02  1.82e+03  1.33e-01 -1.00e+05
2016 02 09  1100   57427  39600   2.80e-01  2.33e-01  1.40e-01  8.30e-02  7.26e-02  3.14e-02  1.80e+03  1.33e-01 -1.00e+05
2016 02 09  1105   57427  39900   3.09e-01  1.71e-01  1.44e-01  9.67e-02  5.22e-02  2.16e-02  1.62e+03  3.66e-01 -1.00e+05
2016 02 09  1110   57427  40200   8.83e-01  2.64e-01  2.37e-01  5.28e-02  4.23e-02  2.16e-02  3.57e+03  7.48e+00 -1.00e+05
2016 02 09  1115   57427  40500   2.43e+00  2.88e-01  2.61e-01  1.10e-01  9.32e-02  5.95e-02  5.57e+03  4.59e+00 -1.00e+05
2016 02 09  1120   57427  40800   1.67e+01  7.72e-01  5.18e-01  1.32e-01  8.34e-02  5.67e-02  8.48e+03  9.85e+00 -1.00e+05
2016 02 09  1125   57427  41100   1.64e+01  2.44e-01  1.28e-01  6.66e-02  5.53e-02  3.44e-02  8.57e+03  1.44e+01 -1.00e+05
2016 02 09  1130   57427  41400   1.43e+01  1.70e-01  1.43e-01  5.28e-02  4.23e-02  2.16e-02  8.62e+03  1.75e+01 -1.00e+05
2016 02 09  1135   57427  41700   3.16e+01  2.23e-01  1.02e-01  5.31e-02  4.27e-02  2.20e-02  1.02e+04  2.06e+01 -1.00e+05
2016 02 09  1140   57427  42000   3.40e+01  2.17e-01  1.40e-01  8.57e-02  7.17e-02  2.25e-02  9.60e+03  1.95e+01 -1.00e+05
2016 02 09  1145   57427  42300   3.33e+01  2.08e-01  1.40e-01  5.28e-02  4.23e-02  2.16e-02  1.04e+04  2.44e+01 -1.00e+05
2016 02 09  1150   57427  42600   3.42e+01  1.85e-01  1.18e-01  6.55e-02  5.51e-02  3.44e-02  1.15e+04  2.44e+01 -1.00e+05
2016 02 09  1155   57427  42900   1.37e+01  1.26e-01  9.83e-02  5.28e-02  4.23e-02  2.16e-02  1.03e+04  2.16e+01 -1.00e+05
2016 02 09  1200   57427  43200   1.14e+01  1.46e-01  1.19e-01  7.30e-02  6.25e-02  4.18e-02  1.01e+04  2.06e+01 -1.00e+05
2016 02 09  1205   57427  43500   1.03e+01  2.57e-01  2.30e-01  6.42e-02  5.38e-02  2.53e-02  1.03e+04  2.30e+01 -1.00e+05
2016 02 09  1210   57427  43800   1.32e+01  2.80e-01  1.66e-01  1.04e-01  8.30e-02  5.92e-02  1.10e+04  2.02e+01 -1.00e+05
2016 02 09  1215   57427  44100   7.13e+00  1.43e-01  1.16e-01  7.05e-02  6.00e-02  3.94e-02  1.16e+04  2.60e+01 -1.00e+05
2016 02 09  1220   57427  44400   6.64e+00  1.49e-01  1.22e-01  7.61e-02  6.56e-02  4.50e-02  1.28e+04  2.40e+01 -1.00e+05
2016 02 09  1225   57427  44700   5.94e+00  1.26e-01  9.83e-02  5.28e-02  4.23e-02  2.16e-02  1.36e+04  3.30e+01 -1.00e+05
2016 02 09  1230   57427  45000   1.11e+01  2.22e-01  1.02e-01  5.28e-02  4.23e-02  2.16e-02  1.39e+04  3.78e+01 -1.00e+05
2016 02 09  1235   57427  45300   5.16e+00  1.51e-01  1.23e-01  7.70e-02  4.78e-02  2.16e-02  1.34e+04  2.98e+01 -1.00e+05
2016 02 09  1240   57427  45600   5.65e+00  1.26e-01  9.83e-02  5.28e-02  4.23e-02  2.16e-02  1.43e+04  3.89e+01 -1.00e+05
2016 02 09  1245   57427  45900   5.50e+00  2.62e-01  2.35e-01  8.57e-02  5.19e-02  2.45e-02  1.28e+04  4.01e+01 -1.00e+05
2016 02 09  1250   57427  46200   4.82e+00  2.77e-01  2.49e-01  1.08e-01  7.32e-02  2.93e-02  1.23e+04  3.46e+01 -1.00e+05
2016 02 09  1255   57427  46500   7.15e+00  3.16e-01  2.00e-01  7.70e-02  4.78e-02  2.16e-02  1.32e+04  4.01e+01 -1.00e+05
2016 02 09  1300   57427  46800   4.96e+00  1.62e-01  1.35e-01  8.93e-02  7.88e-02  3.34e-02  1.28e+04  3.47e+01 -1.00e+05
2016 02 09  1305   57427  47100   5.24e+00  1.31e-01  1.04e-01  5.81e-02  4.77e-02  2.70e-02  1.31e+04  3.84e+01 -1.00e+05
2016 02 09  1310   57427  47400   4.32e+00  1.26e-01  9.83e-02  5.28e-02  4.23e-02  2.16e-02  1.26e+04  3.69e+01 -1.00e+05
2016 02 09  1315   57427  47700   5.40e+00  1.76e-01  1.48e-01  1.03e-01  9.22e-02  7.16e-02  1.30e+04  3.70e+01 -1.00e+05
2016 02 09  1320   57427  48000   5.69e+00  1.68e-01  1.41e-01  9.55e-02  8.51e-02  3.54e-02  1.26e+04  3.74e+01 -1.00e+05
2016 02 09  1325   57427  48300   4.64e+00  2.70e-01  1.56e-01  9.52e-02  8.48e-02  6.41e-02  1.23e+04  3.27e+01 -1.00e+05
2016 02 09  1330   57427  48600   3.60e+00  1.48e-01  1.21e-01  7.54e-02  6.50e-02  4.43e-02  1.23e+04  3.32e+01 -1.00e+05
2016 02 09  1335   57427  48900   8.03e+00  2.48e-01  1.02e-01  5.28e-02  4.23e-02  2.16e-02  1.23e+04  3.24e+01 -1.00e+05
2016 02 09  1340   57427  49200   3.85e+00  1.26e-01  9.83e-02  5.28e-02  4.23e-02  2.16e-02  1.15e+04  3.08e+01 -1.00e+05
2016 02 09  1345   57427  49500   3.60e+00  1.86e-01  1.59e-01  5.28e-02  4.23e-02  2.16e-02  1.22e+04  3.44e+01 -1.00e+05
2016 02 09  1350   57427  49800   3.21e+00  1.31e-01  1.04e-01  5.81e-02  4.77e-02  2.70e-02  1.28e+04  2.98e+01 -1.00e+05
2016 02 09  1355   57427  50100   7.70e+00  3.02e-01  1.51e-01  1.02e-01  9.14e-02  3.74e-02  1.29e+04  3.42e+01 -1.00e+05
2016 02 09  1400   57427  50400   5.36e+00  1.26e-01  9.87e-02  5.31e-02  4.27e-02  2.20e-02  1.43e+04  4.07e+01 -1.00e+05
2016 02 09  1405   57427  50700   8.40e+00  1.73e-01  1.06e-01  5.28e-02  4.23e-02  2.16e-02  1.57e+04  5.16e+01 -1.00e+05
2016 02 09  1410   57427  51000   6.70e+00  1.82e-01  1.55e-01  1.09e-01  9.87e-02  4.34e-02  1.65e+04  5.57e+01 -1.00e+05
2016 02 09  1415   57427  51300   7.90e+00  1.94e-01  1.28e-01  7.54e-02  6.50e-02  4.43e-02  1.77e+04  5.47e+01 -1.00e+05
2016 02 09  1420   57427  51600   8.34e+00  1.73e-01  1.06e-01  5.28e-02  4.23e-02  2.16e-02  1.80e+04  6.01e+01 -1.00e+05
2016 02 09  1425   57427  51900   6.82e+00  1.26e-01  9.83e-02  5.28e-02  4.23e-02  2.16e-02  1.95e+04  6.05e+01 -1.00e+05
2016 02 09  1430   57427  52200   6.77e+00  1.54e-01  1.27e-01  8.10e-02  6.35e-02  3.31e-02  2.02e+04  6.58e+01 -1.00e+05
2016 02 09  1435   57427  52500   6.53e+00  2.64e-01  2.37e-01  5.28e-02  4.23e-02  2.16e-02  2.15e+04  7.54e+01 -1.00e+05
2016 02 09  1440   57427  52800   1.11e+01  2.33e-01  1.40e-01  8.30e-02  7.26e-02  3.14e-02  2.26e+04  7.83e+01 -1.00e+05
2016 02 09  1445   57427  53100   7.41e+00  1.26e-01  9.83e-02  5.28e-02  4.23e-02  2.16e-02  2.27e+04  8.43e+01 -1.00e+05
2016 02 09  1450   57427  53400   8.24e+00  1.50e-01  1.23e-01  7.67e-02  6.14e-02  3.94e-02  2.34e+04  8.51e+01 -1.00e+05
2016 02 09  1455   57427  53700   7.50e+00  2.20e-01  1.93e-01  9.89e-02  8.84e-02  6.77e-02  2.39e+04  8.15e+01 -1.00e+05
2016 02 09  1500   57427  54000   7.52e+00  1.26e-01  9.83e-02  5.28e-02  4.23e-02  2.16e-02  2.33e+04  8.51e+01 -1.00e+05
2016 02 09  1505   57427  54300   7.21e+00  1.28e-01  1.01e-01  5.56e-02  4.52e-02  2.45e-02  2.38e+04  8.74e+01 -1.00e+05
2016 02 09  1510   57427  54600   1.01e+01  2.67e-01  2.03e-01  1.00e-01  8.98e-02  6.91e-02  2.46e+04  9.64e+01 -1.00e+05
2016 02 09  1515   57427  54900   7.27e+00  1.47e-01  1.19e-01  7.38e-02  6.33e-02  4.26e-02  2.46e+04  9.45e+01 -1.00e+05
2016 02 09  1520   57427  55200   7.54e+00  1.26e-01  9.83e-02  5.28e-02  4.23e-02  2.16e-02  2.40e+04  9.23e+01 -1.00e+05
2016 02 09  1525   57427  55500   7.43e+00  1.68e-01  1.41e-01  9.52e-02  8.48e-02  6.41e-02  2.46e+04  9.61e+01 -1.00e+05
2016 02 09  1530   57427  55800   1.20e+01  2.48e-01  1.02e-01  5.28e-02  4.23e-02  2.16e-02  2.43e+04  9.30e+01 -1.00e+05
2016 02 09  1535   57427  56100   6.48e+00  3.64e-01  3.36e-01  1.46e-01  1.02e-01  7.16e-02  2.44e+04  8.89e+01 -1.00e+05
2016 02 09  1540   57427  56400   6.57e+00  1.26e-01  9.83e-02  5.28e-02  4.23e-02  2.16e-02  2.57e+04  1.08e+02 -1.00e+05
2016 02 09  1545   57427  56700   7.09e+00  1.31e-01  1.04e-01  5.79e-02  4.75e-02  2.33e-02  2.60e+04  1.05e+02 -1.00e+05
2016 02 09  1550   57427  57000   6.71e+00  1.62e-01  1.34e-01  8.80e-02  6.21e-02  3.69e-02  2.67e+04  1.14e+02 -1.00e+05
2016 02 09  1555   57427  57300   6.57e+00  2.10e-01  1.83e-01  8.29e-02  7.24e-02  5.18e-02  2.69e+04  1.21e+02 -1.00e+05
2016 02 09  1600   57427  57600   1.16e+01  2.22e-01  1.02e-01  5.28e-02  4.23e-02  2.16e-02  2.65e+04  1.14e+02 -1.00e+05
2016 02 09  1605   57427  57900   7.66e+00  2.09e-01  1.82e-01  5.94e-02  4.60e-02  2.45e-02  2.86e+04  1.27e+02 -1.00e+05
2016 02 09  1610   57427  58200   7.64e+00  1.26e-01  9.83e-02  5.28e-02  4.23e-02  2.16e-02  2.79e+04  1.20e+02 -1.00e+05
2016 02 09  1615   57427  58500   6.46e+00  1.81e-01  1.54e-01  1.08e-01  9.76e-02  3.94e-02  2.64e+04  1.14e+02 -1.00e+05
2016 02 09  1620   57427  58800   9.50e+00  1.74e-01  1.06e-01  5.31e-02  4.27e-02  2.20e-02  2.73e+04  1.19e+02 -1.00e+05
2016 02 09  1625   57427  59100   6.91e+00  2.82e-01  2.55e-01  7.05e-02  4.63e-02  2.16e-02  2.83e+04  1.27e+02 -1.00e+05
2016 02 09  1630   57427  59400   9.54e+00  1.73e-01  1.06e-01  5.28e-02  4.23e-02  2.16e-02  2.80e+04  1.30e+02 -1.00e+05
2016 02 09  1635   57427  59700   7.78e+00  1.68e-01  1.41e-01  9.56e-02  8.52e-02  3.57e-02  2.86e+04  1.32e+02 -1.00e+05
2016 02 09  1640   57427  60000   7.60e+00  1.82e-01  1.55e-01  1.09e-01  8.21e-02  5.67e-02  2.88e+04  1.34e+02 -1.00e+05
2016 02 09  1645   57427  60300   1.35e+01  2.69e-01  1.39e-01  8.93e-02  7.88e-02  3.34e-02  2.90e+04  1.39e+02 -1.00e+05
2016 02 09  1650   57427  60600   7.77e+00  1.28e-01  1.01e-01  5.56e-02  4.52e-02  2.45e-02  2.94e+04  1.39e+02 -1.00e+05
2016 02 09  1655   57427  60900   7.88e+00  1.55e-01  1.27e-01  8.15e-02  6.06e-02  3.69e-02  3.00e+04  1.46e+02 -1.00e+05
2016 02 09  1700   57427  61200   7.96e+00  1.86e-01  1.59e-01  5.28e-02  4.23e-02  2.16e-02  3.02e+04  1.45e+02 -1.00e+05
2016 02 09  1705   57427  61500   1.38e+01  2.30e-01  1.10e-01  6.06e-02  5.01e-02  2.95e-02  3.12e+04  1.52e+02 -1.00e+05
2016 02 09  1710   57427  61800   1.56e+01  3.46e-01  1.78e-01  1.27e-01  9.20e-02  6.41e-02  3.03e+04  1.53e+02 -1.00e+05
2016 02 09  1715   57427  62100   8.53e+00  1.71e-01  1.44e-01  7.67e-02  6.63e-02  2.93e-02  3.12e+04  1.58e+02 -1.00e+05
2016 02 09  1720   57427  62400   8.30e+00  1.86e-01  1.59e-01  5.28e-02  4.23e-02  2.16e-02  3.13e+04  1.55e+02 -1.00e+05
2016 02 09  1725   57427  62700   1.11e+01  1.73e-01  1.06e-01  5.28e-02  4.23e-02  2.16e-02  3.13e+04  1.53e+02 -1.00e+05
2016 02 09  1730   57427  63000   1.62e+01  2.72e-01  1.02e-01  5.28e-02  4.23e-02  2.16e-02  3.13e+04  1.54e+02 -1.00e+05
2016 02 09  1735   57427  63300   8.23e+00  1.85e-01  1.58e-01  6.80e-02  5.76e-02  3.69e-02  3.13e+04  1.57e+02 -1.00e+05
2016 02 09  1740   57427  63600   8.18e+00  1.26e-01  9.83e-02  5.28e-02  4.23e-02  2.16e-02  3.13e+04  1.56e+02 -1.00e+05
2016 02 09  1745   57427  63900   1.98e+01  3.53e-01  1.40e-01  9.08e-02  8.03e-02  5.97e-02  3.22e+04  1.66e+02 -1.00e+05
2016 02 09  1750   57427  64200   1.22e+01  2.43e-01  1.96e-01  1.47e-01  1.37e-01  5.73e-02  3.38e+04  1.93e+02 -1.00e+05
2016 02 09  1755   57427  64500   1.20e+01  1.99e-01  1.72e-01  8.05e-02  6.42e-02  3.68e-02  3.39e+04  1.94e+02 -1.00e+05
2016 02 09  1800   57427  64800   1.27e+01  1.26e-01  9.87e-02  5.31e-02  4.27e-02  2.20e-02  3.57e+04  2.19e+02 -1.00e+05
2016 02 09  1805   57427  65100   1.29e+01  2.45e-01  2.17e-01  8.57e-02  7.17e-02  2.25e-02  3.57e+04  2.17e+02 -1.00e+05
2016 02 09  1810   57427  65400   2.08e+01  2.81e-01  1.50e-01  1.00e-01  8.14e-02  3.34e-02  3.51e+04  2.08e+02 -1.00e+05
2016 02 09  1815   57427  65700   1.43e+01  1.32e-01  1.05e-01  5.94e-02  4.60e-02  2.45e-02  3.64e+04  2.38e+02 -1.00e+05
2016 02 09  1820   57427  66000   1.89e+01  2.65e-01  1.72e-01  1.14e-01  7.96e-02  3.16e-02  3.59e+04  2.26e+02 -1.00e+05
2016 02 09  1825   57427  66300   2.20e+01  2.45e-01  1.01e-01  5.29e-02  4.27e-02  2.19e-02  3.56e+04  2.14e+02 -1.00e+05
2016 02 09  1830   57427  66600   1.24e+01  1.25e-01  9.78e-02  5.29e-02  4.27e-02  2.19e-02  3.56e+04  2.21e+02 -1.00e+05
2016 02 09  1835   57427  66900   1.16e+01  1.57e-01  1.29e-01  8.45e-02  7.43e-02  5.35e-02  3.43e+04  1.99e+02 -1.00e+05
2016 02 09  1840   57427  67200   1.21e+01  2.87e-01  2.60e-01  1.24e-01  1.14e-01  7.46e-02  3.41e+04  2.01e+02 -1.00e+05
2016 02 09  1845   57427  67500   1.26e+01  1.27e-01  9.92e-02  5.42e-02  4.30e-02  2.19e-02  3.55e+04  2.10e+02 -1.00e+05
2016 02 09  1850   57427  67800   1.24e+01  1.63e-01  1.36e-01  9.08e-02  8.06e-02  3.41e-02  3.55e+04  2.20e+02 -1.00e+05
2016 02 09  1855   57427  68100   2.38e+01  2.76e-01  1.38e-01  8.96e-02  7.94e-02  5.17e-02  3.56e+04  2.29e+02 -1.00e+05
2016 02 09  1900   57427  68400   1.28e+01  1.25e-01  9.78e-02  5.29e-02  4.27e-02  2.19e-02  3.57e+04  2.40e+02 -1.00e+05
2016 02 09  1905   57427  68700   1.81e+01  2.51e-01  1.83e-01  1.31e-01  1.04e-01  4.01e-02  3.72e+04  2.48e+02 -1.00e+05
2016 02 09  1910   57427  69000   1.32e+01  1.50e-01  1.22e-01  7.71e-02  6.69e-02  4.60e-02  3.66e+04  2.47e+02 -1.00e+05
2016 02 09  1915   57427  69300   1.46e+01  1.33e-01  1.06e-01  6.08e-02  4.44e-02  2.19e-02  3.76e+04  2.45e+02 -1.00e+05
2016 02 09  1920   57427  69600   1.43e+01  1.37e-01  1.10e-01  6.47e-02  5.45e-02  3.37e-02  3.76e+04  2.46e+02 -1.00e+05
2016 02 09  1925   57427  69900   2.27e+01  2.26e-01  1.13e-01  5.29e-02  4.27e-02  2.19e-02  3.76e+04  2.63e+02 -1.00e+05
2016 02 09  1930   57427  70200   1.56e+01  1.25e-01  9.78e-02  5.29e-02  4.27e-02  2.19e-02  3.81e+04  2.68e+02 -1.00e+05
2016 02 09  1935   57427  70500   1.65e+01  1.33e-01  1.06e-01  6.08e-02  4.44e-02  2.19e-02  3.96e+04  2.97e+02 -1.00e+05
2016 02 09  1940   57427  70800   1.66e+01  1.99e-01  1.71e-01  8.00e-02  6.94e-02  4.85e-02  3.96e+04  2.88e+02 -1.00e+05
2016 02 09  1945   57427  71100   1.65e+01  1.64e-01  1.36e-01  9.13e-02  8.11e-02  6.02e-02  3.93e+04  2.84e+02 -1.00e+05
2016 02 09  1950   57427  71400   1.56e+01  1.94e-01  1.66e-01  1.21e-01  1.11e-01  5.74e-02  3.81e+04  2.61e+02 -1.00e+05
2016 02 09  1955   57427  71700   1.53e+01  1.25e-01  9.78e-02  5.29e-02  4.27e-02  2.19e-02  3.77e+04  2.74e+02 -1.00e+05
2016 02 09  2000   57427  72000   1.40e+01  2.16e-01  1.89e-01  1.43e-01  1.17e-01  4.41e-02  3.72e+04  2.46e+02 -1.00e+05
2016 02 09  2005   57427  72300   1.49e+01  2.48e-01  2.21e-01  1.59e-01  9.83e-02  4.09e-02  3.76e+04  2.51e+02 -1.00e+05
2016 02 09  2010   57427  72600   2.62e+01  2.81e-01  1.38e-01  8.81e-02  4.89e-02  2.19e-02  3.76e+04  2.60e+02 -1.00e+05
2016 02 09  2015   57427  72900   1.70e+01  1.61e-01  1.34e-01  8.86e-02  7.84e-02  4.74e-02  3.95e+04  2.82e+02 -1.00e+05
2016 02 09  2020   57427  73200   1.67e+01  1.25e-01  9.78e-02  5.29e-02  4.27e-02  2.19e-02  3.96e+04  2.93e+02 -1.00e+05
2016 02 09  2025   57427  73500   1.80e+01  2.03e-01  1.75e-01  1.30e-01  1.14e-01  4.41e-02  3.96e+04  2.99e+02 -1.00e+05
2016 02 09  2030   57427  73800   3.64e+01  2.97e-01  1.30e-01  8.04e-02  4.89e-02  2.19e-02  4.10e+04  3.10e+02 -1.00e+05
2016 02 09  2035   57427  74100   2.08e+01  1.97e-01  1.70e-01  5.98e-02  4.95e-02  2.87e-02  4.18e+04  3.46e+02 -1.00e+05
2016 02 09  2040   57427  74400   1.87e+01  2.01e-01  1.74e-01  1.29e-01  1.19e-01  4.75e-02  4.04e+04  3.11e+02 -1.00e+05
2016 02 09  2045   57427  74700   2.23e+01  2.29e-01  1.56e-01  1.03e-01  9.31e-02  3.81e-02  3.85e+04  2.62e+02 -1.00e+05
2016 02 09  2050   57427  75000   2.18e+01  3.06e-01  1.96e-01  1.35e-01  9.14e-02  6.09e-02  3.76e+04  2.51e+02 -1.00e+05
2016 02 09  2055   57427  75300   1.77e+01  1.69e-01  1.04e-01  5.29e-02  4.27e-02  2.19e-02  3.58e+04  2.40e+02 -1.00e+05
2016 02 09  2100   57427  75600   1.30e+01  1.33e-01  1.06e-01  6.08e-02  4.44e-02  2.19e-02  3.69e+04  2.39e+02 -1.00e+05
2016 02 09  2105   57427  75900   2.63e+01  3.07e-01  1.69e-01  1.19e-01  6.61e-02  2.60e-02  3.73e+04  2.42e+02 -1.00e+05
2016 02 09  2110   57427  76200   1.19e+01  2.13e-01  1.85e-01  8.54e-02  7.52e-02  5.44e-02  3.56e+04  2.22e+02 -1.00e+05
2016 02 09  2115   57427  76500   1.21e+01  1.25e-01  9.78e-02  5.29e-02  4.27e-02  2.19e-02  3.56e+04  2.06e+02 -1.00e+05
2016 02 09  2120   57427  76800   1.09e+01  1.40e-01  1.12e-01  6.72e-02  5.69e-02  3.61e-02  3.41e+04  1.96e+02 -1.00e+05
2016 02 09  2125   57427  77100   1.01e+01  1.67e-01  1.39e-01  9.28e-02  4.89e-02  2.19e-02  3.40e+04  1.79e+02 -1.00e+05
2016 02 09  2130   57427  77400   1.59e+01  3.02e-01  1.90e-01  6.08e-02  4.44e-02  2.19e-02  3.43e+04  1.97e+02 -1.00e+05
2016 02 09  2135   57427  77700   1.05e+01  1.47e-01  1.20e-01  7.46e-02  6.44e-02  4.36e-02  3.49e+04  1.90e+02 -1.00e+05
2016 02 09  2140   57427  78000   1.09e+01  4.02e-01  3.75e-01  1.12e-01  7.31e-02  4.60e-02  3.56e+04  1.81e+02 -1.00e+05
2016 02 09  2145   57427  78300   9.88e+00  2.41e-01  2.13e-01  1.00e-01  5.33e-02  2.19e-02  3.51e+04  1.77e+02 -1.00e+05
2016 02 09  2150   57427  78600   9.66e+00  1.38e-01  1.11e-01  6.58e-02  5.55e-02  2.60e-02  3.56e+04  1.94e+02 -1.00e+05
2016 02 09  2155   57427  78900   1.78e+01  2.19e-01  1.01e-01  5.29e-02  4.27e-02  2.19e-02  3.64e+04  1.98e+02 -1.00e+05
2016 02 09  2200   57427  79200   1.82e+01  2.77e-01  1.36e-01  8.70e-02  5.54e-02  2.40e-02  3.75e+04  2.06e+02 -1.00e+05
2016 02 09  2205   57427  79500   1.01e+01  2.91e-01  2.63e-01  7.58e-02  5.70e-02  3.37e-02  3.79e+04  2.07e+02 -1.00e+05
2016 02 09  2210   57427  79800   1.10e+01  1.41e-01  1.13e-01  6.85e-02  5.82e-02  3.65e-02  3.96e+04  2.34e+02 -1.00e+05
2016 02 09  2215   57427  80100   1.08e+01  1.82e-01  1.54e-01  7.46e-02  6.44e-02  4.36e-02  4.10e+04  2.51e+02 -1.00e+05
2016 02 09  2220   57427  80400   1.55e+01  2.35e-01  1.22e-01  6.22e-02  5.20e-02  3.12e-02  4.14e+04  2.42e+02 -1.00e+05
2016 02 09  2225   57427  80700   1.19e+01  2.07e-01  1.45e-01  9.44e-02  8.42e-02  6.34e-02  4.14e+04  2.37e+02 -1.00e+05
2016 02 09  2230   57427  81000   8.38e+00  2.22e-01  1.95e-01  1.50e-01  1.40e-01  8.45e-02  3.96e+04  2.19e+02 -1.00e+05
2016 02 09  2235   57427  81300   8.21e+00  1.27e-01  9.92e-02  5.42e-02  4.30e-02  2.19e-02  3.95e+04  2.11e+02 -1.00e+05
2016 02 09  2240   57427  81600   1.45e+01  2.83e-01  1.40e-01  8.98e-02  4.89e-02  2.19e-02  3.78e+04  2.05e+02 -1.00e+05
2016 02 09  2245   57427  81900   7.64e+00  1.92e-01  1.64e-01  5.29e-02  4.27e-02  2.19e-02  3.78e+04  2.05e+02 -1.00e+05
2016 02 09  2250   57427  82200   7.47e+00  1.92e-01  1.64e-01  1.18e-01  8.68e-02  3.41e-02  3.76e+04  2.01e+02 -1.00e+05
2016 02 09  2255   57427  82500   8.97e+00  1.90e-01  1.26e-01  7.39e-02  4.74e-02  2.19e-02  3.77e+04  2.16e+02 -1.00e+05
2016 02 09  2300   57427  82800   8.17e+00  2.78e-01  2.50e-01  1.24e-01  9.85e-02  7.33e-02  3.83e+04  2.14e+02 -1.00e+05
2016 02 09  2305   57427  83100   1.31e+01  3.81e-01  2.30e-01  1.00e-01  5.33e-02  2.19e-02  3.82e+04  2.26e+02 -1.00e+05
2016 02 09  2310   57427  83400   8.05e+00  1.51e-01  1.23e-01  7.83e-02  6.80e-02  4.72e-02  3.94e+04  2.40e+02 -1.00e+05
2016 02 09  2315   57427  83700   8.25e+00  2.35e-01  2.07e-01  1.62e-01  1.35e-01  5.02e-02  3.86e+04  2.34e+02 -1.00e+05
2016 02 09  2320   57427  84000   7.90e+00  3.19e-01  2.91e-01  1.00e-01  5.33e-02  2.19e-02  3.84e+04  2.34e+02 -1.00e+05
2016 02 09  2325   57427  84300   7.80e+00  1.52e-01  1.24e-01  7.96e-02  6.93e-02  4.85e-02  3.77e+04  2.30e+02 -1.00e+05
2016 02 09  2330   57427  84600   8.86e+00  1.91e-01  1.37e-01  8.67e-02  6.02e-02  2.60e-02  3.72e+04  2.12e+02 -1.00e+05
2016 02 09  2335   57427  84900   1.34e+01  2.97e-01  1.30e-01  8.20e-02  7.18e-02  5.10e-02  3.61e+04  2.07e+02 -1.00e+05
2016 02 09  2340   57427  85200   6.61e+00  1.27e-01  9.92e-02  5.42e-02  4.30e-02  2.19e-02  3.57e+04  1.99e+02 -1.00e+05
2016 02 09  2345   57427  85500   9.77e+00  2.20e-01  1.03e-01  5.42e-02  4.30e-02  2.19e-02  3.56e+04  1.99e+02 -1.00e+05
2016 02 09  2350   57427  85800   5.89e+00  2.52e-01  2.25e-01  9.21e-02  7.22e-02  3.51e-02  3.56e+04  1.82e+02 -1.00e+05
2016 02 09  2355   57427  86100   1.11e+01  4.67e-01  2.22e-01  9.13e-02  4.89e-02  2.19e-02  3.48e+04  1.83e+02 -1.00e+05
