:Data_list: 20160826_Gs_part_5m.txt
:Created: 2016 Aug 27 0011 UTC
# Prepared by the U.S. Dept. of Commerce, NOAA, Space Weather Prediction Center
# Please send comments and suggestions to SWPC.Webmaster@noaa.gov 
# 
# Label: P > 1 = Particles at >1 Mev
# Label: P > 5 = Particles at >5 Mev
# Label: P >10 = Particles at >10 Mev
# Label: P >30 = Particles at >30 Mev
# Label: P >50 = Particles at >50 Mev
# Label: P>100 = Particles at >100 Mev
# Label: E>0.8 = Electrons at >0.8 Mev
# Label: E>2.0 = Electrons at >2.0 Mev
# Label: E>4.0 = Electrons at >4.0 Mev
# Units: Particles = Protons/cm2-s-sr
# Units: Electrons = Electrons/cm2-s-sr
# Source: GOES-15
# Location: W135
# Missing data: -1.00e+05
#
#                      5-minute  GOES-15 Solar Particle and Electron Flux
#
#                 Modified Seconds
# UTC Date  Time   Julian  of the
# YR MO DA  HHMM    Day     Day     P > 1     P > 5     P >10     P >30     P >50     P>100     E>0.8     E>2.0     E>4.0
#-------------------------------------------------------------------------------------------------------------------------
2016 08 26  0000   57626      0   1.47e+01  3.07e-01  1.83e-01  1.17e-01  1.07e-01  7.75e-02  9.78e+04  3.40e+03 -1.00e+05
2016 08 26  0005   57626    300   1.40e+01  3.75e-01  2.40e-01  6.94e-02  5.93e-02  3.69e-02  9.36e+04  3.12e+03 -1.00e+05
2016 08 26  0010   57626    600   6.71e+00  3.30e-01  2.95e-01  1.25e-01  9.16e-02  3.57e-02  9.26e+04  2.84e+03 -1.00e+05
2016 08 26  0015   57626    900   6.34e+00  2.47e-01  2.13e-01  8.00e-02  6.21e-02  2.76e-02  9.04e+04  2.69e+03 -1.00e+05
2016 08 26  0020   57626   1200   5.59e+00  2.46e-01  2.11e-01  5.55e-02  4.54e-02  2.30e-02  8.89e+04  2.50e+03 -1.00e+05
2016 08 26  0025   57626   1500   6.57e+00  1.65e-01  1.31e-01  8.06e-02  6.64e-02  4.28e-02  9.00e+04  2.56e+03 -1.00e+05
2016 08 26  0030   57626   1800   6.84e+00  2.36e-01  2.02e-01  1.50e-01  1.07e-01  3.97e-02  9.32e+04  2.63e+03 -1.00e+05
2016 08 26  0035   57626   2100   9.97e+00  4.14e-01  2.76e-01  2.05e-01  1.29e-01  4.17e-02  9.08e+04  2.60e+03 -1.00e+05
2016 08 26  0040   57626   2400   9.14e+00  2.89e-01  1.72e-01  1.07e-01  9.71e-02  6.08e-02  7.96e+04  2.07e+03 -1.00e+05
2016 08 26  0045   57626   2700   1.06e+01  2.78e-01  1.20e-01  6.70e-02  5.69e-02  3.44e-02  7.23e+04  1.77e+03 -1.00e+05
2016 08 26  0050   57626   3000   9.86e+00  4.57e-01  3.53e-01  2.70e-01  1.83e-01  5.69e-02  7.43e+04  1.90e+03 -1.00e+05
2016 08 26  0055   57626   3300   1.06e+01  2.01e-01  1.15e-01  5.55e-02  4.54e-02  2.30e-02  7.58e+04  2.11e+03 -1.00e+05
2016 08 26  0100   57626   3600   9.43e+00  2.33e-01  1.99e-01  1.47e-01  8.77e-02  3.83e-02  7.44e+04  2.21e+03 -1.00e+05
2016 08 26  0105   57626   3900   9.68e+00  1.43e-01  1.09e-01  5.91e-02  4.62e-02  2.30e-02  8.04e+04  2.45e+03 -1.00e+05
2016 08 26  0110   57626   4200   8.84e+00  2.18e-01  1.84e-01  1.32e-01  8.50e-02  5.18e-02  8.14e+04  2.51e+03 -1.00e+05
2016 08 26  0115   57626   4500   9.74e+00  1.68e-01  1.33e-01  5.55e-02  4.54e-02  2.30e-02  7.68e+04  2.50e+03 -1.00e+05
2016 08 26  0120   57626   4800   1.01e+01  2.04e-01  1.70e-01  1.20e-01  1.10e-01  4.37e-02  8.06e+04  2.57e+03 -1.00e+05
2016 08 26  0125   57626   5100   1.00e+01  1.58e-01  1.24e-01  7.33e-02  5.06e-02  2.45e-02  8.08e+04  2.61e+03 -1.00e+05
2016 08 26  0130   57626   5400   8.84e+00  1.71e-01  1.36e-01  8.65e-02  7.64e-02  4.74e-02  7.85e+04  2.47e+03 -1.00e+05
2016 08 26  0135   57626   5700   8.44e+00  1.76e-01  1.42e-01  5.55e-02  4.54e-02  2.30e-02  7.74e+04  2.32e+03 -1.00e+05
2016 08 26  0140   57626   6000   7.02e+00  2.37e-01  2.03e-01  1.31e-01  1.03e-01  3.97e-02  7.51e+04  2.20e+03 -1.00e+05
2016 08 26  0145   57626   6300   5.76e+00  1.85e-01  1.53e-01  1.00e-01  7.61e-02  3.15e-02  7.38e+04  1.97e+03 -1.00e+05
2016 08 26  0150   57626   6600   4.95e+00  1.57e-01  1.25e-01  7.31e-02  5.54e-02  3.05e-02  6.78e+04  1.76e+03 -1.00e+05
2016 08 26  0155   57626   6900   5.30e+00  1.49e-01  1.17e-01  5.63e-02  4.59e-02  2.31e-02  6.89e+04  1.77e+03 -1.00e+05
2016 08 26  0200   57626   7200   5.26e+00  1.40e-01  1.08e-01  5.63e-02  4.59e-02  2.31e-02  6.68e+04  1.73e+03 -1.00e+05
2016 08 26  0205   57626   7500   5.67e+00  1.73e-01  1.41e-01  5.63e-02  4.59e-02  2.31e-02  6.56e+04  1.64e+03 -1.00e+05
2016 08 26  0210   57626   7800   4.90e+00  1.83e-01  1.51e-01  9.79e-02  5.55e-02  2.55e-02  6.41e+04  1.44e+03 -1.00e+05
2016 08 26  0215   57626   8100   8.46e+00  3.03e-01  1.30e-01  7.43e-02  5.00e-02  2.31e-02  6.41e+04  1.41e+03 -1.00e+05
2016 08 26  0220   57626   8400   3.73e+00  1.60e-01  1.28e-01  7.61e-02  6.57e-02  4.29e-02  6.48e+04  1.30e+03 -1.00e+05
2016 08 26  0225   57626   8700   3.07e+00  1.93e-01  1.61e-01  1.09e-01  9.88e-02  6.87e-02  5.70e+04  1.10e+03 -1.00e+05
2016 08 26  0230   57626   9000   3.06e+00  2.66e-01  1.19e-01  6.37e-02  5.33e-02  3.05e-02  4.03e+04  6.16e+02 -1.00e+05
2016 08 26  0235   57626   9300   1.51e+00  1.60e-01  1.28e-01  7.62e-02  6.58e-02  2.95e-02  3.47e+04  5.22e+02 -1.00e+05
2016 08 26  0240   57626   9600   3.41e+00  2.59e-01  1.12e-01  5.63e-02  4.59e-02  2.31e-02  3.77e+04  5.95e+02 -1.00e+05
2016 08 26  0245   57626   9900   2.03e+00  3.05e-01  2.73e-01  5.74e-02  4.70e-02  2.34e-02  4.00e+04  6.48e+02 -1.00e+05
2016 08 26  0250   57626  10200   2.28e+00  1.60e-01  1.28e-01  7.62e-02  6.58e-02  2.95e-02  3.71e+04  5.66e+02 -1.00e+05
2016 08 26  0255   57626  10500   4.78e+00  3.35e-01  1.17e-01  6.12e-02  4.70e-02  2.31e-02  3.90e+04  6.57e+02 -1.00e+05
2016 08 26  0300   57626  10800   3.44e+00  3.56e-01  2.08e-01  6.99e-02  5.95e-02  2.75e-02  4.07e+04  6.64e+02 -1.00e+05
2016 08 26  0305   57626  11100   3.11e+00  2.59e-01  1.12e-01  5.63e-02  4.59e-02  2.31e-02  3.69e+04  6.00e+02 -1.00e+05
2016 08 26  0310   57626  11400   4.19e+00  2.59e-01  1.12e-01  5.63e-02  4.59e-02  2.31e-02  4.08e+04  6.73e+02 -1.00e+05
2016 08 26  0315   57626  11700   4.35e+00  2.72e-01  1.61e-01  9.40e-02  5.44e-02  2.31e-02  4.27e+04  7.86e+02 -1.00e+05
2016 08 26  0320   57626  12000   3.08e+00  2.33e-01  1.22e-01  5.63e-02  4.59e-02  2.31e-02  4.33e+04  7.69e+02 -1.00e+05
2016 08 26  0325   57626  12300   2.75e+00  2.27e-01  1.95e-01  5.63e-02  4.59e-02  2.31e-02  4.07e+04  6.79e+02 -1.00e+05
2016 08 26  0330   57626  12600   2.81e+00  1.85e-01  1.53e-01  9.28e-02  5.98e-02  3.05e-02  4.40e+04  8.13e+02 -1.00e+05
2016 08 26  0335   57626  12900   2.93e+00  2.29e-01  1.97e-01  1.45e-01  1.35e-01  5.16e-02  4.52e+04  8.26e+02 -1.00e+05
2016 08 26  0340   57626  13200   2.99e+00  1.49e-01  1.17e-01  5.63e-02  4.59e-02  2.31e-02  4.21e+04  7.99e+02 -1.00e+05
2016 08 26  0345   57626  13500   4.37e+00  2.33e-01  1.22e-01  5.63e-02  4.59e-02  2.31e-02  4.38e+04  8.00e+02 -1.00e+05
2016 08 26  0350   57626  13800   2.77e+00  1.52e-01  1.20e-01  6.87e-02  5.83e-02  3.54e-02  4.26e+04  7.89e+02 -1.00e+05
2016 08 26  0355   57626  14100   3.11e+00  2.45e-01  2.13e-01  1.61e-01  1.51e-01  9.21e-02  4.22e+04  7.94e+02 -1.00e+05
2016 08 26  0400   57626  14400   3.87e+00  2.59e-01  1.12e-01  5.63e-02  4.59e-02  2.31e-02  4.22e+04  7.78e+02 -1.00e+05
2016 08 26  0405   57626  14700   2.41e+00  1.50e-01  1.18e-01  6.62e-02  5.58e-02  3.30e-02  4.01e+04  7.27e+02 -1.00e+05
2016 08 26  0410   57626  15000   2.37e+00  1.40e-01  1.08e-01  5.63e-02  4.59e-02  2.31e-02  4.38e+04  7.73e+02 -1.00e+05
2016 08 26  0415   57626  15300   2.64e+00  3.17e-01  2.85e-01  6.78e-02  4.85e-02  2.31e-02  3.99e+04  7.22e+02 -1.00e+05
2016 08 26  0420   57626  15600   2.19e+00  1.71e-01  1.39e-01  8.35e-02  7.31e-02  5.03e-02  4.12e+04  7.22e+02 -1.00e+05
2016 08 26  0425   57626  15900   2.31e+00  1.69e-01  1.37e-01  8.58e-02  7.53e-02  2.33e-02  4.12e+04  7.20e+02 -1.00e+05
2016 08 26  0430   57626  16200   3.69e+00  2.90e-01  1.31e-01  5.63e-02  4.59e-02  2.31e-02  3.86e+04  6.84e+02 -1.00e+05
2016 08 26  0435   57626  16500   2.21e+00  1.84e-01  1.52e-01  1.01e-01  9.05e-02  6.76e-02  3.89e+04  6.83e+02 -1.00e+05
2016 08 26  0440   57626  16800   2.29e+00  2.65e-01  2.33e-01  1.20e-01  1.10e-01  4.36e-02  3.76e+04  6.63e+02 -1.00e+05
2016 08 26  0445   57626  17100   2.48e+00  3.23e-01  2.91e-01  7.86e-02  6.82e-02  4.54e-02  3.86e+04  6.70e+02 -1.00e+05
2016 08 26  0450   57626  17400   2.32e+00  2.25e-01  1.93e-01  1.42e-01  1.31e-01  7.07e-02  3.93e+04  6.49e+02 -1.00e+05
2016 08 26  0455   57626  17700   2.20e+00  1.83e-01  1.51e-01  9.74e-02  5.31e-02  2.31e-02  3.62e+04  6.15e+02 -1.00e+05
2016 08 26  0500   57626  18000   2.35e+00  3.05e-01  2.73e-01  5.63e-02  4.59e-02  2.31e-02  3.69e+04  6.12e+02 -1.00e+05
2016 08 26  0505   57626  18300   2.29e+00  2.95e-01  2.63e-01  1.85e-01  1.05e-01  3.55e-02  3.71e+04  6.04e+02 -1.00e+05
2016 08 26  0510   57626  18600   1.99e+00  2.28e-01  1.96e-01  6.78e-02  4.85e-02  2.31e-02  3.54e+04  5.68e+02 -1.00e+05
2016 08 26  0515   57626  18900   2.25e+00  3.14e-01  2.82e-01  1.77e-01  1.67e-01  6.53e-02  3.42e+04  5.55e+02 -1.00e+05
2016 08 26  0520   57626  19200   1.89e+00  1.62e-01  1.30e-01  7.86e-02  6.82e-02  4.54e-02  3.64e+04  5.70e+02 -1.00e+05
2016 08 26  0525   57626  19500   2.26e+00  3.48e-01  3.16e-01  1.25e-01  1.11e-01  4.36e-02  3.53e+04  5.51e+02 -1.00e+05
2016 08 26  0530   57626  19800   2.67e+00  2.90e-01  1.31e-01  5.63e-02  4.59e-02  2.31e-02  3.45e+04  5.56e+02 -1.00e+05
2016 08 26  0535   57626  20100   2.02e+00  1.75e-01  1.13e-01  5.63e-02  4.59e-02  2.31e-02  3.49e+04  5.39e+02 -1.00e+05
2016 08 26  0540   57626  20400   1.63e+00  1.67e-01  1.35e-01  8.35e-02  7.31e-02  5.03e-02  3.26e+04  5.07e+02 -1.00e+05
2016 08 26  0545   57626  20700   1.67e+00  2.16e-01  1.84e-01  1.33e-01  1.22e-01  4.76e-02  3.26e+04  5.06e+02 -1.00e+05
2016 08 26  0550   57626  21000   1.66e+00  1.65e-01  1.33e-01  8.11e-02  7.06e-02  4.78e-02  3.30e+04  5.02e+02 -1.00e+05
2016 08 26  0555   57626  21300   1.79e+00  1.53e-01  1.21e-01  6.99e-02  5.95e-02  2.75e-02  3.16e+04  4.86e+02 -1.00e+05
2016 08 26  0600   57626  21600   3.08e+00  4.58e-01  2.36e-01  8.11e-02  7.06e-02  4.78e-02  3.09e+04  4.54e+02 -1.00e+05
2016 08 26  0605   57626  21900   1.88e+00  3.01e-01  2.69e-01  6.37e-02  5.32e-02  2.54e-02  2.97e+04  4.45e+02 -1.00e+05
2016 08 26  0610   57626  22200   1.65e+00  1.79e-01  1.47e-01  9.50e-02  8.46e-02  3.55e-02  2.97e+04  4.42e+02 -1.00e+05
2016 08 26  0615   57626  22500   1.39e+00  1.69e-01  1.37e-01  8.11e-02  7.06e-02  4.78e-02  2.86e+04  4.25e+02 -1.00e+05
2016 08 26  0620   57626  22800   2.86e+00  3.43e-01  1.84e-01  6.62e-02  5.58e-02  3.30e-02  2.79e+04  4.07e+02 -1.00e+05
2016 08 26  0625   57626  23100   1.81e+00  1.97e-01  1.65e-01  1.14e-01  1.03e-01  4.16e-02  2.89e+04  4.13e+02 -1.00e+05
2016 08 26  0630   57626  23400   1.56e+00  2.75e-01  2.43e-01  1.49e-01  1.39e-01  6.63e-02  2.69e+04  3.86e+02 -1.00e+05
2016 08 26  0635   57626  23700   1.58e+00  1.57e-01  1.25e-01  7.37e-02  6.32e-02  4.04e-02  2.74e+04  4.12e+02 -1.00e+05
2016 08 26  0640   57626  24000   1.58e+00  1.40e-01  1.08e-01  5.63e-02  4.59e-02  2.31e-02  2.65e+04  3.88e+02 -1.00e+05
2016 08 26  0645   57626  24300   1.53e+00  1.52e-01  1.20e-01  6.78e-02  4.85e-02  2.31e-02  2.43e+04  3.71e+02 -1.00e+05
2016 08 26  0650   57626  24600   2.17e+00  2.90e-01  1.31e-01  5.63e-02  4.59e-02  2.31e-02  2.88e+04  4.12e+02 -1.00e+05
2016 08 26  0655   57626  24900   2.65e+00  2.88e-01  1.41e-01  8.60e-02  7.56e-02  5.28e-02  2.61e+04  3.67e+02 -1.00e+05
2016 08 26  0700   57626  25200   1.95e+00  2.17e-01  1.55e-01  8.74e-02  5.29e-02  2.31e-02  2.30e+04  3.71e+02 -1.00e+05
2016 08 26  0705   57626  25500   1.64e+00  1.79e-01  1.47e-01  9.40e-02  5.44e-02  2.31e-02  2.65e+04  3.80e+02 -1.00e+05
2016 08 26  0710   57626  25800   1.36e+00  1.53e-01  1.21e-01  6.99e-02  5.95e-02  2.75e-02  2.51e+04  3.67e+02 -1.00e+05
2016 08 26  0715   57626  26100   2.07e+00  2.74e-01  1.63e-01  9.57e-02  5.31e-02  2.31e-02  2.52e+04  3.75e+02 -1.00e+05
2016 08 26  0720   57626  26400   2.35e+00  3.03e-01  1.64e-01  1.08e-01  9.79e-02  6.50e-02  2.25e+04  3.43e+02 -1.00e+05
2016 08 26  0725   57626  26700   1.79e+00  1.75e-01  1.13e-01  5.63e-02  4.59e-02  2.31e-02  2.30e+04  3.50e+02 -1.00e+05
2016 08 26  0730   57626  27000   1.48e+00  1.73e-01  1.41e-01  8.60e-02  7.56e-02  5.28e-02  2.31e+04  3.43e+02 -1.00e+05
2016 08 26  0735   57626  27300   2.54e+00  3.59e-01  2.19e-01  1.46e-01  8.74e-02  3.33e-02  2.22e+04  3.36e+02 -1.00e+05
2016 08 26  0740   57626  27600   1.50e+00  1.67e-01  1.35e-01  8.34e-02  7.29e-02  5.01e-02  2.20e+04  3.26e+02 -1.00e+05
2016 08 26  0745   57626  27900   2.89e+00  5.03e-01  2.53e-01  1.03e-01  9.29e-02  7.01e-02  2.33e+04  3.38e+02 -1.00e+05
2016 08 26  0750   57626  28200   1.49e+00  1.60e-01  1.28e-01  7.67e-02  6.01e-02  3.54e-02  2.26e+04  3.49e+02 -1.00e+05
2016 08 26  0755   57626  28500   1.73e+00  2.36e-01  1.61e-01  1.01e-01  9.09e-02  3.75e-02  2.22e+04  3.42e+02 -1.00e+05
2016 08 26  0800   57626  28800   1.32e+00  1.77e-01  1.45e-01  9.10e-02  8.06e-02  5.77e-02  2.41e+04  3.57e+02 -1.00e+05
2016 08 26  0805   57626  29100   2.87e+00  3.36e-01  1.40e-01  8.44e-02  5.61e-02  2.80e-02  2.24e+04  3.50e+02 -1.00e+05
2016 08 26  0810   57626  29400   1.46e+00  2.74e-01  2.42e-01  8.98e-02  6.30e-02  3.54e-02  2.30e+04  3.67e+02 -1.00e+05
2016 08 26  0815   57626  29700   1.47e+00  1.56e-01  1.24e-01  7.27e-02  6.23e-02  3.84e-02  2.32e+04  3.43e+02 -1.00e+05
2016 08 26  0820   57626  30000   1.48e+00  3.41e-01  2.79e-01  5.63e-02  4.59e-02  2.31e-02  2.14e+04  3.32e+02 -1.00e+05
2016 08 26  0825   57626  30300   1.31e+00  3.11e-01  2.79e-01  1.20e-01  1.10e-01  6.54e-02  2.24e+04  3.31e+02 -1.00e+05
2016 08 26  0830   57626  30600   1.15e+00  1.49e-01  1.17e-01  5.63e-02  4.59e-02  2.31e-02  2.30e+04  3.71e+02 -1.00e+05
2016 08 26  0835   57626  30900   1.51e+00  2.29e-01  1.97e-01  9.34e-02  8.30e-02  6.02e-02  2.25e+04  3.40e+02 -1.00e+05
2016 08 26  0840   57626  31200   1.53e+00  1.92e-01  1.60e-01  1.08e-01  9.79e-02  7.51e-02  2.26e+04  3.45e+02 -1.00e+05
2016 08 26  0845   57626  31500   1.35e+00  1.94e-01  1.62e-01  1.11e-01  1.00e-01  7.76e-02  2.34e+04  3.39e+02 -1.00e+05
2016 08 26  0850   57626  31800   1.19e+00  2.40e-01  2.08e-01  1.57e-01  1.37e-01  5.16e-02  2.33e+04  3.52e+02 -1.00e+05
2016 08 26  0855   57626  32100   1.15e+00  2.00e-01  1.68e-01  1.17e-01  1.07e-01  7.62e-02  2.13e+04  3.39e+02 -1.00e+05
2016 08 26  0900   57626  32400   1.25e+00  3.17e-01  2.85e-01  1.45e-01  1.06e-01  4.32e-02  2.19e+04  3.34e+02 -1.00e+05
2016 08 26  0905   57626  32700   1.93e+00  4.77e-01  3.19e-01  8.60e-02  7.56e-02  5.28e-02  2.20e+04  3.39e+02 -1.00e+05
2016 08 26  0910   57626  33000   1.32e+00  1.74e-01  1.43e-01  9.10e-02  8.06e-02  5.77e-02  2.40e+04  3.62e+02 -1.00e+05
2016 08 26  0915   57626  33300   1.20e+00  2.60e-01  2.28e-01  9.84e-02  8.80e-02  6.52e-02  2.35e+04  3.78e+02 -1.00e+05
2016 08 26  0920   57626  33600   1.18e+00  1.79e-01  1.47e-01  9.40e-02  5.44e-02  2.31e-02  2.27e+04  3.55e+02 -1.00e+05
2016 08 26  0925   57626  33900   1.31e+00  1.85e-01  1.53e-01  1.01e-01  7.69e-02  5.03e-02  2.42e+04  3.76e+02 -1.00e+05
2016 08 26  0930   57626  34200   1.38e+00  1.61e-01  1.29e-01  6.78e-02  4.85e-02  2.31e-02  2.39e+04  3.76e+02 -1.00e+05
2016 08 26  0935   57626  34500   2.49e+00  2.84e-01  1.37e-01  8.09e-02  5.14e-02  2.31e-02  2.26e+04  3.60e+02 -1.00e+05
2016 08 26  0940   57626  34800   1.48e+00  2.36e-01  2.04e-01  6.66e-02  5.39e-02  3.05e-02  2.38e+04  3.59e+02 -1.00e+05
2016 08 26  0945   57626  35100   2.57e+00  2.84e-01  1.12e-01  5.63e-02  4.59e-02  2.31e-02  2.20e+04  3.62e+02 -1.00e+05
2016 08 26  0950   57626  35400   2.66e+00  4.65e-01  1.93e-01  5.63e-02  4.59e-02  2.31e-02  2.44e+04  3.72e+02 -1.00e+05
2016 08 26  0955   57626  35700   2.37e+00  5.08e-01  2.77e-01  8.09e-02  5.14e-02  2.31e-02  2.33e+04  3.67e+02 -1.00e+05
2016 08 26  1000   57626  36000   2.18e+00  2.59e-01  1.12e-01  5.63e-02  4.59e-02  2.31e-02  2.27e+04  3.69e+02 -1.00e+05
2016 08 26  1005   57626  36300   2.53e+00  3.22e-01  1.51e-01  9.59e-02  8.55e-02  6.27e-02  2.26e+04  3.51e+02 -1.00e+05
2016 08 26  1010   57626  36600   1.08e+00  1.73e-01  1.41e-01  5.63e-02  4.59e-02  2.31e-02  2.26e+04  3.52e+02 -1.00e+05
2016 08 26  1015   57626  36900   1.39e+00  1.72e-01  1.40e-01  8.74e-02  5.29e-02  2.31e-02  2.30e+04  3.68e+02 -1.00e+05
2016 08 26  1020   57626  37200   2.20e+00  2.59e-01  1.12e-01  5.63e-02  4.59e-02  2.31e-02  2.26e+04  3.74e+02 -1.00e+05
2016 08 26  1025   57626  37500   2.15e+00  2.90e-01  1.31e-01  5.63e-02  4.59e-02  2.31e-02  2.44e+04  3.82e+02 -1.00e+05
2016 08 26  1030   57626  37800   1.08e+00  1.58e-01  1.26e-01  7.43e-02  5.00e-02  2.31e-02  2.25e+04  3.52e+02 -1.00e+05
2016 08 26  1035   57626  38100   2.81e+00  3.30e-01  1.12e-01  5.63e-02  4.59e-02  2.31e-02  2.17e+04  3.74e+02 -1.00e+05
2016 08 26  1040   57626  38400   1.14e+00  1.94e-01  1.62e-01  1.10e-01  9.99e-02  5.05e-02  2.38e+04  3.75e+02 -1.00e+05
2016 08 26  1045   57626  38700   1.34e+00  1.48e-01  1.16e-01  6.48e-02  5.16e-02  2.80e-02  2.22e+04  3.61e+02 -1.00e+05
2016 08 26  1050   57626  39000   1.56e+00  1.79e-01  1.47e-01  9.34e-02  8.30e-02  6.02e-02  2.25e+04  3.72e+02 -1.00e+05
2016 08 26  1055   57626  39300   1.45e+00  2.36e-01  1.66e-01  1.08e-01  9.71e-02  3.95e-02  2.32e+04  3.63e+02 -1.00e+05
2016 08 26  1100   57626  39600   1.12e+00  1.65e-01  1.33e-01  8.11e-02  7.06e-02  4.78e-02  2.34e+04  3.89e+02 -1.00e+05
2016 08 26  1105   57626  39900   2.32e+00  2.59e-01  1.12e-01  5.63e-02  4.59e-02  2.31e-02  2.28e+04  3.91e+02 -1.00e+05
2016 08 26  1110   57626  40200   2.01e+00  2.34e-01  1.34e-01  6.99e-02  5.95e-02  2.75e-02  2.36e+04  4.16e+02 -1.00e+05
2016 08 26  1115   57626  40500   1.72e+00  4.80e-01  4.48e-01  2.92e-01  1.85e-01  7.03e-02  2.51e+04  4.28e+02 -1.00e+05
2016 08 26  1120   57626  40800   1.57e+00  1.73e-01  1.41e-01  5.63e-02  4.59e-02  2.31e-02  2.51e+04  4.61e+02 -1.00e+05
2016 08 26  1125   57626  41100   1.48e+00  1.85e-01  1.53e-01  1.01e-01  7.69e-02  5.03e-02  2.59e+04  4.48e+02 -1.00e+05
2016 08 26  1130   57626  41400   1.63e+00  1.67e-01  1.35e-01  8.39e-02  7.35e-02  5.06e-02  2.60e+04  4.75e+02 -1.00e+05
2016 08 26  1135   57626  41700   3.23e+00  3.09e-01  1.37e-01  8.09e-02  5.14e-02  2.31e-02  2.65e+04  4.85e+02 -1.00e+05
2016 08 26  1140   57626  42000   2.41e+00  2.87e-01  1.78e-01  1.12e-01  8.54e-02  5.77e-02  2.81e+04  4.84e+02 -1.00e+05
2016 08 26  1145   57626  42300   1.49e+00  1.79e-01  1.47e-01  9.40e-02  5.44e-02  2.31e-02  2.65e+04  5.11e+02 -1.00e+05
2016 08 26  1150   57626  42600   2.30e+00  2.72e-01  1.64e-01  9.84e-02  8.80e-02  6.52e-02  2.79e+04  5.21e+02 -1.00e+05
2016 08 26  1155   57626  42900   1.57e+00  2.27e-01  1.95e-01  5.63e-02  4.59e-02  2.31e-02  2.82e+04  5.08e+02 -1.00e+05
2016 08 26  1200   57626  43200   2.44e+00  3.17e-01  1.58e-01  7.67e-02  6.01e-02  3.54e-02  2.83e+04  5.45e+02 -1.00e+05
2016 08 26  1205   57626  43500   1.76e+00  3.43e-01  3.11e-01  1.20e-01  1.10e-01  4.36e-02  2.92e+04  5.44e+02 -1.00e+05
2016 08 26  1210   57626  43800   1.78e+00  3.35e-01  3.03e-01  9.34e-02  8.30e-02  6.02e-02  2.99e+04  5.62e+02 -1.00e+05
2016 08 26  1215   57626  44100   2.85e+00  3.56e-01  1.61e-01  1.06e-01  9.54e-02  7.26e-02  2.89e+04  5.46e+02 -1.00e+05
2016 08 26  1220   57626  44400   1.77e+00  2.10e-01  1.78e-01  1.26e-01  1.01e-01  3.95e-02  3.04e+04  5.66e+02 -1.00e+05
2016 08 26  1225   57626  44700   2.73e+00  2.90e-01  1.31e-01  5.63e-02  4.59e-02  2.31e-02  3.00e+04  5.67e+02 -1.00e+05
2016 08 26  1230   57626  45000   1.65e+00  2.49e-01  2.13e-01  1.59e-01  9.57e-02  3.35e-02  3.07e+04  5.76e+02 -1.00e+05
2016 08 26  1235   57626  45300   1.58e+00  2.31e-01  1.99e-01  1.47e-01  1.37e-01  5.89e-02  3.06e+04  5.81e+02 -1.00e+05
2016 08 26  1240   57626  45600   1.66e+00  2.45e-01  2.13e-01  8.62e-02  7.58e-02  4.61e-02  3.16e+04  6.14e+02 -1.00e+05
2016 08 26  1245   57626  45900   3.00e+00  2.99e-01  1.28e-01  7.27e-02  6.23e-02  3.84e-02  3.24e+04  6.17e+02 -1.00e+05
2016 08 26  1250   57626  46200   3.87e+00  8.32e-01  4.89e-01  1.48e-01  9.52e-02  6.52e-02  3.17e+04  6.45e+02 -1.00e+05
2016 08 26  1255   57626  46500   1.81e+00  1.49e-01  1.17e-01  5.63e-02  4.59e-02  2.31e-02  3.49e+04  6.78e+02 -1.00e+05
2016 08 26  1300   57626  46800   1.78e+00  1.79e-01  1.47e-01  9.34e-02  8.30e-02  6.02e-02  3.30e+04  6.68e+02 -1.00e+05
2016 08 26  1305   57626  47100   2.22e+00  2.36e-01  1.66e-01  1.08e-01  9.71e-02  3.95e-02  3.42e+04  7.12e+02 -1.00e+05
2016 08 26  1310   57626  47400   3.80e+00  3.33e-01  1.37e-01  8.09e-02  5.14e-02  2.31e-02  3.49e+04  7.05e+02 -1.00e+05
2016 08 26  1315   57626  47700   1.77e+00  1.60e-01  1.28e-01  7.61e-02  6.57e-02  4.29e-02  3.48e+04  7.21e+02 -1.00e+05
2016 08 26  1320   57626  48000   2.53e+00  2.19e-01  1.59e-01  1.02e-01  7.93e-02  5.28e-02  3.51e+04  7.18e+02 -1.00e+05
2016 08 26  1325   57626  48300   3.52e+00  3.60e-01  2.02e-01  1.27e-01  8.28e-02  5.03e-02  3.58e+04  7.52e+02 -1.00e+05
2016 08 26  1330   57626  48600   2.45e+00  2.95e-01  2.33e-01  8.74e-02  5.29e-02  2.31e-02  3.59e+04  7.50e+02 -1.00e+05
2016 08 26  1335   57626  48900   3.64e+00  5.93e-01  3.89e-01  2.20e-01  1.36e-01  6.37e-02  3.65e+04  7.57e+02 -1.00e+05
2016 08 26  1340   57626  49200   4.26e+00  5.27e-01  2.20e-01  8.35e-02  7.31e-02  5.03e-02  3.62e+04  7.85e+02 -1.00e+05
2016 08 26  1345   57626  49500   2.74e+00  1.85e-01  1.23e-01  5.63e-02  4.59e-02  2.31e-02  3.79e+04  8.28e+02 -1.00e+05
2016 08 26  1350   57626  49800   2.26e+00  1.75e-01  1.43e-01  9.12e-02  8.08e-02  2.33e-02  3.79e+04  8.57e+02 -1.00e+05
2016 08 26  1355   57626  50100   2.28e+00  1.49e-01  1.17e-01  5.63e-02  4.59e-02  2.31e-02  3.85e+04  8.63e+02 -1.00e+05
2016 08 26  1400   57626  50400   2.61e+00  1.90e-01  1.29e-01  7.13e-02  5.31e-02  2.80e-02  4.02e+04  8.85e+02 -1.00e+05
2016 08 26  1405   57626  50700   2.40e+00  1.55e-01  1.23e-01  6.37e-02  5.33e-02  3.05e-02  3.99e+04  8.97e+02 -1.00e+05
2016 08 26  1410   57626  51000   3.65e+00  2.87e-01  1.36e-01  7.36e-02  6.32e-02  4.04e-02  3.97e+04  9.14e+02 -1.00e+05
2016 08 26  1415   57626  51300   4.03e+00  3.18e-01  1.62e-01  8.82e-02  7.78e-02  5.50e-02  4.31e+04  9.90e+02 -1.00e+05
2016 08 26  1420   57626  51600   4.54e+00  3.56e-01  1.61e-01  1.06e-01  9.54e-02  7.26e-02  4.02e+04  9.23e+02 -1.00e+05
2016 08 26  1425   57626  51900   2.70e+00  2.85e-01  2.25e-01  1.25e-01  1.11e-01  4.36e-02  4.15e+04  9.67e+02 -1.00e+05
2016 08 26  1430   57626  52200   4.10e+00  3.09e-01  1.50e-01  6.83e-02  5.63e-02  3.30e-02  4.14e+04  9.84e+02 -1.00e+05
2016 08 26  1435   57626  52500   2.44e+00  2.47e-01  2.16e-01  1.64e-01  1.54e-01  5.77e-02  4.34e+04  9.82e+02 -1.00e+05
2016 08 26  1440   57626  52800   2.34e+00  1.60e-01  1.28e-01  7.61e-02  6.57e-02  4.29e-02  4.38e+04  1.02e+03 -1.00e+05
2016 08 26  1445   57626  53100   2.93e+00  2.17e-01  1.85e-01  1.33e-01  1.23e-01  7.30e-02  4.47e+04  1.07e+03 -1.00e+05
2016 08 26  1450   57626  53400   4.76e+00  2.71e-01  1.24e-01  6.87e-02  5.83e-02  3.54e-02  4.52e+04  1.07e+03 -1.00e+05
2016 08 26  1455   57626  53700   2.54e+00  1.40e-01  1.08e-01  5.63e-02  4.59e-02  2.31e-02  4.59e+04  1.11e+03 -1.00e+05
2016 08 26  1500   57626  54000   4.08e+00  2.91e-01  1.37e-01  6.37e-02  5.32e-02  2.54e-02  4.80e+04  1.12e+03 -1.00e+05
2016 08 26  1505   57626  54300   2.66e+00  2.68e-01  2.36e-01  1.08e-01  9.79e-02  7.51e-02  4.53e+04  1.12e+03 -1.00e+05
2016 08 26  1510   57626  54600   5.30e+00  3.94e-01  1.33e-01  7.83e-02  6.79e-02  4.51e-02  5.05e+04  1.20e+03 -1.00e+05
2016 08 26  1515   57626  54900   2.54e+00  1.77e-01  1.45e-01  9.10e-02  8.06e-02  5.77e-02  5.03e+04  1.18e+03 -1.00e+05
2016 08 26  1520   57626  55200   4.38e+00  2.91e-01  1.37e-01  7.13e-02  5.31e-02  2.80e-02  4.95e+04  1.28e+03 -1.00e+05
2016 08 26  1525   57626  55500   2.76e+00  1.97e-01  1.65e-01  1.14e-01  1.03e-01  4.16e-02  5.10e+04  1.29e+03 -1.00e+05
2016 08 26  1530   57626  55800   2.58e+00  1.97e-01  1.65e-01  1.13e-01  8.86e-02  3.55e-02  5.32e+04  1.38e+03 -1.00e+05
2016 08 26  1535   57626  56100   2.64e+00  1.91e-01  1.59e-01  1.08e-01  9.71e-02  3.95e-02  5.53e+04  1.42e+03 -1.00e+05
2016 08 26  1540   57626  56400   2.74e+00  3.03e-01  2.71e-01  9.83e-02  8.79e-02  4.83e-02  5.81e+04  1.48e+03 -1.00e+05
2016 08 26  1545   57626  56700   2.56e+00  1.49e-01  1.17e-01  5.63e-02  4.59e-02  2.31e-02  5.57e+04  1.45e+03 -1.00e+05
2016 08 26  1550   57626  57000   2.60e+00  1.81e-01  1.49e-01  9.57e-02  5.31e-02  2.31e-02  6.00e+04  1.54e+03 -1.00e+05
2016 08 26  1555   57626  57300   2.62e+00  1.77e-01  1.45e-01  9.34e-02  8.30e-02  6.02e-02  5.76e+04  1.52e+03 -1.00e+05
2016 08 26  1600   57626  57600   4.54e+00  4.10e-01  2.99e-01  6.78e-02  4.85e-02  2.31e-02  6.04e+04  1.61e+03 -1.00e+05
2016 08 26  1605   57626  57900   3.13e+00  1.40e-01  1.08e-01  5.63e-02  4.59e-02  2.31e-02  6.08e+04  1.70e+03 -1.00e+05
2016 08 26  1610   57626  58200   3.28e+00  1.57e-01  1.25e-01  7.31e-02  5.54e-02  3.05e-02  6.47e+04  1.79e+03 -1.00e+05
2016 08 26  1615   57626  58500   3.80e+00  1.84e-01  1.52e-01  9.90e-02  5.31e-02  2.31e-02  6.71e+04  1.99e+03 -1.00e+05
2016 08 26  1620   57626  58800   6.74e+00  2.90e-01  1.31e-01  5.63e-02  4.59e-02  2.31e-02  7.07e+04  2.08e+03 -1.00e+05
2016 08 26  1625   57626  59100   8.68e+00  3.24e-01  1.29e-01  7.36e-02  6.32e-02  4.04e-02  6.80e+04  2.17e+03 -1.00e+05
2016 08 26  1630   57626  59400   4.77e+00  1.77e-01  1.45e-01  9.34e-02  8.30e-02  6.02e-02  7.06e+04  2.21e+03 -1.00e+05
2016 08 26  1635   57626  59700   4.66e+00  1.73e-01  1.41e-01  8.95e-02  7.91e-02  5.38e-02  6.74e+04  2.13e+03 -1.00e+05
2016 08 26  1640   57626  60000   5.90e+00  1.80e-01  1.18e-01  6.12e-02  4.70e-02  2.31e-02  7.02e+04  2.22e+03 -1.00e+05
2016 08 26  1645   57626  60300   6.38e+00  2.20e-01  1.59e-01  6.87e-02  5.83e-02  3.54e-02  7.13e+04  2.31e+03 -1.00e+05
2016 08 26  1650   57626  60600   4.90e+00  1.91e-01  1.59e-01  1.07e-01  7.84e-02  5.03e-02  7.11e+04  2.26e+03 -1.00e+05
2016 08 26  1655   57626  60900   4.76e+00  2.29e-01  1.97e-01  1.45e-01  1.10e-01  4.16e-02  7.01e+04  2.21e+03 -1.00e+05
2016 08 26  1700   57626  61200   4.57e+00  2.06e-01  1.74e-01  1.20e-01  6.30e-02  2.54e-02  6.65e+04  2.16e+03 -1.00e+05
2016 08 26  1705   57626  61500   4.37e+00  1.40e-01  1.08e-01  5.63e-02  4.59e-02  2.31e-02  6.91e+04  2.16e+03 -1.00e+05
2016 08 26  1710   57626  61800   4.27e+00  1.79e-01  1.47e-01  9.52e-02  7.00e-02  4.29e-02  6.83e+04  2.16e+03 -1.00e+05
2016 08 26  1715   57626  62100   4.98e+00  1.72e-01  1.40e-01  8.87e-02  7.83e-02  3.35e-02  7.01e+04  2.22e+03 -1.00e+05
2016 08 26  1720   57626  62400   4.72e+00  3.40e-01  3.08e-01  1.97e-01  1.64e-01  9.41e-02  6.98e+04  2.32e+03 -1.00e+05
2016 08 26  1725   57626  62700   5.99e+00  1.75e-01  1.13e-01  5.63e-02  4.59e-02  2.31e-02  7.39e+04  2.45e+03 -1.00e+05
2016 08 26  1730   57626  63000   5.24e+00  1.51e-01  1.19e-01  5.88e-02  4.84e-02  2.55e-02  7.35e+04  2.56e+03 -1.00e+05
2016 08 26  1735   57626  63300   1.13e+01  3.71e-01  1.30e-01  7.43e-02  5.00e-02  2.31e-02  7.77e+04  2.59e+03 -1.00e+05
2016 08 26  1740   57626  63600   6.29e+00  2.24e-01  1.62e-01  9.40e-02  5.44e-02  2.31e-02  7.27e+04  2.54e+03 -1.00e+05
2016 08 26  1745   57626  63900   1.08e+01  4.24e-01  1.63e-01  1.08e-01  9.79e-02  7.51e-02  7.52e+04  2.64e+03 -1.00e+05
2016 08 26  1750   57626  64200   5.67e+00  1.94e-01  1.62e-01  1.11e-01  1.00e-01  5.24e-02  7.81e+04  2.70e+03 -1.00e+05
2016 08 26  1755   57626  64500   5.40e+00  3.35e-01  3.03e-01  9.34e-02  8.30e-02  6.02e-02  7.47e+04  2.76e+03 -1.00e+05
2016 08 26  1800   57626  64800   5.60e+00  1.57e-01  1.25e-01  6.62e-02  5.58e-02  3.30e-02  7.93e+04  2.89e+03 -1.00e+05
2016 08 26  1805   57626  65100   7.43e+00  2.19e-01  1.60e-01  1.03e-01  9.29e-02  7.01e-02  7.63e+04  2.90e+03 -1.00e+05
2016 08 26  1810   57626  65400   9.21e+00  2.65e-01  1.55e-01  8.85e-02  5.40e-02  2.34e-02  7.97e+04  3.01e+03 -1.00e+05
2016 08 26  1815   57626  65700   9.75e+00  2.67e-01  1.59e-01  9.34e-02  8.30e-02  6.02e-02  7.99e+04  3.08e+03 -1.00e+05
2016 08 26  1820   57626  66000   6.79e+00  2.12e-01  1.80e-01  1.27e-01  7.72e-02  2.95e-02  7.85e+04  3.04e+03 -1.00e+05
2016 08 26  1825   57626  66300   1.02e+01  3.22e-01  1.90e-01  1.20e-01  1.10e-01  6.54e-02  7.88e+04  3.03e+03 -1.00e+05
2016 08 26  1830   57626  66600   7.17e+00  2.51e-01  2.19e-01  1.02e-01  9.16e-02  6.30e-02  7.80e+04  3.01e+03 -1.00e+05
2016 08 26  1835   57626  66900   8.68e+00  2.36e-01  1.66e-01  1.08e-01  9.71e-02  3.95e-02  7.94e+04  3.04e+03 -1.00e+05
2016 08 26  1840   57626  67200   6.69e+00  2.37e-01  2.06e-01  8.20e-02  6.70e-02  4.29e-02  7.59e+04  2.93e+03 -1.00e+05
2016 08 26  1845   57626  67500   6.51e+00  2.22e-01  1.90e-01  1.39e-01  1.28e-01  4.96e-02  7.63e+04  2.98e+03 -1.00e+05
2016 08 26  1850   57626  67800   6.90e+00  1.53e-01  1.21e-01  6.99e-02  5.95e-02  2.75e-02  7.92e+04  3.05e+03 -1.00e+05
2016 08 26  1855   57626  68100   9.88e+00  2.57e-01  1.48e-01  8.20e-02  6.70e-02  4.29e-02  7.96e+04  3.14e+03 -1.00e+05
2016 08 26  1900   57626  68400   6.81e+00  1.76e-01  1.44e-01  9.22e-02  7.32e-02  4.78e-02  7.87e+04  3.12e+03 -1.00e+05
2016 08 26  1905   57626  68700   7.15e+00  3.05e-01  2.73e-01  5.63e-02  4.59e-02  2.31e-02  8.15e+04  3.28e+03 -1.00e+05
2016 08 26  1910   57626  69000   8.87e+00  1.85e-01  1.23e-01  5.63e-02  4.59e-02  2.31e-02  8.02e+04  3.30e+03 -1.00e+05
2016 08 26  1915   57626  69300   7.48e+00  2.41e-01  2.09e-01  8.17e-02  5.73e-02  2.54e-02  8.11e+04  3.30e+03 -1.00e+05
2016 08 26  1920   57626  69600   7.71e+00  2.28e-01  1.96e-01  1.45e-01  1.34e-01  7.16e-02  8.04e+04  3.38e+03 -1.00e+05
2016 08 26  1925   57626  69900   8.41e+00  2.09e-01  1.77e-01  1.24e-01  9.38e-02  6.52e-02  8.03e+04  3.39e+03 -1.00e+05
2016 08 26  1930   57626  70200   9.70e+00  3.39e-01  2.78e-01  5.74e-02  4.70e-02  2.34e-02  7.94e+04  3.32e+03 -1.00e+05
2016 08 26  1935   57626  70500   7.83e+00  1.66e-01  1.34e-01  8.25e-02  7.21e-02  3.15e-02  7.83e+04  3.17e+03 -1.00e+05
2016 08 26  1940   57626  70800   1.07e+01  2.91e-01  1.48e-01  7.62e-02  6.58e-02  2.95e-02  7.84e+04  3.16e+03 -1.00e+05
2016 08 26  1945   57626  71100   1.38e+01  2.98e-01  1.27e-01  7.12e-02  6.07e-02  3.79e-02  7.66e+04  3.11e+03 -1.00e+05
2016 08 26  1950   57626  71400   7.62e+00  1.53e-01  1.21e-01  6.99e-02  5.95e-02  2.75e-02  7.47e+04  3.03e+03 -1.00e+05
2016 08 26  1955   57626  71700   9.34e+00  2.21e-01  1.62e-01  1.06e-01  9.54e-02  7.26e-02  7.53e+04  3.08e+03 -1.00e+05
2016 08 26  2000   57626  72000   1.52e+01  3.30e-01  1.12e-01  5.63e-02  4.59e-02  2.31e-02  7.57e+04  3.08e+03 -1.00e+05
2016 08 26  2005   57626  72300   7.86e+00  2.12e-01  1.80e-01  1.27e-01  7.72e-02  2.95e-02  7.53e+04  3.15e+03 -1.00e+05
2016 08 26  2010   57626  72600   1.41e+01  3.39e-01  1.44e-01  8.85e-02  7.81e-02  5.53e-02  7.52e+04  3.01e+03 -1.00e+05
2016 08 26  2015   57626  72900   6.20e+00  1.61e-01  1.29e-01  7.75e-02  6.71e-02  4.43e-02  7.25e+04  2.85e+03 -1.00e+05
2016 08 26  2020   57626  73200   6.36e+00  1.79e-01  1.47e-01  9.59e-02  8.55e-02  6.27e-02  7.23e+04  2.73e+03 -1.00e+05
2016 08 26  2025   57626  73500   9.65e+00  2.33e-01  1.22e-01  5.63e-02  4.59e-02  2.31e-02  6.90e+04  2.67e+03 -1.00e+05
2016 08 26  2030   57626  73800   7.41e+00  3.03e-01  2.71e-01  1.80e-01  1.51e-01  7.19e-02  7.17e+04  2.76e+03 -1.00e+05
2016 08 26  2035   57626  74100   7.25e+00  2.51e-01  2.19e-01  8.56e-02  7.17e-02  4.78e-02  6.68e+04  2.62e+03 -1.00e+05
2016 08 26  2040   57626  74400   7.04e+00  1.62e-01  1.30e-01  7.86e-02  6.82e-02  4.54e-02  7.20e+04  2.83e+03 -1.00e+05
2016 08 26  2045   57626  74700   1.25e+01  2.59e-01  1.12e-01  5.63e-02  4.59e-02  2.31e-02  6.86e+04  2.61e+03 -1.00e+05
2016 08 26  2050   57626  75000   8.44e+00  2.27e-01  1.86e-01  8.74e-02  7.32e-02  3.15e-02  7.18e+04  2.99e+03 -1.00e+05
2016 08 26  2055   57626  75300   7.94e+00  1.40e-01  1.08e-01  5.63e-02  4.59e-02  2.31e-02  7.14e+04  2.82e+03 -1.00e+05
2016 08 26  2100   57626  75600   8.23e+00  2.36e-01  2.04e-01  1.51e-01  1.17e-01  4.36e-02  7.13e+04  2.91e+03 -1.00e+05
2016 08 26  2105   57626  75900   1.24e+01  3.81e-01  2.22e-01  6.13e-02  5.08e-02  2.80e-02  7.10e+04  2.83e+03 -1.00e+05
2016 08 26  2110   57626  76200   7.54e+00  1.81e-01  1.49e-01  9.75e-02  8.01e-02  5.53e-02  7.24e+04  2.92e+03 -1.00e+05
2016 08 26  2115   57626  76500   7.48e+00  2.66e-01  2.34e-01  1.41e-01  1.30e-01  5.69e-02  7.19e+04  2.91e+03 -1.00e+05
2016 08 26  2120   57626  76800   1.24e+01  4.10e-01  2.17e-01  5.63e-02  4.59e-02  2.31e-02  7.20e+04  2.84e+03 -1.00e+05
2016 08 26  2125   57626  77100   6.90e+00  3.16e-01  2.84e-01  9.93e-02  6.13e-02  3.05e-02  7.16e+04  2.80e+03 -1.00e+05
2016 08 26  2130   57626  77400   9.31e+00  3.98e-01  2.88e-01  5.63e-02  4.59e-02  2.31e-02  7.06e+04  2.67e+03 -1.00e+05
2016 08 26  2135   57626  77700   8.02e+00  2.37e-01  1.75e-01  1.07e-01  5.73e-02  2.31e-02  7.01e+04  2.65e+03 -1.00e+05
2016 08 26  2140   57626  78000   7.32e+00  1.75e-01  1.43e-01  9.19e-02  8.15e-02  5.87e-02  7.09e+04  2.75e+03 -1.00e+05
2016 08 26  2145   57626  78300   7.82e+00  1.62e-01  1.30e-01  7.86e-02  6.82e-02  4.54e-02  7.22e+04  2.86e+03 -1.00e+05
2016 08 26  2150   57626  78600   7.55e+00  1.47e-01  1.15e-01  6.37e-02  5.32e-02  2.54e-02  7.19e+04  2.89e+03 -1.00e+05
2016 08 26  2155   57626  78900   7.32e+00  1.82e-01  1.50e-01  9.88e-02  8.83e-02  5.02e-02  7.25e+04  2.90e+03 -1.00e+05
2016 08 26  2200   57626  79200   7.21e+00  2.27e-01  1.95e-01  5.63e-02  4.59e-02  2.31e-02  7.10e+04  2.83e+03 -1.00e+05
2016 08 26  2205   57626  79500   7.27e+00  1.57e-01  1.25e-01  7.37e-02  6.22e-02  3.66e-02  7.08e+04  2.77e+03 -1.00e+05
2016 08 26  2210   57626  79800   6.67e+00  1.80e-01  1.48e-01  9.64e-02  8.56e-02  6.27e-02  7.01e+04  2.67e+03 -1.00e+05
2016 08 26  2215   57626  80100   9.92e+00  3.29e-01  1.71e-01  9.50e-02  5.55e-02  2.34e-02  6.95e+04  2.62e+03 -1.00e+05
2016 08 26  2220   57626  80400   6.09e+00  1.45e-01  1.13e-01  6.13e-02  5.08e-02  2.80e-02  7.04e+04  2.62e+03 -1.00e+05
2016 08 26  2225   57626  80700   9.46e+00  2.94e-01  1.80e-01  1.14e-01  1.03e-01  4.16e-02  6.92e+04  2.67e+03 -1.00e+05
2016 08 26  2230   57626  81000   7.71e+00  1.57e-01  1.25e-01  7.36e-02  6.32e-02  4.04e-02  7.04e+04  2.71e+03 -1.00e+05
2016 08 26  2235   57626  81300   8.38e+00  2.41e-01  2.09e-01  1.12e-01  1.01e-01  5.60e-02  6.79e+04  2.68e+03 -1.00e+05
2016 08 26  2240   57626  81600   8.07e+00  1.95e-01  1.63e-01  1.11e-01  8.31e-02  5.53e-02  6.99e+04  2.71e+03 -1.00e+05
2016 08 26  2245   57626  81900   9.32e+00  2.12e-01  1.53e-01  9.64e-02  8.56e-02  6.27e-02  6.78e+04  2.67e+03 -1.00e+05
2016 08 26  2250   57626  82200   1.38e+01  3.08e-01  1.12e-01  5.63e-02  4.59e-02  2.31e-02  6.94e+04  2.68e+03 -1.00e+05
2016 08 26  2255   57626  82500   6.98e+00  1.45e-01  1.13e-01  6.13e-02  5.08e-02  2.80e-02  6.80e+04  2.63e+03 -1.00e+05
2016 08 26  2300   57626  82800   1.06e+01  2.33e-01  1.23e-01  5.74e-02  4.70e-02  2.34e-02  6.82e+04  2.71e+03 -1.00e+05
2016 08 26  2305   57626  83100   9.47e+00  1.75e-01  1.13e-01  5.63e-02  4.59e-02  2.31e-02  6.92e+04  2.72e+03 -1.00e+05
2016 08 26  2310   57626  83400   8.30e+00  2.28e-01  1.96e-01  1.44e-01  1.04e-01  5.40e-02  6.78e+04  2.71e+03 -1.00e+05
2016 08 26  2315   57626  83700   1.13e+01  2.33e-01  1.22e-01  5.63e-02  4.59e-02  2.31e-02  6.80e+04  2.74e+03 -1.00e+05
2016 08 26  2320   57626  84000   8.71e+00  1.47e-01  1.15e-01  6.37e-02  5.33e-02  3.05e-02  6.79e+04  2.74e+03 -1.00e+05
2016 08 26  2325   57626  84300   8.03e+00  1.61e-01  1.29e-01  7.75e-02  6.71e-02  4.43e-02  6.77e+04  2.69e+03 -1.00e+05
2016 08 26  2330   57626  84600   1.12e+01  2.96e-01  1.87e-01  1.20e-01  7.36e-02  4.04e-02  6.59e+04  2.59e+03 -1.00e+05
2016 08 26  2335   57626  84900   7.95e+00  2.15e-01  1.83e-01  1.31e-01  1.17e-01  4.56e-02  6.53e+04  2.53e+03 -1.00e+05
2016 08 26  2340   57626  85200   1.38e+01  3.19e-01  1.49e-01  9.41e-02  8.37e-02  6.09e-02  6.53e+04  2.55e+03 -1.00e+05
2016 08 26  2345   57626  85500   9.01e+00  1.80e-01  1.18e-01  6.13e-02  5.08e-02  2.80e-02  6.35e+04  2.41e+03 -1.00e+05
2016 08 26  2350   57626  85800   7.85e+00  3.74e-01  3.42e-01  1.30e-01  8.28e-02  5.28e-02  6.31e+04  2.45e+03 -1.00e+05
2016 08 26  2355   57626  86100   1.36e+01  2.84e-01  1.12e-01  5.63e-02  4.59e-02  2.31e-02  6.34e+04  2.41e+03 -1.00e+05
