:Data_list: 20160829_Gs_part_5m.txt
:Created: 2016 Aug 30 0011 UTC
# Prepared by the U.S. Dept. of Commerce, NOAA, Space Weather Prediction Center
# Please send comments and suggestions to SWPC.Webmaster@noaa.gov 
# 
# Label: P > 1 = Particles at >1 Mev
# Label: P > 5 = Particles at >5 Mev
# Label: P >10 = Particles at >10 Mev
# Label: P >30 = Particles at >30 Mev
# Label: P >50 = Particles at >50 Mev
# Label: P>100 = Particles at >100 Mev
# Label: E>0.8 = Electrons at >0.8 Mev
# Label: E>2.0 = Electrons at >2.0 Mev
# Label: E>4.0 = Electrons at >4.0 Mev
# Units: Particles = Protons/cm2-s-sr
# Units: Electrons = Electrons/cm2-s-sr
# Source: GOES-15
# Location: W135
# Missing data: -1.00e+05
#
#                      5-minute  GOES-15 Solar Particle and Electron Flux
#
#                 Modified Seconds
# UTC Date  Time   Julian  of the
# YR MO DA  HHMM    Day     Day     P > 1     P > 5     P >10     P >30     P >50     P>100     E>0.8     E>2.0     E>4.0
#-------------------------------------------------------------------------------------------------------------------------
2016 08 29  0000   57629      0   3.76e+01  2.22e-01  1.88e-01  1.36e-01  9.22e-02  5.96e-02  7.93e+04  5.81e+03 -1.00e+05
2016 08 29  0005   57629    300   3.34e+01  2.19e-01  1.85e-01  1.35e-01  1.25e-01  5.63e-02  7.91e+04  5.54e+03 -1.00e+05
2016 08 29  0010   57629    600   3.08e+01  1.68e-01  1.35e-01  8.42e-02  6.78e-02  2.99e-02  7.60e+04  5.40e+03 -1.00e+05
2016 08 29  0015   57629    900   2.75e+01  1.49e-01  1.15e-01  6.46e-02  4.81e-02  2.35e-02  7.53e+04  5.16e+03 -1.00e+05
2016 08 29  0020   57629   1200   2.74e+01  1.85e-01  1.41e-01  6.46e-02  4.81e-02  2.35e-02  7.53e+04  4.89e+03 -1.00e+05
2016 08 29  0025   57629   1500   2.42e+01  3.67e-01  3.34e-01  1.08e-01  7.62e-02  4.72e-02  7.53e+04  4.85e+03 -1.00e+05
2016 08 29  0030   57629   1800   2.46e+01  1.41e-01  1.07e-01  5.71e-02  4.64e-02  2.35e-02  7.53e+04  4.86e+03 -1.00e+05
2016 08 29  0035   57629   2100   2.41e+01  2.10e-01  1.76e-01  9.62e-02  8.56e-02  3.87e-02  7.53e+04  4.85e+03 -1.00e+05
2016 08 29  0040   57629   2400   2.42e+01  2.42e-01  2.08e-01  1.58e-01  1.48e-01  5.60e-02  7.49e+04  4.77e+03 -1.00e+05
2016 08 29  0045   57629   2700   3.04e+01  2.12e-01  1.19e-01  5.84e-02  4.78e-02  2.49e-02  7.13e+04  4.58e+03 -1.00e+05
2016 08 29  0050   57629   3000   2.21e+01  2.42e-01  2.08e-01  1.58e-01  1.47e-01  7.70e-02  7.13e+04  4.57e+03 -1.00e+05
2016 08 29  0055   57629   3300   2.19e+01  1.70e-01  1.36e-01  8.57e-02  7.50e-02  5.21e-02  7.13e+04  4.48e+03 -1.00e+05
2016 08 29  0100   57629   3600   2.82e+01  2.37e-01  1.46e-01  8.57e-02  7.50e-02  5.21e-02  7.13e+04  4.42e+03 -1.00e+05
2016 08 29  0105   57629   3900   2.14e+01  1.73e-01  1.40e-01  8.88e-02  5.85e-02  2.99e-02  7.13e+04  4.40e+03 -1.00e+05
2016 08 29  0110   57629   4200   2.06e+01  1.55e-01  1.22e-01  7.14e-02  5.57e-02  2.87e-02  7.13e+04  4.39e+03 -1.00e+05
2016 08 29  0115   57629   4500   2.09e+01  1.42e-01  1.08e-01  5.79e-02  4.72e-02  2.38e-02  7.13e+04  4.29e+03 -1.00e+05
2016 08 29  0120   57629   4800   1.99e+01  1.98e-01  1.65e-01  5.79e-02  4.72e-02  2.38e-02  7.13e+04  4.20e+03 -1.00e+05
2016 08 29  0125   57629   5100   3.42e+01  5.52e-01  2.92e-01  8.43e-02  5.25e-02  2.35e-02  7.13e+04  4.16e+03 -1.00e+05
2016 08 29  0130   57629   5400   2.08e+01  1.53e-01  1.09e-01  5.71e-02  4.64e-02  2.35e-02  7.05e+04  4.14e+03 -1.00e+05
2016 08 29  0135   57629   5700   2.00e+01  1.68e-01  1.34e-01  8.42e-02  7.35e-02  3.65e-02  6.89e+04  4.15e+03 -1.00e+05
2016 08 29  0140   57629   6000   2.10e+01  1.41e-01  1.07e-01  5.71e-02  4.64e-02  2.35e-02  6.80e+04  4.13e+03 -1.00e+05
2016 08 29  0145   57629   6300   2.00e+01  1.45e-01  1.11e-01  6.09e-02  5.03e-02  2.74e-02  6.79e+04  4.05e+03 -1.00e+05
2016 08 29  0150   57629   6600   1.85e+01  1.87e-01  1.53e-01  1.03e-01  9.14e-02  3.79e-02  6.79e+04  3.90e+03 -1.00e+05
2016 08 29  0155   57629   6900   1.85e+01  1.65e-01  1.31e-01  5.71e-02  4.64e-02  2.35e-02  6.79e+04  3.91e+03 -1.00e+05
2016 08 29  0200   57629   7200   2.50e+01  2.09e-01  1.45e-01  8.70e-02  7.61e-02  3.31e-02  6.79e+04  4.13e+03 -1.00e+05
2016 08 29  0205   57629   7500   2.15e+01  2.43e-01  2.09e-01  7.75e-02  6.65e-02  4.29e-02  6.79e+04  4.02e+03 -1.00e+05
2016 08 29  0210   57629   7800   1.89e+01  2.39e-01  2.05e-01  1.53e-01  1.42e-01  6.21e-02  6.79e+04  3.91e+03 -1.00e+05
2016 08 29  0215   57629   8100   1.87e+01  1.79e-01  1.44e-01  9.23e-02  8.14e-02  5.78e-02  6.70e+04  3.85e+03 -1.00e+05
2016 08 29  0220   57629   8400   1.75e+01  1.98e-01  1.59e-01  1.04e-01  5.49e-02  2.39e-02  6.60e+04  3.72e+03 -1.00e+05
2016 08 29  0225   57629   8700   1.38e+01  1.50e-01  1.16e-01  5.85e-02  4.75e-02  2.39e-02  6.49e+04  3.62e+03 -1.00e+05
2016 08 29  0230   57629   9000   1.59e+01  1.94e-01  1.60e-01  1.08e-01  9.66e-02  4.59e-02  6.48e+04  3.58e+03 -1.00e+05
2016 08 29  0235   57629   9300   1.15e+01  1.95e-01  1.57e-01  5.85e-02  4.75e-02  2.39e-02  6.47e+04  3.35e+03 -1.00e+05
2016 08 29  0240   57629   9600   1.55e+01  2.17e-01  1.30e-01  6.77e-02  4.96e-02  2.39e-02  6.24e+04  3.19e+03 -1.00e+05
2016 08 29  0245   57629   9900   1.06e+01  2.58e-01  2.24e-01  1.08e-01  9.55e-02  3.92e-02  5.89e+04  3.01e+03 -1.00e+05
2016 08 29  0250   57629  10200   1.06e+01  2.79e-01  2.44e-01  1.33e-01  1.16e-01  4.82e-02  6.26e+04  3.08e+03 -1.00e+05
2016 08 29  0255   57629  10500   1.33e+01  2.78e-01  1.92e-01  1.27e-01  7.77e-02  4.29e-02  5.99e+04  2.95e+03 -1.00e+05
2016 08 29  0300   57629  10800   1.41e+01  3.07e-01  1.71e-01  9.39e-02  5.55e-02  2.39e-02  5.99e+04  2.86e+03 -1.00e+05
2016 08 29  0305   57629  11100   1.39e+01  2.74e-01  1.39e-01  6.77e-02  4.96e-02  2.39e-02  5.99e+04  2.78e+03 -1.00e+05
2016 08 29  0310   57629  11400   8.52e+00  1.54e-01  1.20e-01  6.82e-02  5.73e-02  2.71e-02  5.80e+04  2.71e+03 -1.00e+05
2016 08 29  0315   57629  11700   8.60e+00  3.19e-01  2.85e-01  7.50e-02  6.41e-02  4.04e-02  5.73e+04  2.63e+03 -1.00e+05
2016 08 29  0320   57629  12000   7.72e+00  2.07e-01  1.73e-01  1.20e-01  8.96e-02  6.03e-02  5.73e+04  2.56e+03 -1.00e+05
2016 08 29  0325   57629  12300   7.65e+00  3.02e-01  2.68e-01  6.85e-02  5.76e-02  2.83e-02  5.48e+04  2.39e+03 -1.00e+05
2016 08 29  0330   57629  12600   7.56e+00  2.08e-01  1.74e-01  5.85e-02  4.75e-02  2.39e-02  5.46e+04  2.43e+03 -1.00e+05
2016 08 29  0335   57629  12900   7.26e+00  1.61e-01  1.27e-01  7.50e-02  6.41e-02  4.04e-02  5.46e+04  2.28e+03 -1.00e+05
2016 08 29  0340   57629  13200   1.04e+01  2.81e-01  1.45e-01  7.42e-02  5.11e-02  2.39e-02  5.45e+04  2.26e+03 -1.00e+05
2016 08 29  0345   57629  13500   6.62e+00  2.89e-01  2.55e-01  2.00e-01  1.25e-01  4.12e-02  5.19e+04  2.16e+03 -1.00e+05
2016 08 29  0350   57629  13800   6.65e+00  3.22e-01  2.88e-01  8.52e-02  7.43e-02  5.07e-02  5.19e+04  2.09e+03 -1.00e+05
2016 08 29  0355   57629  14100   6.26e+00  1.53e-01  1.17e-01  6.46e-02  5.16e-02  2.51e-02  5.19e+04  2.05e+03 -1.00e+05
2016 08 29  0400   57629  14400   5.92e+00  2.71e-01  2.37e-01  8.08e-02  5.26e-02  2.39e-02  5.07e+04  1.97e+03 -1.00e+05
2016 08 29  0405   57629  14700   5.73e+00  2.16e-01  1.82e-01  1.30e-01  1.19e-01  6.66e-02  4.93e+04  1.89e+03 -1.00e+05
2016 08 29  0410   57629  15000   7.03e+00  2.08e-01  1.20e-01  5.85e-02  4.75e-02  2.39e-02  4.92e+04  1.85e+03 -1.00e+05
2016 08 29  0415   57629  15300   5.81e+00  2.23e-01  1.89e-01  1.37e-01  1.26e-01  4.92e-02  4.93e+04  1.78e+03 -1.00e+05
2016 08 29  0420   57629  15600   5.42e+00  1.76e-01  1.42e-01  8.98e-02  7.21e-02  3.23e-02  4.71e+04  1.72e+03 -1.00e+05
2016 08 29  0425   57629  15900   6.12e+00  2.32e-01  1.68e-01  1.09e-01  8.11e-02  3.31e-02  4.66e+04  1.68e+03 -1.00e+05
2016 08 29  0430   57629  16200   5.09e+00  2.11e-01  1.72e-01  1.18e-01  1.07e-01  4.32e-02  4.66e+04  1.63e+03 -1.00e+05
2016 08 29  0435   57629  16500   4.69e+00  2.13e-01  1.79e-01  1.27e-01  1.16e-01  5.56e-02  4.58e+04  1.54e+03 -1.00e+05
2016 08 29  0440   57629  16800   6.20e+00  3.08e-01  1.75e-01  1.05e-01  9.38e-02  7.02e-02  4.40e+04  1.52e+03 -1.00e+05
2016 08 29  0445   57629  17100   4.31e+00  2.91e-01  2.57e-01  1.53e-01  1.26e-01  5.21e-02  4.40e+04  1.49e+03 -1.00e+05
2016 08 29  0450   57629  17400   4.30e+00  3.06e-01  2.72e-01  5.85e-02  4.75e-02  2.39e-02  4.40e+04  1.49e+03 -1.00e+05
2016 08 29  0455   57629  17700   4.19e+00  2.28e-01  1.94e-01  5.85e-02  4.75e-02  2.39e-02  4.40e+04  1.44e+03 -1.00e+05
2016 08 29  0500   57629  18000   3.94e+00  1.76e-01  1.42e-01  9.00e-02  7.19e-02  3.11e-02  4.24e+04  1.42e+03 -1.00e+05
2016 08 29  0505   57629  18300   5.47e+00  3.25e-01  1.78e-01  1.06e-01  9.49e-02  3.92e-02  4.21e+04  1.38e+03 -1.00e+05
2016 08 29  0510   57629  18600   3.91e+00  2.45e-01  2.11e-01  7.99e-02  6.90e-02  4.54e-02  4.02e+04  1.30e+03 -1.00e+05
2016 08 29  0515   57629  18900   3.23e+00  1.71e-01  1.37e-01  8.40e-02  6.08e-02  2.71e-02  3.97e+04  1.28e+03 -1.00e+05
2016 08 29  0520   57629  19200   3.32e+00  1.63e-01  1.29e-01  7.50e-02  6.41e-02  4.04e-02  3.96e+04  1.29e+03 -1.00e+05
2016 08 29  0525   57629  19500   3.60e+00  1.80e-01  1.46e-01  9.41e-02  8.31e-02  3.82e-02  3.96e+04  1.26e+03 -1.00e+05
2016 08 29  0530   57629  19800   3.27e+00  1.67e-01  1.33e-01  8.07e-02  6.98e-02  3.11e-02  3.91e+04  1.22e+03 -1.00e+05
2016 08 29  0535   57629  20100   5.69e+00  4.20e-01  2.00e-01  7.45e-02  6.35e-02  2.91e-02  3.77e+04  1.20e+03 -1.00e+05
2016 08 29  0540   57629  20400   2.87e+00  1.50e-01  1.16e-01  5.85e-02  4.75e-02  2.39e-02  3.76e+04  1.19e+03 -1.00e+05
2016 08 29  0545   57629  20700   3.21e+00  2.88e-01  2.54e-01  8.70e-02  7.61e-02  3.31e-02  3.75e+04  1.14e+03 -1.00e+05
2016 08 29  0550   57629  21000   3.33e+00  1.52e-01  1.13e-01  6.01e-02  4.92e-02  2.56e-02  3.64e+04  1.14e+03 -1.00e+05
2016 08 29  0555   57629  21300   3.20e+00  3.12e-01  2.78e-01  1.59e-01  1.48e-01  8.93e-02  3.56e+04  1.13e+03 -1.00e+05
2016 08 29  0600   57629  21600   3.23e+00  1.91e-01  1.57e-01  1.03e-01  5.49e-02  2.39e-02  3.62e+04  1.14e+03 -1.00e+05
2016 08 29  0605   57629  21900   3.64e+00  2.65e-01  1.29e-01  5.85e-02  4.75e-02  2.39e-02  3.56e+04  1.12e+03 -1.00e+05
2016 08 29  0610   57629  22200   2.33e+00  1.54e-01  1.20e-01  6.82e-02  5.73e-02  2.71e-02  3.56e+04  1.11e+03 -1.00e+05
2016 08 29  0615   57629  22500   2.77e+00  2.74e-01  2.40e-01  1.09e-01  8.59e-02  3.51e-02  3.56e+04  1.13e+03 -1.00e+05
2016 08 29  0620   57629  22800   2.58e+00  1.54e-01  1.20e-01  6.76e-02  5.66e-02  3.30e-02  3.56e+04  1.10e+03 -1.00e+05
2016 08 29  0625   57629  23100   4.25e+00  3.30e-01  1.45e-01  8.98e-02  7.89e-02  5.53e-02  3.46e+04  1.08e+03 -1.00e+05
2016 08 29  0630   57629  23400   2.51e+00  3.06e-01  2.72e-01  5.85e-02  4.75e-02  2.39e-02  3.46e+04  1.07e+03 -1.00e+05
2016 08 29  0635   57629  23700   2.21e+00  1.83e-01  1.49e-01  9.73e-02  8.63e-02  6.27e-02  3.27e+04  1.05e+03 -1.00e+05
2016 08 29  0640   57629  24000   3.78e+00  2.97e-01  1.63e-01  1.06e-01  7.88e-02  5.04e-02  3.24e+04  1.03e+03 -1.00e+05
2016 08 29  0645   57629  24300   2.12e+00  2.07e-01  1.73e-01  8.34e-02  7.04e-02  3.11e-02  3.23e+04  1.05e+03 -1.00e+05
2016 08 29  0650   57629  24600   2.98e+00  2.65e-01  1.29e-01  5.85e-02  4.75e-02  2.39e-02  3.23e+04  1.03e+03 -1.00e+05
2016 08 29  0655   57629  24900   1.98e+00  1.90e-01  1.56e-01  5.85e-02  4.75e-02  2.39e-02  3.17e+04  1.04e+03 -1.00e+05
2016 08 29  0700   57629  25200   1.80e+00  1.59e-01  1.25e-01  7.25e-02  6.16e-02  3.80e-02  3.13e+04  1.04e+03 -1.00e+05
2016 08 29  0705   57629  25500   2.85e+00  3.15e-01  1.82e-01  1.10e-01  6.19e-02  2.51e-02  3.08e+04  9.81e+02 -1.00e+05
2016 08 29  0710   57629  25800   3.45e+00  4.45e-01  2.25e-01  1.35e-01  9.18e-02  3.51e-02  3.00e+04  1.01e+03 -1.00e+05
2016 08 29  0715   57629  26100   2.01e+00  1.97e-01  1.63e-01  1.11e-01  9.99e-02  5.87e-02  2.98e+04  9.91e+02 -1.00e+05
2016 08 29  0720   57629  26400   2.00e+00  1.63e-01  1.29e-01  7.50e-02  6.41e-02  4.04e-02  2.96e+04  9.91e+02 -1.00e+05
2016 08 29  0725   57629  26700   1.81e+00  1.50e-01  1.16e-01  5.85e-02  4.75e-02  2.39e-02  2.86e+04  9.72e+02 -1.00e+05
2016 08 29  0730   57629  27000   1.85e+00  1.56e-01  1.17e-01  5.85e-02  4.75e-02  2.39e-02  2.89e+04  9.72e+02 -1.00e+05
2016 08 29  0735   57629  27300   1.78e+00  1.52e-01  1.18e-01  6.01e-02  4.92e-02  2.56e-02  2.98e+04  9.77e+02 -1.00e+05
2016 08 29  0740   57629  27600   1.78e+00  3.01e-01  2.67e-01  2.15e-01  1.85e-01  7.94e-02  2.96e+04  9.55e+02 -1.00e+05
2016 08 29  0745   57629  27900   3.06e+00  2.49e-01  1.14e-01  5.85e-02  4.75e-02  2.39e-02  2.85e+04  9.40e+02 -1.00e+05
2016 08 29  0750   57629  28200   1.76e+00  3.05e-01  2.71e-01  1.03e-01  9.22e-02  5.12e-02  2.86e+04  9.77e+02 -1.00e+05
2016 08 29  0755   57629  28500   1.86e+00  1.95e-01  1.61e-01  1.07e-01  5.85e-02  2.39e-02  2.86e+04  9.42e+02 -1.00e+05
2016 08 29  0800   57629  28800   1.67e+00  2.11e-01  1.77e-01  6.19e-02  5.10e-02  2.51e-02  2.81e+04  9.21e+02 -1.00e+05
2016 08 29  0805   57629  29100   2.79e+00  5.35e-01  3.05e-01  6.19e-02  5.10e-02  2.51e-02  2.86e+04  9.47e+02 -1.00e+05
2016 08 29  0810   57629  29400   1.63e+00  1.96e-01  1.62e-01  1.10e-01  9.87e-02  7.51e-02  2.86e+04  9.32e+02 -1.00e+05
2016 08 29  0815   57629  29700   1.57e+00  1.46e-01  1.12e-01  6.01e-02  4.92e-02  2.56e-02  2.86e+04  9.42e+02 -1.00e+05
2016 08 29  0820   57629  30000   1.45e+00  1.99e-01  1.65e-01  5.85e-02  4.75e-02  2.39e-02  2.86e+04  9.39e+02 -1.00e+05
2016 08 29  0825   57629  30300   2.43e+00  2.59e-01  1.24e-01  6.77e-02  4.96e-02  2.39e-02  2.86e+04  9.26e+02 -1.00e+05
2016 08 29  0830   57629  30600   2.03e+00  3.24e-01  1.65e-01  1.10e-01  9.87e-02  7.51e-02  2.91e+04  9.19e+02 -1.00e+05
2016 08 29  0835   57629  30900   1.50e+00  1.54e-01  1.15e-01  6.23e-02  4.97e-02  2.56e-02  2.86e+04  8.82e+02 -1.00e+05
2016 08 29  0840   57629  31200   1.98e+00  3.83e-01  3.28e-01  9.96e-02  8.86e-02  3.71e-02  2.77e+04  8.44e+02 -1.00e+05
2016 08 29  0845   57629  31500   2.96e+00  3.87e-01  1.14e-01  5.85e-02  4.75e-02  2.39e-02  2.60e+04  8.42e+02 -1.00e+05
2016 08 29  0850   57629  31800   1.45e+00  2.05e-01  1.71e-01  1.18e-01  1.07e-01  4.32e-02  2.51e+04  7.85e+02 -1.00e+05
2016 08 29  0855   57629  32100   1.42e+00  1.93e-01  1.59e-01  1.07e-01  9.63e-02  7.26e-02  2.46e+04  7.64e+02 -1.00e+05
2016 08 29  0900   57629  32400   1.64e+00  2.40e-01  2.06e-01  1.54e-01  1.43e-01  7.10e-02  2.41e+04  7.43e+02 -1.00e+05
2016 08 29  0905   57629  32700   2.09e+00  2.08e-01  1.20e-01  5.85e-02  4.75e-02  2.39e-02  2.42e+04  7.68e+02 -1.00e+05
2016 08 29  0910   57629  33000   1.89e+00  2.14e-01  1.27e-01  6.51e-02  5.41e-02  3.05e-02  2.46e+04  7.65e+02 -1.00e+05
2016 08 29  0915   57629  33300   1.44e+00  1.47e-01  1.13e-01  6.11e-02  4.81e-02  2.39e-02  2.41e+04  7.77e+02 -1.00e+05
2016 08 29  0920   57629  33600   1.57e+00  1.68e-01  1.30e-01  7.75e-02  6.65e-02  4.29e-02  2.48e+04  8.08e+02 -1.00e+05
2016 08 29  0925   57629  33900   1.82e+00  2.57e-01  2.18e-01  8.08e-02  5.26e-02  2.39e-02  2.47e+04  8.18e+02 -1.00e+05
2016 08 29  0930   57629  34200   1.66e+00  3.06e-01  2.72e-01  5.85e-02  4.75e-02  2.39e-02  2.48e+04  8.29e+02 -1.00e+05
2016 08 29  0935   57629  34500   1.66e+00  1.97e-01  1.63e-01  1.09e-01  7.65e-02  3.23e-02  2.43e+04  8.28e+02 -1.00e+05
2016 08 29  0940   57629  34800   1.89e+00  1.93e-01  1.54e-01  9.96e-02  5.49e-02  2.39e-02  2.41e+04  8.33e+02 -1.00e+05
2016 08 29  0945   57629  35100   1.34e+00  1.92e-01  1.58e-01  1.06e-01  9.49e-02  3.92e-02  2.46e+04  8.33e+02 -1.00e+05
2016 08 29  0950   57629  35400   1.60e+00  2.01e-01  1.67e-01  1.15e-01  1.04e-01  8.01e-02  2.46e+04  8.28e+02 -1.00e+05
2016 08 29  0955   57629  35700   2.20e+00  2.51e-01  1.81e-01  1.22e-01  8.52e-02  3.98e-02  2.46e+04  8.46e+02 -1.00e+05
2016 08 29  1000   57629  36000   2.99e+00  4.12e-01  2.02e-01  6.76e-02  5.66e-02  3.30e-02  2.46e+04  8.62e+02 -1.00e+05
2016 08 29  1005   57629  36300   1.78e+00  2.19e-01  1.85e-01  1.33e-01  1.17e-01  5.19e-02  2.46e+04  8.35e+02 -1.00e+05
2016 08 29  1010   57629  36600   2.15e+00  2.54e-01  1.72e-01  1.11e-01  9.98e-02  7.62e-02  2.46e+04  8.45e+02 -1.00e+05
2016 08 29  1015   57629  36900   2.45e+00  4.56e-01  3.20e-01  8.74e-02  5.40e-02  2.39e-02  2.46e+04  8.77e+02 -1.00e+05
2016 08 29  1020   57629  37200   1.62e+00  2.11e-01  1.77e-01  1.25e-01  1.14e-01  4.52e-02  2.03e+04  7.93e+02 -1.00e+05
2016 08 29  1025   57629  37500   1.97e+00  3.06e-01  2.72e-01  2.19e-01  1.86e-01  1.01e-01  1.87e+04  7.81e+02 -1.00e+05
2016 08 29  1030   57629  37800   2.68e+00  4.02e-01  3.18e-01  1.05e-01  9.38e-02  7.02e-02  2.04e+04  8.03e+02 -1.00e+05
2016 08 29  1035   57629  38100   2.93e+00  4.94e-01  2.03e-01  6.51e-02  5.41e-02  3.05e-02  2.01e+04  7.81e+02 -1.00e+05
2016 08 29  1040   57629  38400   2.69e+00  3.24e-01  1.41e-01  8.49e-02  7.40e-02  5.04e-02  1.95e+04  7.94e+02 -1.00e+05
2016 08 29  1045   57629  38700   2.41e+00  2.66e-01  1.37e-01  6.82e-02  5.73e-02  2.71e-02  2.00e+04  8.03e+02 -1.00e+05
2016 08 29  1050   57629  39000   3.31e+00  2.76e-01  1.44e-01  8.80e-02  7.70e-02  5.34e-02  2.24e+04  8.15e+02 -1.00e+05
2016 08 29  1055   57629  39300   2.11e+00  1.50e-01  1.16e-01  5.85e-02  4.75e-02  2.39e-02  2.02e+04  8.44e+02 -1.00e+05
2016 08 29  1100   57629  39600   3.68e+00  3.92e-01  2.09e-01  1.52e-01  1.10e-01  7.76e-02  1.98e+04  8.03e+02 -1.00e+05
2016 08 29  1105   57629  39900   2.01e+00  2.38e-01  2.04e-01  6.77e-02  4.96e-02  2.39e-02  1.91e+04  7.92e+02 -1.00e+05
2016 08 29  1110   57629  40200   2.13e+00  2.39e-01  2.05e-01  1.12e-01  1.01e-01  6.24e-02  1.88e+04  8.17e+02 -1.00e+05
2016 08 29  1115   57629  40500   2.41e+00  1.67e-01  1.33e-01  8.07e-02  6.98e-02  3.11e-02  1.99e+04  8.45e+02 -1.00e+05
2016 08 29  1120   57629  40800   2.31e+00  1.74e-01  1.38e-01  8.49e-02  7.40e-02  5.04e-02  2.20e+04  8.75e+02 -1.00e+05
2016 08 29  1125   57629  41100   2.40e+00  1.76e-01  1.42e-01  8.97e-02  7.12e-02  4.54e-02  2.23e+04  9.02e+02 -1.00e+05
2016 08 29  1130   57629  41400   4.12e+00  3.20e-01  1.36e-01  7.99e-02  6.90e-02  4.54e-02  2.57e+04  9.68e+02 -1.00e+05
2016 08 29  1135   57629  41700   2.48e+00  1.74e-01  1.40e-01  8.74e-02  7.64e-02  5.28e-02  2.49e+04  9.84e+02 -1.00e+05
2016 08 29  1140   57629  42000   2.01e+00  3.15e-01  2.81e-01  7.00e-02  5.91e-02  3.55e-02  2.63e+04  1.00e+03 -1.00e+05
2016 08 29  1145   57629  42300   2.61e+00  2.94e-01  2.07e-01  6.11e-02  4.81e-02  2.39e-02  2.66e+04  9.87e+02 -1.00e+05
2016 08 29  1150   57629  42600   2.16e+00  3.00e-01  2.16e-01  8.09e-02  7.00e-02  4.64e-02  2.62e+04  9.27e+02 -1.00e+05
2016 08 29  1155   57629  42900   2.84e+00  3.05e-01  1.46e-01  9.00e-02  7.91e-02  5.55e-02  2.56e+04  9.06e+02 -1.00e+05
2016 08 29  1200   57629  43200   1.73e+00  2.13e-01  1.79e-01  8.33e-02  7.24e-02  4.88e-02  2.43e+04  8.29e+02 -1.00e+05
2016 08 29  1205   57629  43500   2.00e+00  2.23e-01  1.89e-01  1.37e-01  1.26e-01  7.04e-02  2.41e+04  7.57e+02 -1.00e+05
2016 08 29  1210   57629  43800   4.05e+00  3.30e-01  1.46e-01  9.03e-02  7.90e-02  5.53e-02  2.31e+04  7.49e+02 -1.00e+05
2016 08 29  1215   57629  44100   5.03e+00  5.03e-01  2.23e-01  9.16e-02  8.06e-02  5.08e-02  2.25e+04  8.92e+02 -1.00e+05
2016 08 29  1220   57629  44400   2.50e+00  1.67e-01  1.33e-01  8.07e-02  6.98e-02  3.11e-02  2.43e+04  8.80e+02 -1.00e+05
2016 08 29  1225   57629  44700   5.10e+00  3.77e-01  1.70e-01  1.15e-01  1.04e-01  8.01e-02  2.34e+04  8.28e+02 -1.00e+05
2016 08 29  1230   57629  45000   2.57e+00  1.50e-01  1.16e-01  5.85e-02  4.75e-02  2.39e-02  2.50e+04  9.09e+02 -1.00e+05
2016 08 29  1235   57629  45300   3.93e+00  2.82e-01  1.98e-01  1.36e-01  1.03e-01  7.26e-02  2.64e+04  9.30e+02 -1.00e+05
2016 08 29  1240   57629  45600   2.91e+00  2.31e-01  1.97e-01  1.44e-01  1.01e-01  6.80e-02  2.64e+04  1.04e+03 -1.00e+05
2016 08 29  1245   57629  45900   3.53e+00  2.34e-01  2.00e-01  6.51e-02  5.41e-02  3.05e-02  2.76e+04  1.19e+03 -1.00e+05
2016 08 29  1250   57629  46200   3.55e+00  2.05e-01  1.68e-01  1.14e-01  7.48e-02  4.29e-02  2.76e+04  1.25e+03 -1.00e+05
2016 08 29  1255   57629  46500   4.20e+00  1.45e-01  1.11e-01  5.85e-02  4.75e-02  2.39e-02  2.92e+04  1.30e+03 -1.00e+05
2016 08 29  1300   57629  46800   9.72e+00  3.25e-01  1.17e-01  6.11e-02  4.81e-02  2.39e-02  2.97e+04  1.37e+03 -1.00e+05
2016 08 29  1305   57629  47100   4.32e+00  1.45e-01  1.11e-01  5.85e-02  4.75e-02  2.39e-02  2.94e+04  1.38e+03 -1.00e+05
2016 08 29  1310   57629  47400   5.02e+00  1.65e-01  1.31e-01  7.93e-02  6.84e-02  4.48e-02  3.00e+04  1.41e+03 -1.00e+05
2016 08 29  1315   57629  47700   5.11e+00  1.88e-01  1.54e-01  1.00e-01  5.70e-02  2.39e-02  2.88e+04  1.42e+03 -1.00e+05
2016 08 29  1320   57629  48000   5.12e+00  2.28e-01  1.94e-01  5.85e-02  4.75e-02  2.39e-02  2.75e+04  1.42e+03 -1.00e+05
2016 08 29  1325   57629  48300   5.20e+00  1.50e-01  1.16e-01  5.85e-02  4.75e-02  2.39e-02  3.24e+04  1.37e+03 -1.00e+05
2016 08 29  1330   57629  48600   6.67e+00  2.43e-01  2.08e-01  8.29e-02  7.11e-02  4.72e-02  3.42e+04  1.40e+03 -1.00e+05
2016 08 29  1335   57629  48900   5.85e+00  1.50e-01  1.11e-01  5.85e-02  4.75e-02  2.39e-02  3.31e+04  1.31e+03 -1.00e+05
2016 08 29  1340   57629  49200   4.22e+00  1.66e-01  1.32e-01  7.99e-02  6.90e-02  4.54e-02  3.57e+04  1.21e+03 -1.00e+05
2016 08 29  1345   57629  49500   4.61e+00  1.45e-01  1.11e-01  5.85e-02  4.75e-02  2.39e-02  3.59e+04  1.13e+03 -1.00e+05
2016 08 29  1350   57629  49800   4.40e+00  1.54e-01  1.20e-01  6.82e-02  5.73e-02  2.71e-02  3.55e+04  1.14e+03 -1.00e+05
2016 08 29  1355   57629  50100   4.38e+00  1.59e-01  1.25e-01  7.00e-02  5.91e-02  3.55e-02  3.43e+04  1.11e+03 -1.00e+05
2016 08 29  1400   57629  50400   3.72e+00  3.44e-01  3.10e-01  1.02e-01  7.97e-02  5.28e-02  3.65e+04  1.08e+03 -1.00e+05
2016 08 29  1405   57629  50700   4.77e+00  2.01e-01  1.67e-01  1.14e-01  5.99e-02  2.39e-02  3.56e+04  1.04e+03 -1.00e+05
2016 08 29  1410   57629  51000   4.65e+00  1.58e-01  1.20e-01  6.76e-02  5.66e-02  3.30e-02  3.59e+04  9.74e+02 -1.00e+05
2016 08 29  1415   57629  51300   5.58e+00  1.83e-01  1.49e-01  9.73e-02  8.63e-02  6.27e-02  3.63e+04  9.67e+02 -1.00e+05
2016 08 29  1420   57629  51600   5.09e+00  3.49e-01  3.15e-01  1.02e-01  6.64e-02  3.55e-02  3.68e+04  9.91e+02 -1.00e+05
2016 08 29  1425   57629  51900   1.04e+01  6.24e-01  3.22e-01  7.50e-02  6.41e-02  4.04e-02  3.76e+04  1.05e+03 -1.00e+05
2016 08 29  1430   57629  52200   5.70e+00  1.87e-01  1.53e-01  1.00e-01  8.51e-02  6.03e-02  3.82e+04  1.10e+03 -1.00e+05
2016 08 29  1435   57629  52500   6.08e+00  1.83e-01  1.49e-01  9.71e-02  8.61e-02  6.17e-02  3.96e+04  1.17e+03 -1.00e+05
2016 08 29  1440   57629  52800   5.72e+00  2.01e-01  1.67e-01  1.15e-01  1.04e-01  7.33e-02  3.96e+04  1.11e+03 -1.00e+05
2016 08 29  1445   57629  53100   6.15e+00  2.15e-01  1.81e-01  8.49e-02  7.40e-02  5.04e-02  4.32e+04  1.21e+03 -1.00e+05
2016 08 29  1450   57629  53400   6.10e+00  1.45e-01  1.11e-01  5.85e-02  4.75e-02  2.39e-02  4.40e+04  1.28e+03 -1.00e+05
2016 08 29  1455   57629  53700   6.37e+00  3.21e-01  2.87e-01  7.81e-02  6.71e-02  4.31e-02  4.40e+04  1.31e+03 -1.00e+05
2016 08 29  1500   57629  54000   1.19e+01  4.60e-01  2.21e-01  6.51e-02  5.41e-02  3.05e-02  4.40e+04  1.30e+03 -1.00e+05
2016 08 29  1505   57629  54300   6.30e+00  1.88e-01  1.54e-01  1.02e-01  9.13e-02  6.77e-02  4.44e+04  1.30e+03 -1.00e+05
2016 08 29  1510   57629  54600   6.68e+00  1.45e-01  1.11e-01  5.85e-02  4.75e-02  2.39e-02  4.59e+04  1.28e+03 -1.00e+05
2016 08 29  1515   57629  54900   1.28e+01  3.53e-01  1.45e-01  8.91e-02  6.34e-02  3.55e-02  4.63e+04  1.28e+03 -1.00e+05
2016 08 29  1520   57629  55200   6.64e+00  1.77e-01  1.43e-01  9.02e-02  6.71e-02  2.91e-02  4.40e+04  1.21e+03 -1.00e+05
2016 08 29  1525   57629  55500   7.08e+00  2.17e-01  1.83e-01  6.76e-02  5.66e-02  3.30e-02  4.40e+04  1.16e+03 -1.00e+05
2016 08 29  1530   57629  55800   1.03e+01  2.75e-01  1.14e-01  5.85e-02  4.75e-02  2.39e-02  4.40e+04  1.16e+03 -1.00e+05
2016 08 29  1535   57629  56100   1.04e+01  3.66e-01  2.31e-01  1.61e-01  1.50e-01  8.86e-02  4.40e+04  1.11e+03 -1.00e+05
2016 08 29  1540   57629  56400   1.03e+01  2.74e-01  1.39e-01  6.77e-02  4.96e-02  2.39e-02  4.28e+04  1.07e+03 -1.00e+05
2016 08 29  1545   57629  56700   7.27e+00  2.42e-01  2.04e-01  7.00e-02  5.91e-02  3.55e-02  4.26e+04  1.03e+03 -1.00e+05
2016 08 29  1550   57629  57000   7.51e+00  1.74e-01  1.38e-01  8.49e-02  7.40e-02  5.04e-02  4.16e+04  1.02e+03 -1.00e+05
2016 08 29  1555   57629  57300   1.25e+01  3.10e-01  1.51e-01  9.48e-02  8.39e-02  6.03e-02  4.16e+04  1.00e+03 -1.00e+05
2016 08 29  1600   57629  57600   8.50e+00  2.99e-01  2.65e-01  1.09e-01  7.56e-02  4.54e-02  4.33e+04  1.05e+03 -1.00e+05
2016 08 29  1605   57629  57900   1.27e+01  2.68e-01  1.32e-01  6.11e-02  4.81e-02  2.39e-02  4.25e+04  1.03e+03 -1.00e+05
2016 08 29  1610   57629  58200   8.49e+00  2.35e-01  2.01e-01  1.05e-01  9.38e-02  7.02e-02  3.89e+04  9.60e+02 -1.00e+05
2016 08 29  1615   57629  58500   8.35e+00  1.76e-01  1.42e-01  8.98e-02  7.89e-02  5.53e-02  3.91e+04  9.10e+02 -1.00e+05
2016 08 29  1620   57629  58800   1.47e+01  4.68e-01  2.30e-01  7.75e-02  6.65e-02  4.29e-02  4.17e+04  8.76e+02 -1.00e+05
2016 08 29  1625   57629  59100   1.34e+01  3.19e-01  1.83e-01  1.27e-01  1.16e-01  5.37e-02  3.96e+04  8.52e+02 -1.00e+05
2016 08 29  1630   57629  59400   8.33e+00  1.45e-01  1.11e-01  5.85e-02  4.75e-02  2.39e-02  3.96e+04  8.58e+02 -1.00e+05
2016 08 29  1635   57629  59700   7.75e+00  1.68e-01  1.34e-01  8.08e-02  5.26e-02  2.39e-02  3.97e+04  8.35e+02 -1.00e+05
2016 08 29  1640   57629  60000   7.86e+00  1.67e-01  1.33e-01  8.11e-02  7.02e-02  4.53e-02  3.96e+04  8.20e+02 -1.00e+05
2016 08 29  1645   57629  60300   1.39e+01  3.05e-01  1.44e-01  8.74e-02  5.40e-02  2.39e-02  3.98e+04  8.22e+02 -1.00e+05
2016 08 29  1650   57629  60600   8.42e+00  3.61e-01  3.27e-01  1.22e-01  7.93e-02  4.64e-02  4.11e+04  8.30e+02 -1.00e+05
2016 08 29  1655   57629  60900   8.01e+00  2.51e-01  2.17e-01  1.63e-01  1.20e-01  8.75e-02  4.13e+04  8.54e+02 -1.00e+05
2016 08 29  1700   57629  61200   8.81e+00  2.40e-01  2.02e-01  6.76e-02  5.66e-02  3.30e-02  4.14e+04  8.45e+02 -1.00e+05
2016 08 29  1705   57629  61500   1.08e+01  2.29e-01  1.42e-01  7.42e-02  5.11e-02  2.39e-02  4.02e+04  8.25e+02 -1.00e+05
2016 08 29  1710   57629  61800   8.62e+00  1.67e-01  1.33e-01  8.07e-02  6.98e-02  3.11e-02  4.13e+04  8.50e+02 -1.00e+05
2016 08 29  1715   57629  62100   8.85e+00  1.50e-01  1.11e-01  5.85e-02  4.75e-02  2.39e-02  4.15e+04  8.41e+02 -1.00e+05
2016 08 29  1720   57629  62400   1.29e+01  3.52e-01  2.16e-01  6.26e-02  5.17e-02  2.81e-02  4.03e+04  8.44e+02 -1.00e+05
2016 08 29  1725   57629  62700   8.97e+00  3.10e-01  2.76e-01  2.20e-01  1.19e-01  3.92e-02  4.11e+04  8.49e+02 -1.00e+05
2016 08 29  1730   57629  63000   1.14e+01  2.33e-01  1.46e-01  8.44e-02  6.42e-02  3.80e-02  4.16e+04  8.47e+02 -1.00e+05
2016 08 29  1735   57629  63300   1.31e+01  3.04e-01  1.82e-01  1.14e-01  1.03e-01  6.97e-02  4.05e+04  8.52e+02 -1.00e+05
2016 08 29  1740   57629  63600   1.15e+01  3.08e-01  2.22e-01  8.24e-02  7.15e-02  4.79e-02  4.16e+04  8.56e+02 -1.00e+05
2016 08 29  1745   57629  63900   1.41e+01  2.65e-01  1.29e-01  5.85e-02  4.75e-02  2.39e-02  4.16e+04  8.59e+02 -1.00e+05
2016 08 29  1750   57629  64200   8.82e+00  2.14e-01  1.79e-01  1.26e-01  9.65e-02  6.77e-02  4.09e+04  8.10e+02 -1.00e+05
2016 08 29  1755   57629  64500   1.00e+01  2.63e-01  1.75e-01  1.06e-01  5.49e-02  2.39e-02  3.96e+04  7.72e+02 -1.00e+05
2016 08 29  1800   57629  64800   7.84e+00  2.43e-01  2.09e-01  7.75e-02  6.65e-02  4.29e-02  4.07e+04  7.96e+02 -1.00e+05
2016 08 29  1805   57629  65100   1.16e+01  2.71e-01  1.35e-01  5.85e-02  4.75e-02  2.39e-02  4.36e+04  8.39e+02 -1.00e+05
2016 08 29  1810   57629  65400   8.37e+00  3.13e-01  2.79e-01  6.76e-02  5.66e-02  3.30e-02  4.36e+04  8.82e+02 -1.00e+05
2016 08 29  1815   57629  65700   1.80e+01  3.83e-01  1.47e-01  8.56e-02  5.88e-02  3.05e-02  4.54e+04  9.59e+02 -1.00e+05
2016 08 29  1820   57629  66000   1.04e+01  3.47e-01  3.13e-01  2.00e-01  1.90e-01  9.42e-02  4.48e+04  9.53e+02 -1.00e+05
2016 08 29  1825   57629  66300   1.07e+01  2.22e-01  1.88e-01  8.24e-02  7.15e-02  4.79e-02  4.40e+04  9.99e+02 -1.00e+05
2016 08 29  1830   57629  66600   1.10e+01  1.50e-01  1.11e-01  5.85e-02  4.75e-02  2.39e-02  4.50e+04  1.01e+03 -1.00e+05
2016 08 29  1835   57629  66900   1.64e+01  4.59e-01  3.26e-01  1.46e-01  1.09e-01  7.76e-02  4.66e+04  1.06e+03 -1.00e+05
2016 08 29  1840   57629  67200   1.25e+01  1.50e-01  1.11e-01  5.85e-02  4.75e-02  2.39e-02  4.66e+04  1.12e+03 -1.00e+05
2016 08 29  1845   57629  67500   2.24e+01  5.79e-01  3.09e-01  5.85e-02  4.75e-02  2.39e-02  4.66e+04  1.10e+03 -1.00e+05
2016 08 29  1850   57629  67800   1.28e+01  2.67e-01  2.33e-01  1.81e-01  1.70e-01  8.63e-02  4.66e+04  1.13e+03 -1.00e+05
2016 08 29  1855   57629  68100   1.29e+01  1.64e-01  1.30e-01  7.78e-02  6.28e-02  3.80e-02  4.66e+04  1.16e+03 -1.00e+05
2016 08 29  1900   57629  68400   2.07e+01  3.43e-01  2.10e-01  1.38e-01  9.17e-02  5.78e-02  4.67e+04  1.15e+03 -1.00e+05
2016 08 29  1905   57629  68700   2.45e+01  3.27e-01  1.43e-01  8.74e-02  7.64e-02  5.28e-02  4.70e+04  1.20e+03 -1.00e+05
2016 08 29  1910   57629  69000   1.35e+01  1.56e-01  1.22e-01  7.00e-02  5.91e-02  3.55e-02  4.68e+04  1.19e+03 -1.00e+05
2016 08 29  1915   57629  69300   2.21e+01  2.84e-01  1.51e-01  9.48e-02  8.39e-02  6.03e-02  4.66e+04  1.16e+03 -1.00e+05
2016 08 29  1920   57629  69600   2.48e+01  3.25e-01  1.64e-01  1.07e-01  5.85e-02  2.39e-02  4.66e+04  1.16e+03 -1.00e+05
2016 08 29  1925   57629  69900   1.39e+01  1.61e-01  1.27e-01  7.42e-02  5.11e-02  2.39e-02  4.66e+04  1.19e+03 -1.00e+05
2016 08 29  1930   57629  70200   1.52e+01  2.11e-01  1.72e-01  1.18e-01  1.07e-01  4.32e-02  4.66e+04  1.20e+03 -1.00e+05
2016 08 29  1935   57629  70500   1.52e+01  1.50e-01  1.16e-01  5.85e-02  4.75e-02  2.39e-02  4.67e+04  1.19e+03 -1.00e+05
2016 08 29  1940   57629  70800   2.01e+01  2.43e-01  1.59e-01  9.73e-02  8.63e-02  6.27e-02  4.71e+04  1.27e+03 -1.00e+05
2016 08 29  1945   57629  71100   2.37e+01  2.76e-01  1.40e-01  7.00e-02  5.91e-02  3.55e-02  4.92e+04  1.26e+03 -1.00e+05
2016 08 29  1950   57629  71400   1.67e+01  3.06e-01  2.72e-01  5.85e-02  4.75e-02  2.39e-02  4.67e+04  1.24e+03 -1.00e+05
2016 08 29  1955   57629  71700   2.67e+01  2.51e-01  1.16e-01  6.01e-02  4.92e-02  2.56e-02  4.67e+04  1.27e+03 -1.00e+05
2016 08 29  2000   57629  72000   2.20e+01  2.16e-01  1.29e-01  6.76e-02  5.66e-02  3.30e-02  4.91e+04  1.24e+03 -1.00e+05
2016 08 29  2005   57629  72300   1.90e+01  2.10e-01  1.55e-01  9.96e-02  8.86e-02  3.71e-02  4.70e+04  1.25e+03 -1.00e+05
2016 08 29  2010   57629  72600   2.95e+01  5.11e-01  2.81e-01  1.05e-01  9.38e-02  7.02e-02  4.87e+04  1.29e+03 -1.00e+05
2016 08 29  2015   57629  72900   3.06e+01  7.61e-01  5.22e-01  1.71e-01  9.32e-02  3.31e-02  4.83e+04  1.27e+03 -1.00e+05
2016 08 29  2020   57629  73200   1.78e+01  1.45e-01  1.11e-01  5.85e-02  4.75e-02  2.39e-02  4.67e+04  1.28e+03 -1.00e+05
2016 08 29  2025   57629  73500   1.86e+01  2.22e-01  1.88e-01  6.82e-02  5.73e-02  2.71e-02  4.92e+04  1.30e+03 -1.00e+05
2016 08 29  2030   57629  73800   1.88e+01  1.79e-01  1.44e-01  9.23e-02  8.14e-02  5.78e-02  4.71e+04  1.31e+03 -1.00e+05
2016 08 29  2035   57629  74100   2.80e+01  2.79e-01  1.63e-01  9.59e-02  8.50e-02  4.55e-02  4.84e+04  1.35e+03 -1.00e+05
2016 08 29  2040   57629  74400   3.04e+01  3.68e-01  2.36e-01  9.45e-02  8.36e-02  6.00e-02  4.93e+04  1.39e+03 -1.00e+05
2016 08 29  2045   57629  74700   2.18e+01  4.07e-01  3.73e-01  1.50e-01  1.39e-01  5.45e-02  4.69e+04  1.41e+03 -1.00e+05
2016 08 29  2050   57629  75000   2.26e+01  2.16e-01  1.82e-01  9.70e-02  8.61e-02  6.25e-02  4.53e+04  1.35e+03 -1.00e+05
2016 08 29  2055   57629  75300   2.49e+01  2.28e-01  1.94e-01  5.85e-02  4.75e-02  2.39e-02  4.40e+04  1.37e+03 -1.00e+05
2016 08 29  2100   57629  75600   2.74e+01  1.80e-01  1.46e-01  5.85e-02  4.75e-02  2.39e-02  4.43e+04  1.38e+03 -1.00e+05
2016 08 29  2105   57629  75900   2.73e+01  2.50e-01  2.11e-01  7.42e-02  5.11e-02  2.39e-02  4.31e+04  1.35e+03 -1.00e+05
2016 08 29  2110   57629  76200   2.77e+01  1.63e-01  1.29e-01  7.50e-02  6.41e-02  4.04e-02  4.35e+04  1.37e+03 -1.00e+05
2016 08 29  2115   57629  76500   5.25e+01  3.86e-01  2.18e-01  1.62e-01  1.51e-01  5.73e-02  4.32e+04  1.33e+03 -1.00e+05
2016 08 29  2120   57629  76800   3.05e+01  1.50e-01  1.16e-01  5.85e-02  4.75e-02  2.39e-02  4.22e+04  1.32e+03 -1.00e+05
2016 08 29  2125   57629  77100   3.14e+01  2.45e-01  2.11e-01  7.42e-02  5.11e-02  2.39e-02  4.16e+04  1.22e+03 -1.00e+05
2016 08 29  2130   57629  77400   2.75e+01  1.45e-01  1.11e-01  5.85e-02  4.75e-02  2.39e-02  4.12e+04  1.17e+03 -1.00e+05
2016 08 29  2135   57629  77700   2.82e+01  1.86e-01  1.50e-01  9.73e-02  8.63e-02  6.27e-02  3.97e+04  1.10e+03 -1.00e+05
2016 08 29  2140   57629  78000   2.54e+01  2.34e-01  2.00e-01  6.51e-02  5.41e-02  3.05e-02  3.79e+04  1.02e+03 -1.00e+05
2016 08 29  2145   57629  78300   2.38e+01  1.88e-01  1.52e-01  9.98e-02  8.88e-02  6.52e-02  3.44e+04  8.36e+02 -1.00e+05
2016 08 29  2150   57629  78600   2.41e+01  2.71e-01  2.37e-01  9.96e-02  5.49e-02  2.39e-02  3.45e+04  8.45e+02 -1.00e+05
2016 08 29  2155   57629  78900   3.37e+01  2.08e-01  1.20e-01  5.85e-02  4.75e-02  2.39e-02  3.50e+04  8.71e+02 -1.00e+05
2016 08 29  2200   57629  79200   2.67e+01  1.45e-01  1.11e-01  5.85e-02  4.75e-02  2.39e-02  3.52e+04  9.04e+02 -1.00e+05
2016 08 29  2205   57629  79500   4.98e+01  3.55e-01  1.48e-01  9.22e-02  8.13e-02  5.77e-02  3.37e+04  8.34e+02 -1.00e+05
2016 08 29  2210   57629  79800   4.39e+01  2.86e-01  1.26e-01  7.00e-02  5.91e-02  3.55e-02  3.31e+04  8.53e+02 -1.00e+05
2016 08 29  2215   57629  80100   2.45e+01  1.50e-01  1.16e-01  5.85e-02  4.75e-02  2.39e-02  3.14e+04  7.47e+02 -1.00e+05
2016 08 29  2220   57629  80400   3.24e+01  2.54e-01  1.66e-01  1.03e-01  5.49e-02  2.39e-02  3.06e+04  7.11e+02 -1.00e+05
2016 08 29  2225   57629  80700   2.39e+01  1.56e-01  1.22e-01  6.95e-02  5.85e-02  3.20e-02  2.99e+04  6.83e+02 -1.00e+05
2016 08 29  2230   57629  81000   2.56e+01  2.45e-01  2.11e-01  1.56e-01  1.45e-01  5.53e-02  2.87e+04  6.57e+02 -1.00e+05
2016 08 29  2235   57629  81300   2.75e+01  2.27e-01  1.93e-01  1.07e-01  9.63e-02  7.26e-02  2.98e+04  6.97e+02 -1.00e+05
2016 08 29  2240   57629  81600   2.75e+01  2.39e-01  2.05e-01  1.51e-01  1.04e-01  7.26e-02  2.87e+04  6.34e+02 -1.00e+05
2016 08 29  2245   57629  81900   3.91e+01  3.00e-01  1.64e-01  5.85e-02  4.75e-02  2.39e-02  2.69e+04  6.07e+02 -1.00e+05
2016 08 29  2250   57629  82200   2.89e+01  1.90e-01  1.56e-01  1.04e-01  9.27e-02  5.30e-02  2.81e+04  6.60e+02 -1.00e+05
2016 08 29  2255   57629  82500   2.90e+01  2.08e-01  1.74e-01  5.85e-02  4.75e-02  2.39e-02  2.82e+04  6.14e+02 -1.00e+05
2016 08 29  2300   57629  82800   4.83e+01  5.42e-01  3.09e-01  5.85e-02  4.75e-02  2.39e-02  2.63e+04  6.13e+02 -1.00e+05
2016 08 29  2305   57629  83100   2.76e+01  2.20e-01  1.86e-01  1.33e-01  1.03e-01  4.95e-02  2.71e+04  5.86e+02 -1.00e+05
2016 08 29  2310   57629  83400   2.65e+01  1.82e-01  1.44e-01  9.09e-02  6.57e-02  3.80e-02  2.59e+04  5.42e+02 -1.00e+05
2016 08 29  2315   57629  83700   2.72e+01  1.50e-01  1.11e-01  5.85e-02  4.75e-02  2.39e-02  2.59e+04  5.35e+02 -1.00e+05
2016 08 29  2320   57629  84000   2.70e+01  2.17e-01  1.83e-01  1.31e-01  1.20e-01  4.72e-02  2.52e+04  5.32e+02 -1.00e+05
2016 08 29  2325   57629  84300   2.74e+01  1.48e-01  1.14e-01  6.19e-02  5.10e-02  2.51e-02  2.46e+04  4.98e+02 -1.00e+05
2016 08 29  2330   57629  84600   4.40e+01  2.99e-01  1.64e-01  1.07e-01  6.55e-02  3.30e-02  2.46e+04  4.82e+02 -1.00e+05
2016 08 29  2335   57629  84900   2.74e+01  1.93e-01  1.55e-01  1.00e-01  5.70e-02  2.39e-02  2.39e+04  4.79e+02 -1.00e+05
2016 08 29  2340   57629  85200   3.08e+01  2.51e-01  1.65e-01  1.02e-01  6.64e-02  3.55e-02  2.46e+04  4.59e+02 -1.00e+05
2016 08 29  2345   57629  85500   2.20e+01  2.59e-01  2.25e-01  9.73e-02  8.63e-02  6.27e-02  2.29e+04  4.54e+02 -1.00e+05
2016 08 29  2350   57629  85800   2.32e+01  1.45e-01  1.11e-01  5.85e-02  4.75e-02  2.39e-02  2.44e+04  4.46e+02 -1.00e+05
2016 08 29  2355   57629  86100   2.15e+01  1.73e-01  1.36e-01  8.24e-02  7.15e-02  4.79e-02  2.33e+04  4.27e+02 -1.00e+05
