:Data_list: 20160128_Gs_part_5m.txt
:Created: 2016 Jan 29 0011 UTC
# Prepared by the U.S. Dept. of Commerce, NOAA, Space Weather Prediction Center
# Please send comments and suggestions to SWPC.Webmaster@noaa.gov 
# 
# Label: P > 1 = Particles at >1 Mev
# Label: P > 5 = Particles at >5 Mev
# Label: P >10 = Particles at >10 Mev
# Label: P >30 = Particles at >30 Mev
# Label: P >50 = Particles at >50 Mev
# Label: P>100 = Particles at >100 Mev
# Label: E>0.8 = Electrons at >0.8 Mev
# Label: E>2.0 = Electrons at >2.0 Mev
# Label: E>4.0 = Electrons at >4.0 Mev
# Units: Particles = Protons/cm2-s-sr
# Units: Electrons = Electrons/cm2-s-sr
# Source: GOES-15
# Location: W135
# Missing data: -1.00e+05
#
#                      5-minute  GOES-15 Solar Particle and Electron Flux
#
#                 Modified Seconds
# UTC Date  Time   Julian  of the
# YR MO DA  HHMM    Day     Day     P > 1     P > 5     P >10     P >30     P >50     P>100     E>0.8     E>2.0     E>4.0
#-------------------------------------------------------------------------------------------------------------------------
2016 01 28  0000   57415      0   2.31e+01  5.08e-01  2.68e-01  5.40e-02  4.34e-02  2.25e-02  3.00e+04  1.18e+03 -1.00e+05
2016 01 28  0005   57415    300   2.46e+01  2.35e-01  1.12e-01  6.32e-02  4.55e-02  2.25e-02  3.03e+04  1.18e+03 -1.00e+05
2016 01 28  0010   57415    600   2.30e+01  2.37e-01  1.14e-01  6.58e-02  5.52e-02  3.43e-02  3.00e+04  1.17e+03 -1.00e+05
2016 01 28  0015   57415    900   1.36e+01  2.93e-01  2.67e-01  8.31e-02  7.26e-02  5.16e-02  3.00e+04  1.17e+03 -1.00e+05
2016 01 28  0020   57415   1200   1.37e+01  1.25e-01  9.87e-02  5.40e-02  4.34e-02  2.25e-02  3.00e+04  1.19e+03 -1.00e+05
2016 01 28  0025   57415   1500   1.83e+01  1.82e-01  1.07e-01  5.40e-02  4.34e-02  2.25e-02  3.00e+04  1.18e+03 -1.00e+05
2016 01 28  0030   57415   1800   1.34e+01  1.28e-01  1.01e-01  5.66e-02  4.40e-02  2.25e-02  3.00e+04  1.16e+03 -1.00e+05
2016 01 28  0035   57415   2100   1.28e+01  2.08e-01  1.82e-01  6.97e-02  4.70e-02  2.25e-02  2.91e+04  1.12e+03 -1.00e+05
2016 01 28  0040   57415   2400   1.68e+01  1.82e-01  1.07e-01  5.40e-02  4.34e-02  2.25e-02  2.86e+04  1.09e+03 -1.00e+05
2016 01 28  0045   57415   2700   1.21e+01  1.91e-01  1.64e-01  1.19e-01  9.12e-02  3.62e-02  2.86e+04  1.09e+03 -1.00e+05
2016 01 28  0050   57415   3000   1.81e+01  3.38e-01  2.24e-01  1.14e-01  6.57e-02  2.62e-02  2.86e+04  1.06e+03 -1.00e+05
2016 01 28  0055   57415   3300   1.24e+01  1.62e-01  1.35e-01  8.94e-02  5.14e-02  2.25e-02  2.86e+04  1.08e+03 -1.00e+05
2016 01 28  0100   57415   3600   1.24e+01  3.26e-01  2.99e-01  1.63e-01  1.30e-01  4.83e-02  2.86e+04  1.06e+03 -1.00e+05
2016 01 28  0105   57415   3900   1.24e+01  1.77e-01  1.50e-01  1.04e-01  5.61e-02  2.44e-02  2.86e+04  1.06e+03 -1.00e+05
2016 01 28  0110   57415   4200   1.88e+01  2.62e-01  1.41e-01  7.88e-02  6.59e-02  4.42e-02  2.86e+04  1.09e+03 -1.00e+05
2016 01 28  0115   57415   4500   1.32e+01  1.62e-01  1.35e-01  9.04e-02  7.99e-02  3.42e-02  2.83e+04  1.07e+03 -1.00e+05
2016 01 28  0120   57415   4800   2.46e+01  3.00e-01  1.29e-01  8.06e-02  7.01e-02  4.92e-02  2.81e+04  1.09e+03 -1.00e+05
2016 01 28  0125   57415   5100   1.67e+01  1.88e-01  1.14e-01  6.08e-02  5.03e-02  2.94e-02  2.74e+04  1.10e+03 -1.00e+05
2016 01 28  0130   57415   5400   1.30e+01  1.37e-01  1.10e-01  6.53e-02  5.48e-02  2.62e-02  2.74e+04  1.10e+03 -1.00e+05
2016 01 28  0135   57415   5700   1.32e+01  1.28e-01  1.01e-01  5.66e-02  4.40e-02  2.25e-02  2.73e+04  1.07e+03 -1.00e+05
2016 01 28  0140   57415   6000   2.12e+01  2.26e-01  1.02e-01  5.40e-02  4.34e-02  2.25e-02  2.73e+04  1.05e+03 -1.00e+05
2016 01 28  0145   57415   6300   1.27e+01  1.30e-01  1.03e-01  5.84e-02  4.78e-02  2.69e-02  2.73e+04  1.04e+03 -1.00e+05
2016 01 28  0150   57415   6600   1.23e+01  1.92e-01  1.66e-01  5.40e-02  4.34e-02  2.25e-02  2.72e+04  1.04e+03 -1.00e+05
2016 01 28  0155   57415   6900   1.31e+01  1.64e-01  1.30e-01  8.37e-02  7.31e-02  2.38e-02  2.71e+04  1.02e+03 -1.00e+05
2016 01 28  0200   57415   7200   2.01e+01  2.35e-01  1.12e-01  6.33e-02  5.28e-02  3.18e-02  2.65e+04  9.97e+02 -1.00e+05
2016 01 28  0205   57415   7500   1.19e+01  1.90e-01  1.64e-01  1.17e-01  6.49e-02  2.62e-02  2.60e+04  9.90e+02 -1.00e+05
2016 01 28  0210   57415   7800   1.16e+01  1.37e-01  1.10e-01  6.58e-02  5.52e-02  3.43e-02  2.60e+04  9.72e+02 -1.00e+05
2016 01 28  0215   57415   8100   1.13e+01  1.28e-01  1.01e-01  5.66e-02  4.40e-02  2.25e-02  2.60e+04  9.61e+02 -1.00e+05
2016 01 28  0220   57415   8400   1.16e+01  1.52e-01  1.25e-01  8.05e-02  6.79e-02  3.02e-02  2.60e+04  9.44e+02 -1.00e+05
2016 01 28  0225   57415   8700   1.84e+01  2.26e-01  1.02e-01  5.40e-02  4.34e-02  2.25e-02  2.60e+04  9.26e+02 -1.00e+05
2016 01 28  0230   57415   9000   1.63e+01  2.43e-01  1.20e-01  5.84e-02  4.78e-02  2.69e-02  2.57e+04  9.34e+02 -1.00e+05
2016 01 28  0235   57415   9300   1.66e+01  2.39e-01  1.16e-01  5.40e-02  4.34e-02  2.25e-02  2.48e+04  8.93e+02 -1.00e+05
2016 01 28  0240   57415   9600   1.83e+01  2.49e-01  1.25e-01  7.63e-02  4.85e-02  2.25e-02  2.47e+04  8.88e+02 -1.00e+05
2016 01 28  0245   57415   9900   1.64e+01  2.39e-01  1.16e-01  5.40e-02  4.34e-02  2.25e-02  2.46e+04  8.91e+02 -1.00e+05
2016 01 28  0250   57415  10200   1.72e+01  2.66e-01  1.44e-01  9.55e-02  8.50e-02  6.40e-02  2.46e+04  8.77e+02 -1.00e+05
2016 01 28  0255   57415  10500   1.06e+01  2.75e-01  2.48e-01  8.76e-02  5.98e-02  2.62e-02  2.46e+04  8.52e+02 -1.00e+05
2016 01 28  0300   57415  10800   1.58e+01  2.76e-01  1.53e-01  8.94e-02  5.14e-02  2.25e-02  2.46e+04  8.36e+02 -1.00e+05
2016 01 28  0305   57415  11100   1.05e+01  1.28e-01  1.01e-01  5.66e-02  4.40e-02  2.25e-02  2.46e+04  8.34e+02 -1.00e+05
2016 01 28  0310   57415  11400   1.03e+01  2.00e-01  1.73e-01  1.28e-01  1.18e-01  4.77e-02  2.46e+04  8.17e+02 -1.00e+05
2016 01 28  0315   57415  11700   9.93e+00  1.49e-01  1.22e-01  7.76e-02  6.70e-02  4.61e-02  2.38e+04  8.24e+02 -1.00e+05
2016 01 28  0320   57415  12000   9.70e+00  1.89e-01  1.62e-01  5.91e-02  4.85e-02  2.41e-02  2.34e+04  8.06e+02 -1.00e+05
2016 01 28  0325   57415  12300   9.83e+00  1.25e-01  9.87e-02  5.40e-02  4.34e-02  2.25e-02  2.33e+04  7.95e+02 -1.00e+05
2016 01 28  0330   57415  12600   9.62e+00  1.25e-01  9.87e-02  5.40e-02  4.34e-02  2.25e-02  2.33e+04  7.70e+02 -1.00e+05
2016 01 28  0335   57415  12900   1.70e+01  3.04e-01  1.57e-01  1.08e-01  8.97e-02  6.65e-02  2.33e+04  7.58e+02 -1.00e+05
2016 01 28  0340   57415  13200   9.08e+00  1.32e-01  1.06e-01  6.08e-02  5.03e-02  2.94e-02  2.33e+04  7.58e+02 -1.00e+05
2016 01 28  0345   57415  13500   1.34e+01  2.52e-01  1.42e-01  9.33e-02  7.57e-02  3.22e-02  2.23e+04  7.23e+02 -1.00e+05
2016 01 28  0350   57415  13800   8.59e+00  2.70e-01  2.44e-01  5.40e-02  4.34e-02  2.25e-02  2.20e+04  7.08e+02 -1.00e+05
2016 01 28  0355   57415  14100   7.55e+00  1.64e-01  1.37e-01  9.09e-02  4.96e-02  2.25e-02  2.20e+04  6.94e+02 -1.00e+05
2016 01 28  0400   57415  14400   7.89e+00  1.25e-01  9.87e-02  5.40e-02  4.34e-02  2.25e-02  2.20e+04  6.81e+02 -1.00e+05
2016 01 28  0405   57415  14700   7.67e+00  2.70e-01  2.44e-01  5.40e-02  4.34e-02  2.25e-02  2.17e+04  6.64e+02 -1.00e+05
2016 01 28  0410   57415  15000   7.64e+00  1.72e-01  1.45e-01  5.40e-02  4.34e-02  2.25e-02  2.13e+04  6.46e+02 -1.00e+05
2016 01 28  0415   57415  15300   1.13e+01  2.42e-01  1.19e-01  5.66e-02  4.40e-02  2.25e-02  2.09e+04  6.49e+02 -1.00e+05
2016 01 28  0420   57415  15600   9.73e+00  2.07e-01  1.34e-01  8.00e-02  6.04e-02  3.68e-02  2.08e+04  6.28e+02 -1.00e+05
2016 01 28  0425   57415  15900   1.37e+01  2.60e-01  1.12e-01  6.32e-02  4.55e-02  2.25e-02  2.08e+04  6.28e+02 -1.00e+05
2016 01 28  0430   57415  16200   1.14e+01  4.07e-01  2.86e-01  8.56e-02  7.51e-02  5.41e-02  2.01e+04  5.96e+02 -1.00e+05
2016 01 28  0435   57415  16500   7.35e+00  2.12e-01  1.85e-01  1.41e-01  1.30e-01  5.03e-02  2.01e+04  6.06e+02 -1.00e+05
2016 01 28  0440   57415  16800   7.74e+00  3.43e-01  3.16e-01  1.32e-01  8.55e-02  5.41e-02  2.03e+04  6.11e+02 -1.00e+05
2016 01 28  0445   57415  17100   6.99e+00  1.67e-01  1.40e-01  9.49e-02  6.56e-02  3.93e-02  1.98e+04  6.01e+02 -1.00e+05
2016 01 28  0450   57415  17400   7.04e+00  2.17e-01  1.90e-01  1.44e-01  9.39e-02  6.16e-02  1.98e+04  5.98e+02 -1.00e+05
2016 01 28  0455   57415  17700   1.37e+01  6.13e-01  3.00e-01  8.94e-02  5.14e-02  2.25e-02  1.98e+04  5.99e+02 -1.00e+05
2016 01 28  0500   57415  18000   1.03e+01  3.14e-01  1.85e-01  1.20e-01  8.23e-02  2.38e-02  1.96e+04  5.86e+02 -1.00e+05
2016 01 28  0505   57415  18300   9.43e+00  2.55e-01  1.32e-01  6.97e-02  4.70e-02  2.25e-02  1.89e+04  5.86e+02 -1.00e+05
2016 01 28  0510   57415  18600   5.85e+00  2.01e-01  1.74e-01  9.50e-02  8.45e-02  5.21e-02  1.88e+04  5.60e+02 -1.00e+05
2016 01 28  0515   57415  18900   5.73e+00  2.73e-01  2.46e-01  7.45e-02  5.69e-02  2.62e-02  1.88e+04  5.53e+02 -1.00e+05
2016 01 28  0520   57415  19200   5.27e+00  2.46e-01  2.20e-01  1.24e-01  1.14e-01  5.48e-02  1.88e+04  5.50e+02 -1.00e+05
2016 01 28  0525   57415  19500   6.75e+00  1.82e-01  1.07e-01  5.40e-02  4.34e-02  2.25e-02  1.85e+04  5.40e+02 -1.00e+05
2016 01 28  0530   57415  19800   5.21e+00  2.35e-01  2.09e-01  9.59e-02  5.29e-02  2.25e-02  1.78e+04  5.28e+02 -1.00e+05
2016 01 28  0535   57415  20100   8.44e+00  4.56e-01  2.76e-01  5.40e-02  4.34e-02  2.25e-02  1.78e+04  5.07e+02 -1.00e+05
2016 01 28  0540   57415  20400   4.82e+00  1.42e-01  1.15e-01  6.97e-02  4.70e-02  2.25e-02  1.74e+04  4.93e+02 -1.00e+05
2016 01 28  0545   57415  20700   4.50e+00  1.87e-01  1.60e-01  1.15e-01  1.05e-01  4.23e-02  1.71e+04  4.75e+02 -1.00e+05
2016 01 28  0550   57415  21000   7.57e+00  2.35e-01  1.12e-01  6.33e-02  5.28e-02  3.18e-02  1.72e+04  4.94e+02 -1.00e+05
2016 01 28  0555   57415  21300   4.07e+00  1.43e-01  1.16e-01  7.16e-02  6.11e-02  2.82e-02  1.65e+04  4.74e+02 -1.00e+05
2016 01 28  0600   57415  21600   4.15e+00  1.69e-01  1.42e-01  9.74e-02  8.68e-02  6.13e-02  1.65e+04  4.54e+02 -1.00e+05
2016 01 28  0605   57415  21900   3.99e+00  1.72e-01  1.45e-01  5.40e-02  4.34e-02  2.25e-02  1.67e+04  4.52e+02 -1.00e+05
2016 01 28  0610   57415  22200   5.09e+00  2.87e-01  2.13e-01  6.97e-02  4.70e-02  2.25e-02  1.63e+04  4.60e+02 -1.00e+05
2016 01 28  0615   57415  22500   4.61e+00  3.08e-01  2.52e-01  9.36e-02  7.09e-02  3.02e-02  1.57e+04  4.36e+02 -1.00e+05
2016 01 28  0620   57415  22800   3.73e+00  1.28e-01  1.01e-01  5.66e-02  4.40e-02  2.25e-02  1.56e+04  4.36e+02 -1.00e+05
2016 01 28  0625   57415  23100   3.86e+00  1.59e-01  1.32e-01  8.73e-02  6.46e-02  2.82e-02  1.48e+04  4.04e+02 -1.00e+05
2016 01 28  0630   57415  23400   3.43e+00  1.92e-01  1.66e-01  5.40e-02  4.34e-02  2.25e-02  1.48e+04  4.12e+02 -1.00e+05
2016 01 28  0635   57415  23700   4.07e+00  1.72e-01  1.45e-01  5.66e-02  4.40e-02  2.25e-02  1.50e+04  4.21e+02 -1.00e+05
2016 01 28  0640   57415  24000   3.88e+00  1.25e-01  9.87e-02  5.40e-02  4.34e-02  2.25e-02  1.43e+04  4.04e+02 -1.00e+05
2016 01 28  0645   57415  24300   4.02e+00  1.25e-01  9.87e-02  5.40e-02  4.34e-02  2.25e-02  1.42e+04  3.90e+02 -1.00e+05
2016 01 28  0650   57415  24600   5.43e+00  2.39e-01  1.16e-01  5.40e-02  4.34e-02  2.25e-02  1.45e+04  4.03e+02 -1.00e+05
2016 01 28  0655   57415  24900   3.41e+00  2.70e-01  2.44e-01  5.40e-02  4.34e-02  2.25e-02  1.43e+04  4.10e+02 -1.00e+05
2016 01 28  0700   57415  25200   3.04e+00  1.45e-01  1.18e-01  7.32e-02  6.27e-02  4.17e-02  1.37e+04  3.68e+02 -1.00e+05
2016 01 28  0705   57415  25500   2.46e+00  1.25e-01  9.87e-02  5.40e-02  4.34e-02  2.25e-02  1.40e+04  3.67e+02 -1.00e+05
2016 01 28  0710   57415  25800   3.44e+00  3.76e-01  1.80e-01  5.40e-02  4.34e-02  2.25e-02  1.27e+04  3.35e+02 -1.00e+05
2016 01 28  0715   57415  26100   1.44e+00  1.25e-01  9.87e-02  5.40e-02  4.34e-02  2.25e-02  1.20e+04  3.04e+02 -1.00e+05
2016 01 28  0720   57415  26400   8.97e-01  1.42e-01  1.15e-01  7.07e-02  6.02e-02  3.93e-02  1.11e+04  2.69e+02 -1.00e+05
2016 01 28  0725   57415  26700   1.02e+00  2.01e-01  1.74e-01  8.69e-02  7.63e-02  4.28e-02  1.06e+04  2.42e+02 -1.00e+05
2016 01 28  0730   57415  27000   9.72e-01  1.39e-01  1.12e-01  6.76e-02  5.70e-02  3.49e-02  9.34e+03  2.13e+02 -1.00e+05
2016 01 28  0735   57415  27300   1.43e+00  1.85e-01  1.58e-01  6.53e-02  5.48e-02  2.62e-02  8.14e+03  1.72e+02 -1.00e+05
2016 01 28  0740   57415  27600   1.02e+00  2.37e-01  2.10e-01  1.63e-01  9.77e-02  3.42e-02  7.11e+03  1.45e+02 -1.00e+05
2016 01 28  0745   57415  27900   1.34e+00  3.75e-01  2.23e-01  1.02e-01  5.64e-02  2.41e-02  6.10e+03  1.33e+02 -1.00e+05
2016 01 28  0750   57415  28200   1.18e+00  3.01e-01  1.45e-01  9.67e-02  8.61e-02  3.62e-02  5.06e+03  1.10e+02 -1.00e+05
2016 01 28  0755   57415  28500   2.28e-01  1.25e-01  9.87e-02  5.40e-02  4.34e-02  2.25e-02  4.38e+03  9.80e+01 -1.00e+05
2016 01 28  0800   57415  28800   8.48e-01  2.51e-01  1.02e-01  5.40e-02  4.34e-02  2.25e-02  3.85e+03  9.49e+01 -1.00e+05
2016 01 28  0805   57415  29100   7.06e-01  1.75e-01  1.49e-01  7.16e-02  6.11e-02  2.82e-02  4.08e+03  1.11e+02 -1.00e+05
2016 01 28  0810   57415  29400   6.75e-01  1.73e-01  1.47e-01  8.42e-02  7.36e-02  3.22e-02  4.14e+03  9.83e+01 -1.00e+05
2016 01 28  0815   57415  29700   5.26e-01  1.25e-01  9.87e-02  5.40e-02  4.34e-02  2.25e-02  3.54e+03  7.99e+01 -1.00e+05
2016 01 28  0820   57415  30000   8.08e-01  2.39e-01  1.16e-01  5.40e-02  4.34e-02  2.25e-02  3.79e+03  9.00e+01 -1.00e+05
2016 01 28  0825   57415  30300   7.31e-01  1.33e-01  1.06e-01  6.15e-02  5.04e-02  2.94e-02  4.79e+03  1.11e+02 -1.00e+05
2016 01 28  0830   57415  30600   1.20e+00  2.87e-01  2.16e-01  1.07e-01  9.52e-02  7.39e-02  6.01e+03  1.29e+02 -1.00e+05
2016 01 28  0835   57415  30900   1.52e+00  2.90e-01  1.61e-01  1.12e-01  9.47e-02  3.96e-02  5.99e+03  1.34e+02 -1.00e+05
2016 01 28  0840   57415  31200   6.66e-01  1.74e-01  1.48e-01  1.03e-01  9.24e-02  3.82e-02  4.84e+03  1.20e+02 -1.00e+05
2016 01 28  0845   57415  31500   7.55e+00  2.19e-01  1.92e-01  1.46e-01  1.04e-01  7.64e-02  4.76e+03  1.14e+02 -1.00e+05
2016 01 28  0850   57415  31800   1.81e+01  2.49e-01  1.74e-01  5.40e-02  4.34e-02  2.25e-02  6.89e+03  1.82e+02 -1.00e+05
2016 01 28  0855   57415  32100   1.04e+01  2.40e-01  2.13e-01  1.51e-01  1.40e-01  6.84e-02  8.61e+03  2.42e+02 -1.00e+05
2016 01 28  0900   57415  32400   7.29e+00  1.92e-01  1.66e-01  5.40e-02  4.34e-02  2.25e-02  1.03e+04  2.93e+02 -1.00e+05
2016 01 28  0905   57415  32700   6.72e+00  1.99e-01  1.73e-01  1.28e-01  1.17e-01  4.63e-02  1.34e+04  3.69e+02 -1.00e+05
2016 01 28  0910   57415  33000   4.51e+00  2.01e-01  1.74e-01  1.28e-01  9.49e-02  6.68e-02  1.17e+04  3.11e+02 -1.00e+05
2016 01 28  0915   57415  33300   2.60e+00  1.92e-01  1.66e-01  5.40e-02  4.34e-02  2.25e-02  9.94e+03  2.46e+02 -1.00e+05
2016 01 28  0920   57415  33600   1.72e+00  1.46e-01  1.19e-01  7.47e-02  6.42e-02  4.32e-02  8.67e+03  1.94e+02 -1.00e+05
2016 01 28  0925   57415  33900   2.05e+00  2.22e-01  1.95e-01  1.05e-01  9.46e-02  7.37e-02  8.57e+03  1.83e+02 -1.00e+05
2016 01 28  0930   57415  34200   1.44e+00  1.25e-01  9.87e-02  5.40e-02  4.34e-02  2.25e-02  8.54e+03  1.93e+02 -1.00e+05
2016 01 28  0935   57415  34500   1.91e+00  2.44e-01  1.34e-01  7.41e-02  6.19e-02  2.96e-02  8.07e+03  1.55e+02 -1.00e+05
2016 01 28  0940   57415  34800   1.56e+00  1.25e-01  9.87e-02  5.40e-02  4.34e-02  2.25e-02  7.03e+03  1.32e+02 -1.00e+05
2016 01 28  0945   57415  35100   1.44e+00  1.75e-01  1.48e-01  1.04e-01  9.31e-02  6.33e-02  6.89e+03  1.22e+02 -1.00e+05
2016 01 28  0950   57415  35400   1.57e+00  1.25e-01  9.87e-02  5.40e-02  4.34e-02  2.25e-02  7.12e+03  1.36e+02 -1.00e+05
2016 01 28  0955   57415  35700   2.19e+00  2.97e-01  1.02e-01  5.40e-02  4.34e-02  2.25e-02  6.83e+03  1.41e+02 -1.00e+05
2016 01 28  1000   57415  36000   7.23e-01  1.25e-01  9.87e-02  5.40e-02  4.34e-02  2.25e-02  6.59e+03  1.45e+02 -1.00e+05
2016 01 28  1005   57415  36300   8.35e-01  2.45e-01  1.23e-01  7.47e-02  6.42e-02  4.32e-02  6.51e+03  1.21e+02 -1.00e+05
2016 01 28  1010   57415  36600   5.46e-01  1.25e-01  9.87e-02  5.40e-02  4.34e-02  2.25e-02  6.57e+03  1.39e+02 -1.00e+05
2016 01 28  1015   57415  36900   4.46e-01  2.00e-01  1.73e-01  1.28e-01  9.41e-02  6.65e-02  4.65e+03  8.60e+01 -1.00e+05
2016 01 28  1020   57415  37200   6.18e-01  2.39e-01  1.16e-01  5.40e-02  4.34e-02  2.25e-02  5.14e+03  1.07e+02 -1.00e+05
2016 01 28  1025   57415  37500   3.95e-01  1.48e-01  1.22e-01  7.63e-02  4.85e-02  2.25e-02  6.14e+03  1.25e+02 -1.00e+05
2016 01 28  1030   57415  37800   7.24e-01  3.68e-01  2.94e-01  9.39e-02  4.96e-02  2.25e-02  6.48e+03  1.31e+02 -1.00e+05
2016 01 28  1035   57415  38100   5.61e-01  2.21e-01  1.95e-01  1.50e-01  1.32e-01  5.03e-02  6.72e+03  1.42e+02 -1.00e+05
2016 01 28  1040   57415  38400   5.88e-01  2.55e-01  1.81e-01  6.33e-02  5.28e-02  3.18e-02  6.73e+03  1.30e+02 -1.00e+05
2016 01 28  1045   57415  38700   5.33e-01  3.43e-01  2.10e-01  1.45e-01  1.02e-01  3.82e-02  7.59e+03  1.59e+02 -1.00e+05
2016 01 28  1050   57415  39000   6.33e-01  3.11e-01  1.88e-01  6.08e-02  5.03e-02  2.94e-02  8.84e+03  2.21e+02 -1.00e+05
2016 01 28  1055   57415  39300   6.88e-01  2.39e-01  1.16e-01  5.40e-02  4.34e-02  2.25e-02  8.24e+03  2.65e+02 -1.00e+05
2016 01 28  1100   57415  39600   5.87e-01  2.71e-01  1.50e-01  8.81e-02  7.75e-02  5.66e-02  6.13e+03  1.97e+02 -1.00e+05
2016 01 28  1105   57415  39900   5.51e-01  2.88e-01  2.62e-01  2.14e-01  1.17e-01  2.38e-02  5.41e+03  1.27e+02 -1.00e+05
2016 01 28  1110   57415  40200   1.08e+00  4.60e-01  2.85e-01  7.31e-02  6.26e-02  4.16e-02  5.15e+03  1.25e+02 -1.00e+05
2016 01 28  1115   57415  40500   4.13e-01  2.00e-01  1.73e-01  9.30e-02  8.25e-02  6.16e-02  4.87e+03  1.26e+02 -1.00e+05
2016 01 28  1120   57415  40800   5.86e-01  1.53e-01  1.26e-01  8.11e-02  5.83e-02  2.62e-02  4.31e+03  1.14e+02 -1.00e+05
2016 01 28  1125   57415  41100   4.91e-01  1.77e-01  1.51e-01  1.06e-01  8.84e-02  3.76e-02  3.75e+03  9.95e+01 -1.00e+05
2016 01 28  1130   57415  41400   1.06e+00  2.97e-01  1.02e-01  5.40e-02  4.34e-02  2.25e-02  2.98e+03  6.95e+01 -1.00e+05
2016 01 28  1135   57415  41700   4.26e-01  2.29e-01  2.02e-01  1.00e-01  8.99e-02  6.90e-02  2.64e+03  5.28e+01 -1.00e+05
2016 01 28  1140   57415  42000   4.55e-01  1.55e-01  1.29e-01  8.42e-02  7.36e-02  3.22e-02  2.48e+03  4.95e+01 -1.00e+05
2016 01 28  1145   57415  42300   3.75e-01  1.64e-01  1.38e-01  9.30e-02  8.25e-02  6.16e-02  2.47e+03  4.73e+01 -1.00e+05
2016 01 28  1150   57415  42600   5.75e-01  1.86e-01  1.59e-01  1.13e-01  7.53e-02  3.02e-02  2.35e+03  4.61e+01 -1.00e+05
2016 01 28  1155   57415  42900   6.92e-01  3.37e-01  2.63e-01  6.83e-02  5.77e-02  3.68e-02  1.87e+03  3.75e+01 -1.00e+05
2016 01 28  1200   57415  43200   8.53e-01  2.89e-01  1.61e-01  1.12e-01  9.45e-02  3.82e-02  1.53e+03  3.17e+01 -1.00e+05
2016 01 28  1205   57415  43500   7.14e-01  1.90e-01  1.17e-01  6.33e-02  5.28e-02  3.18e-02  1.58e+03  3.07e+01 -1.00e+05
2016 01 28  1210   57415  43800   4.90e-01  1.64e-01  1.37e-01  9.22e-02  8.16e-02  4.11e-02  1.68e+03  3.33e+01 -1.00e+05
2016 01 28  1215   57415  44100   1.23e+00  3.52e-01  1.57e-01  1.08e-01  6.86e-02  3.93e-02  1.72e+03  3.96e+01 -1.00e+05
2016 01 28  1220   57415  44400   8.35e-01  2.77e-01  1.49e-01  8.61e-02  7.55e-02  2.38e-02  1.79e+03  3.58e+01 -1.00e+05
2016 01 28  1225   57415  44700   1.12e+00  3.14e-01  1.92e-01  6.58e-02  5.52e-02  3.43e-02  1.93e+03  4.20e+01 -1.00e+05
2016 01 28  1230   57415  45000   6.15e-01  1.47e-01  1.20e-01  7.55e-02  6.50e-02  4.40e-02  1.87e+03  4.22e+01 -1.00e+05
2016 01 28  1235   57415  45300   9.55e-01  1.35e-01  1.08e-01  6.32e-02  4.55e-02  2.25e-02  1.79e+03  4.62e+01 -1.00e+05
2016 01 28  1240   57415  45600   8.89e-01  2.02e-01  1.55e-01  1.07e-01  9.61e-02  5.25e-02  1.69e+03  4.22e+01 -1.00e+05
2016 01 28  1245   57415  45900   8.69e-01  1.35e-01  1.08e-01  6.32e-02  4.55e-02  2.25e-02  1.69e+03  4.55e+01 -1.00e+05
2016 01 28  1250   57415  46200   1.11e+00  2.00e-01  1.73e-01  1.28e-01  9.41e-02  6.65e-02  1.63e+03  4.01e+01 -1.00e+05
2016 01 28  1255   57415  46500   1.02e+00  1.42e-01  1.15e-01  6.97e-02  4.70e-02  2.25e-02  1.63e+03  4.10e+01 -1.00e+05
2016 01 28  1300   57415  46800   9.51e-01  2.70e-01  2.44e-01  5.40e-02  4.34e-02  2.25e-02  1.61e+03  4.31e+01 -1.00e+05
2016 01 28  1305   57415  47100   1.96e+00  3.28e-01  1.34e-01  8.56e-02  7.51e-02  5.41e-02  1.42e+03  3.51e+01 -1.00e+05
2016 01 28  1310   57415  47400   1.55e+00  2.71e-01  1.51e-01  9.00e-02  7.94e-02  5.85e-02  1.39e+03  3.36e+01 -1.00e+05
2016 01 28  1315   57415  47700   7.92e-01  1.25e-01  9.87e-02  5.40e-02  4.34e-02  2.25e-02  1.49e+03  3.46e+01 -1.00e+05
2016 01 28  1320   57415  48000   1.66e+00  3.13e-01  1.18e-01  6.97e-02  4.70e-02  2.25e-02  1.39e+03  3.13e+01 -1.00e+05
2016 01 28  1325   57415  48300   1.83e+00  3.68e-01  2.06e-01  1.28e-01  1.17e-01  4.63e-02  1.39e+03  3.25e+01 -1.00e+05
2016 01 28  1330   57415  48600   1.22e+00  1.55e-01  1.29e-01  8.42e-02  7.36e-02  3.22e-02  1.30e+03  2.84e+01 -1.00e+05
2016 01 28  1335   57415  48900   1.91e+00  2.73e-01  1.52e-01  9.06e-02  8.00e-02  5.91e-02  1.14e+03  2.52e+01 -1.00e+05
2016 01 28  1340   57415  49200   2.05e+00  2.55e-01  1.32e-01  8.28e-02  4.99e-02  2.25e-02  1.06e+03  2.08e+01 -1.00e+05
2016 01 28  1345   57415  49500   1.39e+00  2.76e-01  1.53e-01  8.94e-02  5.14e-02  2.25e-02  9.34e+02  1.92e+01 -1.00e+05
2016 01 28  1350   57415  49800   1.10e+00  2.33e-01  1.71e-01  8.78e-02  7.73e-02  4.64e-02  1.08e+03  2.19e+01 -1.00e+05
2016 01 28  1355   57415  50100   7.98e-01  1.79e-01  1.52e-01  1.08e-01  9.70e-02  5.61e-02  1.04e+03  1.88e+01 -1.00e+05
2016 01 28  1400   57415  50400   1.15e+00  2.25e-01  1.51e-01  9.59e-02  5.29e-02  2.25e-02  1.08e+03  2.06e+01 -1.00e+05
2016 01 28  1405   57415  50700   9.91e-01  2.02e-01  1.75e-01  6.32e-02  4.55e-02  2.25e-02  1.13e+03  2.57e+01 -1.00e+05
2016 01 28  1410   57415  51000   1.19e+00  1.84e-01  1.39e-01  9.04e-02  7.99e-02  3.42e-02  1.21e+03  2.39e+01 -1.00e+05
2016 01 28  1415   57415  51300   9.62e-01  1.35e-01  1.08e-01  6.32e-02  4.55e-02  2.25e-02  1.21e+03  2.45e+01 -1.00e+05
2016 01 28  1420   57415  51600   1.43e+00  1.98e-01  1.24e-01  6.97e-02  4.70e-02  2.25e-02  1.30e+03  3.19e+01 -1.00e+05
2016 01 28  1425   57415  51900   1.42e+00  1.62e-01  1.35e-01  5.40e-02  4.34e-02  2.25e-02  1.32e+03  3.22e+01 -1.00e+05
2016 01 28  1430   57415  52200   1.56e+00  2.32e-01  2.06e-01  1.61e-01  1.51e-01  6.33e-02  1.34e+03  2.42e+01 -1.00e+05
2016 01 28  1435   57415  52500   2.85e+00  2.26e-01  1.02e-01  5.40e-02  4.34e-02  2.25e-02  1.32e+03  3.44e+01 -1.00e+05
2016 01 28  1440   57415  52800   2.67e+00  2.26e-01  1.02e-01  5.40e-02  4.34e-02  2.25e-02  1.38e+03  3.96e+01 -1.00e+05
2016 01 28  1445   57415  53100   3.51e+00  2.55e-01  1.32e-01  8.28e-02  4.99e-02  2.25e-02  1.37e+03  3.67e+01 -1.00e+05
2016 01 28  1450   57415  53400   3.60e+00  2.51e-01  1.02e-01  5.40e-02  4.34e-02  2.25e-02  1.35e+03  3.68e+01 -1.00e+05
2016 01 28  1455   57415  53700   4.87e+00  3.35e-01  1.19e-01  7.07e-02  6.02e-02  3.93e-02  1.38e+03  3.69e+01 -1.00e+05
2016 01 28  1500   57415  54000   2.66e+00  1.25e-01  9.87e-02  5.40e-02  4.34e-02  2.25e-02  1.45e+03  4.11e+01 -1.00e+05
2016 01 28  1505   57415  54300   5.75e+00  4.28e-01  2.04e-01  1.09e-01  9.43e-02  6.33e-02  1.51e+03  4.20e+01 -1.00e+05
2016 01 28  1510   57415  54600   3.10e+00  1.27e-01  1.01e-01  5.59e-02  4.53e-02  2.44e-02  1.45e+03  3.73e+01 -1.00e+05
2016 01 28  1515   57415  54900   5.33e+00  2.76e-01  1.53e-01  8.94e-02  5.14e-02  2.25e-02  1.56e+03  4.81e+01 -1.00e+05
2016 01 28  1520   57415  55200   8.23e+00  6.12e-01  2.84e-01  9.39e-02  6.61e-02  2.82e-02  1.82e+03  4.43e+01 -1.00e+05
2016 01 28  1525   57415  55500   4.08e+00  1.28e-01  1.01e-01  5.66e-02  4.40e-02  2.25e-02  1.95e+03  5.83e+01 -1.00e+05
2016 01 28  1530   57415  55800   8.18e+00  3.18e-01  1.45e-01  9.59e-02  5.29e-02  2.25e-02  1.94e+03  5.27e+01 -1.00e+05
2016 01 28  1535   57415  56100   5.87e+00  2.43e-01  1.69e-01  1.15e-01  1.05e-01  4.23e-02  1.97e+03  5.76e+01 -1.00e+05
2016 01 28  1540   57415  56400   4.58e+00  1.25e-01  9.87e-02  5.40e-02  4.34e-02  2.25e-02  2.05e+03  6.31e+01 -1.00e+05
2016 01 28  1545   57415  56700   8.37e+00  2.62e-01  1.39e-01  7.63e-02  4.85e-02  2.25e-02  1.94e+03  6.01e+01 -1.00e+05
2016 01 28  1550   57415  57000   7.56e+00  1.82e-01  1.07e-01  5.40e-02  4.34e-02  2.25e-02  1.95e+03  5.87e+01 -1.00e+05
2016 01 28  1555   57415  57300   6.34e+00  3.64e-01  3.37e-01  1.58e-01  1.10e-01  4.03e-02  1.99e+03  6.03e+01 -1.00e+05
2016 01 28  1600   57415  57600   6.37e+00  2.34e-01  2.08e-01  7.48e-02  5.21e-02  2.41e-02  2.06e+03  6.50e+01 -1.00e+05
2016 01 28  1605   57415  57900   6.73e+00  1.42e-01  1.15e-01  6.97e-02  4.70e-02  2.25e-02  2.33e+03  6.78e+01 -1.00e+05
2016 01 28  1610   57415  58200   1.20e+01  2.74e-01  1.02e-01  5.40e-02  4.34e-02  2.25e-02  2.23e+03  6.63e+01 -1.00e+05
2016 01 28  1615   57415  58500   9.40e+00  2.55e-01  1.62e-01  1.06e-01  9.51e-02  4.88e-02  2.15e+03  6.52e+01 -1.00e+05
2016 01 28  1620   57415  58800   1.18e+01  2.86e-01  1.63e-01  1.13e-01  7.38e-02  4.67e-02  2.19e+03  6.61e+01 -1.00e+05
2016 01 28  1625   57415  59100   7.34e+00  2.70e-01  2.44e-01  5.40e-02  4.34e-02  2.25e-02  2.21e+03  7.37e+01 -1.00e+05
2016 01 28  1630   57415  59400   8.26e+00  2.20e-01  1.94e-01  6.83e-02  5.77e-02  3.68e-02  2.36e+03  7.21e+01 -1.00e+05
2016 01 28  1635   57415  59700   8.66e+00  1.28e-01  1.01e-01  5.66e-02  4.40e-02  2.25e-02  2.64e+03  8.30e+01 -1.00e+05
2016 01 28  1640   57415  60000   9.23e+00  1.92e-01  1.66e-01  5.40e-02  4.34e-02  2.25e-02  2.82e+03  8.90e+01 -1.00e+05
2016 01 28  1645   57415  60300   1.89e+01  2.60e-01  1.12e-01  6.32e-02  4.55e-02  2.25e-02  3.07e+03  9.84e+01 -1.00e+05
2016 01 28  1650   57415  60600   1.67e+01  2.62e-01  1.39e-01  7.63e-02  4.85e-02  2.25e-02  3.65e+03  1.12e+02 -1.00e+05
2016 01 28  1655   57415  60900   1.01e+01  1.49e-01  1.23e-01  7.79e-02  6.73e-02  3.02e-02  3.89e+03  1.21e+02 -1.00e+05
2016 01 28  1700   57415  61200   2.11e+01  5.82e-01  2.32e-01  5.40e-02  4.34e-02  2.25e-02  4.39e+03  1.31e+02 -1.00e+05
2016 01 28  1705   57415  61500   1.84e+01  4.44e-01  2.25e-01  5.40e-02  4.34e-02  2.25e-02  4.68e+03  1.34e+02 -1.00e+05
2016 01 28  1710   57415  61800   1.13e+01  1.92e-01  1.66e-01  5.40e-02  4.34e-02  2.25e-02  4.87e+03  1.42e+02 -1.00e+05
2016 01 28  1715   57415  62100   1.11e+01  1.25e-01  9.87e-02  5.40e-02  4.34e-02  2.25e-02  5.05e+03  1.53e+02 -1.00e+05
2016 01 28  1720   57415  62400   1.10e+01  2.27e-01  2.00e-01  9.80e-02  8.74e-02  6.65e-02  5.48e+03  1.59e+02 -1.00e+05
2016 01 28  1725   57415  62700   1.16e+01  1.54e-01  1.25e-01  7.84e-02  6.77e-02  4.68e-02  5.29e+03  1.62e+02 -1.00e+05
2016 01 28  1730   57415  63000   1.70e+01  2.97e-01  1.96e-01  9.33e-02  8.26e-02  6.17e-02  5.98e+03  1.72e+02 -1.00e+05
2016 01 28  1735   57415  63300   1.18e+01  1.56e-01  1.28e-01  8.04e-02  4.92e-02  2.23e-02  5.80e+03  1.69e+02 -1.00e+05
2016 01 28  1740   57415  63600   2.26e+01  5.00e-01  2.09e-01  8.59e-02  7.52e-02  5.42e-02  6.00e+03  1.81e+02 -1.00e+05
2016 01 28  1745   57415  63900   1.42e+01  1.86e-01  1.32e-01  8.09e-02  7.02e-02  4.93e-02  6.17e+03  1.77e+02 -1.00e+05
2016 01 28  1750   57415  64200   2.37e+01  5.41e-01  2.75e-01  7.35e-02  6.28e-02  4.19e-02  5.99e+03  1.89e+02 -1.00e+05
2016 01 28  1755   57415  64500   1.19e+01  1.95e-01  1.67e-01  1.20e-01  1.07e-01  6.76e-02  6.55e+03  2.00e+02 -1.00e+05
2016 01 28  1800   57415  64800   1.29e+01  1.64e-01  1.35e-01  8.83e-02  7.77e-02  5.67e-02  7.11e+03  2.23e+02 -1.00e+05
2016 01 28  1805   57415  65100   1.29e+01  1.36e-01  1.08e-01  6.08e-02  4.48e-02  2.23e-02  7.28e+03  2.30e+02 -1.00e+05
2016 01 28  1810   57415  65400   1.28e+01  1.29e-01  1.01e-01  5.39e-02  4.32e-02  2.23e-02  7.45e+03  2.38e+02 -1.00e+05
2016 01 28  1815   57415  65700   1.26e+01  1.31e-01  1.03e-01  5.61e-02  4.55e-02  2.45e-02  7.20e+03  2.32e+02 -1.00e+05
2016 01 28  1820   57415  66000   1.25e+01  1.50e-01  1.21e-01  7.39e-02  4.77e-02  2.23e-02  7.26e+03  2.37e+02 -1.00e+05
2016 01 28  1825   57415  66300   1.20e+01  1.67e-01  1.39e-01  6.03e-02  4.96e-02  2.58e-02  7.38e+03  2.34e+02 -1.00e+05
2016 01 28  1830   57415  66600   1.15e+01  1.67e-01  1.38e-01  9.01e-02  4.93e-02  2.23e-02  7.76e+03  2.28e+02 -1.00e+05
2016 01 28  1835   57415  66900   1.76e+01  2.60e-01  1.61e-01  6.02e-02  4.92e-02  2.42e-02  7.99e+03  2.51e+02 -1.00e+05
2016 01 28  1840   57415  67200   1.53e+01  2.90e-01  2.34e-01  5.39e-02  4.32e-02  2.23e-02  7.88e+03  2.58e+02 -1.00e+05
2016 01 28  1845   57415  67500   1.96e+01  2.18e-01  1.14e-01  5.39e-02  4.32e-02  2.23e-02  8.32e+03  2.77e+02 -1.00e+05
2016 01 28  1850   57415  67800   1.36e+01  1.94e-01  1.65e-01  6.73e-02  4.62e-02  2.23e-02  8.17e+03  2.72e+02 -1.00e+05
2016 01 28  1855   57415  68100   1.29e+01  1.97e-01  1.69e-01  1.20e-01  6.58e-02  2.62e-02  8.25e+03  2.63e+02 -1.00e+05
2016 01 28  1900   57415  68400   2.24e+01  2.73e-01  1.43e-01  9.21e-02  7.10e-02  3.02e-02  8.26e+03  2.68e+02 -1.00e+05
2016 01 28  1905   57415  68700   1.96e+01  3.02e-01  2.00e-01  1.40e-01  1.29e-01  6.65e-02  7.77e+03  2.53e+02 -1.00e+05
2016 01 28  1910   57415  69000   2.18e+01  3.05e-01  1.66e-01  5.39e-02  4.32e-02  2.23e-02  7.93e+03  2.60e+02 -1.00e+05
2016 01 28  1915   57415  69300   1.47e+01  1.46e-01  1.16e-01  6.85e-02  5.78e-02  3.69e-02  7.91e+03  2.56e+02 -1.00e+05
2016 01 28  1920   57415  69600  -1.00e+05 -1.00e+05 -1.00e+05 -1.00e+05 -1.00e+05 -1.00e+05 -1.00e+05 -1.00e+05 -1.00e+05
2016 01 28  1925   57415  69900   1.38e+01  1.38e-01  1.09e-01  6.23e-02  5.16e-02  3.07e-02  7.22e+03  2.18e+02 -1.00e+05
2016 01 28  1930   57415  70200   1.33e+01  2.94e-01  2.65e-01  1.43e-01  1.33e-01  5.75e-02  7.09e+03  2.25e+02 -1.00e+05
2016 01 28  1935   57415  70500   2.33e+01  3.35e-01  1.71e-01  1.19e-01  7.39e-02  4.68e-02  7.14e+03  2.29e+02 -1.00e+05
2016 01 28  1940   57415  70800   1.67e+01  3.14e-01  2.10e-01  9.70e-02  4.93e-02  2.23e-02  6.91e+03  2.15e+02 -1.00e+05
2016 01 28  1945   57415  71100   1.19e+01  2.81e-01  2.53e-01  1.07e-01  8.38e-02  5.92e-02  7.20e+03  2.25e+02 -1.00e+05
2016 01 28  1950   57415  71400   1.23e+01  1.29e-01  1.01e-01  5.42e-02  4.33e-02  2.23e-02  7.31e+03  2.36e+02 -1.00e+05
2016 01 28  1955   57415  71700   1.96e+01  2.32e-01  1.24e-01  7.38e-02  6.31e-02  3.35e-02  7.27e+03  2.33e+02 -1.00e+05
2016 01 28  2000   57415  72000   1.99e+01  3.04e-01  1.64e-01  9.64e-02  8.01e-02  4.86e-02  7.47e+03  2.43e+02 -1.00e+05
2016 01 28  2005   57415  72300   1.32e+01  1.80e-01  1.52e-01  5.42e-02  4.33e-02  2.23e-02  7.48e+03  2.50e+02 -1.00e+05
2016 01 28  2010   57415  72600   1.37e+01  1.43e-01  1.15e-01  6.73e-02  4.62e-02  2.23e-02  7.20e+03  2.32e+02 -1.00e+05
2016 01 28  2015   57415  72900   1.28e+01  1.34e-01  1.05e-01  5.86e-02  4.79e-02  2.70e-02  6.88e+03  2.27e+02 -1.00e+05
2016 01 28  2020   57415  73200   1.79e+01  3.79e-01  2.77e-01  9.34e-02  7.30e-02  4.93e-02  7.06e+03  2.25e+02 -1.00e+05
2016 01 28  2025   57415  73500   2.15e+01  3.95e-01  2.21e-01  9.70e-02  8.10e-02  2.35e-02  6.82e+03  2.21e+02 -1.00e+05
2016 01 28  2030   57415  73800   1.72e+01  2.87e-01  1.84e-01  7.10e-02  6.03e-02  3.94e-02  6.61e+03  2.18e+02 -1.00e+05
2016 01 28  2035   57415  74100   1.45e+01  1.61e-01  1.06e-01  5.39e-02  4.32e-02  2.23e-02  6.37e+03  2.03e+02 -1.00e+05
2016 01 28  2040   57415  74400   1.19e+01  1.43e-01  1.15e-01  6.73e-02  4.62e-02  2.23e-02  6.18e+03  2.02e+02 -1.00e+05
2016 01 28  2045   57415  74700   1.17e+01  1.93e-01  1.64e-01  5.42e-02  4.33e-02  2.23e-02  5.85e+03  1.84e+02 -1.00e+05
2016 01 28  2050   57415  75000   1.21e+01  1.80e-01  1.52e-01  5.39e-02  4.32e-02  2.23e-02  5.70e+03  1.83e+02 -1.00e+05
2016 01 28  2055   57415  75300   1.18e+01  2.19e-01  1.90e-01  1.42e-01  9.61e-02  6.16e-02  5.78e+03  1.73e+02 -1.00e+05
2016 01 28  2100   57415  75600   1.16e+01  1.42e-01  1.13e-01  6.64e-02  5.55e-02  2.62e-02  5.80e+03  1.83e+02 -1.00e+05
2016 01 28  2105   57415  75900   2.10e+01  2.45e-01  1.04e-01  5.39e-02  4.32e-02  2.23e-02  5.81e+03  1.92e+02 -1.00e+05
2016 01 28  2110   57415  76200   1.11e+01  1.71e-01  1.43e-01  9.58e-02  8.51e-02  6.41e-02  5.82e+03  1.88e+02 -1.00e+05
2016 01 28  2115   57415  76500   1.11e+01  2.58e-01  2.30e-01  8.10e-02  7.03e-02  3.92e-02  5.77e+03  1.79e+02 -1.00e+05
2016 01 28  2120   57415  76800   1.06e+01  1.62e-01  1.34e-01  5.39e-02  4.32e-02  2.23e-02  5.78e+03  1.78e+02 -1.00e+05
2016 01 28  2125   57415  77100   9.81e+00  1.29e-01  1.01e-01  5.39e-02  4.32e-02  2.23e-02  5.60e+03  1.73e+02 -1.00e+05
2016 01 28  2130   57415  77400   1.71e+01  3.88e-01  2.00e-01  5.42e-02  4.33e-02  2.23e-02  5.38e+03  1.60e+02 -1.00e+05
2016 01 28  2135   57415  77700   9.92e+00  1.76e-01  1.48e-01  1.01e-01  9.00e-02  6.91e-02  5.39e+03  1.62e+02 -1.00e+05
2016 01 28  2140   57415  78000   1.05e+01  1.95e-01  1.67e-01  7.35e-02  6.28e-02  4.19e-02  5.33e+03  1.56e+02 -1.00e+05
2016 01 28  2145   57415  78300   1.23e+01  1.61e-01  1.11e-01  5.99e-02  4.92e-02  2.42e-02  5.21e+03  1.62e+02 -1.00e+05
2016 01 28  2150   57415  78600   1.09e+01  2.03e-01  1.75e-01  8.34e-02  7.27e-02  5.18e-02  5.37e+03  1.72e+02 -1.00e+05
2016 01 28  2155   57415  78900   1.00e+01  1.54e-01  1.25e-01  7.84e-02  6.77e-02  4.68e-02  4.99e+03  1.56e+02 -1.00e+05
2016 01 28  2200   57415  79200   1.06e+01  1.91e-01  1.63e-01  1.14e-01  5.74e-02  2.42e-02  4.81e+03  1.45e+02 -1.00e+05
2016 01 28  2205   57415  79500   1.04e+01  2.70e-01  2.42e-01  9.22e-02  5.74e-02  2.95e-02  4.66e+03  1.47e+02 -1.00e+05
2016 01 28  2210   57415  79800   1.06e+01  1.29e-01  1.01e-01  5.39e-02  4.32e-02  2.23e-02  4.51e+03  1.43e+02 -1.00e+05
2016 01 28  2215   57415  80100   1.04e+01  1.39e-01  1.10e-01  6.36e-02  5.29e-02  3.19e-02  4.39e+03  1.36e+02 -1.00e+05
2016 01 28  2220   57415  80400   1.05e+01  1.29e-01  1.01e-01  5.42e-02  4.33e-02  2.23e-02  4.27e+03  1.33e+02 -1.00e+05
2016 01 28  2225   57415  80700   1.42e+01  2.18e-01  1.14e-01  5.39e-02  4.32e-02  2.23e-02  4.03e+03  1.33e+02 -1.00e+05
2016 01 28  2230   57415  81000   1.03e+01  2.23e-01  1.94e-01  9.61e-02  5.41e-02  2.70e-02  4.20e+03  1.26e+02 -1.00e+05
2016 01 28  2235   57415  81300   9.63e+00  2.58e-01  2.30e-01  5.39e-02  4.32e-02  2.23e-02  3.88e+03  1.25e+02 -1.00e+05
2016 01 28  2240   57415  81600   9.42e+00  1.76e-01  1.48e-01  1.01e-01  9.00e-02  6.91e-02  3.82e+03  1.18e+02 -1.00e+05
2016 01 28  2245   57415  81900   9.79e+00  2.19e-01  1.90e-01  9.40e-02  5.97e-02  3.19e-02  3.67e+03  1.09e+02 -1.00e+05
2016 01 28  2250   57415  82200   1.13e+01  1.74e-01  1.20e-01  6.89e-02  5.82e-02  3.70e-02  3.50e+03  1.11e+02 -1.00e+05
2016 01 28  2255   57415  82500   1.02e+01  3.29e-01  3.00e-01  1.14e-01  7.20e-02  4.19e-02  3.56e+03  1.13e+02 -1.00e+05
2016 01 28  2300   57415  82800   9.06e+00  2.58e-01  2.30e-01  5.39e-02  4.32e-02  2.23e-02  3.43e+03  1.08e+02 -1.00e+05
2016 01 28  2305   57415  83100   8.57e+00  2.04e-01  1.76e-01  7.91e-02  5.45e-02  2.95e-02  3.41e+03  1.01e+02 -1.00e+05
2016 01 28  2310   57415  83400   7.77e+00  1.29e-01  1.01e-01  5.39e-02  4.32e-02  2.23e-02  3.36e+03  9.76e+01 -1.00e+05
2016 01 28  2315   57415  83700   7.04e+00  1.80e-01  1.52e-01  5.39e-02  4.32e-02  2.23e-02  3.31e+03  9.93e+01 -1.00e+05
2016 01 28  2320   57415  84000   1.40e+01  3.29e-01  1.18e-01  6.73e-02  4.62e-02  2.23e-02  3.25e+03  9.30e+01 -1.00e+05
2016 01 28  2325   57415  84300   6.28e+00  1.50e-01  1.21e-01  7.39e-02  4.77e-02  2.23e-02  3.21e+03  9.26e+01 -1.00e+05
2016 01 28  2330   57415  84600   6.50e+00  3.67e-01  3.31e-01  1.18e-01  1.08e-01  7.31e-02  3.13e+03  8.63e+01 -1.00e+05
2016 01 28  2335   57415  84900   8.62e+00  2.72e-01  1.68e-01  5.39e-02  4.32e-02  2.23e-02  3.14e+03  8.70e+01 -1.00e+05
2016 01 28  2340   57415  85200   6.24e+00  1.65e-01  1.37e-01  9.01e-02  7.83e-02  4.67e-02  3.14e+03  8.54e+01 -1.00e+05
2016 01 28  2345   57415  85500   5.66e+00  1.29e-01  1.01e-01  5.39e-02  4.32e-02  2.23e-02  3.06e+03  8.20e+01 -1.00e+05
2016 01 28  2350   57415  85800   5.56e+00  2.58e-01  2.30e-01  5.39e-02  4.32e-02  2.23e-02  3.01e+03  8.16e+01 -1.00e+05
2016 01 28  2355   57415  86100   8.59e+00  2.19e-01  1.04e-01  5.39e-02  4.32e-02  2.23e-02  2.96e+03  7.99e+01 -1.00e+05
